0	3
1	4
2	3
3	8
4	2
5	5
6	3
7	5
8	3
9	4
10	4
11	5
12	2
13	5
14	2
15	6
16	2
17	6
18	2
19	5
20	3
21	6
22	3
23	8
24	3
25	5
26	3
27	6
28	4
29	6
30	4
31	6
32	4
33	6
34	2
35	8
36	3
37	8
38	4
39	7
40	2
41	7
42	4
43	5
44	2
45	4
46	3
47	6
48	2
49	6
50	1
51	5
52	3
53	4
54	2
55	4
56	2
57	6
58	3
59	6
60	3
61	5
62	2
63	4
64	2
65	4
66	2
67	4
68	3
69	5
70	3
71	5
72	2
73	5
74	2
75	4
76	3
77	5
78	2
79	5
80	2
81	5
82	2
83	6
84	2
85	6
86	2
87	6
88	4
89	5
90	3
91	7
92	3
93	6
94	4
95	7
96	4
97	7
98	4
99	6
100	4
101	7
102	5
103	6
104	3
105	6
106	3
107	7
108	3
109	6
110	2
111	6
112	4
113	5
114	3
115	6
116	2
117	6
118	3
119	8
120	1
121	7
122	4
123	7
124	2
125	7
126	3
127	5
128	3
129	6
130	3
131	6
132	4
133	6
134	4
135	5
136	4
137	7
138	3
139	6
140	3
141	6
142	3
143	5
144	2
145	5
146	4
147	5
148	3
149	6
150	3
151	6
152	2
153	4
154	1
155	5
156	2
157	7
158	2
159	4
160	2
161	5
162	2
163	5
164	2
165	6
166	3
167	4
168	1
169	6
170	2
171	4
172	3
173	8
174	1
175	6
176	2
177	6
178	3
179	7
180	4
181	7
182	4
183	6
184	4
185	5
186	2
187	7
188	3
189	6
190	2
191	4
192	3
193	5
194	3
195	5
196	4
197	4
198	4
199	5
200	3
201	6
202	2
203	6
204	3
205	6
206	2
207	6
208	4
209	7
210	4
211	6
212	3
213	6
214	2
215	7
216	2
217	8
218	2
219	6
220	2
221	6
222	4
223	7
224	3
225	6
226	3
227	7
228	3
229	5
230	1
231	5
232	2
233	5
234	2
235	5
236	2
237	6
238	3
239	5
240	2
241	7
242	4
243	7
244	3
245	9
246	3
247	7
248	4
249	8
250	2
251	7
252	2
253	7
254	1
255	6
256	1
257	6
258	2
259	5
260	2
261	4
262	3
263	6
264	3
265	7
266	3
267	7
268	3
269	5
270	4
271	5
272	2
273	5
274	4
275	5
276	3
277	4
278	3
279	4
280	1
281	6
282	1
283	5
284	2
285	4
286	3
287	6
288	1
289	6
290	2
291	5
292	2
293	6
294	2
295	5
296	2
297	5
298	2
299	4
300	3
301	5
302	3
303	7
304	2
305	5
306	3
307	5
308	4
309	7
310	3
311	7
312	4
313	8
314	3
315	7
316	3
317	6
318	3
319	7
320	3
321	4
322	4
323	4
324	2
325	5
326	3
327	5
328	4
329	6
330	4
331	6
332	4
333	4
334	4
335	7
336	3
337	6
338	4
339	6
340	3
341	7
342	4
343	7
344	2
345	6
346	3
347	7
348	4
349	7
350	3
351	6
352	3
353	7
354	4
355	8
356	4
357	7
358	4
359	6
360	3
361	7
362	2
363	6
364	3
365	7
366	3
367	6
368	1
369	5
370	1
371	4
372	2
373	4
374	2
375	4
376	2
377	6
378	4
379	6
380	1
381	4
382	3
383	5
384	3
385	6
386	2
387	6
388	3
389	7
390	3
391	7
392	2
393	7
394	4
395	6
396	4
397	8
398	3
399	8
400	5
401	8
402	4
403	9
404	4
405	7
406	5
407	6
408	3
409	6
410	4
411	4
412	5
413	6
414	4
415	6
416	4
417	7
418	3
419	6
420	2
421	6
422	3
423	6
424	2
425	4
426	3
427	7
428	4
429	4
430	3
431	5
432	3
433	5
434	2
435	6
436	2
437	6
438	3
439	7
440	3
441	9
442	4
443	8
444	4
445	10
446	6
447	10
448	9
449	11
450	11
451	13
452	14
453	16
454	16
455	20
456	21
457	25
458	25
459	27
460	30
461	34
462	34
463	38
464	38
465	42
466	44
467	46
468	46
469	49
470	49
471	53
472	52
473	56
474	55
475	57
476	56
477	59
478	58
479	62
480	61
481	64
482	63
483	65
484	64
485	67
486	66
487	68
488	67
489	69
490	67
491	68
492	67
493	68
494	69
495	70
496	72
497	72
498	73
499	78
500	62
501	74
502	69
503	70
504	69
505	69
506	69
507	69
508	68
509	69
510	64
511	66
512	63
513	63
514	62
515	62
516	61
517	61
518	60
519	60
520	56
521	55
522	53
523	54
524	49
525	50
526	48
527	49
528	47
529	48
530	45
531	46
532	42
533	46
534	40
535	41
536	36
537	38
538	33
539	34
540	32
541	32
542	29
543	30
544	27
545	28
546	27
547	27
548	25
549	27
550	25
551	25
552	22
553	23
554	21
555	21
556	20
557	21
558	19
559	20
560	18
561	20
562	16
563	18
564	14
565	18
566	11
567	17
568	13
569	15
570	11
571	13
572	11
573	13
574	9
575	12
576	8
577	11
578	7
579	11
580	6
581	9
582	6
583	9
584	6
585	7
586	5
587	7
588	6
589	8
590	4
591	7
592	4
593	5
594	4
595	5
596	3
597	6
598	3
599	6
600	4
601	4
602	2
603	4
604	2
605	5
606	2
607	4
608	3
609	4
610	2
611	5
612	2
613	6
614	2
615	5
616	4
617	5
618	3
619	6
620	3
621	5
622	2
623	5
624	2
625	4
626	2
627	2
628	1
629	3
630	1
631	3
632	1
633	4
634	0
635	2
636	0
637	3
638	0
639	3
640	0
641	3
642	0
643	1
644	0
645	3
646	1
647	3
648	0
649	3
650	2
651	3
652	0
653	3
654	0
655	5
656	0
657	5
658	0
659	4
660	0
661	1
662	0
663	3
664	1
665	4
666	1
667	3
668	2
669	3
670	1
671	1
672	1
673	1
674	1
675	4
676	1
677	2
678	1
679	2
680	0
681	1
682	0
683	3
684	0
685	2
686	0
687	1
688	0
689	2
690	0
691	2
692	0
693	3
694	0
695	3
696	1
697	4
698	1
699	4
700	1
701	3
702	1
703	2
704	2
705	3
706	1
707	5
708	1
709	4
710	1
711	4
712	1
713	4
714	2
715	4
716	1
717	4
718	2
719	4
720	2
721	4
722	1
723	1
724	0
725	4
726	0
727	2
728	0
729	2
730	0
731	3
732	1
733	2
734	0
735	3
736	1
737	3
738	0
739	2
740	0
741	3
742	0
743	3
744	0
745	4
746	2
747	4
748	1
749	4
750	1
751	4
752	2
753	4
754	2
755	4
756	1
757	4
758	2
759	4
760	0
761	4
762	1
763	2
764	1
765	3
766	1
767	2
768	0
769	2
770	0
771	3
772	0
773	2
774	1
775	1
776	0
777	1
778	0
779	2
780	0
781	2
782	1
783	2
784	0
785	1
786	0
787	2
788	0
789	3
790	2
791	3
792	0
793	2
794	1
795	1
796	0
797	2
798	0
799	3
800	0
801	2
802	0
803	2
804	0
805	3
806	0
807	1
808	1
809	2
810	0
811	3
812	0
813	2
814	1
815	2
816	0
817	2
818	0
819	2
820	1
821	0
822	0
823	3
824	0
825	2
826	0
827	2
828	0
829	1
830	0
831	1
832	0
833	2
834	1
835	2
836	1
837	3
838	0
839	2
840	0
841	2
842	0
843	3
844	0
845	2
846	0
847	4
848	0
849	4
850	0
851	2
852	1
853	2
854	0
855	2
856	1
857	1
858	0
859	3
860	0
861	0
862	0
863	2
864	0
865	2
866	0
867	3
868	1
869	1
870	1
871	2
872	0
873	1
874	0
875	1
876	0
877	1
878	0
879	2
880	0
881	3
882	0
883	2
884	0
885	4
886	1
887	1
888	0
889	2
890	1
891	1
892	0
893	1
894	1
895	3
896	0
897	2
898	0
899	1
900	0
901	2
902	0
903	2
904	0
905	3
906	0
907	1
908	1
909	1
910	0
911	2
912	0
913	1
914	0
915	2
916	0
917	2
918	0
919	2
920	0
921	2
922	0
923	1
924	0
925	1
926	0
927	1
928	0
929	2
930	0
931	1
932	1
933	0
934	0
935	1
936	0
937	2
938	0
939	2
940	0
941	2
942	0
943	2
944	1
945	1
946	1
947	3
948	1
949	3
950	0
951	3
952	0
953	2
954	0
955	2
956	1
957	2
958	0
959	2
960	0
961	2
962	0
963	2
964	1
965	1
966	0
967	1
968	0
969	1
970	0
971	1
972	0
973	2
974	0
975	1
976	0
977	1
978	0
979	2
980	1
981	3
982	0
983	3
984	0
985	3
986	0
987	3
988	0
989	1
990	0
991	0
992	0
993	0
994	0
995	0
996	0
997	2
998	1
999	1
1000	0
1001	2
1002	0
1003	3
1004	0
1005	2
1006	1
1007	2
1008	0
1009	2
1010	0
1011	2
1012	0
1013	3
1014	0
1015	2
1016	0
1017	2
1018	0
1019	2
1020	0
1021	2
1022	0
1023	1
1024	0
1025	1
1026	0
1027	0
1028	0
1029	0
1030	0
1031	0
1032	0
1033	2
1034	0
1035	1
1036	0
1037	1
1038	0
1039	2
1040	1
1041	2
1042	0
1043	2
1044	0
1045	1
1046	0
1047	1
1048	0
1049	2
1050	0
1051	4
1052	0
1053	2
1054	0
1055	1
1056	0
1057	2
1058	0
1059	1
1060	0
1061	0
1062	0
1063	3
1064	0
1065	1
1066	0
1067	2
1068	0
1069	2
1070	0
1071	2
1072	0
1073	3
1074	0
1075	1
1076	0
1077	2
1078	0
1079	0
1080	0
1081	2
1082	0
1083	1
1084	0
1085	1
1086	0
1087	1
1088	0
1089	1
1090	0
1091	2
1092	0
1093	2
1094	1
1095	1
1096	1
1097	3
1098	0
1099	2
1100	0
1101	4
1102	0
1103	2
1104	1
1105	2
1106	0
1107	2
1108	0
1109	2
1110	0
1111	3
1112	0
1113	2
1114	0
1115	1
1116	0
1117	3
1118	0
1119	2
1120	0
1121	2
1122	0
1123	2
1124	0
1125	0
1126	0
1127	0
1128	0
1129	1
1130	0
1131	1
1132	0
1133	3
1134	0
1135	1
1136	0
1137	0
1138	1
1139	0
1140	0
1141	0
1142	0
1143	2
1144	0
1145	2
1146	0
1147	2
1148	0
1149	1
1150	0
1151	1
1152	0
1153	2
1154	0
1155	2
1156	0
1157	1
1158	0
1159	2
1160	0
1161	1
1162	0
1163	1
1164	0
1165	0
1166	0
1167	1
1168	0
1169	1
1170	0
1171	2
1172	0
1173	1
1174	0
1175	1
1176	0
1177	0
1178	0
1179	0
1180	1
1181	1
1182	1
1183	2
1184	1
1185	1
1186	0
1187	2
1188	0
1189	2
1190	0
1191	3
1192	0
1193	3
1194	0
1195	3
1196	0
1197	3
1198	2
1199	3
1200	1
1201	3
1202	1
1203	4
1204	0
1205	3
1206	0
1207	3
1208	0
1209	3
1210	0
1211	2
1212	1
1213	2
1214	0
1215	0
1216	1
1217	2
1218	0
1219	2
1220	0
1221	1
1222	0
1223	1
1224	0
1225	3
1226	0
1227	1
1228	0
1229	2
1230	0
1231	1
1232	0
1233	2
1234	0
1235	2
1236	0
1237	1
1238	0
1239	2
1240	0
1241	1
1242	0
1243	2
1244	0
1245	2
1246	0
1247	1
1248	0
1249	1
1250	0
1251	0
1252	0
1253	0
1254	0
1255	1
1256	0
1257	1
1258	0
1259	0
1260	0
1261	0
1262	0
1263	2
1264	0
1265	2
1266	0
1267	2
1268	0
1269	1
1270	0
1271	2
1272	0
1273	0
1274	0
1275	2
1276	0
1277	2
1278	1
1279	2
1280	0
1281	2
1282	0
1283	3
1284	1
1285	3
1286	1
1287	4
1288	2
1289	3
1290	0
1291	2
1292	1
1293	3
1294	1
1295	2
1296	1
1297	1
1298	0
1299	1
1300	0
1301	2
1302	0
1303	3
1304	1
1305	2
1306	0
1307	2
1308	1
1309	3
1310	0
1311	2
1312	0
1313	1
1314	0
1315	1
1316	0
1317	1
1318	1
1319	0
1320	1
1321	0
1322	0
1323	2
1324	0
1325	2
1326	0
1327	2
1328	0
1329	2
1330	0
1331	3
1332	1
1333	2
1334	0
1335	1
1336	0
1337	1
1338	0
1339	0
1340	0
1341	1
1342	0
1343	1
1344	0
1345	2
1346	0
1347	1
1348	1
1349	2
1350	0
1351	2
1352	1
1353	2
1354	0
1355	3
1356	1
1357	1
1358	0
1359	1
1360	1
1361	2
1362	1
1363	3
1364	0
1365	1
1366	0
1367	2
1368	0
1369	3
1370	2
1371	3
1372	0
1373	1
1374	0
1375	2
1376	2
1377	3
1378	1
1379	2
1380	1
1381	1
1382	0
1383	3
1384	1
1385	2
1386	0
1387	2
1388	0
1389	2
1390	0
1391	2
1392	0
1393	3
1394	0
1395	2
1396	0
1397	1
1398	0
1399	2
1400	1
1401	1
1402	0
1403	1
1404	0
1405	2
1406	0
1407	2
1408	0
1409	2
1410	0
1411	2
1412	1
1413	2
1414	1
1415	3
1416	1
1417	2
1418	0
1419	2
1420	1
1421	2
1422	1
1423	3
1424	0
1425	2
1426	0
1427	2
1428	1
1429	1
1430	1
1431	2
1432	1
1433	1
1434	0
1435	1
1436	0
1437	2
1438	0
1439	2
1440	0
1441	3
1442	0
1443	2
1444	0
1445	3
1446	0
1447	2
1448	0
1449	2
1450	0
1451	2
1452	0
1453	1
1454	0
1455	4
1456	1
1457	4
1458	0
1459	3
1460	1
1461	3
1462	0
1463	3
1464	1
1465	2
1466	0
1467	3
1468	0
1469	2
1470	0
1471	3
1472	2
1473	2
1474	1
1475	3
1476	2
1477	4
1478	2
1479	4
1480	1
1481	3
1482	1
1483	4
1484	1
1485	3
1486	0
1487	0
1488	1
1489	1
1490	1
1491	2
1492	0
1493	3
1494	0
1495	4
1496	0
1497	3
1498	0
1499	2
1500	1
1501	3
1502	1
1503	2
1504	0
1505	3
1506	0
1507	3
1508	1
1509	3
1510	0
1511	3
1512	1
1513	3
1514	1
1515	3
1516	1
1517	2
1518	1
1519	2
1520	1
1521	2
1522	0
1523	3
1524	1
1525	3
1526	0
1527	2
1528	0
1529	3
1530	0
1531	2
1532	1
1533	3
1534	0
1535	3
1536	0
1537	1
1538	0
1539	1
1540	0
1541	4
1542	0
1543	3
1544	0
1545	3
1546	0
1547	3
1548	0
1549	1
1550	0
1551	3
1552	1
1553	2
1554	1
1555	2
1556	1
1557	3
1558	2
1559	3
1560	2
1561	4
1562	1
1563	4
1564	0
1565	2
1566	1
1567	2
1568	0
1569	3
1570	2
1571	3
1572	1
1573	3
1574	2
1575	1
1576	1
1577	3
1578	0
1579	3
1580	1
1581	2
1582	0
1583	2
1584	0
1585	4
1586	0
1587	2
1588	0
1589	1
1590	1
1591	1
1592	1
1593	2
1594	1
1595	1
1596	0
1597	2
1598	1
1599	2
1600	1
1601	2
1602	1
1603	2
1604	1
1605	2
1606	0
1607	1
1608	0
1609	1
1610	0
1611	2
1612	1
1613	2
1614	0
1615	2
1616	0
1617	1
1618	0
1619	3
1620	0
1621	2
1622	0
1623	1
1624	0
1625	2
1626	0
1627	3
1628	1
1629	2
1630	1
1631	2
1632	0
1633	3
1634	0
1635	2
1636	0
1637	2
1638	0
1639	3
1640	0
1641	3
1642	1
1643	3
1644	0
1645	4
1646	2
1647	4
1648	0
1649	4
1650	0
1651	3
1652	0
1653	4
1654	1
1655	5
1656	1
1657	3
1658	1
1659	4
1660	1
1661	4
1662	1
1663	4
1664	0
1665	4
1666	0
1667	3
1668	0
1669	2
1670	1
1671	3
1672	0
1673	2
1674	0
1675	2
1676	1
1677	4
1678	0
1679	2
1680	2
1681	3
1682	1
1683	2
1684	1
1685	3
1686	2
1687	2
1688	2
1689	2
1690	1
1691	3
1692	1
1693	2
1694	0
1695	3
1696	1
1697	2
1698	1
1699	4
1700	0
1701	2
1702	0
1703	3
1704	0
1705	2
1706	0
1707	2
1708	1
1709	3
1710	1
1711	2
1712	1
1713	3
1714	2
1715	2
1716	1
1717	2
1718	1
1719	2
1720	0
1721	2
1722	1
1723	4
1724	0
1725	1
1726	1
1727	2
1728	0
1729	3
1730	1
1731	3
1732	1
1733	2
1734	1
1735	2
1736	1
1737	3
1738	0
1739	3
1740	1
1741	3
1742	1
1743	2
1744	0
1745	3
1746	0
1747	1
1748	1
1749	2
1750	1
1751	3
1752	1
1753	3
1754	1
1755	2
1756	0
1757	4
1758	0
1759	2
1760	0
1761	4
1762	0
1763	5
1764	1
1765	5
1766	2
1767	4
1768	1
1769	3
1770	1
1771	4
1772	2
1773	3
1774	2
1775	3
1776	2
1777	5
1778	1
1779	5
1780	1
1781	4
1782	2
1783	3
1784	0
1785	3
1786	1
1787	3
1788	1
1789	3
1790	2
1791	3
1792	2
1793	1
1794	0
1795	3
1796	1
1797	2
1798	1
1799	3
1800	1
1801	3
1802	1
1803	3
1804	1
1805	1
1806	0
1807	3
1808	1
1809	2
1810	0
1811	3
1812	1
1813	2
1814	1
1815	1
1816	2
1817	3
1818	0
1819	3
1820	0
1821	4
1822	0
1823	5
1824	1
1825	4
1826	0
1827	4
1828	2
1829	2
1830	1
1831	2
1832	1
1833	4
1834	1
1835	3
1836	2
1837	3
1838	2
1839	3
1840	0
1841	4
1842	0
1843	3
1844	1
1845	3
1846	1
1847	2
1848	1
1849	2
1850	0
1851	3
1852	1
1853	3
1854	1
1855	4
1856	1
1857	3
1858	1
1859	3
1860	1
1861	3
1862	1
1863	4
1864	2
1865	2
1866	0
1867	3
1868	1
1869	3
1870	1
1871	3
1872	0
1873	3
1874	1
1875	2
1876	1
1877	2
1878	0
1879	3
1880	0
1881	2
1882	1
1883	3
1884	0
1885	2
1886	0
1887	2
1888	0
1889	1
1890	0
1891	2
1892	0
1893	2
1894	0
1895	4
1896	1
1897	4
1898	0
1899	3
1900	0
1901	4
1902	2
1903	4
1904	2
1905	3
1906	0
1907	4
1908	1
1909	4
1910	0
1911	4
1912	2
1913	5
1914	1
1915	4
1916	1
1917	3
1918	2
1919	4
1920	0
1921	4
1922	1
1923	3
1924	1
1925	3
1926	1
1927	4
1928	0
1929	4
1930	1
1931	3
1932	1
1933	2
1934	1
1935	3
1936	0
1937	2
1938	0
1939	3
1940	0
1941	3
1942	0
1943	3
1944	0
1945	5
1946	0
1947	4
1948	1
1949	1
1950	0
1951	2
1952	1
1953	3
1954	0
1955	3
1956	2
1957	3
1958	1
1959	2
1960	2
1961	3
1962	1
1963	2
1964	1
1965	3
1966	1
1967	4
1968	1
1969	3
1970	2
1971	4
1972	1
1973	4
1974	1
1975	4
1976	2
1977	4
1978	1
1979	3
1980	1
1981	4
1982	2
1983	4
1984	2
1985	4
1986	2
1987	5
1988	1
1989	6
1990	1
1991	5
1992	1
1993	5
1994	1
1995	4
1996	0
1997	4
1998	0
1999	4
