0	1
1	4
2	2
3	4
4	2
5	4
6	2
7	5
8	2
9	4
10	1
11	5
12	1
13	5
14	1
15	5
16	2
17	5
18	2
19	5
20	3
21	5
22	3
23	5
24	2
25	5
26	2
27	4
28	1
29	5
30	1
31	3
32	1
33	3
34	1
35	4
36	2
37	4
38	1
39	4
40	1
41	6
42	1
43	4
44	2
45	4
46	1
47	4
48	2
49	5
50	1
51	4
52	1
53	4
54	2
55	4
56	1
57	5
58	4
59	5
60	2
61	5
62	2
63	3
64	2
65	4
66	3
67	6
68	2
69	6
70	3
71	6
72	3
73	5
74	3
75	5
76	4
77	4
78	1
79	3
80	2
81	5
82	1
83	4
84	2
85	5
86	3
87	4
88	3
89	4
90	2
91	4
92	3
93	4
94	1
95	4
96	1
97	4
98	1
99	4
100	2
101	4
102	1
103	3
104	1
105	2
106	2
107	4
108	0
109	3
110	1
111	3
112	2
113	5
114	2
115	6
116	1
117	7
118	3
119	7
120	2
121	5
122	3
123	5
124	3
125	6
126	3
127	7
128	2
129	5
130	4
131	8
132	4
133	6
134	3
135	6
136	4
137	5
138	3
139	6
140	4
141	4
142	2
143	5
144	2
145	5
146	2
147	4
148	2
149	3
150	2
151	3
152	1
153	5
154	3
155	5
156	2
157	6
158	1
159	6
160	0
161	5
162	1
163	4
164	1
165	4
166	0
167	3
168	2
169	4
170	2
171	2
172	2
173	4
174	1
175	5
176	2
177	6
178	2
179	4
180	3
181	5
182	2
183	5
184	3
185	5
186	2
187	5
188	3
189	5
190	3
191	6
192	3
193	6
194	2
195	6
196	3
197	4
198	4
199	5
200	2
201	4
202	1
203	3
204	1
205	4
206	2
207	4
208	0
209	4
210	1
211	5
212	1
213	4
214	3
215	5
216	2
217	4
218	2
219	4
220	3
221	4
222	2
223	5
224	2
225	5
226	2
227	5
228	2
229	6
230	2
231	5
232	4
233	6
234	3
235	5
236	3
237	6
238	4
239	6
240	3
241	7
242	3
243	5
244	3
245	4
246	2
247	5
248	2
249	5
250	2
251	4
252	3
253	5
254	2
255	4
256	1
257	5
258	2
259	5
260	2
261	7
262	1
263	7
264	0
265	6
266	0
267	6
268	1
269	5
270	3
271	5
272	3
273	5
274	3
275	4
276	3
277	5
278	2
279	4
280	2
281	6
282	3
283	4
284	3
285	4
286	1
287	4
288	2
289	2
290	1
291	4
292	2
293	5
294	2
295	4
296	2
297	5
298	1
299	3
300	0
301	5
302	0
303	4
304	1
305	3
306	1
307	4
308	2
309	6
310	2
311	4
312	3
313	4
314	2
315	4
316	2
317	4
318	2
319	4
320	1
321	4
322	3
323	4
324	2
325	5
326	3
327	4
328	2
329	5
330	2
331	5
332	2
333	5
334	4
335	5
336	3
337	5
338	3
339	5
340	1
341	5
342	1
343	5
344	2
345	4
346	2
347	4
348	2
349	4
350	1
351	5
352	2
353	5
354	2
355	5
356	2
357	5
358	2
359	6
360	3
361	5
362	3
363	7
364	2
365	5
366	3
367	7
368	3
369	5
370	4
371	7
372	4
373	7
374	5
375	6
376	2
377	5
378	2
379	4
380	2
381	5
382	2
383	4
384	1
385	5
386	3
387	5
388	1
389	7
390	1
391	4
392	3
393	5
394	3
395	5
396	2
397	5
398	2
399	4
400	2
401	4
402	3
403	5
404	1
405	5
406	2
407	5
408	2
409	4
410	1
411	5
412	3
413	5
414	2
415	4
416	2
417	4
418	2
419	4
420	1
421	4
422	4
423	5
424	2
425	5
426	1
427	5
428	2
429	6
430	2
431	5
432	2
433	5
434	3
435	6
436	1
437	3
438	2
439	5
440	5
441	7
442	3
443	8
444	5
445	10
446	8
447	11
448	9
449	14
450	12
451	15
452	15
453	18
454	16
455	23
456	21
457	26
458	22
459	27
460	27
461	30
462	30
463	32
464	31
465	36
466	34
467	38
468	37
469	40
470	39
471	43
472	41
473	46
474	44
475	49
476	47
477	50
478	49
479	52
480	50
481	56
482	55
483	58
484	56
485	60
486	58
487	62
488	61
489	64
490	63
491	66
492	66
493	68
494	69
495	70
496	71
497	71
498	72
499	78
500	62
501	75
502	68
503	72
504	69
505	70
506	69
507	70
508	70
509	70
510	68
511	68
512	64
513	67
514	62
515	63
516	62
517	62
518	60
519	62
520	60
521	60
522	57
523	58
524	53
525	55
526	52
527	52
528	49
529	50
530	47
531	48
532	46
533	47
534	44
535	45
536	42
537	42
538	40
539	40
540	36
541	37
542	34
543	34
544	33
545	32
546	32
547	31
548	31
549	29
550	28
551	27
552	25
553	27
554	26
555	26
556	23
557	25
558	21
559	23
560	22
561	21
562	21
563	21
564	20
565	21
566	19
567	20
568	17
569	17
570	15
571	16
572	12
573	15
574	11
575	14
576	11
577	11
578	10
579	12
580	9
581	9
582	9
583	11
584	8
585	10
586	8
587	9
588	8
589	10
590	7
591	9
592	5
593	10
594	5
595	7
596	5
597	6
598	5
599	7
600	5
601	6
602	4
603	6
604	4
605	6
606	4
607	6
608	2
609	6
610	2
611	5
612	2
613	4
614	1
615	4
616	2
617	4
618	0
619	4
620	1
621	5
622	0
623	3
624	0
625	4
626	1
627	4
628	1
629	1
630	1
631	3
632	1
633	3
634	1
635	2
636	0
637	3
638	0
639	3
640	0
641	3
642	0
643	3
644	0
645	3
646	0
647	2
648	0
649	2
650	1
651	2
652	0
653	1
654	0
655	2
656	0
657	1
658	0
659	3
660	1
661	3
662	0
663	2
664	0
665	2
666	0
667	2
668	0
669	3
670	1
671	1
672	1
673	3
674	0
675	2
676	0
677	2
678	1
679	4
680	0
681	3
682	1
683	4
684	0
685	2
686	1
687	2
688	1
689	1
690	1
691	2
692	1
693	1
694	0
695	1
696	1
697	0
698	0
699	2
700	0
701	2
702	0
703	2
704	1
705	2
706	1
707	2
708	1
709	2
710	1
711	2
712	1
713	2
714	1
715	2
716	2
717	2
718	1
719	1
720	1
721	1
722	0
723	1
724	0
725	1
726	0
727	0
728	0
729	1
730	0
731	1
732	0
733	0
734	0
735	1
736	0
737	0
738	0
739	0
740	0
741	0
742	0
743	1
744	0
745	1
746	0
747	0
748	0
749	1
750	0
751	1
752	0
753	1
754	0
755	2
756	0
757	2
758	0
759	2
760	1
761	2
762	0
763	2
764	1
765	1
766	1
767	2
768	0
769	2
770	0
771	3
772	0
773	2
774	0
775	2
776	0
777	1
778	0
779	1
780	0
781	0
782	0
783	1
784	0
785	1
786	0
787	1
788	0
789	1
790	0
791	1
792	0
793	2
794	0
795	0
796	0
797	1
798	1
799	2
800	1
801	1
802	0
803	1
804	0
805	1
806	1
807	2
808	2
809	2
810	2
811	2
812	2
813	2
814	0
815	1
816	1
817	1
818	0
819	2
820	0
821	2
822	0
823	2
824	0
825	0
826	0
827	1
828	0
829	0
830	0
831	2
832	0
833	2
834	0
835	1
836	0
837	1
838	0
839	1
840	0
841	1
842	0
843	1
844	0
845	0
846	0
847	0
848	0
849	1
850	0
851	1
852	0
853	1
854	0
855	1
856	0
857	0
858	0
859	1
860	0
861	1
862	0
863	0
864	0
865	0
866	0
867	1
868	0
869	0
870	0
871	0
872	0
873	0
874	0
875	1
876	0
877	0
878	0
879	0
880	0
881	1
882	0
883	1
884	0
885	2
886	0
887	1
888	1
889	1
890	1
891	2
892	0
893	2
894	0
895	2
896	0
897	1
898	0
899	2
900	1
901	2
902	0
903	1
904	0
905	1
906	0
907	1
908	0
909	0
910	0
911	1
912	0
913	0
914	0
915	0
916	0
917	1
918	0
919	1
920	0
921	1
922	0
923	0
924	0
925	1
926	0
927	0
928	0
929	1
930	0
931	1
932	0
933	1
934	0
935	1
936	1
937	2
938	0
939	0
940	0
941	3
942	0
943	2
944	1
945	2
946	0
947	1
948	0
949	1
950	1
951	1
952	1
953	1
954	0
955	1
956	0
957	1
958	0
959	1
960	0
961	1
962	0
963	2
964	0
965	2
966	0
967	2
968	0
969	2
970	0
971	2
972	0
973	1
974	0
975	0
976	0
977	2
978	0
979	1
980	0
981	1
982	0
983	0
984	0
985	0
986	0
987	1
988	0
989	0
990	0
991	1
992	0
993	1
994	0
995	1
996	0
997	0
998	1
999	2
1000	0
1001	3
1002	0
1003	2
1004	1
1005	3
1006	1
1007	2
1008	1
1009	2
1010	1
1011	2
1012	1
1013	2
1014	1
1015	2
1016	1
1017	2
1018	1
1019	2
1020	1
1021	2
1022	1
1023	3
1024	1
1025	2
1026	1
1027	2
1028	1
1029	3
1030	1
1031	1
1032	0
1033	2
1034	0
1035	2
1036	0
1037	2
1038	1
1039	1
1040	0
1041	2
1042	1
1043	2
1044	1
1045	2
1046	1
1047	3
1048	1
1049	2
1050	1
1051	2
1052	1
1053	2
1054	1
1055	1
1056	1
1057	2
1058	2
1059	2
1060	1
1061	3
1062	1
1063	2
1064	0
1065	3
1066	1
1067	3
1068	0
1069	3
1070	1
1071	3
1072	0
1073	2
1074	0
1075	1
1076	1
1077	1
1078	0
1079	3
1080	1
1081	3
1082	1
1083	2
1084	0
1085	2
1086	0
1087	2
1088	0
1089	1
1090	0
1091	2
1092	0
1093	2
1094	0
1095	1
1096	0
1097	2
1098	0
1099	2
1100	0
1101	2
1102	0
1103	2
1104	1
1105	3
1106	0
1107	1
1108	0
1109	2
1110	0
1111	1
1112	0
1113	2
1114	0
1115	2
1116	0
1117	0
1118	0
1119	0
1120	0
1121	0
1122	0
1123	1
1124	0
1125	1
1126	1
1127	1
1128	1
1129	0
1130	0
1131	1
1132	0
1133	0
1134	0
1135	0
1136	0
1137	1
1138	0
1139	2
1140	0
1141	0
1142	0
1143	0
1144	0
1145	0
1146	0
1147	1
1148	0
1149	1
1150	0
1151	0
1152	0
1153	2
1154	1
1155	1
1156	0
1157	2
1158	0
1159	2
1160	0
1161	0
1162	0
1163	2
1164	0
1165	1
1166	0
1167	2
1168	0
1169	1
1170	0
1171	1
1172	0
1173	1
1174	0
1175	1
1176	0
1177	1
1178	0
1179	1
1180	0
1181	1
1182	0
1183	0
1184	0
1185	0
1186	0
1187	0
1188	0
1189	1
1190	0
1191	2
1192	0
1193	1
1194	0
1195	1
1196	0
1197	2
1198	0
1199	2
1200	0
1201	1
1202	0
1203	0
1204	0
1205	0
1206	0
1207	1
1208	0
1209	2
1210	0
1211	1
1212	0
1213	2
1214	0
1215	1
1216	1
1217	2
1218	0
1219	2
1220	0
1221	2
1222	0
1223	2
1224	0
1225	1
1226	0
1227	2
1228	0
1229	2
1230	0
1231	1
1232	0
1233	1
1234	0
1235	1
1236	0
1237	1
1238	0
1239	2
1240	0
1241	2
1242	0
1243	1
1244	0
1245	1
1246	0
1247	1
1248	1
1249	2
1250	1
1251	1
1252	0
1253	2
1254	0
1255	2
1256	0
1257	1
1258	0
1259	0
1260	0
1261	0
1262	0
1263	0
1264	0
1265	0
1266	0
1267	0
1268	0
1269	1
1270	0
1271	0
1272	0
1273	0
1274	0
1275	0
1276	0
1277	0
1278	0
1279	0
1280	0
1281	0
1282	0
1283	1
1284	0
1285	0
1286	0
1287	2
1288	0
1289	1
1290	0
1291	1
1292	0
1293	1
1294	1
1295	1
1296	0
1297	1
1298	0
1299	2
1300	1
1301	2
1302	1
1303	2
1304	1
1305	2
1306	0
1307	2
1308	0
1309	2
1310	0
1311	3
1312	1
1313	2
1314	0
1315	2
1316	1
1317	2
1318	3
1319	3
1320	2
1321	2
1322	2
1323	2
1324	3
1325	3
1326	3
1327	4
1328	3
1329	4
1330	3
1331	4
1332	4
1333	4
1334	4
1335	4
1336	4
1337	4
1338	3
1339	4
1340	3
1341	4
1342	3
1343	5
1344	3
1345	4
1346	3
1347	5
1348	3
1349	5
1350	3
1351	4
1352	3
1353	4
1354	3
1355	5
1356	2
1357	3
1358	2
1359	4
1360	3
1361	3
1362	2
1363	4
1364	2
1365	3
1366	3
1367	4
1368	2
1369	3
1370	2
1371	5
1372	3
1373	4
1374	3
1375	6
1376	3
1377	5
1378	2
1379	4
1380	3
1381	3
1382	1
1383	4
1384	2
1385	4
1386	2
1387	4
1388	2
1389	4
1390	2
1391	2
1392	1
1393	3
1394	1
1395	2
1396	2
1397	2
1398	2
1399	3
1400	0
1401	1
1402	0
1403	2
1404	1
1405	2
1406	1
1407	2
1408	0
1409	2
1410	0
1411	1
1412	0
1413	2
1414	0
1415	1
1416	0
1417	1
1418	0
1419	2
1420	1
1421	2
1422	1
1423	3
1424	2
1425	3
1426	1
1427	3
1428	1
1429	1
1430	1
1431	3
1432	0
1433	2
1434	1
1435	1
1436	0
1437	2
1438	0
1439	3
1440	0
1441	1
1442	0
1443	2
1444	0
1445	0
1446	0
1447	1
1448	0
1449	1
1450	0
1451	1
1452	0
1453	1
1454	0
1455	0
1456	0
1457	1
1458	0
1459	1
1460	0
1461	1
1462	1
1463	1
1464	0
1465	1
1466	1
1467	1
1468	0
1469	1
1470	0
1471	1
1472	0
1473	1
1474	0
1475	3
1476	1
1477	2
1478	0
1479	3
1480	0
1481	2
1482	0
1483	4
1484	0
1485	1
1486	0
1487	3
1488	0
1489	2
1490	0
1491	1
1492	1
1493	2
1494	0
1495	2
1496	1
1497	1
1498	0
1499	2
1500	0
1501	1
1502	0
1503	2
1504	0
1505	4
1506	0
1507	3
1508	1
1509	2
1510	0
1511	1
1512	0
1513	1
1514	1
1515	2
1516	0
1517	3
1518	1
1519	2
1520	1
1521	1
1522	1
1523	3
1524	0
1525	1
1526	0
1527	1
1528	0
1529	1
1530	0
1531	1
1532	0
1533	1
1534	0
1535	1
1536	0
1537	1
1538	0
1539	2
1540	0
1541	1
1542	0
1543	1
1544	0
1545	0
1546	0
1547	1
1548	0
1549	1
1550	0
1551	1
1552	0
1553	2
1554	0
1555	2
1556	0
1557	1
1558	0
1559	2
1560	0
1561	2
1562	1
1563	2
1564	1
1565	2
1566	0
1567	1
1568	0
1569	1
1570	0
1571	3
1572	0
1573	3
1574	1
1575	3
1576	1
1577	2
1578	0
1579	1
1580	0
1581	0
1582	0
1583	3
1584	1
1585	2
1586	1
1587	1
1588	1
1589	2
1590	1
1591	1
1592	1
1593	1
1594	1
1595	4
1596	1
1597	3
1598	1
1599	2
1600	1
1601	4
1602	2
1603	3
1604	2
1605	4
1606	1
1607	2
1608	1
1609	3
1610	2
1611	2
1612	2
1613	3
1614	1
1615	3
1616	2
1617	4
1618	2
1619	4
1620	2
1621	3
1622	2
1623	3
1624	2
1625	2
1626	1
1627	4
1628	1
1629	3
1630	1
1631	3
1632	2
1633	3
1634	1
1635	2
1636	1
1637	3
1638	1
1639	2
1640	1
1641	3
1642	1
1643	3
1644	2
1645	3
1646	1
1647	4
1648	1
1649	3
1650	1
1651	3
1652	1
1653	3
1654	1
1655	2
1656	0
1657	2
1658	1
1659	2
1660	1
1661	3
1662	1
1663	2
1664	0
1665	2
1666	0
1667	1
1668	0
1669	1
1670	1
1671	3
1672	1
1673	1
1674	0
1675	2
1676	0
1677	2
1678	0
1679	1
1680	0
1681	1
1682	1
1683	2
1684	0
1685	2
1686	1
1687	4
1688	0
1689	1
1690	1
1691	3
1692	0
1693	3
1694	1
1695	2
1696	2
1697	4
1698	2
1699	2
1700	0
1701	3
1702	1
1703	3
1704	0
1705	2
1706	0
1707	1
1708	0
1709	2
1710	0
1711	1
1712	0
1713	2
1714	0
1715	2
1716	0
1717	3
1718	1
1719	2
1720	0
1721	2
1722	0
1723	1
1724	0
1725	3
1726	0
1727	1
1728	0
1729	1
1730	1
1731	0
1732	1
1733	1
1734	0
1735	1
1736	1
1737	1
1738	1
1739	2
1740	1
1741	3
1742	0
1743	2
1744	1
1745	3
1746	1
1747	3
1748	1
1749	2
1750	0
1751	1
1752	0
1753	2
1754	1
1755	2
1756	0
1757	1
1758	0
1759	1
1760	0
1761	2
1762	0
1763	2
1764	0
1765	1
1766	0
1767	1
1768	0
1769	1
1770	1
1771	1
1772	0
1773	2
1774	0
1775	0
1776	0
1777	1
1778	0
1779	2
1780	0
1781	2
1782	0
1783	2
1784	0
1785	1
1786	0
1787	1
1788	0
1789	2
1790	0
1791	3
1792	2
1793	1
1794	1
1795	2
1796	1
1797	3
1798	0
1799	2
1800	0
1801	2
1802	1
1803	3
1804	1
1805	2
1806	0
1807	2
1808	0
1809	1
1810	0
1811	1
1812	0
1813	1
1814	0
1815	2
1816	0
1817	2
1818	0
1819	1
1820	0
1821	2
1822	1
1823	2
1824	0
1825	2
1826	0
1827	2
1828	1
1829	2
1830	0
1831	2
1832	0
1833	2
1834	0
1835	2
1836	0
1837	2
1838	0
1839	3
1840	1
1841	2
1842	0
1843	3
1844	0
1845	3
1846	1
1847	1
1848	2
1849	2
1850	1
1851	1
1852	1
1853	2
1854	0
1855	2
1856	1
1857	2
1858	1
1859	3
1860	1
1861	4
1862	1
1863	3
1864	0
1865	2
1866	2
1867	1
1868	1
1869	1
1870	0
1871	1
1872	0
1873	3
1874	0
1875	2
1876	0
1877	2
1878	0
1879	2
1880	0
1881	1
1882	1
1883	1
1884	0
1885	1
1886	0
1887	1
1888	0
1889	4
1890	0
1891	1
1892	0
1893	2
1894	0
1895	1
1896	1
1897	1
1898	0
1899	2
1900	0
1901	2
1902	0
1903	2
1904	0
1905	1
1906	0
1907	2
1908	0
1909	1
1910	0
1911	2
1912	1
1913	2
1914	0
1915	3
1916	0
1917	1
1918	0
1919	1
1920	0
1921	2
1922	0
1923	1
1924	0
1925	1
1926	0
1927	2
1928	0
1929	2
1930	0
1931	2
1932	0
1933	2
1934	0
1935	0
1936	1
1937	2
1938	1
1939	1
1940	0
1941	2
1942	0
1943	1
1944	0
1945	2
1946	1
1947	3
1948	0
1949	2
1950	0
1951	3
1952	1
1953	2
1954	0
1955	3
1956	1
1957	2
1958	0
1959	2
1960	0
1961	2
1962	0
1963	1
1964	0
1965	1
1966	0
1967	2
1968	0
1969	1
1970	1
1971	2
1972	1
1973	2
1974	1
1975	3
1976	1
1977	4
1978	2
1979	3
1980	1
1981	4
1982	0
1983	5
1984	0
1985	4
1986	1
1987	3
1988	0
1989	3
1990	0
1991	2
1992	0
1993	3
1994	0
1995	2
1996	1
1997	1
1998	0
1999	4
