0	0
1	4
2	0
3	6
4	1
5	5
6	1
7	5
8	1
9	5
10	0
11	4
12	1
13	5
14	2
15	6
16	3
17	5
18	2
19	6
20	1
21	8
22	2
23	5
24	1
25	7
26	1
27	6
28	1
29	5
30	1
31	6
32	2
33	5
34	1
35	8
36	1
37	7
38	0
39	6
40	2
41	6
42	2
43	5
44	1
45	5
46	1
47	5
48	1
49	4
50	0
51	5
52	2
53	6
54	0
55	5
56	2
57	4
58	0
59	3
60	1
61	4
62	0
63	5
64	1
65	5
66	1
67	4
68	1
69	5
70	0
71	5
72	0
73	5
74	2
75	6
76	2
77	5
78	1
79	7
80	0
81	5
82	0
83	6
84	0
85	4
86	0
87	4
88	1
89	4
90	1
91	5
92	0
93	5
94	1
95	4
96	0
97	4
98	0
99	6
100	0
101	6
102	1
103	7
104	0
105	6
106	0
107	6
108	1
109	6
110	1
111	6
112	1
113	6
114	0
115	8
116	2
117	6
118	1
119	5
120	1
121	5
122	1
123	4
124	1
125	5
126	2
127	7
128	1
129	5
130	1
131	4
132	1
133	6
134	1
135	6
136	1
137	5
138	0
139	5
140	0
141	6
142	0
143	4
144	1
145	7
146	2
147	5
148	0
149	5
150	1
151	4
152	1
153	4
154	0
155	5
156	0
157	5
158	0
159	6
160	1
161	5
162	0
163	5
164	1
165	5
166	0
167	4
168	2
169	7
170	1
171	6
172	1
173	6
174	1
175	6
176	1
177	8
178	2
179	7
180	2
181	8
182	2
183	8
184	1
185	6
186	2
187	8
188	1
189	5
190	1
191	6
192	1
193	7
194	2
195	6
196	1
197	8
198	0
199	6
200	0
201	5
202	0
203	5
204	0
205	5
206	1
207	4
208	2
209	5
210	1
211	6
212	0
213	5
214	1
215	8
216	1
217	4
218	1
219	5
220	2
221	7
222	2
223	7
224	2
225	5
226	2
227	8
228	0
229	7
230	1
231	6
232	1
233	7
234	0
235	5
236	1
237	7
238	0
239	6
240	1
241	5
242	1
243	5
244	0
245	5
246	1
247	5
248	0
249	5
250	1
251	4
252	0
253	5
254	1
255	5
256	1
257	4
258	1
259	6
260	1
261	5
262	1
263	5
264	2
265	6
266	1
267	4
268	2
269	5
270	2
271	6
272	1
273	6
274	1
275	6
276	2
277	6
278	2
279	7
280	1
281	7
282	1
283	5
284	1
285	4
286	0
287	4
288	1
289	4
290	1
291	5
292	1
293	4
294	2
295	4
296	1
297	4
298	0
299	6
300	0
301	5
302	0
303	5
304	1
305	7
306	1
307	6
308	0
309	6
310	1
311	6
312	2
313	6
314	1
315	5
316	2
317	5
318	1
319	5
320	2
321	6
322	1
323	6
324	0
325	5
326	1
327	5
328	1
329	7
330	1
331	6
332	0
333	5
334	0
335	5
336	1
337	5
338	0
339	3
340	0
341	5
342	1
343	4
344	0
345	5
346	0
347	6
348	1
349	7
350	2
351	8
352	1
353	7
354	0
355	7
356	2
357	4
358	1
359	6
360	3
361	7
362	2
363	9
364	1
365	6
366	1
367	6
368	1
369	5
370	1
371	5
372	0
373	7
374	1
375	5
376	1
377	4
378	1
379	5
380	0
381	5
382	0
383	4
384	0
385	3
386	1
387	4
388	1
389	4
390	0
391	5
392	1
393	6
394	1
395	5
396	1
397	7
398	0
399	5
400	0
401	4
402	2
403	5
404	1
405	5
406	1
407	6
408	0
409	5
410	2
411	6
412	1
413	5
414	1
415	5
416	1
417	4
418	2
419	4
420	0
421	3
422	1
423	4
424	0
425	3
426	0
427	7
428	0
429	6
430	1
431	6
432	2
433	6
434	2
435	6
436	1
437	6
438	1
439	7
440	1
441	7
442	2
443	8
444	4
445	8
446	4
447	9
448	5
449	11
450	7
451	13
452	10
453	17
454	11
455	16
456	12
457	18
458	14
459	19
460	17
461	21
462	17
463	21
464	20
465	23
466	22
467	28
468	25
469	29
470	26
471	31
472	27
473	33
474	31
475	35
476	35
477	39
478	39
479	43
480	40
481	45
482	45
483	50
484	49
485	53
486	52
487	56
488	55
489	59
490	58
491	61
492	61
493	65
494	65
495	67
496	67
497	68
498	69
499	78
500	62
501	76
502	70
503	74
504	71
505	73
506	71
507	74
508	72
509	73
510	71
511	73
512	69
513	72
514	68
515	70
516	66
517	69
518	67
519	68
520	66
521	67
522	64
523	66
524	62
525	64
526	59
527	62
528	57
529	60
530	54
531	57
532	52
533	54
534	50
535	51
536	50
537	50
538	47
539	49
540	44
541	46
542	41
543	42
544	39
545	40
546	37
547	38
548	35
549	38
550	34
551	35
552	32
553	34
554	30
555	32
556	28
557	32
558	27
559	29
560	25
561	27
562	25
563	26
564	23
565	25
566	24
567	24
568	22
569	24
570	22
571	23
572	19
573	21
574	16
575	19
576	15
577	16
578	12
579	17
580	13
581	15
582	13
583	15
584	13
585	13
586	11
587	13
588	11
589	14
590	8
591	12
592	9
593	14
594	7
595	11
596	9
597	10
598	6
599	11
600	5
601	10
602	4
603	10
604	4
605	8
606	4
607	9
608	4
609	8
610	3
611	8
612	1
613	6
614	2
615	6
616	1
617	5
618	2
619	7
620	0
621	6
622	1
623	5
624	1
625	4
626	1
627	4
628	0
629	4
630	0
631	4
632	0
633	4
634	0
635	4
636	0
637	2
638	0
639	2
640	0
641	3
642	0
643	4
644	0
645	4
646	1
647	4
648	0
649	4
650	1
651	3
652	1
653	4
654	1
655	3
656	1
657	4
658	1
659	5
660	1
661	3
662	1
663	4
664	2
665	4
666	1
667	4
668	1
669	3
670	2
671	4
672	2
673	5
674	2
675	3
676	2
677	4
678	1
679	4
680	2
681	4
682	2
683	5
684	2
685	4
686	1
687	3
688	2
689	5
690	2
691	3
692	2
693	3
694	2
695	4
696	2
697	5
698	4
699	5
700	3
701	5
702	2
703	4
704	2
705	7
706	2
707	4
708	2
709	5
710	2
711	6
712	3
713	6
714	3
715	4
716	3
717	4
718	2
719	4
720	2
721	4
722	2
723	5
724	2
725	4
726	2
727	3
728	1
729	3
730	1
731	3
732	1
733	2
734	1
735	4
736	1
737	3
738	0
739	3
740	0
741	3
742	1
743	3
744	0
745	3
746	1
747	3
748	0
749	3
750	1
751	2
752	0
753	2
754	1
755	2
756	0
757	2
758	1
759	2
760	0
761	4
762	0
763	2
764	0
765	1
766	0
767	0
768	0
769	2
770	0
771	2
772	0
773	2
774	0
775	1
776	0
777	3
778	0
779	1
780	0
781	1
782	0
783	2
784	0
785	2
786	0
787	3
788	0
789	1
790	0
791	2
792	1
793	1
794	0
795	2
796	0
797	3
798	0
799	2
800	0
801	0
802	0
803	1
804	0
805	0
806	0
807	0
808	0
809	1
810	0
811	2
812	0
813	1
814	0
815	2
816	0
817	2
818	0
819	2
820	0
821	2
822	0
823	2
824	0
825	3
826	0
827	3
828	1
829	3
830	1
831	3
832	2
833	2
834	2
835	4
836	1
837	4
838	1
839	4
840	1
841	4
842	1
843	2
844	1
845	3
846	1
847	3
848	1
849	2
850	0
851	1
852	0
853	2
854	1
855	1
856	0
857	2
858	0
859	2
860	0
861	2
862	0
863	2
864	0
865	1
866	0
867	1
868	1
869	3
870	0
871	2
872	0
873	2
874	0
875	1
876	0
877	1
878	0
879	2
880	0
881	1
882	0
883	2
884	0
885	1
886	1
887	1
888	1
889	1
890	0
891	2
892	0
893	2
894	0
895	2
896	0
897	2
898	0
899	2
900	0
901	2
902	0
903	3
904	0
905	2
906	0
907	1
908	0
909	2
910	0
911	2
912	0
913	2
914	0
915	2
916	0
917	3
918	0
919	2
920	0
921	2
922	0
923	1
924	0
925	2
926	0
927	2
928	0
929	1
930	0
931	1
932	0
933	2
934	0
935	2
936	0
937	3
938	0
939	1
940	0
941	2
942	1
943	2
944	0
945	2
946	1
947	2
948	0
949	2
950	0
951	3
952	0
953	3
954	0
955	2
956	0
957	2
958	0
959	1
960	0
961	1
962	0
963	2
964	0
965	1
966	0
967	0
968	0
969	1
970	0
971	0
972	0
973	0
974	0
975	0
976	0
977	0
978	0
979	0
980	0
981	0
982	0
983	0
984	0
985	1
986	0
987	1
988	0
989	1
990	0
991	1
992	0
993	0
994	0
995	1
996	0
997	1
998	0
999	2
1000	0
1001	1
1002	0
1003	2
1004	0
1005	2
1006	0
1007	1
1008	0
1009	1
1010	0
1011	1
1012	0
1013	2
1014	0
1015	1
1016	0
1017	1
1018	0
1019	2
1020	0
1021	2
1022	0
1023	1
1024	0
1025	1
1026	0
1027	1
1028	0
1029	2
1030	1
1031	2
1032	0
1033	3
1034	1
1035	3
1036	1
1037	3
1038	1
1039	3
1040	0
1041	2
1042	1
1043	3
1044	1
1045	3
1046	1
1047	3
1048	0
1049	4
1050	1
1051	3
1052	1
1053	3
1054	1
1055	3
1056	2
1057	2
1058	1
1059	3
1060	1
1061	2
1062	1
1063	3
1064	0
1065	2
1066	1
1067	3
1068	0
1069	3
1070	0
1071	2
1072	1
1073	2
1074	1
1075	2
1076	1
1077	2
1078	0
1079	2
1080	0
1081	1
1082	0
1083	1
1084	1
1085	2
1086	0
1087	1
1088	0
1089	2
1090	0
1091	0
1092	0
1093	1
1094	0
1095	2
1096	0
1097	2
1098	0
1099	1
1100	0
1101	1
1102	0
1103	1
1104	0
1105	1
1106	0
1107	1
1108	0
1109	1
1110	0
1111	1
1112	0
1113	1
1114	0
1115	0
1116	0
1117	1
1118	0
1119	1
1120	0
1121	2
1122	0
1123	1
1124	0
1125	2
1126	0
1127	2
1128	0
1129	1
1130	0
1131	1
1132	0
1133	1
1134	0
1135	1
1136	0
1137	2
1138	0
1139	2
1140	0
1141	1
1142	0
1143	1
1144	0
1145	1
1146	0
1147	0
1148	0
1149	0
1150	0
1151	1
1152	0
1153	1
1154	0
1155	1
1156	0
1157	1
1158	0
1159	1
1160	0
1161	1
1162	0
1163	1
1164	0
1165	0
1166	0
1167	1
1168	0
1169	1
1170	0
1171	1
1172	0
1173	2
1174	0
1175	1
1176	0
1177	1
1178	0
1179	1
1180	0
1181	1
1182	0
1183	2
1184	0
1185	1
1186	0
1187	2
1188	0
1189	2
1190	0
1191	2
1192	0
1193	2
1194	0
1195	1
1196	0
1197	0
1198	0
1199	1
1200	0
1201	1
1202	0
1203	1
1204	0
1205	1
1206	0
1207	2
1208	0
1209	0
1210	0
1211	0
1212	1
1213	1
1214	0
1215	1
1216	0
1217	2
1218	0
1219	1
1220	0
1221	2
1222	0
1223	0
1224	0
1225	0
1226	0
1227	1
1228	0
1229	1
1230	0
1231	1
1232	0
1233	0
1234	0
1235	1
1236	0
1237	0
1238	0
1239	0
1240	0
1241	2
1242	0
1243	1
1244	0
1245	0
1246	0
1247	0
1248	0
1249	1
1250	0
1251	2
1252	0
1253	1
1254	0
1255	1
1256	0
1257	1
1258	0
1259	2
1260	0
1261	2
1262	0
1263	1
1264	0
1265	2
1266	0
1267	1
1268	0
1269	2
1270	0
1271	2
1272	0
1273	0
1274	0
1275	2
1276	0
1277	1
1278	0
1279	1
1280	0
1281	2
1282	0
1283	1
1284	0
1285	0
1286	0
1287	1
1288	0
1289	1
1290	0
1291	1
1292	0
1293	0
1294	0
1295	1
1296	0
1297	1
1298	0
1299	1
1300	0
1301	0
1302	0
1303	1
1304	0
1305	2
1306	0
1307	1
1308	0
1309	1
1310	0
1311	2
1312	0
1313	1
1314	0
1315	0
1316	0
1317	1
1318	0
1319	1
1320	0
1321	1
1322	0
1323	1
1324	0
1325	1
1326	0
1327	2
1328	0
1329	1
1330	0
1331	1
1332	0
1333	1
1334	0
1335	1
1336	0
1337	0
1338	0
1339	1
1340	0
1341	1
1342	0
1343	0
1344	0
1345	1
1346	0
1347	2
1348	0
1349	1
1350	0
1351	1
1352	0
1353	2
1354	0
1355	1
1356	0
1357	1
1358	0
1359	2
1360	0
1361	1
1362	0
1363	0
1364	0
1365	1
1366	0
1367	2
1368	0
1369	2
1370	0
1371	2
1372	0
1373	1
1374	0
1375	2
1376	0
1377	1
1378	0
1379	1
1380	0
1381	0
1382	0
1383	0
1384	0
1385	0
1386	0
1387	1
1388	0
1389	1
1390	0
1391	2
1392	0
1393	2
1394	0
1395	2
1396	0
1397	1
1398	0
1399	2
1400	0
1401	1
1402	0
1403	3
1404	0
1405	3
1406	0
1407	3
1408	0
1409	3
1410	0
1411	1
1412	0
1413	2
1414	0
1415	3
1416	0
1417	2
1418	0
1419	2
1420	0
1421	1
1422	0
1423	1
1424	0
1425	1
1426	0
1427	1
1428	0
1429	2
1430	0
1431	1
1432	0
1433	2
1434	0
1435	1
1436	0
1437	2
1438	0
1439	2
1440	0
1441	1
1442	0
1443	1
1444	0
1445	2
1446	0
1447	2
1448	0
1449	1
1450	0
1451	1
1452	0
1453	1
1454	0
1455	1
1456	0
1457	1
1458	0
1459	1
1460	0
1461	1
1462	0
1463	3
1464	0
1465	1
1466	0
1467	1
1468	0
1469	0
1470	0
1471	1
1472	0
1473	1
1474	0
1475	1
1476	0
1477	2
1478	0
1479	0
1480	0
1481	2
1482	0
1483	0
1484	0
1485	1
1486	0
1487	3
1488	0
1489	1
1490	0
1491	2
1492	0
1493	2
1494	0
1495	1
1496	0
1497	2
1498	0
1499	1
1500	0
1501	2
1502	0
1503	2
1504	0
1505	2
1506	0
1507	2
1508	0
1509	2
1510	0
1511	0
1512	0
1513	1
1514	0
1515	2
1516	0
1517	2
1518	0
1519	1
1520	0
1521	2
1522	0
1523	3
1524	0
1525	3
1526	0
1527	2
1528	0
1529	2
1530	0
1531	2
1532	0
1533	2
1534	0
1535	2
1536	0
1537	2
1538	0
1539	2
1540	0
1541	2
1542	0
1543	3
1544	0
1545	2
1546	0
1547	1
1548	0
1549	2
1550	0
1551	3
1552	0
1553	2
1554	1
1555	4
1556	0
1557	2
1558	0
1559	1
1560	0
1561	2
1562	0
1563	2
1564	0
1565	2
1566	0
1567	1
1568	0
1569	1
1570	0
1571	2
1572	0
1573	2
1574	0
1575	1
1576	0
1577	1
1578	0
1579	1
1580	0
1581	2
1582	0
1583	2
1584	0
1585	2
1586	0
1587	2
1588	0
1589	2
1590	0
1591	1
1592	0
1593	1
1594	0
1595	2
1596	0
1597	3
1598	0
1599	1
1600	0
1601	1
1602	0
1603	1
1604	0
1605	1
1606	0
1607	1
1608	0
1609	1
1610	0
1611	2
1612	0
1613	4
1614	0
1615	2
1616	0
1617	2
1618	0
1619	1
1620	0
1621	3
1622	0
1623	2
1624	0
1625	3
1626	0
1627	5
1628	0
1629	6
1630	0
1631	5
1632	1
1633	4
1634	1
1635	4
1636	1
1637	4
1638	1
1639	5
1640	1
1641	4
1642	2
1643	4
1644	1
1645	4
1646	1
1647	3
1648	1
1649	3
1650	1
1651	3
1652	1
1653	3
1654	1
1655	3
1656	1
1657	4
1658	1
1659	4
1660	1
1661	4
1662	1
1663	3
1664	0
1665	3
1666	1
1667	3
1668	1
1669	3
1670	1
1671	3
1672	1
1673	4
1674	2
1675	4
1676	1
1677	4
1678	0
1679	3
1680	1
1681	3
1682	1
1683	3
1684	1
1685	4
1686	1
1687	4
1688	1
1689	4
1690	0
1691	2
1692	0
1693	2
1694	0
1695	2
1696	0
1697	4
1698	0
1699	3
1700	0
1701	3
1702	0
1703	2
1704	0
1705	4
1706	0
1707	3
1708	0
1709	3
1710	0
1711	2
1712	0
1713	1
1714	0
1715	3
1716	0
1717	1
1718	0
1719	3
1720	0
1721	3
1722	0
1723	2
1724	0
1725	1
1726	0
1727	3
1728	0
1729	3
1730	0
1731	4
1732	0
1733	2
1734	0
1735	2
1736	0
1737	2
1738	0
1739	1
1740	0
1741	3
1742	0
1743	1
1744	0
1745	1
1746	0
1747	1
1748	0
1749	1
1750	0
1751	3
1752	0
1753	2
1754	0
1755	2
1756	0
1757	3
1758	0
1759	2
1760	0
1761	3
1762	0
1763	2
1764	0
1765	3
1766	0
1767	3
1768	0
1769	3
1770	0
1771	2
1772	0
1773	3
1774	0
1775	0
1776	0
1777	2
1778	0
1779	2
1780	0
1781	2
1782	0
1783	2
1784	0
1785	3
1786	0
1787	2
1788	0
1789	3
1790	0
1791	3
1792	0
1793	3
1794	0
1795	3
1796	0
1797	2
1798	0
1799	1
1800	0
1801	4
1802	0
1803	1
1804	0
1805	1
1806	0
1807	1
1808	0
1809	1
1810	0
1811	2
1812	0
1813	3
1814	0
1815	2
1816	0
1817	1
1818	0
1819	1
1820	0
1821	1
1822	0
1823	0
1824	0
1825	2
1826	0
1827	2
1828	0
1829	2
1830	0
1831	2
1832	0
1833	3
1834	0
1835	2
1836	0
1837	2
1838	0
1839	3
1840	0
1841	2
1842	0
1843	2
1844	1
1845	3
1846	0
1847	4
1848	0
1849	3
1850	1
1851	3
1852	1
1853	2
1854	1
1855	3
1856	1
1857	4
1858	1
1859	5
1860	2
1861	4
1862	1
1863	3
1864	2
1865	3
1866	1
1867	3
1868	1
1869	2
1870	1
1871	3
1872	1
1873	4
1874	1
1875	4
1876	1
1877	3
1878	1
1879	3
1880	0
1881	4
1882	1
1883	4
1884	1
1885	5
1886	1
1887	4
1888	1
1889	4
1890	1
1891	5
1892	1
1893	4
1894	1
1895	4
1896	1
1897	3
1898	1
1899	3
1900	1
1901	3
1902	1
1903	4
1904	1
1905	4
1906	1
1907	4
1908	1
1909	2
1910	2
1911	4
1912	0
1913	4
1914	1
1915	3
1916	1
1917	2
1918	0
1919	2
1920	0
1921	2
1922	1
1923	2
1924	0
1925	2
1926	0
1927	2
1928	0
1929	1
1930	0
1931	2
1932	0
1933	1
1934	1
1935	2
1936	0
1937	1
1938	0
1939	2
1940	0
1941	4
1942	0
1943	2
1944	0
1945	2
1946	1
1947	3
1948	0
1949	2
1950	0
1951	3
1952	0
1953	2
1954	0
1955	2
1956	0
1957	4
1958	0
1959	2
1960	0
1961	2
1962	0
1963	2
1964	0
1965	2
1966	0
1967	3
1968	0
1969	1
1970	0
1971	2
1972	0
1973	2
1974	0
1975	2
1976	0
1977	1
1978	0
1979	2
1980	0
1981	2
1982	0
1983	4
1984	0
1985	3
1986	0
1987	3
1988	0
1989	3
1990	1
1991	3
1992	0
1993	4
1994	1
1995	3
1996	0
1997	3
1998	0
1999	3
