0	3
1	4
2	2
3	3
4	1
5	4
6	1
7	3
8	2
9	2
10	0
11	4
12	1
13	4
14	1
15	3
16	1
17	2
18	1
19	5
20	2
21	3
22	1
23	4
24	1
25	4
26	3
27	5
28	1
29	5
30	2
31	3
32	2
33	4
34	1
35	4
36	3
37	6
38	3
39	4
40	2
41	7
42	3
43	4
44	3
45	5
46	4
47	4
48	1
49	4
50	0
51	4
52	1
53	5
54	2
55	5
56	1
57	4
58	1
59	4
60	1
61	5
62	1
63	4
64	2
65	4
66	1
67	4
68	2
69	5
70	2
71	4
72	2
73	4
74	3
75	4
76	1
77	5
78	2
79	3
80	2
81	4
82	2
83	5
84	2
85	4
86	1
87	5
88	2
89	4
90	2
91	3
92	2
93	5
94	2
95	5
96	2
97	5
98	2
99	4
100	1
101	2
102	1
103	4
104	2
105	4
106	3
107	3
108	1
109	3
110	0
111	4
112	2
113	4
114	1
115	4
116	2
117	3
118	1
119	4
120	1
121	5
122	2
123	5
124	0
125	4
126	2
127	4
128	1
129	4
130	1
131	3
132	2
133	3
134	2
135	4
136	1
137	4
138	3
139	5
140	1
141	6
142	3
143	5
144	3
145	4
146	1
147	4
148	2
149	4
150	2
151	4
152	2
153	3
154	2
155	4
156	1
157	4
158	2
159	5
160	3
161	6
162	2
163	3
164	2
165	4
166	3
167	4
168	1
169	3
170	1
171	3
172	2
173	4
174	3
175	5
176	3
177	4
178	2
179	4
180	3
181	4
182	3
183	4
184	2
185	6
186	2
187	4
188	2
189	4
190	3
191	4
192	3
193	4
194	2
195	5
196	2
197	5
198	2
199	4
200	2
201	4
202	1
203	5
204	2
205	4
206	2
207	5
208	1
209	4
210	0
211	5
212	1
213	4
214	2
215	5
216	0
217	3
218	2
219	4
220	1
221	3
222	2
223	3
224	2
225	3
226	3
227	4
228	3
229	4
230	3
231	5
232	1
233	4
234	2
235	4
236	2
237	4
238	2
239	4
240	2
241	6
242	2
243	6
244	2
245	4
246	3
247	3
248	1
249	3
250	1
251	3
252	3
253	4
254	1
255	3
256	2
257	5
258	2
259	4
260	1
261	5
262	2
263	4
264	3
265	4
266	3
267	7
268	1
269	5
270	1
271	4
272	2
273	6
274	4
275	4
276	3
277	5
278	2
279	4
280	4
281	4
282	2
283	4
284	2
285	3
286	3
287	5
288	2
289	5
290	2
291	4
292	2
293	5
294	1
295	4
296	1
297	4
298	2
299	3
300	3
301	3
302	2
303	3
304	3
305	4
306	1
307	3
308	1
309	4
310	2
311	5
312	3
313	4
314	2
315	3
316	2
317	5
318	4
319	5
320	3
321	6
322	3
323	4
324	3
325	7
326	3
327	5
328	3
329	4
330	3
331	5
332	3
333	4
334	2
335	5
336	2
337	4
338	2
339	5
340	2
341	2
342	2
343	4
344	3
345	4
346	3
347	4
348	2
349	4
350	2
351	5
352	3
353	3
354	1
355	2
356	2
357	4
358	2
359	3
360	1
361	4
362	1
363	4
364	1
365	4
366	1
367	3
368	2
369	5
370	1
371	3
372	1
373	3
374	1
375	4
376	3
377	3
378	2
379	3
380	2
381	2
382	1
383	4
384	2
385	4
386	1
387	2
388	2
389	4
390	2
391	4
392	1
393	5
394	1
395	4
396	3
397	4
398	4
399	4
400	1
401	6
402	3
403	6
404	2
405	5
406	2
407	4
408	2
409	4
410	3
411	4
412	3
413	5
414	1
415	3
416	1
417	4
418	1
419	5
420	2
421	5
422	2
423	6
424	2
425	7
426	4
427	7
428	4
429	6
430	4
431	7
432	5
433	9
434	9
435	9
436	11
437	14
438	13
439	15
440	16
441	19
442	20
443	23
444	23
445	27
446	29
447	31
448	34
449	35
450	37
451	40
452	42
453	44
454	46
455	50
456	50
457	53
458	56
459	57
460	57
461	60
462	60
463	63
464	63
465	66
466	66
467	68
468	68
469	67
470	68
471	69
472	69
473	71
474	71
475	73
476	72
477	72
478	73
479	74
480	73
481	74
482	72
483	74
484	71
485	74
486	74
487	75
488	73
489	74
490	73
491	74
492	71
493	72
494	71
495	74
496	73
497	74
498	74
499	78
500	62
501	72
502	68
503	68
504	67
505	67
506	67
507	67
508	66
509	66
510	63
511	63
512	60
513	61
514	59
515	59
516	58
517	59
518	58
519	58
520	53
521	54
522	51
523	53
524	49
525	50
526	47
527	50
528	46
529	47
530	45
531	45
532	43
533	42
534	40
535	40
536	37
537	37
538	36
539	35
540	33
541	33
542	31
543	32
544	31
545	30
546	29
547	28
548	27
549	28
550	26
551	27
552	25
553	25
554	24
555	24
556	21
557	22
558	19
559	21
560	16
561	18
562	16
563	17
564	15
565	17
566	13
567	15
568	12
569	14
570	11
571	13
572	11
573	12
574	9
575	11
576	9
577	9
578	6
579	8
580	6
581	8
582	5
583	7
584	6
585	6
586	5
587	7
588	5
589	6
590	4
591	6
592	5
593	5
594	4
595	5
596	4
597	6
598	4
599	4
600	3
601	4
602	3
603	4
604	3
605	3
606	2
607	3
608	1
609	2
610	1
611	3
612	1
613	1
614	1
615	2
616	1
617	2
618	0
619	1
620	0
621	1
622	0
623	1
624	0
625	0
626	0
627	0
628	0
629	0
630	0
631	1
632	0
633	1
634	0
635	1
636	0
637	0
638	0
639	1
640	0
641	0
642	0
643	0
644	-1
645	0
646	0
647	0
648	0
649	0
650	0
651	0
652	0
653	0
654	0
655	0
656	0
657	0
658	0
659	0
660	0
661	0
662	0
663	0
664	0
665	0
666	0
667	1
668	0
669	0
670	0
671	1
672	0
673	0
674	0
675	0
676	0
677	1
678	0
679	1
680	0
681	1
682	0
683	2
684	0
685	1
686	0
687	0
688	0
689	0
690	0
691	1
692	0
693	0
694	0
695	0
696	0
697	0
698	0
699	0
700	0
701	0
702	0
703	0
704	0
705	0
706	0
707	0
708	0
709	0
710	0
711	0
712	0
713	0
714	0
715	0
716	0
717	1
718	0
719	1
720	0
721	0
722	0
723	0
724	0
725	1
726	0
727	0
728	0
729	0
730	0
731	1
732	0
733	0
734	0
735	0
736	0
737	0
738	0
739	0
740	0
741	0
742	0
743	0
744	0
745	0
746	0
747	0
748	0
749	0
750	0
751	0
752	0
753	0
754	0
755	0
756	0
757	0
758	0
759	0
760	0
761	0
762	0
763	0
764	0
765	0
766	0
767	0
768	0
769	0
770	0
771	0
772	0
773	0
774	0
775	0
776	0
777	0
778	0
779	0
780	0
781	0
782	0
783	0
784	0
785	0
786	0
787	0
788	0
789	0
790	0
791	0
792	0
793	0
794	0
795	0
796	0
797	0
798	0
799	0
800	0
801	0
802	0
803	0
804	0
805	0
806	0
807	0
808	0
809	0
810	0
811	0
812	0
813	0
814	0
815	0
816	0
817	0
818	0
819	0
820	0
821	0
822	0
823	0
824	0
825	0
826	0
827	0
828	0
829	0
830	0
831	0
832	0
833	0
834	0
835	0
836	0
837	0
838	0
839	0
840	0
841	0
842	0
843	0
844	0
845	0
846	0
847	0
848	0
849	0
850	0
851	0
852	0
853	0
854	0
855	0
856	0
857	0
858	0
859	0
860	0
861	0
862	0
863	0
864	0
865	0
866	0
867	0
868	0
869	1
870	0
871	0
872	0
873	0
874	0
875	0
876	0
877	0
878	0
879	0
880	0
881	0
882	0
883	0
884	0
885	0
886	0
887	0
888	0
889	0
890	0
891	0
892	0
893	0
894	0
895	0
896	0
897	0
898	0
899	0
900	0
901	0
902	0
903	0
904	0
905	0
906	0
907	0
908	0
909	0
910	0
911	0
912	0
913	0
914	0
915	0
916	0
917	0
918	0
919	0
920	0
921	0
922	0
923	0
924	0
925	0
926	0
927	0
928	0
929	0
930	0
931	0
932	0
933	0
934	0
935	0
936	0
937	0
938	0
939	0
940	0
941	0
942	0
943	0
944	0
945	0
946	0
947	0
948	0
949	0
950	0
951	0
952	0
953	0
954	0
955	0
956	0
957	0
958	0
959	0
960	0
961	0
962	0
963	0
964	0
965	0
966	0
967	1
968	0
969	1
970	0
971	0
972	0
973	0
974	0
975	0
976	0
977	0
978	0
979	0
980	0
981	0
982	0
983	0
984	0
985	0
986	0
987	0
988	0
989	0
990	0
991	0
992	0
993	0
994	0
995	0
996	0
997	0
998	0
999	0
1000	0
1001	0
1002	0
1003	0
1004	0
1005	0
1006	0
1007	0
1008	0
1009	0
1010	0
1011	1
1012	0
1013	0
1014	0
1015	1
1016	0
1017	1
1018	1
1019	1
1020	1
1021	1
1022	1
1023	1
1024	1
1025	2
1026	1
1027	1
1028	1
1029	2
1030	2
1031	3
1032	2
1033	2
1034	1
1035	1
1036	1
1037	2
1038	1
1039	0
1040	1
1041	0
1042	1
1043	1
1044	1
1045	1
1046	0
1047	0
1048	1
1049	0
1050	0
1051	0
1052	0
1053	1
1054	0
1055	1
1056	0
1057	0
1058	0
1059	1
1060	0
1061	1
1062	0
1063	2
1064	1
1065	1
1066	1
1067	2
1068	0
1069	1
1070	1
1071	2
1072	1
1073	1
1074	1
1075	1
1076	1
1077	1
1078	1
1079	1
1080	1
1081	1
1082	1
1083	1
1084	1
1085	1
1086	1
1087	1
1088	1
1089	0
1090	0
1091	0
1092	0
1093	0
1094	0
1095	0
1096	0
1097	0
1098	0
1099	0
1100	0
1101	0
1102	0
1103	0
1104	0
1105	0
1106	0
1107	0
1108	0
1109	0
1110	0
1111	1
1112	0
1113	0
1114	0
1115	0
1116	0
1117	0
1118	0
1119	0
1120	1
1121	0
1122	0
1123	2
1124	0
1125	1
1126	0
1127	1
1128	0
1129	0
1130	0
1131	0
1132	1
1133	0
1134	0
1135	0
1136	0
1137	0
1138	0
1139	0
1140	0
1141	0
1142	0
1143	0
1144	0
1145	0
1146	0
1147	0
1148	0
1149	0
1150	0
1151	0
1152	0
1153	0
1154	0
1155	0
1156	0
1157	0
1158	0
1159	0
1160	0
1161	0
1162	0
1163	1
1164	0
1165	0
1166	0
1167	0
1168	0
1169	0
1170	0
1171	0
1172	0
1173	0
1174	0
1175	0
1176	0
1177	0
1178	0
1179	0
1180	0
1181	0
1182	0
1183	0
1184	0
1185	0
1186	0
1187	0
1188	0
1189	0
1190	0
1191	0
1192	0
1193	0
1194	0
1195	0
1196	0
1197	0
1198	0
1199	1
1200	0
1201	0
1202	0
1203	1
1204	0
1205	1
1206	0
1207	1
1208	0
1209	2
1210	0
1211	0
1212	1
1213	1
1214	0
1215	0
1216	0
1217	0
1218	0
1219	0
1220	0
1221	0
1222	0
1223	0
1224	0
1225	0
1226	0
1227	0
1228	0
1229	0
1230	0
1231	1
1232	0
1233	0
1234	0
1235	0
1236	0
1237	0
1238	0
1239	0
1240	0
1241	0
1242	0
1243	0
1244	0
1245	0
1246	0
1247	0
1248	0
1249	0
1250	0
1251	0
1252	0
1253	1
1254	0
1255	1
1256	0
1257	0
1258	0
1259	1
1260	0
1261	1
1262	0
1263	1
1264	0
1265	1
1266	0
1267	0
1268	0
1269	1
1270	0
1271	1
1272	0
1273	1
1274	1
1275	1
1276	2
1277	1
1278	1
1279	2
1280	2
1281	2
1282	1
1283	3
1284	1
1285	2
1286	1
1287	2
1288	1
1289	2
1290	1
1291	2
1292	1
1293	2
1294	2
1295	2
1296	1
1297	1
1298	1
1299	2
1300	2
1301	3
1302	2
1303	2
1304	0
1305	2
1306	1
1307	1
1308	0
1309	2
1310	1
1311	2
1312	1
1313	1
1314	1
1315	2
1316	1
1317	1
1318	1
1319	2
1320	2
1321	2
1322	1
1323	2
1324	2
1325	2
1326	3
1327	2
1328	2
1329	1
1330	2
1331	3
1332	2
1333	2
1334	1
1335	2
1336	1
1337	2
1338	1
1339	1
1340	1
1341	2
1342	1
1343	2
1344	1
1345	1
1346	1
1347	1
1348	0
1349	1
1350	0
1351	1
1352	0
1353	0
1354	0
1355	0
1356	0
1357	0
1358	0
1359	1
1360	0
1361	1
1362	0
1363	1
1364	0
1365	2
1366	0
1367	1
1368	0
1369	0
1370	0
1371	0
1372	0
1373	0
1374	0
1375	0
1376	0
1377	0
1378	0
1379	1
1380	0
1381	1
1382	0
1383	0
1384	0
1385	1
1386	0
1387	0
1388	0
1389	2
1390	0
1391	1
1392	0
1393	0
1394	0
1395	0
1396	0
1397	0
1398	0
1399	0
1400	0
1401	0
1402	0
1403	0
1404	0
1405	1
1406	0
1407	1
1408	0
1409	0
1410	0
1411	0
1412	0
1413	0
1414	1
1415	1
1416	0
1417	1
1418	0
1419	2
1420	0
1421	0
1422	0
1423	1
1424	0
1425	1
1426	0
1427	0
1428	0
1429	1
1430	0
1431	1
1432	0
1433	1
1434	0
1435	0
1436	0
1437	0
1438	0
1439	0
1440	0
1441	0
1442	0
1443	0
1444	0
1445	0
1446	0
1447	1
1448	0
1449	0
1450	0
1451	0
1452	0
1453	0
1454	0
1455	0
1456	0
1457	1
1458	0
1459	1
1460	1
1461	1
1462	0
1463	1
1464	1
1465	1
1466	0
1467	1
1468	0
1469	0
1470	0
1471	0
1472	0
1473	1
1474	0
1475	0
1476	0
1477	0
1478	0
1479	1
1480	0
1481	0
1482	0
1483	0
1484	0
1485	0
1486	0
1487	0
1488	0
1489	0
1490	0
1491	1
1492	0
1493	1
1494	0
1495	0
1496	0
1497	0
1498	0
1499	1
1500	0
1501	0
1502	0
1503	0
1504	0
1505	0
1506	0
1507	1
1508	0
1509	1
1510	0
1511	1
1512	0
1513	0
1514	0
1515	1
1516	0
1517	1
1518	0
1519	1
1520	0
1521	1
1522	0
1523	1
1524	0
1525	2
1526	0
1527	2
1528	1
1529	1
1530	1
1531	2
1532	0
1533	2
1534	0
1535	1
1536	0
1537	0
1538	0
1539	0
1540	0
1541	1
1542	0
1543	0
1544	0
1545	1
1546	0
1547	1
1548	0
1549	1
1550	1
1551	1
1552	0
1553	2
1554	0
1555	1
1556	1
1557	2
1558	0
1559	0
1560	0
1561	1
1562	0
1563	0
1564	0
1565	1
1566	0
1567	0
1568	0
1569	1
1570	0
1571	0
1572	0
1573	0
1574	0
1575	1
1576	0
1577	1
1578	0
1579	0
1580	0
1581	0
1582	0
1583	0
1584	0
1585	0
1586	0
1587	1
1588	0
1589	0
1590	0
1591	1
1592	0
1593	2
1594	1
1595	1
1596	1
1597	1
1598	1
1599	1
1600	1
1601	1
1602	0
1603	1
1604	0
1605	1
1606	1
1607	1
1608	0
1609	0
1610	1
1611	0
1612	0
1613	1
1614	0
1615	1
1616	0
1617	1
1618	0
1619	1
1620	0
1621	1
1622	0
1623	0
1624	0
1625	2
1626	0
1627	0
1628	0
1629	1
1630	0
1631	2
1632	0
1633	1
1634	0
1635	1
1636	0
1637	1
1638	0
1639	0
1640	0
1641	0
1642	0
1643	1
1644	0
1645	1
1646	0
1647	2
1648	0
1649	2
1650	0
1651	1
1652	0
1653	1
1654	1
1655	1
1656	0
1657	3
1658	0
1659	1
1660	1
1661	1
1662	1
1663	1
1664	0
1665	0
1666	0
1667	0
1668	0
1669	0
1670	0
1671	1
1672	0
1673	1
1674	0
1675	2
1676	0
1677	1
1678	0
1679	2
1680	1
1681	1
1682	0
1683	1
1684	0
1685	2
1686	1
1687	1
1688	0
1689	2
1690	0
1691	3
1692	0
1693	3
1694	1
1695	2
1696	0
1697	1
1698	1
1699	1
1700	1
1701	0
1702	0
1703	0
1704	1
1705	2
1706	1
1707	2
1708	0
1709	2
1710	0
1711	2
1712	0
1713	2
1714	0
1715	0
1716	0
1717	0
1718	0
1719	2
1720	0
1721	1
1722	0
1723	2
1724	0
1725	1
1726	0
1727	1
1728	0
1729	1
1730	0
1731	1
1732	0
1733	1
1734	0
1735	0
1736	0
1737	0
1738	1
1739	1
1740	1
1741	1
1742	0
1743	1
1744	0
1745	1
1746	0
1747	1
1748	0
1749	0
1750	0
1751	0
1752	0
1753	0
1754	0
1755	1
1756	0
1757	2
1758	1
1759	0
1760	1
1761	1
1762	1
1763	3
1764	0
1765	1
1766	0
1767	2
1768	0
1769	2
1770	1
1771	1
1772	1
1773	2
1774	0
1775	3
1776	0
1777	2
1778	1
1779	3
1780	1
1781	2
1782	1
1783	1
1784	0
1785	2
1786	0
1787	1
1788	0
1789	3
1790	1
1791	2
1792	0
1793	1
1794	1
1795	1
1796	1
1797	0
1798	0
1799	1
1800	0
1801	2
1802	0
1803	1
1804	0
1805	1
1806	0
1807	0
1808	0
1809	1
1810	0
1811	1
1812	0
1813	1
1814	1
1815	1
1816	0
1817	2
1818	0
1819	2
1820	0
1821	2
1822	2
1823	2
1824	1
1825	1
1826	0
1827	2
1828	1
1829	2
1830	1
1831	2
1832	0
1833	2
1834	1
1835	2
1836	0
1837	3
1838	0
1839	1
1840	1
1841	2
1842	1
1843	1
1844	1
1845	1
1846	0
1847	2
1848	0
1849	2
1850	1
1851	1
1852	0
1853	3
1854	1
1855	2
1856	0
1857	4
1858	1
1859	4
1860	0
1861	3
1862	1
1863	3
1864	2
1865	2
1866	2
1867	4
1868	1
1869	4
1870	2
1871	5
1872	2
1873	4
1874	3
1875	4
1876	3
1877	4
1878	4
1879	6
1880	3
1881	4
1882	2
1883	3
1884	1
1885	3
1886	2
1887	2
1888	2
1889	2
1890	2
1891	2
1892	2
1893	3
1894	2
1895	3
1896	3
1897	4
1898	3
1899	4
1900	2
1901	4
1902	2
1903	3
1904	2
1905	5
1906	2
1907	3
1908	3
1909	4
1910	3
1911	3
1912	2
1913	3
1914	1
1915	3
1916	2
1917	3
1918	2
1919	3
1920	1
1921	3
1922	2
1923	3
1924	2
1925	4
1926	1
1927	3
1928	3
1929	3
1930	2
1931	3
1932	2
1933	4
1934	2
1935	4
1936	2
1937	3
1938	2
1939	3
1940	1
1941	3
1942	1
1943	2
1944	1
1945	3
1946	1
1947	2
1948	1
1949	2
1950	2
1951	4
1952	1
1953	3
1954	3
1955	2
1956	2
1957	2
1958	1
1959	2
1960	1
1961	2
1962	0
1963	2
1964	1
1965	3
1966	2
1967	2
1968	1
1969	3
1970	1
1971	2
1972	1
1973	3
1974	2
1975	4
1976	2
1977	3
1978	2
1979	3
1980	3
1981	3
1982	2
1983	3
1984	2
1985	4
1986	3
1987	3
1988	2
1989	4
1990	2
1991	3
1992	2
1993	3
1994	2
1995	4
1996	1
1997	4
1998	2
1999	4
