0	4
1	2
2	2
3	3
4	2
5	2
6	2
7	2
8	4
9	3
10	4
11	1
12	3
13	2
14	4
15	1
16	2
17	2
18	2
19	3
20	3
21	3
22	3
23	1
24	2
25	2
26	3
27	3
28	4
29	1
30	4
31	3
32	3
33	4
34	4
35	4
36	4
37	4
38	4
39	3
40	5
41	5
42	3
43	5
44	4
45	4
46	4
47	6
48	4
49	5
50	4
51	4
52	5
53	5
54	5
55	4
56	3
57	5
58	3
59	5
60	5
61	5
62	4
63	4
64	4
65	4
66	3
67	5
68	4
69	3
70	4
71	4
72	4
73	3
74	3
75	3
76	2
77	3
78	3
79	4
80	3
81	3
82	3
83	2
84	3
85	3
86	2
87	3
88	4
89	4
90	2
91	4
92	3
93	5
94	3
95	4
96	1
97	3
98	3
99	1
100	2
101	4
102	3
103	3
104	4
105	3
106	3
107	4
108	2
109	3
110	3
111	2
112	4
113	2
114	3
115	2
116	2
117	2
118	1
119	2
120	3
121	3
122	4
123	4
124	3
125	5
126	4
127	4
128	4
129	4
130	4
131	3
132	3
133	4
134	3
135	3
136	2
137	4
138	2
139	3
140	3
141	3
142	3
143	3
144	2
145	3
146	2
147	4
148	3
149	4
150	3
151	4
152	3
153	3
154	3
155	4
156	4
157	3
158	3
159	3
160	2
161	3
162	3
163	4
164	4
165	3
166	3
167	2
168	3
169	2
170	2
171	2
172	1
173	3
174	3
175	2
176	4
177	2
178	3
179	2
180	1
181	2
182	2
183	3
184	2
185	3
186	3
187	4
188	2
189	3
190	3
191	2
192	5
193	2
194	3
195	3
196	2
197	3
198	4
199	3
200	3
201	4
202	3
203	3
204	2
205	2
206	1
207	4
208	2
209	3
210	2
211	3
212	2
213	3
214	1
215	2
216	3
217	4
218	3
219	4
220	3
221	2
222	2
223	2
224	2
225	4
226	3
227	3
228	4
229	3
230	3
231	4
232	3
233	4
234	3
235	4
236	2
237	3
238	2
239	3
240	4
241	2
242	4
243	3
244	3
245	2
246	2
247	2
248	1
249	2
250	2
251	1
252	3
253	2
254	3
255	2
256	2
257	3
258	2
259	3
260	1
261	3
262	2
263	3
264	1
265	3
266	2
267	3
268	2
269	4
270	2
271	5
272	4
273	4
274	3
275	4
276	4
277	4
278	3
279	4
280	3
281	4
282	2
283	4
284	4
285	4
286	4
287	4
288	2
289	4
290	3
291	3
292	4
293	4
294	4
295	4
296	4
297	4
298	3
299	4
300	4
301	5
302	3
303	4
304	2
305	4
306	4
307	4
308	2
309	4
310	3
311	3
312	3
313	3
314	2
315	4
316	2
317	2
318	1
319	4
320	2
321	3
322	2
323	1
324	1
325	2
326	1
327	2
328	1
329	3
330	1
331	1
332	2
333	4
334	3
335	3
336	3
337	3
338	4
339	2
340	4
341	2
342	5
343	3
344	4
345	3
346	3
347	4
348	3
349	3
350	2
351	4
352	2
353	3
354	3
355	4
356	2
357	4
358	3
359	2
360	2
361	2
362	2
363	4
364	1
365	3
366	1
367	3
368	0
369	2
370	2
371	3
372	1
373	1
374	0
375	2
376	3
377	1
378	3
379	3
380	3
381	3
382	2
383	3
384	2
385	3
386	2
387	3
388	2
389	3
390	2
391	1
392	4
393	3
394	3
395	3
396	3
397	3
398	3
399	4
400	2
401	5
402	3
403	3
404	3
405	4
406	2
407	3
408	3
409	2
410	2
411	3
412	4
413	3
414	2
415	2
416	2
417	3
418	3
419	3
420	3
421	3
422	2
423	3
424	2
425	3
426	4
427	3
428	3
429	4
430	4
431	4
432	3
433	5
434	5
435	7
436	10
437	11
438	11
439	13
440	14
441	17
442	18
443	22
444	23
445	26
446	29
447	33
448	36
449	38
450	40
451	45
452	46
453	49
454	51
455	55
456	58
457	61
458	61
459	64
460	65
461	67
462	69
463	71
464	74
465	74
466	74
467	76
468	76
469	78
470	78
471	80
472	79
473	80
474	80
475	82
476	80
477	82
478	82
479	82
480	82
481	81
482	80
483	80
484	80
485	79
486	79
487	79
488	78
489	80
490	77
491	77
492	74
493	74
494	73
495	74
496	74
497	75
498	75
499	78
500	62
501	69
502	66
503	67
504	66
505	66
506	65
507	64
508	61
509	61
510	59
511	59
512	57
513	56
514	56
515	56
516	55
517	53
518	52
519	51
520	48
521	47
522	45
523	45
524	43
525	43
526	41
527	42
528	40
529	41
530	39
531	37
532	37
533	35
534	33
535	32
536	30
537	29
538	29
539	27
540	28
541	26
542	25
543	25
544	24
545	25
546	23
547	23
548	23
549	22
550	21
551	22
552	18
553	19
554	17
555	18
556	16
557	16
558	15
559	16
560	12
561	13
562	11
563	11
564	11
565	9
566	9
567	9
568	8
569	9
570	9
571	7
572	7
573	6
574	6
575	5
576	5
577	5
578	4
579	3
580	4
581	3
582	3
583	3
584	2
585	3
586	2
587	3
588	3
589	3
590	2
591	3
592	2
593	3
594	2
595	2
596	1
597	3
598	3
599	2
600	2
601	2
602	2
603	1
604	1
605	1
606	1
607	2
608	1
609	0
610	1
611	1
612	0
613	1
614	1
615	1
616	0
617	0
618	1
619	2
620	0
621	2
622	1
623	0
624	0
625	0
626	0
627	0
628	0
629	0
630	0
631	0
632	0
633	0
634	0
635	0
636	0
637	0
638	0
639	0
640	0
641	0
642	0
643	0
644	0
645	0
646	0
647	0
648	0
649	0
650	0
651	0
652	0
653	0
654	0
655	0
656	0
657	0
658	0
659	0
660	1
661	0
662	1
663	1
664	1
665	0
666	0
667	1
668	1
669	1
670	1
671	0
672	1
673	1
674	1
675	1
676	1
677	1
678	1
679	1
680	0
681	0
682	0
683	1
684	1
685	1
686	2
687	1
688	1
689	1
690	2
691	1
692	2
693	2
694	2
695	3
696	1
697	2
698	1
699	2
700	1
701	1
702	1
703	1
704	1
705	1
706	1
707	1
708	0
709	0
710	0
711	0
712	1
713	1
714	1
715	1
716	0
717	1
718	0
719	1
720	1
721	0
722	1
723	0
724	0
725	0
726	0
727	0
728	0
729	0
730	0
731	0
732	0
733	0
734	0
735	0
736	0
737	0
738	0
739	0
740	0
741	0
742	1
743	1
744	1
745	1
746	1
747	0
748	0
749	1
750	1
751	0
752	1
753	0
754	0
755	0
756	0
757	0
758	0
759	1
760	0
761	0
762	0
763	0
764	0
765	0
766	0
767	0
768	0
769	0
770	0
771	0
772	0
773	0
774	0
775	0
776	0
777	0
778	0
779	0
780	0
781	0
782	0
783	0
784	0
785	0
786	0
787	0
788	0
789	0
790	0
791	0
792	1
793	0
794	0
795	0
796	0
797	0
798	0
799	0
800	0
801	0
802	0
803	0
804	0
805	0
806	0
807	0
808	0
809	1
810	0
811	1
812	0
813	0
814	1
815	0
816	1
817	1
818	1
819	1
820	1
821	2
822	1
823	2
824	1
825	2
826	2
827	2
828	2
829	2
830	2
831	2
832	1
833	2
834	1
835	2
836	1
837	2
838	2
839	2
840	1
841	2
842	2
843	2
844	2
845	3
846	2
847	2
848	3
849	2
850	3
851	3
852	3
853	3
854	3
855	3
856	3
857	3
858	3
859	3
860	3
861	3
862	3
863	3
864	2
865	3
866	3
867	3
868	2
869	3
870	2
871	2
872	2
873	2
874	3
875	2
876	3
877	3
878	2
879	2
880	2
881	3
882	2
883	3
884	3
885	3
886	2
887	1
888	1
889	2
890	2
891	1
892	2
893	2
894	1
895	2
896	1
897	1
898	0
899	1
900	2
901	2
902	1
903	2
904	2
905	2
906	1
907	2
908	0
909	1
910	0
911	0
912	0
913	0
914	0
915	0
916	0
917	0
918	0
919	0
920	0
921	0
922	0
923	0
924	0
925	0
926	0
927	0
928	0
929	0
930	0
931	0
932	0
933	0
934	0
935	0
936	0
937	0
938	0
939	1
940	1
941	0
942	0
943	0
944	0
945	0
946	1
947	1
948	1
949	1
950	0
951	1
952	0
953	1
954	1
955	0
956	0
957	0
958	0
959	0
960	0
961	0
962	0
963	0
964	0
965	0
966	0
967	0
968	0
969	0
970	0
971	0
972	0
973	0
974	0
975	0
976	0
977	0
978	0
979	0
980	0
981	0
982	0
983	0
984	0
985	0
986	0
987	0
988	0
989	0
990	0
991	0
992	0
993	0
994	0
995	0
996	0
997	0
998	0
999	0
1000	0
1001	0
1002	0
1003	0
1004	0
1005	0
1006	0
1007	0
1008	0
1009	0
1010	0
1011	0
1012	0
1013	0
1014	0
1015	0
1016	0
1017	0
1018	0
1019	0
1020	0
1021	0
1022	0
1023	0
1024	0
1025	0
1026	0
1027	0
1028	0
1029	0
1030	0
1031	0
1032	0
1033	0
1034	0
1035	0
1036	0
1037	0
1038	0
1039	0
1040	0
1041	0
1042	0
1043	0
1044	0
1045	0
1046	0
1047	0
1048	0
1049	0
1050	0
1051	0
1052	0
1053	0
1054	0
1055	0
1056	0
1057	0
1058	0
1059	0
1060	0
1061	0
1062	0
1063	0
1064	0
1065	0
1066	0
1067	0
1068	0
1069	1
1070	0
1071	1
1072	0
1073	0
1074	0
1075	0
1076	0
1077	0
1078	1
1079	0
1080	0
1081	0
1082	0
1083	0
1084	0
1085	0
1086	0
1087	0
1088	0
1089	0
1090	0
1091	0
1092	0
1093	0
1094	0
1095	0
1096	0
1097	0
1098	0
1099	0
1100	0
1101	0
1102	0
1103	0
1104	0
1105	0
1106	0
1107	0
1108	0
1109	0
1110	0
1111	0
1112	0
1113	0
1114	0
1115	0
1116	0
1117	0
1118	0
1119	0
1120	0
1121	0
1122	0
1123	0
1124	0
1125	0
1126	0
1127	0
1128	0
1129	0
1130	0
1131	0
1132	0
1133	0
1134	0
1135	0
1136	0
1137	0
1138	0
1139	0
1140	0
1141	0
1142	0
1143	0
1144	0
1145	0
1146	0
1147	0
1148	0
1149	0
1150	0
1151	0
1152	0
1153	0
1154	0
1155	0
1156	0
1157	0
1158	0
1159	0
1160	0
1161	0
1162	0
1163	0
1164	0
1165	0
1166	0
1167	0
1168	0
1169	0
1170	0
1171	0
1172	0
1173	0
1174	0
1175	0
1176	0
1177	0
1178	0
1179	0
1180	0
1181	0
1182	1
1183	1
1184	1
1185	1
1186	1
1187	1
1188	0
1189	1
1190	1
1191	1
1192	2
1193	1
1194	1
1195	1
1196	1
1197	1
1198	1
1199	1
1200	1
1201	1
1202	1
1203	2
1204	1
1205	2
1206	1
1207	1
1208	2
1209	2
1210	1
1211	0
1212	1
1213	2
1214	1
1215	2
1216	2
1217	2
1218	1
1219	1
1220	1
1221	2
1222	1
1223	2
1224	1
1225	1
1226	1
1227	1
1228	0
1229	0
1230	1
1231	1
1232	1
1233	1
1234	1
1235	1
1236	1
1237	2
1238	1
1239	2
1240	1
1241	2
1242	1
1243	2
1244	2
1245	2
1246	1
1247	2
1248	2
1249	2
1250	2
1251	1
1252	2
1253	2
1254	2
1255	2
1256	2
1257	2
1258	2
1259	2
1260	2
1261	2
1262	2
1263	2
1264	2
1265	2
1266	2
1267	2
1268	1
1269	1
1270	2
1271	2
1272	1
1273	1
1274	1
1275	2
1276	2
1277	2
1278	2
1279	2
1280	2
1281	2
1282	1
1283	2
1284	1
1285	1
1286	1
1287	1
1288	2
1289	2
1290	1
1291	2
1292	2
1293	1
1294	1
1295	2
1296	1
1297	2
1298	1
1299	1
1300	1
1301	1
1302	1
1303	2
1304	1
1305	1
1306	1
1307	0
1308	0
1309	1
1310	0
1311	0
1312	0
1313	1
1314	0
1315	0
1316	0
1317	1
1318	0
1319	1
1320	1
1321	0
1322	1
1323	1
1324	2
1325	1
1326	1
1327	1
1328	1
1329	0
1330	0
1331	0
1332	1
1333	1
1334	0
1335	1
1336	0
1337	1
1338	1
1339	0
1340	1
1341	0
1342	0
1343	0
1344	0
1345	0
1346	0
1347	0
1348	0
1349	0
1350	0
1351	0
1352	0
1353	0
1354	0
1355	0
1356	1
1357	0
1358	0
1359	0
1360	0
1361	0
1362	0
1363	1
1364	0
1365	1
1366	1
1367	1
1368	0
1369	0
1370	1
1371	0
1372	0
1373	0
1374	0
1375	1
1376	0
1377	1
1378	0
1379	0
1380	1
1381	1
1382	1
1383	1
1384	0
1385	0
1386	0
1387	0
1388	0
1389	0
1390	0
1391	1
1392	0
1393	1
1394	0
1395	0
1396	0
1397	0
1398	0
1399	0
1400	0
1401	0
1402	0
1403	0
1404	0
1405	0
1406	0
1407	0
1408	0
1409	0
1410	0
1411	1
1412	0
1413	1
1414	0
1415	0
1416	0
1417	0
1418	0
1419	0
1420	0
1421	0
1422	0
1423	1
1424	0
1425	1
1426	1
1427	0
1428	1
1429	1
1430	2
1431	1
1432	1
1433	2
1434	2
1435	1
1436	2
1437	2
1438	1
1439	1
1440	2
1441	2
1442	1
1443	2
1444	2
1445	2
1446	2
1447	2
1448	2
1449	3
1450	2
1451	2
1452	2
1453	2
1454	2
1455	2
1456	3
1457	4
1458	4
1459	4
1460	4
1461	4
1462	3
1463	3
1464	3
1465	4
1466	4
1467	4
1468	4
1469	4
1470	4
1471	4
1472	4
1473	4
1474	3
1475	4
1476	3
1477	4
1478	3
1479	3
1480	3
1481	4
1482	3
1483	3
1484	3
1485	4
1486	2
1487	3
1488	2
1489	3
1490	3
1491	3
1492	2
1493	3
1494	2
1495	3
1496	2
1497	2
1498	2
1499	2
1500	2
1501	2
1502	1
1503	2
1504	2
1505	1
1506	1
1507	1
1508	2
1509	2
1510	2
1511	1
1512	1
1513	1
1514	2
1515	1
1516	2
1517	0
1518	1
1519	3
1520	1
1521	0
1522	1
1523	0
1524	2
1525	1
1526	1
1527	0
1528	1
1529	1
1530	0
1531	0
1532	0
1533	0
1534	0
1535	0
1536	0
1537	0
1538	0
1539	0
1540	0
1541	0
1542	0
1543	0
1544	0
1545	0
1546	0
1547	0
1548	0
1549	0
1550	0
1551	1
1552	1
1553	1
1554	1
1555	1
1556	1
1557	1
1558	0
1559	0
1560	0
1561	0
1562	0
1563	0
1564	0
1565	0
1566	1
1567	0
1568	1
1569	0
1570	1
1571	1
1572	0
1573	1
1574	2
1575	1
1576	1
1577	0
1578	0
1579	0
1580	0
1581	1
1582	0
1583	0
1584	1
1585	0
1586	0
1587	0
1588	0
1589	0
1590	0
1591	0
1592	0
1593	0
1594	0
1595	0
1596	0
1597	0
1598	0
1599	0
1600	0
1601	0
1602	0
1603	0
1604	0
1605	0
1606	0
1607	0
1608	0
1609	0
1610	0
1611	0
1612	0
1613	0
1614	0
1615	1
1616	1
1617	1
1618	1
1619	1
1620	0
1621	0
1622	1
1623	0
1624	0
1625	0
1626	1
1627	0
1628	1
1629	0
1630	1
1631	0
1632	0
1633	0
1634	0
1635	0
1636	1
1637	0
1638	1
1639	0
1640	1
1641	0
1642	0
1643	0
1644	0
1645	0
1646	0
1647	0
1648	0
1649	0
1650	0
1651	0
1652	0
1653	1
1654	0
1655	1
1656	0
1657	1
1658	0
1659	0
1660	1
1661	1
1662	1
1663	1
1664	1
1665	0
1666	1
1667	1
1668	1
1669	1
1670	0
1671	1
1672	0
1673	0
1674	1
1675	0
1676	0
1677	0
1678	0
1679	0
1680	1
1681	0
1682	0
1683	0
1684	0
1685	1
1686	0
1687	0
1688	0
1689	0
1690	0
1691	0
1692	0
1693	0
1694	1
1695	0
1696	2
1697	0
1698	2
1699	0
1700	0
1701	1
1702	2
1703	1
1704	1
1705	2
1706	1
1707	0
1708	2
1709	0
1710	1
1711	1
1712	2
1713	1
1714	1
1715	0
1716	0
1717	0
1718	0
1719	0
1720	0
1721	0
1722	0
1723	1
1724	0
1725	0
1726	0
1727	0
1728	0
1729	0
1730	0
1731	0
1732	0
1733	1
1734	1
1735	1
1736	0
1737	1
1738	0
1739	0
1740	0
1741	1
1742	0
1743	1
1744	1
1745	0
1746	1
1747	0
1748	1
1749	0
1750	1
1751	1
1752	1
1753	1
1754	1
1755	1
1756	1
1757	2
1758	2
1759	1
1760	1
1761	1
1762	1
1763	1
1764	2
1765	0
1766	1
1767	2
1768	0
1769	3
1770	1
1771	2
1772	1
1773	1
1774	2
1775	1
1776	1
1777	1
1778	1
1779	1
1780	2
1781	1
1782	1
1783	0
1784	0
1785	0
1786	0
1787	0
1788	0
1789	0
1790	0
1791	0
1792	0
1793	0
1794	0
1795	0
1796	0
1797	2
1798	0
1799	1
1800	2
1801	0
1802	1
1803	1
1804	0
1805	2
1806	0
1807	1
1808	2
1809	1
1810	2
1811	2
1812	2
1813	0
1814	2
1815	0
1816	1
1817	1
1818	3
1819	3
1820	3
1821	2
1822	1
1823	2
1824	2
1825	1
1826	1
1827	1
1828	1
1829	1
1830	0
1831	0
1832	0
1833	0
1834	1
1835	0
1836	1
1837	0
1838	1
1839	0
1840	1
1841	0
1842	1
1843	0
1844	1
1845	1
1846	1
1847	1
1848	1
1849	0
1850	0
1851	0
1852	1
1853	0
1854	1
1855	0
1856	1
1857	0
1858	1
1859	0
1860	1
1861	1
1862	1
1863	1
1864	1
1865	1
1866	2
1867	2
1868	1
1869	1
1870	2
1871	2
1872	2
1873	2
1874	1
1875	2
1876	2
1877	2
1878	1
1879	1
1880	1
1881	1
1882	1
1883	1
1884	1
1885	2
1886	0
1887	1
1888	1
1889	0
1890	0
1891	0
1892	1
1893	0
1894	0
1895	2
1896	0
1897	0
1898	0
1899	1
1900	0
1901	0
1902	1
1903	1
1904	0
1905	1
1906	1
1907	0
1908	0
1909	0
1910	0
1911	0
1912	0
1913	0
1914	1
1915	1
1916	0
1917	1
1918	1
1919	2
1920	1
1921	1
1922	0
1923	1
1924	1
1925	1
1926	2
1927	1
1928	1
1929	2
1930	1
1931	1
1932	1
1933	1
1934	1
1935	1
1936	1
1937	0
1938	1
1939	0
1940	1
1941	2
1942	2
1943	2
1944	2
1945	2
1946	1
1947	3
1948	2
1949	2
1950	2
1951	2
1952	2
1953	2
1954	3
1955	4
1956	2
1957	2
1958	3
1959	2
1960	4
1961	2
1962	4
1963	2
1964	3
1965	3
1966	4
1967	3
1968	3
1969	3
1970	4
1971	3
1972	3
1973	4
1974	4
1975	4
1976	2
1977	3
1978	3
1979	2
1980	2
1981	3
1982	4
1983	2
1984	4
1985	2
1986	3
1987	2
1988	2
1989	2
1990	2
1991	2
1992	1
1993	2
1994	2
1995	2
1996	2
1997	1
1998	2
1999	1
