0	1
1	6
2	3
3	8
4	3
5	4
6	2
7	6
8	3
9	5
10	4
11	5
12	3
13	6
14	3
15	8
16	3
17	5
18	2
19	4
20	3
21	5
22	3
23	5
24	1
25	5
26	3
27	5
28	3
29	4
30	3
31	5
32	4
33	6
34	2
35	4
36	2
37	6
38	4
39	6
40	3
41	7
42	2
43	7
44	4
45	7
46	3
47	6
48	3
49	6
50	3
51	6
52	2
53	4
54	2
55	4
56	2
57	5
58	1
59	4
60	3
61	4
62	2
63	5
64	3
65	5
66	2
67	4
68	3
69	6
70	3
71	5
72	3
73	5
74	3
75	5
76	4
77	7
78	3
79	5
80	3
81	6
82	2
83	8
84	2
85	6
86	2
87	5
88	3
89	5
90	3
91	4
92	1
93	4
94	2
95	6
96	2
97	6
98	3
99	6
100	3
101	4
102	1
103	5
104	1
105	5
106	2
107	6
108	2
109	5
110	2
111	4
112	2
113	4
114	2
115	5
116	1
117	4
118	3
119	5
120	3
121	4
122	3
123	4
124	2
125	4
126	2
127	4
128	0
129	4
130	3
131	4
132	3
133	5
134	3
135	6
136	2
137	5
138	1
139	4
140	2
141	4
142	4
143	5
144	1
145	4
146	2
147	4
148	3
149	4
150	2
151	4
152	4
153	5
154	2
155	5
156	2
157	4
158	3
159	5
160	2
161	6
162	1
163	4
164	3
165	6
166	2
167	5
168	1
169	4
170	1
171	4
172	2
173	4
174	1
175	4
176	3
177	5
178	2
179	5
180	1
181	4
182	1
183	5
184	2
185	5
186	3
187	4
188	3
189	5
190	3
191	5
192	4
193	5
194	2
195	6
196	3
197	5
198	3
199	4
200	4
201	5
202	3
203	6
204	3
205	4
206	2
207	6
208	3
209	6
210	2
211	5
212	2
213	5
214	2
215	4
216	2
217	6
218	2
219	6
220	3
221	4
222	2
223	6
224	2
225	6
226	1
227	5
228	1
229	4
230	3
231	5
232	2
233	5
234	2
235	4
236	2
237	4
238	2
239	6
240	2
241	4
242	2
243	4
244	2
245	5
246	3
247	4
248	2
249	5
250	2
251	6
252	2
253	6
254	1
255	5
256	3
257	6
258	3
259	7
260	4
261	5
262	2
263	5
264	3
265	8
266	3
267	8
268	2
269	6
270	2
271	4
272	2
273	4
274	3
275	6
276	3
277	4
278	1
279	5
280	2
281	5
282	3
283	5
284	3
285	6
286	3
287	6
288	2
289	5
290	3
291	6
292	3
293	5
294	3
295	5
296	3
297	6
298	4
299	7
300	3
301	6
302	2
303	6
304	3
305	6
306	1
307	6
308	2
309	5
310	3
311	7
312	2
313	5
314	2
315	4
316	2
317	4
318	2
319	4
320	2
321	4
322	1
323	4
324	0
325	4
326	1
327	4
328	1
329	4
330	3
331	4
332	2
333	3
334	1
335	5
336	2
337	6
338	3
339	7
340	2
341	5
342	2
343	5
344	3
345	5
346	3
347	6
348	3
349	6
350	2
351	4
352	3
353	6
354	3
355	5
356	3
357	5
358	3
359	6
360	3
361	6
362	4
363	6
364	3
365	7
366	3
367	6
368	4
369	7
370	3
371	6
372	2
373	6
374	3
375	6
376	3
377	5
378	2
379	6
380	3
381	6
382	2
383	6
384	2
385	5
386	2
387	5
388	2
389	6
390	3
391	5
392	2
393	6
394	3
395	4
396	3
397	3
398	2
399	4
400	4
401	5
402	3
403	5
404	3
405	5
406	1
407	6
408	3
409	6
410	1
411	6
412	4
413	6
414	3
415	5
416	3
417	4
418	3
419	5
420	3
421	5
422	3
423	5
424	3
425	7
426	4
427	7
428	5
429	9
430	6
431	11
432	9
433	12
434	11
435	15
436	17
437	19
438	20
439	24
440	26
441	29
442	29
443	34
444	36
445	42
446	41
447	46
448	47
449	52
450	52
451	56
452	58
453	62
454	62
455	65
456	64
457	69
458	70
459	74
460	74
461	76
462	76
463	79
464	78
465	81
466	82
467	82
468	83
469	85
470	84
471	85
472	84
473	84
474	83
475	85
476	83
477	85
478	81
479	83
480	82
481	83
482	80
483	81
484	79
485	79
486	76
487	79
488	77
489	79
490	75
491	76
492	74
493	76
494	72
495	74
496	73
497	74
498	74
499	78
500	62
501	71
502	66
503	67
504	66
505	69
506	66
507	67
508	63
509	64
510	62
511	61
512	60
513	61
514	59
515	59
516	57
517	57
518	55
519	55
520	52
521	53
522	50
523	50
524	47
525	48
526	47
527	47
528	44
529	44
530	43
531	42
532	40
533	39
534	38
535	38
536	35
537	36
538	33
539	33
540	33
541	31
542	30
543	30
544	29
545	30
546	28
547	29
548	25
549	27
550	24
551	26
552	23
553	24
554	21
555	22
556	19
557	20
558	18
559	18
560	16
561	16
562	14
563	15
564	12
565	13
566	11
567	12
568	10
569	11
570	8
571	10
572	8
573	11
574	6
575	9
576	7
577	8
578	6
579	7
580	5
581	7
582	5
583	5
584	5
585	5
586	4
587	5
588	4
589	5
590	4
591	5
592	4
593	4
594	4
595	4
596	4
597	4
598	4
599	4
600	3
601	4
602	3
603	4
604	2
605	3
606	2
607	2
608	1
609	2
610	0
611	1
612	0
613	2
614	0
615	0
616	0
617	0
618	0
619	0
620	0
621	-1
622	0
623	0
624	0
625	0
626	0
627	0
628	-1
629	0
630	-1
631	0
632	-1
633	0
634	-1
635	0
636	-1
637	0
638	-1
639	0
640	0
641	0
642	0
643	0
644	0
645	0
646	0
647	0
648	0
649	0
650	0
651	0
652	0
653	1
654	0
655	0
656	0
657	1
658	0
659	1
660	0
661	1
662	0
663	1
664	0
665	0
666	0
667	0
668	0
669	1
670	0
671	0
672	0
673	0
674	0
675	1
676	0
677	0
678	0
679	1
680	0
681	0
682	0
683	1
684	0
685	0
686	0
687	0
688	0
689	0
690	0
691	1
692	0
693	0
694	0
695	0
696	-1
697	0
698	0
699	0
700	0
701	0
702	0
703	0
704	0
705	0
706	0
707	0
708	0
709	0
710	0
711	0
712	0
713	0
714	-1
715	0
716	0
717	0
718	-1
719	0
720	0
721	0
722	0
723	0
724	0
725	0
726	0
727	0
728	0
729	0
730	0
731	0
732	0
733	0
734	0
735	0
736	0
737	0
738	0
739	0
740	0
741	0
742	0
743	0
744	-1
745	0
746	0
747	0
748	0
749	0
750	-1
751	0
752	-1
753	0
754	0
755	0
756	0
757	0
758	-1
759	0
760	0
761	0
762	0
763	0
764	0
765	0
766	-1
767	0
768	0
769	0
770	0
771	0
772	0
773	0
774	0
775	1
776	0
777	2
778	0
779	2
780	0
781	1
782	0
783	1
784	1
785	0
786	0
787	0
788	0
789	0
790	0
791	0
792	0
793	0
794	-1
795	0
796	0
797	0
798	0
799	0
800	0
801	0
802	0
803	0
804	0
805	0
806	-1
807	0
808	0
809	0
810	0
811	0
812	-1
813	0
814	0
815	0
816	-1
817	0
818	-1
819	0
820	-1
821	0
822	-2
823	0
824	-2
825	0
826	0
827	0
828	0
829	0
830	0
831	0
832	-1
833	0
834	-1
835	0
836	-1
837	0
838	-1
839	0
840	-1
841	0
842	-1
843	0
844	-1
845	0
846	-1
847	0
848	0
849	0
850	0
851	0
852	-1
853	0
854	0
855	0
856	0
857	0
858	0
859	0
860	0
861	0
862	0
863	0
864	0
865	0
866	0
867	0
868	0
869	0
870	0
871	0
872	0
873	0
874	0
875	0
876	0
877	0
878	0
879	0
880	0
881	0
882	0
883	0
884	0
885	0
886	0
887	0
888	0
889	0
890	0
891	1
892	0
893	0
894	0
895	0
896	0
897	0
898	0
899	0
900	-1
901	0
902	-1
903	0
904	0
905	0
906	-1
907	0
908	0
909	0
910	-1
911	0
912	-1
913	0
914	-1
915	0
916	0
917	0
918	0
919	0
920	0
921	0
922	-1
923	0
924	0
925	0
926	0
927	0
928	0
929	0
930	0
931	0
932	0
933	0
934	0
935	0
936	0
937	0
938	0
939	0
940	-1
941	0
942	-1
943	0
944	0
945	0
946	0
947	0
948	0
949	0
950	0
951	0
952	0
953	0
954	0
955	0
956	-1
957	0
958	0
959	0
960	0
961	0
962	0
963	0
964	0
965	0
966	0
967	0
968	0
969	0
970	0
971	0
972	0
973	0
974	0
975	0
976	0
977	0
978	0
979	0
980	0
981	0
982	0
983	0
984	0
985	0
986	0
987	0
988	0
989	0
990	0
991	0
992	0
993	0
994	0
995	0
996	0
997	0
998	0
999	0
1000	0
1001	0
1002	0
1003	0
1004	0
1005	0
1006	0
1007	0
1008	0
1009	0
1010	0
1011	0
1012	0
1013	0
1014	0
1015	0
1016	-1
1017	0
1018	0
1019	0
1020	0
1021	0
1022	0
1023	0
1024	-1
1025	0
1026	0
1027	0
1028	0
1029	0
1030	0
1031	0
1032	0
1033	0
1034	0
1035	1
1036	0
1037	1
1038	0
1039	1
1040	0
1041	1
1042	0
1043	1
1044	0
1045	2
1046	1
1047	1
1048	2
1049	2
1050	1
1051	2
1052	2
1053	2
1054	1
1055	2
1056	1
1057	2
1058	1
1059	2
1060	2
1061	3
1062	1
1063	3
1064	1
1065	2
1066	1
1067	2
1068	1
1069	3
1070	2
1071	4
1072	2
1073	4
1074	3
1075	3
1076	2
1077	3
1078	2
1079	2
1080	2
1081	3
1082	3
1083	2
1084	1
1085	2
1086	1
1087	2
1088	1
1089	1
1090	0
1091	1
1092	1
1093	1
1094	0
1095	1
1096	0
1097	0
1098	0
1099	0
1100	0
1101	1
1102	0
1103	0
1104	0
1105	0
1106	0
1107	0
1108	0
1109	0
1110	0
1111	0
1112	0
1113	0
1114	0
1115	0
1116	0
1117	0
1118	0
1119	0
1120	0
1121	0
1122	0
1123	0
1124	0
1125	0
1126	1
1127	0
1128	0
1129	0
1130	0
1131	0
1132	0
1133	1
1134	0
1135	0
1136	0
1137	0
1138	0
1139	0
1140	0
1141	0
1142	0
1143	0
1144	0
1145	0
1146	0
1147	0
1148	0
1149	0
1150	-1
1151	0
1152	0
1153	0
1154	0
1155	0
1156	-1
1157	0
1158	0
1159	0
1160	0
1161	0
1162	0
1163	0
1164	0
1165	0
1166	0
1167	0
1168	0
1169	0
1170	0
1171	0
1172	0
1173	0
1174	0
1175	1
1176	0
1177	1
1178	0
1179	1
1180	0
1181	0
1182	0
1183	1
1184	0
1185	0
1186	0
1187	1
1188	1
1189	0
1190	0
1191	0
1192	0
1193	0
1194	0
1195	0
1196	0
1197	0
1198	0
1199	1
1200	0
1201	1
1202	0
1203	0
1204	0
1205	0
1206	0
1207	0
1208	0
1209	0
1210	0
1211	2
1212	0
1213	2
1214	0
1215	1
1216	1
1217	1
1218	0
1219	1
1220	0
1221	1
1222	0
1223	0
1224	0
1225	0
1226	0
1227	0
1228	0
1229	0
1230	0
1231	0
1232	0
1233	0
1234	0
1235	0
1236	-1
1237	0
1238	-1
1239	0
1240	0
1241	0
1242	0
1243	0
1244	0
1245	0
1246	-1
1247	0
1248	-1
1249	1
1250	-1
1251	1
1252	0
1253	1
1254	0
1255	0
1256	0
1257	0
1258	0
1259	0
1260	0
1261	0
1262	0
1263	0
1264	0
1265	0
1266	0
1267	0
1268	0
1269	0
1270	1
1271	0
1272	0
1273	1
1274	0
1275	2
1276	0
1277	1
1278	0
1279	0
1280	0
1281	0
1282	0
1283	0
1284	0
1285	1
1286	0
1287	1
1288	0
1289	0
1290	0
1291	0
1292	0
1293	1
1294	0
1295	0
1296	0
1297	0
1298	0
1299	1
1300	0
1301	1
1302	0
1303	0
1304	0
1305	0
1306	1
1307	1
1308	1
1309	1
1310	0
1311	1
1312	0
1313	1
1314	0
1315	1
1316	0
1317	0
1318	0
1319	1
1320	0
1321	0
1322	0
1323	0
1324	0
1325	1
1326	0
1327	0
1328	0
1329	2
1330	0
1331	1
1332	0
1333	1
1334	0
1335	0
1336	0
1337	1
1338	0
1339	1
1340	0
1341	1
1342	0
1343	1
1344	0
1345	1
1346	0
1347	0
1348	0
1349	0
1350	0
1351	1
1352	0
1353	0
1354	0
1355	0
1356	0
1357	0
1358	0
1359	0
1360	0
1361	0
1362	0
1363	0
1364	0
1365	0
1366	0
1367	1
1368	0
1369	1
1370	0
1371	0
1372	0
1373	0
1374	0
1375	0
1376	0
1377	0
1378	0
1379	1
1380	0
1381	1
1382	0
1383	0
1384	0
1385	1
1386	0
1387	0
1388	0
1389	0
1390	0
1391	1
1392	0
1393	1
1394	1
1395	1
1396	1
1397	1
1398	1
1399	0
1400	0
1401	1
1402	0
1403	0
1404	0
1405	1
1406	0
1407	2
1408	0
1409	1
1410	0
1411	2
1412	0
1413	1
1414	0
1415	1
1416	0
1417	1
1418	0
1419	0
1420	0
1421	1
1422	0
1423	1
1424	0
1425	0
1426	0
1427	1
1428	0
1429	2
1430	0
1431	2
1432	0
1433	2
1434	1
1435	1
1436	0
1437	1
1438	1
1439	3
1440	0
1441	2
1442	1
1443	2
1444	0
1445	2
1446	0
1447	1
1448	0
1449	0
1450	0
1451	1
1452	0
1453	2
1454	0
1455	2
1456	0
1457	1
1458	0
1459	1
1460	0
1461	0
1462	0
1463	1
1464	0
1465	1
1466	0
1467	1
1468	0
1469	0
1470	0
1471	0
1472	0
1473	0
1474	0
1475	0
1476	0
1477	1
1478	0
1479	0
1480	0
1481	0
1482	0
1483	0
1484	0
1485	0
1486	0
1487	0
1488	0
1489	1
1490	0
1491	0
1492	0
1493	2
1494	0
1495	2
1496	0
1497	2
1498	0
1499	2
1500	0
1501	2
1502	0
1503	2
1504	0
1505	2
1506	0
1507	1
1508	0
1509	0
1510	0
1511	1
1512	0
1513	0
1514	0
1515	0
1516	0
1517	2
1518	1
1519	1
1520	0
1521	0
1522	0
1523	1
1524	0
1525	0
1526	0
1527	1
1528	0
1529	1
1530	0
1531	2
1532	0
1533	3
1534	0
1535	4
1536	0
1537	2
1538	0
1539	2
1540	0
1541	3
1542	0
1543	1
1544	1
1545	2
1546	1
1547	2
1548	0
1549	1
1550	1
1551	3
1552	1
1553	3
1554	1
1555	2
1556	1
1557	2
1558	1
1559	2
1560	0
1561	3
1562	0
1563	2
1564	0
1565	0
1566	0
1567	2
1568	0
1569	1
1570	1
1571	1
1572	0
1573	1
1574	0
1575	0
1576	0
1577	0
1578	0
1579	0
1580	0
1581	1
1582	0
1583	0
1584	0
1585	0
1586	0
1587	1
1588	0
1589	1
1590	0
1591	1
1592	0
1593	1
1594	0
1595	1
1596	0
1597	2
1598	0
1599	2
1600	0
1601	2
1602	0
1603	1
1604	0
1605	1
1606	0
1607	2
1608	0
1609	1
1610	0
1611	2
1612	0
1613	2
1614	0
1615	1
1616	0
1617	1
1618	0
1619	1
1620	0
1621	2
1622	0
1623	2
1624	0
1625	1
1626	0
1627	2
1628	0
1629	1
1630	0
1631	3
1632	0
1633	2
1634	0
1635	1
1636	0
1637	1
1638	0
1639	0
1640	0
1641	1
1642	0
1643	2
1644	0
1645	2
1646	1
1647	1
1648	0
1649	2
1650	0
1651	1
1652	1
1653	1
1654	0
1655	1
1656	0
1657	2
1658	0
1659	2
1660	0
1661	2
1662	0
1663	2
1664	1
1665	2
1666	0
1667	3
1668	0
1669	4
1670	1
1671	2
1672	0
1673	2
1674	0
1675	1
1676	0
1677	1
1678	1
1679	1
1680	0
1681	1
1682	0
1683	1
1684	0
1685	1
1686	0
1687	2
1688	0
1689	2
1690	0
1691	2
1692	1
1693	2
1694	1
1695	2
1696	1
1697	3
1698	1
1699	3
1700	1
1701	2
1702	1
1703	2
1704	2
1705	2
1706	0
1707	3
1708	0
1709	2
1710	1
1711	2
1712	1
1713	1
1714	0
1715	2
1716	0
1717	1
1718	0
1719	2
1720	1
1721	3
1722	0
1723	3
1724	0
1725	2
1726	0
1727	2
1728	0
1729	1
1730	0
1731	1
1732	0
1733	2
1734	0
1735	2
1736	0
1737	2
1738	0
1739	1
1740	0
1741	0
1742	0
1743	1
1744	0
1745	2
1746	0
1747	1
1748	0
1749	0
1750	1
1751	0
1752	1
1753	1
1754	1
1755	1
1756	0
1757	3
1758	0
1759	2
1760	1
1761	3
1762	0
1763	2
1764	1
1765	2
1766	1
1767	2
1768	0
1769	3
1770	0
1771	3
1772	0
1773	3
1774	0
1775	2
1776	1
1777	2
1778	1
1779	2
1780	0
1781	3
1782	1
1783	2
1784	1
1785	1
1786	1
1787	2
1788	3
1789	0
1790	1
1791	3
1792	2
1793	1
1794	2
1795	2
1796	1
1797	2
1798	1
1799	2
1800	1
1801	2
1802	0
1803	3
1804	1
1805	3
1806	2
1807	2
1808	0
1809	3
1810	1
1811	3
1812	1
1813	2
1814	1
1815	2
1816	1
1817	1
1818	1
1819	1
1820	1
1821	1
1822	0
1823	2
1824	0
1825	2
1826	0
1827	1
1828	1
1829	1
1830	0
1831	3
1832	0
1833	2
1834	0
1835	1
1836	0
1837	2
1838	0
1839	1
1840	0
1841	2
1842	0
1843	2
1844	0
1845	2
1846	0
1847	2
1848	0
1849	2
1850	1
1851	2
1852	0
1853	2
1854	0
1855	1
1856	0
1857	2
1858	0
1859	2
1860	2
1861	2
1862	2
1863	1
1864	1
1865	3
1866	1
1867	3
1868	1
1869	3
1870	1
1871	2
1872	1
1873	3
1874	1
1875	2
1876	1
1877	2
1878	0
1879	4
1880	1
1881	2
1882	1
1883	4
1884	1
1885	4
1886	0
1887	3
1888	0
1889	4
1890	0
1891	3
1892	1
1893	3
1894	0
1895	2
1896	0
1897	3
1898	1
1899	2
1900	1
1901	3
1902	1
1903	3
1904	1
1905	2
1906	1
1907	1
1908	1
1909	2
1910	2
1911	4
1912	1
1913	4
1914	0
1915	4
1916	0
1917	3
1918	1
1919	2
1920	1
1921	4
1922	2
1923	4
1924	1
1925	3
1926	1
1927	2
1928	1
1929	1
1930	0
1931	2
1932	1
1933	2
1934	0
1935	2
1936	1
1937	1
1938	0
1939	1
1940	0
1941	3
1942	0
1943	1
1944	0
1945	1
1946	0
1947	1
1948	0
1949	2
1950	0
1951	2
1952	0
1953	2
1954	0
1955	2
1956	0
1957	1
1958	0
1959	2
1960	0
1961	1
1962	0
1963	1
1964	0
1965	2
1966	0
1967	2
1968	0
1969	2
1970	0
1971	3
1972	0
1973	4
1974	0
1975	3
1976	0
1977	2
1978	0
1979	3
1980	0
1981	3
1982	0
1983	3
1984	0
1985	4
1986	0
1987	2
1988	1
1989	2
1990	0
1991	3
1992	2
1993	2
1994	1
1995	2
1996	1
1997	3
1998	1
1999	4
