0	3
1	5
2	2
3	5
4	3
5	6
6	3
7	5
8	3
9	6
10	3
11	4
12	3
13	3
14	1
15	4
16	3
17	4
18	1
19	4
20	3
21	4
22	2
23	4
24	3
25	4
26	3
27	3
28	3
29	3
30	2
31	4
32	3
33	4
34	4
35	6
36	5
37	6
38	3
39	5
40	3
41	4
42	3
43	6
44	3
45	4
46	3
47	5
48	3
49	5
50	2
51	3
52	3
53	3
54	3
55	5
56	2
57	5
58	4
59	7
60	4
61	5
62	3
63	4
64	5
65	5
66	5
67	7
68	3
69	5
70	3
71	5
72	4
73	4
74	3
75	6
76	2
77	4
78	4
79	5
80	3
81	3
82	3
83	4
84	3
85	4
86	3
87	3
88	2
89	4
90	3
91	6
92	3
93	4
94	4
95	4
96	4
97	5
98	5
99	4
100	4
101	4
102	4
103	5
104	4
105	5
106	4
107	4
108	4
109	5
110	4
111	5
112	5
113	4
114	4
115	4
116	3
117	5
118	4
119	5
120	4
121	4
122	2
123	4
124	2
125	4
126	4
127	4
128	3
129	6
130	2
131	6
132	2
133	5
134	3
135	4
136	3
137	5
138	2
139	5
140	2
141	4
142	3
143	4
144	2
145	5
146	3
147	4
148	4
149	4
150	4
151	4
152	4
153	5
154	4
155	3
156	4
157	3
158	4
159	3
160	3
161	4
162	3
163	5
164	3
165	4
166	4
167	4
168	4
169	6
170	4
171	6
172	5
173	5
174	4
175	4
176	4
177	4
178	4
179	4
180	4
181	5
182	4
183	5
184	5
185	6
186	4
187	5
188	4
189	5
190	4
191	7
192	3
193	5
194	3
195	5
196	3
197	4
198	4
199	5
200	3
201	4
202	4
203	5
204	3
205	4
206	2
207	5
208	2
209	6
210	4
211	5
212	4
213	5
214	3
215	5
216	3
217	4
218	3
219	3
220	3
221	4
222	3
223	4
224	2
225	4
226	3
227	4
228	1
229	5
230	2
231	5
232	3
233	6
234	3
235	5
236	4
237	4
238	3
239	5
240	3
241	4
242	4
243	5
244	4
245	6
246	3
247	6
248	2
249	4
250	4
251	6
252	3
253	4
254	3
255	5
256	3
257	3
258	3
259	4
260	3
261	5
262	3
263	5
264	3
265	4
266	3
267	5
268	3
269	4
270	2
271	5
272	3
273	4
274	3
275	4
276	4
277	4
278	3
279	5
280	4
281	4
282	4
283	5
284	2
285	5
286	4
287	4
288	4
289	4
290	3
291	3
292	3
293	5
294	4
295	5
296	2
297	4
298	1
299	5
300	3
301	4
302	2
303	4
304	3
305	4
306	3
307	2
308	4
309	4
310	3
311	4
312	4
313	3
314	3
315	4
316	4
317	3
318	4
319	4
320	4
321	4
322	3
323	4
324	4
325	5
326	3
327	4
328	3
329	3
330	4
331	4
332	5
333	5
334	5
335	3
336	4
337	5
338	3
339	5
340	2
341	3
342	4
343	3
344	4
345	4
346	3
347	4
348	4
349	4
350	4
351	4
352	4
353	4
354	3
355	4
356	4
357	5
358	3
359	6
360	4
361	4
362	4
363	6
364	4
365	6
366	4
367	7
368	3
369	6
370	3
371	7
372	4
373	6
374	4
375	7
376	4
377	6
378	3
379	7
380	3
381	5
382	5
383	5
384	4
385	5
386	5
387	6
388	6
389	5
390	4
391	6
392	4
393	5
394	5
395	6
396	4
397	5
398	4
399	6
400	5
401	6
402	4
403	8
404	4
405	7
406	4
407	7
408	6
409	6
410	6
411	4
412	5
413	6
414	6
415	8
416	6
417	7
418	6
419	9
420	5
421	8
422	6
423	10
424	7
425	9
426	8
427	11
428	8
429	10
430	9
431	11
432	11
433	13
434	12
435	15
436	15
437	18
438	17
439	20
440	21
441	23
442	24
443	27
444	29
445	32
446	33
447	36
448	39
449	42
450	42
451	45
452	45
453	50
454	51
455	56
456	56
457	59
458	60
459	62
460	62
461	65
462	64
463	66
464	67
465	68
466	69
467	70
468	70
469	71
470	73
471	74
472	73
473	74
474	74
475	76
476	75
477	76
478	74
479	76
480	75
481	75
482	75
483	74
484	75
485	75
486	74
487	76
488	75
489	76
490	74
491	74
492	72
493	74
494	72
495	73
496	73
497	74
498	74
499	78
500	62
501	72
502	68
503	68
504	67
505	67
506	66
507	66
508	66
509	66
510	63
511	63
512	60
513	60
514	58
515	59
516	57
517	58
518	55
519	56
520	54
521	53
522	51
523	50
524	49
525	48
526	47
527	47
528	46
529	47
530	45
531	44
532	44
533	42
534	40
535	40
536	35
537	37
538	34
539	34
540	32
541	33
542	31
543	30
544	28
545	28
546	27
547	27
548	26
549	26
550	25
551	24
552	24
553	23
554	22
555	21
556	20
557	21
558	20
559	20
560	18
561	18
562	16
563	17
564	15
565	16
566	15
567	14
568	13
569	13
570	12
571	13
572	13
573	12
574	11
575	11
576	11
577	10
578	8
579	8
580	8
581	7
582	8
583	7
584	6
585	8
586	7
587	7
588	7
589	7
590	6
591	6
592	6
593	5
594	6
595	5
596	6
597	5
598	4
599	5
600	5
601	5
602	4
603	5
604	4
605	5
606	5
607	5
608	5
609	5
610	4
611	5
612	3
613	5
614	4
615	5
616	4
617	5
618	5
619	5
620	4
621	5
622	4
623	5
624	3
625	4
626	3
627	4
628	4
629	4
630	4
631	4
632	4
633	4
634	3
635	4
636	3
637	4
638	3
639	3
640	2
641	4
642	2
643	3
644	3
645	3
646	3
647	3
648	2
649	2
650	2
651	3
652	2
653	2
654	3
655	3
656	2
657	3
658	2
659	2
660	3
661	2
662	2
663	2
664	2
665	2
666	3
667	2
668	2
669	3
670	2
671	2
672	2
673	1
674	1
675	2
676	2
677	3
678	1
679	3
680	1
681	2
682	1
683	2
684	2
685	2
686	2
687	1
688	1
689	1
690	1
691	1
692	0
693	1
694	1
695	1
696	1
697	0
698	1
699	0
700	1
701	1
702	0
703	1
704	0
705	0
706	0
707	1
708	0
709	1
710	1
711	0
712	1
713	0
714	1
715	1
716	0
717	0
718	0
719	0
720	1
721	0
722	1
723	0
724	0
725	1
726	0
727	0
728	0
729	0
730	0
731	0
732	0
733	0
734	0
735	0
736	0
737	0
738	0
739	0
740	0
741	0
742	0
743	0
744	0
745	0
746	0
747	0
748	0
749	0
750	0
751	0
752	0
753	0
754	0
755	0
756	0
757	0
758	0
759	1
760	0
761	0
762	0
763	0
764	0
765	0
766	0
767	1
768	0
769	0
770	1
771	0
772	0
773	0
774	0
775	1
776	0
777	1
778	0
779	0
780	0
781	1
782	0
783	1
784	0
785	0
786	0
787	0
788	0
789	0
790	0
791	0
792	0
793	0
794	0
795	0
796	0
797	0
798	0
799	0
800	0
801	0
802	0
803	0
804	0
805	0
806	0
807	0
808	0
809	0
810	0
811	0
812	0
813	0
814	0
815	0
816	0
817	0
818	0
819	0
820	0
821	0
822	0
823	1
824	0
825	1
826	0
827	0
828	0
829	1
830	0
831	0
832	0
833	0
834	0
835	0
836	0
837	0
838	0
839	0
840	0
841	0
842	0
843	0
844	0
845	0
846	0
847	0
848	0
849	0
850	0
851	0
852	0
853	1
854	0
855	0
856	0
857	0
858	0
859	0
860	0
861	0
862	0
863	0
864	0
865	0
866	0
867	0
868	0
869	0
870	0
871	0
872	0
873	0
874	0
875	0
876	0
877	0
878	-1
879	0
880	0
881	0
882	0
883	0
884	0
885	0
886	0
887	0
888	0
889	0
890	0
891	0
892	0
893	2
894	0
895	1
896	0
897	2
898	0
899	1
900	1
901	1
902	1
903	1
904	0
905	2
906	1
907	2
908	1
909	2
910	0
911	1
912	1
913	1
914	0
915	1
916	1
917	1
918	1
919	1
920	0
921	1
922	1
923	2
924	1
925	1
926	1
927	2
928	1
929	1
930	0
931	1
932	0
933	1
934	0
935	1
936	1
937	1
938	1
939	1
940	1
941	2
942	0
943	2
944	1
945	2
946	0
947	2
948	1
949	2
950	1
951	2
952	1
953	2
954	2
955	0
956	1
957	3
958	1
959	2
960	1
961	2
962	1
963	3
964	2
965	2
966	1
967	2
968	1
969	2
970	2
971	2
972	1
973	2
974	1
975	2
976	1
977	2
978	1
979	2
980	1
981	2
982	0
983	2
984	1
985	2
986	1
987	2
988	1
989	2
990	1
991	2
992	2
993	2
994	2
995	2
996	1
997	2
998	1
999	3
1000	2
1001	3
1002	2
1003	2
1004	2
1005	3
1006	2
1007	3
1008	2
1009	4
1010	1
1011	3
1012	1
1013	2
1014	2
1015	2
1016	1
1017	2
1018	1
1019	2
1020	0
1021	2
1022	0
1023	2
1024	0
1025	1
1026	0
1027	1
1028	1
1029	1
1030	0
1031	1
1032	0
1033	2
1034	1
1035	1
1036	1
1037	1
1038	1
1039	1
1040	1
1041	1
1042	1
1043	1
1044	1
1045	1
1046	1
1047	1
1048	0
1049	0
1050	1
1051	1
1052	0
1053	1
1054	0
1055	1
1056	0
1057	0
1058	1
1059	0
1060	0
1061	0
1062	0
1063	0
1064	0
1065	0
1066	0
1067	0
1068	0
1069	0
1070	0
1071	0
1072	0
1073	0
1074	0
1075	0
1076	0
1077	0
1078	0
1079	0
1080	0
1081	0
1082	0
1083	0
1084	0
1085	0
1086	0
1087	0
1088	0
1089	0
1090	0
1091	0
1092	0
1093	0
1094	0
1095	1
1096	0
1097	1
1098	0
1099	1
1100	0
1101	0
1102	0
1103	0
1104	0
1105	0
1106	0
1107	0
1108	0
1109	0
1110	0
1111	1
1112	0
1113	0
1114	0
1115	0
1116	0
1117	0
1118	0
1119	0
1120	0
1121	0
1122	0
1123	0
1124	0
1125	0
1126	0
1127	0
1128	0
1129	0
1130	0
1131	0
1132	0
1133	0
1134	0
1135	0
1136	0
1137	0
1138	0
1139	1
1140	0
1141	0
1142	0
1143	0
1144	0
1145	0
1146	0
1147	1
1148	0
1149	0
1150	0
1151	0
1152	0
1153	1
1154	0
1155	0
1156	0
1157	1
1158	0
1159	0
1160	1
1161	0
1162	0
1163	0
1164	0
1165	1
1166	0
1167	0
1168	0
1169	0
1170	0
1171	0
1172	0
1173	0
1174	0
1175	0
1176	0
1177	0
1178	0
1179	0
1180	0
1181	0
1182	0
1183	2
1184	0
1185	1
1186	0
1187	1
1188	0
1189	0
1190	0
1191	0
1192	0
1193	0
1194	0
1195	1
1196	0
1197	0
1198	0
1199	0
1200	0
1201	0
1202	0
1203	0
1204	0
1205	0
1206	0
1207	0
1208	0
1209	0
1210	0
1211	0
1212	0
1213	1
1214	0
1215	0
1216	0
1217	0
1218	0
1219	0
1220	0
1221	0
1222	0
1223	0
1224	0
1225	0
1226	0
1227	1
1228	0
1229	0
1230	0
1231	0
1232	0
1233	0
1234	0
1235	0
1236	0
1237	0
1238	0
1239	0
1240	0
1241	0
1242	0
1243	0
1244	0
1245	0
1246	0
1247	0
1248	0
1249	0
1250	0
1251	0
1252	0
1253	0
1254	0
1255	0
1256	0
1257	1
1258	0
1259	0
1260	0
1261	1
1262	0
1263	1
1264	0
1265	1
1266	0
1267	1
1268	0
1269	1
1270	0
1271	0
1272	0
1273	0
1274	0
1275	0
1276	0
1277	0
1278	0
1279	0
1280	0
1281	1
1282	0
1283	1
1284	0
1285	0
1286	0
1287	0
1288	0
1289	0
1290	0
1291	0
1292	0
1293	0
1294	0
1295	0
1296	0
1297	0
1298	0
1299	0
1300	0
1301	0
1302	0
1303	0
1304	0
1305	0
1306	0
1307	0
1308	0
1309	0
1310	0
1311	0
1312	0
1313	0
1314	0
1315	1
1316	0
1317	0
1318	0
1319	0
1320	0
1321	0
1322	0
1323	0
1324	0
1325	1
1326	0
1327	0
1328	0
1329	1
1330	0
1331	0
1332	0
1333	0
1334	0
1335	0
1336	1
1337	1
1338	0
1339	0
1340	0
1341	1
1342	0
1343	1
1344	0
1345	0
1346	0
1347	0
1348	0
1349	0
1350	0
1351	0
1352	0
1353	1
1354	0
1355	1
1356	0
1357	0
1358	0
1359	1
1360	0
1361	2
1362	1
1363	1
1364	0
1365	2
1366	1
1367	1
1368	1
1369	3
1370	2
1371	1
1372	2
1373	1
1374	2
1375	2
1376	2
1377	2
1378	1
1379	3
1380	2
1381	2
1382	2
1383	2
1384	2
1385	2
1386	2
1387	2
1388	3
1389	2
1390	2
1391	3
1392	2
1393	3
1394	1
1395	3
1396	2
1397	3
1398	3
1399	2
1400	2
1401	2
1402	2
1403	2
1404	2
1405	1
1406	1
1407	1
1408	1
1409	1
1410	2
1411	2
1412	1
1413	2
1414	0
1415	2
1416	0
1417	1
1418	1
1419	1
1420	1
1421	1
1422	1
1423	2
1424	1
1425	2
1426	1
1427	1
1428	0
1429	1
1430	0
1431	1
1432	0
1433	2
1434	1
1435	1
1436	1
1437	2
1438	1
1439	2
1440	1
1441	2
1442	0
1443	1
1444	0
1445	1
1446	1
1447	1
1448	0
1449	1
1450	0
1451	1
1452	0
1453	2
1454	0
1455	0
1456	1
1457	2
1458	0
1459	1
1460	0
1461	1
1462	1
1463	1
1464	1
1465	0
1466	0
1467	0
1468	0
1469	1
1470	0
1471	0
1472	0
1473	0
1474	0
1475	0
1476	0
1477	1
1478	0
1479	1
1480	0
1481	1
1482	0
1483	1
1484	1
1485	2
1486	0
1487	1
1488	0
1489	0
1490	0
1491	0
1492	0
1493	0
1494	0
1495	2
1496	0
1497	0
1498	0
1499	0
1500	0
1501	1
1502	0
1503	2
1504	0
1505	1
1506	0
1507	1
1508	0
1509	0
1510	0
1511	0
1512	0
1513	0
1514	0
1515	1
1516	0
1517	1
1518	1
1519	0
1520	0
1521	0
1522	0
1523	0
1524	1
1525	1
1526	0
1527	1
1528	0
1529	2
1530	0
1531	0
1532	0
1533	0
1534	0
1535	1
1536	0
1537	0
1538	0
1539	1
1540	0
1541	1
1542	0
1543	1
1544	0
1545	1
1546	0
1547	1
1548	0
1549	1
1550	0
1551	0
1552	0
1553	0
1554	0
1555	1
1556	0
1557	0
1558	0
1559	0
1560	0
1561	2
1562	0
1563	1
1564	0
1565	0
1566	0
1567	1
1568	0
1569	2
1570	0
1571	1
1572	0
1573	1
1574	0
1575	0
1576	0
1577	1
1578	1
1579	2
1580	1
1581	2
1582	0
1583	1
1584	0
1585	1
1586	1
1587	2
1588	0
1589	2
1590	0
1591	2
1592	0
1593	1
1594	0
1595	1
1596	0
1597	2
1598	1
1599	1
1600	0
1601	0
1602	0
1603	2
1604	0
1605	2
1606	0
1607	1
1608	1
1609	2
1610	2
1611	1
1612	1
1613	1
1614	1
1615	2
1616	1
1617	1
1618	1
1619	2
1620	1
1621	2
1622	1
1623	2
1624	0
1625	2
1626	0
1627	1
1628	0
1629	1
1630	0
1631	1
1632	0
1633	1
1634	0
1635	2
1636	0
1637	2
1638	0
1639	1
1640	0
1641	0
1642	0
1643	1
1644	0
1645	1
1646	0
1647	1
1648	0
1649	0
1650	0
1651	0
1652	0
1653	2
1654	1
1655	2
1656	0
1657	2
1658	1
1659	1
1660	1
1661	1
1662	0
1663	1
1664	1
1665	1
1666	1
1667	0
1668	0
1669	1
1670	0
1671	1
1672	1
1673	0
1674	1
1675	1
1676	1
1677	1
1678	1
1679	2
1680	0
1681	1
1682	0
1683	1
1684	0
1685	2
1686	0
1687	1
1688	0
1689	1
1690	0
1691	0
1692	0
1693	0
1694	0
1695	0
1696	0
1697	1
1698	0
1699	1
1700	0
1701	1
1702	0
1703	1
1704	0
1705	2
1706	1
1707	2
1708	1
1709	1
1710	2
1711	3
1712	1
1713	2
1714	1
1715	3
1716	1
1717	1
1718	1
1719	3
1720	1
1721	4
1722	2
1723	3
1724	0
1725	3
1726	2
1727	1
1728	1
1729	1
1730	0
1731	1
1732	0
1733	1
1734	1
1735	0
1736	1
1737	0
1738	0
1739	1
1740	1
1741	2
1742	1
1743	2
1744	0
1745	1
1746	1
1747	2
1748	0
1749	2
1750	1
1751	1
1752	1
1753	0
1754	2
1755	1
1756	0
1757	2
1758	0
1759	2
1760	2
1761	1
1762	1
1763	1
1764	1
1765	2
1766	1
1767	1
1768	1
1769	2
1770	0
1771	2
1772	0
1773	3
1774	0
1775	2
1776	0
1777	2
1778	1
1779	1
1780	0
1781	0
1782	0
1783	2
1784	0
1785	1
1786	0
1787	1
1788	0
1789	1
1790	0
1791	1
1792	0
1793	0
1794	0
1795	1
1796	1
1797	0
1798	0
1799	0
1800	0
1801	1
1802	1
1803	1
1804	0
1805	0
1806	0
1807	0
1808	1
1809	2
1810	1
1811	1
1812	1
1813	3
1814	1
1815	2
1816	2
1817	1
1818	2
1819	2
1820	2
1821	2
1822	1
1823	2
1824	1
1825	1
1826	2
1827	3
1828	0
1829	1
1830	1
1831	1
1832	0
1833	2
1834	0
1835	2
1836	0
1837	3
1838	0
1839	2
1840	1
1841	1
1842	1
1843	2
1844	1
1845	3
1846	1
1847	1
1848	2
1849	1
1850	1
1851	3
1852	1
1853	2
1854	1
1855	2
1856	0
1857	1
1858	0
1859	2
1860	0
1861	1
1862	1
1863	1
1864	1
1865	1
1866	1
1867	2
1868	0
1869	1
1870	1
1871	1
1872	2
1873	1
1874	0
1875	3
1876	1
1877	2
1878	1
1879	2
1880	1
1881	2
1882	1
1883	1
1884	1
1885	1
1886	1
1887	2
1888	1
1889	2
1890	1
1891	3
1892	0
1893	2
1894	0
1895	2
1896	0
1897	1
1898	1
1899	1
1900	1
1901	0
1902	2
1903	0
1904	1
1905	1
1906	1
1907	1
1908	1
1909	1
1910	1
1911	1
1912	1
1913	2
1914	0
1915	2
1916	1
1917	2
1918	2
1919	3
1920	1
1921	2
1922	2
1923	3
1924	1
1925	2
1926	2
1927	2
1928	3
1929	2
1930	2
1931	3
1932	1
1933	4
1934	1
1935	3
1936	1
1937	3
1938	1
1939	2
1940	1
1941	2
1942	2
1943	1
1944	1
1945	3
1946	2
1947	2
1948	2
1949	3
1950	2
1951	2
1952	2
1953	2
1954	2
1955	2
1956	1
1957	3
1958	1
1959	1
1960	1
1961	1
1962	2
1963	2
1964	2
1965	3
1966	0
1967	2
1968	1
1969	3
1970	2
1971	2
1972	2
1973	1
1974	1
1975	2
1976	2
1977	2
1978	1
1979	3
1980	1
1981	2
1982	0
1983	2
1984	1
1985	3
1986	0
1987	2
1988	2
1989	1
1990	1
1991	2
1992	1
1993	2
1994	1
1995	2
1996	1
1997	3
1998	1
1999	2
