0	5
1	6
2	7
3	6
4	7
5	6
6	7
7	6
8	6
9	5
10	5
11	6
12	6
13	4
14	6
15	4
16	5
17	6
18	5
19	5
20	5
21	6
22	4
23	6
24	5
25	6
26	4
27	5
28	4
29	5
30	5
31	5
32	5
33	6
34	5
35	5
36	5
37	4
38	4
39	4
40	4
41	4
42	5
43	4
44	4
45	4
46	5
47	6
48	5
49	5
50	6
51	5
52	5
53	4
54	4
55	4
56	5
57	4
58	4
59	4
60	6
61	7
62	7
63	4
64	6
65	5
66	6
67	5
68	5
69	6
70	4
71	8
72	7
73	9
74	8
75	8
76	6
77	8
78	7
79	7
80	7
81	8
82	6
83	8
84	6
85	5
86	5
87	6
88	6
89	5
90	6
91	4
92	6
93	5
94	5
95	5
96	6
97	5
98	5
99	5
100	4
101	4
102	5
103	4
104	4
105	4
106	4
107	3
108	6
109	5
110	5
111	5
112	5
113	6
114	6
115	6
116	6
117	6
118	6
119	6
120	7
121	5
122	6
123	5
124	6
125	6
126	7
127	6
128	6
129	6
130	7
131	6
132	6
133	6
134	6
135	5
136	5
137	4
138	5
139	5
140	6
141	5
142	6
143	5
144	4
145	4
146	4
147	5
148	4
149	2
150	4
151	4
152	3
153	5
154	3
155	4
156	3
157	4
158	3
159	3
160	5
161	4
162	6
163	5
164	6
165	5
166	5
167	6
168	5
169	4
170	4
171	4
172	5
173	4
174	6
175	4
176	5
177	5
178	7
179	5
180	6
181	5
182	5
183	5
184	4
185	5
186	5
187	4
188	7
189	7
190	5
191	4
192	5
193	6
194	6
195	6
196	7
197	6
198	5
199	6
200	6
201	6
202	6
203	7
204	7
205	6
206	7
207	8
208	6
209	7
210	5
211	7
212	6
213	7
214	6
215	5
216	6
217	5
218	7
219	7
220	7
221	5
222	5
223	6
224	5
225	5
226	4
227	6
228	5
229	6
230	4
231	5
232	4
233	5
234	4
235	6
236	4
237	5
238	5
239	6
240	4
241	5
242	6
243	5
244	4
245	6
246	6
247	6
248	6
249	6
250	8
251	6
252	6
253	6
254	6
255	5
256	7
257	6
258	7
259	4
260	7
261	5
262	6
263	5
264	6
265	7
266	6
267	5
268	6
269	8
270	5
271	7
272	6
273	6
274	5
275	4
276	4
277	4
278	4
279	4
280	4
281	4
282	3
283	3
284	4
285	4
286	4
287	5
288	4
289	4
290	6
291	4
292	4
293	5
294	5
295	5
296	4
297	6
298	6
299	6
300	6
301	4
302	6
303	6
304	6
305	6
306	5
307	6
308	5
309	6
310	5
311	7
312	4
313	7
314	4
315	5
316	5
317	6
318	5
319	5
320	6
321	6
322	6
323	5
324	5
325	5
326	6
327	5
328	5
329	5
330	6
331	6
332	5
333	6
334	6
335	5
336	5
337	7
338	6
339	6
340	6
341	7
342	5
343	6
344	6
345	6
346	7
347	6
348	5
349	7
350	6
351	5
352	5
353	6
354	4
355	5
356	4
357	5
358	5
359	5
360	4
361	4
362	4
363	6
364	4
365	4
366	4
367	4
368	5
369	4
370	4
371	4
372	5
373	5
374	5
375	4
376	5
377	4
378	3
379	4
380	4
381	5
382	5
383	5
384	6
385	4
386	5
387	7
388	4
389	4
390	6
391	6
392	7
393	5
394	5
395	5
396	6
397	7
398	6
399	6
400	7
401	7
402	9
403	8
404	8
405	10
406	10
407	12
408	14
409	15
410	15
411	18
412	21
413	23
414	25
415	29
416	33
417	35
418	39
419	42
420	46
421	51
422	54
423	59
424	63
425	67
426	71
427	76
428	81
429	85
430	89
431	94
432	97
433	101
434	105
435	109
436	115
437	120
438	123
439	126
440	130
441	134
442	137
443	140
444	144
445	148
446	149
447	152
448	153
449	156
450	158
451	161
452	160
453	164
454	164
455	164
456	164
457	164
458	163
459	163
460	162
461	162
462	160
463	160
464	158
465	158
466	156
467	153
468	151
469	149
470	147
471	144
472	142
473	139
474	137
475	135
476	132
477	129
478	126
479	123
480	120
481	118
482	116
483	113
484	111
485	106
486	104
487	102
488	101
489	97
490	93
491	91
492	90
493	85
494	85
495	79
496	78
497	78
498	78
499	78
500	62
501	66
502	63
503	63
504	62
505	59
506	56
507	54
508	51
509	49
510	48
511	47
512	44
513	42
514	40
515	38
516	37
517	36
518	34
519	32
520	31
521	29
522	27
523	26
524	25
525	23
526	23
527	22
528	20
529	20
530	20
531	18
532	17
533	16
534	15
535	14
536	13
537	12
538	10
539	11
540	9
541	9
542	8
543	8
544	6
545	7
546	5
547	6
548	4
549	3
550	2
551	4
552	0
553	3
554	1
555	2
556	0
557	0
558	0
559	0
560	-1
561	0
562	-3
563	-2
564	-3
565	-3
566	-4
567	-4
568	-4
569	-6
570	-6
571	-5
572	-5
573	-6
574	-6
575	-7
576	-7
577	-7
578	-7
579	-6
580	-9
581	-8
582	-9
583	-10
584	-10
585	-10
586	-10
587	-10
588	-10
589	-11
590	-11
591	-9
592	-11
593	-10
594	-11
595	-10
596	-11
597	-11
598	-11
599	-10
600	-11
601	-11
602	-11
603	-11
604	-12
605	-10
606	-11
607	-11
608	-11
609	-12
610	-11
611	-11
612	-11
613	-11
614	-11
615	-11
616	-12
617	-12
618	-12
619	-11
620	-12
621	-12
622	-12
623	-12
624	-12
625	-11
626	-13
627	-12
628	-13
629	-13
630	-12
631	-11
632	-12
633	-11
634	-12
635	-12
636	-11
637	-13
638	-13
639	-13
640	-13
641	-13
642	-11
643	-11
644	-12
645	-12
646	-13
647	-12
648	-13
649	-12
650	-12
651	-13
652	-13
653	-12
654	-12
655	-11
656	-12
657	-11
658	-11
659	-12
660	-11
661	-11
662	-12
663	-10
664	-10
665	-11
666	-10
667	-10
668	-10
669	-11
670	-10
671	-10
672	-9
673	-10
674	-9
675	-10
676	-10
677	-9
678	-10
679	-9
680	-10
681	-9
682	-10
683	-10
684	-10
685	-9
686	-9
687	-9
688	-10
689	-10
690	-10
691	-11
692	-10
693	-11
694	-10
695	-11
696	-11
697	-10
698	-11
699	-11
700	-12
701	-10
702	-11
703	-11
704	-11
705	-11
706	-11
707	-11
708	-11
709	-11
710	-12
711	-10
712	-11
713	-11
714	-12
715	-11
716	-12
717	-12
718	-12
719	-11
720	-12
721	-11
722	-11
723	-10
724	-10
725	-10
726	-11
727	-11
728	-12
729	-11
730	-11
731	-12
732	-12
733	-11
734	-11
735	-12
736	-11
737	-12
738	-12
739	-13
740	-12
741	-12
742	-11
743	-12
744	-11
745	-11
746	-11
747	-12
748	-12
749	-12
750	-12
751	-12
752	-11
753	-11
754	-12
755	-10
756	-11
757	-11
758	-11
759	-11
760	-10
761	-10
762	-11
763	-11
764	-11
765	-10
766	-10
767	-9
768	-11
769	-9
770	-9
771	-9
772	-10
773	-8
774	-9
775	-10
776	-9
777	-8
778	-11
779	-8
780	-10
781	-9
782	-8
783	-9
784	-10
785	-9
786	-9
787	-11
788	-11
789	-10
790	-10
791	-9
792	-9
793	-10
794	-10
795	-11
796	-10
797	-10
798	-11
799	-10
800	-10
801	-9
802	-10
803	-9
804	-9
805	-9
806	-9
807	-10
808	-8
809	-8
810	-9
811	-9
812	-9
813	-9
814	-9
815	-9
816	-9
817	-9
818	-10
819	-9
820	-9
821	-10
822	-10
823	-10
824	-10
825	-9
826	-9
827	-10
828	-11
829	-11
830	-10
831	-10
832	-10
833	-9
834	-9
835	-10
836	-9
837	-9
838	-10
839	-8
840	-11
841	-9
842	-9
843	-10
844	-10
845	-9
846	-10
847	-9
848	-9
849	-9
850	-8
851	-7
852	-8
853	-7
854	-8
855	-7
856	-7
857	-7
858	-8
859	-6
860	-7
861	-7
862	-7
863	-7
864	-9
865	-6
866	-5
867	-6
868	-6
869	-8
870	-7
871	-6
872	-5
873	-6
874	-6
875	-6
876	-6
877	-5
878	-6
879	-5
880	-6
881	-5
882	-5
883	-6
884	-5
885	-5
886	-5
887	-4
888	-5
889	-5
890	-5
891	-4
892	-4
893	-5
894	-5
895	-5
896	-4
897	-3
898	-4
899	-3
900	-3
901	-4
902	-3
903	-3
904	-4
905	-2
906	-3
907	-3
908	-3
909	-4
910	-3
911	-3
912	-3
913	-2
914	-2
915	-2
916	-1
917	-3
918	-3
919	-3
920	-2
921	-3
922	-1
923	-3
924	0
925	-1
926	-1
927	0
928	-2
929	-1
930	-1
931	-1
932	0
933	1
934	0
935	0
936	0
937	0
938	0
939	0
940	0
941	0
942	0
943	0
944	0
945	0
946	0
947	0
948	0
949	0
950	0
951	0
952	0
953	0
954	0
955	0
956	-1
957	0
958	0
959	0
960	0
961	0
962	0
963	0
964	0
965	0
966	-1
967	-1
968	0
969	0
970	0
971	0
972	-1
973	0
974	0
975	-1
976	0
977	0
978	0
979	0
980	0
981	0
982	0
983	0
984	0
985	0
986	0
987	0
988	0
989	0
990	0
991	0
992	0
993	1
994	0
995	1
996	0
997	1
998	0
999	0
1000	0
1001	0
1002	0
1003	0
1004	-1
1005	-2
1006	0
1007	-1
1008	-2
1009	0
1010	-1
1011	0
1012	-1
1013	-1
1014	-3
1015	-2
1016	0
1017	-1
1018	-1
1019	-2
1020	-1
1021	-1
1022	-2
1023	-2
1024	-1
1025	0
1026	-1
1027	0
1028	-1
1029	0
1030	-1
1031	0
1032	-1
1033	-1
1034	0
1035	-1
1036	-1
1037	0
1038	-1
1039	-1
1040	-2
1041	-1
1042	-2
1043	-2
1044	-2
1045	-1
1046	-2
1047	-2
1048	-3
1049	-3
1050	-3
1051	-2
1052	-3
1053	-3
1054	-3
1055	-3
1056	-3
1057	-3
1058	-2
1059	-2
1060	-3
1061	-3
1062	-1
1063	-2
1064	-1
1065	-2
1066	-1
1067	-1
1068	0
1069	0
1070	0
1071	0
1072	0
1073	0
1074	0
1075	0
1076	0
1077	0
1078	1
1079	2
1080	1
1081	2
1082	2
1083	1
1084	3
1085	2
1086	3
1087	3
1088	3
1089	4
1090	3
1091	4
1092	4
1093	4
1094	3
1095	4
1096	4
1097	3
1098	3
1099	4
1100	4
1101	4
1102	5
1103	4
1104	5
1105	4
1106	4
1107	3
1108	4
1109	3
1110	4
1111	3
1112	4
1113	2
1114	3
1115	3
1116	2
1117	2
1118	2
1119	2
1120	2
1121	2
1122	3
1123	2
1124	2
1125	2
1126	3
1127	2
1128	2
1129	2
1130	1
1131	1
1132	2
1133	2
1134	2
1135	1
1136	2
1137	2
1138	1
1139	1
1140	0
1141	0
1142	1
1143	1
1144	1
1145	0
1146	1
1147	0
1148	0
1149	1
1150	0
1151	0
1152	0
1153	0
1154	0
1155	0
1156	0
1157	0
1158	0
1159	0
1160	0
1161	0
1162	0
1163	0
1164	0
1165	0
1166	0
1167	0
1168	0
1169	0
1170	0
1171	0
1172	0
1173	0
1174	0
1175	0
1176	0
1177	0
1178	0
1179	0
1180	0
1181	0
1182	0
1183	0
1184	0
1185	0
1186	0
1187	0
1188	0
1189	0
1190	0
1191	0
1192	0
1193	0
1194	0
1195	0
1196	0
1197	0
1198	0
1199	-1
1200	0
1201	0
1202	0
1203	0
1204	0
1205	0
1206	1
1207	0
1208	1
1209	0
1210	0
1211	0
1212	0
1213	0
1214	0
1215	0
1216	0
1217	0
1218	0
1219	0
1220	0
1221	0
1222	0
1223	0
1224	0
1225	1
1226	1
1227	1
1228	0
1229	1
1230	1
1231	1
1232	1
1233	1
1234	1
1235	1
1236	1
1237	1
1238	1
1239	1
1240	1
1241	1
1242	1
1243	1
1244	0
1245	2
1246	1
1247	1
1248	0
1249	1
1250	0
1251	0
1252	1
1253	0
1254	0
1255	0
1256	0
1257	0
1258	0
1259	0
1260	0
1261	0
1262	0
1263	0
1264	0
1265	0
1266	0
1267	0
1268	0
1269	0
1270	-1
1271	0
1272	-1
1273	0
1274	-1
1275	0
1276	0
1277	0
1278	0
1279	0
1280	0
1281	-1
1282	-1
1283	0
1284	0
1285	0
1286	0
1287	0
1288	-1
1289	0
1290	-1
1291	0
1292	0
1293	0
1294	0
1295	0
1296	0
1297	0
1298	0
1299	0
1300	0
1301	-1
1302	0
1303	-1
1304	0
1305	0
1306	-1
1307	-1
1308	-1
1309	-1
1310	-1
1311	-1
1312	0
1313	-1
1314	0
1315	-1
1316	0
1317	0
1318	0
1319	0
1320	0
1321	1
1322	1
1323	2
1324	1
1325	2
1326	2
1327	2
1328	2
1329	1
1330	2
1331	1
1332	1
1333	2
1334	2
1335	1
1336	2
1337	2
1338	3
1339	2
1340	3
1341	1
1342	1
1343	1
1344	3
1345	2
1346	2
1347	1
1348	1
1349	1
1350	0
1351	1
1352	0
1353	0
1354	0
1355	0
1356	2
1357	1
1358	1
1359	1
1360	2
1361	1
1362	1
1363	1
1364	1
1365	0
1366	0
1367	0
1368	1
1369	0
1370	0
1371	1
1372	1
1373	0
1374	0
1375	1
1376	0
1377	1
1378	1
1379	1
1380	0
1381	0
1382	1
1383	0
1384	1
1385	0
1386	0
1387	0
1388	0
1389	0
1390	0
1391	0
1392	1
1393	0
1394	0
1395	1
1396	0
1397	0
1398	0
1399	0
1400	0
1401	0
1402	0
1403	0
1404	0
1405	0
1406	0
1407	1
1408	0
1409	1
1410	0
1411	0
1412	2
1413	1
1414	1
1415	2
1416	2
1417	2
1418	3
1419	2
1420	4
1421	3
1422	4
1423	3
1424	5
1425	3
1426	5
1427	3
1428	5
1429	4
1430	4
1431	4
1432	4
1433	3
1434	4
1435	4
1436	4
1437	5
1438	4
1439	5
1440	5
1441	6
1442	5
1443	6
1444	6
1445	6
1446	5
1447	6
1448	6
1449	6
1450	6
1451	6
1452	6
1453	7
1454	7
1455	6
1456	8
1457	6
1458	7
1459	6
1460	6
1461	6
1462	5
1463	6
1464	6
1465	6
1466	6
1467	6
1468	6
1469	5
1470	6
1471	6
1472	6
1473	5
1474	5
1475	5
1476	5
1477	3
1478	4
1479	4
1480	4
1481	5
1482	4
1483	3
1484	3
1485	3
1486	3
1487	3
1488	3
1489	4
1490	4
1491	3
1492	3
1493	3
1494	3
1495	2
1496	3
1497	3
1498	2
1499	3
1500	2
1501	4
1502	4
1503	2
1504	2
1505	3
1506	2
1507	2
1508	2
1509	3
1510	1
1511	3
1512	2
1513	4
1514	4
1515	3
1516	2
1517	2
1518	3
1519	3
1520	3
1521	3
1522	3
1523	3
1524	4
1525	2
1526	4
1527	2
1528	3
1529	2
1530	4
1531	4
1532	4
1533	4
1534	5
1535	3
1536	3
1537	3
1538	3
1539	5
1540	4
1541	4
1542	3
1543	4
1544	5
1545	3
1546	4
1547	4
1548	5
1549	4
1550	4
1551	3
1552	3
1553	3
1554	4
1555	2
1556	3
1557	2
1558	1
1559	1
1560	1
1561	1
1562	0
1563	2
1564	3
1565	1
1566	3
1567	1
1568	3
1569	2
1570	1
1571	1
1572	3
1573	1
1574	3
1575	2
1576	2
1577	2
1578	2
1579	3
1580	3
1581	0
1582	2
1583	1
1584	2
1585	2
1586	2
1587	3
1588	3
1589	2
1590	2
1591	2
1592	3
1593	2
1594	3
1595	1
1596	4
1597	2
1598	4
1599	2
1600	3
1601	2
1602	4
1603	2
1604	4
1605	3
1606	4
1607	2
1608	4
1609	3
1610	4
1611	4
1612	5
1613	2
1614	4
1615	4
1616	4
1617	2
1618	4
1619	3
1620	4
1621	3
1622	2
1623	2
1624	2
1625	1
1626	3
1627	2
1628	3
1629	1
1630	2
1631	1
1632	2
1633	1
1634	1
1635	2
1636	2
1637	1
1638	2
1639	1
1640	2
1641	0
1642	2
1643	2
1644	1
1645	1
1646	0
1647	2
1648	2
1649	0
1650	2
1651	0
1652	2
1653	2
1654	2
1655	4
1656	1
1657	3
1658	2
1659	3
1660	4
1661	1
1662	4
1663	3
1664	3
1665	1
1666	3
1667	3
1668	3
1669	3
1670	3
1671	3
1672	4
1673	3
1674	3
1675	4
1676	4
1677	4
1678	4
1679	4
1680	4
1681	3
1682	4
1683	3
1684	4
1685	3
1686	4
1687	2
1688	4
1689	3
1690	4
1691	4
1692	4
1693	3
1694	3
1695	3
1696	4
1697	4
1698	4
1699	4
1700	4
1701	4
1702	5
1703	4
1704	3
1705	3
1706	3
1707	4
1708	2
1709	4
1710	3
1711	3
1712	2
1713	3
1714	3
1715	2
1716	3
1717	4
1718	4
1719	3
1720	2
1721	4
1722	3
1723	4
1724	4
1725	5
1726	3
1727	3
1728	4
1729	5
1730	5
1731	3
1732	5
1733	4
1734	4
1735	4
1736	5
1737	4
1738	3
1739	5
1740	4
1741	5
1742	4
1743	5
1744	4
1745	4
1746	5
1747	4
1748	4
1749	4
1750	4
1751	4
1752	4
1753	3
1754	3
1755	3
1756	4
1757	3
1758	3
1759	3
1760	2
1761	3
1762	2
1763	1
1764	2
1765	2
1766	0
1767	2
1768	2
1769	1
1770	0
1771	1
1772	2
1773	2
1774	2
1775	2
1776	2
1777	2
1778	2
1779	3
1780	4
1781	2
1782	2
1783	2
1784	3
1785	4
1786	4
1787	3
1788	4
1789	4
1790	4
1791	4
1792	4
1793	4
1794	4
1795	5
1796	4
1797	4
1798	6
1799	6
1800	4
1801	5
1802	2
1803	4
1804	4
1805	3
1806	4
1807	4
1808	3
1809	2
1810	4
1811	4
1812	3
1813	3
1814	4
1815	3
1816	3
1817	4
1818	4
1819	6
1820	4
1821	5
1822	4
1823	4
1824	4
1825	4
1826	5
1827	5
1828	4
1829	6
1830	6
1831	5
1832	4
1833	4
1834	4
1835	4
1836	4
1837	4
1838	5
1839	2
1840	4
1841	3
1842	4
1843	4
1844	2
1845	4
1846	3
1847	4
1848	3
1849	4
1850	3
1851	4
1852	4
1853	5
1854	3
1855	3
1856	3
1857	3
1858	3
1859	4
1860	3
1861	4
1862	3
1863	3
1864	3
1865	2
1866	4
1867	2
1868	4
1869	2
1870	3
1871	3
1872	4
1873	3
1874	4
1875	3
1876	4
1877	5
1878	4
1879	5
1880	4
1881	3
1882	3
1883	3
1884	6
1885	4
1886	6
1887	4
1888	5
1889	4
1890	4
1891	4
1892	4
1893	4
1894	5
1895	5
1896	5
1897	4
1898	4
1899	5
1900	5
1901	5
1902	4
1903	4
1904	4
1905	5
1906	5
1907	6
1908	6
1909	6
1910	6
1911	6
1912	5
1913	4
1914	5
1915	3
1916	4
1917	7
1918	5
1919	5
1920	4
1921	6
1922	2
1923	5
1924	4
1925	4
1926	4
1927	4
1928	5
1929	4
1930	5
1931	4
1932	6
1933	4
1934	5
1935	4
1936	4
1937	3
1938	3
1939	4
1940	4
1941	4
1942	5
1943	4
1944	5
1945	5
1946	4
1947	4
1948	4
1949	4
1950	3
1951	3
1952	3
1953	3
1954	3
1955	2
1956	5
1957	3
1958	3
1959	3
1960	3
1961	2
1962	3
1963	3
1964	3
1965	4
1966	3
1967	1
1968	3
1969	3
1970	3
1971	3
1972	3
1973	4
1974	2
1975	3
1976	2
1977	4
1978	3
1979	3
1980	3
1981	3
1982	5
1983	2
1984	4
1985	2
1986	3
1987	4
1988	4
1989	3
1990	3
1991	4
1992	4
1993	4
1994	4
1995	4
1996	4
1997	4
1998	4
1999	5
