0	0
1	1
2	0
3	1
4	0
5	0
6	2
7	1
8	1
9	0
10	1
11	0
12	1
13	0
14	1
15	1
16	1
17	1
18	0
19	1
20	0
21	1
22	0
23	2
24	0
25	1
26	1
27	2
28	1
29	1
30	0
31	1
32	0
33	1
34	0
35	1
36	0
37	1
38	0
39	1
40	0
41	1
42	0
43	1
44	1
45	0
46	0
47	0
48	0
49	1
50	0
51	1
52	0
53	1
54	0
55	0
56	0
57	0
58	0
59	0
60	0
61	0
62	0
63	1
64	0
65	1
66	0
67	1
68	0
69	0
70	1
71	0
72	1
73	0
74	1
75	0
76	0
77	2
78	0
79	1
80	1
81	0
82	1
83	0
84	0
85	0
86	1
87	1
88	2
89	1
90	0
91	1
92	0
93	1
94	2
95	2
96	0
97	2
98	1
99	2
100	1
101	1
102	0
103	1
104	0
105	2
106	1
107	1
108	2
109	0
110	1
111	0
112	1
113	1
114	1
115	1
116	1
117	2
118	1
119	1
120	0
121	1
122	0
123	1
124	0
125	1
126	2
127	2
128	1
129	2
130	1
131	2
132	2
133	2
134	2
135	2
136	2
137	2
138	2
139	0
140	1
141	1
142	1
143	1
144	0
145	2
146	0
147	1
148	0
149	0
150	0
151	1
152	0
153	0
154	0
155	0
156	0
157	0
158	0
159	1
160	0
161	1
162	1
163	0
164	1
165	1
166	1
167	1
168	0
169	1
170	0
171	1
172	0
173	1
174	1
175	1
176	1
177	0
178	0
179	1
180	0
181	1
182	0
183	1
184	1
185	2
186	1
187	0
188	1
189	1
190	0
191	1
192	1
193	2
194	0
195	2
196	0
197	1
198	0
199	0
200	1
201	0
202	1
203	1
204	0
205	0
206	1
207	0
208	2
209	0
210	2
211	2
212	2
213	1
214	0
215	0
216	0
217	1
218	0
219	0
220	0
221	0
222	1
223	0
224	0
225	1
226	1
227	0
228	0
229	1
230	0
231	1
232	0
233	0
234	0
235	1
236	1
237	0
238	1
239	1
240	1
241	1
242	2
243	1
244	0
245	0
246	0
247	1
248	0
249	1
250	0
251	1
252	1
253	1
254	0
255	2
256	1
257	1
258	1
259	1
260	0
261	1
262	1
263	1
264	1
265	1
266	0
267	1
268	1
269	1
270	0
271	1
272	1
273	1
274	2
275	0
276	0
277	1
278	0
279	0
280	1
281	0
282	1
283	0
284	1
285	1
286	1
287	0
288	0
289	0
290	1
291	0
292	0
293	1
294	0
295	1
296	1
297	3
298	2
299	2
300	2
301	1
302	1
303	1
304	1
305	2
306	1
307	3
308	1
309	2
310	0
311	2
312	0
313	2
314	0
315	1
316	2
317	1
318	1
319	1
320	0
321	0
322	0
323	0
324	0
325	1
326	0
327	0
328	0
329	1
330	1
331	1
332	1
333	1
334	0
335	1
336	0
337	1
338	0
339	0
340	1
341	0
342	1
343	1
344	1
345	1
346	0
347	1
348	1
349	2
350	1
351	2
352	1
353	2
354	0
355	2
356	2
357	2
358	0
359	3
360	1
361	2
362	2
363	2
364	2
365	2
366	1
367	2
368	2
369	3
370	3
371	2
372	1
373	1
374	1
375	1
376	1
377	1
378	0
379	1
380	0
381	1
382	0
383	1
384	0
385	1
386	0
387	1
388	0
389	1
390	1
391	1
392	0
393	2
394	0
395	2
396	0
397	2
398	0
399	1
400	1
401	1
402	1
403	1
404	0
405	1
406	1
407	2
408	1
409	2
410	2
411	0
412	1
413	1
414	0
415	1
416	1
417	1
418	1
419	2
420	2
421	3
422	2
423	2
424	1
425	3
426	3
427	2
428	2
429	2
430	3
431	3
432	3
433	4
434	6
435	7
436	7
437	10
438	10
439	12
440	14
441	15
442	17
443	20
444	22
445	24
446	25
447	27
448	30
449	33
450	34
451	37
452	39
453	42
454	44
455	46
456	49
457	51
458	52
459	55
460	56
461	57
462	59
463	62
464	62
465	64
466	64
467	66
468	66
469	67
470	67
471	67
472	68
473	68
474	68
475	69
476	70
477	71
478	71
479	73
480	72
481	73
482	71
483	71
484	71
485	73
486	73
487	72
488	72
489	71
490	72
491	71
492	71
493	71
494	73
495	73
496	74
497	74
498	74
499	78
500	62
501	72
502	67
503	68
504	67
505	67
506	67
507	67
508	66
509	65
510	62
511	63
512	61
513	60
514	59
515	59
516	57
517	57
518	54
519	55
520	52
521	51
522	51
523	49
524	48
525	48
526	45
527	46
528	44
529	44
530	42
531	41
532	39
533	39
534	37
535	36
536	34
537	33
538	33
539	32
540	30
541	30
542	29
543	29
544	28
545	28
546	26
547	26
548	24
549	25
550	24
551	24
552	23
553	22
554	21
555	20
556	19
557	19
558	16
559	19
560	16
561	18
562	13
563	15
564	12
565	13
566	12
567	11
568	10
569	9
570	8
571	8
572	8
573	6
574	8
575	7
576	6
577	6
578	6
579	5
580	5
581	4
582	4
583	4
584	4
585	4
586	4
587	4
588	3
589	3
590	3
591	4
592	3
593	3
594	3
595	3
596	3
597	2
598	3
599	2
600	2
601	1
602	1
603	1
604	0
605	0
606	0
607	0
608	0
609	0
610	0
611	0
612	0
613	0
614	0
615	0
616	0
617	0
618	0
619	0
620	0
621	0
622	-1
623	0
624	0
625	0
626	0
627	0
628	0
629	0
630	0
631	0
632	0
633	0
634	0
635	0
636	0
637	0
638	0
639	0
640	0
641	0
642	0
643	0
644	0
645	0
646	0
647	0
648	0
649	0
650	0
651	0
652	0
653	0
654	0
655	0
656	0
657	0
658	0
659	0
660	0
661	0
662	0
663	0
664	0
665	0
666	0
667	0
668	0
669	0
670	0
671	0
672	0
673	0
674	0
675	0
676	0
677	0
678	0
679	0
680	0
681	0
682	0
683	0
684	0
685	0
686	0
687	0
688	0
689	0
690	0
691	0
692	0
693	0
694	0
695	0
696	0
697	0
698	0
699	0
700	0
701	0
702	0
703	0
704	0
705	0
706	0
707	0
708	0
709	0
710	0
711	0
712	0
713	0
714	0
715	0
716	0
717	0
718	0
719	0
720	0
721	0
722	0
723	0
724	0
725	0
726	0
727	0
728	0
729	0
730	0
731	0
732	0
733	0
734	0
735	0
736	0
737	0
738	0
739	0
740	0
741	0
742	0
743	0
744	0
745	0
746	0
747	0
748	0
749	0
750	0
751	0
752	0
753	0
754	0
755	0
756	0
757	0
758	0
759	0
760	0
761	1
762	0
763	1
764	0
765	1
766	1
767	0
768	1
769	1
770	1
771	1
772	1
773	1
774	1
775	1
776	1
777	1
778	1
779	2
780	1
781	2
782	1
783	1
784	0
785	1
786	1
787	1
788	1
789	1
790	1
791	1
792	1
793	1
794	0
795	0
796	0
797	1
798	1
799	1
800	0
801	0
802	0
803	0
804	0
805	0
806	1
807	0
808	1
809	0
810	1
811	1
812	0
813	1
814	0
815	1
816	1
817	0
818	0
819	1
820	1
821	1
822	1
823	1
824	0
825	0
826	0
827	1
828	0
829	1
830	0
831	0
832	0
833	0
834	0
835	0
836	-1
837	0
838	-1
839	0
840	0
841	0
842	-1
843	0
844	0
845	0
846	0
847	0
848	0
849	0
850	-1
851	0
852	0
853	0
854	0
855	0
856	0
857	0
858	0
859	0
860	0
861	0
862	0
863	0
864	0
865	0
866	0
867	0
868	0
869	0
870	0
871	0
872	0
873	0
874	0
875	-1
876	-1
877	0
878	-1
879	-1
880	-1
881	0
882	0
883	0
884	-1
885	0
886	-1
887	0
888	-1
889	0
890	-1
891	-2
892	-1
893	-1
894	-1
895	-1
896	-1
897	-1
898	-1
899	0
900	-1
901	0
902	-1
903	0
904	0
905	0
906	0
907	0
908	0
909	0
910	0
911	0
912	0
913	0
914	0
915	0
916	0
917	0
918	0
919	0
920	0
921	0
922	0
923	0
924	0
925	0
926	0
927	0
928	0
929	0
930	0
931	0
932	0
933	0
934	0
935	0
936	0
937	0
938	0
939	0
940	0
941	0
942	0
943	0
944	0
945	0
946	0
947	0
948	0
949	0
950	0
951	0
952	0
953	0
954	0
955	0
956	0
957	0
958	0
959	0
960	0
961	0
962	0
963	0
964	0
965	0
966	-1
967	0
968	-1
969	0
970	-1
971	0
972	0
973	0
974	-1
975	0
976	0
977	0
978	-1
979	0
980	0
981	0
982	0
983	0
984	-1
985	0
986	0
987	-1
988	0
989	-1
990	0
991	0
992	0
993	0
994	0
995	0
996	0
997	0
998	0
999	0
1000	0
1001	0
1002	0
1003	0
1004	0
1005	0
1006	0
1007	0
1008	0
1009	0
1010	0
1011	0
1012	0
1013	0
1014	0
1015	0
1016	0
1017	0
1018	0
1019	0
1020	0
1021	0
1022	0
1023	0
1024	0
1025	0
1026	0
1027	0
1028	0
1029	0
1030	0
1031	0
1032	0
1033	0
1034	-1
1035	0
1036	0
1037	0
1038	-1
1039	0
1040	0
1041	-1
1042	0
1043	0
1044	0
1045	0
1046	0
1047	0
1048	0
1049	0
1050	0
1051	0
1052	0
1053	0
1054	0
1055	0
1056	0
1057	0
1058	0
1059	0
1060	0
1061	0
1062	0
1063	0
1064	0
1065	0
1066	0
1067	0
1068	0
1069	0
1070	0
1071	0
1072	0
1073	0
1074	0
1075	0
1076	0
1077	0
1078	0
1079	0
1080	0
1081	0
1082	0
1083	0
1084	-1
1085	0
1086	0
1087	0
1088	0
1089	-1
1090	-1
1091	0
1092	0
1093	0
1094	-1
1095	0
1096	0
1097	0
1098	0
1099	0
1100	0
1101	0
1102	0
1103	-1
1104	0
1105	0
1106	0
1107	0
1108	0
1109	-1
1110	-1
1111	0
1112	0
1113	0
1114	0
1115	0
1116	0
1117	0
1118	0
1119	0
1120	0
1121	0
1122	0
1123	0
1124	0
1125	0
1126	0
1127	0
1128	0
1129	0
1130	0
1131	0
1132	0
1133	0
1134	0
1135	0
1136	0
1137	0
1138	0
1139	0
1140	0
1141	0
1142	0
1143	0
1144	0
1145	0
1146	0
1147	0
1148	0
1149	0
1150	0
1151	0
1152	0
1153	0
1154	0
1155	0
1156	0
1157	0
1158	0
1159	0
1160	0
1161	0
1162	0
1163	0
1164	0
1165	0
1166	0
1167	0
1168	0
1169	0
1170	0
1171	0
1172	0
1173	0
1174	0
1175	0
1176	0
1177	0
1178	0
1179	0
1180	0
1181	0
1182	0
1183	0
1184	0
1185	0
1186	0
1187	0
1188	0
1189	0
1190	0
1191	0
1192	-1
1193	0
1194	0
1195	0
1196	0
1197	0
1198	0
1199	0
1200	0
1201	0
1202	0
1203	0
1204	0
1205	0
1206	0
1207	0
1208	0
1209	0
1210	0
1211	0
1212	-1
1213	0
1214	0
1215	0
1216	0
1217	0
1218	-1
1219	0
1220	0
1221	0
1222	0
1223	-1
1224	0
1225	-1
1226	0
1227	0
1228	0
1229	0
1230	0
1231	0
1232	0
1233	0
1234	0
1235	0
1236	0
1237	0
1238	1
1239	0
1240	1
1241	1
1242	1
1243	1
1244	1
1245	1
1246	0
1247	1
1248	1
1249	1
1250	0
1251	2
1252	1
1253	0
1254	1
1255	1
1256	1
1257	0
1258	1
1259	1
1260	1
1261	2
1262	2
1263	2
1264	2
1265	2
1266	2
1267	2
1268	2
1269	2
1270	2
1271	3
1272	3
1273	2
1274	2
1275	2
1276	3
1277	3
1278	3
1279	2
1280	2
1281	2
1282	2
1283	3
1284	3
1285	2
1286	2
1287	1
1288	1
1289	1
1290	1
1291	2
1292	1
1293	1
1294	1
1295	2
1296	1
1297	1
1298	2
1299	2
1300	2
1301	1
1302	2
1303	1
1304	1
1305	1
1306	2
1307	1
1308	1
1309	2
1310	2
1311	1
1312	1
1313	1
1314	1
1315	1
1316	1
1317	1
1318	1
1319	1
1320	1
1321	1
1322	1
1323	1
1324	1
1325	1
1326	1
1327	2
1328	1
1329	2
1330	2
1331	1
1332	2
1333	1
1334	2
1335	2
1336	2
1337	1
1338	2
1339	1
1340	2
1341	2
1342	2
1343	1
1344	2
1345	2
1346	2
1347	2
1348	2
1349	2
1350	1
1351	2
1352	2
1353	2
1354	2
1355	2
1356	2
1357	1
1358	2
1359	2
1360	2
1361	3
1362	2
1363	1
1364	1
1365	1
1366	1
1367	2
1368	2
1369	2
1370	0
1371	0
1372	0
1373	0
1374	0
1375	0
1376	1
1377	0
1378	1
1379	1
1380	1
1381	0
1382	1
1383	1
1384	0
1385	0
1386	1
1387	1
1388	0
1389	0
1390	0
1391	0
1392	0
1393	0
1394	0
1395	0
1396	1
1397	0
1398	1
1399	0
1400	0
1401	1
1402	1
1403	2
1404	0
1405	1
1406	0
1407	1
1408	0
1409	1
1410	0
1411	1
1412	0
1413	0
1414	0
1415	0
1416	0
1417	0
1418	0
1419	0
1420	0
1421	0
1422	0
1423	0
1424	0
1425	0
1426	0
1427	0
1428	0
1429	0
1430	0
1431	0
1432	0
1433	0
1434	0
1435	0
1436	0
1437	0
1438	0
1439	0
1440	0
1441	0
1442	0
1443	0
1444	0
1445	0
1446	0
1447	0
1448	0
1449	0
1450	0
1451	0
1452	0
1453	0
1454	0
1455	0
1456	0
1457	0
1458	0
1459	1
1460	0
1461	0
1462	0
1463	0
1464	0
1465	0
1466	0
1467	0
1468	0
1469	0
1470	0
1471	0
1472	0
1473	0
1474	0
1475	0
1476	0
1477	0
1478	0
1479	0
1480	0
1481	0
1482	0
1483	0
1484	0
1485	0
1486	0
1487	0
1488	0
1489	0
1490	0
1491	0
1492	0
1493	0
1494	0
1495	0
1496	0
1497	0
1498	0
1499	0
1500	0
1501	0
1502	0
1503	0
1504	0
1505	-1
1506	0
1507	0
1508	0
1509	0
1510	0
1511	0
1512	0
1513	0
1514	0
1515	0
1516	0
1517	1
1518	0
1519	0
1520	0
1521	0
1522	0
1523	0
1524	0
1525	0
1526	0
1527	0
1528	0
1529	0
1530	0
1531	0
1532	0
1533	0
1534	0
1535	0
1536	0
1537	0
1538	0
1539	0
1540	0
1541	0
1542	0
1543	0
1544	0
1545	0
1546	0
1547	0
1548	0
1549	0
1550	0
1551	0
1552	0
1553	0
1554	0
1555	0
1556	0
1557	0
1558	0
1559	0
1560	0
1561	-1
1562	0
1563	0
1564	0
1565	0
1566	0
1567	0
1568	0
1569	0
1570	0
1571	0
1572	0
1573	0
1574	0
1575	0
1576	0
1577	0
1578	0
1579	0
1580	0
1581	0
1582	0
1583	0
1584	0
1585	0
1586	0
1587	0
1588	0
1589	0
1590	0
1591	0
1592	0
1593	0
1594	0
1595	0
1596	0
1597	0
1598	0
1599	0
1600	0
1601	0
1602	0
1603	0
1604	0
1605	0
1606	0
1607	0
1608	0
1609	0
1610	0
1611	0
1612	0
1613	0
1614	0
1615	0
1616	0
1617	0
1618	0
1619	0
1620	0
1621	0
1622	0
1623	0
1624	0
1625	0
1626	1
1627	1
1628	0
1629	0
1630	0
1631	0
1632	1
1633	0
1634	1
1635	0
1636	0
1637	0
1638	0
1639	0
1640	0
1641	0
1642	0
1643	0
1644	0
1645	0
1646	0
1647	0
1648	0
1649	0
1650	0
1651	0
1652	0
1653	0
1654	0
1655	0
1656	0
1657	0
1658	0
1659	0
1660	0
1661	0
1662	0
1663	0
1664	0
1665	0
1666	0
1667	0
1668	0
1669	0
1670	0
1671	0
1672	0
1673	0
1674	0
1675	0
1676	0
1677	0
1678	0
1679	0
1680	0
1681	0
1682	0
1683	0
1684	0
1685	0
1686	0
1687	0
1688	0
1689	0
1690	0
1691	0
1692	0
1693	0
1694	0
1695	0
1696	0
1697	0
1698	0
1699	0
1700	0
1701	0
1702	0
1703	0
1704	0
1705	0
1706	0
1707	0
1708	0
1709	0
1710	0
1711	0
1712	0
1713	0
1714	0
1715	0
1716	0
1717	0
1718	0
1719	0
1720	0
1721	0
1722	0
1723	0
1724	1
1725	0
1726	0
1727	0
1728	0
1729	0
1730	0
1731	0
1732	0
1733	0
1734	0
1735	0
1736	0
1737	0
1738	0
1739	0
1740	0
1741	0
1742	0
1743	0
1744	0
1745	0
1746	0
1747	0
1748	0
1749	0
1750	1
1751	0
1752	0
1753	0
1754	0
1755	0
1756	0
1757	0
1758	0
1759	0
1760	0
1761	0
1762	0
1763	0
1764	0
1765	0
1766	0
1767	1
1768	0
1769	0
1770	0
1771	1
1772	0
1773	0
1774	0
1775	0
1776	0
1777	0
1778	0
1779	0
1780	0
1781	0
1782	0
1783	0
1784	0
1785	0
1786	0
1787	0
1788	0
1789	0
1790	0
1791	0
1792	0
1793	0
1794	0
1795	0
1796	0
1797	0
1798	0
1799	0
1800	0
1801	0
1802	0
1803	1
1804	0
1805	0
1806	0
1807	0
1808	1
1809	1
1810	1
1811	1
1812	1
1813	2
1814	1
1815	2
1816	1
1817	2
1818	2
1819	2
1820	3
1821	2
1822	3
1823	2
1824	2
1825	3
1826	3
1827	3
1828	3
1829	3
1830	2
1831	2
1832	3
1833	3
1834	4
1835	2
1836	2
1837	2
1838	3
1839	2
1840	3
1841	3
1842	4
1843	3
1844	3
1845	4
1846	3
1847	3
1848	3
1849	2
1850	3
1851	3
1852	3
1853	3
1854	4
1855	3
1856	3
1857	3
1858	3
1859	3
1860	3
1861	3
1862	3
1863	2
1864	2
1865	3
1866	2
1867	3
1868	2
1869	3
1870	3
1871	3
1872	3
1873	3
1874	2
1875	2
1876	2
1877	2
1878	2
1879	2
1880	2
1881	2
1882	1
1883	2
1884	1
1885	1
1886	0
1887	1
1888	1
1889	0
1890	0
1891	0
1892	0
1893	0
1894	0
1895	0
1896	0
1897	0
1898	0
1899	0
1900	0
1901	0
1902	0
1903	0
1904	0
1905	0
1906	0
1907	0
1908	0
1909	0
1910	0
1911	0
1912	0
1913	0
1914	0
1915	0
1916	0
1917	0
1918	0
1919	0
1920	0
1921	0
1922	0
1923	0
1924	0
1925	0
1926	0
1927	0
1928	0
1929	0
1930	0
1931	0
1932	0
1933	0
1934	0
1935	0
1936	0
1937	0
1938	0
1939	0
1940	0
1941	0
1942	0
1943	0
1944	0
1945	0
1946	0
1947	0
1948	0
1949	0
1950	0
1951	0
1952	0
1953	0
1954	0
1955	0
1956	0
1957	0
1958	0
1959	0
1960	1
1961	0
1962	0
1963	0
1964	0
1965	0
1966	0
1967	0
1968	1
1969	0
1970	0
1971	1
1972	0
1973	2
1974	0
1975	1
1976	1
1977	1
1978	1
1979	2
1980	0
1981	2
1982	2
1983	1
1984	2
1985	1
1986	2
1987	2
1988	1
1989	1
1990	1
1991	2
1992	2
1993	2
1994	2
1995	1
1996	2
1997	2
1998	2
1999	2
