0	3
1	3
2	4
3	3
4	3
5	5
6	4
7	3
8	2
9	3
10	3
11	2
12	2
13	3
14	2
15	3
16	2
17	3
18	3
19	3
20	3
21	4
22	2
23	2
24	2
25	2
26	2
27	4
28	3
29	3
30	3
31	2
32	3
33	3
34	3
35	4
36	2
37	3
38	2
39	4
40	2
41	3
42	3
43	3
44	4
45	4
46	2
47	3
48	2
49	5
50	3
51	3
52	3
53	3
54	3
55	2
56	3
57	3
58	3
59	2
60	3
61	2
62	2
63	3
64	2
65	1
66	0
67	2
68	2
69	2
70	1
71	3
72	2
73	2
74	1
75	2
76	2
77	2
78	3
79	1
80	1
81	1
82	1
83	1
84	1
85	1
86	1
87	2
88	1
89	4
90	1
91	3
92	1
93	2
94	2
95	2
96	1
97	3
98	1
99	2
100	2
101	3
102	1
103	1
104	0
105	3
106	2
107	3
108	2
109	3
110	1
111	4
112	1
113	4
114	2
115	3
116	2
117	4
118	3
119	4
120	2
121	3
122	2
123	4
124	3
125	4
126	2
127	3
128	2
129	3
130	3
131	4
132	3
133	3
134	2
135	2
136	3
137	3
138	4
139	3
140	3
141	4
142	4
143	4
144	3
145	4
146	4
147	4
148	2
149	3
150	4
151	4
152	3
153	3
154	4
155	4
156	3
157	3
158	1
159	3
160	2
161	4
162	2
163	2
164	3
165	2
166	3
167	2
168	2
169	4
170	1
171	3
172	1
173	3
174	1
175	3
176	1
177	3
178	2
179	4
180	2
181	2
182	2
183	2
184	2
185	2
186	1
187	1
188	1
189	2
190	2
191	1
192	2
193	2
194	1
195	2
196	2
197	4
198	2
199	4
200	2
201	3
202	2
203	3
204	1
205	2
206	1
207	2
208	3
209	3
210	1
211	3
212	1
213	3
214	2
215	3
216	1
217	2
218	2
219	2
220	1
221	2
222	2
223	2
224	2
225	1
226	1
227	2
228	3
229	3
230	3
231	4
232	3
233	3
234	4
235	4
236	3
237	3
238	4
239	2
240	3
241	3
242	3
243	4
244	4
245	3
246	2
247	2
248	2
249	2
250	2
251	3
252	3
253	3
254	1
255	3
256	3
257	2
258	3
259	3
260	2
261	4
262	2
263	1
264	2
265	2
266	3
267	3
268	2
269	2
270	3
271	3
272	3
273	3
274	4
275	4
276	4
277	5
278	5
279	3
280	4
281	4
282	3
283	4
284	3
285	3
286	2
287	4
288	3
289	3
290	3
291	4
292	4
293	4
294	3
295	3
296	2
297	3
298	2
299	4
300	3
301	3
302	2
303	3
304	3
305	3
306	2
307	2
308	3
309	3
310	3
311	4
312	2
313	2
314	2
315	2
316	1
317	3
318	2
319	4
320	2
321	3
322	3
323	4
324	2
325	2
326	3
327	3
328	2
329	3
330	1
331	2
332	2
333	3
334	2
335	2
336	2
337	2
338	2
339	1
340	0
341	2
342	1
343	2
344	2
345	2
346	2
347	3
348	1
349	2
350	3
351	2
352	3
353	3
354	1
355	3
356	1
357	2
358	3
359	3
360	2
361	2
362	3
363	3
364	3
365	2
366	3
367	2
368	3
369	4
370	3
371	4
372	2
373	1
374	2
375	3
376	2
377	3
378	1
379	2
380	1
381	1
382	2
383	1
384	2
385	2
386	1
387	2
388	2
389	1
390	3
391	3
392	1
393	4
394	2
395	2
396	1
397	2
398	2
399	2
400	2
401	2
402	2
403	1
404	3
405	3
406	2
407	2
408	2
409	3
410	2
411	3
412	3
413	3
414	2
415	4
416	4
417	6
418	6
419	5
420	9
421	10
422	12
423	13
424	14
425	17
426	19
427	22
428	25
429	27
430	29
431	32
432	35
433	38
434	41
435	44
436	48
437	50
438	53
439	57
440	61
441	63
442	66
443	69
444	72
445	76
446	78
447	81
448	83
449	87
450	87
451	89
452	91
453	94
454	96
455	97
456	100
457	102
458	102
459	105
460	105
461	108
462	106
463	107
464	106
465	108
466	108
467	108
468	107
469	108
470	108
471	107
472	106
473	107
474	104
475	105
476	102
477	103
478	102
479	101
480	99
481	97
482	97
483	97
484	94
485	92
486	91
487	90
488	87
489	88
490	85
491	85
492	83
493	79
494	77
495	78
496	77
497	77
498	77
499	78
500	62
501	70
502	64
503	64
504	63
505	63
506	62
507	60
508	56
509	53
510	54
511	52
512	51
513	51
514	48
515	49
516	45
517	44
518	41
519	40
520	39
521	39
522	37
523	38
524	37
525	36
526	35
527	33
528	30
529	29
530	27
531	28
532	26
533	26
534	22
535	23
536	22
537	22
538	21
539	21
540	19
541	21
542	20
543	20
544	18
545	17
546	16
547	15
548	14
549	12
550	12
551	11
552	10
553	10
554	9
555	9
556	8
557	7
558	7
559	6
560	7
561	6
562	5
563	5
564	4
565	5
566	4
567	4
568	4
569	3
570	3
571	3
572	3
573	3
574	2
575	3
576	2
577	2
578	1
579	1
580	1
581	1
582	0
583	1
584	0
585	1
586	0
587	0
588	0
589	0
590	0
591	0
592	0
593	0
594	0
595	0
596	-1
597	0
598	0
599	0
600	-1
601	0
602	0
603	0
604	0
605	0
606	0
607	0
608	0
609	0
610	0
611	0
612	0
613	0
614	0
615	0
616	-1
617	0
618	0
619	0
620	0
621	0
622	-1
623	0
624	-1
625	0
626	0
627	-1
628	0
629	0
630	-1
631	-1
632	-2
633	-1
634	-1
635	-1
636	-1
637	-1
638	-1
639	-1
640	-1
641	0
642	-3
643	0
644	-2
645	-1
646	-1
647	-1
648	0
649	0
650	-2
651	-1
652	-2
653	-1
654	-1
655	-1
656	-1
657	0
658	-1
659	0
660	0
661	-1
662	-1
663	-1
664	-1
665	-1
666	-1
667	0
668	-1
669	0
670	-1
671	0
672	0
673	-1
674	-1
675	0
676	0
677	0
678	-1
679	-1
680	0
681	0
682	0
683	0
684	0
685	0
686	0
687	-1
688	0
689	-1
690	0
691	-1
692	0
693	0
694	0
695	0
696	-1
697	0
698	0
699	0
700	0
701	0
702	0
703	0
704	-1
705	0
706	-1
707	0
708	-2
709	-1
710	-3
711	-1
712	-3
713	-1
714	-2
715	-1
716	-2
717	-1
718	-2
719	0
720	-2
721	-1
722	0
723	0
724	-2
725	-1
726	-1
727	0
728	-3
729	0
730	-2
731	0
732	-1
733	-1
734	-2
735	0
736	-1
737	0
738	-1
739	-1
740	-1
741	0
742	-1
743	0
744	-1
745	0
746	0
747	0
748	0
749	0
750	0
751	0
752	-1
753	0
754	-1
755	0
756	-1
757	-1
758	0
759	0
760	-1
761	0
762	0
763	-1
764	0
765	0
766	-1
767	0
768	-1
769	0
770	-2
771	0
772	-1
773	-1
774	-2
775	-2
776	-3
777	0
778	-2
779	0
780	-1
781	-1
782	-1
783	-1
784	-2
785	-2
786	-1
787	-1
788	-1
789	-1
790	-1
791	0
792	-2
793	-2
794	-1
795	-2
796	-1
797	-1
798	-1
799	-2
800	-1
801	-2
802	-2
803	-2
804	-3
805	-1
806	-2
807	-1
808	-2
809	-1
810	-3
811	-1
812	-2
813	0
814	-2
815	-1
816	-1
817	-1
818	-1
819	-1
820	0
821	-1
822	0
823	-1
824	-1
825	0
826	-1
827	-1
828	-1
829	-1
830	-1
831	0
832	-1
833	-1
834	-2
835	-1
836	-2
837	-2
838	-1
839	-1
840	-2
841	-1
842	-1
843	-2
844	-1
845	-1
846	-2
847	-2
848	-1
849	-1
850	-1
851	-2
852	-2
853	0
854	-1
855	0
856	0
857	-1
858	-1
859	-2
860	-1
861	0
862	0
863	0
864	-1
865	-1
866	-1
867	0
868	-2
869	0
870	-1
871	0
872	-1
873	0
874	0
875	-1
876	0
877	0
878	-1
879	0
880	-1
881	0
882	-2
883	0
884	0
885	-1
886	-1
887	0
888	-1
889	-2
890	-1
891	-1
892	-1
893	0
894	-2
895	-1
896	-2
897	0
898	-1
899	-1
900	-2
901	-1
902	-2
903	0
904	-2
905	-1
906	-2
907	-1
908	-1
909	-2
910	-2
911	0
912	-3
913	0
914	-1
915	-1
916	-2
917	-1
918	-1
919	0
920	-1
921	-1
922	-1
923	-1
924	0
925	-1
926	-1
927	-1
928	0
929	0
930	-1
931	-2
932	-2
933	0
934	-1
935	-1
936	-1
937	-2
938	-2
939	-1
940	-1
941	-1
942	-1
943	0
944	-2
945	0
946	-2
947	-1
948	-1
949	0
950	-1
951	-2
952	0
953	-1
954	-1
955	-1
956	-1
957	-1
958	0
959	-1
960	-2
961	0
962	-1
963	0
964	-1
965	-1
966	-1
967	0
968	-1
969	0
970	0
971	-1
972	0
973	0
974	-1
975	0
976	0
977	0
978	0
979	0
980	-1
981	0
982	0
983	0
984	0
985	0
986	0
987	0
988	-1
989	0
990	0
991	0
992	-1
993	0
994	-1
995	0
996	0
997	0
998	0
999	0
1000	-1
1001	0
1002	0
1003	0
1004	0
1005	0
1006	0
1007	0
1008	0
1009	-1
1010	-1
1011	0
1012	-1
1013	0
1014	-2
1015	0
1016	-1
1017	0
1018	-1
1019	0
1020	0
1021	0
1022	0
1023	0
1024	-1
1025	0
1026	0
1027	0
1028	0
1029	0
1030	0
1031	0
1032	0
1033	0
1034	0
1035	0
1036	0
1037	0
1038	0
1039	0
1040	0
1041	0
1042	0
1043	0
1044	0
1045	0
1046	-1
1047	0
1048	0
1049	-1
1050	0
1051	0
1052	0
1053	0
1054	0
1055	0
1056	0
1057	-1
1058	0
1059	-1
1060	0
1061	0
1062	0
1063	0
1064	0
1065	0
1066	0
1067	0
1068	0
1069	0
1070	0
1071	0
1072	0
1073	0
1074	0
1075	1
1076	0
1077	1
1078	0
1079	1
1080	0
1081	2
1082	1
1083	1
1084	2
1085	1
1086	2
1087	1
1088	2
1089	2
1090	1
1091	1
1092	2
1093	1
1094	1
1095	2
1096	1
1097	2
1098	2
1099	1
1100	3
1101	2
1102	2
1103	2
1104	2
1105	1
1106	1
1107	1
1108	1
1109	1
1110	1
1111	1
1112	1
1113	1
1114	1
1115	2
1116	2
1117	1
1118	1
1119	1
1120	0
1121	2
1122	0
1123	1
1124	0
1125	1
1126	0
1127	1
1128	1
1129	1
1130	1
1131	1
1132	0
1133	1
1134	0
1135	1
1136	0
1137	0
1138	0
1139	0
1140	0
1141	0
1142	0
1143	0
1144	0
1145	0
1146	0
1147	0
1148	0
1149	0
1150	0
1151	0
1152	0
1153	0
1154	0
1155	0
1156	0
1157	0
1158	0
1159	0
1160	0
1161	0
1162	0
1163	0
1164	0
1165	0
1166	0
1167	0
1168	0
1169	0
1170	0
1171	0
1172	0
1173	0
1174	0
1175	0
1176	0
1177	0
1178	0
1179	0
1180	0
1181	0
1182	0
1183	0
1184	0
1185	0
1186	0
1187	0
1188	-1
1189	0
1190	0
1191	0
1192	0
1193	0
1194	0
1195	0
1196	0
1197	0
1198	0
1199	0
1200	0
1201	0
1202	0
1203	-1
1204	0
1205	0
1206	0
1207	0
1208	0
1209	0
1210	0
1211	0
1212	0
1213	0
1214	0
1215	0
1216	0
1217	0
1218	0
1219	0
1220	0
1221	0
1222	0
1223	0
1224	0
1225	0
1226	0
1227	0
1228	-1
1229	0
1230	0
1231	0
1232	0
1233	0
1234	0
1235	0
1236	0
1237	0
1238	0
1239	0
1240	0
1241	0
1242	0
1243	0
1244	-1
1245	0
1246	0
1247	0
1248	0
1249	0
1250	0
1251	0
1252	0
1253	0
1254	0
1255	0
1256	0
1257	0
1258	0
1259	0
1260	0
1261	0
1262	0
1263	0
1264	0
1265	0
1266	0
1267	0
1268	0
1269	0
1270	0
1271	0
1272	0
1273	0
1274	0
1275	0
1276	0
1277	0
1278	0
1279	0
1280	0
1281	0
1282	0
1283	0
1284	0
1285	0
1286	0
1287	0
1288	0
1289	0
1290	0
1291	0
1292	0
1293	0
1294	0
1295	0
1296	0
1297	0
1298	0
1299	0
1300	0
1301	0
1302	0
1303	0
1304	0
1305	0
1306	0
1307	0
1308	0
1309	0
1310	0
1311	0
1312	0
1313	0
1314	0
1315	0
1316	0
1317	0
1318	0
1319	0
1320	0
1321	0
1322	0
1323	0
1324	0
1325	0
1326	0
1327	0
1328	0
1329	0
1330	0
1331	0
1332	0
1333	0
1334	0
1335	0
1336	0
1337	0
1338	0
1339	0
1340	0
1341	0
1342	0
1343	0
1344	0
1345	0
1346	0
1347	0
1348	0
1349	1
1350	0
1351	0
1352	0
1353	0
1354	0
1355	0
1356	1
1357	0
1358	0
1359	0
1360	0
1361	0
1362	0
1363	0
1364	0
1365	0
1366	0
1367	0
1368	0
1369	0
1370	0
1371	1
1372	0
1373	0
1374	0
1375	0
1376	0
1377	0
1378	0
1379	0
1380	0
1381	0
1382	0
1383	0
1384	0
1385	0
1386	0
1387	0
1388	0
1389	0
1390	0
1391	0
1392	0
1393	0
1394	0
1395	0
1396	0
1397	0
1398	0
1399	0
1400	0
1401	0
1402	0
1403	0
1404	0
1405	0
1406	0
1407	0
1408	0
1409	0
1410	0
1411	0
1412	0
1413	0
1414	0
1415	0
1416	0
1417	0
1418	0
1419	0
1420	0
1421	0
1422	0
1423	0
1424	0
1425	0
1426	0
1427	0
1428	0
1429	0
1430	0
1431	0
1432	0
1433	0
1434	0
1435	0
1436	0
1437	1
1438	0
1439	0
1440	0
1441	1
1442	0
1443	0
1444	1
1445	0
1446	0
1447	0
1448	0
1449	0
1450	0
1451	0
1452	0
1453	0
1454	0
1455	0
1456	0
1457	0
1458	0
1459	-1
1460	0
1461	0
1462	0
1463	0
1464	0
1465	0
1466	0
1467	0
1468	0
1469	0
1470	0
1471	0
1472	0
1473	0
1474	0
1475	0
1476	0
1477	0
1478	0
1479	0
1480	0
1481	0
1482	0
1483	0
1484	0
1485	0
1486	0
1487	0
1488	0
1489	0
1490	0
1491	0
1492	0
1493	0
1494	0
1495	0
1496	1
1497	1
1498	0
1499	0
1500	0
1501	0
1502	0
1503	0
1504	0
1505	0
1506	0
1507	0
1508	0
1509	1
1510	0
1511	1
1512	0
1513	0
1514	0
1515	0
1516	0
1517	0
1518	0
1519	0
1520	0
1521	0
1522	0
1523	0
1524	0
1525	0
1526	0
1527	0
1528	0
1529	0
1530	0
1531	1
1532	0
1533	1
1534	0
1535	0
1536	0
1537	0
1538	0
1539	0
1540	0
1541	1
1542	0
1543	0
1544	1
1545	1
1546	2
1547	0
1548	1
1549	2
1550	2
1551	1
1552	1
1553	1
1554	2
1555	2
1556	2
1557	1
1558	1
1559	2
1560	1
1561	1
1562	2
1563	1
1564	1
1565	0
1566	1
1567	0
1568	0
1569	0
1570	0
1571	0
1572	0
1573	0
1574	0
1575	0
1576	0
1577	0
1578	0
1579	0
1580	0
1581	0
1582	0
1583	0
1584	0
1585	0
1586	0
1587	0
1588	0
1589	0
1590	0
1591	0
1592	0
1593	0
1594	0
1595	0
1596	0
1597	0
1598	0
1599	0
1600	0
1601	0
1602	0
1603	0
1604	0
1605	0
1606	0
1607	1
1608	0
1609	0
1610	0
1611	0
1612	0
1613	0
1614	0
1615	0
1616	0
1617	0
1618	0
1619	0
1620	0
1621	0
1622	0
1623	0
1624	1
1625	0
1626	0
1627	0
1628	0
1629	0
1630	0
1631	0
1632	2
1633	0
1634	0
1635	0
1636	1
1637	0
1638	1
1639	0
1640	2
1641	0
1642	1
1643	1
1644	0
1645	0
1646	1
1647	1
1648	1
1649	2
1650	1
1651	1
1652	1
1653	0
1654	0
1655	1
1656	0
1657	0
1658	1
1659	1
1660	0
1661	2
1662	0
1663	1
1664	1
1665	0
1666	1
1667	0
1668	0
1669	1
1670	0
1671	0
1672	0
1673	1
1674	0
1675	0
1676	1
1677	0
1678	0
1679	0
1680	0
1681	0
1682	0
1683	0
1684	0
1685	0
1686	0
1687	0
1688	1
1689	0
1690	0
1691	0
1692	0
1693	0
1694	0
1695	0
1696	0
1697	0
1698	0
1699	0
1700	0
1701	0
1702	0
1703	1
1704	0
1705	1
1706	1
1707	0
1708	0
1709	0
1710	0
1711	0
1712	0
1713	1
1714	0
1715	0
1716	0
1717	1
1718	0
1719	1
1720	0
1721	0
1722	0
1723	1
1724	1
1725	1
1726	1
1727	0
1728	1
1729	1
1730	1
1731	0
1732	0
1733	1
1734	0
1735	0
1736	0
1737	0
1738	0
1739	0
1740	1
1741	1
1742	0
1743	1
1744	1
1745	1
1746	1
1747	1
1748	1
1749	2
1750	0
1751	2
1752	1
1753	1
1754	0
1755	1
1756	0
1757	1
1758	0
1759	0
1760	0
1761	1
1762	0
1763	0
1764	0
1765	1
1766	0
1767	1
1768	0
1769	1
1770	2
1771	1
1772	1
1773	0
1774	1
1775	1
1776	0
1777	0
1778	0
1779	1
1780	2
1781	1
1782	1
1783	2
1784	1
1785	3
1786	1
1787	1
1788	1
1789	0
1790	0
1791	1
1792	0
1793	2
1794	1
1795	1
1796	1
1797	1
1798	0
1799	1
1800	0
1801	1
1802	0
1803	0
1804	0
1805	1
1806	0
1807	1
1808	0
1809	1
1810	0
1811	1
1812	0
1813	1
1814	2
1815	0
1816	1
1817	0
1818	0
1819	1
1820	0
1821	1
1822	0
1823	0
1824	1
1825	1
1826	0
1827	0
1828	1
1829	1
1830	1
1831	1
1832	0
1833	0
1834	0
1835	0
1836	0
1837	0
1838	0
1839	0
1840	0
1841	1
1842	1
1843	1
1844	0
1845	0
1846	0
1847	0
1848	0
1849	0
1850	1
1851	1
1852	1
1853	1
1854	1
1855	2
1856	0
1857	1
1858	1
1859	0
1860	1
1861	2
1862	0
1863	1
1864	0
1865	1
1866	1
1867	1
1868	1
1869	1
1870	0
1871	3
1872	0
1873	2
1874	2
1875	1
1876	1
1877	2
1878	1
1879	0
1880	0
1881	1
1882	1
1883	1
1884	0
1885	2
1886	0
1887	0
1888	0
1889	0
1890	0
1891	0
1892	0
1893	0
1894	0
1895	0
1896	0
1897	0
1898	0
1899	0
1900	0
1901	0
1902	0
1903	0
1904	0
1905	0
1906	0
1907	1
1908	0
1909	1
1910	1
1911	1
1912	1
1913	1
1914	1
1915	1
1916	2
1917	1
1918	1
1919	1
1920	0
1921	2
1922	1
1923	2
1924	1
1925	1
1926	0
1927	1
1928	2
1929	2
1930	1
1931	2
1932	1
1933	1
1934	1
1935	1
1936	1
1937	0
1938	0
1939	1
1940	0
1941	2
1942	1
1943	1
1944	2
1945	0
1946	0
1947	0
1948	0
1949	0
1950	0
1951	0
1952	0
1953	0
1954	1
1955	2
1956	1
1957	2
1958	0
1959	0
1960	0
1961	0
1962	1
1963	0
1964	1
1965	1
1966	0
1967	1
1968	2
1969	2
1970	1
1971	2
1972	1
1973	2
1974	1
1975	2
1976	1
1977	2
1978	2
1979	2
1980	2
1981	1
1982	1
1983	1
1984	1
1985	1
1986	1
1987	2
1988	2
1989	0
1990	1
1991	3
1992	1
1993	1
1994	2
1995	2
1996	1
1997	2
1998	2
1999	2
