0	13
1	12
2	11
3	12
4	12
5	12
6	12
7	12
8	11
9	12
10	11
11	11
12	11
13	11
14	10
15	11
16	12
17	11
18	11
19	11
20	11
21	11
22	12
23	11
24	12
25	11
26	11
27	13
28	12
29	12
30	12
31	11
32	12
33	12
34	12
35	12
36	11
37	12
38	12
39	12
40	13
41	12
42	12
43	12
44	13
45	12
46	12
47	11
48	11
49	12
50	11
51	13
52	11
53	12
54	12
55	11
56	12
57	11
58	12
59	13
60	12
61	13
62	13
63	13
64	13
65	12
66	12
67	11
68	12
69	12
70	12
71	12
72	12
73	11
74	12
75	12
76	12
77	11
78	12
79	12
80	12
81	11
82	11
83	11
84	12
85	12
86	12
87	12
88	11
89	12
90	11
91	11
92	11
93	11
94	10
95	11
96	11
97	10
98	11
99	11
100	10
101	11
102	10
103	12
104	10
105	11
106	11
107	10
108	10
109	10
110	11
111	11
112	10
113	11
114	11
115	11
116	12
117	12
118	12
119	12
120	12
121	11
122	13
123	12
124	12
125	13
126	13
127	13
128	13
129	12
130	13
131	12
132	13
133	13
134	14
135	14
136	13
137	12
138	13
139	13
140	12
141	12
142	13
143	11
144	11
145	12
146	11
147	10
148	11
149	10
150	10
151	10
152	10
153	11
154	11
155	11
156	11
157	10
158	11
159	11
160	12
161	11
162	11
163	12
164	13
165	12
166	11
167	11
168	13
169	13
170	12
171	13
172	12
173	12
174	12
175	11
176	11
177	13
178	13
179	11
180	13
181	12
182	12
183	12
184	12
185	12
186	11
187	11
188	10
189	10
190	12
191	11
192	12
193	11
194	11
195	11
196	12
197	11
198	11
199	11
200	12
201	11
202	12
203	12
204	10
205	12
206	11
207	11
208	12
209	11
210	12
211	11
212	11
213	11
214	11
215	10
216	11
217	11
218	10
219	12
220	11
221	11
222	11
223	12
224	11
225	12
226	12
227	11
228	12
229	12
230	12
231	11
232	12
233	12
234	11
235	12
236	13
237	13
238	12
239	12
240	12
241	13
242	12
243	13
244	13
245	13
246	13
247	14
248	13
249	14
250	13
251	13
252	12
253	12
254	11
255	12
256	12
257	12
258	13
259	11
260	12
261	12
262	13
263	11
264	12
265	12
266	11
267	12
268	11
269	12
270	11
271	12
272	11
273	12
274	11
275	11
276	12
277	11
278	11
279	11
280	11
281	12
282	11
283	11
284	10
285	11
286	12
287	12
288	11
289	11
290	12
291	11
292	10
293	10
294	11
295	11
296	11
297	11
298	11
299	12
300	9
301	11
302	10
303	11
304	11
305	11
306	9
307	11
308	12
309	10
310	11
311	11
312	11
313	12
314	13
315	12
316	11
317	11
318	11
319	12
320	13
321	12
322	13
323	13
324	13
325	13
326	12
327	14
328	13
329	13
330	14
331	14
332	13
333	14
334	12
335	14
336	14
337	12
338	15
339	13
340	13
341	13
342	14
343	13
344	13
345	13
346	13
347	14
348	13
349	12
350	12
351	12
352	12
353	12
354	12
355	12
356	12
357	13
358	12
359	13
360	11
361	11
362	10
363	11
364	11
365	11
366	11
367	11
368	11
369	11
370	11
371	11
372	11
373	12
374	12
375	13
376	12
377	11
378	11
379	13
380	13
381	12
382	12
383	11
384	13
385	13
386	13
387	12
388	12
389	11
390	12
391	11
392	13
393	13
394	13
395	13
396	12
397	12
398	11
399	13
400	12
401	12
402	12
403	14
404	14
405	14
406	15
407	16
408	19
409	19
410	20
411	24
412	26
413	29
414	32
415	36
416	39
417	43
418	49
419	51
420	55
421	61
422	64
423	68
424	74
425	76
426	81
427	85
428	92
429	96
430	99
431	104
432	109
433	112
434	118
435	122
436	126
437	130
438	135
439	139
440	142
441	146
442	150
443	152
444	155
445	159
446	159
447	163
448	165
449	167
450	168
451	170
452	171
453	171
454	171
455	172
456	172
457	172
458	172
459	171
460	169
461	168
462	166
463	166
464	165
465	164
466	161
467	160
468	157
469	155
470	152
471	150
472	147
473	145
474	142
475	140
476	136
477	134
478	130
479	127
480	125
481	121
482	117
483	115
484	112
485	109
486	107
487	103
488	101
489	96
490	93
491	92
492	89
493	87
494	82
495	80
496	78
497	78
498	78
499	78
500	62
501	66
502	63
503	63
504	62
505	60
506	56
507	54
508	51
509	49
510	49
511	46
512	46
513	42
514	41
515	40
516	38
517	37
518	37
519	35
520	33
521	32
522	30
523	29
524	29
525	27
526	25
527	25
528	23
529	23
530	23
531	21
532	20
533	19
534	18
535	17
536	17
537	16
538	15
539	13
540	13
541	12
542	11
543	9
544	9
545	8
546	7
547	7
548	6
549	7
550	5
551	5
552	5
553	5
554	5
555	4
556	2
557	3
558	1
559	2
560	1
561	1
562	1
563	0
564	0
565	0
566	-1
567	-1
568	-2
569	-1
570	-3
571	-2
572	-4
573	-2
574	-4
575	-2
576	-4
577	-4
578	-4
579	-3
580	-5
581	-4
582	-4
583	-5
584	-4
585	-4
586	-4
587	-4
588	-4
589	-5
590	-4
591	-5
592	-5
593	-4
594	-5
595	-4
596	-3
597	-4
598	-6
599	-6
600	-5
601	-5
602	-4
603	-6
604	-6
605	-6
606	-5
607	-5
608	-4
609	-4
610	-6
611	-5
612	-5
613	-6
614	-7
615	-6
616	-7
617	-5
618	-6
619	-7
620	-6
621	-6
622	-6
623	-6
624	-6
625	-6
626	-5
627	-6
628	-5
629	-6
630	-5
631	-5
632	-4
633	-5
634	-6
635	-3
636	-3
637	-2
638	-3
639	-3
640	-4
641	-4
642	-3
643	-3
644	-2
645	0
646	-1
647	-2
648	-1
649	-2
650	0
651	-1
652	0
653	0
654	0
655	0
656	-1
657	0
658	0
659	0
660	0
661	0
662	0
663	0
664	0
665	0
666	0
667	-1
668	0
669	-1
670	-1
671	-2
672	-1
673	-2
674	-1
675	-3
676	-2
677	-2
678	-2
679	0
680	-3
681	-3
682	-4
683	-3
684	-3
685	-5
686	-4
687	-4
688	-4
689	-3
690	-4
691	-4
692	-4
693	-4
694	-4
695	-4
696	-5
697	-4
698	-4
699	-5
700	-6
701	-4
702	-5
703	-6
704	-5
705	-5
706	-5
707	-7
708	-5
709	-6
710	-4
711	-5
712	-5
713	-5
714	-6
715	-6
716	-5
717	-5
718	-5
719	-5
720	-4
721	-4
722	-5
723	-5
724	-6
725	-6
726	-5
727	-4
728	-4
729	-5
730	-4
731	-4
732	-5
733	-4
734	-4
735	-4
736	-4
737	-4
738	-4
739	-4
740	-4
741	-3
742	-3
743	-3
744	-3
745	-4
746	-3
747	-4
748	-4
749	-4
750	-4
751	-3
752	-3
753	-4
754	-4
755	-6
756	-4
757	-4
758	-4
759	-4
760	-6
761	-5
762	-6
763	-5
764	-6
765	-3
766	-5
767	-5
768	-6
769	-6
770	-6
771	-6
772	-5
773	-6
774	-5
775	-6
776	-6
777	-7
778	-6
779	-6
780	-4
781	-6
782	-3
783	-3
784	-5
785	-3
786	-4
787	-2
788	-3
789	-3
790	-2
791	-1
792	-2
793	-1
794	-3
795	-2
796	-1
797	-1
798	-2
799	-1
800	-2
801	0
802	-2
803	0
804	-1
805	-1
806	0
807	-1
808	-1
809	-1
810	-1
811	-2
812	-2
813	-2
814	-1
815	-1
816	-2
817	-2
818	-1
819	-1
820	-2
821	-1
822	-1
823	-1
824	-1
825	-1
826	-1
827	0
828	-1
829	-1
830	-1
831	-3
832	-1
833	-2
834	-1
835	-2
836	0
837	0
838	0
839	0
840	0
841	0
842	0
843	0
844	0
845	-1
846	0
847	0
848	0
849	0
850	1
851	0
852	0
853	0
854	0
855	1
856	1
857	0
858	1
859	0
860	1
861	1
862	1
863	2
864	2
865	2
866	1
867	1
868	2
869	1
870	2
871	2
872	2
873	3
874	3
875	2
876	3
877	2
878	2
879	3
880	2
881	2
882	3
883	3
884	2
885	3
886	2
887	2
888	3
889	2
890	2
891	3
892	2
893	2
894	1
895	2
896	2
897	2
898	1
899	1
900	1
901	1
902	1
903	1
904	0
905	1
906	0
907	0
908	0
909	0
910	0
911	0
912	0
913	0
914	0
915	0
916	0
917	0
918	0
919	0
920	-1
921	0
922	-1
923	0
924	0
925	0
926	-1
927	-1
928	0
929	-1
930	0
931	-1
932	-1
933	0
934	-1
935	0
936	0
937	0
938	0
939	-1
940	0
941	0
942	0
943	0
944	0
945	0
946	0
947	-2
948	0
949	0
950	0
951	0
952	-1
953	0
954	-1
955	-1
956	0
957	-1
958	0
959	0
960	-1
961	0
962	0
963	0
964	0
965	0
966	0
967	0
968	0
969	0
970	0
971	-1
972	0
973	-1
974	-1
975	0
976	-1
977	0
978	-1
979	0
980	0
981	0
982	0
983	0
984	1
985	0
986	2
987	0
988	0
989	1
990	0
991	0
992	0
993	0
994	0
995	0
996	1
997	0
998	0
999	0
1000	2
1001	0
1002	0
1003	1
1004	0
1005	1
1006	0
1007	1
1008	1
1009	1
1010	1
1011	1
1012	0
1013	0
1014	1
1015	0
1016	0
1017	3
1018	0
1019	1
1020	0
1021	1
1022	1
1023	3
1024	1
1025	2
1026	2
1027	3
1028	1
1029	1
1030	0
1031	1
1032	1
1033	1
1034	1
1035	1
1036	0
1037	1
1038	1
1039	1
1040	0
1041	1
1042	0
1043	0
1044	1
1045	1
1046	1
1047	1
1048	1
1049	1
1050	0
1051	1
1052	1
1053	1
1054	0
1055	2
1056	2
1057	2
1058	1
1059	3
1060	1
1061	2
1062	2
1063	2
1064	2
1065	3
1066	1
1067	3
1068	1
1069	2
1070	0
1071	2
1072	0
1073	2
1074	2
1075	0
1076	1
1077	1
1078	0
1079	2
1080	1
1081	2
1082	1
1083	1
1084	1
1085	2
1086	2
1087	2
1088	2
1089	2
1090	2
1091	2
1092	1
1093	2
1094	2
1095	2
1096	2
1097	3
1098	3
1099	3
1100	2
1101	3
1102	2
1103	2
1104	2
1105	4
1106	2
1107	1
1108	2
1109	2
1110	3
1111	3
1112	2
1113	3
1114	2
1115	3
1116	2
1117	3
1118	3
1119	2
1120	1
1121	1
1122	1
1123	2
1124	3
1125	1
1126	1
1127	1
1128	3
1129	2
1130	3
1131	2
1132	2
1133	2
1134	2
1135	2
1136	2
1137	4
1138	3
1139	4
1140	3
1141	4
1142	4
1143	4
1144	4
1145	4
1146	4
1147	4
1148	5
1149	5
1150	5
1151	5
1152	6
1153	6
1154	5
1155	5
1156	5
1157	7
1158	5
1159	6
1160	6
1161	6
1162	5
1163	7
1164	5
1165	7
1166	6
1167	6
1168	6
1169	7
1170	6
1171	7
1172	7
1173	7
1174	7
1175	7
1176	8
1177	8
1178	9
1179	9
1180	10
1181	10
1182	9
1183	9
1184	10
1185	11
1186	11
1187	10
1188	9
1189	9
1190	10
1191	11
1192	10
1193	11
1194	12
1195	10
1196	10
1197	11
1198	10
1199	10
1200	9
1201	11
1202	10
1203	10
1204	10
1205	9
1206	10
1207	10
1208	9
1209	10
1210	11
1211	10
1212	11
1213	10
1214	9
1215	9
1216	11
1217	9
1218	9
1219	9
1220	10
1221	10
1222	9
1223	10
1224	10
1225	11
1226	9
1227	10
1228	9
1229	10
1230	8
1231	9
1232	9
1233	8
1234	9
1235	10
1236	7
1237	9
1238	8
1239	9
1240	7
1241	8
1242	8
1243	8
1244	8
1245	8
1246	7
1247	7
1248	7
1249	8
1250	7
1251	6
1252	7
1253	6
1254	7
1255	7
1256	7
1257	6
1258	7
1259	5
1260	7
1261	6
1262	6
1263	7
1264	7
1265	8
1266	7
1267	9
1268	8
1269	7
1270	7
1271	7
1272	7
1273	8
1274	8
1275	8
1276	7
1277	7
1278	8
1279	7
1280	8
1281	7
1282	6
1283	7
1284	5
1285	7
1286	5
1287	6
1288	7
1289	7
1290	6
1291	6
1292	5
1293	6
1294	6
1295	5
1296	5
1297	5
1298	6
1299	4
1300	4
1301	4
1302	5
1303	4
1304	5
1305	6
1306	6
1307	6
1308	5
1309	7
1310	5
1311	6
1312	5
1313	7
1314	7
1315	8
1316	6
1317	7
1318	7
1319	8
1320	6
1321	7
1322	7
1323	6
1324	7
1325	6
1326	6
1327	7
1328	5
1329	6
1330	6
1331	5
1332	6
1333	4
1334	5
1335	4
1336	5
1337	5
1338	3
1339	4
1340	4
1341	4
1342	4
1343	4
1344	3
1345	4
1346	4
1347	5
1348	5
1349	4
1350	6
1351	5
1352	4
1353	4
1354	4
1355	5
1356	5
1357	5
1358	5
1359	6
1360	5
1361	6
1362	6
1363	7
1364	6
1365	7
1366	5
1367	7
1368	5
1369	7
1370	6
1371	7
1372	6
1373	7
1374	7
1375	8
1376	6
1377	7
1378	6
1379	7
1380	6
1381	8
1382	7
1383	8
1384	8
1385	7
1386	7
1387	7
1388	8
1389	6
1390	7
1391	6
1392	7
1393	7
1394	6
1395	7
1396	7
1397	7
1398	6
1399	8
1400	8
1401	7
1402	7
1403	8
1404	7
1405	8
1406	8
1407	8
1408	9
1409	7
1410	10
1411	9
1412	9
1413	9
1414	9
1415	8
1416	9
1417	9
1418	9
1419	9
1420	9
1421	9
1422	9
1423	8
1424	9
1425	8
1426	8
1427	8
1428	8
1429	8
1430	8
1431	8
1432	7
1433	8
1434	6
1435	7
1436	6
1437	8
1438	6
1439	7
1440	6
1441	7
1442	8
1443	6
1444	8
1445	7
1446	8
1447	8
1448	8
1449	9
1450	6
1451	7
1452	6
1453	8
1454	7
1455	7
1456	7
1457	6
1458	6
1459	7
1460	6
1461	7
1462	7
1463	8
1464	7
1465	8
1466	7
1467	6
1468	7
1469	6
1470	8
1471	5
1472	7
1473	7
1474	7
1475	7
1476	7
1477	7
1478	5
1479	7
1480	6
1481	6
1482	7
1483	6
1484	7
1485	7
1486	7
1487	6
1488	7
1489	6
1490	7
1491	6
1492	7
1493	6
1494	9
1495	6
1496	8
1497	9
1498	8
1499	7
1500	8
1501	7
1502	8
1503	8
1504	9
1505	9
1506	9
1507	9
1508	10
1509	9
1510	10
1511	9
1512	11
1513	9
1514	11
1515	11
1516	10
1517	10
1518	9
1519	11
1520	10
1521	10
1522	11
1523	10
1524	11
1525	10
1526	10
1527	9
1528	9
1529	7
1530	9
1531	7
1532	8
1533	8
1534	8
1535	8
1536	8
1537	8
1538	8
1539	8
1540	7
1541	7
1542	9
1543	8
1544	8
1545	9
1546	8
1547	8
1548	8
1549	8
1550	9
1551	8
1552	9
1553	8
1554	9
1555	9
1556	8
1557	10
1558	9
1559	9
1560	9
1561	8
1562	10
1563	10
1564	10
1565	10
1566	9
1567	10
1568	9
1569	10
1570	10
1571	8
1572	10
1573	11
1574	9
1575	10
1576	8
1577	9
1578	9
1579	9
1580	7
1581	8
1582	7
1583	7
1584	8
1585	7
1586	7
1587	7
1588	7
1589	7
1590	7
1591	8
1592	7
1593	8
1594	8
1595	8
1596	7
1597	9
1598	8
1599	9
1600	6
1601	9
1602	7
1603	9
1604	8
1605	9
1606	8
1607	9
1608	9
1609	9
1610	8
1611	10
1612	11
1613	9
1614	10
1615	8
1616	11
1617	9
1618	10
1619	9
1620	10
1621	9
1622	10
1623	10
1624	10
1625	11
1626	10
1627	10
1628	9
1629	10
1630	9
1631	11
1632	9
1633	9
1634	9
1635	10
1636	10
1637	9
1638	8
1639	10
1640	10
1641	10
1642	9
1643	9
1644	10
1645	9
1646	10
1647	8
1648	11
1649	10
1650	11
1651	9
1652	10
1653	10
1654	10
1655	11
1656	11
1657	9
1658	10
1659	11
1660	11
1661	12
1662	11
1663	11
1664	11
1665	12
1666	11
1667	12
1668	12
1669	10
1670	11
1671	11
1672	11
1673	11
1674	11
1675	11
1676	10
1677	10
1678	10
1679	9
1680	9
1681	9
1682	10
1683	8
1684	10
1685	9
1686	10
1687	8
1688	9
1689	8
1690	9
1691	9
1692	7
1693	7
1694	8
1695	8
1696	9
1697	7
1698	8
1699	7
1700	8
1701	8
1702	8
1703	7
1704	7
1705	8
1706	6
1707	7
1708	9
1709	8
1710	7
1711	8
1712	9
1713	8
1714	8
1715	8
1716	7
1717	9
1718	7
1719	8
1720	8
1721	9
1722	9
1723	10
1724	10
1725	11
1726	9
1727	9
1728	9
1729	9
1730	9
1731	8
1732	9
1733	9
1734	10
1735	8
1736	9
1737	9
1738	9
1739	10
1740	9
1741	9
1742	9
1743	9
1744	9
1745	9
1746	8
1747	9
1748	8
1749	10
1750	9
1751	10
1752	9
1753	10
1754	8
1755	9
1756	9
1757	10
1758	10
1759	10
1760	9
1761	10
1762	10
1763	10
1764	10
1765	11
1766	11
1767	11
1768	11
1769	11
1770	11
1771	10
1772	11
1773	11
1774	11
1775	11
1776	10
1777	10
1778	10
1779	12
1780	10
1781	12
1782	10
1783	12
1784	11
1785	10
1786	11
1787	11
1788	11
1789	11
1790	11
1791	11
1792	12
1793	12
1794	12
1795	10
1796	10
1797	11
1798	11
1799	10
1800	10
1801	10
1802	10
1803	10
1804	10
1805	10
1806	10
1807	10
1808	10
1809	9
1810	9
1811	10
1812	8
1813	9
1814	8
1815	9
1816	9
1817	9
1818	9
1819	10
1820	9
1821	10
1822	9
1823	10
1824	9
1825	8
1826	9
1827	9
1828	8
1829	10
1830	9
1831	9
1832	9
1833	9
1834	10
1835	10
1836	10
1837	10
1838	10
1839	11
1840	11
1841	11
1842	10
1843	10
1844	10
1845	9
1846	10
1847	11
1848	10
1849	10
1850	11
1851	10
1852	11
1853	11
1854	10
1855	11
1856	11
1857	11
1858	12
1859	11
1860	12
1861	10
1862	12
1863	11
1864	12
1865	12
1866	12
1867	12
1868	11
1869	11
1870	11
1871	11
1872	11
1873	10
1874	11
1875	12
1876	11
1877	10
1878	12
1879	11
1880	12
1881	11
1882	10
1883	11
1884	11
1885	11
1886	11
1887	11
1888	11
1889	11
1890	10
1891	11
1892	10
1893	10
1894	11
1895	11
1896	11
1897	10
1898	11
1899	10
1900	10
1901	11
1902	8
1903	11
1904	10
1905	10
1906	9
1907	9
1908	8
1909	9
1910	10
1911	10
1912	10
1913	11
1914	10
1915	11
1916	10
1917	11
1918	11
1919	11
1920	11
1921	11
1922	11
1923	10
1924	10
1925	11
1926	11
1927	12
1928	11
1929	12
1930	11
1931	11
1932	11
1933	13
1934	11
1935	12
1936	11
1937	11
1938	11
1939	12
1940	11
1941	11
1942	10
1943	11
1944	11
1945	12
1946	10
1947	11
1948	11
1949	10
1950	10
1951	11
1952	10
1953	10
1954	11
1955	10
1956	11
1957	11
1958	11
1959	10
1960	9
1961	11
1962	10
1963	10
1964	10
1965	11
1966	10
1967	11
1968	11
1969	10
1970	10
1971	11
1972	9
1973	11
1974	11
1975	10
1976	11
1977	10
1978	9
1979	10
1980	10
1981	10
1982	10
1983	10
1984	10
1985	9
1986	10
1987	10
1988	10
1989	11
1990	11
1991	11
1992	11
1993	11
1994	11
1995	12
1996	11
1997	12
1998	11
1999	12
