0	5
1	8
2	6
3	8
4	3
5	8
6	4
7	7
8	4
9	6
10	3
11	7
12	4
13	7
14	2
15	6
16	1
17	6
18	2
19	6
20	1
21	4
22	2
23	6
24	3
25	4
26	1
27	5
28	2
29	3
30	2
31	4
32	1
33	6
34	2
35	3
36	2
37	4
38	2
39	5
40	2
41	5
42	0
43	5
44	1
45	4
46	3
47	5
48	4
49	4
50	3
51	4
52	1
53	6
54	1
55	6
56	1
57	5
58	3
59	5
60	4
61	5
62	2
63	5
64	2
65	7
66	2
67	7
68	3
69	6
70	2
71	4
72	3
73	5
74	3
75	4
76	1
77	5
78	3
79	6
80	2
81	5
82	3
83	4
84	2
85	5
86	1
87	5
88	3
89	5
90	3
91	6
92	3
93	5
94	4
95	7
96	3
97	6
98	3
99	7
100	3
101	7
102	3
103	6
104	3
105	7
106	3
107	8
108	4
109	9
110	3
111	6
112	3
113	7
114	4
115	7
116	4
117	6
118	4
119	7
120	2
121	6
122	4
123	6
124	4
125	6
126	4
127	6
128	4
129	6
130	3
131	6
132	3
133	6
134	4
135	7
136	3
137	6
138	3
139	6
140	3
141	4
142	2
143	4
144	0
145	7
146	1
147	7
148	1
149	6
150	1
151	5
152	2
153	5
154	1
155	5
156	0
157	5
158	1
159	5
160	2
161	5
162	1
163	5
164	2
165	6
166	3
167	7
168	3
169	6
170	2
171	5
172	2
173	5
174	2
175	5
176	2
177	5
178	1
179	5
180	1
181	5
182	0
183	4
184	1
185	4
186	2
187	4
188	2
189	3
190	1
191	4
192	1
193	4
194	1
195	4
196	2
197	4
198	1
199	5
200	2
201	4
202	2
203	5
204	2
205	8
206	2
207	8
208	2
209	7
210	3
211	7
212	4
213	6
214	4
215	7
216	3
217	6
218	3
219	6
220	3
221	6
222	4
223	5
224	2
225	4
226	2
227	6
228	3
229	6
230	3
231	5
232	2
233	4
234	1
235	7
236	4
237	7
238	2
239	7
240	2
241	6
242	4
243	5
244	4
245	6
246	3
247	7
248	2
249	6
250	4
251	7
252	3
253	6
254	4
255	7
256	3
257	6
258	3
259	6
260	3
261	8
262	3
263	6
264	3
265	5
266	1
267	6
268	2
269	5
270	1
271	4
272	3
273	4
274	2
275	5
276	1
277	4
278	1
279	4
280	1
281	5
282	1
283	7
284	2
285	4
286	4
287	7
288	4
289	6
290	5
291	6
292	4
293	7
294	5
295	8
296	3
297	9
298	3
299	6
300	3
301	8
302	4
303	7
304	4
305	6
306	4
307	6
308	4
309	7
310	3
311	7
312	3
313	7
314	4
315	5
316	4
317	7
318	3
319	5
320	3
321	5
322	2
323	5
324	3
325	6
326	4
327	6
328	3
329	6
330	3
331	6
332	3
333	5
334	3
335	7
336	2
337	7
338	4
339	6
340	4
341	7
342	2
343	7
344	3
345	6
346	4
347	6
348	3
349	5
350	4
351	5
352	3
353	5
354	3
355	4
356	2
357	6
358	2
359	5
360	2
361	6
362	1
363	4
364	2
365	5
366	2
367	3
368	1
369	6
370	3
371	5
372	3
373	5
374	3
375	7
376	3
377	8
378	4
379	5
380	5
381	8
382	5
383	6
384	5
385	6
386	3
387	7
388	4
389	6
390	4
391	7
392	5
393	6
394	4
395	6
396	3
397	6
398	2
399	6
400	2
401	5
402	3
403	5
404	1
405	4
406	0
407	4
408	1
409	4
410	1
411	4
412	2
413	4
414	2
415	6
416	3
417	7
418	5
419	8
420	7
421	10
422	9
423	15
424	14
425	19
426	19
427	26
428	27
429	31
430	35
431	40
432	44
433	49
434	51
435	57
436	59
437	66
438	68
439	75
440	77
441	82
442	86
443	92
444	94
445	99
446	101
447	106
448	110
449	114
450	117
451	122
452	122
453	125
454	126
455	130
456	133
457	134
458	134
459	138
460	138
461	140
462	139
463	141
464	139
465	139
466	138
467	138
468	137
469	137
470	136
471	136
472	132
473	131
474	128
475	128
476	126
477	124
478	122
479	121
480	118
481	117
482	112
483	111
484	108
485	106
486	102
487	103
488	99
489	96
490	92
491	92
492	88
493	88
494	82
495	81
496	78
497	78
498	78
499	78
500	62
501	68
502	63
503	64
504	61
505	61
506	56
507	54
508	52
509	50
510	49
511	49
512	45
513	46
514	41
515	41
516	38
517	37
518	35
519	36
520	33
521	33
522	31
523	31
524	29
525	28
526	26
527	26
528	24
529	24
530	22
531	22
532	18
533	19
534	18
535	20
536	17
537	18
538	14
539	16
540	12
541	13
542	10
543	11
544	7
545	9
546	6
547	6
548	5
549	5
550	4
551	5
552	3
553	5
554	4
555	4
556	2
557	4
558	2
559	2
560	1
561	3
562	2
563	2
564	0
565	2
566	0
567	2
568	0
569	1
570	0
571	1
572	-1
573	1
574	-1
575	0
576	-2
577	0
578	-3
579	0
580	-3
581	0
582	-4
583	-1
584	-3
585	-1
586	-4
587	-2
588	-4
589	-1
590	-6
591	-2
592	-5
593	-1
594	-5
595	-1
596	-5
597	-2
598	-5
599	-2
600	-6
601	-3
602	-6
603	-2
604	-6
605	-3
606	-6
607	-4
608	-7
609	-3
610	-6
611	-3
612	-5
613	-4
614	-6
615	-3
616	-7
617	-4
618	-7
619	-2
620	-8
621	-2
622	-6
623	-2
624	-7
625	-3
626	-6
627	-3
628	-6
629	-2
630	-5
631	-1
632	-6
633	-2
634	-5
635	-1
636	-5
637	-1
638	-8
639	-1
640	-4
641	-2
642	-6
643	-2
644	-4
645	-1
646	-4
647	-1
648	-8
649	-1
650	-6
651	-2
652	-5
653	-2
654	-5
655	-2
656	-5
657	-2
658	-5
659	-4
660	-5
661	-3
662	-6
663	-3
664	-6
665	-3
666	-6
667	-4
668	-6
669	-4
670	-6
671	-4
672	-4
673	-3
674	-7
675	-4
676	-6
677	-3
678	-7
679	-2
680	-6
681	-2
682	-6
683	-1
684	-5
685	-1
686	-4
687	-1
688	-4
689	-2
690	-4
691	-2
692	-3
693	-2
694	-4
695	-1
696	-5
697	-2
698	-5
699	-2
700	-6
701	-2
702	-6
703	-2
704	-6
705	-3
706	-7
707	-3
708	-7
709	-3
710	-7
711	-3
712	-8
713	-3
714	-6
715	-4
716	-6
717	-4
718	-6
719	-3
720	-6
721	-3
722	-7
723	-3
724	-5
725	-4
726	-6
727	-3
728	-7
729	-3
730	-6
731	-2
732	-6
733	-3
734	-6
735	-2
736	-6
737	-2
738	-6
739	-2
740	-5
741	-2
742	-4
743	-2
744	-5
745	-3
746	-5
747	-2
748	-6
749	-2
750	-6
751	-4
752	-5
753	-3
754	-5
755	-4
756	-4
757	-2
758	-4
759	-3
760	-5
761	-3
762	-6
763	-2
764	-6
765	-3
766	-7
767	-2
768	-6
769	-3
770	-4
771	-3
772	-5
773	-3
774	-6
775	-2
776	-5
777	-3
778	-7
779	-3
780	-5
781	-3
782	-6
783	-2
784	-6
785	-2
786	-5
787	-1
788	-5
789	-2
790	-6
791	-3
792	-6
793	-2
794	-6
795	-3
796	-6
797	-2
798	-6
799	-3
800	-7
801	-1
802	-7
803	-2
804	-7
805	-3
806	-8
807	-2
808	-8
809	-3
810	-6
811	-3
812	-6
813	-3
814	-7
815	-3
816	-5
817	-3
818	-4
819	-2
820	-5
821	-2
822	-4
823	-1
824	-4
825	-3
826	-4
827	-2
828	-5
829	0
830	-5
831	-3
832	-4
833	-2
834	-5
835	-3
836	-4
837	-2
838	-6
839	-2
840	-6
841	-2
842	-6
843	-2
844	-5
845	-2
846	-5
847	-2
848	-6
849	-3
850	-5
851	-3
852	-5
853	-2
854	-5
855	-2
856	-4
857	-3
858	-3
859	-3
860	-4
861	-3
862	-5
863	-3
864	-5
865	-2
866	-4
867	-3
868	-4
869	0
870	-4
871	0
872	-5
873	-2
874	-5
875	-2
876	-5
877	-3
878	-4
879	-2
880	-6
881	-2
882	-5
883	-2
884	-3
885	0
886	-4
887	0
888	-4
889	-1
890	-4
891	-1
892	-4
893	0
894	-4
895	-1
896	-3
897	-1
898	-3
899	-1
900	-1
901	-1
902	-3
903	-1
904	-5
905	-1
906	-4
907	-2
908	-3
909	-1
910	-4
911	0
912	-3
913	-1
914	-3
915	-1
916	-4
917	-1
918	-4
919	-1
920	-4
921	-1
922	-4
923	-1
924	-4
925	-1
926	-4
927	-2
928	-4
929	-2
930	-5
931	-2
932	-4
933	-2
934	-2
935	0
936	-3
937	-1
938	-3
939	-1
940	-4
941	-2
942	-3
943	-1
944	-2
945	0
946	-2
947	0
948	-3
949	-1
950	-2
951	-1
952	-3
953	-1
954	-2
955	0
956	-1
957	0
958	-1
959	0
960	-3
961	0
962	-2
963	0
964	-2
965	0
966	-2
967	0
968	-2
969	0
970	-3
971	0
972	-2
973	-1
974	-3
975	0
976	-2
977	0
978	-3
979	0
980	-1
981	0
982	-3
983	0
984	-3
985	0
986	-4
987	-1
988	-3
989	-2
990	-3
991	-2
992	-1
993	-1
994	-3
995	0
996	-2
997	0
998	-3
999	-1
1000	-2
1001	-1
1002	-3
1003	-1
1004	-2
1005	0
1006	-2
1007	0
1008	-2
1009	0
1010	-3
1011	0
1012	-3
1013	0
1014	-1
1015	0
1016	-2
1017	-1
1018	-2
1019	-1
1020	-2
1021	0
1022	-2
1023	-1
1024	-2
1025	-1
1026	-3
1027	-1
1028	-2
1029	0
1030	-3
1031	0
1032	-1
1033	0
1034	-3
1035	0
1036	-2
1037	0
1038	-1
1039	-1
1040	-3
1041	-1
1042	-2
1043	0
1044	-2
1045	0
1046	-2
1047	0
1048	-2
1049	0
1050	-2
1051	-1
1052	-2
1053	0
1054	-2
1055	0
1056	-1
1057	0
1058	-2
1059	0
1060	0
1061	0
1062	-1
1063	0
1064	-1
1065	0
1066	0
1067	0
1068	0
1069	0
1070	0
1071	0
1072	-1
1073	0
1074	-1
1075	1
1076	0
1077	0
1078	-1
1079	0
1080	-1
1081	0
1082	-1
1083	0
1084	-1
1085	0
1086	-1
1087	0
1088	-1
1089	0
1090	-1
1091	0
1092	0
1093	0
1094	0
1095	0
1096	0
1097	0
1098	0
1099	-1
1100	-1
1101	0
1102	-1
1103	0
1104	-1
1105	0
1106	0
1107	0
1108	0
1109	0
1110	-1
1111	0
1112	0
1113	0
1114	0
1115	0
1116	0
1117	0
1118	0
1119	0
1120	-1
1121	0
1122	-1
1123	0
1124	-2
1125	0
1126	-1
1127	0
1128	-1
1129	0
1130	0
1131	0
1132	0
1133	0
1134	0
1135	0
1136	0
1137	0
1138	-1
1139	0
1140	0
1141	0
1142	-1
1143	0
1144	0
1145	0
1146	-1
1147	0
1148	-1
1149	0
1150	0
1151	0
1152	0
1153	0
1154	0
1155	0
1156	0
1157	0
1158	0
1159	0
1160	0
1161	0
1162	0
1163	0
1164	0
1165	0
1166	0
1167	0
1168	0
1169	0
1170	0
1171	1
1172	0
1173	0
1174	-1
1175	0
1176	0
1177	1
1178	0
1179	0
1180	0
1181	0
1182	0
1183	0
1184	0
1185	1
1186	0
1187	1
1188	0
1189	0
1190	0
1191	0
1192	0
1193	0
1194	0
1195	0
1196	0
1197	0
1198	0
1199	0
1200	0
1201	0
1202	0
1203	0
1204	0
1205	1
1206	0
1207	0
1208	0
1209	0
1210	0
1211	0
1212	0
1213	0
1214	0
1215	0
1216	0
1217	0
1218	0
1219	0
1220	0
1221	0
1222	0
1223	0
1224	-1
1225	0
1226	-1
1227	0
1228	-1
1229	0
1230	-1
1231	0
1232	-1
1233	0
1234	-1
1235	0
1236	-1
1237	0
1238	0
1239	0
1240	-1
1241	0
1242	0
1243	0
1244	0
1245	0
1246	-1
1247	0
1248	0
1249	0
1250	0
1251	1
1252	0
1253	0
1254	0
1255	0
1256	0
1257	1
1258	0
1259	0
1260	0
1261	1
1262	0
1263	0
1264	0
1265	1
1266	1
1267	1
1268	0
1269	2
1270	0
1271	1
1272	1
1273	1
1274	1
1275	1
1276	1
1277	0
1278	0
1279	1
1280	0
1281	2
1282	0
1283	0
1284	0
1285	0
1286	0
1287	1
1288	0
1289	1
1290	0
1291	0
1292	0
1293	1
1294	0
1295	0
1296	0
1297	0
1298	0
1299	0
1300	0
1301	1
1302	0
1303	0
1304	0
1305	0
1306	0
1307	0
1308	0
1309	0
1310	0
1311	0
1312	0
1313	0
1314	0
1315	0
1316	0
1317	0
1318	0
1319	2
1320	0
1321	1
1322	0
1323	0
1324	0
1325	0
1326	0
1327	0
1328	0
1329	1
1330	0
1331	0
1332	0
1333	0
1334	0
1335	0
1336	0
1337	1
1338	0
1339	0
1340	0
1341	0
1342	0
1343	0
1344	0
1345	0
1346	0
1347	0
1348	0
1349	0
1350	-1
1351	0
1352	0
1353	1
1354	-1
1355	0
1356	0
1357	1
1358	0
1359	1
1360	0
1361	1
1362	0
1363	2
1364	0
1365	2
1366	0
1367	2
1368	1
1369	2
1370	1
1371	3
1372	0
1373	1
1374	1
1375	2
1376	1
1377	3
1378	2
1379	3
1380	1
1381	3
1382	2
1383	2
1384	1
1385	2
1386	0
1387	2
1388	0
1389	2
1390	0
1391	2
1392	0
1393	2
1394	1
1395	2
1396	0
1397	2
1398	0
1399	1
1400	0
1401	2
1402	0
1403	0
1404	0
1405	2
1406	0
1407	1
1408	0
1409	1
1410	0
1411	1
1412	0
1413	2
1414	0
1415	1
1416	0
1417	1
1418	0
1419	2
1420	0
1421	2
1422	0
1423	2
1424	0
1425	2
1426	1
1427	2
1428	1
1429	1
1430	0
1431	2
1432	1
1433	1
1434	0
1435	2
1436	0
1437	1
1438	0
1439	1
1440	0
1441	1
1442	0
1443	2
1444	1
1445	1
1446	0
1447	0
1448	0
1449	1
1450	0
1451	1
1452	0
1453	2
1454	0
1455	0
1456	0
1457	0
1458	0
1459	0
1460	0
1461	0
1462	0
1463	2
1464	0
1465	0
1466	0
1467	2
1468	0
1469	1
1470	0
1471	2
1472	0
1473	2
1474	0
1475	2
1476	0
1477	1
1478	1
1479	1
1480	1
1481	3
1482	2
1483	4
1484	2
1485	4
1486	2
1487	4
1488	2
1489	3
1490	2
1491	4
1492	3
1493	4
1494	2
1495	4
1496	2
1497	3
1498	3
1499	4
1500	3
1501	4
1502	3
1503	4
1504	3
1505	4
1506	3
1507	5
1508	2
1509	4
1510	3
1511	5
1512	4
1513	6
1514	3
1515	4
1516	3
1517	5
1518	4
1519	4
1520	3
1521	5
1522	3
1523	4
1524	3
1525	4
1526	3
1527	4
1528	3
1529	4
1530	3
1531	3
1532	3
1533	5
1534	3
1535	3
1536	3
1537	4
1538	4
1539	5
1540	3
1541	4
1542	4
1543	5
1544	4
1545	4
1546	4
1547	6
1548	3
1549	4
1550	4
1551	4
1552	3
1553	4
1554	3
1555	5
1556	3
1557	5
1558	3
1559	5
1560	2
1561	4
1562	2
1563	4
1564	2
1565	4
1566	2
1567	2
1568	1
1569	2
1570	0
1571	2
1572	1
1573	1
1574	0
1575	1
1576	0
1577	1
1578	1
1579	2
1580	0
1581	3
1582	0
1583	3
1584	0
1585	2
1586	0
1587	2
1588	0
1589	3
1590	1
1591	4
1592	1
1593	2
1594	2
1595	3
1596	1
1597	3
1598	1
1599	4
1600	3
1601	5
1602	1
1603	5
1604	3
1605	5
1606	3
1607	5
1608	3
1609	6
1610	3
1611	6
1612	3
1613	6
1614	4
1615	5
1616	5
1617	6
1618	5
1619	6
1620	5
1621	5
1622	4
1623	7
1624	4
1625	4
1626	4
1627	6
1628	4
1629	6
1630	5
1631	5
1632	4
1633	6
1634	4
1635	4
1636	3
1637	5
1638	3
1639	6
1640	4
1641	5
1642	4
1643	5
1644	4
1645	5
1646	3
1647	5
1648	3
1649	5
1650	3
1651	5
1652	3
1653	4
1654	2
1655	4
1656	3
1657	4
1658	2
1659	5
1660	1
1661	5
1662	3
1663	4
1664	2
1665	4
1666	2
1667	4
1668	3
1669	4
1670	3
1671	4
1672	2
1673	4
1674	1
1675	4
1676	1
1677	4
1678	2
1679	3
1680	1
1681	4
1682	1
1683	4
1684	1
1685	4
1686	1
1687	4
1688	1
1689	3
1690	1
1691	3
1692	0
1693	2
1694	0
1695	1
1696	0
1697	2
1698	0
1699	3
1700	1
1701	4
1702	0
1703	2
1704	0
1705	3
1706	0
1707	2
1708	0
1709	1
1710	0
1711	1
1712	0
1713	1
1714	0
1715	1
1716	0
1717	2
1718	0
1719	1
1720	0
1721	1
1722	0
1723	2
1724	0
1725	3
1726	0
1727	2
1728	1
1729	4
1730	1
1731	4
1732	1
1733	3
1734	1
1735	4
1736	1
1737	3
1738	1
1739	4
1740	1
1741	3
1742	1
1743	4
1744	1
1745	3
1746	3
1747	3
1748	2
1749	4
1750	1
1751	3
1752	1
1753	5
1754	1
1755	3
1756	2
1757	4
1758	0
1759	4
1760	1
1761	5
1762	1
1763	4
1764	1
1765	4
1766	0
1767	3
1768	0
1769	3
1770	0
1771	3
1772	0
1773	3
1774	0
1775	2
1776	0
1777	3
1778	0
1779	3
1780	0
1781	2
1782	1
1783	3
1784	2
1785	3
1786	1
1787	4
1788	0
1789	4
1790	0
1791	4
1792	0
1793	3
1794	0
1795	4
1796	1
1797	3
1798	1
1799	5
1800	1
1801	5
1802	1
1803	4
1804	3
1805	5
1806	2
1807	4
1808	3
1809	4
1810	2
1811	5
1812	2
1813	6
1814	2
1815	5
1816	3
1817	6
1818	5
1819	5
1820	2
1821	6
1822	3
1823	6
1824	4
1825	7
1826	5
1827	7
1828	4
1829	8
1830	4
1831	6
1832	4
1833	6
1834	3
1835	6
1836	3
1837	4
1838	3
1839	4
1840	4
1841	5
1842	4
1843	5
1844	4
1845	4
1846	3
1847	6
1848	4
1849	6
1850	4
1851	7
1852	4
1853	9
1854	4
1855	6
1856	5
1857	6
1858	4
1859	6
1860	4
1861	5
1862	2
1863	6
1864	4
1865	6
1866	3
1867	6
1868	4
1869	5
1870	3
1871	4
1872	3
1873	5
1874	1
1875	5
1876	1
1877	4
1878	1
1879	3
1880	1
1881	3
1882	0
1883	4
1884	2
1885	4
1886	2
1887	5
1888	1
1889	4
1890	1
1891	4
1892	0
1893	3
1894	2
1895	4
1896	1
1897	4
1898	2
1899	4
1900	1
1901	4
1902	2
1903	4
1904	2
1905	4
1906	1
1907	5
1908	1
1909	4
1910	3
1911	5
1912	2
1913	4
1914	2
1915	5
1916	2
1917	4
1918	2
1919	3
1920	1
1921	3
1922	2
1923	3
1924	1
1925	2
1926	0
1927	2
1928	1
1929	2
1930	2
1931	3
1932	0
1933	3
1934	1
1935	3
1936	0
1937	3
1938	2
1939	3
1940	2
1941	4
1942	1
1943	3
1944	3
1945	5
1946	1
1947	5
1948	2
1949	5
1950	1
1951	4
1952	1
1953	5
1954	2
1955	4
1956	3
1957	5
1958	2
1959	4
1960	1
1961	4
1962	3
1963	3
1964	1
1965	2
1966	2
1967	3
1968	2
1969	3
1970	2
1971	3
1972	1
1973	3
1974	1
1975	4
1976	2
1977	3
1978	1
1979	4
1980	1
1981	5
1982	3
1983	4
1984	1
1985	5
1986	1
1987	4
1988	1
1989	6
1990	2
1991	5
1992	2
1993	4
1994	1
1995	5
1996	3
1997	5
1998	4
1999	5
