0	2
1	4
2	1
3	5
4	1
5	5
6	2
7	4
8	1
9	5
10	2
11	4
12	1
13	4
14	2
15	4
16	2
17	6
18	3
19	7
20	4
21	6
22	3
23	7
24	4
25	8
26	4
27	6
28	4
29	7
30	4
31	5
32	3
33	5
34	3
35	6
36	3
37	5
38	2
39	4
40	2
41	4
42	3
43	4
44	3
45	5
46	3
47	6
48	5
49	4
50	4
51	4
52	3
53	5
54	3
55	5
56	4
57	6
58	3
59	6
60	3
61	8
62	4
63	5
64	4
65	5
66	2
67	4
68	3
69	5
70	4
71	6
72	4
73	3
74	3
75	4
76	3
77	7
78	2
79	5
80	1
81	4
82	4
83	5
84	5
85	6
86	4
87	7
88	3
89	6
90	3
91	5
92	4
93	7
94	4
95	6
96	5
97	6
98	4
99	6
100	2
101	5
102	3
103	6
104	3
105	3
106	2
107	4
108	2
109	4
110	4
111	5
112	4
113	5
114	3
115	4
116	3
117	4
118	4
119	3
120	4
121	4
122	2
123	6
124	1
125	6
126	4
127	4
128	2
129	3
130	2
131	4
132	2
133	4
134	0
135	4
136	1
137	4
138	1
139	4
140	2
141	3
142	2
143	5
144	3
145	6
146	3
147	5
148	4
149	5
150	4
151	6
152	3
153	6
154	3
155	5
156	4
157	4
158	3
159	5
160	3
161	4
162	5
163	4
164	4
165	6
166	3
167	7
168	4
169	5
170	4
171	4
172	3
173	4
174	4
175	5
176	4
177	5
178	3
179	5
180	2
181	6
182	3
183	6
184	3
185	5
186	3
187	6
188	4
189	4
190	4
191	6
192	4
193	7
194	4
195	6
196	3
197	5
198	4
199	5
200	4
201	6
202	3
203	5
204	3
205	5
206	3
207	5
208	4
209	5
210	4
211	4
212	4
213	5
214	3
215	4
216	3
217	4
218	3
219	4
220	4
221	5
222	3
223	4
224	3
225	7
226	4
227	6
228	3
229	5
230	4
231	5
232	3
233	5
234	2
235	5
236	3
237	4
238	3
239	5
240	4
241	5
242	3
243	5
244	3
245	5
246	4
247	5
248	3
249	5
250	3
251	4
252	3
253	4
254	2
255	5
256	1
257	4
258	2
259	6
260	2
261	4
262	1
263	4
264	2
265	6
266	4
267	4
268	4
269	4
270	2
271	5
272	2
273	3
274	2
275	6
276	1
277	4
278	3
279	3
280	1
281	5
282	2
283	4
284	3
285	4
286	3
287	6
288	3
289	6
290	4
291	6
292	3
293	6
294	4
295	5
296	4
297	6
298	4
299	6
300	1
301	5
302	3
303	4
304	3
305	6
306	3
307	6
308	3
309	6
310	3
311	6
312	4
313	4
314	4
315	6
316	4
317	6
318	3
319	7
320	5
321	6
322	6
323	5
324	3
325	5
326	5
327	4
328	5
329	5
330	6
331	4
332	4
333	5
334	4
335	7
336	3
337	5
338	3
339	5
340	4
341	4
342	3
343	5
344	2
345	7
346	3
347	6
348	2
349	3
350	3
351	3
352	4
353	4
354	2
355	5
356	3
357	5
358	3
359	4
360	3
361	4
362	4
363	5
364	3
365	4
366	2
367	4
368	4
369	4
370	3
371	4
372	4
373	5
374	3
375	5
376	4
377	6
378	3
379	5
380	4
381	5
382	3
383	5
384	4
385	6
386	3
387	6
388	3
389	7
390	4
391	6
392	3
393	7
394	5
395	6
396	2
397	6
398	4
399	7
400	3
401	6
402	3
403	5
404	4
405	7
406	4
407	6
408	4
409	4
410	3
411	5
412	3
413	5
414	3
415	6
416	6
417	10
418	9
419	12
420	13
421	16
422	17
423	21
424	23
425	27
426	29
427	32
428	38
429	42
430	45
431	50
432	52
433	59
434	61
435	67
436	69
437	74
438	78
439	82
440	86
441	90
442	94
443	98
444	101
445	106
446	108
447	113
448	114
449	118
450	119
451	122
452	123
453	127
454	129
455	131
456	130
457	133
458	133
459	134
460	133
461	135
462	134
463	135
464	133
465	133
466	132
467	131
468	131
469	130
470	128
471	128
472	126
473	125
474	122
475	121
476	118
477	117
478	114
479	113
480	111
481	110
482	106
483	107
484	102
485	102
486	99
487	97
488	93
489	92
490	89
491	89
492	87
493	85
494	80
495	78
496	76
497	77
498	77
499	78
500	62
501	70
502	64
503	65
504	63
505	63
506	59
507	56
508	54
509	52
510	50
511	49
512	48
513	48
514	45
515	45
516	39
517	39
518	37
519	38
520	36
521	36
522	35
523	35
524	32
525	32
526	29
527	29
528	26
529	26
530	24
531	25
532	22
533	23
534	21
535	22
536	18
537	20
538	17
539	18
540	16
541	19
542	15
543	14
544	11
545	14
546	10
547	12
548	9
549	8
550	6
551	7
552	6
553	7
554	4
555	5
556	3
557	4
558	2
559	4
560	3
561	3
562	2
563	3
564	1
565	2
566	1
567	1
568	0
569	1
570	0
571	1
572	0
573	1
574	1
575	1
576	0
577	0
578	-1
579	1
580	-2
581	1
582	-1
583	1
584	-1
585	0
586	-1
587	0
588	-2
589	0
590	-3
591	0
592	-3
593	0
594	-3
595	-1
596	-3
597	-1
598	-3
599	0
600	-4
601	0
602	-4
603	0
604	-3
605	0
606	-4
607	-1
608	-4
609	-1
610	-4
611	-1
612	-4
613	0
614	-4
615	0
616	-4
617	-1
618	-3
619	0
620	-3
621	0
622	-2
623	-1
624	-3
625	-1
626	-5
627	-1
628	-2
629	0
630	-2
631	0
632	-4
633	0
634	-3
635	0
636	-3
637	1
638	-2
639	0
640	-4
641	0
642	-3
643	0
644	-4
645	0
646	-4
647	0
648	-3
649	0
650	-4
651	-3
652	-4
653	-3
654	-3
655	-1
656	-4
657	-2
658	-4
659	-1
660	-4
661	-2
662	-5
663	-2
664	-4
665	-2
666	-4
667	-1
668	-5
669	-1
670	-4
671	0
672	-4
673	-1
674	-4
675	-1
676	-4
677	0
678	-4
679	0
680	-4
681	-1
682	-5
683	-1
684	-4
685	-1
686	-4
687	-1
688	-6
689	-1
690	-5
691	-3
692	-5
693	-3
694	-5
695	-2
696	-7
697	-3
698	-5
699	-4
700	-7
701	-2
702	-7
703	-3
704	-7
705	-4
706	-8
707	-4
708	-7
709	-4
710	-8
711	-4
712	-6
713	-4
714	-8
715	-4
716	-7
717	-4
718	-8
719	-4
720	-6
721	-4
722	-7
723	-3
724	-7
725	-4
726	-7
727	-4
728	-7
729	-4
730	-7
731	-4
732	-7
733	-3
734	-6
735	-3
736	-8
737	-3
738	-7
739	-3
740	-6
741	-2
742	-6
743	-1
744	-5
745	-2
746	-5
747	-2
748	-7
749	-3
750	-6
751	-2
752	-6
753	-2
754	-7
755	-3
756	-7
757	-4
758	-7
759	-2
760	-7
761	-3
762	-6
763	-3
764	-6
765	-2
766	-6
767	-2
768	-5
769	-2
770	-7
771	-2
772	-6
773	-2
774	-6
775	-2
776	-7
777	-3
778	-7
779	-5
780	-7
781	-3
782	-8
783	-4
784	-8
785	-3
786	-8
787	-5
788	-8
789	-4
790	-8
791	-4
792	-8
793	-4
794	-5
795	-4
796	-7
797	-3
798	-6
799	-3
800	-6
801	-1
802	-7
803	-2
804	-6
805	-3
806	-6
807	-2
808	-5
809	-1
810	-5
811	-2
812	-5
813	-2
814	-4
815	0
816	-5
817	0
818	-4
819	-1
820	-4
821	0
822	-3
823	0
824	-4
825	0
826	-4
827	-1
828	-4
829	0
830	-5
831	-1
832	-4
833	0
834	-4
835	0
836	-5
837	0
838	-5
839	0
840	-4
841	-1
842	-4
843	0
844	-3
845	-1
846	-4
847	-1
848	-4
849	-1
850	-3
851	-1
852	-3
853	0
854	-3
855	0
856	-2
857	0
858	-3
859	-1
860	-3
861	0
862	-4
863	0
864	-3
865	0
866	-2
867	0
868	-3
869	0
870	-2
871	0
872	-2
873	0
874	-2
875	0
876	-3
877	0
878	-1
879	0
880	-2
881	0
882	-4
883	0
884	-2
885	0
886	-2
887	-1
888	-3
889	-4
890	-4
891	-1
892	-4
893	-2
894	-3
895	-1
896	-5
897	-1
898	-4
899	-2
900	-4
901	-2
902	-4
903	-2
904	-4
905	-2
906	-4
907	-2
908	-4
909	-1
910	-5
911	-1
912	-4
913	0
914	-4
915	0
916	-4
917	0
918	-3
919	-1
920	-4
921	-2
922	-4
923	-2
924	-6
925	-3
926	-5
927	-3
928	-5
929	-3
930	-4
931	-4
932	-6
933	-2
934	-5
935	-4
936	-5
937	-3
938	-6
939	-3
940	-6
941	-2
942	-7
943	-2
944	-5
945	-2
946	-5
947	-1
948	-4
949	-2
950	-4
951	0
952	-3
953	-1
954	-4
955	-2
956	-2
957	-1
958	-2
959	0
960	-2
961	-1
962	-2
963	-1
964	-3
965	-1
966	-2
967	-1
968	-3
969	-2
970	-4
971	-2
972	-2
973	-1
974	-3
975	-1
976	-2
977	0
978	-3
979	-1
980	-3
981	-2
982	-2
983	-2
984	-2
985	-2
986	-2
987	-1
988	-3
989	-1
990	-2
991	-1
992	-1
993	0
994	-2
995	0
996	-1
997	-1
998	-2
999	-1
1000	-2
1001	-1
1002	-2
1003	-1
1004	-2
1005	-1
1006	-3
1007	0
1008	-3
1009	-2
1010	-3
1011	-1
1012	-4
1013	-1
1014	-3
1015	-1
1016	-4
1017	-1
1018	-3
1019	-1
1020	-4
1021	-2
1022	-4
1023	-2
1024	-4
1025	-1
1026	-2
1027	-2
1028	-3
1029	-2
1030	-2
1031	-1
1032	-2
1033	-1
1034	-3
1035	-1
1036	-3
1037	0
1038	-3
1039	-1
1040	-2
1041	0
1042	-3
1043	0
1044	-1
1045	-1
1046	-1
1047	0
1048	-1
1049	0
1050	-2
1051	0
1052	-2
1053	-1
1054	-2
1055	0
1056	-1
1057	0
1058	-1
1059	0
1060	-2
1061	0
1062	-2
1063	0
1064	-2
1065	0
1066	-2
1067	-1
1068	-2
1069	-1
1070	-3
1071	-1
1072	-3
1073	-1
1074	-3
1075	-1
1076	-3
1077	-1
1078	-3
1079	-1
1080	-4
1081	-1
1082	-2
1083	-2
1084	-2
1085	-1
1086	-1
1087	0
1088	-1
1089	0
1090	-2
1091	0
1092	-1
1093	0
1094	-1
1095	-1
1096	-1
1097	0
1098	0
1099	-1
1100	-1
1101	0
1102	-1
1103	-1
1104	-1
1105	-1
1106	0
1107	0
1108	-1
1109	0
1110	-1
1111	0
1112	-1
1113	0
1114	-1
1115	-1
1116	0
1117	-1
1118	-1
1119	0
1120	-1
1121	0
1122	-1
1123	0
1124	-1
1125	0
1126	0
1127	0
1128	0
1129	0
1130	-1
1131	0
1132	-1
1133	1
1134	0
1135	0
1136	0
1137	0
1138	0
1139	1
1140	-1
1141	0
1142	-1
1143	0
1144	-1
1145	0
1146	-1
1147	0
1148	-2
1149	0
1150	-1
1151	0
1152	0
1153	0
1154	0
1155	0
1156	-1
1157	0
1158	0
1159	0
1160	-1
1161	0
1162	0
1163	0
1164	0
1165	0
1166	-1
1167	0
1168	0
1169	0
1170	-1
1171	0
1172	0
1173	0
1174	0
1175	0
1176	0
1177	0
1178	0
1179	0
1180	-1
1181	0
1182	-1
1183	0
1184	0
1185	0
1186	-1
1187	0
1188	-1
1189	0
1190	-1
1191	0
1192	-1
1193	0
1194	-1
1195	0
1196	-2
1197	-1
1198	-1
1199	-1
1200	0
1201	0
1202	-1
1203	0
1204	0
1205	0
1206	-1
1207	0
1208	0
1209	0
1210	-1
1211	0
1212	-1
1213	0
1214	-1
1215	0
1216	-1
1217	0
1218	-1
1219	0
1220	0
1221	0
1222	0
1223	0
1224	0
1225	0
1226	0
1227	1
1228	0
1229	0
1230	0
1231	0
1232	-1
1233	0
1234	-1
1235	0
1236	0
1237	0
1238	0
1239	0
1240	-1
1241	0
1242	-1
1243	0
1244	-1
1245	0
1246	0
1247	0
1248	-1
1249	0
1250	-1
1251	0
1252	-1
1253	0
1254	-1
1255	0
1256	0
1257	0
1258	-1
1259	0
1260	0
1261	0
1262	0
1263	0
1264	0
1265	0
1266	0
1267	0
1268	0
1269	0
1270	0
1271	1
1272	0
1273	1
1274	0
1275	1
1276	-1
1277	0
1278	-1
1279	0
1280	-1
1281	0
1282	0
1283	0
1284	0
1285	0
1286	-1
1287	0
1288	0
1289	0
1290	-1
1291	0
1292	0
1293	0
1294	0
1295	0
1296	0
1297	1
1298	0
1299	0
1300	0
1301	0
1302	0
1303	1
1304	0
1305	1
1306	0
1307	2
1308	1
1309	3
1310	0
1311	2
1312	1
1313	2
1314	0
1315	0
1316	0
1317	1
1318	0
1319	1
1320	0
1321	1
1322	0
1323	0
1324	0
1325	0
1326	0
1327	0
1328	0
1329	0
1330	0
1331	0
1332	-1
1333	0
1334	-1
1335	0
1336	0
1337	0
1338	0
1339	0
1340	-1
1341	0
1342	0
1343	0
1344	-1
1345	0
1346	0
1347	0
1348	0
1349	0
1350	0
1351	0
1352	0
1353	0
1354	0
1355	1
1356	0
1357	0
1358	0
1359	0
1360	0
1361	1
1362	0
1363	0
1364	0
1365	0
1366	0
1367	1
1368	-1
1369	1
1370	0
1371	0
1372	0
1373	0
1374	0
1375	0
1376	-1
1377	0
1378	0
1379	0
1380	0
1381	0
1382	0
1383	0
1384	0
1385	0
1386	0
1387	1
1388	0
1389	1
1390	0
1391	3
1392	0
1393	1
1394	0
1395	0
1396	0
1397	1
1398	0
1399	0
1400	0
1401	0
1402	0
1403	1
1404	0
1405	1
1406	0
1407	1
1408	0
1409	1
1410	0
1411	2
1412	0
1413	2
1414	0
1415	2
1416	0
1417	2
1418	0
1419	3
1420	0
1421	0
1422	0
1423	0
1424	0
1425	2
1426	1
1427	0
1428	0
1429	1
1430	0
1431	1
1432	0
1433	1
1434	0
1435	2
1436	0
1437	0
1438	0
1439	0
1440	0
1441	1
1442	0
1443	2
1444	0
1445	1
1446	0
1447	1
1448	0
1449	1
1450	0
1451	0
1452	0
1453	0
1454	0
1455	0
1456	0
1457	1
1458	0
1459	1
1460	0
1461	0
1462	0
1463	2
1464	1
1465	1
1466	0
1467	1
1468	0
1469	1
1470	0
1471	2
1472	0
1473	3
1474	0
1475	1
1476	0
1477	1
1478	1
1479	3
1480	0
1481	2
1482	0
1483	1
1484	0
1485	3
1486	0
1487	2
1488	0
1489	0
1490	1
1491	1
1492	1
1493	1
1494	0
1495	1
1496	0
1497	1
1498	0
1499	1
1500	0
1501	0
1502	1
1503	1
1504	0
1505	2
1506	1
1507	1
1508	1
1509	1
1510	1
1511	0
1512	0
1513	1
1514	1
1515	2
1516	0
1517	2
1518	0
1519	0
1520	0
1521	2
1522	0
1523	2
1524	0
1525	2
1526	0
1527	1
1528	1
1529	2
1530	0
1531	3
1532	0
1533	4
1534	1
1535	1
1536	0
1537	1
1538	0
1539	3
1540	0
1541	4
1542	1
1543	2
1544	0
1545	2
1546	0
1547	1
1548	0
1549	2
1550	0
1551	2
1552	0
1553	0
1554	0
1555	2
1556	0
1557	2
1558	0
1559	2
1560	0
1561	2
1562	0
1563	2
1564	1
1565	2
1566	1
1567	3
1568	0
1569	4
1570	0
1571	3
1572	2
1573	4
1574	2
1575	4
1576	1
1577	2
1578	1
1579	3
1580	0
1581	1
1582	0
1583	2
1584	0
1585	3
1586	1
1587	2
1588	1
1589	2
1590	1
1591	1
1592	1
1593	2
1594	1
1595	2
1596	1
1597	2
1598	0
1599	2
1600	0
1601	3
1602	1
1603	3
1604	1
1605	3
1606	2
1607	5
1608	1
1609	4
1610	2
1611	4
1612	2
1613	4
1614	3
1615	4
1616	2
1617	4
1618	2
1619	5
1620	3
1621	6
1622	3
1623	7
1624	3
1625	5
1626	3
1627	7
1628	4
1629	6
1630	4
1631	5
1632	4
1633	5
1634	4
1635	4
1636	3
1637	5
1638	4
1639	4
1640	4
1641	4
1642	4
1643	5
1644	4
1645	6
1646	4
1647	5
1648	4
1649	5
1650	5
1651	6
1652	5
1653	5
1654	4
1655	7
1656	4
1657	6
1658	4
1659	6
1660	5
1661	7
1662	4
1663	7
1664	4
1665	6
1666	4
1667	7
1668	4
1669	6
1670	3
1671	4
1672	2
1673	5
1674	4
1675	5
1676	3
1677	5
1678	1
1679	4
1680	2
1681	4
1682	1
1683	5
1684	2
1685	4
1686	1
1687	3
1688	2
1689	3
1690	2
1691	4
1692	3
1693	4
1694	1
1695	4
1696	2
1697	3
1698	3
1699	4
1700	3
1701	4
1702	3
1703	5
1704	2
1705	4
1706	3
1707	5
1708	2
1709	4
1710	2
1711	4
1712	2
1713	4
1714	2
1715	4
1716	2
1717	4
1718	3
1719	6
1720	3
1721	4
1722	3
1723	3
1724	2
1725	5
1726	2
1727	4
1728	2
1729	4
1730	1
1731	5
1732	1
1733	5
1734	1
1735	4
1736	1
1737	4
1738	1
1739	2
1740	2
1741	2
1742	2
1743	4
1744	2
1745	4
1746	2
1747	4
1748	2
1749	3
1750	2
1751	4
1752	2
1753	4
1754	2
1755	4
1756	2
1757	3
1758	2
1759	4
1760	3
1761	5
1762	2
1763	5
1764	1
1765	3
1766	1
1767	3
1768	2
1769	3
1770	2
1771	4
1772	2
1773	4
1774	1
1775	3
1776	1
1777	4
1778	1
1779	2
1780	0
1781	2
1782	0
1783	4
1784	0
1785	3
1786	0
1787	4
1788	1
1789	3
1790	1
1791	3
1792	1
1793	4
1794	2
1795	3
1796	1
1797	4
1798	1
1799	3
1800	1
1801	3
1802	1
1803	3
1804	3
1805	4
1806	2
1807	3
1808	3
1809	3
1810	1
1811	2
1812	2
1813	3
1814	1
1815	2
1816	1
1817	2
1818	1
1819	2
1820	1
1821	1
1822	0
1823	3
1824	0
1825	2
1826	0
1827	2
1828	1
1829	3
1830	0
1831	4
1832	1
1833	3
1834	1
1835	3
1836	1
1837	3
1838	2
1839	4
1840	2
1841	3
1842	2
1843	4
1844	1
1845	4
1846	0
1847	2
1848	1
1849	2
1850	1
1851	4
1852	0
1853	3
1854	0
1855	3
1856	1
1857	3
1858	1
1859	3
1860	1
1861	3
1862	0
1863	3
1864	0
1865	3
1866	1
1867	2
1868	0
1869	2
1870	1
1871	1
1872	1
1873	2
1874	0
1875	2
1876	0
1877	2
1878	0
1879	3
1880	1
1881	3
1882	1
1883	2
1884	0
1885	2
1886	1
1887	3
1888	1
1889	4
1890	1
1891	3
1892	0
1893	4
1894	2
1895	3
1896	1
1897	4
1898	1
1899	3
1900	2
1901	4
1902	2
1903	4
1904	1
1905	4
1906	1
1907	4
1908	3
1909	5
1910	2
1911	4
1912	2
1913	4
1914	1
1915	3
1916	1
1917	3
1918	1
1919	4
1920	0
1921	4
1922	1
1923	3
1924	2
1925	3
1926	2
1927	4
1928	2
1929	5
1930	1
1931	4
1932	0
1933	3
1934	1
1935	4
1936	1
1937	3
1938	0
1939	2
1940	0
1941	4
1942	3
1943	3
1944	1
1945	3
1946	2
1947	4
1948	2
1949	3
1950	2
1951	4
1952	1
1953	4
1954	1
1955	4
1956	1
1957	4
1958	1
1959	4
1960	1
1961	5
1962	1
1963	5
1964	2
1965	5
1966	2
1967	4
1968	2
1969	5
1970	1
1971	5
1972	2
1973	3
1974	1
1975	7
1976	1
1977	4
1978	1
1979	4
1980	1
1981	4
1982	2
1983	4
1984	0
1985	3
1986	1
1987	3
1988	1
1989	2
1990	1
1991	1
1992	0
1993	0
1994	0
1995	1
1996	1
1997	2
1998	1
1999	2
