0	1
1	7
2	4
3	7
4	3
5	8
6	3
7	7
8	3
9	8
10	4
11	6
12	3
13	7
14	2
15	6
16	2
17	6
18	2
19	7
20	2
21	5
22	2
23	3
24	2
25	4
26	2
27	6
28	1
29	4
30	2
31	6
32	1
33	5
34	2
35	5
36	3
37	5
38	3
39	4
40	4
41	6
42	4
43	6
44	3
45	6
46	4
47	6
48	2
49	6
50	2
51	5
52	2
53	5
54	3
55	6
56	3
57	6
58	2
59	6
60	2
61	4
62	1
63	4
64	1
65	7
66	2
67	5
68	1
69	5
70	0
71	5
72	1
73	5
74	2
75	6
76	1
77	5
78	1
79	3
80	0
81	7
82	2
83	7
84	2
85	6
86	1
87	7
88	2
89	7
90	3
91	7
92	3
93	5
94	3
95	7
96	3
97	6
98	2
99	7
100	3
101	8
102	3
103	7
104	2
105	7
106	2
107	8
108	2
109	6
110	2
111	6
112	1
113	7
114	2
115	8
116	2
117	6
118	2
119	7
120	1
121	6
122	2
123	5
124	2
125	4
126	1
127	7
128	3
129	5
130	2
131	4
132	2
133	6
134	1
135	4
136	1
137	5
138	1
139	5
140	1
141	6
142	2
143	5
144	1
145	5
146	3
147	6
148	3
149	7
150	1
151	7
152	2
153	7
154	1
155	5
156	1
157	6
158	1
159	5
160	2
161	6
162	1
163	4
164	2
165	5
166	1
167	6
168	3
169	4
170	1
171	6
172	2
173	5
174	2
175	6
176	2
177	4
178	3
179	6
180	3
181	6
182	3
183	4
184	1
185	4
186	3
187	5
188	2
189	7
190	1
191	6
192	2
193	5
194	1
195	5
196	1
197	5
198	1
199	5
200	1
201	4
202	1
203	5
204	2
205	6
206	2
207	4
208	2
209	6
210	2
211	6
212	2
213	5
214	2
215	5
216	0
217	4
218	2
219	4
220	2
221	4
222	2
223	6
224	3
225	6
226	3
227	5
228	3
229	5
230	4
231	7
232	3
233	7
234	3
235	7
236	1
237	7
238	2
239	9
240	2
241	7
242	3
243	8
244	2
245	6
246	3
247	5
248	1
249	6
250	2
251	8
252	3
253	5
254	3
255	5
256	2
257	7
258	2
259	6
260	0
261	6
262	1
263	6
264	3
265	5
266	2
267	6
268	3
269	6
270	1
271	6
272	1
273	6
274	1
275	5
276	1
277	4
278	1
279	7
280	1
281	4
282	2
283	6
284	1
285	5
286	0
287	4
288	1
289	3
290	2
291	5
292	1
293	6
294	4
295	5
296	2
297	7
298	2
299	7
300	2
301	6
302	2
303	6
304	3
305	8
306	2
307	5
308	2
309	6
310	2
311	7
312	1
313	7
314	2
315	6
316	1
317	7
318	1
319	6
320	4
321	4
322	2
323	5
324	3
325	4
326	2
327	5
328	1
329	3
330	2
331	6
332	2
333	5
334	1
335	5
336	1
337	5
338	3
339	7
340	4
341	6
342	3
343	6
344	4
345	8
346	4
347	8
348	3
349	8
350	3
351	9
352	2
353	7
354	3
355	6
356	4
357	7
358	3
359	6
360	3
361	7
362	4
363	8
364	2
365	8
366	3
367	7
368	3
369	7
370	2
371	8
372	2
373	7
374	1
375	6
376	2
377	7
378	2
379	6
380	1
381	6
382	1
383	4
384	1
385	5
386	1
387	6
388	1
389	6
390	2
391	5
392	2
393	5
394	0
395	5
396	1
397	5
398	2
399	5
400	2
401	6
402	0
403	5
404	2
405	4
406	1
407	4
408	1
409	4
410	1
411	4
412	1
413	6
414	0
415	4
416	0
417	4
418	0
419	4
420	1
421	4
422	2
423	6
424	2
425	5
426	1
427	5
428	3
429	5
430	2
431	5
432	2
433	8
434	3
435	8
436	2
437	9
438	4
439	8
440	5
441	10
442	5
443	11
444	9
445	14
446	12
447	16
448	15
449	20
450	21
451	26
452	26
453	30
454	31
455	35
456	37
457	41
458	41
459	46
460	47
461	54
462	54
463	58
464	58
465	62
466	62
467	66
468	66
469	69
470	69
471	73
472	72
473	75
474	74
475	76
476	75
477	76
478	76
479	78
480	77
481	79
482	75
483	79
484	76
485	79
486	76
487	78
488	77
489	79
490	75
491	76
492	73
493	74
494	72
495	74
496	73
497	74
498	75
499	78
500	62
501	73
502	66
503	68
504	66
505	66
506	65
507	66
508	61
509	63
510	56
511	59
512	57
513	58
514	56
515	57
516	55
517	54
518	52
519	52
520	47
521	50
522	43
523	46
524	42
525	44
526	41
527	42
528	40
529	39
530	38
531	38
532	33
533	37
534	32
535	34
536	29
537	31
538	27
539	28
540	26
541	26
542	24
543	25
544	24
545	23
546	22
547	22
548	21
549	22
550	22
551	21
552	19
553	20
554	18
555	19
556	16
557	17
558	14
559	17
560	14
561	16
562	13
563	16
564	13
565	14
566	11
567	14
568	11
569	13
570	9
571	13
572	8
573	11
574	9
575	10
576	7
577	10
578	6
579	11
580	6
581	9
582	6
583	8
584	5
585	9
586	5
587	8
588	4
589	8
590	3
591	7
592	4
593	7
594	3
595	6
596	4
597	5
598	2
599	5
600	1
601	5
602	1
603	4
604	0
605	4
606	1
607	4
608	0
609	3
610	1
611	4
612	0
613	3
614	1
615	3
616	0
617	3
618	0
619	2
620	0
621	3
622	0
623	3
624	0
625	3
626	1
627	2
628	2
629	3
630	0
631	3
632	1
633	3
634	1
635	3
636	1
637	4
638	0
639	2
640	0
641	2
642	0
643	3
644	0
645	3
646	0
647	1
648	0
649	2
650	0
651	2
652	0
653	3
654	0
655	2
656	1
657	3
658	0
659	1
660	1
661	3
662	0
663	3
664	0
665	3
666	1
667	2
668	1
669	3
670	0
671	4
672	0
673	2
674	1
675	2
676	2
677	1
678	0
679	3
680	0
681	4
682	0
683	3
684	0
685	4
686	0
687	3
688	0
689	2
690	1
691	4
692	0
693	2
694	0
695	2
696	0
697	2
698	0
699	3
700	0
701	2
702	0
703	3
704	0
705	2
706	0
707	3
708	1
709	3
710	1
711	4
712	0
713	3
714	0
715	1
716	0
717	2
718	1
719	3
720	0
721	1
722	1
723	2
724	0
725	2
726	0
727	2
728	0
729	3
730	0
731	2
732	0
733	3
734	0
735	2
736	0
737	1
738	0
739	1
740	1
741	3
742	0
743	2
744	0
745	1
746	0
747	1
748	0
749	2
750	0
751	2
752	0
753	0
754	0
755	3
756	0
757	1
758	0
759	1
760	0
761	0
762	0
763	3
764	1
765	3
766	1
767	4
768	2
769	2
770	1
771	3
772	1
773	3
774	1
775	1
776	1
777	2
778	0
779	2
780	0
781	2
782	0
783	0
784	0
785	0
786	0
787	1
788	0
789	1
790	0
791	1
792	0
793	1
794	0
795	1
796	0
797	0
798	0
799	1
800	0
801	3
802	0
803	1
804	0
805	2
806	0
807	1
808	0
809	1
810	0
811	1
812	0
813	2
814	0
815	1
816	0
817	0
818	0
819	0
820	0
821	0
822	0
823	2
824	0
825	1
826	0
827	2
828	0
829	2
830	0
831	1
832	0
833	1
834	0
835	2
836	0
837	1
838	0
839	0
840	0
841	1
842	0
843	1
844	0
845	0
846	0
847	1
848	0
849	1
850	0
851	1
852	0
853	2
854	0
855	0
856	0
857	1
858	0
859	1
860	0
861	1
862	0
863	2
864	0
865	2
866	0
867	2
868	0
869	2
870	0
871	1
872	1
873	2
874	0
875	2
876	0
877	1
878	0
879	1
880	0
881	1
882	0
883	2
884	0
885	2
886	0
887	2
888	0
889	1
890	0
891	0
892	0
893	1
894	0
895	1
896	0
897	0
898	0
899	1
900	0
901	1
902	0
903	1
904	0
905	0
906	0
907	1
908	0
909	1
910	0
911	1
912	0
913	0
914	0
915	0
916	0
917	0
918	0
919	0
920	0
921	1
922	0
923	1
924	0
925	0
926	0
927	0
928	0
929	1
930	0
931	0
932	0
933	1
934	0
935	1
936	0
937	0
938	0
939	0
940	1
941	1
942	0
943	1
944	0
945	1
946	0
947	0
948	0
949	1
950	1
951	0
952	0
953	2
954	0
955	1
956	0
957	2
958	0
959	1
960	1
961	1
962	1
963	1
964	1
965	1
966	0
967	0
968	0
969	1
970	0
971	0
972	0
973	1
974	0
975	1
976	0
977	0
978	0
979	2
980	0
981	2
982	0
983	0
984	0
985	0
986	0
987	0
988	0
989	2
990	0
991	2
992	0
993	1
994	0
995	0
996	0
997	0
998	0
999	1
1000	0
1001	0
1002	0
1003	1
1004	0
1005	1
1006	0
1007	1
1008	0
1009	1
1010	0
1011	1
1012	0
1013	0
1014	0
1015	1
1016	0
1017	1
1018	0
1019	1
1020	0
1021	1
1022	0
1023	1
1024	0
1025	1
1026	0
1027	1
1028	0
1029	1
1030	0
1031	2
1032	0
1033	1
1034	0
1035	0
1036	0
1037	2
1038	0
1039	0
1040	0
1041	0
1042	0
1043	0
1044	0
1045	1
1046	0
1047	1
1048	0
1049	0
1050	0
1051	1
1052	0
1053	1
1054	0
1055	2
1056	0
1057	1
1058	0
1059	1
1060	0
1061	2
1062	0
1063	1
1064	0
1065	1
1066	0
1067	0
1068	0
1069	0
1070	0
1071	0
1072	0
1073	1
1074	0
1075	1
1076	0
1077	1
1078	0
1079	1
1080	0
1081	1
1082	0
1083	3
1084	0
1085	2
1086	0
1087	1
1088	0
1089	0
1090	0
1091	1
1092	0
1093	1
1094	0
1095	1
1096	0
1097	1
1098	0
1099	1
1100	0
1101	0
1102	0
1103	1
1104	0
1105	1
1106	0
1107	1
1108	0
1109	0
1110	0
1111	1
1112	0
1113	1
1114	0
1115	1
1116	0
1117	1
1118	0
1119	1
1120	0
1121	0
1122	0
1123	0
1124	0
1125	0
1126	0
1127	0
1128	0
1129	0
1130	0
1131	0
1132	0
1133	0
1134	0
1135	1
1136	0
1137	0
1138	0
1139	1
1140	0
1141	1
1142	0
1143	1
1144	0
1145	2
1146	0
1147	2
1148	0
1149	2
1150	0
1151	1
1152	0
1153	1
1154	0
1155	2
1156	0
1157	2
1158	0
1159	1
1160	0
1161	1
1162	0
1163	1
1164	0
1165	1
1166	0
1167	1
1168	0
1169	1
1170	0
1171	0
1172	0
1173	1
1174	0
1175	2
1176	0
1177	2
1178	0
1179	3
1180	2
1181	2
1182	1
1183	2
1184	2
1185	3
1186	2
1187	4
1188	2
1189	3
1190	2
1191	4
1192	3
1193	3
1194	1
1195	4
1196	2
1197	4
1198	2
1199	3
1200	2
1201	2
1202	2
1203	3
1204	1
1205	3
1206	1
1207	3
1208	1
1209	2
1210	0
1211	3
1212	1
1213	2
1214	1
1215	2
1216	1
1217	2
1218	1
1219	2
1220	1
1221	2
1222	1
1223	1
1224	1
1225	3
1226	1
1227	2
1228	0
1229	1
1230	2
1231	2
1232	1
1233	4
1234	0
1235	3
1236	0
1237	3
1238	1
1239	3
1240	0
1241	2
1242	1
1243	2
1244	0
1245	4
1246	1
1247	2
1248	1
1249	2
1250	1
1251	4
1252	0
1253	3
1254	0
1255	2
1256	1
1257	1
1258	0
1259	2
1260	0
1261	2
1262	1
1263	0
1264	1
1265	2
1266	0
1267	2
1268	0
1269	1
1270	0
1271	1
1272	1
1273	1
1274	0
1275	2
1276	0
1277	1
1278	0
1279	1
1280	1
1281	2
1282	0
1283	1
1284	0
1285	2
1286	1
1287	2
1288	0
1289	1
1290	0
1291	1
1292	0
1293	1
1294	0
1295	1
1296	0
1297	1
1298	0
1299	2
1300	1
1301	1
1302	0
1303	1
1304	0
1305	1
1306	0
1307	2
1308	0
1309	1
1310	0
1311	0
1312	0
1313	1
1314	0
1315	0
1316	0
1317	0
1318	0
1319	1
1320	0
1321	1
1322	0
1323	1
1324	0
1325	1
1326	0
1327	1
1328	0
1329	1
1330	0
1331	2
1332	0
1333	1
1334	0
1335	2
1336	0
1337	1
1338	1
1339	2
1340	0
1341	3
1342	0
1343	1
1344	0
1345	1
1346	0
1347	1
1348	0
1349	1
1350	0
1351	1
1352	0
1353	2
1354	0
1355	1
1356	0
1357	2
1358	0
1359	2
1360	0
1361	1
1362	0
1363	2
1364	0
1365	1
1366	0
1367	2
1368	0
1369	2
1370	0
1371	2
1372	0
1373	2
1374	0
1375	3
1376	0
1377	3
1378	0
1379	3
1380	0
1381	2
1382	0
1383	3
1384	0
1385	3
1386	0
1387	3
1388	0
1389	2
1390	1
1391	1
1392	1
1393	1
1394	0
1395	2
1396	0
1397	0
1398	0
1399	0
1400	0
1401	0
1402	0
1403	1
1404	0
1405	2
1406	0
1407	3
1408	0
1409	2
1410	0
1411	0
1412	0
1413	2
1414	0
1415	2
1416	0
1417	1
1418	0
1419	1
1420	0
1421	1
1422	0
1423	2
1424	1
1425	3
1426	0
1427	1
1428	0
1429	1
1430	0
1431	1
1432	0
1433	3
1434	0
1435	3
1436	0
1437	2
1438	0
1439	3
1440	1
1441	2
1442	2
1443	2
1444	2
1445	2
1446	1
1447	5
1448	2
1449	4
1450	1
1451	4
1452	1
1453	4
1454	1
1455	5
1456	2
1457	4
1458	2
1459	3
1460	1
1461	3
1462	1
1463	3
1464	1
1465	4
1466	2
1467	4
1468	2
1469	4
1470	2
1471	3
1472	2
1473	4
1474	1
1475	4
1476	2
1477	5
1478	2
1479	4
1480	3
1481	4
1482	2
1483	5
1484	2
1485	4
1486	1
1487	3
1488	2
1489	4
1490	1
1491	3
1492	2
1493	4
1494	2
1495	4
1496	1
1497	3
1498	2
1499	4
1500	2
1501	4
1502	2
1503	3
1504	1
1505	2
1506	1
1507	2
1508	0
1509	3
1510	0
1511	3
1512	0
1513	3
1514	0
1515	2
1516	0
1517	2
1518	0
1519	2
1520	0
1521	3
1522	0
1523	2
1524	0
1525	2
1526	0
1527	3
1528	1
1529	3
1530	1
1531	2
1532	0
1533	4
1534	1
1535	2
1536	1
1537	1
1538	0
1539	2
1540	0
1541	1
1542	0
1543	2
1544	0
1545	1
1546	0
1547	2
1548	0
1549	1
1550	0
1551	2
1552	0
1553	2
1554	0
1555	2
1556	0
1557	2
1558	0
1559	1
1560	0
1561	1
1562	1
1563	2
1564	0
1565	2
1566	0
1567	3
1568	0
1569	2
1570	1
1571	3
1572	0
1573	2
1574	0
1575	3
1576	0
1577	4
1578	0
1579	2
1580	0
1581	3
1582	0
1583	3
1584	1
1585	3
1586	0
1587	1
1588	0
1589	2
1590	0
1591	2
1592	0
1593	2
1594	0
1595	2
1596	0
1597	3
1598	0
1599	2
1600	0
1601	2
1602	0
1603	3
1604	1
1605	3
1606	0
1607	3
1608	1
1609	3
1610	1
1611	2
1612	0
1613	4
1614	0
1615	3
1616	0
1617	3
1618	0
1619	2
1620	0
1621	3
1622	0
1623	2
1624	0
1625	3
1626	0
1627	2
1628	1
1629	3
1630	0
1631	2
1632	0
1633	3
1634	0
1635	2
1636	0
1637	2
1638	0
1639	2
1640	1
1641	4
1642	0
1643	4
1644	0
1645	2
1646	1
1647	4
1648	0
1649	3
1650	0
1651	3
1652	0
1653	3
1654	0
1655	2
1656	0
1657	2
1658	0
1659	1
1660	0
1661	2
1662	0
1663	2
1664	0
1665	3
1666	0
1667	1
1668	1
1669	2
1670	1
1671	3
1672	0
1673	3
1674	0
1675	3
1676	0
1677	3
1678	1
1679	4
1680	1
1681	4
1682	0
1683	3
1684	0
1685	1
1686	1
1687	1
1688	0
1689	1
1690	0
1691	2
1692	0
1693	3
1694	0
1695	2
1696	1
1697	2
1698	1
1699	2
1700	1
1701	2
1702	0
1703	3
1704	1
1705	3
1706	1
1707	3
1708	0
1709	3
1710	0
1711	4
1712	1
1713	2
1714	1
1715	2
1716	1
1717	3
1718	0
1719	3
1720	1
1721	3
1722	0
1723	4
1724	0
1725	2
1726	0
1727	4
1728	0
1729	3
1730	0
1731	3
1732	0
1733	2
1734	0
1735	2
1736	0
1737	2
1738	0
1739	3
1740	1
1741	2
1742	1
1743	3
1744	0
1745	3
1746	1
1747	3
1748	0
1749	4
1750	0
1751	2
1752	0
1753	3
1754	1
1755	3
1756	0
1757	3
1758	0
1759	1
1760	0
1761	2
1762	0
1763	2
1764	0
1765	2
1766	0
1767	2
1768	0
1769	2
1770	0
1771	2
1772	0
1773	3
1774	0
1775	2
1776	1
1777	3
1778	0
1779	3
1780	0
1781	3
1782	0
1783	1
1784	0
1785	2
1786	1
1787	4
1788	2
1789	4
1790	1
1791	4
1792	1
1793	3
1794	1
1795	3
1796	2
1797	2
1798	1
1799	3
1800	1
1801	4
1802	0
1803	4
1804	1
1805	4
1806	2
1807	4
1808	1
1809	3
1810	1
1811	3
1812	1
1813	4
1814	1
1815	3
1816	1
1817	2
1818	1
1819	2
1820	0
1821	3
1822	0
1823	3
1824	0
1825	2
1826	1
1827	2
1828	0
1829	4
1830	0
1831	3
1832	0
1833	3
1834	0
1835	2
1836	0
1837	1
1838	0
1839	3
1840	0
1841	3
1842	0
1843	3
1844	0
1845	4
1846	0
1847	4
1848	0
1849	4
1850	0
1851	4
1852	0
1853	4
1854	0
1855	4
1856	1
1857	4
1858	1
1859	4
1860	2
1861	4
1862	3
1863	3
1864	2
1865	3
1866	1
1867	3
1868	1
1869	4
1870	1
1871	2
1872	1
1873	3
1874	0
1875	4
1876	1
1877	3
1878	0
1879	3
1880	1
1881	4
1882	1
1883	3
1884	0
1885	1
1886	0
1887	2
1888	1
1889	2
1890	1
1891	2
1892	1
1893	3
1894	0
1895	2
1896	0
1897	3
1898	1
1899	4
1900	0
1901	2
1902	0
1903	2
1904	1
1905	3
1906	0
1907	3
1908	0
1909	2
1910	1
1911	3
1912	1
1913	4
1914	1
1915	2
1916	1
1917	2
1918	0
1919	3
1920	1
1921	4
1922	0
1923	4
1924	2
1925	4
1926	2
1927	4
1928	1
1929	4
1930	1
1931	3
1932	1
1933	1
1934	0
1935	2
1936	0
1937	3
1938	0
1939	2
1940	0
1941	4
1942	0
1943	4
1944	0
1945	1
1946	0
1947	3
1948	1
1949	2
1950	0
1951	2
1952	0
1953	2
1954	0
1955	2
1956	0
1957	3
1958	0
1959	4
1960	0
1961	4
1962	0
1963	3
1964	0
1965	4
1966	0
1967	4
1968	0
1969	4
1970	0
1971	4
1972	1
1973	2
1974	0
1975	4
1976	0
1977	4
1978	1
1979	4
1980	1
1981	4
1982	1
1983	3
1984	1
1985	5
1986	2
1987	5
1988	2
1989	5
1990	2
1991	4
1992	3
1993	5
1994	3
1995	6
1996	4
1997	5
1998	3
1999	4
