0	2
1	6
2	3
3	8
4	4
5	3
6	3
7	6
8	3
9	5
10	3
11	5
12	3
13	6
14	2
15	5
16	2
17	4
18	3
19	3
20	2
21	4
22	2
23	4
24	3
25	6
26	2
27	4
28	3
29	3
30	3
31	3
32	3
33	4
34	2
35	4
36	1
37	4
38	1
39	4
40	2
41	5
42	3
43	7
44	4
45	5
46	2
47	6
48	4
49	5
50	3
51	6
52	2
53	6
54	2
55	6
56	3
57	6
58	3
59	5
60	4
61	5
62	3
63	5
64	4
65	6
66	3
67	5
68	3
69	6
70	4
71	6
72	5
73	6
74	3
75	6
76	4
77	6
78	3
79	7
80	2
81	6
82	2
83	7
84	2
85	5
86	4
87	5
88	4
89	5
90	4
91	5
92	3
93	5
94	4
95	6
96	4
97	6
98	3
99	5
100	3
101	4
102	3
103	4
104	3
105	5
106	3
107	5
108	3
109	6
110	1
111	7
112	3
113	6
114	2
115	6
116	4
117	6
118	2
119	5
120	2
121	5
122	3
123	6
124	2
125	7
126	2
127	4
128	3
129	5
130	4
131	6
132	5
133	5
134	4
135	5
136	3
137	5
138	3
139	6
140	2
141	7
142	2
143	5
144	2
145	5
146	2
147	5
148	3
149	5
150	3
151	4
152	2
153	4
154	4
155	3
156	3
157	4
158	4
159	4
160	2
161	5
162	1
163	4
164	3
165	5
166	3
167	6
168	3
169	6
170	4
171	4
172	4
173	5
174	3
175	5
176	2
177	5
178	2
179	5
180	3
181	5
182	2
183	5
184	2
185	5
186	3
187	5
188	4
189	4
190	6
191	6
192	4
193	5
194	4
195	5
196	3
197	7
198	3
199	4
200	3
201	5
202	4
203	5
204	3
205	5
206	3
207	6
208	3
209	5
210	4
211	4
212	2
213	6
214	4
215	5
216	4
217	5
218	4
219	7
220	3
221	5
222	3
223	6
224	3
225	6
226	4
227	6
228	3
229	5
230	3
231	6
232	3
233	6
234	3
235	5
236	3
237	6
238	1
239	6
240	2
241	5
242	6
243	7
244	3
245	6
246	3
247	5
248	2
249	5
250	4
251	5
252	4
253	6
254	3
255	5
256	2
257	6
258	3
259	4
260	3
261	5
262	3
263	4
264	3
265	4
266	3
267	5
268	3
269	4
270	3
271	6
272	3
273	5
274	2
275	4
276	2
277	5
278	4
279	4
280	3
281	4
282	3
283	5
284	1
285	4
286	2
287	4
288	3
289	4
290	2
291	4
292	3
293	5
294	4
295	4
296	3
297	3
298	2
299	4
300	2
301	5
302	2
303	5
304	2
305	5
306	3
307	5
308	1
309	4
310	4
311	5
312	3
313	6
314	2
315	5
316	4
317	5
318	3
319	4
320	5
321	6
322	4
323	6
324	4
325	6
326	4
327	6
328	3
329	6
330	3
331	6
332	3
333	6
334	2
335	6
336	4
337	5
338	5
339	7
340	4
341	8
342	3
343	9
344	3
345	6
346	5
347	8
348	3
349	7
350	5
351	8
352	4
353	6
354	4
355	6
356	2
357	6
358	3
359	4
360	3
361	5
362	4
363	5
364	2
365	4
366	2
367	7
368	2
369	4
370	2
371	4
372	2
373	5
374	1
375	4
376	2
377	6
378	2
379	4
380	3
381	5
382	2
383	5
384	3
385	7
386	4
387	4
388	4
389	5
390	3
391	4
392	3
393	5
394	3
395	5
396	4
397	6
398	5
399	7
400	4
401	5
402	4
403	7
404	4
405	7
406	4
407	8
408	4
409	7
410	4
411	7
412	3
413	4
414	2
415	5
416	3
417	5
418	4
419	6
420	4
421	6
422	6
423	6
424	4
425	6
426	4
427	7
428	3
429	7
430	3
431	6
432	4
433	5
434	4
435	9
436	5
437	10
438	6
439	11
440	8
441	13
442	11
443	13
444	13
445	17
446	15
447	19
448	20
449	24
450	24
451	28
452	27
453	31
454	31
455	33
456	34
457	37
458	36
459	39
460	38
461	44
462	43
463	46
464	45
465	48
466	46
467	50
468	49
469	52
470	52
471	54
472	54
473	55
474	54
475	59
476	58
477	60
478	60
479	61
480	62
481	62
482	63
483	65
484	65
485	66
486	65
487	67
488	65
489	67
490	68
491	68
492	67
493	70
494	70
495	72
496	71
497	72
498	72
499	78
500	62
501	74
502	69
503	70
504	69
505	68
506	68
507	70
508	69
509	70
510	67
511	69
512	66
513	65
514	64
515	63
516	62
517	63
518	61
519	62
520	59
521	59
522	57
523	57
524	53
525	53
526	51
527	52
528	50
529	50
530	49
531	49
532	47
533	49
534	44
535	47
536	42
537	44
538	41
539	41
540	39
541	39
542	37
543	37
544	34
545	33
546	32
547	31
548	30
549	29
550	27
551	29
552	27
553	27
554	27
555	26
556	26
557	26
558	24
559	24
560	23
561	23
562	21
563	21
564	19
565	19
566	17
567	18
568	16
569	17
570	16
571	17
572	14
573	15
574	13
575	14
576	11
577	13
578	9
579	11
580	8
581	10
582	8
583	11
584	7
585	8
586	7
587	8
588	6
589	7
590	7
591	8
592	6
593	7
594	6
595	6
596	6
597	7
598	6
599	6
600	4
601	8
602	4
603	6
604	5
605	6
606	4
607	5
608	3
609	6
610	4
611	4
612	3
613	4
614	3
615	5
616	3
617	4
618	3
619	5
620	3
621	4
622	2
623	4
624	3
625	3
626	2
627	3
628	2
629	4
630	3
631	4
632	2
633	3
634	2
635	3
636	3
637	2
638	3
639	3
640	2
641	3
642	2
643	2
644	2
645	3
646	2
647	2
648	2
649	4
650	1
651	2
652	2
653	2
654	2
655	2
656	1
657	2
658	0
659	3
660	2
661	3
662	1
663	3
664	2
665	4
666	2
667	2
668	2
669	2
670	3
671	2
672	2
673	3
674	1
675	2
676	1
677	3
678	2
679	3
680	2
681	1
682	2
683	1
684	1
685	0
686	1
687	1
688	0
689	0
690	0
691	1
692	1
693	1
694	0
695	1
696	0
697	2
698	0
699	2
700	0
701	1
702	0
703	2
704	0
705	0
706	0
707	1
708	0
709	1
710	1
711	1
712	0
713	2
714	1
715	2
716	0
717	2
718	0
719	2
720	0
721	1
722	1
723	2
724	1
725	1
726	1
727	1
728	1
729	3
730	1
731	2
732	0
733	2
734	1
735	2
736	1
737	2
738	0
739	2
740	0
741	2
742	1
743	1
744	0
745	0
746	0
747	0
748	0
749	1
750	1
751	1
752	1
753	2
754	0
755	1
756	1
757	2
758	0
759	2
760	0
761	2
762	1
763	1
764	1
765	1
766	0
767	1
768	0
769	1
770	1
771	0
772	0
773	2
774	0
775	1
776	0
777	1
778	0
779	0
780	0
781	1
782	0
783	1
784	0
785	1
786	0
787	1
788	0
789	0
790	0
791	0
792	0
793	0
794	0
795	2
796	0
797	1
798	0
799	0
800	1
801	1
802	0
803	2
804	0
805	2
806	1
807	2
808	0
809	1
810	0
811	1
812	0
813	1
814	0
815	0
816	0
817	0
818	0
819	1
820	0
821	1
822	0
823	1
824	0
825	0
826	0
827	0
828	0
829	0
830	0
831	0
832	0
833	0
834	0
835	1
836	0
837	3
838	0
839	2
840	0
841	1
842	1
843	1
844	1
845	1
846	1
847	2
848	0
849	1
850	0
851	1
852	0
853	0
854	2
855	2
856	0
857	2
858	0
859	1
860	1
861	1
862	0
863	1
864	0
865	1
866	0
867	0
868	0
869	1
870	0
871	0
872	0
873	0
874	0
875	0
876	0
877	1
878	0
879	1
880	0
881	2
882	0
883	0
884	0
885	1
886	0
887	1
888	0
889	0
890	0
891	0
892	0
893	0
894	0
895	1
896	0
897	1
898	0
899	0
900	0
901	0
902	0
903	0
904	1
905	0
906	1
907	1
908	0
909	0
910	0
911	1
912	1
913	1
914	0
915	2
916	0
917	1
918	1
919	1
920	1
921	1
922	1
923	1
924	0
925	1
926	1
927	2
928	2
929	3
930	2
931	2
932	1
933	3
934	1
935	2
936	2
937	2
938	2
939	3
940	2
941	3
942	2
943	3
944	2
945	2
946	2
947	2
948	1
949	3
950	1
951	2
952	1
953	1
954	2
955	2
956	1
957	2
958	2
959	3
960	3
961	1
962	1
963	1
964	1
965	1
966	1
967	2
968	1
969	2
970	1
971	1
972	0
973	3
974	1
975	2
976	1
977	1
978	1
979	1
980	1
981	1
982	1
983	2
984	1
985	1
986	1
987	3
988	1
989	2
990	1
991	1
992	1
993	2
994	1
995	1
996	1
997	1
998	0
999	1
1000	0
1001	1
1002	0
1003	0
1004	0
1005	0
1006	0
1007	0
1008	0
1009	0
1010	0
1011	0
1012	0
1013	1
1014	0
1015	1
1016	0
1017	1
1018	0
1019	1
1020	0
1021	0
1022	0
1023	0
1024	0
1025	0
1026	0
1027	1
1028	0
1029	1
1030	0
1031	0
1032	0
1033	0
1034	0
1035	0
1036	0
1037	0
1038	0
1039	0
1040	0
1041	0
1042	0
1043	0
1044	0
1045	0
1046	1
1047	0
1048	0
1049	1
1050	0
1051	2
1052	0
1053	0
1054	0
1055	0
1056	0
1057	1
1058	0
1059	0
1060	0
1061	0
1062	0
1063	0
1064	0
1065	0
1066	0
1067	0
1068	0
1069	0
1070	0
1071	0
1072	0
1073	0
1074	0
1075	0
1076	0
1077	1
1078	0
1079	0
1080	0
1081	0
1082	0
1083	1
1084	0
1085	0
1086	0
1087	0
1088	0
1089	0
1090	0
1091	1
1092	1
1093	1
1094	0
1095	1
1096	1
1097	0
1098	1
1099	1
1100	1
1101	1
1102	0
1103	1
1104	1
1105	1
1106	0
1107	0
1108	1
1109	0
1110	0
1111	1
1112	0
1113	1
1114	0
1115	1
1116	0
1117	1
1118	0
1119	0
1120	1
1121	2
1122	1
1123	1
1124	0
1125	0
1126	1
1127	0
1128	0
1129	0
1130	0
1131	0
1132	0
1133	1
1134	0
1135	1
1136	0
1137	1
1138	0
1139	0
1140	0
1141	0
1142	0
1143	0
1144	0
1145	0
1146	0
1147	0
1148	0
1149	0
1150	0
1151	1
1152	0
1153	0
1154	0
1155	2
1156	0
1157	1
1158	0
1159	1
1160	0
1161	2
1162	1
1163	1
1164	0
1165	2
1166	0
1167	0
1168	1
1169	0
1170	0
1171	0
1172	0
1173	0
1174	0
1175	0
1176	0
1177	0
1178	0
1179	0
1180	0
1181	0
1182	0
1183	1
1184	0
1185	0
1186	0
1187	0
1188	0
1189	0
1190	0
1191	0
1192	0
1193	0
1194	0
1195	1
1196	1
1197	0
1198	1
1199	2
1200	0
1201	1
1202	0
1203	1
1204	0
1205	1
1206	0
1207	1
1208	1
1209	1
1210	1
1211	2
1212	0
1213	1
1214	0
1215	0
1216	0
1217	1
1218	0
1219	1
1220	0
1221	1
1222	0
1223	1
1224	0
1225	0
1226	0
1227	0
1228	0
1229	2
1230	0
1231	1
1232	0
1233	1
1234	0
1235	2
1236	0
1237	0
1238	0
1239	0
1240	0
1241	0
1242	0
1243	1
1244	0
1245	1
1246	0
1247	1
1248	1
1249	1
1250	1
1251	0
1252	0
1253	2
1254	0
1255	1
1256	0
1257	0
1258	0
1259	1
1260	0
1261	2
1262	0
1263	2
1264	0
1265	2
1266	0
1267	2
1268	1
1269	1
1270	0
1271	0
1272	0
1273	2
1274	0
1275	1
1276	0
1277	1
1278	0
1279	1
1280	0
1281	2
1282	0
1283	1
1284	0
1285	1
1286	0
1287	1
1288	0
1289	1
1290	0
1291	1
1292	0
1293	1
1294	1
1295	1
1296	0
1297	1
1298	0
1299	2
1300	0
1301	2
1302	0
1303	1
1304	0
1305	2
1306	0
1307	0
1308	0
1309	1
1310	1
1311	1
1312	1
1313	2
1314	1
1315	2
1316	0
1317	1
1318	0
1319	3
1320	0
1321	2
1322	0
1323	1
1324	0
1325	1
1326	0
1327	1
1328	0
1329	1
1330	0
1331	1
1332	0
1333	0
1334	0
1335	1
1336	1
1337	0
1338	0
1339	1
1340	0
1341	1
1342	1
1343	1
1344	0
1345	1
1346	0
1347	1
1348	0
1349	1
1350	0
1351	1
1352	1
1353	2
1354	1
1355	1
1356	1
1357	2
1358	1
1359	1
1360	1
1361	1
1362	1
1363	2
1364	2
1365	3
1366	2
1367	2
1368	2
1369	2
1370	2
1371	3
1372	2
1373	2
1374	2
1375	2
1376	2
1377	3
1378	2
1379	2
1380	1
1381	3
1382	2
1383	3
1384	2
1385	3
1386	2
1387	3
1388	2
1389	4
1390	1
1391	3
1392	2
1393	3
1394	1
1395	2
1396	2
1397	3
1398	2
1399	2
1400	2
1401	2
1402	2
1403	2
1404	2
1405	3
1406	1
1407	2
1408	1
1409	3
1410	1
1411	3
1412	1
1413	4
1414	1
1415	3
1416	1
1417	3
1418	0
1419	2
1420	0
1421	2
1422	2
1423	2
1424	1
1425	1
1426	0
1427	2
1428	0
1429	2
1430	0
1431	1
1432	0
1433	1
1434	1
1435	1
1436	0
1437	0
1438	1
1439	1
1440	0
1441	1
1442	1
1443	1
1444	1
1445	1
1446	0
1447	1
1448	0
1449	1
1450	0
1451	2
1452	1
1453	4
1454	1
1455	2
1456	1
1457	2
1458	1
1459	2
1460	1
1461	1
1462	1
1463	2
1464	1
1465	2
1466	1
1467	2
1468	2
1469	2
1470	2
1471	1
1472	1
1473	2
1474	0
1475	2
1476	0
1477	1
1478	0
1479	1
1480	0
1481	1
1482	0
1483	1
1484	0
1485	0
1486	0
1487	0
1488	0
1489	0
1490	0
1491	0
1492	0
1493	1
1494	0
1495	0
1496	0
1497	1
1498	0
1499	1
1500	0
1501	0
1502	1
1503	2
1504	1
1505	3
1506	1
1507	2
1508	1
1509	2
1510	1
1511	1
1512	2
1513	3
1514	1
1515	2
1516	1
1517	2
1518	0
1519	1
1520	0
1521	2
1522	1
1523	2
1524	2
1525	1
1526	1
1527	1
1528	1
1529	2
1530	0
1531	2
1532	1
1533	1
1534	1
1535	2
1536	1
1537	1
1538	1
1539	2
1540	2
1541	2
1542	0
1543	1
1544	1
1545	2
1546	2
1547	1
1548	2
1549	2
1550	1
1551	2
1552	1
1553	2
1554	1
1555	2
1556	1
1557	2
1558	1
1559	1
1560	1
1561	1
1562	1
1563	1
1564	1
1565	3
1566	1
1567	1
1568	2
1569	1
1570	1
1571	1
1572	2
1573	2
1574	1
1575	4
1576	1
1577	1
1578	1
1579	2
1580	1
1581	1
1582	1
1583	1
1584	0
1585	3
1586	0
1587	2
1588	1
1589	2
1590	0
1591	1
1592	1
1593	2
1594	0
1595	2
1596	0
1597	2
1598	0
1599	2
1600	1
1601	1
1602	0
1603	2
1604	0
1605	1
1606	0
1607	1
1608	0
1609	1
1610	0
1611	2
1612	0
1613	1
1614	0
1615	1
1616	1
1617	2
1618	0
1619	1
1620	0
1621	1
1622	0
1623	1
1624	0
1625	1
1626	1
1627	3
1628	0
1629	2
1630	0
1631	1
1632	0
1633	2
1634	0
1635	2
1636	0
1637	1
1638	0
1639	2
1640	1
1641	1
1642	1
1643	3
1644	0
1645	2
1646	0
1647	2
1648	2
1649	4
1650	0
1651	3
1652	1
1653	2
1654	1
1655	3
1656	0
1657	2
1658	1
1659	3
1660	1
1661	2
1662	0
1663	2
1664	0
1665	2
1666	0
1667	1
1668	1
1669	1
1670	1
1671	2
1672	0
1673	3
1674	1
1675	2
1676	1
1677	1
1678	0
1679	2
1680	0
1681	1
1682	1
1683	2
1684	0
1685	3
1686	1
1687	2
1688	1
1689	1
1690	0
1691	1
1692	0
1693	1
1694	0
1695	2
1696	0
1697	0
1698	0
1699	2
1700	0
1701	1
1702	0
1703	1
1704	0
1705	1
1706	0
1707	1
1708	1
1709	2
1710	0
1711	1
1712	0
1713	0
1714	0
1715	1
1716	0
1717	1
1718	0
1719	2
1720	0
1721	1
1722	1
1723	2
1724	1
1725	3
1726	1
1727	3
1728	2
1729	3
1730	1
1731	3
1732	1
1733	3
1734	2
1735	3
1736	1
1737	2
1738	1
1739	3
1740	1
1741	2
1742	0
1743	2
1744	0
1745	3
1746	1
1747	3
1748	1
1749	2
1750	0
1751	2
1752	1
1753	2
1754	1
1755	3
1756	0
1757	3
1758	0
1759	3
1760	0
1761	2
1762	2
1763	3
1764	2
1765	3
1766	1
1767	3
1768	1
1769	3
1770	1
1771	4
1772	1
1773	3
1774	1
1775	3
1776	1
1777	1
1778	1
1779	2
1780	0
1781	1
1782	1
1783	3
1784	1
1785	1
1786	0
1787	1
1788	0
1789	1
1790	0
1791	2
1792	0
1793	2
1794	0
1795	0
1796	0
1797	1
1798	1
1799	1
1800	0
1801	3
1802	0
1803	1
1804	0
1805	2
1806	0
1807	0
1808	1
1809	1
1810	1
1811	1
1812	0
1813	2
1814	1
1815	2
1816	1
1817	3
1818	0
1819	3
1820	1
1821	2
1822	0
1823	2
1824	0
1825	2
1826	1
1827	2
1828	1
1829	3
1830	1
1831	3
1832	2
1833	3
1834	1
1835	3
1836	1
1837	3
1838	0
1839	4
1840	2
1841	3
1842	2
1843	4
1844	2
1845	4
1846	2
1847	5
1848	2
1849	4
1850	1
1851	3
1852	1
1853	4
1854	2
1855	3
1856	1
1857	3
1858	3
1859	3
1860	2
1861	2
1862	2
1863	3
1864	2
1865	4
1866	0
1867	3
1868	0
1869	2
1870	1
1871	2
1872	1
1873	2
1874	0
1875	4
1876	0
1877	3
1878	0
1879	1
1880	0
1881	1
1882	0
1883	2
1884	1
1885	2
1886	1
1887	3
1888	1
1889	2
1890	1
1891	1
1892	1
1893	3
1894	1
1895	2
1896	1
1897	1
1898	1
1899	2
1900	0
1901	1
1902	1
1903	3
1904	0
1905	2
1906	0
1907	2
1908	1
1909	2
1910	0
1911	2
1912	0
1913	3
1914	1
1915	2
1916	2
1917	2
1918	1
1919	2
1920	0
1921	3
1922	1
1923	3
1924	1
1925	3
1926	1
1927	1
1928	2
1929	2
1930	1
1931	1
1932	1
1933	2
1934	1
1935	2
1936	0
1937	2
1938	1
1939	2
1940	1
1941	4
1942	1
1943	2
1944	0
1945	2
1946	2
1947	3
1948	2
1949	4
1950	2
1951	4
1952	1
1953	3
1954	2
1955	4
1956	1
1957	1
1958	1
1959	1
1960	2
1961	1
1962	2
1963	4
1964	2
1965	3
1966	2
1967	3
1968	2
1969	3
1970	1
1971	2
1972	2
1973	2
1974	1
1975	3
1976	2
1977	3
1978	2
1979	2
1980	1
1981	4
1982	0
1983	3
1984	1
1985	2
1986	0
1987	4
1988	1
1989	3
1990	1
1991	2
1992	2
1993	4
1994	0
1995	3
1996	1
1997	1
1998	0
1999	1
