0	3
1	4
2	3
3	6
4	2
5	3
6	2
7	2
8	2
9	4
10	1
11	3
12	1
13	3
14	2
15	2
16	3
17	3
18	2
19	2
20	3
21	2
22	2
23	3
24	2
25	1
26	2
27	1
28	2
29	2
30	2
31	3
32	2
33	1
34	3
35	3
36	3
37	1
38	2
39	2
40	3
41	2
42	3
43	2
44	2
45	2
46	4
47	2
48	3
49	3
50	4
51	5
52	4
53	2
54	4
55	3
56	2
57	3
58	2
59	2
60	0
61	1
62	2
63	1
64	2
65	1
66	3
67	2
68	2
69	4
70	3
71	3
72	3
73	3
74	3
75	3
76	3
77	2
78	2
79	3
80	2
81	4
82	4
83	4
84	1
85	5
86	3
87	2
88	3
89	4
90	2
91	5
92	2
93	5
94	3
95	4
96	4
97	4
98	4
99	6
100	2
101	4
102	5
103	4
104	4
105	4
106	5
107	5
108	4
109	4
110	4
111	4
112	5
113	4
114	4
115	4
116	3
117	4
118	3
119	3
120	4
121	4
122	4
123	3
124	4
125	4
126	4
127	4
128	4
129	3
130	3
131	3
132	3
133	3
134	4
135	2
136	4
137	3
138	5
139	4
140	3
141	3
142	3
143	3
144	4
145	4
146	3
147	4
148	2
149	3
150	2
151	4
152	3
153	3
154	3
155	3
156	4
157	2
158	2
159	2
160	2
161	3
162	2
163	4
164	3
165	3
166	3
167	3
168	2
169	3
170	3
171	3
172	2
173	1
174	1
175	3
176	4
177	2
178	3
179	2
180	2
181	3
182	2
183	2
184	1
185	3
186	1
187	3
188	1
189	1
190	1
191	2
192	1
193	2
194	1
195	2
196	3
197	3
198	2
199	3
200	2
201	3
202	2
203	3
204	2
205	2
206	3
207	4
208	4
209	4
210	4
211	3
212	3
213	4
214	3
215	4
216	3
217	3
218	4
219	4
220	3
221	4
222	4
223	5
224	4
225	4
226	4
227	4
228	5
229	4
230	4
231	3
232	4
233	3
234	4
235	6
236	5
237	4
238	4
239	5
240	4
241	5
242	5
243	5
244	4
245	4
246	5
247	4
248	4
249	3
250	3
251	3
252	5
253	4
254	4
255	3
256	5
257	4
258	5
259	3
260	4
261	2
262	4
263	3
264	4
265	3
266	2
267	4
268	2
269	4
270	3
271	4
272	3
273	3
274	2
275	3
276	2
277	3
278	3
279	3
280	1
281	3
282	3
283	3
284	3
285	3
286	2
287	3
288	2
289	4
290	2
291	2
292	4
293	3
294	4
295	3
296	5
297	4
298	4
299	6
300	4
301	4
302	4
303	3
304	4
305	3
306	4
307	2
308	4
309	3
310	2
311	3
312	4
313	3
314	3
315	4
316	4
317	3
318	3
319	2
320	3
321	2
322	4
323	2
324	4
325	2
326	3
327	3
328	2
329	2
330	4
331	3
332	3
333	4
334	3
335	3
336	3
337	2
338	3
339	4
340	3
341	4
342	4
343	2
344	3
345	3
346	4
347	4
348	3
349	4
350	4
351	3
352	4
353	5
354	3
355	4
356	4
357	4
358	4
359	5
360	4
361	4
362	4
363	5
364	5
365	6
366	4
367	4
368	4
369	2
370	3
371	4
372	3
373	4
374	4
375	4
376	4
377	4
378	3
379	2
380	4
381	4
382	4
383	4
384	2
385	2
386	2
387	4
388	4
389	3
390	4
391	2
392	3
393	2
394	4
395	2
396	3
397	1
398	2
399	2
400	3
401	2
402	3
403	3
404	3
405	2
406	2
407	2
408	2
409	1
410	2
411	3
412	2
413	3
414	3
415	7
416	5
417	5
418	7
419	8
420	8
421	10
422	11
423	13
424	16
425	18
426	21
427	22
428	25
429	25
430	28
431	31
432	34
433	38
434	39
435	44
436	47
437	49
438	52
439	56
440	58
441	61
442	63
443	66
444	69
445	73
446	74
447	76
448	78
449	82
450	85
451	86
452	88
453	89
454	90
455	92
456	93
457	96
458	97
459	96
460	97
461	99
462	99
463	100
464	100
465	101
466	101
467	101
468	101
469	101
470	100
471	99
472	98
473	98
474	97
475	97
476	95
477	95
478	93
479	92
480	92
481	91
482	90
483	89
484	88
485	87
486	84
487	84
488	83
489	83
490	82
491	80
492	78
493	78
494	74
495	74
496	74
497	76
498	76
499	78
500	62
501	69
502	66
503	66
504	66
505	65
506	66
507	62
508	61
509	61
510	58
511	57
512	56
513	56
514	56
515	56
516	55
517	54
518	49
519	48
520	47
521	46
522	46
523	45
524	44
525	43
526	42
527	41
528	39
529	40
530	38
531	37
532	35
533	34
534	33
535	32
536	32
537	33
538	31
539	30
540	30
541	30
542	28
543	29
544	26
545	25
546	26
547	24
548	23
549	22
550	21
551	20
552	19
553	18
554	17
555	15
556	15
557	15
558	15
559	14
560	12
561	12
562	11
563	13
564	11
565	11
566	10
567	10
568	9
569	9
570	9
571	9
572	7
573	8
574	7
575	6
576	6
577	7
578	5
579	6
580	6
581	5
582	5
583	5
584	4
585	5
586	4
587	4
588	4
589	3
590	4
591	3
592	3
593	3
594	2
595	3
596	3
597	2
598	3
599	2
600	3
601	2
602	2
603	1
604	1
605	2
606	1
607	2
608	0
609	2
610	0
611	0
612	0
613	0
614	0
615	0
616	0
617	0
618	0
619	0
620	0
621	0
622	0
623	0
624	0
625	0
626	0
627	0
628	0
629	0
630	0
631	0
632	0
633	0
634	-1
635	-1
636	-1
637	-1
638	-1
639	-1
640	-1
641	-1
642	-1
643	-1
644	-1
645	0
646	-1
647	0
648	0
649	-1
650	0
651	-1
652	0
653	0
654	0
655	0
656	-1
657	0
658	-1
659	-1
660	-1
661	0
662	0
663	-1
664	0
665	0
666	0
667	0
668	0
669	0
670	0
671	-1
672	0
673	0
674	0
675	0
676	0
677	0
678	0
679	0
680	0
681	0
682	0
683	0
684	0
685	0
686	0
687	0
688	0
689	-1
690	0
691	0
692	0
693	0
694	0
695	0
696	0
697	0
698	-1
699	-1
700	-1
701	-1
702	0
703	-1
704	0
705	-1
706	-1
707	-1
708	0
709	-1
710	-2
711	-1
712	0
713	0
714	-1
715	0
716	0
717	0
718	0
719	0
720	-1
721	0
722	-1
723	0
724	0
725	0
726	0
727	0
728	0
729	0
730	0
731	0
732	0
733	0
734	-1
735	0
736	-1
737	0
738	-1
739	-1
740	-2
741	-1
742	-2
743	-1
744	-1
745	0
746	0
747	0
748	0
749	-1
750	-1
751	-1
752	-1
753	0
754	-1
755	-1
756	0
757	0
758	0
759	0
760	0
761	0
762	0
763	-2
764	0
765	0
766	0
767	0
768	0
769	0
770	0
771	1
772	0
773	0
774	0
775	0
776	0
777	0
778	0
779	1
780	0
781	1
782	0
783	0
784	0
785	0
786	0
787	0
788	0
789	0
790	0
791	1
792	0
793	1
794	0
795	0
796	0
797	0
798	0
799	0
800	1
801	1
802	1
803	0
804	0
805	0
806	0
807	0
808	0
809	1
810	1
811	0
812	0
813	1
814	0
815	1
816	1
817	0
818	1
819	1
820	0
821	0
822	1
823	0
824	0
825	0
826	0
827	0
828	0
829	0
830	0
831	0
832	0
833	0
834	0
835	0
836	0
837	-1
838	0
839	0
840	0
841	0
842	0
843	-1
844	0
845	-1
846	0
847	0
848	0
849	-1
850	0
851	-1
852	0
853	-1
854	-1
855	-1
856	-1
857	0
858	0
859	-1
860	-1
861	-1
862	-1
863	-1
864	-1
865	-1
866	-1
867	-1
868	-2
869	0
870	-2
871	0
872	-1
873	-1
874	-1
875	-1
876	-1
877	-1
878	0
879	0
880	0
881	0
882	0
883	-1
884	0
885	-1
886	0
887	-1
888	-1
889	-2
890	-2
891	-2
892	0
893	-1
894	-1
895	-1
896	-1
897	-1
898	-1
899	-1
900	-1
901	-1
902	-1
903	0
904	-1
905	0
906	-1
907	-1
908	-1
909	-2
910	-1
911	0
912	-1
913	-1
914	-2
915	0
916	-1
917	-1
918	-1
919	0
920	-1
921	0
922	-1
923	0
924	0
925	0
926	-2
927	0
928	0
929	-1
930	0
931	0
932	0
933	0
934	0
935	0
936	0
937	0
938	0
939	0
940	-1
941	0
942	0
943	0
944	0
945	0
946	0
947	0
948	0
949	0
950	-1
951	-1
952	-1
953	0
954	0
955	0
956	-1
957	0
958	-1
959	-1
960	0
961	-1
962	-2
963	-2
964	-1
965	-2
966	0
967	-1
968	-1
969	-1
970	-1
971	-1
972	-1
973	-1
974	-1
975	0
976	-2
977	-1
978	-1
979	-1
980	-1
981	-1
982	-1
983	-1
984	-2
985	-1
986	-1
987	-1
988	0
989	-1
990	0
991	-1
992	-1
993	-1
994	0
995	-1
996	0
997	-1
998	0
999	-1
1000	0
1001	-1
1002	-1
1003	0
1004	0
1005	-1
1006	-1
1007	-1
1008	-1
1009	0
1010	0
1011	0
1012	-1
1013	-2
1014	0
1015	-1
1016	0
1017	0
1018	0
1019	0
1020	0
1021	-1
1022	0
1023	0
1024	0
1025	0
1026	-1
1027	0
1028	0
1029	0
1030	0
1031	0
1032	0
1033	0
1034	0
1035	0
1036	0
1037	0
1038	0
1039	0
1040	0
1041	0
1042	0
1043	0
1044	0
1045	0
1046	-1
1047	-1
1048	-1
1049	-1
1050	-2
1051	-1
1052	-2
1053	0
1054	-1
1055	0
1056	-1
1057	0
1058	-1
1059	-1
1060	-1
1061	0
1062	0
1063	0
1064	0
1065	0
1066	0
1067	0
1068	0
1069	0
1070	0
1071	0
1072	0
1073	0
1074	0
1075	0
1076	0
1077	0
1078	0
1079	0
1080	0
1081	0
1082	0
1083	0
1084	0
1085	0
1086	0
1087	0
1088	0
1089	0
1090	0
1091	0
1092	0
1093	0
1094	-1
1095	0
1096	-1
1097	0
1098	-1
1099	0
1100	-1
1101	-1
1102	-1
1103	-1
1104	-1
1105	0
1106	-1
1107	0
1108	0
1109	-1
1110	0
1111	-1
1112	0
1113	0
1114	0
1115	0
1116	0
1117	0
1118	0
1119	0
1120	0
1121	0
1122	0
1123	0
1124	0
1125	0
1126	0
1127	0
1128	0
1129	0
1130	0
1131	0
1132	0
1133	0
1134	0
1135	0
1136	0
1137	1
1138	0
1139	0
1140	1
1141	0
1142	0
1143	0
1144	0
1145	1
1146	1
1147	1
1148	1
1149	1
1150	1
1151	1
1152	1
1153	1
1154	2
1155	1
1156	2
1157	1
1158	1
1159	2
1160	1
1161	2
1162	2
1163	2
1164	2
1165	2
1166	3
1167	3
1168	2
1169	2
1170	2
1171	2
1172	2
1173	2
1174	2
1175	3
1176	3
1177	3
1178	2
1179	2
1180	1
1181	1
1182	1
1183	2
1184	2
1185	2
1186	2
1187	2
1188	2
1189	1
1190	2
1191	1
1192	1
1193	1
1194	1
1195	1
1196	0
1197	0
1198	0
1199	0
1200	0
1201	0
1202	0
1203	0
1204	0
1205	0
1206	0
1207	0
1208	1
1209	0
1210	0
1211	0
1212	0
1213	0
1214	0
1215	0
1216	0
1217	0
1218	0
1219	0
1220	0
1221	0
1222	0
1223	0
1224	0
1225	0
1226	0
1227	0
1228	0
1229	0
1230	0
1231	-1
1232	0
1233	0
1234	0
1235	0
1236	0
1237	0
1238	0
1239	0
1240	0
1241	0
1242	0
1243	0
1244	0
1245	0
1246	0
1247	0
1248	0
1249	0
1250	0
1251	0
1252	0
1253	0
1254	0
1255	0
1256	0
1257	0
1258	0
1259	0
1260	0
1261	0
1262	0
1263	0
1264	0
1265	0
1266	0
1267	0
1268	0
1269	0
1270	0
1271	0
1272	0
1273	0
1274	0
1275	0
1276	0
1277	1
1278	0
1279	0
1280	0
1281	0
1282	0
1283	0
1284	0
1285	0
1286	0
1287	0
1288	0
1289	0
1290	0
1291	0
1292	0
1293	0
1294	0
1295	0
1296	0
1297	0
1298	0
1299	0
1300	0
1301	0
1302	0
1303	0
1304	0
1305	0
1306	0
1307	0
1308	0
1309	0
1310	0
1311	0
1312	0
1313	0
1314	0
1315	0
1316	0
1317	0
1318	0
1319	0
1320	0
1321	0
1322	0
1323	0
1324	0
1325	0
1326	0
1327	0
1328	0
1329	0
1330	0
1331	0
1332	0
1333	0
1334	0
1335	0
1336	0
1337	0
1338	0
1339	0
1340	0
1341	0
1342	0
1343	0
1344	0
1345	0
1346	0
1347	-1
1348	0
1349	0
1350	0
1351	0
1352	-1
1353	0
1354	0
1355	0
1356	0
1357	0
1358	0
1359	0
1360	0
1361	0
1362	0
1363	0
1364	0
1365	0
1366	0
1367	0
1368	0
1369	0
1370	0
1371	0
1372	0
1373	0
1374	0
1375	0
1376	0
1377	0
1378	0
1379	0
1380	0
1381	0
1382	0
1383	0
1384	0
1385	0
1386	0
1387	0
1388	0
1389	0
1390	0
1391	0
1392	0
1393	0
1394	0
1395	0
1396	0
1397	0
1398	0
1399	0
1400	0
1401	0
1402	0
1403	0
1404	0
1405	0
1406	0
1407	0
1408	0
1409	0
1410	0
1411	0
1412	0
1413	0
1414	0
1415	0
1416	0
1417	0
1418	0
1419	1
1420	0
1421	1
1422	0
1423	0
1424	0
1425	0
1426	0
1427	0
1428	0
1429	0
1430	0
1431	0
1432	0
1433	0
1434	0
1435	0
1436	0
1437	0
1438	0
1439	0
1440	0
1441	0
1442	0
1443	0
1444	0
1445	0
1446	0
1447	0
1448	0
1449	1
1450	0
1451	0
1452	0
1453	0
1454	0
1455	0
1456	0
1457	0
1458	0
1459	0
1460	0
1461	0
1462	0
1463	0
1464	0
1465	0
1466	0
1467	0
1468	0
1469	0
1470	0
1471	0
1472	0
1473	0
1474	0
1475	0
1476	0
1477	1
1478	0
1479	0
1480	0
1481	0
1482	0
1483	0
1484	0
1485	1
1486	0
1487	0
1488	1
1489	1
1490	0
1491	1
1492	1
1493	1
1494	1
1495	0
1496	1
1497	1
1498	0
1499	0
1500	0
1501	2
1502	0
1503	0
1504	0
1505	0
1506	0
1507	0
1508	0
1509	0
1510	0
1511	0
1512	0
1513	0
1514	0
1515	0
1516	0
1517	0
1518	0
1519	0
1520	0
1521	0
1522	0
1523	0
1524	0
1525	0
1526	0
1527	0
1528	0
1529	0
1530	0
1531	1
1532	0
1533	1
1534	0
1535	1
1536	0
1537	1
1538	0
1539	0
1540	0
1541	1
1542	0
1543	1
1544	0
1545	0
1546	0
1547	0
1548	0
1549	0
1550	0
1551	0
1552	0
1553	0
1554	0
1555	0
1556	0
1557	1
1558	0
1559	1
1560	0
1561	0
1562	1
1563	0
1564	1
1565	1
1566	0
1567	1
1568	0
1569	0
1570	2
1571	0
1572	1
1573	0
1574	0
1575	0
1576	0
1577	1
1578	0
1579	1
1580	0
1581	0
1582	1
1583	0
1584	0
1585	0
1586	0
1587	0
1588	0
1589	0
1590	0
1591	0
1592	0
1593	1
1594	0
1595	0
1596	0
1597	2
1598	0
1599	1
1600	0
1601	1
1602	2
1603	1
1604	1
1605	1
1606	1
1607	2
1608	1
1609	1
1610	1
1611	1
1612	2
1613	1
1614	2
1615	0
1616	1
1617	2
1618	0
1619	1
1620	1
1621	1
1622	1
1623	1
1624	1
1625	1
1626	0
1627	2
1628	0
1629	0
1630	0
1631	0
1632	1
1633	0
1634	1
1635	2
1636	1
1637	0
1638	0
1639	0
1640	0
1641	0
1642	1
1643	0
1644	0
1645	0
1646	0
1647	1
1648	0
1649	0
1650	0
1651	1
1652	1
1653	1
1654	0
1655	1
1656	0
1657	0
1658	0
1659	0
1660	0
1661	0
1662	1
1663	0
1664	0
1665	0
1666	0
1667	0
1668	0
1669	0
1670	0
1671	0
1672	0
1673	1
1674	0
1675	0
1676	0
1677	0
1678	0
1679	2
1680	0
1681	0
1682	1
1683	1
1684	1
1685	1
1686	1
1687	1
1688	1
1689	1
1690	2
1691	0
1692	2
1693	1
1694	2
1695	2
1696	1
1697	3
1698	2
1699	1
1700	3
1701	2
1702	3
1703	3
1704	2
1705	2
1706	2
1707	3
1708	3
1709	3
1710	3
1711	2
1712	2
1713	2
1714	2
1715	2
1716	3
1717	2
1718	2
1719	1
1720	2
1721	2
1722	2
1723	2
1724	2
1725	2
1726	2
1727	3
1728	3
1729	2
1730	4
1731	2
1732	3
1733	3
1734	2
1735	4
1736	3
1737	4
1738	3
1739	3
1740	3
1741	3
1742	3
1743	4
1744	3
1745	3
1746	2
1747	3
1748	3
1749	2
1750	4
1751	2
1752	4
1753	4
1754	3
1755	3
1756	3
1757	2
1758	1
1759	2
1760	1
1761	0
1762	1
1763	2
1764	1
1765	2
1766	1
1767	2
1768	1
1769	2
1770	2
1771	2
1772	2
1773	1
1774	1
1775	3
1776	1
1777	2
1778	2
1779	2
1780	2
1781	2
1782	3
1783	3
1784	3
1785	3
1786	2
1787	2
1788	3
1789	3
1790	2
1791	3
1792	3
1793	2
1794	2
1795	2
1796	2
1797	1
1798	2
1799	1
1800	1
1801	0
1802	1
1803	1
1804	0
1805	1
1806	0
1807	1
1808	0
1809	0
1810	1
1811	0
1812	0
1813	1
1814	1
1815	0
1816	0
1817	0
1818	1
1819	0
1820	0
1821	2
1822	0
1823	1
1824	1
1825	0
1826	0
1827	1
1828	0
1829	1
1830	1
1831	2
1832	0
1833	2
1834	1
1835	2
1836	1
1837	1
1838	1
1839	1
1840	1
1841	1
1842	1
1843	2
1844	1
1845	1
1846	1
1847	1
1848	0
1849	1
1850	0
1851	1
1852	2
1853	1
1854	0
1855	2
1856	0
1857	0
1858	1
1859	0
1860	0
1861	1
1862	0
1863	1
1864	1
1865	1
1866	1
1867	1
1868	1
1869	1
1870	0
1871	1
1872	0
1873	1
1874	2
1875	2
1876	2
1877	1
1878	1
1879	1
1880	1
1881	2
1882	1
1883	1
1884	1
1885	1
1886	2
1887	1
1888	1
1889	1
1890	0
1891	1
1892	1
1893	0
1894	0
1895	0
1896	0
1897	1
1898	0
1899	0
1900	0
1901	0
1902	0
1903	0
1904	0
1905	0
1906	3
1907	1
1908	1
1909	1
1910	0
1911	2
1912	0
1913	2
1914	1
1915	1
1916	2
1917	2
1918	1
1919	1
1920	1
1921	1
1922	1
1923	2
1924	1
1925	1
1926	2
1927	2
1928	2
1929	3
1930	2
1931	2
1932	0
1933	1
1934	3
1935	2
1936	2
1937	1
1938	0
1939	1
1940	2
1941	0
1942	0
1943	0
1944	0
1945	0
1946	0
1947	1
1948	0
1949	0
1950	0
1951	0
1952	0
1953	1
1954	0
1955	0
1956	0
1957	1
1958	0
1959	0
1960	0
1961	2
1962	2
1963	2
1964	1
1965	2
1966	1
1967	2
1968	2
1969	2
1970	1
1971	1
1972	2
1973	2
1974	2
1975	1
1976	2
1977	1
1978	2
1979	3
1980	0
1981	2
1982	0
1983	1
1984	1
1985	2
1986	2
1987	1
1988	2
1989	0
1990	1
1991	0
1992	1
1993	1
1994	0
1995	3
1996	0
1997	2
1998	0
1999	2
