0	3
1	2
2	2
3	1
4	1
5	1
6	1
7	2
8	2
9	0
10	2
11	0
12	1
13	1
14	2
15	1
16	2
17	2
18	1
19	0
20	1
21	1
22	1
23	0
24	1
25	1
26	1
27	2
28	1
29	1
30	0
31	1
32	1
33	1
34	2
35	3
36	0
37	2
38	1
39	1
40	1
41	1
42	1
43	1
44	2
45	1
46	2
47	1
48	1
49	1
50	0
51	1
52	1
53	1
54	1
55	0
56	0
57	1
58	1
59	1
60	1
61	1
62	0
63	1
64	2
65	1
66	1
67	1
68	1
69	2
70	1
71	1
72	1
73	0
74	1
75	2
76	1
77	2
78	0
79	1
80	1
81	1
82	1
83	0
84	2
85	2
86	2
87	1
88	3
89	2
90	2
91	3
92	2
93	2
94	1
95	1
96	2
97	2
98	2
99	2
100	2
101	2
102	3
103	2
104	2
105	3
106	2
107	4
108	2
109	2
110	2
111	2
112	2
113	1
114	2
115	3
116	2
117	1
118	1
119	1
120	2
121	1
122	1
123	1
124	3
125	1
126	2
127	2
128	1
129	0
130	3
131	1
132	1
133	1
134	2
135	3
136	2
137	2
138	2
139	2
140	2
141	1
142	1
143	1
144	0
145	2
146	2
147	2
148	1
149	1
150	1
151	1
152	2
153	1
154	1
155	1
156	2
157	1
158	1
159	1
160	2
161	1
162	2
163	0
164	1
165	0
166	1
167	2
168	1
169	1
170	1
171	3
172	1
173	1
174	1
175	1
176	2
177	1
178	2
179	1
180	1
181	1
182	3
183	2
184	1
185	1
186	1
187	1
188	1
189	1
190	1
191	1
192	2
193	1
194	2
195	2
196	1
197	3
198	2
199	1
200	2
201	1
202	1
203	1
204	1
205	2
206	3
207	1
208	2
209	1
210	2
211	1
212	1
213	2
214	2
215	2
216	2
217	1
218	2
219	2
220	2
221	2
222	2
223	2
224	2
225	1
226	2
227	2
228	1
229	2
230	1
231	2
232	1
233	2
234	2
235	1
236	3
237	2
238	2
239	1
240	3
241	3
242	2
243	2
244	2
245	1
246	2
247	1
248	1
249	1
250	1
251	0
252	1
253	0
254	1
255	1
256	3
257	1
258	2
259	0
260	1
261	2
262	2
263	1
264	2
265	1
266	2
267	1
268	1
269	2
270	1
271	1
272	1
273	1
274	2
275	2
276	1
277	2
278	2
279	2
280	1
281	2
282	2
283	1
284	1
285	2
286	1
287	2
288	2
289	1
290	2
291	1
292	1
293	1
294	0
295	1
296	1
297	1
298	2
299	2
300	2
301	1
302	0
303	1
304	1
305	2
306	2
307	0
308	1
309	1
310	2
311	1
312	1
313	2
314	1
315	1
316	1
317	2
318	2
319	2
320	2
321	1
322	2
323	1
324	1
325	1
326	2
327	2
328	2
329	1
330	1
331	1
332	2
333	2
334	3
335	2
336	2
337	2
338	1
339	1
340	2
341	1
342	1
343	1
344	1
345	1
346	1
347	1
348	1
349	1
350	1
351	1
352	1
353	1
354	1
355	1
356	2
357	1
358	3
359	1
360	1
361	1
362	2
363	2
364	3
365	2
366	3
367	3
368	3
369	1
370	1
371	2
372	2
373	1
374	1
375	0
376	1
377	0
378	1
379	2
380	1
381	1
382	0
383	1
384	0
385	1
386	1
387	2
388	2
389	1
390	1
391	1
392	0
393	1
394	0
395	1
396	2
397	1
398	0
399	2
400	1
401	1
402	1
403	0
404	0
405	2
406	2
407	1
408	1
409	0
410	1
411	0
412	1
413	2
414	1
415	0
416	1
417	3
418	2
419	1
420	2
421	2
422	3
423	3
424	3
425	2
426	2
427	2
428	2
429	3
430	2
431	2
432	3
433	3
434	2
435	4
436	3
437	4
438	5
439	4
440	5
441	6
442	5
443	5
444	7
445	9
446	8
447	10
448	11
449	13
450	13
451	15
452	17
453	20
454	21
455	22
456	24
457	26
458	28
459	30
460	34
461	34
462	38
463	40
464	41
465	43
466	45
467	45
468	47
469	49
470	50
471	51
472	52
473	53
474	55
475	56
476	58
477	59
478	59
479	62
480	63
481	64
482	66
483	67
484	67
485	67
486	67
487	69
488	67
489	68
490	68
491	69
492	69
493	70
494	71
495	73
496	73
497	74
498	74
499	78
500	62
501	73
502	69
503	68
504	68
505	67
506	67
507	67
508	68
509	66
510	64
511	62
512	62
513	62
514	61
515	60
516	59
517	58
518	58
519	56
520	55
521	54
522	52
523	50
524	49
525	48
526	46
527	46
528	44
529	45
530	44
531	42
532	42
533	40
534	39
535	38
536	37
537	35
538	33
539	31
540	30
541	30
542	29
543	28
544	27
545	27
546	25
547	24
548	24
549	23
550	23
551	22
552	22
553	21
554	20
555	19
556	17
557	15
558	16
559	16
560	14
561	15
562	13
563	11
564	12
565	11
566	10
567	10
568	9
569	9
570	9
571	9
572	8
573	7
574	8
575	7
576	7
577	6
578	7
579	7
580	6
581	6
582	6
583	5
584	5
585	4
586	4
587	5
588	4
589	4
590	3
591	4
592	3
593	3
594	2
595	1
596	3
597	0
598	2
599	0
600	2
601	0
602	1
603	0
604	1
605	0
606	2
607	0
608	0
609	0
610	0
611	0
612	0
613	0
614	0
615	0
616	0
617	0
618	0
619	0
620	0
621	0
622	0
623	1
624	0
625	0
626	0
627	0
628	1
629	0
630	1
631	1
632	0
633	0
634	0
635	0
636	0
637	0
638	1
639	0
640	0
641	0
642	0
643	0
644	0
645	0
646	1
647	0
648	0
649	0
650	0
651	0
652	0
653	0
654	0
655	0
656	0
657	0
658	0
659	0
660	0
661	0
662	0
663	0
664	0
665	1
666	1
667	0
668	0
669	0
670	1
671	1
672	0
673	0
674	0
675	0
676	0
677	0
678	1
679	0
680	1
681	0
682	1
683	0
684	0
685	0
686	0
687	0
688	0
689	0
690	0
691	0
692	0
693	0
694	0
695	0
696	0
697	0
698	0
699	0
700	0
701	0
702	0
703	0
704	0
705	0
706	0
707	1
708	0
709	0
710	0
711	0
712	1
713	0
714	0
715	2
716	0
717	1
718	0
719	1
720	0
721	0
722	0
723	0
724	0
725	1
726	0
727	0
728	0
729	0
730	0
731	0
732	0
733	1
734	0
735	0
736	0
737	0
738	0
739	0
740	0
741	0
742	0
743	0
744	0
745	0
746	0
747	0
748	0
749	0
750	0
751	0
752	0
753	0
754	0
755	1
756	0
757	1
758	0
759	0
760	0
761	0
762	0
763	0
764	0
765	0
766	1
767	0
768	1
769	0
770	0
771	0
772	0
773	0
774	0
775	0
776	0
777	0
778	0
779	0
780	0
781	0
782	0
783	0
784	0
785	0
786	0
787	0
788	0
789	0
790	0
791	0
792	0
793	0
794	0
795	0
796	0
797	0
798	0
799	0
800	0
801	0
802	0
803	0
804	0
805	0
806	0
807	0
808	0
809	0
810	0
811	0
812	0
813	0
814	0
815	0
816	0
817	0
818	0
819	0
820	0
821	0
822	0
823	0
824	0
825	0
826	0
827	0
828	0
829	0
830	0
831	0
832	0
833	0
834	0
835	0
836	0
837	0
838	0
839	0
840	0
841	0
842	0
843	0
844	0
845	0
846	0
847	0
848	0
849	0
850	0
851	0
852	0
853	0
854	0
855	0
856	0
857	0
858	0
859	0
860	0
861	0
862	0
863	0
864	0
865	0
866	0
867	0
868	0
869	0
870	0
871	0
872	0
873	0
874	0
875	0
876	0
877	0
878	0
879	1
880	0
881	0
882	0
883	0
884	0
885	0
886	0
887	0
888	0
889	0
890	1
891	0
892	1
893	0
894	1
895	0
896	0
897	0
898	0
899	0
900	0
901	0
902	0
903	0
904	0
905	0
906	0
907	0
908	0
909	0
910	0
911	0
912	0
913	0
914	0
915	0
916	0
917	0
918	0
919	0
920	0
921	0
922	0
923	0
924	0
925	0
926	0
927	0
928	0
929	0
930	0
931	1
932	0
933	1
934	1
935	0
936	0
937	1
938	0
939	0
940	0
941	1
942	0
943	1
944	0
945	0
946	0
947	0
948	0
949	0
950	0
951	0
952	0
953	0
954	0
955	0
956	0
957	0
958	0
959	0
960	0
961	0
962	0
963	0
964	0
965	0
966	0
967	0
968	0
969	0
970	0
971	0
972	0
973	0
974	0
975	0
976	0
977	0
978	0
979	0
980	1
981	0
982	0
983	0
984	0
985	0
986	0
987	0
988	0
989	0
990	0
991	0
992	1
993	0
994	0
995	0
996	0
997	0
998	0
999	0
1000	0
1001	0
1002	0
1003	1
1004	0
1005	1
1006	0
1007	1
1008	0
1009	1
1010	0
1011	0
1012	0
1013	0
1014	0
1015	1
1016	0
1017	1
1018	0
1019	0
1020	0
1021	0
1022	0
1023	0
1024	0
1025	0
1026	0
1027	0
1028	0
1029	0
1030	-1
1031	0
1032	0
1033	0
1034	0
1035	0
1036	0
1037	0
1038	0
1039	0
1040	0
1041	0
1042	0
1043	0
1044	0
1045	0
1046	0
1047	0
1048	0
1049	0
1050	0
1051	0
1052	0
1053	0
1054	1
1055	0
1056	1
1057	1
1058	1
1059	0
1060	0
1061	0
1062	0
1063	0
1064	0
1065	0
1066	0
1067	0
1068	0
1069	0
1070	0
1071	0
1072	0
1073	0
1074	0
1075	0
1076	0
1077	0
1078	0
1079	0
1080	0
1081	0
1082	0
1083	0
1084	0
1085	0
1086	0
1087	0
1088	0
1089	0
1090	0
1091	0
1092	0
1093	1
1094	0
1095	1
1096	0
1097	0
1098	0
1099	0
1100	0
1101	0
1102	0
1103	0
1104	0
1105	0
1106	0
1107	0
1108	0
1109	1
1110	0
1111	0
1112	0
1113	0
1114	0
1115	0
1116	0
1117	0
1118	0
1119	0
1120	0
1121	0
1122	0
1123	0
1124	0
1125	0
1126	0
1127	0
1128	0
1129	0
1130	0
1131	1
1132	0
1133	0
1134	0
1135	0
1136	1
1137	0
1138	0
1139	0
1140	1
1141	1
1142	0
1143	0
1144	1
1145	0
1146	0
1147	0
1148	0
1149	0
1150	0
1151	0
1152	0
1153	0
1154	0
1155	0
1156	0
1157	0
1158	0
1159	0
1160	0
1161	0
1162	0
1163	0
1164	0
1165	0
1166	0
1167	0
1168	0
1169	0
1170	0
1171	0
1172	0
1173	0
1174	0
1175	0
1176	0
1177	0
1178	0
1179	0
1180	0
1181	0
1182	0
1183	0
1184	0
1185	0
1186	0
1187	0
1188	0
1189	0
1190	0
1191	0
1192	0
1193	0
1194	0
1195	0
1196	0
1197	0
1198	0
1199	0
1200	0
1201	0
1202	0
1203	0
1204	0
1205	0
1206	0
1207	0
1208	0
1209	0
1210	0
1211	0
1212	0
1213	0
1214	0
1215	0
1216	0
1217	0
1218	0
1219	0
1220	0
1221	0
1222	0
1223	0
1224	0
1225	0
1226	0
1227	0
1228	0
1229	0
1230	0
1231	0
1232	0
1233	0
1234	0
1235	0
1236	0
1237	0
1238	0
1239	0
1240	1
1241	0
1242	0
1243	0
1244	0
1245	1
1246	0
1247	0
1248	0
1249	0
1250	0
1251	0
1252	0
1253	0
1254	0
1255	0
1256	0
1257	0
1258	0
1259	0
1260	0
1261	0
1262	0
1263	1
1264	0
1265	0
1266	0
1267	0
1268	0
1269	0
1270	0
1271	0
1272	0
1273	0
1274	0
1275	1
1276	0
1277	0
1278	0
1279	0
1280	0
1281	0
1282	0
1283	0
1284	0
1285	0
1286	0
1287	0
1288	0
1289	0
1290	0
1291	0
1292	0
1293	0
1294	0
1295	0
1296	0
1297	0
1298	0
1299	0
1300	0
1301	0
1302	0
1303	0
1304	0
1305	0
1306	0
1307	0
1308	0
1309	0
1310	0
1311	0
1312	0
1313	0
1314	0
1315	0
1316	0
1317	0
1318	0
1319	0
1320	0
1321	0
1322	0
1323	0
1324	0
1325	0
1326	0
1327	0
1328	0
1329	0
1330	0
1331	0
1332	0
1333	0
1334	0
1335	0
1336	0
1337	0
1338	0
1339	0
1340	0
1341	0
1342	0
1343	0
1344	0
1345	0
1346	0
1347	0
1348	0
1349	0
1350	0
1351	0
1352	0
1353	0
1354	0
1355	0
1356	0
1357	0
1358	0
1359	0
1360	0
1361	0
1362	0
1363	0
1364	0
1365	0
1366	0
1367	0
1368	0
1369	0
1370	0
1371	0
1372	0
1373	0
1374	0
1375	0
1376	0
1377	0
1378	0
1379	0
1380	0
1381	0
1382	0
1383	0
1384	0
1385	0
1386	0
1387	0
1388	0
1389	0
1390	0
1391	0
1392	0
1393	0
1394	0
1395	0
1396	0
1397	0
1398	0
1399	0
1400	0
1401	0
1402	0
1403	0
1404	0
1405	0
1406	0
1407	0
1408	0
1409	0
1410	0
1411	0
1412	0
1413	0
1414	0
1415	0
1416	0
1417	0
1418	0
1419	0
1420	0
1421	0
1422	0
1423	0
1424	0
1425	0
1426	0
1427	0
1428	0
1429	0
1430	0
1431	0
1432	0
1433	0
1434	0
1435	0
1436	0
1437	0
1438	0
1439	0
1440	0
1441	0
1442	0
1443	0
1444	0
1445	0
1446	0
1447	0
1448	0
1449	0
1450	0
1451	0
1452	0
1453	0
1454	0
1455	0
1456	0
1457	0
1458	0
1459	0
1460	0
1461	0
1462	0
1463	0
1464	0
1465	0
1466	0
1467	0
1468	0
1469	0
1470	0
1471	0
1472	0
1473	0
1474	0
1475	1
1476	0
1477	1
1478	0
1479	0
1480	0
1481	0
1482	0
1483	0
1484	0
1485	0
1486	0
1487	1
1488	0
1489	0
1490	0
1491	0
1492	0
1493	0
1494	0
1495	0
1496	0
1497	1
1498	0
1499	0
1500	1
1501	2
1502	1
1503	1
1504	1
1505	0
1506	0
1507	0
1508	0
1509	0
1510	0
1511	0
1512	0
1513	0
1514	0
1515	0
1516	0
1517	0
1518	0
1519	0
1520	0
1521	0
1522	0
1523	0
1524	0
1525	0
1526	0
1527	0
1528	0
1529	0
1530	1
1531	0
1532	0
1533	0
1534	0
1535	0
1536	0
1537	0
1538	0
1539	0
1540	0
1541	0
1542	0
1543	0
1544	0
1545	0
1546	0
1547	0
1548	0
1549	1
1550	0
1551	0
1552	0
1553	0
1554	0
1555	0
1556	0
1557	0
1558	0
1559	0
1560	0
1561	0
1562	0
1563	0
1564	0
1565	0
1566	0
1567	0
1568	0
1569	0
1570	0
1571	0
1572	0
1573	0
1574	0
1575	0
1576	0
1577	0
1578	1
1579	0
1580	0
1581	0
1582	0
1583	0
1584	0
1585	0
1586	0
1587	0
1588	0
1589	0
1590	0
1591	0
1592	0
1593	0
1594	0
1595	1
1596	1
1597	1
1598	1
1599	1
1600	0
1601	0
1602	0
1603	1
1604	2
1605	1
1606	1
1607	1
1608	0
1609	0
1610	0
1611	0
1612	0
1613	0
1614	0
1615	0
1616	0
1617	1
1618	0
1619	0
1620	0
1621	0
1622	0
1623	0
1624	0
1625	0
1626	0
1627	0
1628	0
1629	0
1630	0
1631	0
1632	0
1633	0
1634	0
1635	0
1636	0
1637	0
1638	0
1639	0
1640	0
1641	0
1642	0
1643	0
1644	0
1645	0
1646	0
1647	0
1648	0
1649	0
1650	0
1651	0
1652	0
1653	0
1654	0
1655	0
1656	0
1657	0
1658	0
1659	0
1660	0
1661	1
1662	0
1663	1
1664	0
1665	0
1666	0
1667	0
1668	0
1669	0
1670	0
1671	0
1672	0
1673	0
1674	0
1675	0
1676	0
1677	1
1678	0
1679	0
1680	0
1681	2
1682	0
1683	1
1684	1
1685	0
1686	0
1687	1
1688	1
1689	1
1690	0
1691	1
1692	2
1693	1
1694	1
1695	0
1696	2
1697	1
1698	1
1699	1
1700	2
1701	2
1702	1
1703	1
1704	2
1705	1
1706	1
1707	2
1708	1
1709	2
1710	1
1711	2
1712	1
1713	1
1714	1
1715	1
1716	2
1717	1
1718	1
1719	2
1720	1
1721	1
1722	1
1723	1
1724	2
1725	2
1726	1
1727	1
1728	2
1729	1
1730	1
1731	1
1732	1
1733	1
1734	1
1735	1
1736	0
1737	1
1738	1
1739	1
1740	0
1741	0
1742	0
1743	0
1744	0
1745	1
1746	1
1747	1
1748	0
1749	1
1750	0
1751	0
1752	0
1753	0
1754	0
1755	0
1756	0
1757	0
1758	0
1759	0
1760	0
1761	1
1762	1
1763	1
1764	1
1765	2
1766	2
1767	2
1768	1
1769	0
1770	2
1771	0
1772	0
1773	0
1774	1
1775	0
1776	0
1777	1
1778	0
1779	0
1780	0
1781	0
1782	0
1783	0
1784	0
1785	0
1786	1
1787	0
1788	0
1789	0
1790	0
1791	0
1792	0
1793	1
1794	0
1795	0
1796	0
1797	0
1798	0
1799	0
1800	0
1801	0
1802	0
1803	0
1804	0
1805	1
1806	0
1807	0
1808	0
1809	1
1810	0
1811	1
1812	0
1813	0
1814	1
1815	1
1816	0
1817	0
1818	0
1819	0
1820	1
1821	0
1822	0
1823	1
1824	0
1825	0
1826	0
1827	0
1828	1
1829	0
1830	0
1831	0
1832	0
1833	0
1834	0
1835	0
1836	0
1837	0
1838	0
1839	0
1840	0
1841	0
1842	0
1843	0
1844	0
1845	0
1846	1
1847	0
1848	0
1849	0
1850	0
1851	0
1852	0
1853	0
1854	0
1855	0
1856	0
1857	2
1858	0
1859	0
1860	0
1861	0
1862	0
1863	0
1864	1
1865	1
1866	1
1867	0
1868	0
1869	0
1870	1
1871	1
1872	0
1873	0
1874	1
1875	0
1876	1
1877	0
1878	2
1879	0
1880	1
1881	0
1882	1
1883	0
1884	0
1885	0
1886	0
1887	0
1888	2
1889	0
1890	1
1891	0
1892	0
1893	0
1894	1
1895	0
1896	2
1897	1
1898	0
1899	0
1900	0
1901	0
1902	0
1903	0
1904	0
1905	0
1906	1
1907	1
1908	0
1909	0
1910	0
1911	0
1912	1
1913	0
1914	1
1915	1
1916	1
1917	0
1918	1
1919	0
1920	1
1921	1
1922	1
1923	0
1924	0
1925	0
1926	1
1927	0
1928	0
1929	0
1930	0
1931	0
1932	0
1933	0
1934	0
1935	0
1936	0
1937	0
1938	0
1939	0
1940	0
1941	0
1942	0
1943	0
1944	0
1945	0
1946	0
1947	0
1948	0
1949	0
1950	0
1951	0
1952	0
1953	0
1954	0
1955	0
1956	0
1957	1
1958	0
1959	0
1960	0
1961	0
1962	0
1963	0
1964	0
1965	0
1966	0
1967	1
1968	0
1969	0
1970	0
1971	0
1972	0
1973	0
1974	1
1975	0
1976	0
1977	0
1978	1
1979	0
1980	0
1981	1
1982	1
1983	1
1984	1
1985	1
1986	0
1987	1
1988	0
1989	1
1990	0
1991	1
1992	0
1993	0
1994	1
1995	0
1996	0
1997	2
1998	1
1999	1
