0	3
1	3
2	2
3	2
4	1
5	2
6	2
7	3
8	1
9	1
10	2
11	2
12	1
13	3
14	2
15	2
16	2
17	1
18	0
19	1
20	1
21	1
22	2
23	2
24	2
25	1
26	2
27	1
28	2
29	3
30	1
31	2
32	1
33	3
34	3
35	3
36	3
37	3
38	2
39	3
40	3
41	4
42	4
43	4
44	4
45	3
46	4
47	3
48	3
49	3
50	2
51	3
52	2
53	4
54	4
55	3
56	3
57	4
58	3
59	3
60	3
61	3
62	3
63	3
64	4
65	2
66	2
67	2
68	1
69	2
70	1
71	1
72	2
73	1
74	2
75	1
76	2
77	1
78	1
79	0
80	1
81	1
82	0
83	1
84	0
85	2
86	0
87	1
88	1
89	1
90	1
91	1
92	1
93	1
94	2
95	2
96	3
97	3
98	3
99	2
100	4
101	3
102	3
103	4
104	3
105	4
106	2
107	4
108	4
109	3
110	3
111	4
112	4
113	2
114	3
115	2
116	3
117	3
118	4
119	3
120	3
121	2
122	2
123	1
124	4
125	1
126	1
127	1
128	1
129	2
130	2
131	1
132	2
133	2
134	3
135	1
136	3
137	2
138	2
139	1
140	2
141	1
142	2
143	2
144	4
145	1
146	3
147	0
148	3
149	1
150	4
151	2
152	4
153	1
154	3
155	1
156	3
157	3
158	3
159	4
160	2
161	3
162	3
163	2
164	2
165	2
166	2
167	3
168	2
169	2
170	3
171	0
172	3
173	2
174	2
175	2
176	2
177	1
178	1
179	2
180	2
181	3
182	2
183	2
184	1
185	2
186	2
187	2
188	3
189	2
190	3
191	3
192	3
193	2
194	3
195	1
196	2
197	3
198	4
199	2
200	4
201	3
202	3
203	1
204	3
205	2
206	4
207	3
208	3
209	2
210	4
211	2
212	3
213	2
214	1
215	2
216	1
217	2
218	0
219	0
220	1
221	1
222	1
223	2
224	2
225	0
226	2
227	2
228	2
229	2
230	2
231	2
232	2
233	1
234	3
235	2
236	2
237	3
238	3
239	3
240	3
241	4
242	4
243	4
244	3
245	2
246	2
247	1
248	3
249	1
250	2
251	2
252	3
253	1
254	3
255	3
256	2
257	3
258	2
259	2
260	3
261	2
262	2
263	1
264	3
265	1
266	2
267	1
268	2
269	4
270	2
271	2
272	2
273	3
274	2
275	2
276	2
277	2
278	3
279	2
280	3
281	2
282	4
283	1
284	3
285	1
286	4
287	2
288	3
289	1
290	3
291	1
292	3
293	1
294	3
295	2
296	1
297	2
298	2
299	2
300	3
301	1
302	2
303	2
304	1
305	2
306	1
307	1
308	1
309	0
310	2
311	1
312	2
313	1
314	2
315	2
316	3
317	3
318	2
319	1
320	3
321	3
322	4
323	2
324	3
325	3
326	3
327	1
328	3
329	2
330	4
331	2
332	3
333	2
334	3
335	3
336	2
337	2
338	2
339	1
340	1
341	0
342	2
343	2
344	2
345	2
346	2
347	2
348	1
349	2
350	3
351	1
352	2
353	1
354	1
355	3
356	2
357	3
358	3
359	3
360	4
361	3
362	4
363	3
364	4
365	2
366	3
367	3
368	3
369	3
370	3
371	2
372	2
373	2
374	2
375	3
376	2
377	2
378	3
379	3
380	4
381	4
382	4
383	3
384	5
385	4
386	5
387	2
388	4
389	4
390	4
391	4
392	4
393	3
394	5
395	3
396	4
397	3
398	3
399	4
400	2
401	4
402	1
403	3
404	2
405	4
406	4
407	4
408	3
409	3
410	5
411	5
412	7
413	10
414	10
415	12
416	18
417	18
418	23
419	26
420	29
421	34
422	38
423	42
424	46
425	51
426	56
427	61
428	66
429	71
430	76
431	81
432	85
433	91
434	95
435	101
436	107
437	111
438	115
439	120
440	125
441	130
442	135
443	137
444	143
445	147
446	152
447	154
448	157
449	160
450	164
451	168
452	170
453	172
454	174
455	174
456	175
457	174
458	176
459	175
460	176
461	176
462	175
463	175
464	172
465	171
466	171
467	166
468	165
469	163
470	161
471	159
472	156
473	153
474	148
475	145
476	143
477	142
478	137
479	132
480	131
481	129
482	124
483	122
484	119
485	116
486	112
487	108
488	105
489	102
490	100
491	95
492	92
493	91
494	88
495	84
496	80
497	78
498	78
499	78
500	62
501	66
502	63
503	62
504	60
505	56
506	55
507	50
508	48
509	46
510	45
511	44
512	40
513	38
514	33
515	33
516	32
517	32
518	28
519	27
520	25
521	22
522	20
523	22
524	18
525	18
526	16
527	16
528	15
529	13
530	12
531	11
532	9
533	7
534	7
535	6
536	4
537	4
538	4
539	2
540	1
541	1
542	1
543	1
544	0
545	0
546	-1
547	-2
548	-3
549	-3
550	-4
551	-5
552	-5
553	-7
554	-6
555	-8
556	-10
557	-8
558	-10
559	-10
560	-11
561	-10
562	-11
563	-10
564	-11
565	-10
566	-12
567	-12
568	-12
569	-11
570	-12
571	-11
572	-11
573	-10
574	-12
575	-11
576	-12
577	-12
578	-13
579	-13
580	-13
581	-12
582	-13
583	-12
584	-14
585	-13
586	-13
587	-13
588	-12
589	-13
590	-13
591	-14
592	-14
593	-14
594	-14
595	-14
596	-14
597	-15
598	-15
599	-15
600	-13
601	-14
602	-14
603	-14
604	-14
605	-13
606	-14
607	-14
608	-12
609	-13
610	-12
611	-13
612	-12
613	-13
614	-13
615	-13
616	-13
617	-13
618	-12
619	-12
620	-11
621	-12
622	-11
623	-11
624	-11
625	-12
626	-11
627	-11
628	-11
629	-11
630	-11
631	-11
632	-12
633	-11
634	-11
635	-10
636	-12
637	-10
638	-11
639	-10
640	-10
641	-11
642	-11
643	-10
644	-10
645	-11
646	-10
647	-10
648	-9
649	-11
650	-9
651	-9
652	-10
653	-10
654	-10
655	-9
656	-9
657	-8
658	-10
659	-8
660	-9
661	-9
662	-10
663	-9
664	-9
665	-9
666	-9
667	-8
668	-9
669	-8
670	-9
671	-7
672	-9
673	-8
674	-7
675	-8
676	-8
677	-7
678	-8
679	-8
680	-7
681	-8
682	-7
683	-8
684	-8
685	-8
686	-8
687	-8
688	-8
689	-9
690	-8
691	-9
692	-9
693	-9
694	-10
695	-9
696	-10
697	-10
698	-10
699	-10
700	-9
701	-11
702	-11
703	-11
704	-12
705	-12
706	-12
707	-12
708	-13
709	-11
710	-11
711	-11
712	-11
713	-12
714	-11
715	-12
716	-11
717	-12
718	-12
719	-12
720	-12
721	-11
722	-12
723	-11
724	-12
725	-11
726	-13
727	-12
728	-12
729	-13
730	-12
731	-12
732	-12
733	-12
734	-12
735	-12
736	-12
737	-12
738	-12
739	-11
740	-12
741	-12
742	-12
743	-12
744	-14
745	-13
746	-13
747	-13
748	-13
749	-12
750	-12
751	-13
752	-12
753	-13
754	-13
755	-13
756	-13
757	-14
758	-13
759	-14
760	-13
761	-13
762	-14
763	-12
764	-14
765	-13
766	-14
767	-14
768	-14
769	-14
770	-12
771	-13
772	-12
773	-14
774	-14
775	-13
776	-13
777	-13
778	-13
779	-13
780	-14
781	-13
782	-14
783	-14
784	-13
785	-12
786	-13
787	-11
788	-12
789	-12
790	-13
791	-12
792	-13
793	-13
794	-12
795	-12
796	-12
797	-12
798	-12
799	-13
800	-13
801	-13
802	-12
803	-12
804	-11
805	-12
806	-13
807	-13
808	-11
809	-11
810	-12
811	-11
812	-13
813	-11
814	-12
815	-12
816	-13
817	-12
818	-11
819	-12
820	-12
821	-11
822	-12
823	-10
824	-12
825	-12
826	-11
827	-11
828	-12
829	-11
830	-10
831	-12
832	-11
833	-12
834	-12
835	-11
836	-12
837	-13
838	-13
839	-12
840	-11
841	-12
842	-11
843	-10
844	-11
845	-11
846	-10
847	-12
848	-11
849	-11
850	-11
851	-11
852	-12
853	-11
854	-10
855	-11
856	-11
857	-11
858	-11
859	-10
860	-12
861	-9
862	-11
863	-11
864	-11
865	-10
866	-10
867	-11
868	-9
869	-9
870	-11
871	-8
872	-9
873	-9
874	-8
875	-8
876	-7
877	-8
878	-8
879	-7
880	-7
881	-8
882	-7
883	-7
884	-7
885	-8
886	-7
887	-7
888	-7
889	-8
890	-8
891	-7
892	-8
893	-7
894	-6
895	-6
896	-8
897	-6
898	-7
899	-7
900	-6
901	-7
902	-6
903	-7
904	-5
905	-6
906	-6
907	-6
908	-6
909	-5
910	-5
911	-6
912	-7
913	-6
914	-5
915	-5
916	-5
917	-4
918	-5
919	-3
920	-5
921	-4
922	-4
923	-4
924	-4
925	-4
926	-3
927	-3
928	-3
929	-4
930	-2
931	-2
932	-1
933	-2
934	-1
935	-2
936	-2
937	0
938	-3
939	-2
940	-1
941	-2
942	-2
943	-2
944	-1
945	-2
946	-1
947	-1
948	-2
949	-1
950	-3
951	-1
952	-2
953	-2
954	0
955	-1
956	-2
957	-2
958	-3
959	-2
960	-3
961	-2
962	-3
963	-2
964	-1
965	-4
966	-1
967	-2
968	-2
969	-3
970	-2
971	-1
972	-1
973	-2
974	-2
975	-2
976	-3
977	-3
978	-2
979	-3
980	-4
981	-2
982	-3
983	-3
984	-3
985	-3
986	-3
987	-4
988	-4
989	-5
990	-5
991	-3
992	-3
993	-4
994	-4
995	-4
996	-5
997	-4
998	-4
999	-5
1000	-4
1001	-5
1002	-5
1003	-5
1004	-5
1005	-5
1006	-5
1007	-4
1008	-6
1009	-5
1010	-4
1011	-4
1012	-5
1013	-4
1014	-5
1015	-4
1016	-4
1017	-4
1018	-4
1019	-2
1020	-5
1021	-4
1022	-3
1023	-4
1024	-4
1025	-4
1026	-3
1027	-5
1028	-4
1029	-5
1030	-5
1031	-5
1032	-5
1033	-4
1034	-4
1035	-5
1036	-6
1037	-4
1038	-5
1039	-4
1040	-5
1041	-6
1042	-5
1043	-5
1044	-4
1045	-4
1046	-4
1047	-4
1048	-4
1049	-4
1050	-4
1051	-4
1052	-4
1053	-5
1054	-6
1055	-4
1056	-4
1057	-4
1058	-5
1059	-4
1060	-4
1061	-4
1062	-4
1063	-4
1064	-5
1065	-4
1066	-4
1067	-3
1068	-3
1069	-4
1070	-3
1071	-3
1072	-3
1073	-2
1074	-3
1075	-1
1076	-2
1077	-3
1078	-3
1079	-4
1080	-2
1081	-3
1082	-2
1083	-3
1084	-2
1085	-3
1086	-2
1087	-3
1088	-3
1089	-3
1090	-2
1091	-2
1092	-3
1093	-3
1094	-4
1095	-4
1096	-4
1097	-4
1098	-3
1099	-4
1100	-3
1101	-4
1102	-4
1103	-4
1104	-4
1105	-3
1106	-4
1107	-3
1108	-3
1109	-3
1110	-3
1111	-3
1112	-2
1113	-3
1114	-3
1115	-4
1116	-4
1117	-4
1118	-2
1119	-4
1120	-3
1121	-4
1122	-4
1123	-4
1124	-3
1125	-3
1126	-4
1127	-5
1128	-4
1129	-6
1130	-4
1131	-5
1132	-3
1133	-4
1134	-3
1135	-3
1136	-4
1137	-2
1138	-3
1139	-3
1140	-1
1141	-3
1142	-2
1143	-3
1144	-1
1145	-2
1146	-1
1147	0
1148	-1
1149	-1
1150	-1
1151	0
1152	-1
1153	0
1154	-1
1155	-1
1156	-1
1157	-1
1158	-1
1159	-1
1160	-2
1161	-1
1162	-1
1163	-2
1164	-1
1165	-1
1166	-1
1167	-2
1168	-3
1169	-3
1170	-2
1171	-2
1172	-3
1173	-3
1174	-2
1175	-2
1176	-3
1177	-1
1178	-2
1179	-2
1180	-2
1181	-2
1182	-1
1183	-2
1184	-1
1185	-1
1186	-1
1187	-1
1188	-1
1189	-1
1190	-2
1191	-2
1192	-1
1193	-1
1194	-2
1195	-2
1196	-2
1197	-3
1198	-3
1199	-2
1200	-3
1201	-3
1202	-2
1203	-3
1204	-1
1205	-2
1206	-3
1207	-2
1208	-1
1209	-2
1210	-1
1211	-2
1212	-2
1213	-2
1214	-2
1215	-2
1216	-1
1217	-2
1218	-1
1219	-1
1220	-1
1221	-1
1222	-1
1223	0
1224	-1
1225	-1
1226	-1
1227	-1
1228	-1
1229	0
1230	-1
1231	-1
1232	-1
1233	-1
1234	-1
1235	0
1236	-2
1237	0
1238	-1
1239	-1
1240	-2
1241	-2
1242	-1
1243	-1
1244	-1
1245	-1
1246	-1
1247	-3
1248	-2
1249	-3
1250	-2
1251	-2
1252	-2
1253	-2
1254	-2
1255	-3
1256	-3
1257	-3
1258	-3
1259	-1
1260	-2
1261	-2
1262	-3
1263	-2
1264	-3
1265	-2
1266	-2
1267	-2
1268	-3
1269	-1
1270	-3
1271	-3
1272	-2
1273	-1
1274	-2
1275	-1
1276	-2
1277	-1
1278	-2
1279	-1
1280	-1
1281	-1
1282	0
1283	0
1284	0
1285	0
1286	0
1287	0
1288	-1
1289	-1
1290	0
1291	-1
1292	0
1293	0
1294	0
1295	0
1296	0
1297	0
1298	0
1299	-1
1300	0
1301	-1
1302	-1
1303	0
1304	0
1305	0
1306	-1
1307	-1
1308	-1
1309	-1
1310	0
1311	-1
1312	-1
1313	-1
1314	0
1315	0
1316	0
1317	0
1318	0
1319	0
1320	0
1321	0
1322	0
1323	0
1324	0
1325	0
1326	0
1327	0
1328	0
1329	0
1330	0
1331	1
1332	0
1333	0
1334	0
1335	0
1336	0
1337	0
1338	0
1339	0
1340	-1
1341	0
1342	0
1343	0
1344	0
1345	-1
1346	-1
1347	-1
1348	-2
1349	0
1350	-1
1351	-1
1352	-1
1353	-1
1354	-1
1355	-1
1356	-1
1357	-2
1358	-1
1359	-1
1360	0
1361	0
1362	0
1363	0
1364	0
1365	0
1366	-1
1367	0
1368	-1
1369	0
1370	0
1371	0
1372	0
1373	0
1374	0
1375	0
1376	0
1377	0
1378	0
1379	0
1380	0
1381	0
1382	0
1383	0
1384	0
1385	0
1386	0
1387	-1
1388	0
1389	0
1390	-1
1391	0
1392	-1
1393	0
1394	-1
1395	-1
1396	-1
1397	0
1398	-1
1399	-1
1400	-1
1401	0
1402	0
1403	0
1404	-1
1405	0
1406	0
1407	0
1408	0
1409	0
1410	0
1411	0
1412	0
1413	0
1414	0
1415	0
1416	0
1417	0
1418	0
1419	1
1420	0
1421	0
1422	0
1423	0
1424	0
1425	0
1426	0
1427	0
1428	0
1429	0
1430	0
1431	0
1432	0
1433	-1
1434	-1
1435	0
1436	-1
1437	-1
1438	-1
1439	-1
1440	0
1441	0
1442	0
1443	0
1444	0
1445	0
1446	0
1447	0
1448	0
1449	0
1450	0
1451	0
1452	0
1453	1
1454	1
1455	0
1456	0
1457	0
1458	2
1459	1
1460	2
1461	1
1462	0
1463	1
1464	0
1465	0
1466	0
1467	2
1468	0
1469	0
1470	0
1471	0
1472	0
1473	0
1474	0
1475	0
1476	0
1477	0
1478	0
1479	0
1480	0
1481	0
1482	0
1483	0
1484	0
1485	0
1486	0
1487	0
1488	0
1489	0
1490	0
1491	0
1492	0
1493	1
1494	0
1495	0
1496	1
1497	2
1498	2
1499	2
1500	2
1501	1
1502	1
1503	0
1504	2
1505	1
1506	2
1507	1
1508	3
1509	1
1510	1
1511	0
1512	1
1513	1
1514	1
1515	1
1516	3
1517	1
1518	1
1519	0
1520	1
1521	0
1522	0
1523	0
1524	0
1525	-1
1526	0
1527	0
1528	0
1529	0
1530	0
1531	0
1532	0
1533	0
1534	0
1535	0
1536	0
1537	0
1538	1
1539	0
1540	0
1541	0
1542	1
1543	1
1544	1
1545	0
1546	0
1547	0
1548	0
1549	0
1550	0
1551	0
1552	1
1553	1
1554	1
1555	0
1556	1
1557	2
1558	1
1559	1
1560	2
1561	2
1562	2
1563	2
1564	3
1565	1
1566	3
1567	2
1568	3
1569	3
1570	3
1571	4
1572	3
1573	4
1574	4
1575	4
1576	4
1577	4
1578	4
1579	4
1580	4
1581	6
1582	5
1583	5
1584	5
1585	5
1586	5
1587	5
1588	4
1589	5
1590	5
1591	5
1592	5
1593	6
1594	6
1595	5
1596	5
1597	6
1598	6
1599	6
1600	5
1601	4
1602	5
1603	4
1604	4
1605	4
1606	4
1607	3
1608	3
1609	2
1610	4
1611	3
1612	2
1613	3
1614	2
1615	3
1616	3
1617	2
1618	2
1619	2
1620	2
1621	3
1622	2
1623	1
1624	2
1625	2
1626	3
1627	2
1628	1
1629	2
1630	2
1631	2
1632	2
1633	2
1634	2
1635	2
1636	1
1637	2
1638	3
1639	1
1640	3
1641	1
1642	3
1643	2
1644	1
1645	2
1646	2
1647	3
1648	1
1649	3
1650	2
1651	2
1652	3
1653	2
1654	2
1655	1
1656	2
1657	1
1658	2
1659	1
1660	1
1661	1
1662	0
1663	1
1664	1
1665	2
1666	2
1667	1
1668	3
1669	1
1670	1
1671	1
1672	0
1673	1
1674	0
1675	1
1676	1
1677	0
1678	1
1679	1
1680	1
1681	0
1682	1
1683	1
1684	1
1685	1
1686	0
1687	0
1688	0
1689	0
1690	0
1691	1
1692	0
1693	0
1694	0
1695	0
1696	1
1697	0
1698	1
1699	0
1700	0
1701	0
1702	0
1703	0
1704	0
1705	0
1706	1
1707	0
1708	0
1709	1
1710	0
1711	0
1712	0
1713	0
1714	0
1715	0
1716	0
1717	0
1718	0
1719	1
1720	0
1721	0
1722	0
1723	0
1724	0
1725	1
1726	0
1727	0
1728	1
1729	0
1730	1
1731	0
1732	0
1733	0
1734	0
1735	0
1736	1
1737	1
1738	1
1739	0
1740	1
1741	0
1742	0
1743	0
1744	2
1745	0
1746	0
1747	1
1748	1
1749	1
1750	2
1751	1
1752	1
1753	0
1754	1
1755	1
1756	1
1757	1
1758	1
1759	2
1760	1
1761	3
1762	3
1763	2
1764	2
1765	1
1766	1
1767	1
1768	1
1769	1
1770	2
1771	0
1772	1
1773	2
1774	1
1775	1
1776	0
1777	1
1778	0
1779	1
1780	0
1781	0
1782	1
1783	0
1784	1
1785	0
1786	0
1787	1
1788	1
1789	1
1790	2
1791	1
1792	2
1793	2
1794	0
1795	0
1796	0
1797	1
1798	2
1799	1
1800	2
1801	1
1802	2
1803	2
1804	1
1805	2
1806	3
1807	1
1808	2
1809	3
1810	3
1811	3
1812	4
1813	4
1814	3
1815	4
1816	4
1817	4
1818	4
1819	4
1820	6
1821	4
1822	4
1823	4
1824	4
1825	4
1826	4
1827	5
1828	4
1829	4
1830	4
1831	4
1832	5
1833	4
1834	4
1835	4
1836	4
1837	4
1838	4
1839	4
1840	4
1841	3
1842	4
1843	2
1844	3
1845	4
1846	3
1847	3
1848	4
1849	3
1850	3
1851	3
1852	4
1853	3
1854	2
1855	4
1856	3
1857	3
1858	3
1859	3
1860	3
1861	3
1862	3
1863	3
1864	3
1865	4
1866	3
1867	3
1868	2
1869	4
1870	3
1871	2
1872	3
1873	2
1874	1
1875	2
1876	1
1877	3
1878	0
1879	1
1880	1
1881	1
1882	1
1883	0
1884	1
1885	0
1886	2
1887	0
1888	1
1889	0
1890	1
1891	1
1892	2
1893	0
1894	1
1895	2
1896	0
1897	1
1898	2
1899	2
1900	1
1901	0
1902	2
1903	1
1904	1
1905	1
1906	2
1907	1
1908	1
1909	1
1910	2
1911	0
1912	2
1913	1
1914	1
1915	1
1916	2
1917	1
1918	1
1919	1
1920	1
1921	1
1922	0
1923	0
1924	0
1925	0
1926	0
1927	0
1928	0
1929	0
1930	0
1931	0
1932	0
1933	0
1934	0
1935	0
1936	1
1937	0
1938	0
1939	0
1940	0
1941	1
1942	1
1943	1
1944	0
1945	0
1946	0
1947	1
1948	0
1949	2
1950	1
1951	1
1952	0
1953	3
1954	2
1955	1
1956	2
1957	1
1958	2
1959	1
1960	1
1961	2
1962	0
1963	0
1964	1
1965	0
1966	0
1967	0
1968	1
1969	0
1970	0
1971	0
1972	0
1973	1
1974	0
1975	0
1976	0
1977	0
1978	0
1979	0
1980	0
1981	0
1982	0
1983	0
1984	0
1985	0
1986	0
1987	0
1988	0
1989	0
1990	0
1991	0
1992	0
1993	0
1994	0
1995	0
1996	0
1997	1
1998	0
1999	0
