0	2
1	3
2	2
3	3
4	3
5	3
6	4
7	4
8	4
9	5
10	4
11	5
12	4
13	4
14	3
15	4
16	5
17	5
18	4
19	4
20	5
21	5
22	5
23	4
24	5
25	4
26	4
27	4
28	4
29	5
30	4
31	4
32	3
33	4
34	2
35	4
36	3
37	4
38	5
39	4
40	4
41	3
42	1
43	5
44	4
45	3
46	2
47	3
48	1
49	5
50	4
51	6
52	4
53	5
54	4
55	4
56	4
57	6
58	4
59	7
60	4
61	7
62	5
63	6
64	4
65	6
66	4
67	6
68	6
69	6
70	7
71	9
72	8
73	7
74	6
75	8
76	6
77	8
78	5
79	7
80	4
81	8
82	6
83	7
84	6
85	8
86	5
87	8
88	5
89	6
90	7
91	6
92	4
93	5
94	3
95	3
96	4
97	3
98	4
99	4
100	4
101	4
102	2
103	4
104	2
105	4
106	2
107	5
108	2
109	5
110	3
111	5
112	4
113	4
114	4
115	5
116	5
117	4
118	4
119	5
120	4
121	5
122	3
123	5
124	5
125	5
126	5
127	4
128	4
129	4
130	2
131	5
132	2
133	4
134	2
135	4
136	4
137	4
138	3
139	5
140	4
141	4
142	3
143	4
144	2
145	5
146	4
147	5
148	4
149	4
150	4
151	4
152	4
153	5
154	3
155	5
156	5
157	5
158	5
159	6
160	4
161	6
162	5
163	5
164	6
165	6
166	4
167	5
168	4
169	5
170	5
171	6
172	4
173	6
174	4
175	5
176	6
177	5
178	4
179	4
180	4
181	4
182	4
183	6
184	4
185	6
186	5
187	6
188	4
189	7
190	4
191	6
192	3
193	5
194	4
195	5
196	4
197	6
198	4
199	5
200	4
201	6
202	3
203	8
204	5
205	6
206	6
207	6
208	6
209	7
210	6
211	9
212	6
213	9
214	5
215	8
216	4
217	7
218	6
219	8
220	5
221	5
222	6
223	6
224	4
225	6
226	5
227	4
228	3
229	5
230	2
231	4
232	1
233	3
234	1
235	3
236	2
237	4
238	3
239	4
240	2
241	3
242	1
243	2
244	3
245	2
246	2
247	4
248	2
249	2
250	3
251	4
252	2
253	4
254	3
255	3
256	3
257	4
258	2
259	4
260	4
261	4
262	3
263	5
264	4
265	5
266	4
267	5
268	4
269	7
270	5
271	7
272	6
273	5
274	5
275	6
276	6
277	7
278	5
279	8
280	7
281	7
282	5
283	7
284	6
285	8
286	7
287	7
288	5
289	7
290	7
291	7
292	6
293	7
294	4
295	7
296	3
297	7
298	4
299	7
300	5
301	6
302	4
303	5
304	6
305	5
306	4
307	5
308	4
309	4
310	3
311	5
312	3
313	3
314	2
315	4
316	3
317	3
318	3
319	2
320	2
321	4
322	3
323	4
324	2
325	3
326	3
327	3
328	3
329	4
330	4
331	3
332	4
333	4
334	4
335	5
336	3
337	4
338	3
339	5
340	4
341	5
342	3
343	4
344	4
345	5
346	2
347	6
348	3
349	4
350	2
351	4
352	4
353	5
354	4
355	6
356	4
357	4
358	2
359	5
360	3
361	5
362	3
363	6
364	4
365	4
366	4
367	6
368	5
369	5
370	4
371	7
372	5
373	6
374	6
375	7
376	4
377	6
378	4
379	6
380	5
381	7
382	5
383	7
384	7
385	9
386	7
387	8
388	6
389	8
390	7
391	8
392	7
393	7
394	7
395	7
396	6
397	9
398	7
399	10
400	7
401	9
402	8
403	8
404	8
405	10
406	5
407	10
408	6
409	9
410	6
411	9
412	7
413	9
414	7
415	10
416	9
417	11
418	12
419	12
420	14
421	16
422	16
423	20
424	21
425	25
426	29
427	31
428	34
429	39
430	41
431	47
432	49
433	54
434	59
435	64
436	67
437	72
438	77
439	80
440	86
441	90
442	94
443	97
444	99
445	106
446	110
447	110
448	115
449	117
450	121
451	123
452	126
453	129
454	129
455	132
456	133
457	136
458	138
459	139
460	139
461	139
462	139
463	139
464	139
465	138
466	138
467	139
468	139
469	136
470	136
471	133
472	131
473	129
474	128
475	127
476	124
477	121
478	118
479	118
480	118
481	115
482	112
483	108
484	107
485	104
486	102
487	99
488	98
489	94
490	91
491	91
492	86
493	85
494	82
495	79
496	78
497	77
498	77
499	78
500	62
501	66
502	64
503	64
504	63
505	62
506	59
507	56
508	53
509	51
510	51
511	50
512	48
513	49
514	44
515	44
516	40
517	40
518	39
519	37
520	36
521	36
522	36
523	34
524	33
525	32
526	29
527	27
528	26
529	24
530	24
531	23
532	22
533	22
534	21
535	22
536	19
537	20
538	19
539	18
540	17
541	17
542	16
543	14
544	14
545	11
546	10
547	9
548	9
549	9
550	9
551	8
552	7
553	6
554	7
555	8
556	6
557	5
558	4
559	6
560	5
561	5
562	5
563	5
564	3
565	5
566	4
567	4
568	3
569	4
570	4
571	4
572	4
573	4
574	4
575	4
576	3
577	3
578	3
579	2
580	2
581	2
582	1
583	3
584	2
585	2
586	0
587	1
588	0
589	1
590	0
591	0
592	0
593	0
594	0
595	1
596	0
597	0
598	0
599	0
600	-2
601	0
602	-1
603	0
604	-1
605	0
606	-4
607	-1
608	-3
609	-3
610	-4
611	-2
612	-4
613	-2
614	-4
615	-2
616	-4
617	-2
618	-4
619	-3
620	-5
621	-2
622	-4
623	-3
624	-5
625	-2
626	-5
627	-1
628	-4
629	-3
630	-5
631	-3
632	-4
633	-4
634	-4
635	-5
636	-4
637	-3
638	-4
639	-3
640	-4
641	-4
642	-4
643	-3
644	-6
645	-3
646	-6
647	-3
648	-4
649	-4
650	-5
651	-4
652	-7
653	-4
654	-6
655	-4
656	-4
657	-6
658	-5
659	-4
660	-6
661	-4
662	-5
663	-4
664	-6
665	-3
666	-7
667	-4
668	-4
669	-4
670	-5
671	-3
672	-6
673	-4
674	-6
675	-3
676	-6
677	-4
678	-6
679	-5
680	-5
681	-3
682	-5
683	-4
684	-4
685	-4
686	-4
687	-4
688	-5
689	-4
690	-5
691	-2
692	-4
693	-3
694	-4
695	-1
696	-5
697	-2
698	-4
699	-3
700	-4
701	-3
702	-5
703	-2
704	-4
705	-2
706	-4
707	-4
708	-4
709	-3
710	-4
711	-3
712	-5
713	-4
714	-5
715	-4
716	-4
717	-3
718	-5
719	-3
720	-5
721	-4
722	-5
723	-2
724	-5
725	-3
726	-5
727	-3
728	-6
729	-4
730	-6
731	-4
732	-5
733	-3
734	-5
735	-3
736	-6
737	-4
738	-6
739	-4
740	-5
741	-4
742	-5
743	-4
744	-5
745	-5
746	-6
747	-5
748	-7
749	-4
750	-6
751	-3
752	-6
753	-4
754	-6
755	-6
756	-5
757	-5
758	-7
759	-4
760	-7
761	-5
762	-6
763	-5
764	-6
765	-4
766	-5
767	-5
768	-6
769	-3
770	-5
771	-4
772	-5
773	-3
774	-6
775	-3
776	-5
777	-4
778	-5
779	-4
780	-5
781	-4
782	-4
783	-4
784	-6
785	-6
786	-5
787	-5
788	-7
789	-6
790	-6
791	-5
792	-6
793	-5
794	-5
795	-3
796	-5
797	-4
798	-5
799	-4
800	-6
801	-3
802	-5
803	-3
804	-5
805	-3
806	-5
807	-3
808	-4
809	-2
810	-5
811	-2
812	-3
813	-3
814	-3
815	-2
816	-3
817	-3
818	-3
819	-3
820	-4
821	-3
822	-4
823	-3
824	-4
825	-3
826	-5
827	-3
828	-4
829	-2
830	-5
831	-2
832	-4
833	-3
834	-5
835	-3
836	-4
837	-4
838	-4
839	-4
840	-4
841	-4
842	-4
843	-4
844	-5
845	-4
846	-5
847	-4
848	-5
849	-4
850	-3
851	-3
852	-4
853	-4
854	-5
855	-3
856	-5
857	-3
858	-5
859	-4
860	-7
861	-4
862	-5
863	-3
864	-4
865	-4
866	-4
867	-4
868	-3
869	-3
870	-5
871	-3
872	-4
873	-3
874	-5
875	-3
876	-5
877	-2
878	-5
879	-3
880	-6
881	-3
882	-4
883	-2
884	-4
885	-4
886	-5
887	-3
888	-4
889	-2
890	-4
891	-3
892	-5
893	-2
894	-2
895	-3
896	-4
897	-1
898	-3
899	-3
900	-5
901	-3
902	-4
903	-3
904	-3
905	-2
906	-2
907	-2
908	-2
909	-2
910	-3
911	-2
912	-3
913	-1
914	-2
915	-2
916	-3
917	-1
918	-3
919	-1
920	-2
921	-2
922	-2
923	-1
924	-2
925	-1
926	-3
927	0
928	-2
929	-2
930	-4
931	-1
932	-4
933	-2
934	-4
935	-2
936	-5
937	-2
938	-4
939	-2
940	-2
941	-2
942	-2
943	-2
944	-3
945	-2
946	-2
947	-2
948	-2
949	-2
950	-2
951	-2
952	-1
953	-2
954	-2
955	-1
956	-2
957	-2
958	-2
959	-1
960	-2
961	-2
962	-4
963	-1
964	-2
965	-1
966	-2
967	-1
968	-3
969	-2
970	-3
971	-2
972	-4
973	-3
974	-3
975	-2
976	-2
977	-3
978	-3
979	-2
980	-2
981	-2
982	-2
983	-2
984	-4
985	-3
986	-3
987	-2
988	-2
989	-2
990	-1
991	-2
992	-2
993	-1
994	-2
995	-1
996	-1
997	-1
998	-2
999	-1
1000	-2
1001	0
1002	-2
1003	-1
1004	0
1005	-1
1006	-1
1007	0
1008	0
1009	-1
1010	0
1011	0
1012	-1
1013	-1
1014	-2
1015	-1
1016	-2
1017	-1
1018	-2
1019	0
1020	-1
1021	0
1022	-1
1023	0
1024	-1
1025	0
1026	-2
1027	0
1028	-1
1029	0
1030	-1
1031	-1
1032	-2
1033	0
1034	-1
1035	0
1036	-1
1037	0
1038	0
1039	0
1040	0
1041	0
1042	0
1043	-1
1044	-1
1045	-1
1046	-1
1047	0
1048	-2
1049	0
1050	0
1051	-1
1052	-2
1053	0
1054	-2
1055	0
1056	-2
1057	0
1058	-1
1059	-1
1060	-2
1061	0
1062	-1
1063	-1
1064	0
1065	0
1066	0
1067	0
1068	-1
1069	0
1070	-1
1071	0
1072	-1
1073	0
1074	0
1075	0
1076	-1
1077	0
1078	-2
1079	0
1080	-1
1081	0
1082	0
1083	0
1084	0
1085	0
1086	-1
1087	0
1088	0
1089	0
1090	0
1091	0
1092	-1
1093	0
1094	-1
1095	0
1096	0
1097	0
1098	0
1099	0
1100	0
1101	0
1102	0
1103	0
1104	0
1105	0
1106	0
1107	0
1108	-1
1109	0
1110	-1
1111	0
1112	0
1113	0
1114	-1
1115	0
1116	-1
1117	0
1118	-1
1119	0
1120	-1
1121	0
1122	-1
1123	0
1124	-1
1125	0
1126	0
1127	0
1128	0
1129	0
1130	0
1131	0
1132	0
1133	0
1134	0
1135	0
1136	0
1137	0
1138	0
1139	0
1140	0
1141	0
1142	0
1143	0
1144	0
1145	0
1146	0
1147	0
1148	0
1149	0
1150	-1
1151	0
1152	0
1153	0
1154	0
1155	1
1156	0
1157	1
1158	0
1159	0
1160	0
1161	0
1162	0
1163	0
1164	0
1165	0
1166	0
1167	0
1168	0
1169	0
1170	0
1171	1
1172	0
1173	1
1174	1
1175	1
1176	0
1177	0
1178	0
1179	1
1180	1
1181	2
1182	1
1183	2
1184	2
1185	1
1186	2
1187	2
1188	2
1189	2
1190	2
1191	2
1192	1
1193	3
1194	2
1195	3
1196	2
1197	3
1198	2
1199	3
1200	2
1201	3
1202	2
1203	3
1204	2
1205	3
1206	3
1207	3
1208	3
1209	3
1210	2
1211	3
1212	2
1213	2
1214	2
1215	2
1216	1
1217	3
1218	1
1219	3
1220	2
1221	2
1222	3
1223	3
1224	2
1225	3
1226	2
1227	3
1228	2
1229	3
1230	3
1231	2
1232	2
1233	3
1234	2
1235	1
1236	1
1237	2
1238	1
1239	2
1240	1
1241	2
1242	1
1243	1
1244	1
1245	1
1246	1
1247	1
1248	0
1249	1
1250	0
1251	1
1252	1
1253	1
1254	0
1255	2
1256	0
1257	2
1258	0
1259	0
1260	0
1261	1
1262	1
1263	0
1264	0
1265	0
1266	0
1267	1
1268	0
1269	1
1270	0
1271	1
1272	0
1273	0
1274	0
1275	1
1276	0
1277	1
1278	0
1279	0
1280	0
1281	1
1282	0
1283	0
1284	0
1285	1
1286	1
1287	1
1288	0
1289	0
1290	0
1291	1
1292	1
1293	1
1294	1
1295	1
1296	1
1297	1
1298	0
1299	1
1300	0
1301	1
1302	0
1303	1
1304	0
1305	1
1306	0
1307	1
1308	0
1309	0
1310	1
1311	1
1312	0
1313	0
1314	0
1315	0
1316	0
1317	0
1318	0
1319	0
1320	0
1321	0
1322	0
1323	0
1324	0
1325	0
1326	0
1327	0
1328	0
1329	0
1330	0
1331	0
1332	0
1333	0
1334	0
1335	0
1336	0
1337	1
1338	0
1339	0
1340	0
1341	0
1342	0
1343	1
1344	0
1345	1
1346	0
1347	0
1348	0
1349	1
1350	0
1351	1
1352	0
1353	1
1354	1
1355	2
1356	0
1357	1
1358	1
1359	1
1360	0
1361	2
1362	1
1363	2
1364	2
1365	2
1366	0
1367	2
1368	1
1369	1
1370	0
1371	0
1372	0
1373	0
1374	0
1375	0
1376	0
1377	0
1378	0
1379	0
1380	-1
1381	0
1382	-1
1383	0
1384	0
1385	0
1386	0
1387	0
1388	-1
1389	0
1390	0
1391	0
1392	0
1393	0
1394	0
1395	0
1396	0
1397	0
1398	0
1399	0
1400	0
1401	1
1402	1
1403	2
1404	1
1405	2
1406	2
1407	3
1408	3
1409	3
1410	3
1411	3
1412	1
1413	3
1414	2
1415	3
1416	1
1417	2
1418	0
1419	3
1420	2
1421	4
1422	1
1423	3
1424	1
1425	1
1426	0
1427	1
1428	0
1429	0
1430	0
1431	1
1432	0
1433	0
1434	0
1435	0
1436	0
1437	0
1438	0
1439	0
1440	0
1441	1
1442	1
1443	1
1444	0
1445	1
1446	0
1447	2
1448	0
1449	1
1450	1
1451	2
1452	1
1453	2
1454	1
1455	2
1456	2
1457	2
1458	1
1459	2
1460	1
1461	1
1462	2
1463	0
1464	0
1465	0
1466	0
1467	0
1468	0
1469	0
1470	0
1471	0
1472	0
1473	0
1474	-1
1475	0
1476	0
1477	0
1478	0
1479	-1
1480	-1
1481	0
1482	-1
1483	0
1484	-1
1485	0
1486	0
1487	1
1488	0
1489	1
1490	0
1491	1
1492	1
1493	1
1494	0
1495	2
1496	1
1497	3
1498	0
1499	3
1500	2
1501	2
1502	1
1503	1
1504	2
1505	1
1506	2
1507	1
1508	3
1509	3
1510	2
1511	2
1512	3
1513	3
1514	3
1515	3
1516	2
1517	2
1518	3
1519	2
1520	2
1521	2
1522	1
1523	1
1524	1
1525	1
1526	0
1527	3
1528	1
1529	1
1530	2
1531	2
1532	1
1533	3
1534	3
1535	2
1536	0
1537	4
1538	1
1539	3
1540	3
1541	4
1542	2
1543	4
1544	4
1545	3
1546	3
1547	4
1548	3
1549	5
1550	3
1551	4
1552	4
1553	4
1554	4
1555	4
1556	4
1557	3
1558	4
1559	4
1560	3
1561	3
1562	3
1563	4
1564	2
1565	4
1566	2
1567	3
1568	2
1569	4
1570	3
1571	2
1572	2
1573	3
1574	1
1575	2
1576	0
1577	1
1578	1
1579	2
1580	1
1581	2
1582	1
1583	2
1584	1
1585	1
1586	1
1587	2
1588	1
1589	2
1590	1
1591	2
1592	0
1593	1
1594	0
1595	1
1596	1
1597	2
1598	1
1599	2
1600	1
1601	2
1602	3
1603	2
1604	2
1605	2
1606	1
1607	2
1608	1
1609	2
1610	2
1611	3
1612	2
1613	3
1614	2
1615	3
1616	2
1617	3
1618	2
1619	2
1620	2
1621	1
1622	2
1623	3
1624	1
1625	2
1626	2
1627	2
1628	3
1629	3
1630	2
1631	3
1632	2
1633	3
1634	1
1635	2
1636	1
1637	3
1638	1
1639	2
1640	1
1641	3
1642	1
1643	4
1644	2
1645	4
1646	3
1647	3
1648	2
1649	4
1650	3
1651	4
1652	2
1653	4
1654	2
1655	4
1656	2
1657	4
1658	3
1659	3
1660	2
1661	3
1662	3
1663	4
1664	2
1665	3
1666	3
1667	3
1668	2
1669	5
1670	3
1671	3
1672	3
1673	4
1674	2
1675	4
1676	3
1677	4
1678	3
1679	5
1680	3
1681	4
1682	3
1683	4
1684	4
1685	4
1686	3
1687	4
1688	1
1689	4
1690	2
1691	3
1692	2
1693	4
1694	3
1695	4
1696	3
1697	4
1698	3
1699	4
1700	2
1701	4
1702	2
1703	4
1704	2
1705	4
1706	3
1707	3
1708	3
1709	4
1710	4
1711	4
1712	3
1713	4
1714	4
1715	5
1716	3
1717	4
1718	4
1719	5
1720	5
1721	4
1722	3
1723	5
1724	4
1725	4
1726	4
1727	4
1728	5
1729	5
1730	4
1731	4
1732	4
1733	4
1734	4
1735	5
1736	3
1737	6
1738	5
1739	5
1740	4
1741	4
1742	4
1743	4
1744	5
1745	4
1746	4
1747	5
1748	5
1749	5
1750	3
1751	5
1752	5
1753	6
1754	4
1755	5
1756	4
1757	5
1758	6
1759	5
1760	5
1761	5
1762	4
1763	4
1764	4
1765	4
1766	4
1767	4
1768	5
1769	6
1770	4
1771	5
1772	3
1773	4
1774	3
1775	4
1776	3
1777	4
1778	4
1779	4
1780	4
1781	3
1782	3
1783	2
1784	2
1785	3
1786	1
1787	3
1788	1
1789	1
1790	2
1791	2
1792	2
1793	4
1794	2
1795	4
1796	1
1797	3
1798	2
1799	2
1800	2
1801	3
1802	1
1803	4
1804	1
1805	3
1806	3
1807	4
1808	2
1809	4
1810	1
1811	4
1812	1
1813	3
1814	2
1815	3
1816	3
1817	3
1818	3
1819	3
1820	2
1821	4
1822	4
1823	4
1824	4
1825	4
1826	3
1827	4
1828	3
1829	3
1830	2
1831	3
1832	2
1833	2
1834	2
1835	3
1836	2
1837	3
1838	3
1839	1
1840	2
1841	2
1842	3
1843	2
1844	2
1845	3
1846	2
1847	3
1848	1
1849	2
1850	2
1851	2
1852	2
1853	2
1854	1
1855	2
1856	1
1857	3
1858	1
1859	2
1860	2
1861	4
1862	2
1863	3
1864	2
1865	3
1866	2
1867	3
1868	2
1869	3
1870	2
1871	4
1872	2
1873	4
1874	2
1875	4
1876	2
1877	5
1878	2
1879	4
1880	2
1881	3
1882	3
1883	4
1884	3
1885	2
1886	4
1887	2
1888	2
1889	2
1890	0
1891	2
1892	1
1893	3
1894	0
1895	3
1896	1
1897	4
1898	0
1899	3
1900	1
1901	2
1902	0
1903	2
1904	1
1905	3
1906	1
1907	3
1908	0
1909	3
1910	1
1911	2
1912	2
1913	3
1914	2
1915	1
1916	2
1917	2
1918	1
1919	3
1920	1
1921	3
1922	1
1923	2
1924	2
1925	3
1926	2
1927	3
1928	2
1929	3
1930	3
1931	3
1932	2
1933	2
1934	1
1935	2
1936	1
1937	2
1938	2
1939	2
1940	2
1941	3
1942	2
1943	3
1944	2
1945	3
1946	1
1947	3
1948	1
1949	3
1950	1
1951	4
1952	2
1953	4
1954	1
1955	3
1956	1
1957	4
1958	1
1959	3
1960	1
1961	3
1962	2
1963	4
1964	3
1965	3
1966	3
1967	4
1968	3
1969	4
1970	3
1971	5
1972	4
1973	3
1974	2
1975	3
1976	3
1977	4
1978	3
1979	3
1980	3
1981	3
1982	3
1983	4
1984	3
1985	4
1986	3
1987	3
1988	1
1989	3
1990	2
1991	3
1992	2
1993	3
1994	2
1995	2
1996	0
1997	2
1998	0
1999	3
