0	3
1	3
2	2
3	4
4	2
5	3
6	2
7	4
8	2
9	4
10	2
11	3
12	3
13	4
14	2
15	3
16	1
17	3
18	3
19	3
20	1
21	3
22	3
23	3
24	2
25	3
26	2
27	4
28	2
29	6
30	2
31	5
32	2
33	5
34	3
35	5
36	3
37	5
38	1
39	4
40	2
41	4
42	2
43	4
44	2
45	3
46	3
47	4
48	2
49	4
50	3
51	4
52	1
53	4
54	2
55	2
56	2
57	4
58	2
59	5
60	2
61	4
62	3
63	3
64	2
65	4
66	2
67	5
68	2
69	5
70	3
71	5
72	2
73	5
74	3
75	6
76	5
77	4
78	2
79	4
80	2
81	4
82	3
83	5
84	3
85	4
86	2
87	4
88	1
89	5
90	1
91	3
92	1
93	2
94	2
95	2
96	1
97	2
98	2
99	3
100	2
101	3
102	2
103	3
104	2
105	2
106	2
107	4
108	2
109	5
110	2
111	4
112	3
113	4
114	3
115	3
116	3
117	3
118	1
119	4
120	2
121	3
122	2
123	3
124	3
125	3
126	3
127	4
128	3
129	4
130	2
131	4
132	3
133	3
134	3
135	3
136	2
137	3
138	2
139	2
140	1
141	2
142	3
143	3
144	1
145	1
146	1
147	2
148	1
149	3
150	1
151	4
152	1
153	2
154	2
155	3
156	3
157	2
158	2
159	4
160	1
161	3
162	1
163	4
164	1
165	3
166	2
167	3
168	3
169	2
170	3
171	3
172	2
173	4
174	3
175	4
176	3
177	4
178	1
179	4
180	3
181	4
182	3
183	3
184	3
185	4
186	3
187	4
188	1
189	5
190	3
191	5
192	3
193	3
194	3
195	3
196	4
197	3
198	3
199	3
200	4
201	4
202	3
203	4
204	4
205	3
206	2
207	4
208	3
209	5
210	2
211	5
212	2
213	3
214	3
215	3
216	2
217	3
218	1
219	4
220	1
221	5
222	3
223	4
224	3
225	4
226	1
227	3
228	2
229	4
230	1
231	4
232	1
233	5
234	1
235	3
236	2
237	2
238	2
239	2
240	1
241	2
242	2
243	3
244	1
245	5
246	2
247	4
248	2
249	4
250	1
251	3
252	3
253	3
254	2
255	4
256	2
257	4
258	3
259	3
260	4
261	4
262	1
263	5
264	2
265	4
266	2
267	4
268	3
269	4
270	2
271	3
272	2
273	3
274	1
275	4
276	3
277	2
278	2
279	3
280	2
281	3
282	2
283	3
284	2
285	3
286	2
287	4
288	3
289	3
290	4
291	4
292	3
293	4
294	1
295	3
296	4
297	4
298	3
299	3
300	3
301	2
302	2
303	4
304	2
305	5
306	3
307	4
308	2
309	5
310	2
311	2
312	3
313	4
314	1
315	3
316	3
317	3
318	2
319	3
320	2
321	3
322	3
323	3
324	3
325	5
326	3
327	5
328	3
329	5
330	2
331	4
332	3
333	4
334	4
335	5
336	4
337	5
338	2
339	4
340	2
341	4
342	2
343	4
344	2
345	4
346	1
347	4
348	1
349	4
350	2
351	4
352	1
353	2
354	1
355	1
356	0
357	2
358	1
359	3
360	0
361	2
362	1
363	2
364	1
365	3
366	0
367	3
368	1
369	3
370	0
371	3
372	1
373	4
374	2
375	3
376	2
377	4
378	1
379	3
380	1
381	2
382	0
383	4
384	3
385	3
386	2
387	3
388	2
389	4
390	2
391	3
392	1
393	4
394	2
395	4
396	2
397	4
398	2
399	4
400	1
401	4
402	1
403	4
404	2
405	4
406	3
407	5
408	3
409	3
410	3
411	4
412	3
413	5
414	2
415	4
416	3
417	3
418	4
419	4
420	3
421	5
422	2
423	4
424	2
425	5
426	4
427	6
428	4
429	4
430	2
431	3
432	3
433	2
434	2
435	5
436	3
437	6
438	4
439	6
440	6
441	9
442	8
443	9
444	10
445	10
446	13
447	15
448	15
449	16
450	18
451	21
452	21
453	23
454	25
455	27
456	27
457	31
458	32
459	35
460	35
461	38
462	38
463	40
464	40
465	44
466	44
467	45
468	46
469	48
470	50
471	50
472	49
473	51
474	49
475	54
476	53
477	55
478	54
479	56
480	56
481	58
482	58
483	59
484	60
485	63
486	60
487	62
488	62
489	63
490	65
491	66
492	65
493	67
494	67
495	70
496	70
497	71
498	72
499	79
500	62
501	73
502	70
503	72
504	70
505	71
506	70
507	72
508	70
509	69
510	69
511	69
512	68
513	68
514	67
515	67
516	66
517	67
518	66
519	65
520	63
521	63
522	60
523	60
524	59
525	58
526	57
527	56
528	55
529	54
530	52
531	52
532	50
533	50
534	49
535	48
536	45
537	45
538	43
539	43
540	39
541	41
542	38
543	37
544	35
545	35
546	33
547	33
548	32
549	31
550	30
551	31
552	29
553	28
554	27
555	28
556	26
557	26
558	24
559	26
560	23
561	23
562	21
563	22
564	21
565	21
566	19
567	19
568	17
569	16
570	15
571	16
572	14
573	15
574	11
575	12
576	9
577	11
578	10
579	8
580	8
581	8
582	7
583	8
584	7
585	8
586	7
587	7
588	7
589	6
590	6
591	6
592	6
593	7
594	5
595	6
596	4
597	7
598	4
599	7
600	4
601	5
602	5
603	5
604	3
605	5
606	3
607	5
608	4
609	3
610	2
611	3
612	1
613	1
614	1
615	2
616	1
617	1
618	1
619	1
620	0
621	2
622	0
623	1
624	0
625	2
626	0
627	1
628	0
629	2
630	0
631	2
632	0
633	2
634	0
635	2
636	1
637	1
638	1
639	1
640	0
641	1
642	0
643	0
644	0
645	0
646	0
647	0
648	0
649	1
650	0
651	0
652	0
653	0
654	0
655	0
656	0
657	0
658	0
659	1
660	0
661	1
662	0
663	1
664	0
665	1
666	0
667	1
668	0
669	1
670	0
671	1
672	0
673	0
674	1
675	1
676	0
677	0
678	0
679	0
680	0
681	0
682	1
683	1
684	0
685	0
686	1
687	0
688	1
689	0
690	0
691	0
692	1
693	2
694	0
695	0
696	0
697	0
698	0
699	1
700	0
701	1
702	0
703	0
704	0
705	0
706	0
707	0
708	0
709	0
710	0
711	1
712	0
713	2
714	0
715	1
716	0
717	0
718	0
719	0
720	0
721	0
722	0
723	1
724	0
725	1
726	0
727	1
728	0
729	0
730	0
731	0
732	0
733	0
734	0
735	1
736	0
737	0
738	0
739	0
740	1
741	0
742	0
743	0
744	1
745	1
746	1
747	1
748	0
749	0
750	0
751	0
752	0
753	1
754	0
755	0
756	0
757	0
758	0
759	0
760	0
761	0
762	0
763	1
764	0
765	0
766	0
767	1
768	0
769	2
770	0
771	1
772	0
773	1
774	0
775	1
776	0
777	0
778	0
779	0
780	0
781	0
782	0
783	0
784	0
785	0
786	0
787	0
788	0
789	0
790	0
791	0
792	0
793	0
794	0
795	1
796	0
797	0
798	0
799	0
800	0
801	0
802	0
803	0
804	0
805	0
806	1
807	0
808	1
809	0
810	0
811	0
812	0
813	1
814	1
815	0
816	0
817	1
818	0
819	1
820	1
821	1
822	0
823	0
824	0
825	0
826	0
827	0
828	0
829	1
830	0
831	0
832	0
833	0
834	0
835	0
836	0
837	0
838	0
839	0
840	0
841	0
842	0
843	0
844	0
845	0
846	-1
847	0
848	0
849	0
850	0
851	0
852	0
853	0
854	0
855	0
856	0
857	0
858	0
859	0
860	0
861	0
862	0
863	0
864	0
865	1
866	0
867	1
868	0
869	0
870	0
871	0
872	0
873	0
874	0
875	0
876	0
877	0
878	0
879	0
880	0
881	1
882	0
883	0
884	0
885	0
886	0
887	1
888	0
889	1
890	0
891	1
892	1
893	2
894	1
895	2
896	1
897	1
898	0
899	0
900	0
901	1
902	1
903	1
904	1
905	2
906	1
907	1
908	0
909	1
910	1
911	1
912	1
913	1
914	0
915	1
916	1
917	1
918	0
919	1
920	1
921	0
922	0
923	1
924	0
925	1
926	1
927	1
928	2
929	1
930	0
931	1
932	1
933	1
934	1
935	1
936	0
937	1
938	0
939	0
940	0
941	1
942	1
943	0
944	0
945	1
946	1
947	1
948	0
949	0
950	0
951	1
952	0
953	1
954	0
955	1
956	0
957	1
958	1
959	0
960	0
961	0
962	0
963	0
964	0
965	0
966	0
967	0
968	0
969	0
970	0
971	0
972	0
973	0
974	0
975	0
976	0
977	0
978	0
979	0
980	0
981	0
982	0
983	0
984	0
985	0
986	0
987	0
988	0
989	0
990	0
991	0
992	0
993	1
994	0
995	0
996	0
997	1
998	0
999	1
1000	1
1001	0
1002	0
1003	0
1004	0
1005	1
1006	0
1007	1
1008	0
1009	0
1010	0
1011	0
1012	0
1013	0
1014	0
1015	0
1016	0
1017	1
1018	0
1019	1
1020	0
1021	0
1022	1
1023	0
1024	0
1025	1
1026	0
1027	1
1028	0
1029	1
1030	0
1031	1
1032	0
1033	0
1034	0
1035	0
1036	0
1037	0
1038	0
1039	0
1040	0
1041	0
1042	0
1043	0
1044	0
1045	0
1046	0
1047	0
1048	0
1049	0
1050	0
1051	0
1052	0
1053	0
1054	0
1055	0
1056	0
1057	0
1058	0
1059	1
1060	0
1061	0
1062	0
1063	0
1064	0
1065	0
1066	0
1067	1
1068	0
1069	0
1070	0
1071	0
1072	0
1073	0
1074	0
1075	0
1076	0
1077	0
1078	0
1079	0
1080	0
1081	0
1082	0
1083	0
1084	0
1085	0
1086	0
1087	0
1088	0
1089	1
1090	0
1091	1
1092	0
1093	0
1094	0
1095	0
1096	0
1097	1
1098	0
1099	1
1100	0
1101	0
1102	0
1103	1
1104	0
1105	1
1106	0
1107	0
1108	0
1109	1
1110	0
1111	1
1112	0
1113	0
1114	1
1115	0
1116	1
1117	0
1118	0
1119	0
1120	1
1121	1
1122	0
1123	0
1124	0
1125	0
1126	0
1127	1
1128	0
1129	1
1130	0
1131	0
1132	0
1133	0
1134	0
1135	0
1136	0
1137	0
1138	0
1139	0
1140	0
1141	0
1142	0
1143	0
1144	0
1145	0
1146	0
1147	0
1148	0
1149	0
1150	0
1151	0
1152	0
1153	0
1154	0
1155	0
1156	0
1157	0
1158	0
1159	0
1160	0
1161	1
1162	0
1163	0
1164	0
1165	0
1166	0
1167	0
1168	0
1169	0
1170	0
1171	0
1172	0
1173	0
1174	0
1175	0
1176	0
1177	0
1178	0
1179	0
1180	0
1181	0
1182	0
1183	0
1184	0
1185	0
1186	0
1187	0
1188	0
1189	0
1190	0
1191	0
1192	0
1193	0
1194	0
1195	0
1196	0
1197	1
1198	0
1199	1
1200	0
1201	2
1202	1
1203	1
1204	1
1205	1
1206	1
1207	1
1208	1
1209	1
1210	1
1211	1
1212	0
1213	1
1214	0
1215	0
1216	0
1217	1
1218	0
1219	1
1220	0
1221	0
1222	0
1223	0
1224	0
1225	1
1226	0
1227	0
1228	0
1229	0
1230	0
1231	0
1232	0
1233	0
1234	0
1235	0
1236	0
1237	1
1238	0
1239	0
1240	0
1241	0
1242	0
1243	1
1244	0
1245	1
1246	0
1247	1
1248	1
1249	0
1250	0
1251	0
1252	0
1253	1
1254	0
1255	0
1256	0
1257	0
1258	0
1259	0
1260	0
1261	0
1262	0
1263	0
1264	0
1265	0
1266	0
1267	0
1268	0
1269	0
1270	0
1271	0
1272	0
1273	0
1274	0
1275	0
1276	0
1277	0
1278	0
1279	1
1280	1
1281	0
1282	0
1283	0
1284	0
1285	0
1286	0
1287	0
1288	0
1289	1
1290	0
1291	0
1292	1
1293	0
1294	1
1295	0
1296	0
1297	1
1298	0
1299	1
1300	0
1301	1
1302	0
1303	1
1304	1
1305	2
1306	0
1307	1
1308	0
1309	1
1310	0
1311	0
1312	0
1313	1
1314	0
1315	0
1316	0
1317	0
1318	0
1319	0
1320	0
1321	0
1322	0
1323	0
1324	0
1325	0
1326	0
1327	0
1328	0
1329	0
1330	0
1331	1
1332	0
1333	0
1334	1
1335	0
1336	0
1337	0
1338	0
1339	0
1340	0
1341	0
1342	1
1343	0
1344	0
1345	0
1346	1
1347	1
1348	0
1349	0
1350	0
1351	1
1352	0
1353	0
1354	0
1355	0
1356	0
1357	0
1358	0
1359	0
1360	0
1361	0
1362	0
1363	0
1364	0
1365	0
1366	0
1367	0
1368	0
1369	0
1370	0
1371	1
1372	0
1373	0
1374	0
1375	0
1376	0
1377	0
1378	0
1379	0
1380	0
1381	0
1382	0
1383	0
1384	0
1385	0
1386	0
1387	0
1388	0
1389	1
1390	0
1391	0
1392	1
1393	1
1394	0
1395	0
1396	1
1397	1
1398	0
1399	0
1400	0
1401	0
1402	0
1403	1
1404	1
1405	1
1406	0
1407	1
1408	0
1409	0
1410	0
1411	0
1412	0
1413	0
1414	0
1415	0
1416	0
1417	0
1418	0
1419	1
1420	0
1421	0
1422	0
1423	0
1424	1
1425	1
1426	2
1427	1
1428	0
1429	2
1430	0
1431	0
1432	0
1433	2
1434	1
1435	0
1436	1
1437	0
1438	0
1439	1
1440	0
1441	0
1442	0
1443	1
1444	1
1445	0
1446	0
1447	0
1448	0
1449	0
1450	0
1451	1
1452	0
1453	0
1454	0
1455	0
1456	1
1457	0
1458	0
1459	0
1460	1
1461	0
1462	1
1463	1
1464	0
1465	0
1466	0
1467	1
1468	0
1469	0
1470	0
1471	0
1472	0
1473	0
1474	0
1475	0
1476	0
1477	0
1478	0
1479	1
1480	0
1481	1
1482	0
1483	1
1484	0
1485	1
1486	0
1487	0
1488	0
1489	1
1490	0
1491	1
1492	0
1493	1
1494	0
1495	0
1496	0
1497	1
1498	0
1499	0
1500	0
1501	1
1502	0
1503	1
1504	0
1505	2
1506	0
1507	1
1508	0
1509	1
1510	0
1511	2
1512	0
1513	1
1514	1
1515	2
1516	2
1517	1
1518	1
1519	1
1520	0
1521	2
1522	2
1523	1
1524	2
1525	2
1526	1
1527	2
1528	3
1529	3
1530	2
1531	2
1532	2
1533	2
1534	2
1535	2
1536	2
1537	2
1538	1
1539	3
1540	2
1541	2
1542	2
1543	3
1544	2
1545	2
1546	2
1547	3
1548	1
1549	3
1550	2
1551	3
1552	1
1553	1
1554	1
1555	3
1556	1
1557	2
1558	1
1559	2
1560	1
1561	2
1562	2
1563	1
1564	0
1565	1
1566	1
1567	2
1568	1
1569	2
1570	2
1571	1
1572	2
1573	3
1574	1
1575	1
1576	1
1577	1
1578	0
1579	2
1580	1
1581	1
1582	0
1583	2
1584	0
1585	2
1586	0
1587	2
1588	0
1589	1
1590	0
1591	2
1592	1
1593	2
1594	1
1595	1
1596	0
1597	2
1598	0
1599	1
1600	0
1601	1
1602	0
1603	2
1604	1
1605	0
1606	1
1607	2
1608	1
1609	1
1610	1
1611	2
1612	0
1613	1
1614	0
1615	1
1616	0
1617	1
1618	1
1619	2
1620	1
1621	0
1622	1
1623	0
1624	0
1625	0
1626	0
1627	1
1628	0
1629	2
1630	0
1631	1
1632	0
1633	1
1634	0
1635	1
1636	1
1637	2
1638	0
1639	1
1640	0
1641	1
1642	1
1643	3
1644	0
1645	2
1646	0
1647	1
1648	0
1649	2
1650	1
1651	1
1652	1
1653	0
1654	0
1655	1
1656	1
1657	0
1658	1
1659	2
1660	1
1661	0
1662	0
1663	1
1664	0
1665	1
1666	1
1667	0
1668	2
1669	2
1670	1
1671	2
1672	1
1673	3
1674	0
1675	2
1676	0
1677	1
1678	0
1679	1
1680	0
1681	1
1682	0
1683	0
1684	1
1685	0
1686	0
1687	0
1688	0
1689	1
1690	0
1691	0
1692	0
1693	1
1694	0
1695	1
1696	0
1697	1
1698	0
1699	1
1700	1
1701	1
1702	0
1703	0
1704	0
1705	1
1706	0
1707	1
1708	1
1709	2
1710	0
1711	1
1712	0
1713	2
1714	0
1715	1
1716	0
1717	2
1718	0
1719	0
1720	0
1721	1
1722	0
1723	2
1724	0
1725	2
1726	0
1727	3
1728	1
1729	2
1730	0
1731	2
1732	0
1733	2
1734	1
1735	2
1736	1
1737	3
1738	0
1739	1
1740	0
1741	2
1742	1
1743	3
1744	1
1745	2
1746	1
1747	1
1748	0
1749	2
1750	1
1751	3
1752	1
1753	2
1754	2
1755	1
1756	0
1757	1
1758	1
1759	2
1760	0
1761	1
1762	0
1763	1
1764	1
1765	1
1766	0
1767	2
1768	0
1769	1
1770	0
1771	2
1772	1
1773	2
1774	0
1775	2
1776	0
1777	2
1778	0
1779	4
1780	1
1781	0
1782	1
1783	1
1784	0
1785	1
1786	0
1787	1
1788	0
1789	2
1790	0
1791	1
1792	0
1793	1
1794	0
1795	1
1796	0
1797	0
1798	0
1799	1
1800	0
1801	0
1802	0
1803	1
1804	0
1805	1
1806	0
1807	1
1808	0
1809	0
1810	0
1811	0
1812	0
1813	1
1814	1
1815	0
1816	0
1817	1
1818	0
1819	1
1820	0
1821	1
1822	0
1823	1
1824	0
1825	3
1826	0
1827	1
1828	0
1829	0
1830	0
1831	2
1832	1
1833	1
1834	1
1835	0
1836	0
1837	0
1838	0
1839	2
1840	0
1841	1
1842	0
1843	2
1844	1
1845	2
1846	0
1847	2
1848	1
1849	2
1850	0
1851	1
1852	1
1853	2
1854	1
1855	1
1856	1
1857	1
1858	1
1859	2
1860	1
1861	1
1862	1
1863	0
1864	1
1865	2
1866	1
1867	1
1868	1
1869	2
1870	1
1871	2
1872	2
1873	2
1874	1
1875	2
1876	0
1877	2
1878	0
1879	1
1880	0
1881	1
1882	0
1883	0
1884	1
1885	1
1886	1
1887	2
1888	1
1889	1
1890	0
1891	1
1892	0
1893	1
1894	1
1895	1
1896	0
1897	1
1898	0
1899	0
1900	0
1901	2
1902	0
1903	2
1904	0
1905	2
1906	1
1907	1
1908	0
1909	1
1910	0
1911	3
1912	0
1913	2
1914	0
1915	0
1916	1
1917	1
1918	1
1919	2
1920	1
1921	2
1922	2
1923	1
1924	1
1925	2
1926	0
1927	2
1928	0
1929	1
1930	1
1931	2
1932	0
1933	1
1934	0
1935	1
1936	0
1937	2
1938	0
1939	2
1940	0
1941	1
1942	0
1943	1
1944	0
1945	2
1946	0
1947	1
1948	0
1949	1
1950	0
1951	2
1952	0
1953	1
1954	0
1955	0
1956	1
1957	1
1958	1
1959	1
1960	0
1961	1
1962	1
1963	1
1964	1
1965	3
1966	2
1967	2
1968	1
1969	1
1970	0
1971	2
1972	1
1973	1
1974	1
1975	1
1976	2
1977	2
1978	1
1979	2
1980	1
1981	2
1982	0
1983	3
1984	1
1985	2
1986	0
1987	0
1988	1
1989	4
1990	0
1991	2
1992	1
1993	1
1994	0
1995	1
1996	1
1997	2
1998	0
1999	2
