0	3
1	3
2	2
3	2
4	2
5	3
6	2
7	2
8	1
9	1
10	1
11	1
12	2
13	1
14	1
15	1
16	1
17	2
18	2
19	1
20	1
21	1
22	2
23	2
24	3
25	3
26	3
27	3
28	2
29	4
30	1
31	2
32	1
33	3
34	1
35	2
36	1
37	3
38	2
39	4
40	2
41	3
42	2
43	2
44	3
45	2
46	2
47	2
48	1
49	3
50	1
51	4
52	2
53	3
54	2
55	2
56	1
57	2
58	2
59	2
60	2
61	3
62	2
63	2
64	2
65	3
66	2
67	2
68	3
69	1
70	3
71	3
72	3
73	3
74	3
75	2
76	3
77	4
78	3
79	3
80	2
81	3
82	3
83	2
84	2
85	2
86	3
87	3
88	3
89	1
90	3
91	2
92	4
93	3
94	3
95	2
96	3
97	2
98	3
99	3
100	2
101	3
102	2
103	3
104	2
105	3
106	3
107	2
108	2
109	2
110	1
111	2
112	2
113	3
114	2
115	2
116	2
117	2
118	3
119	3
120	1
121	2
122	1
123	0
124	1
125	1
126	1
127	1
128	1
129	1
130	2
131	3
132	2
133	3
134	1
135	2
136	3
137	2
138	2
139	2
140	2
141	1
142	2
143	2
144	2
145	2
146	1
147	2
148	2
149	2
150	1
151	2
152	2
153	1
154	2
155	2
156	3
157	2
158	2
159	1
160	2
161	3
162	2
163	3
164	0
165	3
166	1
167	3
168	3
169	2
170	2
171	2
172	1
173	3
174	2
175	2
176	3
177	2
178	2
179	2
180	3
181	1
182	2
183	1
184	3
185	2
186	3
187	1
188	2
189	2
190	2
191	3
192	2
193	4
194	3
195	3
196	3
197	2
198	2
199	1
200	2
201	2
202	2
203	2
204	1
205	2
206	2
207	1
208	2
209	1
210	1
211	2
212	3
213	2
214	2
215	3
216	2
217	3
218	2
219	4
220	3
221	3
222	2
223	2
224	2
225	4
226	2
227	3
228	4
229	4
230	4
231	4
232	4
233	4
234	4
235	4
236	3
237	3
238	4
239	3
240	2
241	3
242	3
243	3
244	3
245	3
246	2
247	3
248	2
249	0
250	3
251	0
252	1
253	1
254	2
255	1
256	1
257	2
258	1
259	2
260	2
261	1
262	2
263	1
264	1
265	1
266	2
267	3
268	1
269	1
270	1
271	2
272	1
273	1
274	0
275	2
276	2
277	2
278	1
279	1
280	1
281	1
282	2
283	2
284	1
285	2
286	2
287	2
288	2
289	1
290	3
291	3
292	3
293	4
294	3
295	3
296	3
297	4
298	4
299	3
300	3
301	3
302	4
303	2
304	2
305	2
306	2
307	2
308	4
309	1
310	3
311	2
312	2
313	2
314	3
315	3
316	1
317	3
318	2
319	3
320	3
321	2
322	4
323	3
324	4
325	3
326	4
327	1
328	3
329	3
330	3
331	3
332	4
333	5
334	4
335	4
336	3
337	4
338	3
339	4
340	2
341	2
342	3
343	2
344	3
345	2
346	3
347	2
348	1
349	2
350	1
351	2
352	2
353	3
354	2
355	3
356	1
357	2
358	1
359	3
360	1
361	3
362	2
363	1
364	2
365	2
366	3
367	3
368	3
369	1
370	1
371	2
372	2
373	2
374	1
375	2
376	1
377	3
378	3
379	1
380	2
381	2
382	2
383	3
384	2
385	1
386	2
387	2
388	1
389	4
390	2
391	1
392	2
393	3
394	2
395	2
396	2
397	3
398	2
399	3
400	3
401	2
402	3
403	2
404	2
405	1
406	1
407	1
408	2
409	2
410	2
411	3
412	3
413	4
414	4
415	6
416	6
417	10
418	10
419	12
420	14
421	16
422	20
423	23
424	26
425	29
426	33
427	36
428	40
429	44
430	50
431	52
432	56
433	61
434	64
435	69
436	74
437	78
438	81
439	85
440	90
441	93
442	98
443	101
444	105
445	108
446	111
447	116
448	119
449	119
450	124
451	125
452	129
453	130
454	132
455	134
456	134
457	136
458	136
459	139
460	139
461	141
462	139
463	140
464	139
465	139
466	139
467	139
468	137
469	136
470	135
471	134
472	131
473	129
474	125
475	124
476	123
477	121
478	120
479	118
480	116
481	114
482	110
483	108
484	105
485	105
486	101
487	98
488	96
489	94
490	92
491	91
492	87
493	85
494	80
495	78
496	78
497	77
498	77
499	78
500	62
501	67
502	64
503	63
504	61
505	61
506	58
507	56
508	54
509	51
510	50
511	50
512	49
513	48
514	45
515	42
516	40
517	39
518	37
519	37
520	35
521	35
522	33
523	33
524	32
525	31
526	26
527	26
528	25
529	25
530	23
531	22
532	21
533	20
534	20
535	19
536	19
537	18
538	17
539	17
540	16
541	15
542	13
543	13
544	11
545	9
546	8
547	7
548	7
549	6
550	4
551	4
552	4
553	4
554	3
555	3
556	3
557	2
558	2
559	2
560	2
561	1
562	1
563	1
564	1
565	2
566	0
567	1
568	0
569	0
570	0
571	0
572	0
573	-1
574	0
575	0
576	-1
577	-1
578	-1
579	-2
580	-3
581	-3
582	-1
583	-1
584	-2
585	-4
586	-3
587	-3
588	-2
589	-4
590	-4
591	-4
592	-4
593	-4
594	-4
595	-4
596	-4
597	-4
598	-6
599	-4
600	-6
601	-4
602	-4
603	-5
604	-6
605	-5
606	-6
607	-6
608	-6
609	-5
610	-7
611	-6
612	-6
613	-6
614	-7
615	-6
616	-6
617	-6
618	-5
619	-6
620	-5
621	-5
622	-4
623	-4
624	-7
625	-5
626	-6
627	-7
628	-5
629	-5
630	-6
631	-5
632	-7
633	-8
634	-7
635	-6
636	-7
637	-6
638	-8
639	-7
640	-4
641	-6
642	-5
643	-5
644	-6
645	-7
646	-5
647	-6
648	-6
649	-7
650	-6
651	-8
652	-7
653	-7
654	-7
655	-6
656	-7
657	-7
658	-7
659	-8
660	-7
661	-8
662	-6
663	-6
664	-7
665	-7
666	-9
667	-7
668	-6
669	-7
670	-6
671	-6
672	-6
673	-7
674	-7
675	-6
676	-4
677	-6
678	-6
679	-5
680	-5
681	-6
682	-6
683	-8
684	-6
685	-6
686	-7
687	-4
688	-5
689	-5
690	-5
691	-5
692	-6
693	-5
694	-7
695	-6
696	-7
697	-5
698	-7
699	-7
700	-5
701	-7
702	-7
703	-8
704	-6
705	-7
706	-7
707	-8
708	-7
709	-7
710	-7
711	-8
712	-8
713	-8
714	-9
715	-7
716	-8
717	-7
718	-6
719	-6
720	-9
721	-7
722	-8
723	-8
724	-5
725	-7
726	-7
727	-8
728	-7
729	-8
730	-5
731	-7
732	-7
733	-7
734	-7
735	-6
736	-7
737	-6
738	-5
739	-7
740	-6
741	-7
742	-6
743	-6
744	-6
745	-8
746	-7
747	-8
748	-8
749	-6
750	-8
751	-6
752	-8
753	-8
754	-8
755	-7
756	-8
757	-7
758	-7
759	-8
760	-8
761	-9
762	-7
763	-8
764	-8
765	-8
766	-8
767	-8
768	-8
769	-8
770	-7
771	-7
772	-7
773	-9
774	-7
775	-7
776	-6
777	-6
778	-5
779	-9
780	-7
781	-8
782	-7
783	-8
784	-6
785	-7
786	-6
787	-8
788	-7
789	-8
790	-7
791	-7
792	-7
793	-7
794	-7
795	-8
796	-7
797	-8
798	-7
799	-7
800	-8
801	-9
802	-8
803	-8
804	-7
805	-7
806	-6
807	-8
808	-7
809	-5
810	-7
811	-7
812	-5
813	-5
814	-6
815	-6
816	-7
817	-5
818	-6
819	-6
820	-6
821	-5
822	-4
823	-5
824	-5
825	-5
826	-5
827	-6
828	-6
829	-6
830	-6
831	-7
832	-8
833	-4
834	-7
835	-6
836	-6
837	-6
838	-7
839	-4
840	-5
841	-5
842	-5
843	-6
844	-6
845	-6
846	-6
847	-6
848	-5
849	-6
850	-5
851	-6
852	-5
853	-6
854	-6
855	-5
856	-6
857	-5
858	-4
859	-6
860	-6
861	-6
862	-5
863	-5
864	-5
865	-6
866	-6
867	-5
868	-6
869	-5
870	-6
871	-5
872	-6
873	-3
874	-4
875	-6
876	-4
877	-5
878	-4
879	-5
880	-5
881	-5
882	-4
883	-5
884	-4
885	-5
886	-5
887	-4
888	-5
889	-4
890	-6
891	-4
892	-4
893	-4
894	-4
895	-4
896	-5
897	-5
898	-3
899	-4
900	-5
901	-5
902	-5
903	-7
904	-7
905	-5
906	-4
907	-5
908	-3
909	-3
910	-3
911	-4
912	-5
913	-4
914	-5
915	-4
916	-4
917	-5
918	-4
919	-5
920	-4
921	-4
922	-4
923	-4
924	-4
925	-4
926	-4
927	-4
928	-5
929	-5
930	-4
931	-4
932	-4
933	-4
934	-4
935	-4
936	-4
937	-3
938	-4
939	-3
940	-4
941	-2
942	-3
943	-3
944	-3
945	-3
946	-4
947	-3
948	-4
949	-4
950	-4
951	-4
952	-3
953	-2
954	-2
955	-3
956	-2
957	-4
958	-2
959	-3
960	-2
961	-2
962	-2
963	-4
964	-4
965	-4
966	-4
967	-4
968	-2
969	-4
970	-4
971	-3
972	-5
973	-3
974	-4
975	-4
976	-2
977	-4
978	-2
979	-2
980	-1
981	-3
982	-1
983	-2
984	-2
985	-1
986	-1
987	-1
988	0
989	-2
990	-1
991	-2
992	-2
993	0
994	-1
995	-1
996	-1
997	-2
998	-2
999	-2
1000	-2
1001	-2
1002	-1
1003	-1
1004	-1
1005	-1
1006	-2
1007	-2
1008	-2
1009	-1
1010	-2
1011	-2
1012	-2
1013	-3
1014	-1
1015	-2
1016	-1
1017	-2
1018	-3
1019	-2
1020	-3
1021	-3
1022	-1
1023	-2
1024	-3
1025	-3
1026	-4
1027	-1
1028	-3
1029	-2
1030	-3
1031	-2
1032	-3
1033	-3
1034	-3
1035	-1
1036	-2
1037	-1
1038	-2
1039	-2
1040	-2
1041	-1
1042	-1
1043	-2
1044	-1
1045	-1
1046	-2
1047	-1
1048	-2
1049	-2
1050	-1
1051	-1
1052	-1
1053	-1
1054	-2
1055	-1
1056	-2
1057	-1
1058	-3
1059	-1
1060	-3
1061	-2
1062	-2
1063	-1
1064	-2
1065	-2
1066	-2
1067	-1
1068	-3
1069	-2
1070	-1
1071	-2
1072	-1
1073	-1
1074	0
1075	0
1076	-2
1077	0
1078	0
1079	0
1080	-3
1081	-2
1082	-1
1083	-1
1084	-1
1085	-1
1086	0
1087	0
1088	0
1089	0
1090	-1
1091	0
1092	0
1093	-1
1094	0
1095	0
1096	0
1097	0
1098	0
1099	0
1100	0
1101	0
1102	0
1103	0
1104	0
1105	0
1106	0
1107	0
1108	0
1109	0
1110	0
1111	0
1112	0
1113	0
1114	0
1115	0
1116	0
1117	0
1118	0
1119	0
1120	0
1121	1
1122	1
1123	0
1124	1
1125	1
1126	1
1127	1
1128	1
1129	1
1130	2
1131	1
1132	1
1133	2
1134	2
1135	1
1136	1
1137	3
1138	2
1139	3
1140	2
1141	2
1142	2
1143	1
1144	1
1145	2
1146	2
1147	2
1148	1
1149	1
1150	1
1151	1
1152	1
1153	0
1154	2
1155	1
1156	2
1157	2
1158	1
1159	1
1160	2
1161	1
1162	1
1163	1
1164	1
1165	1
1166	0
1167	1
1168	0
1169	0
1170	0
1171	0
1172	1
1173	1
1174	0
1175	0
1176	0
1177	1
1178	1
1179	1
1180	1
1181	1
1182	0
1183	0
1184	0
1185	0
1186	0
1187	0
1188	1
1189	0
1190	0
1191	0
1192	0
1193	0
1194	0
1195	0
1196	0
1197	0
1198	0
1199	0
1200	0
1201	0
1202	0
1203	0
1204	0
1205	0
1206	0
1207	0
1208	0
1209	0
1210	0
1211	0
1212	-1
1213	-1
1214	0
1215	-1
1216	-1
1217	0
1218	0
1219	0
1220	0
1221	0
1222	0
1223	-1
1224	0
1225	0
1226	-1
1227	0
1228	0
1229	-1
1230	0
1231	0
1232	0
1233	0
1234	0
1235	0
1236	0
1237	0
1238	0
1239	0
1240	0
1241	0
1242	0
1243	0
1244	0
1245	0
1246	0
1247	0
1248	0
1249	0
1250	0
1251	0
1252	0
1253	0
1254	0
1255	0
1256	0
1257	0
1258	0
1259	0
1260	0
1261	0
1262	0
1263	0
1264	0
1265	1
1266	0
1267	1
1268	1
1269	1
1270	1
1271	1
1272	1
1273	1
1274	1
1275	1
1276	1
1277	2
1278	1
1279	2
1280	3
1281	1
1282	2
1283	2
1284	2
1285	2
1286	2
1287	2
1288	2
1289	2
1290	1
1291	3
1292	3
1293	2
1294	2
1295	3
1296	3
1297	3
1298	2
1299	3
1300	2
1301	3
1302	3
1303	2
1304	2
1305	3
1306	2
1307	2
1308	2
1309	2
1310	2
1311	2
1312	2
1313	2
1314	2
1315	2
1316	1
1317	2
1318	1
1319	2
1320	2
1321	1
1322	1
1323	1
1324	1
1325	1
1326	0
1327	0
1328	0
1329	0
1330	0
1331	0
1332	0
1333	1
1334	0
1335	0
1336	0
1337	0
1338	0
1339	0
1340	0
1341	0
1342	0
1343	0
1344	0
1345	0
1346	0
1347	0
1348	0
1349	0
1350	0
1351	1
1352	0
1353	0
1354	0
1355	0
1356	0
1357	0
1358	0
1359	0
1360	0
1361	0
1362	0
1363	0
1364	0
1365	0
1366	0
1367	0
1368	0
1369	0
1370	-1
1371	0
1372	0
1373	0
1374	0
1375	0
1376	0
1377	0
1378	0
1379	0
1380	0
1381	0
1382	0
1383	0
1384	0
1385	0
1386	0
1387	0
1388	0
1389	0
1390	0
1391	0
1392	0
1393	1
1394	0
1395	0
1396	1
1397	0
1398	1
1399	1
1400	1
1401	1
1402	1
1403	2
1404	2
1405	2
1406	2
1407	2
1408	3
1409	2
1410	2
1411	3
1412	3
1413	2
1414	2
1415	2
1416	2
1417	2
1418	3
1419	2
1420	3
1421	2
1422	2
1423	2
1424	2
1425	3
1426	3
1427	2
1428	3
1429	2
1430	2
1431	2
1432	2
1433	3
1434	3
1435	2
1436	2
1437	2
1438	2
1439	2
1440	1
1441	2
1442	2
1443	1
1444	2
1445	2
1446	1
1447	2
1448	2
1449	2
1450	1
1451	1
1452	1
1453	2
1454	2
1455	1
1456	1
1457	1
1458	1
1459	2
1460	0
1461	1
1462	1
1463	1
1464	1
1465	0
1466	1
1467	0
1468	0
1469	0
1470	1
1471	1
1472	1
1473	0
1474	0
1475	0
1476	0
1477	0
1478	0
1479	0
1480	0
1481	0
1482	0
1483	0
1484	0
1485	0
1486	0
1487	0
1488	0
1489	0
1490	0
1491	0
1492	0
1493	0
1494	0
1495	0
1496	0
1497	0
1498	0
1499	0
1500	0
1501	0
1502	0
1503	0
1504	0
1505	0
1506	0
1507	0
1508	0
1509	0
1510	0
1511	0
1512	0
1513	0
1514	1
1515	1
1516	1
1517	0
1518	0
1519	0
1520	1
1521	0
1522	0
1523	0
1524	0
1525	0
1526	0
1527	0
1528	0
1529	0
1530	0
1531	0
1532	0
1533	0
1534	0
1535	0
1536	0
1537	-1
1538	0
1539	0
1540	-1
1541	0
1542	0
1543	0
1544	0
1545	0
1546	0
1547	0
1548	0
1549	0
1550	0
1551	0
1552	0
1553	0
1554	0
1555	0
1556	0
1557	0
1558	0
1559	0
1560	0
1561	1
1562	0
1563	0
1564	0
1565	0
1566	0
1567	0
1568	0
1569	0
1570	0
1571	0
1572	0
1573	0
1574	0
1575	1
1576	0
1577	0
1578	0
1579	0
1580	0
1581	0
1582	0
1583	0
1584	0
1585	0
1586	0
1587	0
1588	0
1589	0
1590	0
1591	0
1592	0
1593	0
1594	0
1595	0
1596	0
1597	0
1598	0
1599	1
1600	0
1601	0
1602	0
1603	0
1604	0
1605	0
1606	0
1607	0
1608	0
1609	0
1610	0
1611	0
1612	0
1613	0
1614	0
1615	0
1616	0
1617	0
1618	0
1619	0
1620	0
1621	0
1622	0
1623	0
1624	0
1625	0
1626	0
1627	0
1628	0
1629	0
1630	0
1631	0
1632	0
1633	0
1634	0
1635	0
1636	0
1637	0
1638	0
1639	0
1640	0
1641	0
1642	0
1643	0
1644	0
1645	0
1646	0
1647	0
1648	0
1649	0
1650	0
1651	0
1652	0
1653	0
1654	0
1655	1
1656	1
1657	0
1658	1
1659	0
1660	0
1661	0
1662	0
1663	0
1664	0
1665	0
1666	0
1667	0
1668	0
1669	0
1670	0
1671	0
1672	0
1673	0
1674	0
1675	0
1676	0
1677	0
1678	0
1679	0
1680	0
1681	0
1682	0
1683	0
1684	0
1685	0
1686	0
1687	0
1688	0
1689	0
1690	0
1691	0
1692	0
1693	0
1694	0
1695	1
1696	0
1697	0
1698	0
1699	0
1700	1
1701	1
1702	0
1703	0
1704	0
1705	0
1706	0
1707	0
1708	0
1709	0
1710	0
1711	0
1712	0
1713	0
1714	0
1715	0
1716	0
1717	0
1718	0
1719	0
1720	0
1721	0
1722	0
1723	0
1724	0
1725	0
1726	0
1727	0
1728	0
1729	0
1730	0
1731	0
1732	0
1733	0
1734	1
1735	1
1736	0
1737	1
1738	0
1739	1
1740	1
1741	0
1742	0
1743	0
1744	1
1745	0
1746	0
1747	0
1748	1
1749	0
1750	1
1751	0
1752	1
1753	0
1754	0
1755	0
1756	1
1757	0
1758	1
1759	1
1760	2
1761	0
1762	1
1763	0
1764	1
1765	0
1766	0
1767	0
1768	0
1769	0
1770	0
1771	0
1772	0
1773	0
1774	0
1775	0
1776	0
1777	0
1778	0
1779	1
1780	1
1781	1
1782	0
1783	0
1784	2
1785	0
1786	1
1787	0
1788	1
1789	1
1790	1
1791	1
1792	1
1793	1
1794	1
1795	1
1796	1
1797	1
1798	0
1799	1
1800	1
1801	0
1802	0
1803	0
1804	0
1805	0
1806	0
1807	0
1808	0
1809	0
1810	0
1811	0
1812	0
1813	0
1814	0
1815	0
1816	0
1817	0
1818	1
1819	0
1820	0
1821	1
1822	0
1823	0
1824	0
1825	0
1826	0
1827	0
1828	0
1829	0
1830	0
1831	0
1832	0
1833	0
1834	0
1835	0
1836	0
1837	0
1838	0
1839	0
1840	0
1841	0
1842	1
1843	1
1844	0
1845	2
1846	1
1847	1
1848	1
1849	2
1850	1
1851	1
1852	1
1853	1
1854	2
1855	2
1856	2
1857	3
1858	1
1859	2
1860	1
1861	1
1862	1
1863	1
1864	1
1865	2
1866	0
1867	1
1868	2
1869	1
1870	0
1871	1
1872	2
1873	1
1874	1
1875	1
1876	1
1877	1
1878	2
1879	1
1880	1
1881	0
1882	2
1883	1
1884	2
1885	0
1886	2
1887	1
1888	1
1889	1
1890	0
1891	1
1892	0
1893	0
1894	1
1895	0
1896	0
1897	0
1898	0
1899	0
1900	0
1901	0
1902	0
1903	0
1904	0
1905	0
1906	0
1907	0
1908	0
1909	0
1910	0
1911	0
1912	0
1913	1
1914	0
1915	1
1916	0
1917	0
1918	0
1919	0
1920	2
1921	1
1922	1
1923	2
1924	2
1925	2
1926	1
1927	1
1928	2
1929	3
1930	1
1931	2
1932	1
1933	0
1934	0
1935	0
1936	0
1937	0
1938	0
1939	0
1940	0
1941	0
1942	0
1943	0
1944	0
1945	0
1946	0
1947	0
1948	0
1949	0
1950	0
1951	1
1952	1
1953	1
1954	3
1955	2
1956	2
1957	2
1958	3
1959	2
1960	4
1961	4
1962	2
1963	4
1964	4
1965	4
1966	4
1967	3
1968	3
1969	2
1970	4
1971	4
1972	3
1973	4
1974	4
1975	4
1976	4
1977	4
1978	4
1979	4
1980	3
1981	4
1982	4
1983	4
1984	3
1985	3
1986	3
1987	3
1988	4
1989	3
1990	4
1991	4
1992	3
1993	4
1994	3
1995	3
1996	3
1997	3
1998	3
1999	3
