0	2
1	1
2	2
3	3
4	2
5	3
6	1
7	2
8	1
9	1
10	1
11	3
12	2
13	3
14	2
15	2
16	2
17	2
18	3
19	2
20	3
21	2
22	2
23	3
24	2
25	2
26	2
27	3
28	2
29	3
30	4
31	2
32	2
33	3
34	2
35	2
36	1
37	2
38	3
39	1
40	2
41	2
42	2
43	2
44	2
45	2
46	2
47	2
48	3
49	2
50	2
51	2
52	3
53	1
54	4
55	2
56	3
57	2
58	2
59	1
60	2
61	1
62	2
63	2
64	1
65	2
66	1
67	1
68	1
69	1
70	3
71	1
72	1
73	0
74	1
75	0
76	1
77	1
78	2
79	1
80	2
81	2
82	2
83	2
84	1
85	2
86	2
87	3
88	2
89	3
90	3
91	1
92	1
93	1
94	2
95	1
96	3
97	2
98	2
99	2
100	0
101	1
102	2
103	1
104	2
105	0
106	3
107	0
108	2
109	2
110	3
111	1
112	2
113	0
114	1
115	1
116	0
117	1
118	2
119	1
120	2
121	1
122	1
123	0
124	1
125	0
126	0
127	1
128	1
129	2
130	2
131	1
132	2
133	1
134	3
135	0
136	2
137	2
138	2
139	2
140	2
141	3
142	2
143	2
144	3
145	2
146	4
147	3
148	2
149	2
150	3
151	1
152	3
153	3
154	3
155	3
156	3
157	2
158	2
159	2
160	4
161	1
162	2
163	0
164	2
165	1
166	1
167	1
168	0
169	2
170	2
171	1
172	1
173	1
174	2
175	2
176	2
177	2
178	0
179	1
180	1
181	1
182	0
183	2
184	1
185	3
186	1
187	2
188	1
189	0
190	1
191	0
192	0
193	0
194	0
195	0
196	1
197	2
198	1
199	1
200	1
201	1
202	1
203	1
204	1
205	2
206	2
207	1
208	1
209	0
210	2
211	1
212	2
213	2
214	2
215	1
216	2
217	2
218	2
219	1
220	2
221	0
222	1
223	0
224	2
225	1
226	3
227	0
228	2
229	0
230	1
231	0
232	1
233	0
234	1
235	0
236	1
237	0
238	1
239	0
240	1
241	0
242	0
243	0
244	1
245	0
246	1
247	0
248	2
249	0
250	1
251	1
252	1
253	2
254	1
255	2
256	2
257	1
258	1
259	1
260	2
261	1
262	3
263	2
264	3
265	1
266	2
267	1
268	1
269	1
270	3
271	1
272	2
273	1
274	3
275	2
276	1
277	1
278	1
279	1
280	2
281	1
282	2
283	1
284	2
285	1
286	2
287	0
288	1
289	0
290	0
291	1
292	2
293	1
294	1
295	0
296	2
297	1
298	2
299	2
300	2
301	1
302	2
303	2
304	1
305	1
306	2
307	1
308	2
309	2
310	3
311	1
312	2
313	2
314	2
315	1
316	2
317	1
318	2
319	1
320	2
321	1
322	0
323	1
324	1
325	1
326	1
327	2
328	1
329	1
330	1
331	1
332	2
333	1
334	1
335	0
336	2
337	1
338	0
339	2
340	1
341	0
342	2
343	1
344	3
345	1
346	2
347	1
348	1
349	1
350	1
351	0
352	1
353	0
354	1
355	1
356	1
357	2
358	1
359	0
360	0
361	1
362	2
363	1
364	1
365	1
366	1
367	1
368	2
369	2
370	1
371	2
372	2
373	3
374	3
375	2
376	2
377	2
378	2
379	1
380	1
381	2
382	1
383	2
384	1
385	2
386	1
387	1
388	1
389	0
390	1
391	0
392	1
393	3
394	1
395	2
396	1
397	1
398	0
399	1
400	2
401	1
402	2
403	2
404	3
405	2
406	2
407	2
408	3
409	2
410	2
411	1
412	2
413	2
414	2
415	2
416	3
417	1
418	2
419	1
420	2
421	1
422	2
423	1
424	1
425	1
426	2
427	1
428	0
429	1
430	1
431	2
432	2
433	1
434	3
435	3
436	2
437	4
438	4
439	6
440	7
441	8
442	10
443	10
444	13
445	13
446	16
447	18
448	20
449	20
450	23
451	27
452	29
453	29
454	32
455	34
456	35
457	39
458	41
459	42
460	45
461	47
462	47
463	50
464	50
465	53
466	55
467	56
468	56
469	57
470	58
471	60
472	61
473	62
474	62
475	64
476	65
477	64
478	67
479	65
480	66
481	67
482	67
483	69
484	68
485	68
486	71
487	69
488	68
489	70
490	70
491	70
492	69
493	69
494	70
495	71
496	73
497	74
498	74
499	78
500	62
501	71
502	67
503	69
504	68
505	69
506	68
507	68
508	66
509	65
510	63
511	64
512	62
513	61
514	60
515	60
516	60
517	58
518	57
519	56
520	54
521	53
522	51
523	51
524	51
525	49
526	49
527	47
528	48
529	46
530	46
531	45
532	43
533	43
534	40
535	39
536	38
537	36
538	35
539	33
540	32
541	32
542	30
543	30
544	29
545	28
546	28
547	27
548	26
549	26
550	25
551	24
552	24
553	24
554	23
555	22
556	22
557	20
558	19
559	21
560	18
561	18
562	17
563	17
564	16
565	16
566	17
567	13
568	14
569	13
570	14
571	13
572	13
573	11
574	12
575	10
576	11
577	9
578	9
579	10
580	9
581	8
582	8
583	7
584	8
585	8
586	8
587	8
588	8
589	8
590	7
591	8
592	6
593	7
594	7
595	6
596	6
597	7
598	6
599	5
600	5
601	5
602	4
603	4
604	5
605	4
606	4
607	4
608	4
609	4
610	3
611	3
612	4
613	2
614	3
615	2
616	3
617	3
618	2
619	2
620	2
621	2
622	2
623	2
624	1
625	1
626	2
627	1
628	2
629	1
630	1
631	1
632	1
633	0
634	1
635	2
636	1
637	1
638	1
639	1
640	1
641	1
642	2
643	1
644	1
645	2
646	1
647	2
648	1
649	1
650	1
651	1
652	1
653	1
654	1
655	0
656	2
657	1
658	1
659	1
660	2
661	1
662	1
663	0
664	0
665	1
666	1
667	1
668	1
669	2
670	1
671	1
672	1
673	1
674	0
675	1
676	0
677	1
678	0
679	0
680	0
681	1
682	0
683	1
684	0
685	1
686	0
687	0
688	0
689	0
690	0
691	0
692	0
693	0
694	0
695	0
696	0
697	0
698	0
699	0
700	0
701	0
702	0
703	0
704	0
705	0
706	0
707	0
708	0
709	0
710	0
711	0
712	0
713	0
714	0
715	0
716	0
717	0
718	0
719	0
720	0
721	0
722	0
723	0
724	0
725	0
726	0
727	0
728	0
729	0
730	0
731	0
732	1
733	1
734	1
735	0
736	1
737	1
738	1
739	1
740	1
741	1
742	1
743	1
744	1
745	1
746	1
747	1
748	1
749	1
750	1
751	2
752	1
753	1
754	1
755	1
756	1
757	1
758	1
759	1
760	1
761	1
762	1
763	1
764	1
765	1
766	2
767	1
768	1
769	1
770	1
771	1
772	1
773	1
774	2
775	1
776	1
777	2
778	2
779	2
780	1
781	1
782	1
783	1
784	1
785	1
786	1
787	0
788	1
789	0
790	1
791	1
792	1
793	0
794	1
795	1
796	0
797	0
798	0
799	1
800	1
801	0
802	1
803	0
804	0
805	1
806	1
807	0
808	1
809	0
810	0
811	0
812	0
813	0
814	0
815	0
816	0
817	0
818	0
819	0
820	0
821	0
822	0
823	0
824	0
825	0
826	0
827	0
828	0
829	0
830	0
831	0
832	0
833	0
834	0
835	0
836	0
837	0
838	0
839	0
840	0
841	0
842	0
843	0
844	0
845	0
846	0
847	0
848	0
849	0
850	0
851	0
852	0
853	0
854	0
855	0
856	0
857	0
858	0
859	0
860	0
861	0
862	0
863	0
864	0
865	0
866	0
867	0
868	0
869	0
870	0
871	0
872	0
873	0
874	0
875	0
876	0
877	0
878	0
879	0
880	0
881	0
882	0
883	0
884	0
885	0
886	0
887	0
888	0
889	0
890	0
891	0
892	0
893	0
894	0
895	0
896	0
897	0
898	0
899	0
900	0
901	0
902	0
903	0
904	0
905	0
906	0
907	0
908	0
909	0
910	0
911	0
912	0
913	0
914	0
915	0
916	0
917	0
918	0
919	0
920	0
921	0
922	0
923	0
924	0
925	0
926	0
927	0
928	0
929	0
930	0
931	0
932	0
933	0
934	0
935	0
936	0
937	0
938	0
939	0
940	0
941	0
942	0
943	0
944	0
945	0
946	0
947	0
948	0
949	0
950	0
951	0
952	0
953	0
954	0
955	0
956	0
957	0
958	0
959	0
960	0
961	0
962	0
963	0
964	0
965	0
966	0
967	0
968	0
969	0
970	0
971	0
972	1
973	1
974	0
975	0
976	1
977	1
978	1
979	0
980	2
981	1
982	1
983	1
984	2
985	2
986	1
987	1
988	1
989	1
990	1
991	1
992	1
993	1
994	1
995	1
996	1
997	1
998	1
999	2
1000	2
1001	2
1002	1
1003	2
1004	1
1005	1
1006	1
1007	1
1008	0
1009	0
1010	1
1011	1
1012	1
1013	1
1014	1
1015	0
1016	1
1017	0
1018	1
1019	0
1020	0
1021	0
1022	0
1023	0
1024	0
1025	0
1026	0
1027	0
1028	0
1029	0
1030	0
1031	0
1032	0
1033	0
1034	0
1035	0
1036	0
1037	0
1038	1
1039	0
1040	0
1041	0
1042	0
1043	0
1044	0
1045	0
1046	0
1047	0
1048	0
1049	0
1050	0
1051	0
1052	0
1053	0
1054	0
1055	0
1056	0
1057	0
1058	0
1059	0
1060	0
1061	0
1062	0
1063	0
1064	0
1065	0
1066	0
1067	0
1068	0
1069	0
1070	0
1071	1
1072	0
1073	1
1074	0
1075	1
1076	1
1077	1
1078	0
1079	1
1080	0
1081	0
1082	0
1083	1
1084	0
1085	1
1086	0
1087	0
1088	1
1089	1
1090	1
1091	1
1092	0
1093	1
1094	0
1095	1
1096	0
1097	0
1098	1
1099	0
1100	0
1101	0
1102	0
1103	0
1104	0
1105	0
1106	0
1107	0
1108	0
1109	0
1110	0
1111	0
1112	0
1113	0
1114	0
1115	0
1116	0
1117	0
1118	0
1119	0
1120	0
1121	0
1122	1
1123	0
1124	1
1125	1
1126	0
1127	1
1128	0
1129	1
1130	0
1131	0
1132	1
1133	0
1134	0
1135	0
1136	0
1137	0
1138	0
1139	0
1140	0
1141	0
1142	0
1143	0
1144	0
1145	0
1146	0
1147	0
1148	0
1149	0
1150	0
1151	0
1152	0
1153	0
1154	0
1155	0
1156	0
1157	0
1158	0
1159	0
1160	0
1161	0
1162	1
1163	0
1164	0
1165	0
1166	0
1167	0
1168	0
1169	0
1170	0
1171	0
1172	0
1173	0
1174	0
1175	0
1176	0
1177	0
1178	0
1179	0
1180	0
1181	0
1182	0
1183	0
1184	0
1185	0
1186	0
1187	0
1188	0
1189	0
1190	0
1191	0
1192	0
1193	0
1194	0
1195	0
1196	0
1197	0
1198	0
1199	0
1200	0
1201	0
1202	0
1203	0
1204	0
1205	0
1206	0
1207	0
1208	0
1209	0
1210	0
1211	0
1212	0
1213	0
1214	0
1215	0
1216	0
1217	0
1218	0
1219	0
1220	0
1221	0
1222	0
1223	0
1224	0
1225	0
1226	0
1227	0
1228	0
1229	1
1230	1
1231	0
1232	1
1233	0
1234	0
1235	0
1236	1
1237	1
1238	1
1239	1
1240	1
1241	1
1242	1
1243	0
1244	1
1245	1
1246	1
1247	1
1248	2
1249	1
1250	1
1251	1
1252	2
1253	2
1254	2
1255	1
1256	1
1257	1
1258	2
1259	1
1260	1
1261	1
1262	1
1263	1
1264	1
1265	1
1266	1
1267	1
1268	0
1269	1
1270	1
1271	0
1272	1
1273	0
1274	1
1275	1
1276	1
1277	1
1278	1
1279	1
1280	1
1281	0
1282	1
1283	1
1284	1
1285	0
1286	1
1287	0
1288	1
1289	0
1290	1
1291	0
1292	0
1293	0
1294	0
1295	0
1296	0
1297	0
1298	0
1299	0
1300	0
1301	0
1302	0
1303	0
1304	0
1305	0
1306	0
1307	0
1308	0
1309	0
1310	0
1311	0
1312	0
1313	0
1314	0
1315	0
1316	0
1317	0
1318	0
1319	0
1320	0
1321	0
1322	0
1323	1
1324	0
1325	0
1326	0
1327	0
1328	0
1329	0
1330	0
1331	0
1332	0
1333	0
1334	0
1335	0
1336	0
1337	0
1338	0
1339	0
1340	0
1341	0
1342	0
1343	0
1344	0
1345	0
1346	0
1347	0
1348	0
1349	0
1350	0
1351	0
1352	0
1353	0
1354	0
1355	0
1356	0
1357	0
1358	0
1359	0
1360	0
1361	0
1362	0
1363	0
1364	0
1365	0
1366	0
1367	0
1368	0
1369	0
1370	0
1371	0
1372	0
1373	0
1374	0
1375	0
1376	0
1377	0
1378	0
1379	0
1380	0
1381	0
1382	0
1383	0
1384	1
1385	0
1386	0
1387	0
1388	0
1389	0
1390	0
1391	0
1392	0
1393	0
1394	0
1395	0
1396	0
1397	0
1398	0
1399	0
1400	0
1401	0
1402	0
1403	0
1404	0
1405	0
1406	0
1407	0
1408	0
1409	0
1410	0
1411	0
1412	0
1413	0
1414	0
1415	0
1416	0
1417	0
1418	0
1419	0
1420	0
1421	0
1422	0
1423	0
1424	0
1425	0
1426	0
1427	1
1428	0
1429	0
1430	0
1431	0
1432	0
1433	1
1434	0
1435	0
1436	0
1437	0
1438	0
1439	0
1440	0
1441	0
1442	0
1443	0
1444	0
1445	0
1446	0
1447	0
1448	0
1449	0
1450	0
1451	1
1452	0
1453	0
1454	0
1455	0
1456	0
1457	0
1458	0
1459	0
1460	0
1461	0
1462	0
1463	0
1464	0
1465	0
1466	0
1467	0
1468	0
1469	0
1470	0
1471	0
1472	0
1473	0
1474	0
1475	0
1476	0
1477	0
1478	0
1479	0
1480	0
1481	0
1482	1
1483	0
1484	0
1485	0
1486	0
1487	0
1488	0
1489	0
1490	0
1491	0
1492	0
1493	1
1494	0
1495	0
1496	0
1497	0
1498	0
1499	0
1500	0
1501	0
1502	0
1503	0
1504	0
1505	1
1506	0
1507	0
1508	0
1509	0
1510	0
1511	0
1512	0
1513	0
1514	0
1515	0
1516	0
1517	0
1518	0
1519	0
1520	0
1521	0
1522	0
1523	0
1524	0
1525	0
1526	0
1527	0
1528	0
1529	0
1530	0
1531	0
1532	0
1533	0
1534	0
1535	0
1536	0
1537	0
1538	0
1539	0
1540	0
1541	0
1542	0
1543	0
1544	0
1545	0
1546	0
1547	0
1548	0
1549	0
1550	0
1551	0
1552	0
1553	0
1554	0
1555	0
1556	0
1557	0
1558	0
1559	0
1560	0
1561	0
1562	0
1563	0
1564	1
1565	0
1566	0
1567	1
1568	0
1569	0
1570	0
1571	0
1572	0
1573	0
1574	0
1575	0
1576	0
1577	0
1578	0
1579	0
1580	0
1581	0
1582	0
1583	0
1584	0
1585	0
1586	0
1587	0
1588	0
1589	0
1590	0
1591	0
1592	0
1593	0
1594	0
1595	0
1596	0
1597	1
1598	1
1599	0
1600	0
1601	0
1602	0
1603	0
1604	0
1605	0
1606	1
1607	0
1608	1
1609	0
1610	0
1611	0
1612	0
1613	0
1614	1
1615	0
1616	0
1617	0
1618	0
1619	0
1620	0
1621	0
1622	0
1623	0
1624	1
1625	0
1626	0
1627	0
1628	0
1629	0
1630	0
1631	0
1632	1
1633	0
1634	0
1635	0
1636	0
1637	0
1638	0
1639	0
1640	0
1641	0
1642	0
1643	0
1644	0
1645	0
1646	0
1647	0
1648	0
1649	0
1650	0
1651	0
1652	0
1653	0
1654	0
1655	0
1656	0
1657	0
1658	0
1659	0
1660	0
1661	0
1662	0
1663	0
1664	0
1665	0
1666	0
1667	0
1668	0
1669	0
1670	0
1671	0
1672	0
1673	0
1674	0
1675	0
1676	0
1677	0
1678	0
1679	0
1680	0
1681	0
1682	0
1683	1
1684	0
1685	1
1686	1
1687	0
1688	0
1689	0
1690	0
1691	1
1692	1
1693	0
1694	0
1695	0
1696	1
1697	0
1698	0
1699	0
1700	0
1701	0
1702	1
1703	0
1704	0
1705	1
1706	1
1707	1
1708	0
1709	0
1710	0
1711	0
1712	1
1713	0
1714	0
1715	1
1716	0
1717	1
1718	1
1719	1
1720	0
1721	1
1722	1
1723	1
1724	2
1725	2
1726	1
1727	1
1728	1
1729	1
1730	1
1731	1
1732	1
1733	1
1734	1
1735	1
1736	1
1737	2
1738	1
1739	2
1740	1
1741	1
1742	1
1743	1
1744	1
1745	2
1746	2
1747	1
1748	1
1749	1
1750	1
1751	1
1752	0
1753	1
1754	1
1755	1
1756	2
1757	1
1758	1
1759	1
1760	1
1761	0
1762	1
1763	1
1764	1
1765	1
1766	0
1767	1
1768	1
1769	1
1770	1
1771	1
1772	1
1773	1
1774	1
1775	1
1776	0
1777	1
1778	1
1779	0
1780	0
1781	1
1782	1
1783	1
1784	0
1785	1
1786	1
1787	0
1788	1
1789	0
1790	1
1791	0
1792	2
1793	0
1794	0
1795	0
1796	0
1797	0
1798	0
1799	0
1800	0
1801	0
1802	0
1803	0
1804	0
1805	0
1806	0
1807	0
1808	0
1809	0
1810	2
1811	0
1812	1
1813	0
1814	0
1815	0
1816	1
1817	0
1818	0
1819	0
1820	0
1821	0
1822	0
1823	0
1824	0
1825	0
1826	0
1827	0
1828	0
1829	0
1830	0
1831	0
1832	0
1833	0
1834	0
1835	0
1836	0
1837	1
1838	0
1839	0
1840	0
1841	0
1842	0
1843	0
1844	0
1845	0
1846	0
1847	0
1848	0
1849	0
1850	1
1851	0
1852	0
1853	0
1854	0
1855	0
1856	0
1857	0
1858	0
1859	0
1860	0
1861	0
1862	0
1863	0
1864	0
1865	0
1866	0
1867	0
1868	0
1869	0
1870	1
1871	0
1872	0
1873	1
1874	1
1875	0
1876	0
1877	0
1878	1
1879	0
1880	0
1881	0
1882	0
1883	0
1884	0
1885	0
1886	1
1887	0
1888	0
1889	0
1890	0
1891	0
1892	0
1893	0
1894	0
1895	0
1896	0
1897	0
1898	0
1899	0
1900	0
1901	0
1902	0
1903	0
1904	0
1905	0
1906	1
1907	0
1908	0
1909	0
1910	1
1911	1
1912	0
1913	0
1914	0
1915	0
1916	0
1917	1
1918	1
1919	1
1920	0
1921	1
1922	0
1923	1
1924	0
1925	0
1926	1
1927	0
1928	0
1929	0
1930	1
1931	0
1932	1
1933	0
1934	0
1935	0
1936	0
1937	0
1938	0
1939	0
1940	0
1941	0
1942	0
1943	0
1944	0
1945	0
1946	0
1947	0
1948	0
1949	0
1950	0
1951	0
1952	0
1953	0
1954	0
1955	0
1956	0
1957	0
1958	0
1959	0
1960	0
1961	0
1962	1
1963	0
1964	0
1965	1
1966	0
1967	0
1968	0
1969	0
1970	1
1971	0
1972	0
1973	0
1974	0
1975	0
1976	0
1977	0
1978	0
1979	0
1980	0
1981	0
1982	0
1983	0
1984	0
1985	0
1986	1
1987	0
1988	1
1989	0
1990	0
1991	0
1992	1
1993	0
1994	0
1995	0
1996	1
1997	1
1998	1
1999	1
