0	1
1	1
2	2
3	2
4	3
5	3
6	2
7	2
8	1
9	1
10	2
11	3
12	2
13	1
14	2
15	2
16	2
17	3
18	2
19	2
20	1
21	2
22	1
23	1
24	3
25	1
26	1
27	1
28	0
29	1
30	0
31	0
32	1
33	1
34	1
35	3
36	1
37	2
38	2
39	2
40	2
41	1
42	1
43	2
44	2
45	2
46	3
47	2
48	1
49	2
50	1
51	2
52	0
53	2
54	0
55	1
56	2
57	1
58	2
59	1
60	2
61	2
62	2
63	3
64	1
65	2
66	1
67	1
68	1
69	1
70	0
71	1
72	0
73	2
74	0
75	2
76	1
77	0
78	0
79	0
80	2
81	2
82	1
83	2
84	1
85	1
86	1
87	2
88	1
89	2
90	1
91	1
92	2
93	2
94	3
95	2
96	3
97	2
98	3
99	2
100	3
101	2
102	3
103	1
104	3
105	2
106	1
107	2
108	3
109	2
110	2
111	2
112	3
113	2
114	3
115	2
116	2
117	3
118	2
119	3
120	1
121	2
122	1
123	2
124	0
125	0
126	2
127	2
128	2
129	1
130	2
131	2
132	2
133	1
134	0
135	0
136	0
137	1
138	1
139	1
140	2
141	2
142	2
143	1
144	2
145	2
146	2
147	1
148	2
149	2
150	1
151	3
152	1
153	2
154	2
155	2
156	1
157	2
158	0
159	2
160	0
161	2
162	0
163	1
164	1
165	2
166	1
167	2
168	2
169	3
170	2
171	3
172	3
173	4
174	2
175	4
176	2
177	3
178	3
179	2
180	2
181	3
182	2
183	4
184	2
185	2
186	2
187	2
188	1
189	2
190	2
191	2
192	2
193	2
194	2
195	1
196	2
197	2
198	2
199	1
200	1
201	1
202	0
203	0
204	1
205	2
206	2
207	1
208	2
209	0
210	1
211	0
212	1
213	1
214	0
215	1
216	0
217	2
218	0
219	0
220	1
221	1
222	1
223	0
224	2
225	2
226	1
227	1
228	1
229	1
230	2
231	2
232	1
233	2
234	1
235	3
236	1
237	3
238	1
239	2
240	2
241	2
242	3
243	3
244	1
245	2
246	1
247	1
248	2
249	0
250	0
251	1
252	1
253	1
254	1
255	1
256	1
257	2
258	0
259	1
260	1
261	2
262	2
263	1
264	1
265	2
266	2
267	2
268	2
269	1
270	1
271	1
272	1
273	1
274	3
275	2
276	2
277	2
278	2
279	1
280	1
281	2
282	2
283	1
284	1
285	2
286	1
287	2
288	0
289	2
290	1
291	1
292	2
293	1
294	0
295	1
296	2
297	3
298	0
299	2
300	0
301	2
302	3
303	3
304	2
305	3
306	2
307	2
308	2
309	2
310	2
311	1
312	2
313	1
314	0
315	2
316	1
317	2
318	1
319	2
320	1
321	2
322	1
323	2
324	1
325	2
326	2
327	2
328	0
329	1
330	0
331	2
332	0
333	0
334	0
335	2
336	0
337	2
338	0
339	2
340	1
341	2
342	1
343	3
344	2
345	0
346	3
347	0
348	2
349	2
350	3
351	2
352	3
353	1
354	2
355	2
356	2
357	2
358	2
359	3
360	2
361	3
362	2
363	3
364	2
365	1
366	2
367	2
368	1
369	2
370	2
371	1
372	1
373	1
374	1
375	1
376	0
377	1
378	1
379	2
380	2
381	2
382	1
383	1
384	1
385	0
386	1
387	2
388	1
389	1
390	1
391	2
392	1
393	2
394	1
395	3
396	2
397	2
398	1
399	2
400	1
401	2
402	3
403	2
404	2
405	2
406	2
407	2
408	1
409	1
410	1
411	1
412	1
413	2
414	1
415	2
416	2
417	1
418	2
419	2
420	1
421	2
422	2
423	2
424	3
425	3
426	2
427	3
428	3
429	4
430	5
431	5
432	9
433	12
434	12
435	16
436	17
437	21
438	23
439	26
440	28
441	32
442	33
443	36
444	39
445	43
446	46
447	49
448	51
449	55
450	57
451	61
452	63
453	66
454	67
455	71
456	72
457	74
458	76
459	77
460	79
461	81
462	81
463	83
464	84
465	85
466	85
467	86
468	86
469	87
470	87
471	87
472	88
473	89
474	87
475	88
476	87
477	88
478	86
479	88
480	86
481	88
482	85
483	83
484	83
485	81
486	81
487	81
488	80
489	81
490	79
491	79
492	76
493	76
494	74
495	74
496	76
497	75
498	75
499	78
500	62
501	69
502	66
503	66
504	66
505	67
506	66
507	65
508	62
509	60
510	59
511	58
512	57
513	56
514	56
515	55
516	54
517	53
518	50
519	50
520	48
521	47
522	46
523	45
524	45
525	43
526	43
527	43
528	42
529	40
530	39
531	38
532	34
533	35
534	33
535	33
536	31
537	30
538	30
539	28
540	28
541	27
542	27
543	26
544	24
545	25
546	22
547	23
548	21
549	21
550	20
551	18
552	18
553	16
554	17
555	15
556	15
557	14
558	13
559	14
560	11
561	11
562	11
563	9
564	10
565	9
566	8
567	9
568	8
569	7
570	7
571	6
572	6
573	7
574	4
575	6
576	5
577	5
578	4
579	4
580	4
581	4
582	3
583	3
584	2
585	2
586	2
587	1
588	3
589	2
590	3
591	2
592	2
593	2
594	1
595	2
596	1
597	1
598	0
599	1
600	0
601	2
602	0
603	1
604	0
605	2
606	0
607	0
608	0
609	0
610	0
611	-1
612	0
613	0
614	0
615	0
616	-1
617	0
618	-1
619	-1
620	-1
621	-1
622	0
623	0
624	-1
625	-1
626	0
627	-1
628	0
629	-1
630	0
631	0
632	0
633	0
634	0
635	0
636	-1
637	0
638	0
639	0
640	0
641	0
642	0
643	0
644	0
645	0
646	0
647	0
648	-1
649	0
650	0
651	0
652	0
653	0
654	0
655	0
656	0
657	0
658	0
659	0
660	0
661	0
662	-1
663	0
664	0
665	0
666	0
667	0
668	0
669	0
670	0
671	-1
672	-1
673	0
674	0
675	0
676	0
677	0
678	0
679	0
680	0
681	0
682	0
683	0
684	0
685	0
686	0
687	0
688	0
689	0
690	0
691	0
692	0
693	0
694	0
695	0
696	0
697	0
698	0
699	0
700	0
701	0
702	0
703	0
704	0
705	0
706	0
707	0
708	0
709	0
710	0
711	0
712	0
713	0
714	0
715	0
716	0
717	-1
718	-1
719	0
720	-1
721	0
722	0
723	0
724	-1
725	0
726	0
727	-1
728	0
729	-1
730	0
731	0
732	0
733	0
734	0
735	0
736	0
737	0
738	0
739	0
740	-1
741	0
742	0
743	-1
744	0
745	0
746	-1
747	0
748	0
749	0
750	0
751	0
752	0
753	0
754	0
755	0
756	0
757	0
758	0
759	0
760	0
761	0
762	0
763	0
764	0
765	0
766	0
767	0
768	0
769	0
770	0
771	0
772	0
773	0
774	0
775	0
776	0
777	0
778	0
779	0
780	0
781	0
782	0
783	0
784	0
785	0
786	0
787	0
788	0
789	0
790	0
791	0
792	0
793	0
794	0
795	0
796	0
797	1
798	1
799	0
800	0
801	1
802	1
803	1
804	1
805	1
806	1
807	1
808	0
809	0
810	1
811	1
812	1
813	0
814	1
815	1
816	1
817	0
818	0
819	1
820	0
821	0
822	0
823	0
824	0
825	0
826	0
827	0
828	0
829	0
830	0
831	0
832	0
833	0
834	0
835	0
836	0
837	0
838	-1
839	0
840	0
841	0
842	-1
843	0
844	0
845	0
846	0
847	0
848	0
849	1
850	0
851	0
852	0
853	0
854	0
855	0
856	0
857	0
858	0
859	0
860	1
861	0
862	0
863	0
864	0
865	0
866	0
867	0
868	0
869	0
870	0
871	0
872	0
873	0
874	0
875	0
876	0
877	0
878	0
879	0
880	0
881	0
882	0
883	0
884	0
885	0
886	0
887	0
888	0
889	0
890	0
891	0
892	-1
893	0
894	-1
895	0
896	0
897	0
898	0
899	0
900	0
901	-1
902	0
903	0
904	0
905	-1
906	-2
907	0
908	-2
909	-1
910	-1
911	0
912	-1
913	0
914	-1
915	0
916	0
917	0
918	-1
919	0
920	0
921	0
922	0
923	0
924	0
925	0
926	0
927	0
928	-1
929	0
930	-1
931	0
932	-1
933	0
934	-1
935	0
936	0
937	0
938	0
939	0
940	-1
941	0
942	0
943	0
944	0
945	0
946	0
947	0
948	0
949	0
950	0
951	0
952	0
953	0
954	0
955	0
956	-1
957	0
958	0
959	0
960	0
961	0
962	0
963	0
964	0
965	-1
966	0
967	0
968	0
969	0
970	0
971	0
972	0
973	0
974	-1
975	0
976	-1
977	0
978	0
979	0
980	0
981	0
982	0
983	0
984	0
985	0
986	0
987	0
988	0
989	0
990	0
991	0
992	-1
993	0
994	0
995	0
996	0
997	0
998	0
999	-1
1000	0
1001	0
1002	0
1003	0
1004	0
1005	0
1006	0
1007	0
1008	0
1009	0
1010	0
1011	0
1012	0
1013	0
1014	-1
1015	0
1016	0
1017	0
1018	0
1019	-1
1020	-2
1021	0
1022	-1
1023	-1
1024	-1
1025	-1
1026	-2
1027	-2
1028	-1
1029	0
1030	-2
1031	-2
1032	-2
1033	-1
1034	-2
1035	-1
1036	-2
1037	0
1038	-1
1039	-1
1040	0
1041	0
1042	0
1043	0
1044	0
1045	0
1046	0
1047	0
1048	0
1049	0
1050	0
1051	0
1052	0
1053	0
1054	0
1055	0
1056	0
1057	0
1058	0
1059	0
1060	0
1061	0
1062	0
1063	0
1064	0
1065	0
1066	0
1067	0
1068	0
1069	0
1070	0
1071	0
1072	0
1073	0
1074	-1
1075	0
1076	0
1077	0
1078	0
1079	0
1080	-1
1081	0
1082	0
1083	0
1084	0
1085	0
1086	-1
1087	0
1088	0
1089	0
1090	0
1091	0
1092	0
1093	0
1094	0
1095	0
1096	0
1097	0
1098	0
1099	0
1100	0
1101	0
1102	0
1103	0
1104	0
1105	0
1106	0
1107	0
1108	0
1109	0
1110	0
1111	0
1112	0
1113	0
1114	0
1115	0
1116	0
1117	-1
1118	-1
1119	0
1120	0
1121	-1
1122	-1
1123	-1
1124	-1
1125	0
1126	-1
1127	0
1128	-1
1129	-1
1130	-1
1131	-1
1132	0
1133	-1
1134	0
1135	0
1136	0
1137	-1
1138	-1
1139	-1
1140	0
1141	0
1142	0
1143	0
1144	0
1145	0
1146	0
1147	0
1148	-1
1149	0
1150	0
1151	0
1152	0
1153	0
1154	0
1155	0
1156	0
1157	0
1158	0
1159	0
1160	0
1161	-1
1162	0
1163	0
1164	0
1165	0
1166	0
1167	0
1168	0
1169	0
1170	0
1171	0
1172	0
1173	0
1174	0
1175	0
1176	0
1177	0
1178	0
1179	0
1180	-1
1181	0
1182	0
1183	-1
1184	-1
1185	0
1186	0
1187	0
1188	-1
1189	0
1190	0
1191	0
1192	0
1193	0
1194	0
1195	0
1196	0
1197	0
1198	0
1199	0
1200	0
1201	0
1202	0
1203	1
1204	0
1205	0
1206	1
1207	1
1208	1
1209	0
1210	1
1211	2
1212	1
1213	1
1214	1
1215	2
1216	1
1217	2
1218	2
1219	2
1220	2
1221	2
1222	2
1223	2
1224	2
1225	3
1226	3
1227	3
1228	2
1229	3
1230	3
1231	3
1232	3
1233	3
1234	3
1235	2
1236	4
1237	3
1238	4
1239	2
1240	3
1241	3
1242	3
1243	3
1244	3
1245	2
1246	2
1247	3
1248	2
1249	2
1250	2
1251	2
1252	2
1253	2
1254	3
1255	3
1256	2
1257	2
1258	2
1259	2
1260	1
1261	2
1262	1
1263	2
1264	2
1265	1
1266	1
1267	1
1268	1
1269	1
1270	0
1271	1
1272	0
1273	1
1274	1
1275	1
1276	0
1277	1
1278	0
1279	1
1280	0
1281	0
1282	0
1283	1
1284	0
1285	0
1286	0
1287	0
1288	0
1289	0
1290	0
1291	0
1292	0
1293	0
1294	0
1295	1
1296	1
1297	0
1298	0
1299	0
1300	0
1301	0
1302	0
1303	0
1304	1
1305	0
1306	1
1307	1
1308	2
1309	1
1310	1
1311	2
1312	0
1313	1
1314	0
1315	1
1316	0
1317	1
1318	0
1319	0
1320	0
1321	0
1322	-1
1323	0
1324	0
1325	0
1326	0
1327	0
1328	-1
1329	0
1330	0
1331	0
1332	0
1333	0
1334	0
1335	0
1336	0
1337	0
1338	0
1339	0
1340	0
1341	0
1342	0
1343	0
1344	0
1345	0
1346	0
1347	0
1348	0
1349	0
1350	0
1351	0
1352	0
1353	0
1354	0
1355	0
1356	0
1357	0
1358	0
1359	0
1360	0
1361	0
1362	0
1363	0
1364	-1
1365	0
1366	0
1367	0
1368	0
1369	0
1370	0
1371	0
1372	-1
1373	0
1374	-1
1375	0
1376	0
1377	-1
1378	-1
1379	0
1380	-1
1381	0
1382	-2
1383	0
1384	-1
1385	-1
1386	-1
1387	-1
1388	-1
1389	-1
1390	-1
1391	0
1392	-1
1393	-1
1394	-1
1395	-1
1396	0
1397	0
1398	0
1399	0
1400	0
1401	0
1402	0
1403	0
1404	0
1405	0
1406	0
1407	0
1408	0
1409	0
1410	0
1411	0
1412	0
1413	0
1414	0
1415	0
1416	0
1417	0
1418	0
1419	0
1420	0
1421	0
1422	-1
1423	0
1424	0
1425	0
1426	0
1427	0
1428	0
1429	0
1430	-1
1431	0
1432	0
1433	0
1434	0
1435	0
1436	0
1437	0
1438	0
1439	0
1440	0
1441	0
1442	0
1443	0
1444	0
1445	0
1446	0
1447	0
1448	0
1449	0
1450	0
1451	0
1452	0
1453	0
1454	0
1455	0
1456	0
1457	0
1458	0
1459	0
1460	0
1461	1
1462	0
1463	0
1464	0
1465	0
1466	0
1467	0
1468	0
1469	0
1470	0
1471	0
1472	0
1473	0
1474	0
1475	0
1476	0
1477	0
1478	0
1479	0
1480	0
1481	0
1482	0
1483	0
1484	0
1485	0
1486	0
1487	0
1488	0
1489	0
1490	0
1491	0
1492	0
1493	0
1494	0
1495	0
1496	0
1497	0
1498	0
1499	0
1500	0
1501	0
1502	0
1503	0
1504	0
1505	0
1506	1
1507	0
1508	1
1509	0
1510	1
1511	0
1512	1
1513	0
1514	1
1515	1
1516	1
1517	0
1518	1
1519	2
1520	1
1521	1
1522	1
1523	1
1524	1
1525	2
1526	1
1527	2
1528	1
1529	2
1530	1
1531	2
1532	1
1533	2
1534	0
1535	2
1536	1
1537	2
1538	1
1539	1
1540	2
1541	2
1542	1
1543	1
1544	1
1545	1
1546	0
1547	1
1548	1
1549	1
1550	1
1551	1
1552	0
1553	1
1554	0
1555	0
1556	1
1557	1
1558	0
1559	0
1560	0
1561	0
1562	0
1563	0
1564	0
1565	0
1566	0
1567	0
1568	0
1569	0
1570	1
1571	0
1572	1
1573	0
1574	0
1575	0
1576	0
1577	1
1578	1
1579	1
1580	0
1581	1
1582	0
1583	1
1584	0
1585	2
1586	0
1587	0
1588	0
1589	1
1590	0
1591	0
1592	0
1593	0
1594	0
1595	0
1596	0
1597	0
1598	0
1599	0
1600	0
1601	0
1602	0
1603	0
1604	0
1605	0
1606	-1
1607	0
1608	0
1609	0
1610	0
1611	0
1612	0
1613	0
1614	0
1615	0
1616	0
1617	0
1618	0
1619	0
1620	1
1621	0
1622	1
1623	0
1624	0
1625	1
1626	1
1627	2
1628	2
1629	1
1630	1
1631	2
1632	1
1633	2
1634	1
1635	1
1636	1
1637	1
1638	2
1639	2
1640	2
1641	2
1642	1
1643	2
1644	2
1645	1
1646	2
1647	2
1648	1
1649	1
1650	1
1651	2
1652	1
1653	1
1654	1
1655	2
1656	1
1657	1
1658	1
1659	1
1660	2
1661	1
1662	2
1663	1
1664	2
1665	1
1666	1
1667	1
1668	1
1669	1
1670	1
1671	2
1672	2
1673	1
1674	2
1675	1
1676	1
1677	1
1678	1
1679	1
1680	1
1681	1
1682	1
1683	2
1684	1
1685	0
1686	1
1687	1
1688	1
1689	1
1690	0
1691	1
1692	1
1693	1
1694	1
1695	1
1696	0
1697	0
1698	0
1699	0
1700	0
1701	0
1702	1
1703	0
1704	1
1705	0
1706	0
1707	2
1708	0
1709	0
1710	0
1711	0
1712	0
1713	0
1714	0
1715	0
1716	0
1717	0
1718	0
1719	1
1720	0
1721	1
1722	0
1723	0
1724	0
1725	0
1726	0
1727	0
1728	0
1729	0
1730	0
1731	0
1732	0
1733	0
1734	0
1735	0
1736	-1
1737	0
1738	0
1739	0
1740	0
1741	0
1742	0
1743	0
1744	0
1745	0
1746	0
1747	0
1748	0
1749	0
1750	0
1751	0
1752	0
1753	0
1754	0
1755	0
1756	0
1757	1
1758	0
1759	0
1760	0
1761	0
1762	0
1763	0
1764	0
1765	1
1766	0
1767	0
1768	1
1769	0
1770	0
1771	1
1772	0
1773	0
1774	0
1775	1
1776	0
1777	1
1778	0
1779	0
1780	0
1781	0
1782	0
1783	0
1784	0
1785	0
1786	0
1787	0
1788	0
1789	0
1790	0
1791	0
1792	0
1793	0
1794	0
1795	0
1796	0
1797	-1
1798	-1
1799	0
1800	0
1801	0
1802	0
1803	0
1804	0
1805	0
1806	0
1807	0
1808	0
1809	0
1810	0
1811	0
1812	0
1813	0
1814	0
1815	0
1816	0
1817	0
1818	0
1819	0
1820	0
1821	0
1822	0
1823	0
1824	0
1825	0
1826	1
1827	0
1828	0
1829	0
1830	1
1831	0
1832	1
1833	0
1834	0
1835	0
1836	0
1837	0
1838	0
1839	1
1840	0
1841	0
1842	0
1843	0
1844	1
1845	0
1846	0
1847	0
1848	0
1849	0
1850	0
1851	1
1852	0
1853	1
1854	1
1855	0
1856	0
1857	1
1858	0
1859	1
1860	0
1861	1
1862	1
1863	0
1864	0
1865	0
1866	0
1867	0
1868	0
1869	0
1870	1
1871	0
1872	0
1873	0
1874	0
1875	0
1876	0
1877	0
1878	1
1879	0
1880	0
1881	0
1882	0
1883	0
1884	0
1885	0
1886	0
1887	0
1888	0
1889	0
1890	0
1891	0
1892	0
1893	0
1894	0
1895	1
1896	0
1897	0
1898	0
1899	0
1900	0
1901	1
1902	1
1903	0
1904	0
1905	1
1906	0
1907	0
1908	-1
1909	0
1910	0
1911	0
1912	0
1913	0
1914	0
1915	0
1916	0
1917	0
1918	-1
1919	0
1920	0
1921	0
1922	0
1923	0
1924	0
1925	0
1926	0
1927	0
1928	0
1929	0
1930	0
1931	0
1932	0
1933	0
1934	0
1935	1
1936	0
1937	0
1938	1
1939	1
1940	0
1941	1
1942	0
1943	0
1944	1
1945	1
1946	1
1947	0
1948	1
1949	0
1950	1
1951	0
1952	0
1953	1
1954	0
1955	1
1956	1
1957	1
1958	1
1959	1
1960	1
1961	0
1962	0
1963	0
1964	0
1965	0
1966	0
1967	0
1968	0
1969	0
1970	0
1971	0
1972	0
1973	0
1974	0
1975	0
1976	0
1977	1
1978	0
1979	1
1980	0
1981	1
1982	1
1983	0
1984	1
1985	1
1986	1
1987	1
1988	1
1989	2
1990	1
1991	2
1992	1
1993	1
1994	1
1995	1
1996	1
1997	2
1998	1
1999	3
