0	4
1	3
2	3
3	3
4	2
5	4
6	4
7	4
8	4
9	4
10	4
11	6
12	3
13	4
14	4
15	5
16	5
17	5
18	5
19	6
20	4
21	6
22	4
23	6
24	3
25	4
26	2
27	6
28	3
29	5
30	2
31	5
32	3
33	4
34	3
35	4
36	3
37	4
38	2
39	4
40	2
41	3
42	3
43	4
44	3
45	3
46	3
47	5
48	3
49	4
50	3
51	4
52	4
53	4
54	2
55	4
56	2
57	4
58	3
59	5
60	4
61	4
62	3
63	6
64	3
65	3
66	2
67	4
68	2
69	4
70	1
71	4
72	3
73	5
74	3
75	5
76	3
77	4
78	3
79	4
80	2
81	5
82	3
83	4
84	2
85	3
86	3
87	4
88	3
89	4
90	3
91	4
92	3
93	4
94	4
95	4
96	4
97	5
98	3
99	6
100	3
101	4
102	3
103	6
104	3
105	4
106	4
107	5
108	4
109	5
110	3
111	4
112	4
113	4
114	2
115	4
116	3
117	7
118	3
119	4
120	3
121	4
122	4
123	4
124	4
125	4
126	3
127	6
128	2
129	4
130	4
131	5
132	2
133	4
134	2
135	5
136	3
137	5
138	5
139	6
140	4
141	4
142	3
143	5
144	3
145	6
146	4
147	5
148	2
149	5
150	3
151	4
152	3
153	4
154	2
155	4
156	3
157	6
158	3
159	6
160	3
161	5
162	3
163	5
164	2
165	4
166	2
167	5
168	4
169	4
170	3
171	4
172	2
173	5
174	2
175	4
176	2
177	4
178	3
179	4
180	2
181	3
182	3
183	4
184	2
185	4
186	2
187	3
188	1
189	4
190	2
191	4
192	2
193	4
194	3
195	2
196	2
197	2
198	2
199	3
200	2
201	3
202	2
203	4
204	2
205	4
206	3
207	5
208	5
209	5
210	4
211	4
212	3
213	5
214	3
215	5
216	3
217	5
218	3
219	4
220	3
221	5
222	3
223	5
224	3
225	4
226	4
227	5
228	4
229	5
230	4
231	5
232	2
233	4
234	3
235	4
236	1
237	4
238	3
239	4
240	3
241	4
242	3
243	5
244	1
245	5
246	3
247	3
248	3
249	4
250	3
251	4
252	4
253	4
254	3
255	4
256	3
257	4
258	4
259	5
260	3
261	5
262	4
263	6
264	3
265	5
266	4
267	4
268	2
269	4
270	3
271	4
272	3
273	5
274	3
275	6
276	4
277	7
278	4
279	5
280	3
281	4
282	4
283	2
284	2
285	4
286	4
287	4
288	3
289	4
290	3
291	4
292	3
293	3
294	3
295	6
296	3
297	3
298	2
299	3
300	2
301	3
302	4
303	4
304	4
305	4
306	4
307	5
308	4
309	5
310	3
311	5
312	3
313	6
314	4
315	5
316	3
317	4
318	2
319	4
320	3
321	3
322	2
323	4
324	3
325	3
326	4
327	3
328	3
329	5
330	3
331	4
332	3
333	5
334	3
335	5
336	3
337	5
338	3
339	5
340	3
341	5
342	2
343	4
344	3
345	6
346	1
347	4
348	4
349	5
350	3
351	6
352	3
353	4
354	4
355	5
356	4
357	4
358	4
359	5
360	2
361	4
362	3
363	5
364	2
365	5
366	2
367	5
368	3
369	4
370	1
371	4
372	3
373	5
374	3
375	4
376	2
377	5
378	2
379	4
380	2
381	4
382	4
383	7
384	2
385	5
386	4
387	3
388	3
389	4
390	3
391	4
392	3
393	5
394	3
395	5
396	2
397	5
398	2
399	4
400	4
401	5
402	3
403	4
404	4
405	5
406	2
407	5
408	3
409	4
410	3
411	4
412	3
413	5
414	2
415	5
416	4
417	5
418	3
419	4
420	6
421	6
422	5
423	6
424	6
425	8
426	7
427	10
428	10
429	11
430	12
431	15
432	16
433	20
434	20
435	22
436	24
437	28
438	29
439	33
440	35
441	38
442	40
443	45
444	47
445	50
446	54
447	57
448	60
449	63
450	64
451	68
452	70
453	72
454	73
455	78
456	78
457	81
458	84
459	84
460	85
461	88
462	87
463	90
464	90
465	91
466	92
467	92
468	92
469	94
470	94
471	93
472	93
473	91
474	92
475	90
476	91
477	91
478	90
479	91
480	89
481	89
482	88
483	86
484	84
485	85
486	83
487	85
488	82
489	82
490	79
491	79
492	76
493	76
494	74
495	75
496	75
497	76
498	76
499	78
500	62
501	69
502	66
503	67
504	65
505	65
506	62
507	65
508	62
509	60
510	56
511	56
512	55
513	55
514	53
515	53
516	53
517	52
518	49
519	48
520	47
521	45
522	43
523	44
524	43
525	43
526	42
527	42
528	39
529	40
530	37
531	38
532	34
533	34
534	33
535	33
536	31
537	33
538	28
539	28
540	27
541	27
542	26
543	26
544	26
545	25
546	25
547	25
548	22
549	23
550	20
551	20
552	20
553	20
554	18
555	19
556	16
557	17
558	13
559	15
560	12
561	13
562	11
563	12
564	10
565	12
566	8
567	11
568	7
569	8
570	4
571	8
572	6
573	7
574	7
575	6
576	5
577	6
578	5
579	5
580	5
581	4
582	4
583	4
584	4
585	4
586	4
587	3
588	3
589	4
590	2
591	4
592	3
593	4
594	2
595	3
596	2
597	2
598	1
599	2
600	1
601	2
602	2
603	2
604	0
605	1
606	0
607	1
608	1
609	1
610	0
611	1
612	0
613	1
614	0
615	0
616	0
617	0
618	0
619	0
620	0
621	0
622	0
623	0
624	0
625	0
626	0
627	0
628	0
629	0
630	0
631	0
632	0
633	0
634	0
635	1
636	0
637	1
638	0
639	0
640	0
641	1
642	0
643	0
644	0
645	0
646	0
647	0
648	0
649	0
650	0
651	0
652	0
653	0
654	0
655	0
656	0
657	0
658	0
659	0
660	0
661	0
662	-1
663	0
664	0
665	0
666	0
667	0
668	0
669	1
670	0
671	0
672	0
673	0
674	0
675	0
676	0
677	0
678	0
679	0
680	0
681	0
682	0
683	0
684	0
685	0
686	0
687	1
688	0
689	0
690	0
691	0
692	0
693	1
694	0
695	0
696	0
697	1
698	0
699	0
700	0
701	0
702	0
703	0
704	0
705	0
706	0
707	1
708	0
709	0
710	0
711	0
712	0
713	0
714	-1
715	0
716	0
717	0
718	0
719	0
720	0
721	0
722	0
723	0
724	0
725	0
726	0
727	0
728	0
729	0
730	-1
731	0
732	0
733	0
734	0
735	0
736	0
737	0
738	0
739	0
740	0
741	0
742	0
743	0
744	-1
745	0
746	0
747	0
748	0
749	0
750	0
751	0
752	0
753	0
754	0
755	0
756	0
757	0
758	0
759	0
760	0
761	0
762	0
763	0
764	0
765	0
766	0
767	0
768	0
769	0
770	0
771	0
772	0
773	0
774	0
775	0
776	0
777	0
778	0
779	0
780	0
781	0
782	0
783	0
784	0
785	0
786	0
787	0
788	0
789	0
790	0
791	0
792	0
793	0
794	0
795	0
796	0
797	0
798	0
799	0
800	0
801	0
802	0
803	0
804	0
805	0
806	0
807	0
808	0
809	0
810	0
811	0
812	0
813	0
814	0
815	0
816	0
817	0
818	0
819	0
820	0
821	0
822	0
823	0
824	0
825	0
826	0
827	0
828	0
829	0
830	0
831	0
832	0
833	0
834	0
835	0
836	0
837	0
838	0
839	0
840	0
841	0
842	0
843	0
844	0
845	0
846	0
847	-1
848	0
849	0
850	0
851	0
852	-1
853	0
854	0
855	0
856	0
857	0
858	0
859	0
860	0
861	0
862	-1
863	0
864	0
865	0
866	0
867	0
868	0
869	0
870	0
871	0
872	-1
873	0
874	0
875	0
876	0
877	0
878	0
879	0
880	0
881	0
882	0
883	0
884	0
885	0
886	0
887	0
888	0
889	0
890	0
891	0
892	0
893	0
894	0
895	0
896	0
897	0
898	0
899	0
900	0
901	0
902	0
903	0
904	0
905	0
906	0
907	0
908	0
909	0
910	0
911	0
912	0
913	0
914	0
915	0
916	0
917	0
918	0
919	0
920	0
921	0
922	0
923	0
924	0
925	0
926	0
927	0
928	0
929	0
930	0
931	0
932	0
933	0
934	0
935	0
936	0
937	0
938	0
939	0
940	0
941	0
942	0
943	0
944	0
945	0
946	0
947	0
948	0
949	0
950	0
951	0
952	0
953	0
954	0
955	0
956	0
957	0
958	0
959	0
960	0
961	0
962	-1
963	0
964	0
965	0
966	0
967	0
968	0
969	0
970	0
971	0
972	0
973	0
974	0
975	0
976	0
977	0
978	0
979	0
980	0
981	0
982	0
983	0
984	0
985	0
986	0
987	0
988	0
989	0
990	0
991	0
992	0
993	0
994	0
995	0
996	0
997	0
998	0
999	0
1000	0
1001	0
1002	0
1003	0
1004	0
1005	0
1006	0
1007	0
1008	-1
1009	0
1010	0
1011	0
1012	0
1013	0
1014	0
1015	0
1016	0
1017	0
1018	0
1019	0
1020	0
1021	0
1022	0
1023	0
1024	0
1025	0
1026	-1
1027	0
1028	-1
1029	0
1030	0
1031	0
1032	0
1033	0
1034	0
1035	0
1036	0
1037	0
1038	0
1039	0
1040	0
1041	0
1042	0
1043	0
1044	0
1045	0
1046	0
1047	0
1048	0
1049	0
1050	0
1051	0
1052	0
1053	0
1054	0
1055	0
1056	0
1057	0
1058	0
1059	0
1060	0
1061	0
1062	0
1063	0
1064	0
1065	0
1066	0
1067	0
1068	0
1069	0
1070	0
1071	0
1072	0
1073	0
1074	0
1075	0
1076	0
1077	0
1078	0
1079	0
1080	0
1081	0
1082	0
1083	0
1084	0
1085	0
1086	0
1087	0
1088	0
1089	0
1090	0
1091	0
1092	0
1093	0
1094	0
1095	0
1096	0
1097	0
1098	0
1099	0
1100	0
1101	1
1102	0
1103	0
1104	0
1105	0
1106	0
1107	0
1108	0
1109	0
1110	0
1111	1
1112	0
1113	0
1114	0
1115	1
1116	0
1117	0
1118	0
1119	0
1120	0
1121	0
1122	0
1123	0
1124	0
1125	0
1126	0
1127	0
1128	0
1129	0
1130	0
1131	0
1132	0
1133	0
1134	0
1135	0
1136	-1
1137	0
1138	0
1139	0
1140	0
1141	0
1142	0
1143	0
1144	0
1145	0
1146	0
1147	0
1148	0
1149	0
1150	0
1151	0
1152	0
1153	0
1154	0
1155	0
1156	0
1157	0
1158	0
1159	0
1160	0
1161	0
1162	0
1163	0
1164	0
1165	0
1166	0
1167	0
1168	0
1169	0
1170	0
1171	0
1172	0
1173	0
1174	0
1175	0
1176	0
1177	1
1178	0
1179	0
1180	0
1181	0
1182	0
1183	1
1184	0
1185	1
1186	0
1187	1
1188	0
1189	1
1190	0
1191	0
1192	0
1193	1
1194	0
1195	0
1196	0
1197	0
1198	0
1199	0
1200	0
1201	0
1202	0
1203	0
1204	0
1205	1
1206	0
1207	0
1208	0
1209	0
1210	0
1211	0
1212	0
1213	0
1214	0
1215	0
1216	0
1217	0
1218	0
1219	0
1220	0
1221	0
1222	0
1223	1
1224	1
1225	1
1226	1
1227	1
1228	1
1229	2
1230	1
1231	1
1232	1
1233	1
1234	2
1235	2
1236	1
1237	2
1238	1
1239	2
1240	0
1241	1
1242	2
1243	2
1244	2
1245	2
1246	1
1247	3
1248	1
1249	1
1250	1
1251	2
1252	1
1253	2
1254	1
1255	2
1256	2
1257	3
1258	2
1259	3
1260	2
1261	2
1262	2
1263	2
1264	1
1265	2
1266	1
1267	2
1268	2
1269	3
1270	1
1271	3
1272	2
1273	2
1274	2
1275	2
1276	3
1277	2
1278	1
1279	2
1280	1
1281	2
1282	1
1283	3
1284	1
1285	2
1286	1
1287	1
1288	1
1289	1
1290	1
1291	1
1292	0
1293	1
1294	0
1295	2
1296	1
1297	1
1298	0
1299	1
1300	0
1301	0
1302	0
1303	0
1304	0
1305	0
1306	0
1307	0
1308	0
1309	1
1310	1
1311	1
1312	0
1313	1
1314	1
1315	1
1316	0
1317	1
1318	1
1319	1
1320	0
1321	2
1322	0
1323	1
1324	0
1325	1
1326	1
1327	0
1328	1
1329	1
1330	1
1331	1
1332	1
1333	1
1334	0
1335	1
1336	0
1337	2
1338	0
1339	1
1340	0
1341	1
1342	0
1343	1
1344	0
1345	1
1346	0
1347	0
1348	0
1349	0
1350	0
1351	0
1352	0
1353	0
1354	0
1355	0
1356	0
1357	0
1358	0
1359	0
1360	0
1361	0
1362	0
1363	0
1364	0
1365	0
1366	0
1367	0
1368	0
1369	0
1370	0
1371	0
1372	0
1373	0
1374	0
1375	0
1376	0
1377	0
1378	0
1379	0
1380	0
1381	0
1382	0
1383	1
1384	0
1385	2
1386	0
1387	0
1388	0
1389	1
1390	1
1391	0
1392	0
1393	2
1394	0
1395	1
1396	0
1397	1
1398	0
1399	0
1400	0
1401	0
1402	0
1403	0
1404	0
1405	1
1406	0
1407	0
1408	0
1409	1
1410	0
1411	2
1412	0
1413	0
1414	0
1415	2
1416	1
1417	0
1418	0
1419	1
1420	1
1421	1
1422	0
1423	0
1424	1
1425	0
1426	0
1427	0
1428	0
1429	1
1430	1
1431	1
1432	0
1433	1
1434	0
1435	1
1436	0
1437	1
1438	0
1439	1
1440	0
1441	1
1442	0
1443	1
1444	0
1445	0
1446	0
1447	1
1448	0
1449	1
1450	0
1451	0
1452	0
1453	0
1454	0
1455	0
1456	0
1457	0
1458	1
1459	0
1460	0
1461	1
1462	2
1463	1
1464	1
1465	0
1466	0
1467	1
1468	0
1469	0
1470	0
1471	1
1472	0
1473	0
1474	0
1475	0
1476	1
1477	0
1478	0
1479	0
1480	0
1481	0
1482	0
1483	1
1484	0
1485	0
1486	0
1487	0
1488	0
1489	0
1490	0
1491	0
1492	0
1493	0
1494	0
1495	1
1496	0
1497	1
1498	0
1499	1
1500	0
1501	0
1502	0
1503	1
1504	0
1505	0
1506	0
1507	1
1508	0
1509	1
1510	0
1511	0
1512	0
1513	0
1514	0
1515	1
1516	0
1517	0
1518	0
1519	1
1520	0
1521	1
1522	1
1523	1
1524	0
1525	1
1526	1
1527	2
1528	0
1529	1
1530	1
1531	1
1532	0
1533	0
1534	0
1535	0
1536	0
1537	0
1538	0
1539	0
1540	0
1541	1
1542	0
1543	1
1544	0
1545	1
1546	0
1547	1
1548	0
1549	1
1550	1
1551	0
1552	0
1553	2
1554	1
1555	1
1556	0
1557	1
1558	0
1559	2
1560	0
1561	1
1562	1
1563	2
1564	1
1565	2
1566	0
1567	2
1568	0
1569	1
1570	1
1571	1
1572	0
1573	1
1574	0
1575	1
1576	0
1577	1
1578	0
1579	0
1580	1
1581	2
1582	0
1583	1
1584	1
1585	1
1586	0
1587	1
1588	1
1589	1
1590	2
1591	1
1592	2
1593	2
1594	1
1595	0
1596	1
1597	1
1598	1
1599	2
1600	0
1601	3
1602	0
1603	1
1604	0
1605	0
1606	0
1607	1
1608	0
1609	1
1610	0
1611	1
1612	0
1613	0
1614	0
1615	0
1616	1
1617	1
1618	0
1619	1
1620	0
1621	0
1622	0
1623	2
1624	1
1625	2
1626	0
1627	1
1628	1
1629	0
1630	0
1631	0
1632	1
1633	1
1634	1
1635	1
1636	1
1637	1
1638	0
1639	0
1640	1
1641	0
1642	2
1643	2
1644	1
1645	0
1646	1
1647	0
1648	0
1649	0
1650	0
1651	1
1652	2
1653	1
1654	2
1655	1
1656	1
1657	1
1658	1
1659	1
1660	0
1661	1
1662	0
1663	2
1664	1
1665	2
1666	1
1667	1
1668	1
1669	2
1670	0
1671	1
1672	0
1673	3
1674	0
1675	1
1676	1
1677	1
1678	1
1679	0
1680	1
1681	0
1682	1
1683	2
1684	1
1685	2
1686	1
1687	1
1688	1
1689	1
1690	1
1691	1
1692	1
1693	1
1694	1
1695	1
1696	1
1697	1
1698	0
1699	1
1700	1
1701	1
1702	1
1703	2
1704	1
1705	1
1706	0
1707	1
1708	0
1709	1
1710	1
1711	1
1712	0
1713	0
1714	0
1715	0
1716	0
1717	0
1718	1
1719	0
1720	1
1721	1
1722	1
1723	2
1724	2
1725	1
1726	1
1727	1
1728	1
1729	2
1730	1
1731	1
1732	2
1733	2
1734	1
1735	3
1736	1
1737	3
1738	1
1739	2
1740	1
1741	2
1742	0
1743	2
1744	0
1745	2
1746	0
1747	2
1748	3
1749	3
1750	3
1751	2
1752	1
1753	4
1754	1
1755	2
1756	2
1757	3
1758	0
1759	2
1760	2
1761	3
1762	2
1763	3
1764	1
1765	2
1766	0
1767	1
1768	2
1769	1
1770	1
1771	1
1772	0
1773	2
1774	0
1775	2
1776	0
1777	1
1778	0
1779	1
1780	1
1781	1
1782	1
1783	2
1784	0
1785	2
1786	1
1787	2
1788	1
1789	1
1790	1
1791	3
1792	2
1793	3
1794	0
1795	3
1796	0
1797	2
1798	1
1799	1
1800	0
1801	2
1802	1
1803	2
1804	1
1805	2
1806	0
1807	1
1808	0
1809	2
1810	0
1811	1
1812	0
1813	2
1814	0
1815	1
1816	0
1817	1
1818	1
1819	0
1820	0
1821	0
1822	0
1823	0
1824	0
1825	1
1826	0
1827	0
1828	1
1829	2
1830	2
1831	2
1832	0
1833	1
1834	0
1835	1
1836	1
1837	2
1838	1
1839	1
1840	1
1841	0
1842	1
1843	0
1844	2
1845	2
1846	2
1847	2
1848	1
1849	2
1850	1
1851	1
1852	1
1853	1
1854	1
1855	1
1856	1
1857	1
1858	1
1859	1
1860	1
1861	1
1862	0
1863	1
1864	0
1865	1
1866	1
1867	2
1868	1
1869	1
1870	1
1871	2
1872	1
1873	2
1874	0
1875	2
1876	0
1877	2
1878	1
1879	2
1880	1
1881	3
1882	1
1883	3
1884	1
1885	3
1886	1
1887	2
1888	1
1889	1
1890	0
1891	1
1892	1
1893	2
1894	0
1895	3
1896	0
1897	3
1898	0
1899	3
1900	0
1901	2
1902	1
1903	2
1904	1
1905	1
1906	0
1907	1
1908	0
1909	1
1910	0
1911	2
1912	1
1913	1
1914	1
1915	1
1916	0
1917	2
1918	0
1919	1
1920	1
1921	2
1922	1
1923	1
1924	1
1925	2
1926	1
1927	2
1928	1
1929	1
1930	3
1931	1
1932	1
1933	3
1934	2
1935	2
1936	1
1937	2
1938	1
1939	2
1940	1
1941	2
1942	1
1943	0
1944	1
1945	2
1946	0
1947	2
1948	0
1949	1
1950	0
1951	2
1952	0
1953	0
1954	0
1955	2
1956	1
1957	3
1958	2
1959	2
1960	1
1961	0
1962	0
1963	2
1964	1
1965	2
1966	1
1967	2
1968	2
1969	3
1970	1
1971	2
1972	1
1973	3
1974	1
1975	3
1976	3
1977	3
1978	3
1979	3
1980	1
1981	2
1982	2
1983	2
1984	2
1985	2
1986	2
1987	2
1988	1
1989	2
1990	1
1991	2
1992	1
1993	2
1994	0
1995	1
1996	1
1997	3
1998	1
1999	1
