0	2
1	6
2	4
3	7
4	4
5	6
6	4
7	6
8	3
9	6
10	4
11	6
12	2
13	5
14	4
15	7
16	3
17	7
18	4
19	7
20	4
21	7
22	3
23	7
24	4
25	8
26	4
27	9
28	3
29	9
30	6
31	7
32	4
33	7
34	4
35	6
36	4
37	7
38	3
39	6
40	3
41	4
42	2
43	6
44	2
45	6
46	2
47	5
48	3
49	6
50	3
51	5
52	2
53	5
54	2
55	6
56	3
57	6
58	2
59	7
60	2
61	6
62	1
63	4
64	2
65	6
66	4
67	6
68	3
69	5
70	3
71	6
72	2
73	5
74	2
75	4
76	1
77	6
78	3
79	6
80	2
81	4
82	2
83	4
84	2
85	6
86	2
87	6
88	2
89	4
90	3
91	4
92	2
93	4
94	3
95	4
96	2
97	6
98	2
99	4
100	3
101	6
102	3
103	5
104	2
105	5
106	2
107	5
108	3
109	5
110	3
111	6
112	2
113	7
114	3
115	8
116	4
117	6
118	3
119	5
120	3
121	4
122	4
123	4
124	2
125	6
126	4
127	5
128	3
129	6
130	3
131	6
132	4
133	4
134	3
135	7
136	3
137	6
138	4
139	7
140	3
141	6
142	4
143	6
144	4
145	7
146	3
147	7
148	4
149	8
150	4
151	8
152	5
153	7
154	4
155	8
156	3
157	9
158	3
159	7
160	2
161	6
162	2
163	6
164	3
165	6
166	2
167	7
168	3
169	6
170	2
171	5
172	2
173	5
174	3
175	4
176	3
177	6
178	3
179	5
180	3
181	5
182	2
183	5
184	2
185	6
186	2
187	6
188	3
189	5
190	2
191	6
192	2
193	6
194	3
195	6
196	3
197	6
198	3
199	6
200	2
201	8
202	4
203	6
204	4
205	6
206	3
207	6
208	3
209	6
210	4
211	7
212	2
213	6
214	4
215	7
216	4
217	7
218	4
219	6
220	3
221	5
222	4
223	7
224	4
225	9
226	4
227	7
228	3
229	7
230	4
231	6
232	2
233	6
234	2
235	8
236	3
237	7
238	4
239	5
240	4
241	6
242	2
243	8
244	3
245	7
246	4
247	6
248	3
249	6
250	3
251	7
252	2
253	5
254	3
255	4
256	2
257	5
258	3
259	4
260	4
261	4
262	3
263	6
264	4
265	5
266	5
267	6
268	4
269	7
270	4
271	7
272	3
273	9
274	3
275	7
276	3
277	7
278	4
279	7
280	4
281	8
282	4
283	7
284	4
285	8
286	4
287	7
288	4
289	8
290	5
291	5
292	4
293	4
294	3
295	6
296	3
297	6
298	3
299	7
300	3
301	6
302	3
303	5
304	2
305	4
306	2
307	5
308	1
309	4
310	2
311	4
312	2
313	4
314	3
315	6
316	0
317	7
318	2
319	5
320	2
321	6
322	2
323	6
324	2
325	5
326	3
327	6
328	3
329	6
330	2
331	6
332	3
333	5
334	1
335	5
336	4
337	6
338	4
339	5
340	3
341	6
342	4
343	6
344	2
345	6
346	3
347	6
348	4
349	6
350	3
351	7
352	2
353	6
354	2
355	6
356	4
357	7
358	4
359	8
360	4
361	8
362	4
363	7
364	3
365	7
366	4
367	8
368	5
369	7
370	3
371	7
372	2
373	6
374	4
375	6
376	3
377	6
378	3
379	5
380	2
381	5
382	2
383	7
384	2
385	4
386	3
387	5
388	3
389	8
390	2
391	5
392	2
393	6
394	4
395	6
396	3
397	6
398	4
399	6
400	4
401	6
402	3
403	7
404	3
405	7
406	3
407	7
408	4
409	9
410	5
411	8
412	5
413	8
414	4
415	10
416	7
417	11
418	9
419	11
420	11
421	15
422	15
423	19
424	20
425	24
426	25
427	30
428	32
429	36
430	38
431	44
432	46
433	51
434	54
435	57
436	59
437	67
438	68
439	73
440	75
441	82
442	83
443	88
444	90
445	95
446	96
447	102
448	103
449	107
450	107
451	112
452	113
453	117
454	117
455	121
456	120
457	124
458	123
459	126
460	125
461	127
462	125
463	128
464	125
465	128
466	125
467	126
468	124
469	124
470	121
471	121
472	119
473	119
474	113
475	115
476	111
477	112
478	108
479	108
480	104
481	103
482	100
483	100
484	96
485	97
486	93
487	92
488	88
489	88
490	84
491	85
492	82
493	83
494	77
495	77
496	75
497	75
498	76
499	78
500	62
501	70
502	65
503	66
504	64
505	65
506	62
507	61
508	59
509	57
510	57
511	57
512	55
513	54
514	52
515	51
516	48
517	51
518	48
519	48
520	47
521	48
522	45
523	46
524	41
525	43
526	40
527	40
528	38
529	39
530	37
531	37
532	35
533	35
534	34
535	35
536	33
537	33
538	30
539	31
540	28
541	30
542	25
543	27
544	22
545	25
546	22
547	23
548	19
549	20
550	18
551	19
552	15
553	17
554	14
555	15
556	13
557	15
558	11
559	13
560	9
561	11
562	9
563	11
564	8
565	9
566	8
567	8
568	5
569	6
570	4
571	5
572	4
573	4
574	2
575	3
576	1
577	4
578	0
579	4
580	0
581	3
582	0
583	1
584	0
585	0
586	0
587	0
588	-1
589	0
590	-2
591	0
592	-3
593	0
594	-4
595	-1
596	-4
597	-2
598	-4
599	-1
600	-4
601	-1
602	-4
603	-1
604	-5
605	-2
606	-4
607	-3
608	-5
609	-1
610	-4
611	-1
612	-4
613	-1
614	-4
615	-2
616	-5
617	-1
618	-4
619	-2
620	-5
621	-2
622	-5
623	-3
624	-5
625	-2
626	-5
627	-1
628	-5
629	-2
630	-5
631	-3
632	-6
633	-3
634	-6
635	-3
636	-6
637	-2
638	-5
639	-1
640	-5
641	-2
642	-6
643	-1
644	-7
645	-1
646	-6
647	0
648	-6
649	-1
650	-6
651	0
652	-4
653	-1
654	-4
655	0
656	-4
657	0
658	-4
659	-1
660	-5
661	-1
662	-4
663	-2
664	-4
665	-1
666	-5
667	-1
668	-5
669	0
670	-6
671	-1
672	-5
673	-1
674	-6
675	-2
676	-5
677	-2
678	-5
679	-3
680	-5
681	-2
682	-4
683	-1
684	-5
685	-2
686	-5
687	-3
688	-6
689	-3
690	-6
691	-3
692	-6
693	-2
694	-6
695	-2
696	-5
697	-3
698	-6
699	-4
700	-6
701	-3
702	-5
703	-3
704	-5
705	-3
706	-6
707	-4
708	-5
709	-3
710	-6
711	-4
712	-7
713	-2
714	-8
715	-3
716	-6
717	-3
718	-4
719	-3
720	-6
721	-4
722	-8
723	-4
724	-7
725	-3
726	-6
727	-2
728	-7
729	-3
730	-6
731	-3
732	-7
733	-3
734	-7
735	-2
736	-6
737	-3
738	-7
739	-3
740	-5
741	-2
742	-5
743	-2
744	-5
745	-2
746	-6
747	-2
748	-4
749	-2
750	-6
751	-1
752	-5
753	-1
754	-5
755	-1
756	-5
757	-1
758	-4
759	-1
760	-4
761	-2
762	-4
763	-1
764	-5
765	-3
766	-5
767	0
768	-6
769	-2
770	-5
771	-2
772	-5
773	-3
774	-5
775	-2
776	-6
777	-2
778	-7
779	-2
780	-5
781	-2
782	-6
783	-3
784	-7
785	-2
786	-7
787	-3
788	-7
789	-3
790	-7
791	-2
792	-7
793	-3
794	-5
795	-3
796	-6
797	-3
798	-6
799	-2
800	-6
801	-3
802	-5
803	-2
804	-6
805	-2
806	-4
807	-3
808	-4
809	-3
810	-5
811	-2
812	-5
813	-3
814	-6
815	-2
816	-7
817	-3
818	-6
819	-2
820	-6
821	-2
822	-6
823	-3
824	-5
825	-3
826	-5
827	-1
828	-6
829	-1
830	-6
831	-3
832	-5
833	-2
834	-7
835	-2
836	-6
837	-3
838	-6
839	-3
840	-5
841	-2
842	-4
843	-2
844	-5
845	-2
846	-5
847	-1
848	-6
849	-3
850	-7
851	-2
852	-4
853	-2
854	-3
855	-1
856	-4
857	0
858	-6
859	-1
860	-6
861	-1
862	-5
863	-1
864	-4
865	-1
866	-4
867	0
868	-4
869	-1
870	-5
871	0
872	-5
873	0
874	-5
875	-1
876	-4
877	0
878	-3
879	0
880	-5
881	-1
882	-5
883	-1
884	-5
885	-1
886	-5
887	-2
888	-6
889	-1
890	-5
891	-1
892	-4
893	-2
894	-4
895	-1
896	-4
897	0
898	-3
899	-2
900	-3
901	0
902	-4
903	0
904	-3
905	0
906	-2
907	0
908	-4
909	0
910	-2
911	0
912	-3
913	0
914	-3
915	0
916	-4
917	0
918	-3
919	-1
920	-3
921	-1
922	-3
923	0
924	-3
925	-1
926	-3
927	-1
928	-4
929	0
930	-3
931	-1
932	-3
933	-1
934	-4
935	0
936	-4
937	0
938	-5
939	0
940	-4
941	-1
942	-4
943	-2
944	-3
945	-1
946	-3
947	-1
948	-4
949	0
950	-3
951	0
952	-2
953	-1
954	-3
955	-1
956	-3
957	-1
958	-3
959	-3
960	-3
961	-1
962	-3
963	-2
964	-3
965	0
966	-4
967	-1
968	-3
969	-1
970	-3
971	-1
972	-3
973	-1
974	-4
975	0
976	-4
977	0
978	-2
979	-1
980	-2
981	-1
982	-3
983	-1
984	-4
985	-2
986	-3
987	0
988	-3
989	0
990	-2
991	0
992	-2
993	0
994	-1
995	0
996	0
997	0
998	0
999	0
1000	0
1001	1
1002	0
1003	1
1004	1
1005	2
1006	0
1007	1
1008	0
1009	1
1010	-1
1011	1
1012	-1
1013	2
1014	0
1015	2
1016	0
1017	2
1018	0
1019	2
1020	0
1021	2
1022	0
1023	1
1024	0
1025	3
1026	0
1027	2
1028	0
1029	1
1030	0
1031	2
1032	0
1033	1
1034	0
1035	0
1036	0
1037	1
1038	0
1039	0
1040	-1
1041	1
1042	-1
1043	1
1044	0
1045	0
1046	0
1047	1
1048	0
1049	1
1050	1
1051	1
1052	0
1053	1
1054	0
1055	0
1056	0
1057	1
1058	0
1059	0
1060	-1
1061	1
1062	0
1063	1
1064	0
1065	1
1066	0
1067	1
1068	0
1069	1
1070	0
1071	1
1072	0
1073	0
1074	-1
1075	0
1076	-1
1077	0
1078	0
1079	1
1080	-1
1081	0
1082	0
1083	0
1084	-2
1085	0
1086	-2
1087	0
1088	0
1089	0
1090	0
1091	0
1092	-3
1093	0
1094	-1
1095	0
1096	-1
1097	0
1098	-1
1099	0
1100	0
1101	0
1102	-1
1103	0
1104	0
1105	0
1106	0
1107	0
1108	-1
1109	0
1110	-1
1111	0
1112	0
1113	0
1114	-1
1115	0
1116	0
1117	0
1118	0
1119	0
1120	0
1121	0
1122	0
1123	0
1124	0
1125	1
1126	0
1127	1
1128	0
1129	1
1130	0
1131	0
1132	0
1133	1
1134	0
1135	1
1136	0
1137	1
1138	0
1139	1
1140	0
1141	2
1142	0
1143	1
1144	0
1145	1
1146	0
1147	0
1148	1
1149	2
1150	1
1151	2
1152	0
1153	1
1154	0
1155	2
1156	0
1157	3
1158	0
1159	2
1160	0
1161	1
1162	0
1163	2
1164	0
1165	2
1166	0
1167	1
1168	0
1169	1
1170	0
1171	0
1172	0
1173	0
1174	0
1175	0
1176	0
1177	0
1178	0
1179	0
1180	0
1181	1
1182	0
1183	1
1184	0
1185	1
1186	0
1187	1
1188	0
1189	2
1190	0
1191	1
1192	0
1193	1
1194	0
1195	1
1196	0
1197	1
1198	0
1199	0
1200	0
1201	0
1202	0
1203	0
1204	0
1205	0
1206	0
1207	0
1208	0
1209	0
1210	0
1211	0
1212	-1
1213	0
1214	-2
1215	0
1216	0
1217	0
1218	-1
1219	0
1220	-1
1221	0
1222	-1
1223	0
1224	-1
1225	0
1226	0
1227	0
1228	0
1229	0
1230	0
1231	0
1232	0
1233	1
1234	0
1235	2
1236	1
1237	1
1238	1
1239	2
1240	0
1241	1
1242	0
1243	2
1244	1
1245	2
1246	0
1247	3
1248	1
1249	2
1250	0
1251	3
1252	0
1253	3
1254	1
1255	2
1256	1
1257	3
1258	1
1259	4
1260	0
1261	4
1262	2
1263	4
1264	1
1265	4
1266	2
1267	4
1268	1
1269	4
1270	1
1271	3
1272	1
1273	3
1274	2
1275	3
1276	1
1277	3
1278	3
1279	2
1280	2
1281	3
1282	1
1283	3
1284	1
1285	2
1286	1
1287	2
1288	0
1289	2
1290	1
1291	2
1292	1
1293	1
1294	1
1295	1
1296	0
1297	3
1298	1
1299	1
1300	0
1301	1
1302	0
1303	2
1304	0
1305	1
1306	0
1307	1
1308	0
1309	1
1310	0
1311	1
1312	0
1313	1
1314	0
1315	1
1316	0
1317	2
1318	0
1319	0
1320	0
1321	0
1322	0
1323	0
1324	0
1325	0
1326	0
1327	0
1328	0
1329	0
1330	0
1331	0
1332	0
1333	0
1334	0
1335	0
1336	0
1337	0
1338	-1
1339	1
1340	0
1341	0
1342	0
1343	1
1344	0
1345	0
1346	0
1347	0
1348	0
1349	0
1350	0
1351	0
1352	0
1353	0
1354	0
1355	1
1356	0
1357	0
1358	0
1359	0
1360	-1
1361	0
1362	0
1363	1
1364	0
1365	1
1366	0
1367	0
1368	0
1369	1
1370	0
1371	1
1372	0
1373	1
1374	0
1375	2
1376	0
1377	0
1378	0
1379	2
1380	0
1381	1
1382	-1
1383	1
1384	0
1385	1
1386	0
1387	1
1388	0
1389	1
1390	0
1391	0
1392	0
1393	1
1394	0
1395	0
1396	0
1397	0
1398	0
1399	1
1400	0
1401	1
1402	0
1403	0
1404	0
1405	1
1406	0
1407	0
1408	0
1409	0
1410	0
1411	0
1412	0
1413	0
1414	0
1415	0
1416	-1
1417	0
1418	0
1419	0
1420	0
1421	1
1422	0
1423	0
1424	0
1425	1
1426	0
1427	2
1428	0
1429	1
1430	0
1431	1
1432	0
1433	1
1434	0
1435	1
1436	0
1437	1
1438	0
1439	1
1440	0
1441	1
1442	0
1443	0
1444	0
1445	0
1446	0
1447	1
1448	0
1449	1
1450	0
1451	1
1452	1
1453	2
1454	0
1455	1
1456	0
1457	1
1458	1
1459	0
1460	0
1461	0
1462	0
1463	0
1464	0
1465	0
1466	-1
1467	0
1468	0
1469	1
1470	0
1471	1
1472	0
1473	2
1474	0
1475	2
1476	0
1477	2
1478	0
1479	1
1480	0
1481	1
1482	0
1483	1
1484	0
1485	2
1486	0
1487	4
1488	0
1489	2
1490	0
1491	2
1492	1
1493	3
1494	0
1495	4
1496	1
1497	3
1498	0
1499	1
1500	0
1501	3
1502	0
1503	1
1504	0
1505	0
1506	0
1507	1
1508	0
1509	0
1510	0
1511	0
1512	0
1513	0
1514	0
1515	0
1516	0
1517	2
1518	0
1519	0
1520	0
1521	1
1522	0
1523	1
1524	0
1525	1
1526	0
1527	2
1528	0
1529	2
1530	0
1531	1
1532	0
1533	1
1534	0
1535	2
1536	0
1537	1
1538	1
1539	2
1540	0
1541	1
1542	0
1543	2
1544	0
1545	1
1546	0
1547	2
1548	0
1549	2
1550	0
1551	2
1552	0
1553	1
1554	0
1555	0
1556	0
1557	1
1558	0
1559	1
1560	0
1561	2
1562	0
1563	2
1564	0
1565	2
1566	1
1567	0
1568	0
1569	1
1570	0
1571	1
1572	0
1573	2
1574	0
1575	2
1576	1
1577	2
1578	0
1579	1
1580	0
1581	2
1582	0
1583	2
1584	1
1585	2
1586	1
1587	3
1588	0
1589	2
1590	0
1591	2
1592	1
1593	2
1594	0
1595	3
1596	1
1597	2
1598	0
1599	3
1600	1
1601	4
1602	2
1603	3
1604	0
1605	3
1606	1
1607	2
1608	2
1609	3
1610	2
1611	2
1612	2
1613	4
1614	2
1615	3
1616	2
1617	4
1618	3
1619	4
1620	3
1621	5
1622	2
1623	5
1624	3
1625	5
1626	4
1627	5
1628	3
1629	5
1630	3
1631	5
1632	3
1633	5
1634	4
1635	4
1636	3
1637	4
1638	3
1639	5
1640	2
1641	4
1642	2
1643	6
1644	2
1645	4
1646	2
1647	4
1648	2
1649	3
1650	2
1651	4
1652	4
1653	4
1654	2
1655	4
1656	2
1657	4
1658	2
1659	4
1660	2
1661	4
1662	0
1663	4
1664	1
1665	4
1666	2
1667	5
1668	2
1669	4
1670	1
1671	5
1672	2
1673	4
1674	1
1675	5
1676	2
1677	4
1678	2
1679	5
1680	3
1681	5
1682	2
1683	4
1684	2
1685	4
1686	2
1687	4
1688	2
1689	4
1690	2
1691	6
1692	2
1693	5
1694	2
1695	4
1696	2
1697	4
1698	2
1699	5
1700	1
1701	4
1702	2
1703	4
1704	2
1705	3
1706	1
1707	4
1708	1
1709	4
1710	1
1711	3
1712	2
1713	4
1714	2
1715	2
1716	1
1717	3
1718	0
1719	4
1720	1
1721	3
1722	0
1723	3
1724	0
1725	1
1726	0
1727	1
1728	0
1729	1
1730	0
1731	3
1732	0
1733	2
1734	0
1735	2
1736	0
1737	1
1738	0
1739	2
1740	0
1741	1
1742	0
1743	1
1744	0
1745	2
1746	0
1747	3
1748	0
1749	1
1750	0
1751	2
1752	0
1753	2
1754	0
1755	1
1756	0
1757	2
1758	0
1759	3
1760	0
1761	4
1762	0
1763	2
1764	0
1765	4
1766	0
1767	3
1768	0
1769	4
1770	1
1771	3
1772	0
1773	2
1774	0
1775	4
1776	1
1777	5
1778	1
1779	3
1780	1
1781	4
1782	0
1783	3
1784	0
1785	4
1786	0
1787	4
1788	0
1789	5
1790	1
1791	4
1792	2
1793	4
1794	2
1795	3
1796	1
1797	4
1798	3
1799	3
1800	2
1801	4
1802	2
1803	4
1804	2
1805	4
1806	1
1807	3
1808	2
1809	4
1810	2
1811	3
1812	0
1813	4
1814	0
1815	4
1816	2
1817	4
1818	0
1819	3
1820	1
1821	3
1822	0
1823	4
1824	0
1825	4
1826	1
1827	2
1828	1
1829	4
1830	1
1831	4
1832	2
1833	3
1834	0
1835	4
1836	1
1837	4
1838	2
1839	3
1840	1
1841	3
1842	0
1843	3
1844	0
1845	4
1846	1
1847	4
1848	0
1849	4
1850	0
1851	3
1852	0
1853	3
1854	0
1855	4
1856	0
1857	3
1858	0
1859	2
1860	0
1861	1
1862	0
1863	2
1864	0
1865	1
1866	0
1867	2
1868	0
1869	3
1870	0
1871	2
1872	-1
1873	2
1874	-1
1875	3
1876	0
1877	3
1878	0
1879	3
1880	0
1881	3
1882	0
1883	3
1884	1
1885	4
1886	2
1887	6
1888	1
1889	4
1890	3
1891	5
1892	3
1893	4
1894	3
1895	7
1896	3
1897	6
1898	4
1899	6
1900	4
1901	7
1902	4
1903	5
1904	3
1905	6
1906	1
1907	5
1908	2
1909	4
1910	2
1911	5
1912	1
1913	4
1914	2
1915	4
1916	1
1917	4
1918	1
1919	3
1920	0
1921	4
1922	0
1923	6
1924	0
1925	4
1926	1
1927	4
1928	0
1929	3
1930	1
1931	2
1932	2
1933	3
1934	2
1935	3
1936	0
1937	4
1938	0
1939	4
1940	0
1941	3
1942	1
1943	2
1944	1
1945	2
1946	0
1947	3
1948	0
1949	2
1950	0
1951	2
1952	0
1953	2
1954	1
1955	3
1956	0
1957	2
1958	1
1959	3
1960	0
1961	3
1962	1
1963	3
1964	1
1965	4
1966	1
1967	5
1968	2
1969	5
1970	2
1971	5
1972	1
1973	6
1974	2
1975	5
1976	2
1977	4
1978	2
1979	5
1980	2
1981	4
1982	2
1983	4
1984	1
1985	4
1986	1
1987	4
1988	2
1989	4
1990	2
1991	3
1992	2
1993	4
1994	1
1995	4
1996	2
1997	4
1998	1
1999	4
