0	2
1	4
2	3
3	4
4	2
5	3
6	4
7	5
8	2
9	5
10	2
11	6
12	4
13	4
14	2
15	5
16	2
17	5
18	3
19	5
20	3
21	5
22	3
23	5
24	3
25	5
26	2
27	6
28	3
29	7
30	3
31	6
32	4
33	5
34	3
35	5
36	4
37	6
38	4
39	4
40	3
41	5
42	2
43	4
44	2
45	4
46	3
47	3
48	0
49	3
50	1
51	5
52	2
53	4
54	1
55	5
56	2
57	3
58	1
59	4
60	3
61	4
62	2
63	3
64	1
65	3
66	2
67	5
68	0
69	4
70	2
71	5
72	2
73	5
74	3
75	5
76	4
77	4
78	3
79	5
80	4
81	5
82	3
83	5
84	3
85	7
86	4
87	6
88	3
89	5
90	4
91	6
92	4
93	3
94	4
95	4
96	2
97	2
98	4
99	4
100	2
101	5
102	2
103	6
104	2
105	5
106	3
107	5
108	3
109	4
110	2
111	5
112	2
113	4
114	2
115	4
116	3
117	4
118	2
119	5
120	3
121	5
122	3
123	4
124	2
125	5
126	3
127	5
128	3
129	4
130	1
131	5
132	3
133	2
134	2
135	4
136	2
137	4
138	3
139	4
140	3
141	5
142	3
143	5
144	3
145	5
146	3
147	6
148	3
149	4
150	3
151	4
152	5
153	4
154	3
155	6
156	3
157	4
158	1
159	4
160	2
161	5
162	2
163	5
164	4
165	4
166	2
167	6
168	3
169	6
170	5
171	6
172	3
173	5
174	2
175	5
176	3
177	7
178	4
179	4
180	3
181	4
182	4
183	6
184	3
185	6
186	3
187	6
188	3
189	5
190	3
191	5
192	2
193	5
194	2
195	6
196	2
197	4
198	2
199	4
200	3
201	4
202	3
203	6
204	2
205	4
206	3
207	3
208	2
209	4
210	3
211	4
212	3
213	5
214	2
215	4
216	2
217	6
218	2
219	5
220	2
221	4
222	3
223	4
224	2
225	4
226	2
227	4
228	3
229	5
230	2
231	4
232	3
233	6
234	2
235	6
236	1
237	6
238	2
239	5
240	2
241	5
242	2
243	5
244	1
245	4
246	2
247	5
248	2
249	4
250	1
251	4
252	2
253	4
254	3
255	4
256	4
257	6
258	3
259	4
260	4
261	5
262	2
263	5
264	3
265	5
266	3
267	4
268	3
269	3
270	2
271	7
272	2
273	6
274	2
275	5
276	3
277	4
278	2
279	4
280	3
281	4
282	4
283	4
284	3
285	4
286	3
287	4
288	3
289	5
290	2
291	4
292	3
293	4
294	2
295	4
296	2
297	4
298	2
299	4
300	2
301	5
302	2
303	3
304	2
305	5
306	2
307	3
308	2
309	4
310	4
311	4
312	3
313	5
314	4
315	8
316	3
317	6
318	4
319	4
320	3
321	5
322	2
323	7
324	4
325	6
326	4
327	7
328	3
329	6
330	4
331	7
332	2
333	5
334	3
335	4
336	4
337	4
338	4
339	5
340	3
341	6
342	1
343	4
344	2
345	4
346	3
347	3
348	2
349	3
350	3
351	4
352	2
353	4
354	2
355	5
356	1
357	4
358	2
359	4
360	4
361	6
362	4
363	4
364	3
365	3
366	3
367	6
368	2
369	4
370	3
371	6
372	2
373	4
374	3
375	6
376	4
377	7
378	4
379	6
380	3
381	6
382	3
383	7
384	2
385	5
386	2
387	5
388	4
389	6
390	5
391	7
392	5
393	6
394	5
395	5
396	4
397	6
398	2
399	5
400	3
401	4
402	3
403	6
404	3
405	5
406	2
407	5
408	2
409	5
410	4
411	5
412	3
413	6
414	3
415	4
416	4
417	4
418	3
419	5
420	3
421	6
422	3
423	4
424	4
425	6
426	4
427	6
428	4
429	7
430	7
431	11
432	11
433	14
434	13
435	17
436	18
437	22
438	23
439	27
440	29
441	34
442	35
443	40
444	41
445	46
446	48
447	54
448	56
449	61
450	62
451	67
452	69
453	73
454	74
455	78
456	79
457	82
458	85
459	89
460	90
461	92
462	92
463	94
464	96
465	96
466	97
467	98
468	97
469	101
470	99
471	101
472	101
473	100
474	100
475	99
476	99
477	98
478	97
479	97
480	96
481	96
482	93
483	94
484	91
485	91
486	89
487	90
488	86
489	88
490	84
491	85
492	81
493	81
494	78
495	77
496	76
497	77
498	77
499	78
500	62
501	70
502	64
503	65
504	64
505	65
506	62
507	61
508	60
509	57
510	54
511	53
512	50
513	51
514	50
515	50
516	48
517	48
518	44
519	46
520	42
521	42
522	39
523	38
524	37
525	38
526	34
527	35
528	33
529	33
530	30
531	30
532	27
533	28
534	25
535	27
536	24
537	24
538	22
539	22
540	22
541	22
542	21
543	21
544	19
545	19
546	18
547	19
548	17
549	18
550	15
551	18
552	14
553	17
554	13
555	14
556	11
557	14
558	10
559	12
560	9
561	10
562	10
563	10
564	8
565	10
566	9
567	9
568	8
569	8
570	7
571	9
572	7
573	8
574	7
575	8
576	6
577	8
578	6
579	8
580	6
581	6
582	6
583	7
584	6
585	6
586	5
587	5
588	5
589	6
590	5
591	6
592	4
593	4
594	4
595	5
596	3
597	5
598	3
599	3
600	3
601	4
602	1
603	4
604	2
605	3
606	2
607	3
608	1
609	2
610	1
611	2
612	1
613	2
614	1
615	2
616	1
617	2
618	1
619	2
620	1
621	1
622	1
623	2
624	1
625	1
626	1
627	1
628	0
629	1
630	1
631	1
632	0
633	1
634	0
635	1
636	0
637	1
638	0
639	0
640	0
641	1
642	0
643	0
644	0
645	0
646	0
647	0
648	0
649	0
650	0
651	0
652	-1
653	0
654	-1
655	0
656	0
657	0
658	0
659	0
660	0
661	0
662	0
663	0
664	0
665	0
666	0
667	0
668	0
669	0
670	0
671	0
672	0
673	0
674	0
675	0
676	0
677	0
678	0
679	2
680	0
681	0
682	0
683	1
684	0
685	1
686	0
687	1
688	0
689	0
690	0
691	0
692	0
693	0
694	0
695	1
696	0
697	1
698	0
699	0
700	0
701	1
702	0
703	0
704	0
705	0
706	0
707	0
708	0
709	0
710	0
711	0
712	0
713	0
714	0
715	0
716	0
717	0
718	0
719	0
720	0
721	0
722	0
723	0
724	0
725	0
726	0
727	0
728	0
729	0
730	0
731	0
732	0
733	0
734	0
735	0
736	0
737	0
738	0
739	0
740	0
741	0
742	0
743	0
744	-1
745	0
746	0
747	0
748	0
749	0
750	-1
751	0
752	0
753	0
754	0
755	0
756	0
757	0
758	0
759	0
760	-1
761	0
762	0
763	0
764	0
765	0
766	0
767	0
768	0
769	0
770	0
771	0
772	0
773	0
774	0
775	0
776	0
777	0
778	0
779	0
780	0
781	0
782	0
783	0
784	0
785	0
786	0
787	0
788	0
789	0
790	0
791	0
792	-1
793	0
794	-1
795	0
796	-1
797	0
798	0
799	0
800	0
801	0
802	-1
803	0
804	0
805	0
806	0
807	0
808	0
809	0
810	0
811	0
812	0
813	0
814	0
815	0
816	0
817	0
818	0
819	0
820	0
821	0
822	0
823	0
824	0
825	0
826	0
827	0
828	0
829	0
830	0
831	0
832	0
833	0
834	0
835	0
836	0
837	0
838	0
839	0
840	0
841	0
842	0
843	0
844	0
845	0
846	0
847	0
848	0
849	0
850	0
851	0
852	-1
853	0
854	-1
855	0
856	0
857	0
858	0
859	0
860	0
861	0
862	0
863	0
864	0
865	0
866	0
867	0
868	-1
869	0
870	0
871	0
872	0
873	0
874	0
875	0
876	0
877	0
878	0
879	0
880	0
881	0
882	0
883	0
884	0
885	0
886	0
887	0
888	0
889	0
890	0
891	0
892	0
893	0
894	0
895	0
896	0
897	0
898	0
899	0
900	0
901	0
902	0
903	0
904	0
905	0
906	0
907	0
908	0
909	0
910	0
911	0
912	0
913	0
914	0
915	0
916	0
917	0
918	0
919	0
920	0
921	0
922	0
923	0
924	0
925	0
926	-1
927	0
928	-1
929	0
930	0
931	0
932	0
933	0
934	0
935	0
936	0
937	0
938	0
939	0
940	0
941	0
942	0
943	0
944	0
945	0
946	0
947	0
948	0
949	0
950	0
951	0
952	0
953	0
954	0
955	0
956	0
957	0
958	0
959	0
960	0
961	0
962	1
963	0
964	0
965	0
966	0
967	1
968	0
969	0
970	0
971	0
972	0
973	0
974	-1
975	0
976	0
977	0
978	-2
979	0
980	-1
981	0
982	0
983	0
984	-1
985	0
986	0
987	0
988	-1
989	0
990	0
991	0
992	0
993	0
994	0
995	0
996	0
997	0
998	0
999	0
1000	0
1001	0
1002	0
1003	0
1004	0
1005	0
1006	0
1007	0
1008	0
1009	0
1010	0
1011	0
1012	-1
1013	0
1014	-1
1015	0
1016	-1
1017	0
1018	-1
1019	0
1020	-1
1021	0
1022	0
1023	0
1024	-1
1025	0
1026	0
1027	0
1028	0
1029	0
1030	0
1031	0
1032	0
1033	0
1034	0
1035	0
1036	0
1037	0
1038	0
1039	1
1040	0
1041	1
1042	0
1043	0
1044	0
1045	0
1046	0
1047	0
1048	0
1049	0
1050	0
1051	0
1052	0
1053	0
1054	0
1055	1
1056	0
1057	1
1058	0
1059	0
1060	0
1061	0
1062	0
1063	1
1064	0
1065	0
1066	1
1067	0
1068	1
1069	2
1070	1
1071	1
1072	1
1073	0
1074	0
1075	0
1076	0
1077	1
1078	0
1079	0
1080	1
1081	1
1082	1
1083	1
1084	0
1085	1
1086	0
1087	1
1088	0
1089	1
1090	0
1091	0
1092	0
1093	1
1094	0
1095	0
1096	1
1097	0
1098	0
1099	0
1100	0
1101	0
1102	0
1103	0
1104	0
1105	0
1106	0
1107	0
1108	0
1109	0
1110	0
1111	0
1112	0
1113	0
1114	0
1115	0
1116	0
1117	0
1118	0
1119	0
1120	0
1121	0
1122	0
1123	0
1124	0
1125	0
1126	0
1127	0
1128	0
1129	0
1130	-1
1131	0
1132	0
1133	0
1134	0
1135	0
1136	-1
1137	-1
1138	-1
1139	0
1140	0
1141	0
1142	0
1143	0
1144	0
1145	0
1146	-1
1147	0
1148	0
1149	0
1150	-1
1151	0
1152	0
1153	0
1154	0
1155	0
1156	-1
1157	0
1158	0
1159	0
1160	0
1161	0
1162	0
1163	0
1164	0
1165	0
1166	0
1167	1
1168	0
1169	1
1170	1
1171	2
1172	0
1173	1
1174	1
1175	1
1176	1
1177	1
1178	1
1179	1
1180	1
1181	0
1182	0
1183	1
1184	1
1185	2
1186	1
1187	1
1188	0
1189	1
1190	0
1191	1
1192	0
1193	0
1194	0
1195	1
1196	0
1197	1
1198	0
1199	0
1200	0
1201	0
1202	0
1203	0
1204	0
1205	0
1206	0
1207	1
1208	0
1209	0
1210	0
1211	1
1212	0
1213	0
1214	0
1215	0
1216	0
1217	0
1218	0
1219	0
1220	0
1221	0
1222	0
1223	0
1224	0
1225	0
1226	0
1227	0
1228	0
1229	0
1230	0
1231	0
1232	0
1233	0
1234	0
1235	0
1236	0
1237	0
1238	0
1239	0
1240	0
1241	0
1242	0
1243	0
1244	0
1245	0
1246	0
1247	0
1248	0
1249	0
1250	0
1251	0
1252	0
1253	0
1254	0
1255	0
1256	-1
1257	0
1258	0
1259	0
1260	0
1261	0
1262	0
1263	0
1264	0
1265	1
1266	0
1267	0
1268	0
1269	0
1270	0
1271	0
1272	0
1273	0
1274	1
1275	0
1276	0
1277	0
1278	0
1279	0
1280	0
1281	1
1282	0
1283	1
1284	0
1285	1
1286	0
1287	1
1288	0
1289	0
1290	0
1291	0
1292	0
1293	1
1294	0
1295	1
1296	0
1297	0
1298	0
1299	1
1300	0
1301	1
1302	0
1303	1
1304	0
1305	1
1306	0
1307	1
1308	0
1309	1
1310	0
1311	1
1312	0
1313	1
1314	0
1315	1
1316	0
1317	0
1318	0
1319	2
1320	0
1321	1
1322	0
1323	0
1324	0
1325	0
1326	0
1327	1
1328	0
1329	0
1330	0
1331	0
1332	0
1333	0
1334	0
1335	0
1336	0
1337	0
1338	0
1339	0
1340	0
1341	0
1342	0
1343	0
1344	0
1345	0
1346	0
1347	0
1348	0
1349	0
1350	0
1351	0
1352	0
1353	0
1354	0
1355	1
1356	0
1357	0
1358	0
1359	1
1360	0
1361	0
1362	0
1363	1
1364	0
1365	1
1366	0
1367	1
1368	0
1369	1
1370	0
1371	1
1372	0
1373	1
1374	0
1375	1
1376	0
1377	1
1378	0
1379	1
1380	0
1381	0
1382	0
1383	1
1384	0
1385	0
1386	0
1387	0
1388	0
1389	0
1390	0
1391	0
1392	0
1393	0
1394	0
1395	1
1396	0
1397	0
1398	0
1399	1
1400	0
1401	0
1402	0
1403	1
1404	0
1405	0
1406	0
1407	1
1408	0
1409	0
1410	0
1411	1
1412	0
1413	2
1414	0
1415	1
1416	0
1417	0
1418	0
1419	0
1420	0
1421	0
1422	0
1423	0
1424	0
1425	0
1426	1
1427	1
1428	1
1429	1
1430	0
1431	1
1432	0
1433	1
1434	0
1435	1
1436	0
1437	0
1438	1
1439	1
1440	0
1441	1
1442	0
1443	1
1444	1
1445	0
1446	1
1447	1
1448	1
1449	1
1450	0
1451	1
1452	0
1453	1
1454	0
1455	0
1456	0
1457	1
1458	0
1459	0
1460	0
1461	0
1462	0
1463	0
1464	0
1465	1
1466	0
1467	1
1468	0
1469	1
1470	1
1471	1
1472	0
1473	1
1474	1
1475	2
1476	1
1477	2
1478	0
1479	1
1480	0
1481	2
1482	0
1483	1
1484	0
1485	2
1486	0
1487	1
1488	0
1489	1
1490	1
1491	1
1492	0
1493	1
1494	0
1495	1
1496	0
1497	1
1498	0
1499	0
1500	0
1501	1
1502	0
1503	0
1504	0
1505	1
1506	0
1507	0
1508	0
1509	0
1510	1
1511	0
1512	0
1513	0
1514	0
1515	1
1516	0
1517	0
1518	0
1519	0
1520	0
1521	0
1522	1
1523	0
1524	0
1525	1
1526	0
1527	1
1528	0
1529	1
1530	1
1531	2
1532	1
1533	3
1534	1
1535	2
1536	0
1537	2
1538	0
1539	1
1540	0
1541	1
1542	0
1543	2
1544	0
1545	2
1546	0
1547	2
1548	1
1549	1
1550	0
1551	0
1552	0
1553	1
1554	0
1555	1
1556	0
1557	2
1558	0
1559	0
1560	0
1561	0
1562	0
1563	0
1564	0
1565	0
1566	0
1567	1
1568	1
1569	0
1570	0
1571	2
1572	0
1573	2
1574	0
1575	2
1576	0
1577	1
1578	0
1579	1
1580	0
1581	2
1582	0
1583	0
1584	0
1585	1
1586	0
1587	0
1588	0
1589	0
1590	0
1591	0
1592	0
1593	1
1594	1
1595	1
1596	0
1597	1
1598	2
1599	2
1600	0
1601	1
1602	1
1603	1
1604	1
1605	2
1606	0
1607	2
1608	1
1609	2
1610	2
1611	2
1612	1
1613	1
1614	0
1615	2
1616	0
1617	1
1618	0
1619	2
1620	0
1621	1
1622	0
1623	1
1624	1
1625	1
1626	1
1627	2
1628	0
1629	0
1630	0
1631	1
1632	0
1633	2
1634	1
1635	0
1636	0
1637	0
1638	2
1639	2
1640	0
1641	1
1642	0
1643	1
1644	1
1645	2
1646	1
1647	2
1648	1
1649	1
1650	1
1651	2
1652	1
1653	1
1654	0
1655	2
1656	0
1657	1
1658	0
1659	0
1660	0
1661	1
1662	0
1663	2
1664	0
1665	1
1666	0
1667	0
1668	0
1669	0
1670	0
1671	0
1672	0
1673	1
1674	0
1675	1
1676	0
1677	3
1678	1
1679	3
1680	0
1681	2
1682	2
1683	1
1684	0
1685	1
1686	1
1687	1
1688	1
1689	1
1690	1
1691	2
1692	2
1693	3
1694	3
1695	1
1696	1
1697	2
1698	2
1699	2
1700	0
1701	2
1702	1
1703	2
1704	1
1705	1
1706	1
1707	3
1708	1
1709	3
1710	1
1711	2
1712	0
1713	1
1714	1
1715	1
1716	0
1717	1
1718	0
1719	2
1720	0
1721	1
1722	0
1723	1
1724	0
1725	1
1726	1
1727	1
1728	0
1729	1
1730	1
1731	2
1732	1
1733	1
1734	0
1735	1
1736	1
1737	1
1738	1
1739	1
1740	2
1741	2
1742	2
1743	2
1744	1
1745	1
1746	2
1747	1
1748	3
1749	2
1750	1
1751	2
1752	1
1753	1
1754	2
1755	1
1756	1
1757	1
1758	0
1759	2
1760	0
1761	1
1762	0
1763	2
1764	0
1765	3
1766	0
1767	1
1768	1
1769	2
1770	0
1771	2
1772	0
1773	2
1774	0
1775	3
1776	1
1777	2
1778	0
1779	2
1780	2
1781	2
1782	1
1783	2
1784	1
1785	3
1786	1
1787	3
1788	3
1789	3
1790	2
1791	4
1792	2
1793	4
1794	2
1795	4
1796	3
1797	5
1798	4
1799	4
1800	4
1801	5
1802	4
1803	6
1804	4
1805	6
1806	4
1807	5
1808	5
1809	4
1810	4
1811	4
1812	4
1813	4
1814	3
1815	4
1816	4
1817	5
1818	4
1819	4
1820	3
1821	4
1822	3
1823	4
1824	3
1825	3
1826	2
1827	4
1828	2
1829	4
1830	3
1831	6
1832	3
1833	4
1834	2
1835	4
1836	3
1837	4
1838	2
1839	4
1840	2
1841	4
1842	2
1843	3
1844	2
1845	4
1846	2
1847	3
1848	3
1849	3
1850	2
1851	4
1852	2
1853	3
1854	3
1855	4
1856	1
1857	4
1858	1
1859	3
1860	1
1861	2
1862	2
1863	3
1864	2
1865	2
1866	1
1867	2
1868	0
1869	2
1870	1
1871	2
1872	1
1873	1
1874	2
1875	1
1876	1
1877	1
1878	0
1879	1
1880	1
1881	2
1882	1
1883	2
1884	1
1885	1
1886	1
1887	2
1888	2
1889	2
1890	3
1891	3
1892	1
1893	2
1894	1
1895	4
1896	2
1897	4
1898	3
1899	3
1900	1
1901	3
1902	1
1903	3
1904	2
1905	4
1906	1
1907	2
1908	2
1909	3
1910	1
1911	3
1912	1
1913	2
1914	1
1915	2
1916	2
1917	3
1918	1
1919	3
1920	1
1921	3
1922	1
1923	3
1924	2
1925	3
1926	1
1927	3
1928	1
1929	3
1930	1
1931	3
1932	2
1933	4
1934	2
1935	3
1936	0
1937	3
1938	0
1939	3
1940	1
1941	2
1942	0
1943	1
1944	1
1945	3
1946	0
1947	1
1948	1
1949	1
1950	2
1951	2
1952	1
1953	2
1954	1
1955	2
1956	0
1957	2
1958	1
1959	2
1960	1
1961	3
1962	1
1963	2
1964	2
1965	3
1966	0
1967	3
1968	0
1969	1
1970	0
1971	2
1972	1
1973	2
1974	1
1975	3
1976	0
1977	1
1978	0
1979	2
1980	1
1981	2
1982	1
1983	1
1984	0
1985	1
1986	0
1987	1
1988	0
1989	1
1990	0
1991	2
1992	1
1993	2
1994	2
1995	2
1996	2
1997	2
1998	2
1999	2
