0	1
1	6
2	1
3	5
4	3
5	5
6	3
7	5
8	2
9	5
10	2
11	5
12	1
13	4
14	0
15	4
16	2
17	4
18	3
19	4
20	2
21	4
22	2
23	4
24	3
25	6
26	2
27	6
28	2
29	6
30	3
31	4
32	2
33	5
34	3
35	3
36	3
37	3
38	2
39	5
40	2
41	6
42	3
43	6
44	2
45	5
46	2
47	6
48	2
49	6
50	3
51	6
52	2
53	5
54	2
55	7
56	3
57	7
58	2
59	7
60	2
61	8
62	2
63	6
64	2
65	7
66	2
67	7
68	4
69	6
70	4
71	7
72	3
73	7
74	4
75	6
76	2
77	7
78	4
79	6
80	4
81	5
82	4
83	8
84	2
85	7
86	3
87	7
88	3
89	7
90	1
91	8
92	1
93	8
94	1
95	7
96	1
97	6
98	2
99	5
100	3
101	5
102	2
103	4
104	1
105	5
106	2
107	7
108	2
109	6
110	2
111	7
112	3
113	5
114	4
115	6
116	3
117	6
118	4
119	8
120	2
121	6
122	2
123	6
124	3
125	8
126	2
127	4
128	2
129	7
130	4
131	6
132	3
133	6
134	3
135	7
136	3
137	4
138	3
139	6
140	4
141	8
142	5
143	8
144	3
145	7
146	3
147	7
148	4
149	4
150	2
151	3
152	2
153	5
154	1
155	8
156	2
157	5
158	2
159	5
160	3
161	5
162	2
163	4
164	3
165	5
166	3
167	8
168	4
169	7
170	3
171	7
172	2
173	6
174	3
175	7
176	4
177	6
178	3
179	8
180	3
181	9
182	1
183	7
184	4
185	7
186	4
187	5
188	3
189	7
190	3
191	5
192	3
193	4
194	4
195	6
196	3
197	6
198	3
199	5
200	1
201	5
202	1
203	7
204	2
205	6
206	1
207	7
208	3
209	6
210	2
211	5
212	2
213	7
214	2
215	7
216	1
217	8
218	2
219	6
220	2
221	6
222	2
223	6
224	1
225	7
226	2
227	7
228	1
229	7
230	2
231	5
232	4
233	8
234	3
235	5
236	3
237	7
238	3
239	8
240	2
241	5
242	5
243	6
244	3
245	7
246	3
247	7
248	4
249	7
250	3
251	5
252	3
253	4
254	3
255	5
256	3
257	7
258	2
259	5
260	3
261	7
262	3
263	8
264	3
265	5
266	4
267	5
268	2
269	4
270	2
271	7
272	3
273	7
274	2
275	7
276	4
277	6
278	4
279	5
280	2
281	5
282	3
283	6
284	4
285	4
286	2
287	4
288	1
289	5
290	2
291	5
292	2
293	6
294	2
295	6
296	1
297	6
298	2
299	7
300	2
301	5
302	3
303	5
304	3
305	6
306	4
307	6
308	4
309	8
310	3
311	8
312	3
313	7
314	3
315	8
316	6
317	9
318	4
319	8
320	3
321	7
322	2
323	7
324	4
325	6
326	3
327	5
328	3
329	6
330	1
331	6
332	2
333	5
334	1
335	6
336	2
337	6
338	2
339	8
340	3
341	6
342	3
343	7
344	3
345	8
346	2
347	7
348	3
349	6
350	3
351	8
352	4
353	8
354	3
355	8
356	2
357	8
358	3
359	7
360	2
361	6
362	3
363	7
364	3
365	5
366	2
367	6
368	3
369	7
370	2
371	5
372	2
373	6
374	3
375	5
376	3
377	5
378	2
379	6
380	2
381	8
382	3
383	7
384	4
385	7
386	3
387	6
388	3
389	6
390	2
391	7
392	2
393	6
394	1
395	7
396	2
397	6
398	2
399	7
400	1
401	5
402	1
403	4
404	4
405	6
406	2
407	8
408	1
409	7
410	3
411	7
412	2
413	7
414	3
415	6
416	2
417	7
418	1
419	7
420	1
421	6
422	1
423	6
424	1
425	7
426	1
427	7
428	2
429	4
430	2
431	6
432	1
433	8
434	1
435	7
436	2
437	8
438	4
439	7
440	4
441	8
442	5
443	8
444	6
445	10
446	9
447	11
448	7
449	14
450	11
451	15
452	12
453	15
454	15
455	20
456	19
457	21
458	21
459	27
460	25
461	29
462	27
463	32
464	31
465	37
466	34
467	39
468	37
469	43
470	39
471	44
472	43
473	45
474	45
475	49
476	47
477	51
478	50
479	53
480	51
481	55
482	54
483	57
484	56
485	60
486	59
487	63
488	61
489	65
490	63
491	65
492	66
493	67
494	67
495	70
496	70
497	71
498	71
499	78
500	62
501	74
502	68
503	72
504	69
505	71
506	70
507	70
508	69
509	70
510	67
511	67
512	64
513	66
514	63
515	63
516	62
517	63
518	61
519	61
520	59
521	59
522	56
523	58
524	54
525	55
526	51
527	53
528	49
529	51
530	47
531	49
532	46
533	47
534	45
535	44
536	43
537	43
538	39
539	42
540	38
541	39
542	35
543	36
544	33
545	34
546	32
547	33
548	30
549	30
550	27
551	28
552	25
553	26
554	24
555	26
556	23
557	24
558	22
559	23
560	21
561	21
562	20
563	20
564	18
565	19
566	17
567	17
568	15
569	16
570	13
571	16
572	12
573	16
574	10
575	14
576	9
577	13
578	8
579	11
580	9
581	10
582	6
583	10
584	8
585	10
586	8
587	11
588	7
589	9
590	7
591	8
592	6
593	7
594	7
595	8
596	6
597	9
598	5
599	8
600	5
601	8
602	4
603	6
604	3
605	6
606	3
607	6
608	4
609	5
610	2
611	4
612	3
613	5
614	1
615	4
616	3
617	5
618	2
619	4
620	2
621	4
622	3
623	4
624	2
625	5
626	3
627	4
628	2
629	4
630	3
631	4
632	2
633	5
634	3
635	5
636	2
637	5
638	3
639	4
640	3
641	4
642	3
643	4
644	3
645	5
646	3
647	4
648	2
649	3
650	1
651	5
652	1
653	5
654	2
655	4
656	3
657	5
658	2
659	5
660	3
661	4
662	3
663	4
664	2
665	4
666	3
667	6
668	3
669	4
670	2
671	4
672	1
673	5
674	1
675	4
676	1
677	4
678	1
679	4
680	1
681	3
682	2
683	4
684	1
685	3
686	2
687	4
688	1
689	3
690	1
691	3
692	1
693	2
694	2
695	3
696	1
697	3
698	0
699	3
700	1
701	4
702	1
703	3
704	1
705	4
706	2
707	3
708	1
709	4
710	1
711	3
712	0
713	3
714	0
715	3
716	0
717	3
718	0
719	3
720	1
721	2
722	1
723	3
724	2
725	2
726	1
727	4
728	2
729	4
730	1
731	3
732	2
733	4
734	1
735	4
736	1
737	4
738	1
739	3
740	2
741	4
742	2
743	4
744	1
745	4
746	0
747	4
748	0
749	3
750	2
751	3
752	0
753	3
754	0
755	2
756	0
757	1
758	0
759	3
760	0
761	1
762	2
763	3
764	2
765	2
766	1
767	0
768	0
769	1
770	1
771	1
772	1
773	4
774	1
775	5
776	0
777	4
778	0
779	2
780	0
781	2
782	0
783	1
784	0
785	2
786	0
787	1
788	0
789	2
790	0
791	1
792	0
793	1
794	0
795	1
796	0
797	1
798	0
799	1
800	1
801	1
802	0
803	2
804	0
805	0
806	0
807	1
808	0
809	1
810	0
811	2
812	0
813	2
814	0
815	3
816	0
817	2
818	1
819	2
820	1
821	2
822	1
823	2
824	0
825	2
826	0
827	2
828	1
829	1
830	0
831	2
832	0
833	2
834	0
835	3
836	0
837	3
838	0
839	3
840	0
841	2
842	0
843	3
844	0
845	3
846	0
847	1
848	0
849	1
850	0
851	2
852	0
853	2
854	0
855	2
856	0
857	2
858	0
859	2
860	1
861	1
862	1
863	2
864	0
865	2
866	1
867	2
868	1
869	4
870	1
871	3
872	1
873	3
874	1
875	4
876	2
877	4
878	1
879	3
880	0
881	3
882	0
883	1
884	1
885	3
886	1
887	4
888	0
889	2
890	0
891	1
892	0
893	3
894	0
895	2
896	0
897	2
898	0
899	1
900	0
901	1
902	0
903	2
904	0
905	3
906	0
907	2
908	0
909	2
910	0
911	1
912	0
913	2
914	0
915	2
916	0
917	1
918	0
919	2
920	0
921	2
922	0
923	3
924	0
925	1
926	0
927	1
928	0
929	1
930	0
931	2
932	0
933	1
934	0
935	1
936	0
937	1
938	0
939	2
940	0
941	2
942	0
943	2
944	0
945	0
946	0
947	1
948	0
949	0
950	0
951	1
952	0
953	2
954	0
955	0
956	0
957	1
958	0
959	1
960	0
961	3
962	0
963	2
964	0
965	2
966	0
967	1
968	0
969	2
970	0
971	2
972	0
973	3
974	0
975	3
976	0
977	2
978	0
979	2
980	0
981	2
982	0
983	1
984	0
985	3
986	0
987	2
988	0
989	2
990	0
991	1
992	0
993	3
994	0
995	1
996	0
997	2
998	0
999	1
1000	0
1001	1
1002	1
1003	2
1004	0
1005	1
1006	0
1007	2
1008	0
1009	3
1010	1
1011	2
1012	0
1013	2
1014	0
1015	1
1016	0
1017	1
1018	1
1019	2
1020	0
1021	2
1022	0
1023	1
1024	1
1025	0
1026	0
1027	2
1028	0
1029	1
1030	0
1031	2
1032	0
1033	1
1034	0
1035	0
1036	0
1037	0
1038	0
1039	1
1040	0
1041	1
1042	0
1043	0
1044	0
1045	1
1046	0
1047	1
1048	0
1049	1
1050	0
1051	1
1052	1
1053	1
1054	0
1055	1
1056	0
1057	2
1058	0
1059	0
1060	1
1061	1
1062	1
1063	1
1064	0
1065	1
1066	1
1067	1
1068	1
1069	2
1070	0
1071	2
1072	0
1073	1
1074	0
1075	1
1076	0
1077	0
1078	0
1079	1
1080	0
1081	1
1082	0
1083	1
1084	0
1085	0
1086	0
1087	0
1088	0
1089	0
1090	0
1091	2
1092	0
1093	1
1094	0
1095	2
1096	0
1097	2
1098	0
1099	2
1100	0
1101	1
1102	0
1103	2
1104	0
1105	4
1106	1
1107	2
1108	1
1109	2
1110	1
1111	1
1112	0
1113	1
1114	0
1115	1
1116	0
1117	1
1118	0
1119	1
1120	0
1121	1
1122	0
1123	1
1124	0
1125	1
1126	0
1127	1
1128	0
1129	1
1130	0
1131	0
1132	0
1133	1
1134	0
1135	2
1136	0
1137	2
1138	0
1139	1
1140	0
1141	1
1142	0
1143	3
1144	0
1145	2
1146	0
1147	2
1148	0
1149	1
1150	0
1151	2
1152	0
1153	3
1154	0
1155	1
1156	0
1157	1
1158	0
1159	1
1160	0
1161	2
1162	0
1163	2
1164	0
1165	3
1166	0
1167	2
1168	0
1169	1
1170	0
1171	2
1172	0
1173	2
1174	0
1175	1
1176	0
1177	2
1178	0
1179	3
1180	0
1181	3
1182	0
1183	2
1184	0
1185	1
1186	1
1187	2
1188	1
1189	2
1190	1
1191	3
1192	1
1193	3
1194	0
1195	2
1196	1
1197	3
1198	0
1199	1
1200	0
1201	1
1202	1
1203	3
1204	1
1205	4
1206	1
1207	3
1208	1
1209	2
1210	0
1211	2
1212	0
1213	2
1214	1
1215	2
1216	0
1217	2
1218	0
1219	3
1220	0
1221	2
1222	0
1223	2
1224	0
1225	1
1226	0
1227	1
1228	0
1229	2
1230	0
1231	1
1232	0
1233	1
1234	0
1235	2
1236	0
1237	1
1238	0
1239	0
1240	0
1241	1
1242	0
1243	1
1244	0
1245	1
1246	0
1247	1
1248	0
1249	2
1250	0
1251	2
1252	1
1253	1
1254	0
1255	1
1256	0
1257	1
1258	0
1259	2
1260	0
1261	2
1262	0
1263	0
1264	0
1265	0
1266	0
1267	0
1268	0
1269	1
1270	0
1271	2
1272	0
1273	1
1274	0
1275	1
1276	0
1277	1
1278	0
1279	1
1280	0
1281	1
1282	0
1283	1
1284	0
1285	2
1286	0
1287	1
1288	0
1289	1
1290	0
1291	1
1292	0
1293	1
1294	0
1295	3
1296	0
1297	2
1298	0
1299	2
1300	0
1301	3
1302	1
1303	1
1304	0
1305	2
1306	0
1307	2
1308	0
1309	1
1310	0
1311	1
1312	0
1313	1
1314	1
1315	2
1316	0
1317	2
1318	1
1319	2
1320	1
1321	2
1322	0
1323	1
1324	0
1325	2
1326	0
1327	2
1328	0
1329	1
1330	1
1331	0
1332	1
1333	2
1334	1
1335	2
1336	0
1337	2
1338	0
1339	1
1340	0
1341	1
1342	0
1343	2
1344	0
1345	1
1346	1
1347	1
1348	0
1349	1
1350	0
1351	1
1352	1
1353	2
1354	0
1355	3
1356	0
1357	2
1358	0
1359	1
1360	0
1361	2
1362	0
1363	1
1364	0
1365	1
1366	0
1367	1
1368	0
1369	2
1370	0
1371	1
1372	0
1373	1
1374	0
1375	0
1376	0
1377	0
1378	0
1379	1
1380	0
1381	2
1382	0
1383	1
1384	0
1385	2
1386	1
1387	2
1388	1
1389	2
1390	0
1391	2
1392	0
1393	3
1394	0
1395	4
1396	0
1397	4
1398	1
1399	3
1400	1
1401	4
1402	1
1403	2
1404	0
1405	3
1406	0
1407	3
1408	1
1409	2
1410	0
1411	2
1412	0
1413	1
1414	0
1415	2
1416	0
1417	1
1418	0
1419	2
1420	0
1421	2
1422	0
1423	2
1424	0
1425	2
1426	0
1427	2
1428	0
1429	2
1430	0
1431	2
1432	0
1433	1
1434	1
1435	2
1436	0
1437	2
1438	0
1439	2
1440	0
1441	2
1442	0
1443	2
1444	0
1445	2
1446	2
1447	3
1448	0
1449	3
1450	0
1451	2
1452	0
1453	2
1454	0
1455	2
1456	0
1457	3
1458	0
1459	4
1460	0
1461	4
1462	1
1463	2
1464	0
1465	2
1466	0
1467	3
1468	0
1469	1
1470	0
1471	2
1472	0
1473	2
1474	0
1475	3
1476	1
1477	2
1478	0
1479	2
1480	0
1481	1
1482	1
1483	1
1484	0
1485	3
1486	1
1487	4
1488	0
1489	1
1490	0
1491	3
1492	1
1493	2
1494	0
1495	2
1496	0
1497	3
1498	0
1499	4
1500	1
1501	3
1502	0
1503	3
1504	1
1505	2
1506	1
1507	3
1508	1
1509	3
1510	0
1511	2
1512	0
1513	2
1514	0
1515	3
1516	1
1517	1
1518	0
1519	1
1520	0
1521	2
1522	0
1523	1
1524	0
1525	1
1526	0
1527	2
1528	0
1529	1
1530	0
1531	1
1532	0
1533	1
1534	0
1535	1
1536	1
1537	4
1538	0
1539	3
1540	1
1541	3
1542	1
1543	3
1544	0
1545	3
1546	0
1547	2
1548	0
1549	4
1550	1
1551	2
1552	1
1553	3
1554	2
1555	2
1556	1
1557	2
1558	0
1559	2
1560	0
1561	3
1562	1
1563	2
1564	1
1565	3
1566	0
1567	3
1568	1
1569	2
1570	0
1571	3
1572	1
1573	1
1574	0
1575	2
1576	0
1577	2
1578	1
1579	2
1580	1
1581	3
1582	1
1583	3
1584	0
1585	3
1586	0
1587	3
1588	1
1589	4
1590	0
1591	4
1592	2
1593	5
1594	2
1595	4
1596	1
1597	4
1598	1
1599	3
1600	1
1601	3
1602	1
1603	4
1604	0
1605	3
1606	0
1607	3
1608	0
1609	2
1610	0
1611	3
1612	0
1613	3
1614	0
1615	3
1616	0
1617	1
1618	1
1619	1
1620	0
1621	2
1622	0
1623	2
1624	0
1625	2
1626	0
1627	3
1628	1
1629	4
1630	1
1631	2
1632	0
1633	2
1634	1
1635	2
1636	1
1637	3
1638	0
1639	1
1640	0
1641	1
1642	0
1643	4
1644	0
1645	3
1646	1
1647	1
1648	0
1649	3
1650	0
1651	3
1652	0
1653	2
1654	0
1655	1
1656	0
1657	3
1658	1
1659	3
1660	0
1661	4
1662	0
1663	4
1664	0
1665	3
1666	1
1667	3
1668	0
1669	2
1670	1
1671	2
1672	1
1673	3
1674	0
1675	3
1676	0
1677	5
1678	0
1679	3
1680	1
1681	3
1682	1
1683	2
1684	2
1685	1
1686	2
1687	4
1688	0
1689	4
1690	0
1691	3
1692	0
1693	3
1694	0
1695	4
1696	0
1697	3
1698	1
1699	2
1700	1
1701	2
1702	1
1703	1
1704	0
1705	3
1706	0
1707	4
1708	0
1709	2
1710	0
1711	3
1712	1
1713	3
1714	0
1715	4
1716	0
1717	3
1718	0
1719	3
1720	0
1721	3
1722	1
1723	4
1724	1
1725	4
1726	1
1727	2
1728	0
1729	3
1730	1
1731	3
1732	1
1733	4
1734	1
1735	3
1736	0
1737	3
1738	0
1739	3
1740	1
1741	2
1742	0
1743	2
1744	1
1745	3
1746	0
1747	2
1748	0
1749	2
1750	0
1751	4
1752	0
1753	3
1754	1
1755	3
1756	0
1757	2
1758	0
1759	2
1760	0
1761	2
1762	0
1763	3
1764	0
1765	3
1766	0
1767	2
1768	0
1769	2
1770	1
1771	2
1772	0
1773	3
1774	0
1775	4
1776	0
1777	3
1778	0
1779	2
1780	0
1781	2
1782	0
1783	0
1784	0
1785	4
1786	0
1787	3
1788	0
1789	2
1790	0
1791	1
1792	1
1793	3
1794	1
1795	3
1796	0
1797	3
1798	0
1799	2
1800	0
1801	2
1802	0
1803	3
1804	1
1805	3
1806	0
1807	3
1808	0
1809	4
1810	1
1811	4
1812	0
1813	4
1814	1
1815	3
1816	1
1817	4
1818	0
1819	4
1820	0
1821	3
1822	0
1823	2
1824	0
1825	2
1826	1
1827	3
1828	0
1829	2
1830	1
1831	5
1832	1
1833	2
1834	1
1835	3
1836	0
1837	3
1838	1
1839	3
1840	0
1841	2
1842	0
1843	4
1844	1
1845	2
1846	1
1847	3
1848	1
1849	3
1850	1
1851	4
1852	0
1853	4
1854	1
1855	2
1856	2
1857	2
1858	0
1859	2
1860	1
1861	4
1862	0
1863	5
1864	1
1865	3
1866	0
1867	3
1868	0
1869	1
1870	1
1871	3
1872	1
1873	3
1874	0
1875	3
1876	2
1877	3
1878	0
1879	2
1880	1
1881	3
1882	0
1883	2
1884	1
1885	3
1886	1
1887	4
1888	0
1889	4
1890	0
1891	4
1892	0
1893	4
1894	1
1895	4
1896	0
1897	5
1898	0
1899	3
1900	0
1901	2
1902	0
1903	2
1904	0
1905	1
1906	0
1907	2
1908	0
1909	2
1910	0
1911	2
1912	0
1913	3
1914	0
1915	2
1916	0
1917	2
1918	0
1919	2
1920	0
1921	2
1922	1
1923	3
1924	0
1925	3
1926	0
1927	3
1928	0
1929	3
1930	0
1931	3
1932	0
1933	2
1934	1
1935	3
1936	0
1937	3
1938	0
1939	4
1940	0
1941	4
1942	0
1943	4
1944	0
1945	5
1946	1
1947	4
1948	1
1949	5
1950	0
1951	3
1952	0
1953	3
1954	0
1955	2
1956	0
1957	2
1958	0
1959	3
1960	0
1961	3
1962	0
1963	4
1964	1
1965	5
1966	0
1967	2
1968	0
1969	2
1970	1
1971	3
1972	0
1973	1
1974	1
1975	2
1976	0
1977	3
1978	1
1979	4
1980	0
1981	4
1982	0
1983	2
1984	0
1985	2
1986	2
1987	4
1988	0
1989	3
1990	1
1991	3
1992	0
1993	3
1994	1
1995	2
1996	0
1997	2
1998	1
1999	1
