0	3
1	4
2	5
3	4
4	4
5	4
6	5
7	5
8	5
9	6
10	4
11	6
12	5
13	6
14	4
15	6
16	3
17	7
18	5
19	6
20	6
21	4
22	5
23	4
24	7
25	4
26	4
27	4
28	5
29	5
30	5
31	5
32	4
33	4
34	4
35	4
36	5
37	4
38	5
39	4
40	4
41	4
42	4
43	6
44	5
45	4
46	6
47	5
48	5
49	6
50	5
51	5
52	7
53	4
54	6
55	6
56	4
57	5
58	5
59	6
60	3
61	6
62	6
63	4
64	5
65	4
66	4
67	5
68	4
69	3
70	4
71	4
72	3
73	4
74	3
75	3
76	4
77	4
78	4
79	3
80	5
81	4
82	4
83	4
84	3
85	4
86	3
87	4
88	4
89	3
90	4
91	4
92	4
93	4
94	3
95	3
96	4
97	5
98	3
99	4
100	4
101	4
102	4
103	3
104	3
105	3
106	3
107	4
108	3
109	3
110	4
111	4
112	5
113	4
114	4
115	4
116	4
117	5
118	5
119	6
120	4
121	6
122	6
123	5
124	4
125	6
126	5
127	6
128	5
129	5
130	6
131	6
132	6
133	5
134	5
135	5
136	4
137	7
138	4
139	5
140	7
141	5
142	7
143	6
144	6
145	7
146	6
147	7
148	7
149	6
150	6
151	7
152	6
153	6
154	6
155	6
156	5
157	7
158	6
159	5
160	7
161	4
162	5
163	5
164	3
165	4
166	4
167	4
168	4
169	2
170	2
171	3
172	3
173	3
174	3
175	3
176	3
177	3
178	4
179	4
180	4
181	4
182	3
183	4
184	3
185	4
186	4
187	4
188	3
189	5
190	4
191	5
192	4
193	4
194	5
195	4
196	4
197	3
198	4
199	4
200	4
201	3
202	4
203	4
204	4
205	2
206	3
207	4
208	3
209	3
210	3
211	3
212	4
213	3
214	3
215	3
216	3
217	4
218	3
219	4
220	4
221	4
222	4
223	5
224	4
225	4
226	4
227	4
228	4
229	4
230	5
231	4
232	5
233	4
234	5
235	5
236	6
237	7
238	6
239	5
240	8
241	7
242	7
243	8
244	5
245	8
246	8
247	9
248	8
249	8
250	7
251	8
252	7
253	8
254	8
255	6
256	6
257	7
258	5
259	6
260	6
261	6
262	6
263	7
264	6
265	7
266	7
267	6
268	6
269	7
270	5
271	5
272	4
273	4
274	5
275	5
276	5
277	4
278	4
279	5
280	6
281	4
282	3
283	3
284	3
285	2
286	3
287	4
288	3
289	4
290	4
291	4
292	3
293	5
294	3
295	4
296	3
297	4
298	3
299	4
300	3
301	4
302	4
303	4
304	5
305	4
306	3
307	5
308	4
309	5
310	5
311	4
312	5
313	6
314	5
315	4
316	4
317	4
318	5
319	5
320	6
321	5
322	5
323	4
324	7
325	5
326	5
327	5
328	4
329	5
330	5
331	5
332	4
333	5
334	3
335	6
336	4
337	6
338	4
339	6
340	4
341	4
342	5
343	4
344	5
345	5
346	6
347	5
348	5
349	5
350	6
351	6
352	6
353	7
354	6
355	7
356	5
357	6
358	6
359	7
360	6
361	6
362	6
363	7
364	5
365	6
366	5
367	5
368	5
369	5
370	6
371	4
372	7
373	6
374	5
375	4
376	3
377	7
378	5
379	5
380	4
381	6
382	4
383	5
384	5
385	4
386	4
387	5
388	4
389	6
390	3
391	5
392	5
393	5
394	5
395	5
396	5
397	5
398	5
399	5
400	4
401	4
402	7
403	5
404	8
405	7
406	7
407	8
408	9
409	11
410	11
411	16
412	15
413	17
414	21
415	23
416	27
417	30
418	34
419	36
420	42
421	46
422	51
423	56
424	60
425	64
426	68
427	73
428	78
429	83
430	87
431	92
432	97
433	102
434	106
435	111
436	117
437	120
438	125
439	129
440	133
441	136
442	142
443	146
444	148
445	149
446	155
447	159
448	160
449	162
450	164
451	167
452	166
453	169
454	170
455	171
456	171
457	171
458	170
459	171
460	170
461	167
462	167
463	166
464	165
465	163
466	161
467	159
468	157
469	155
470	153
471	150
472	146
473	144
474	143
475	140
476	136
477	133
478	131
479	128
480	125
481	121
482	119
483	116
484	114
485	110
486	109
487	104
488	101
489	99
490	96
491	93
492	90
493	88
494	85
495	83
496	78
497	78
498	78
499	78
500	62
501	66
502	63
503	63
504	61
505	58
506	55
507	52
508	49
509	49
510	47
511	47
512	44
513	42
514	39
515	38
516	36
517	33
518	33
519	31
520	29
521	28
522	27
523	24
524	22
525	21
526	21
527	21
528	19
529	18
530	16
531	15
532	14
533	12
534	12
535	11
536	10
537	10
538	7
539	5
540	5
541	4
542	4
543	2
544	1
545	1
546	0
547	0
548	0
549	0
550	-1
551	0
552	-1
553	-2
554	-2
555	-3
556	-3
557	-3
558	-4
559	-5
560	-4
561	-6
562	-6
563	-7
564	-7
565	-7
566	-7
567	-7
568	-7
569	-8
570	-10
571	-7
572	-9
573	-8
574	-11
575	-9
576	-10
577	-10
578	-11
579	-9
580	-11
581	-11
582	-11
583	-12
584	-13
585	-13
586	-12
587	-11
588	-13
589	-14
590	-12
591	-12
592	-12
593	-14
594	-14
595	-13
596	-14
597	-13
598	-13
599	-13
600	-14
601	-13
602	-13
603	-12
604	-11
605	-12
606	-12
607	-12
608	-11
609	-11
610	-12
611	-12
612	-12
613	-12
614	-11
615	-11
616	-11
617	-11
618	-11
619	-11
620	-11
621	-11
622	-11
623	-11
624	-12
625	-11
626	-12
627	-11
628	-12
629	-12
630	-12
631	-12
632	-13
633	-11
634	-12
635	-12
636	-12
637	-12
638	-13
639	-13
640	-13
641	-12
642	-12
643	-12
644	-12
645	-13
646	-12
647	-12
648	-12
649	-12
650	-11
651	-12
652	-12
653	-12
654	-12
655	-11
656	-12
657	-12
658	-13
659	-12
660	-13
661	-11
662	-13
663	-11
664	-12
665	-11
666	-11
667	-11
668	-12
669	-11
670	-12
671	-11
672	-11
673	-11
674	-11
675	-11
676	-11
677	-11
678	-11
679	-11
680	-11
681	-11
682	-11
683	-11
684	-11
685	-12
686	-11
687	-11
688	-11
689	-11
690	-11
691	-11
692	-12
693	-12
694	-12
695	-12
696	-13
697	-12
698	-13
699	-12
700	-13
701	-12
702	-12
703	-12
704	-13
705	-12
706	-13
707	-12
708	-12
709	-12
710	-13
711	-11
712	-14
713	-11
714	-12
715	-12
716	-12
717	-12
718	-11
719	-11
720	-11
721	-12
722	-11
723	-12
724	-12
725	-12
726	-13
727	-13
728	-12
729	-12
730	-12
731	-14
732	-13
733	-12
734	-14
735	-11
736	-13
737	-11
738	-12
739	-11
740	-11
741	-11
742	-11
743	-11
744	-11
745	-11
746	-9
747	-11
748	-10
749	-11
750	-11
751	-10
752	-10
753	-11
754	-9
755	-10
756	-10
757	-9
758	-9
759	-10
760	-10
761	-9
762	-10
763	-10
764	-9
765	-11
766	-10
767	-10
768	-10
769	-11
770	-10
771	-10
772	-11
773	-11
774	-12
775	-11
776	-10
777	-11
778	-11
779	-11
780	-11
781	-12
782	-12
783	-11
784	-11
785	-11
786	-12
787	-11
788	-11
789	-11
790	-13
791	-12
792	-11
793	-11
794	-12
795	-12
796	-12
797	-11
798	-11
799	-11
800	-11
801	-10
802	-12
803	-10
804	-12
805	-11
806	-11
807	-11
808	-11
809	-11
810	-12
811	-11
812	-10
813	-11
814	-10
815	-10
816	-11
817	-10
818	-11
819	-9
820	-11
821	-11
822	-11
823	-11
824	-10
825	-11
826	-10
827	-11
828	-12
829	-11
830	-10
831	-11
832	-10
833	-11
834	-10
835	-9
836	-11
837	-9
838	-10
839	-10
840	-10
841	-10
842	-11
843	-10
844	-11
845	-10
846	-11
847	-10
848	-9
849	-8
850	-7
851	-7
852	-7
853	-8
854	-9
855	-9
856	-6
857	-7
858	-8
859	-6
860	-6
861	-7
862	-7
863	-6
864	-6
865	-6
866	-6
867	-5
868	-6
869	-6
870	-6
871	-5
872	-5
873	-4
874	-7
875	-5
876	-5
877	-5
878	-5
879	-4
880	-5
881	-5
882	-5
883	-5
884	-7
885	-6
886	-5
887	-5
888	-5
889	-6
890	-6
891	-5
892	-6
893	-6
894	-6
895	-6
896	-5
897	-5
898	-6
899	-8
900	-6
901	-7
902	-6
903	-6
904	-6
905	-5
906	-6
907	-8
908	-6
909	-6
910	-6
911	-5
912	-8
913	-5
914	-6
915	-6
916	-6
917	-6
918	-5
919	-5
920	-6
921	-5
922	-7
923	-5
924	-7
925	-6
926	-6
927	-7
928	-7
929	-7
930	-6
931	-5
932	-7
933	-6
934	-6
935	-6
936	-7
937	-5
938	-7
939	-4
940	-6
941	-4
942	-6
943	-5
944	-6
945	-4
946	-6
947	-6
948	-5
949	-4
950	-4
951	-5
952	-4
953	-4
954	-4
955	-4
956	-3
957	-4
958	-4
959	-2
960	-3
961	-3
962	-3
963	-4
964	-4
965	-3
966	-3
967	-3
968	-3
969	-3
970	-4
971	-2
972	-2
973	-3
974	-1
975	-2
976	-2
977	-1
978	-3
979	-2
980	-2
981	-1
982	-1
983	-1
984	-2
985	0
986	-2
987	-1
988	-2
989	-2
990	-2
991	-3
992	-2
993	-2
994	-2
995	-3
996	-2
997	-2
998	-3
999	-3
1000	-2
1001	-2
1002	-2
1003	-4
1004	-4
1005	-3
1006	-4
1007	-4
1008	-3
1009	-3
1010	-4
1011	-4
1012	-4
1013	-4
1014	-3
1015	-5
1016	-3
1017	-2
1018	-4
1019	-3
1020	-2
1021	-2
1022	-3
1023	-3
1024	-3
1025	-2
1026	-3
1027	-3
1028	-2
1029	-2
1030	-2
1031	-3
1032	-2
1033	-2
1034	-2
1035	-2
1036	-1
1037	-1
1038	-2
1039	-2
1040	-1
1041	-1
1042	-1
1043	-1
1044	-1
1045	-1
1046	-1
1047	0
1048	-2
1049	-1
1050	-1
1051	-1
1052	-2
1053	-2
1054	-1
1055	-1
1056	-1
1057	-2
1058	0
1059	-1
1060	-2
1061	0
1062	-1
1063	-1
1064	0
1065	0
1066	0
1067	0
1068	-1
1069	0
1070	-1
1071	0
1072	0
1073	0
1074	0
1075	0
1076	0
1077	0
1078	-1
1079	0
1080	-1
1081	0
1082	-1
1083	0
1084	-1
1085	0
1086	0
1087	0
1088	0
1089	-1
1090	0
1091	0
1092	0
1093	0
1094	0
1095	0
1096	0
1097	0
1098	0
1099	0
1100	0
1101	0
1102	0
1103	0
1104	0
1105	0
1106	0
1107	0
1108	0
1109	1
1110	1
1111	0
1112	1
1113	1
1114	0
1115	1
1116	1
1117	1
1118	1
1119	1
1120	2
1121	1
1122	1
1123	1
1124	1
1125	1
1126	1
1127	1
1128	1
1129	2
1130	1
1131	2
1132	0
1133	2
1134	2
1135	3
1136	2
1137	3
1138	2
1139	2
1140	2
1141	3
1142	3
1143	3
1144	3
1145	4
1146	3
1147	3
1148	2
1149	3
1150	1
1151	4
1152	2
1153	3
1154	3
1155	3
1156	2
1157	2
1158	2
1159	3
1160	3
1161	3
1162	2
1163	1
1164	1
1165	1
1166	2
1167	1
1168	0
1169	1
1170	1
1171	3
1172	1
1173	2
1174	2
1175	2
1176	1
1177	1
1178	0
1179	2
1180	1
1181	2
1182	2
1183	1
1184	1
1185	1
1186	1
1187	2
1188	3
1189	2
1190	3
1191	3
1192	2
1193	2
1194	3
1195	2
1196	2
1197	3
1198	3
1199	2
1200	1
1201	2
1202	1
1203	1
1204	1
1205	2
1206	1
1207	1
1208	1
1209	0
1210	1
1211	1
1212	0
1213	1
1214	0
1215	0
1216	0
1217	0
1218	0
1219	-1
1220	0
1221	-1
1222	0
1223	0
1224	-1
1225	0
1226	0
1227	0
1228	-1
1229	0
1230	-1
1231	0
1232	0
1233	0
1234	-1
1235	0
1236	-1
1237	-1
1238	0
1239	0
1240	0
1241	0
1242	0
1243	0
1244	0
1245	0
1246	0
1247	0
1248	0
1249	0
1250	0
1251	0
1252	0
1253	0
1254	0
1255	0
1256	1
1257	0
1258	0
1259	0
1260	0
1261	0
1262	0
1263	0
1264	0
1265	0
1266	0
1267	0
1268	-1
1269	-1
1270	0
1271	0
1272	0
1273	-1
1274	0
1275	-1
1276	0
1277	-1
1278	0
1279	-1
1280	0
1281	0
1282	0
1283	0
1284	0
1285	0
1286	0
1287	0
1288	1
1289	0
1290	1
1291	0
1292	0
1293	0
1294	0
1295	1
1296	2
1297	1
1298	1
1299	1
1300	1
1301	2
1302	1
1303	2
1304	1
1305	0
1306	1
1307	2
1308	0
1309	2
1310	1
1311	1
1312	1
1313	0
1314	0
1315	0
1316	0
1317	0
1318	0
1319	0
1320	0
1321	0
1322	0
1323	0
1324	0
1325	0
1326	0
1327	1
1328	0
1329	0
1330	0
1331	0
1332	1
1333	0
1334	1
1335	0
1336	1
1337	0
1338	1
1339	1
1340	1
1341	1
1342	1
1343	1
1344	2
1345	2
1346	1
1347	1
1348	0
1349	1
1350	1
1351	1
1352	1
1353	0
1354	1
1355	0
1356	0
1357	0
1358	0
1359	1
1360	1
1361	1
1362	2
1363	0
1364	1
1365	1
1366	1
1367	1
1368	1
1369	0
1370	2
1371	1
1372	0
1373	0
1374	0
1375	1
1376	0
1377	1
1378	0
1379	0
1380	0
1381	0
1382	0
1383	0
1384	1
1385	1
1386	1
1387	1
1388	0
1389	1
1390	1
1391	1
1392	0
1393	1
1394	0
1395	1
1396	1
1397	1
1398	2
1399	0
1400	0
1401	2
1402	0
1403	1
1404	2
1405	2
1406	0
1407	1
1408	0
1409	0
1410	0
1411	1
1412	1
1413	0
1414	2
1415	1
1416	1
1417	0
1418	0
1419	0
1420	1
1421	0
1422	0
1423	0
1424	1
1425	0
1426	0
1427	1
1428	0
1429	1
1430	0
1431	0
1432	0
1433	0
1434	0
1435	0
1436	0
1437	0
1438	1
1439	1
1440	1
1441	1
1442	1
1443	0
1444	0
1445	2
1446	1
1447	2
1448	2
1449	2
1450	2
1451	3
1452	3
1453	3
1454	2
1455	3
1456	3
1457	2
1458	1
1459	3
1460	2
1461	2
1462	2
1463	2
1464	1
1465	2
1466	1
1467	2
1468	2
1469	1
1470	2
1471	1
1472	0
1473	1
1474	0
1475	1
1476	0
1477	0
1478	0
1479	0
1480	0
1481	0
1482	-1
1483	0
1484	-1
1485	0
1486	0
1487	0
1488	0
1489	0
1490	0
1491	0
1492	0
1493	0
1494	2
1495	1
1496	1
1497	1
1498	2
1499	2
1500	3
1501	3
1502	2
1503	4
1504	2
1505	3
1506	2
1507	2
1508	3
1509	4
1510	3
1511	3
1512	3
1513	2
1514	5
1515	3
1516	3
1517	3
1518	3
1519	4
1520	2
1521	4
1522	1
1523	3
1524	2
1525	2
1526	2
1527	3
1528	1
1529	2
1530	0
1531	3
1532	2
1533	2
1534	2
1535	2
1536	2
1537	1
1538	2
1539	2
1540	2
1541	2
1542	2
1543	2
1544	2
1545	2
1546	2
1547	3
1548	1
1549	2
1550	1
1551	2
1552	2
1553	1
1554	3
1555	1
1556	3
1557	1
1558	3
1559	2
1560	2
1561	1
1562	2
1563	2
1564	2
1565	1
1566	0
1567	4
1568	2
1569	3
1570	1
1571	2
1572	1
1573	2
1574	2
1575	2
1576	2
1577	3
1578	2
1579	3
1580	2
1581	3
1582	2
1583	3
1584	2
1585	3
1586	3
1587	2
1588	2
1589	4
1590	3
1591	4
1592	3
1593	4
1594	2
1595	3
1596	1
1597	3
1598	1
1599	2
1600	2
1601	2
1602	1
1603	1
1604	1
1605	1
1606	0
1607	2
1608	0
1609	2
1610	1
1611	0
1612	1
1613	0
1614	0
1615	0
1616	0
1617	1
1618	0
1619	1
1620	2
1621	0
1622	2
1623	0
1624	1
1625	1
1626	2
1627	2
1628	2
1629	3
1630	2
1631	3
1632	3
1633	3
1634	3
1635	3
1636	4
1637	3
1638	4
1639	2
1640	4
1641	4
1642	4
1643	4
1644	6
1645	5
1646	6
1647	4
1648	4
1649	4
1650	4
1651	3
1652	3
1653	2
1654	4
1655	4
1656	3
1657	4
1658	3
1659	4
1660	4
1661	4
1662	3
1663	4
1664	2
1665	4
1666	2
1667	4
1668	1
1669	4
1670	3
1671	4
1672	3
1673	4
1674	4
1675	3
1676	2
1677	3
1678	3
1679	4
1680	3
1681	5
1682	3
1683	3
1684	3
1685	2
1686	1
1687	2
1688	1
1689	1
1690	1
1691	2
1692	0
1693	2
1694	1
1695	1
1696	1
1697	1
1698	0
1699	1
1700	1
1701	1
1702	2
1703	2
1704	1
1705	2
1706	1
1707	1
1708	3
1709	3
1710	2
1711	1
1712	2
1713	2
1714	2
1715	1
1716	2
1717	2
1718	0
1719	3
1720	1
1721	3
1722	3
1723	3
1724	4
1725	3
1726	3
1727	3
1728	4
1729	3
1730	4
1731	4
1732	5
1733	4
1734	4
1735	3
1736	3
1737	3
1738	3
1739	4
1740	3
1741	3
1742	3
1743	4
1744	3
1745	3
1746	3
1747	2
1748	3
1749	4
1750	4
1751	4
1752	3
1753	4
1754	2
1755	4
1756	3
1757	3
1758	2
1759	4
1760	4
1761	4
1762	4
1763	4
1764	4
1765	3
1766	3
1767	4
1768	4
1769	3
1770	3
1771	4
1772	3
1773	4
1774	3
1775	4
1776	3
1777	4
1778	4
1779	4
1780	3
1781	5
1782	4
1783	3
1784	4
1785	4
1786	3
1787	5
1788	2
1789	2
1790	4
1791	4
1792	3
1793	4
1794	3
1795	3
1796	4
1797	4
1798	3
1799	2
1800	3
1801	3
1802	2
1803	1
1804	4
1805	2
1806	4
1807	3
1808	3
1809	2
1810	3
1811	4
1812	4
1813	3
1814	4
1815	3
1816	4
1817	3
1818	2
1819	3
1820	3
1821	3
1822	3
1823	4
1824	3
1825	3
1826	4
1827	4
1828	3
1829	3
1830	3
1831	3
1832	5
1833	3
1834	3
1835	3
1836	4
1837	2
1838	3
1839	3
1840	4
1841	4
1842	2
1843	4
1844	2
1845	3
1846	3
1847	3
1848	2
1849	3
1850	2
1851	4
1852	3
1853	4
1854	3
1855	4
1856	3
1857	4
1858	3
1859	3
1860	3
1861	4
1862	2
1863	2
1864	2
1865	3
1866	2
1867	2
1868	3
1869	3
1870	3
1871	3
1872	2
1873	3
1874	3
1875	4
1876	4
1877	3
1878	2
1879	4
1880	4
1881	3
1882	3
1883	4
1884	2
1885	3
1886	3
1887	4
1888	2
1889	4
1890	3
1891	4
1892	2
1893	3
1894	3
1895	3
1896	2
1897	1
1898	2
1899	2
1900	3
1901	2
1902	1
1903	4
1904	2
1905	3
1906	4
1907	2
1908	3
1909	2
1910	3
1911	3
1912	3
1913	3
1914	3
1915	4
1916	4
1917	2
1918	4
1919	2
1920	3
1921	2
1922	2
1923	4
1924	5
1925	4
1926	4
1927	3
1928	4
1929	4
1930	4
1931	4
1932	5
1933	4
1934	4
1935	4
1936	4
1937	4
1938	4
1939	4
1940	4
1941	4
1942	4
1943	4
1944	4
1945	4
1946	4
1947	4
1948	4
1949	4
1950	3
1951	4
1952	3
1953	3
1954	4
1955	4
1956	3
1957	5
1958	2
1959	4
1960	4
1961	3
1962	4
1963	5
1964	6
1965	3
1966	4
1967	4
1968	4
1969	3
1970	4
1971	3
1972	5
1973	5
1974	5
1975	7
1976	6
1977	5
1978	5
1979	6
1980	5
1981	6
1982	8
1983	6
1984	7
1985	6
1986	8
1987	7
1988	8
1989	6
1990	9
1991	8
1992	8
1993	8
1994	7
1995	8
1996	6
1997	9
1998	6
1999	6
