0	2
1	4
2	0
3	7
4	1
5	6
6	1
7	5
8	1
9	5
10	2
11	6
12	1
13	6
14	2
15	6
16	2
17	5
18	1
19	5
20	2
21	6
22	1
23	4
24	3
25	4
26	1
27	4
28	1
29	5
30	2
31	4
32	0
33	4
34	1
35	5
36	2
37	6
38	1
39	6
40	0
41	3
42	2
43	4
44	1
45	4
46	2
47	4
48	1
49	4
50	2
51	6
52	3
53	4
54	2
55	5
56	3
57	5
58	3
59	6
60	2
61	7
62	4
63	6
64	2
65	7
66	2
67	4
68	3
69	3
70	3
71	5
72	2
73	4
74	3
75	4
76	1
77	6
78	1
79	4
80	1
81	5
82	1
83	6
84	2
85	4
86	2
87	6
88	1
89	5
90	1
91	6
92	1
93	5
94	1
95	6
96	2
97	7
98	2
99	6
100	3
101	4
102	3
103	5
104	3
105	6
106	2
107	6
108	3
109	5
110	3
111	6
112	3
113	5
114	3
115	6
116	1
117	5
118	2
119	5
120	2
121	5
122	2
123	5
124	1
125	6
126	2
127	5
128	3
129	6
130	2
131	5
132	2
133	6
134	1
135	4
136	2
137	4
138	2
139	4
140	1
141	5
142	2
143	5
144	3
145	4
146	1
147	4
148	2
149	4
150	1
151	5
152	2
153	5
154	3
155	5
156	3
157	6
158	4
159	6
160	1
161	7
162	2
163	6
164	0
165	6
166	3
167	5
168	2
169	4
170	3
171	5
172	2
173	4
174	2
175	4
176	3
177	5
178	2
179	5
180	1
181	5
182	2
183	3
184	2
185	5
186	2
187	2
188	2
189	4
190	1
191	7
192	3
193	5
194	3
195	5
196	1
197	4
198	2
199	3
200	2
201	4
202	3
203	4
204	2
205	5
206	1
207	5
208	1
209	3
210	2
211	4
212	1
213	3
214	3
215	3
216	1
217	5
218	2
219	4
220	2
221	5
222	1
223	3
224	1
225	2
226	2
227	4
228	3
229	4
230	2
231	4
232	1
233	5
234	3
235	5
236	2
237	5
238	2
239	4
240	2
241	4
242	2
243	6
244	2
245	3
246	2
247	4
248	4
249	5
250	2
251	5
252	3
253	5
254	2
255	6
256	3
257	6
258	2
259	4
260	2
261	5
262	2
263	6
264	1
265	5
266	1
267	4
268	3
269	5
270	3
271	5
272	3
273	5
274	2
275	5
276	3
277	4
278	1
279	5
280	2
281	4
282	2
283	6
284	3
285	5
286	2
287	5
288	2
289	6
290	2
291	4
292	3
293	5
294	1
295	4
296	2
297	6
298	0
299	6
300	1
301	6
302	0
303	6
304	2
305	5
306	3
307	6
308	3
309	5
310	2
311	5
312	3
313	6
314	3
315	6
316	3
317	5
318	3
319	5
320	4
321	5
322	2
323	4
324	1
325	7
326	2
327	4
328	1
329	5
330	2
331	5
332	3
333	6
334	3
335	5
336	2
337	4
338	2
339	4
340	2
341	6
342	2
343	4
344	2
345	5
346	2
347	4
348	2
349	5
350	2
351	6
352	2
353	5
354	1
355	6
356	2
357	5
358	2
359	4
360	3
361	5
362	4
363	4
364	3
365	5
366	2
367	4
368	3
369	3
370	2
371	4
372	1
373	5
374	1
375	4
376	1
377	4
378	1
379	4
380	0
381	4
382	1
383	4
384	2
385	3
386	2
387	5
388	1
389	4
390	1
391	4
392	1
393	4
394	2
395	4
396	1
397	4
398	2
399	4
400	2
401	5
402	3
403	4
404	3
405	5
406	3
407	7
408	3
409	6
410	3
411	7
412	3
413	5
414	2
415	5
416	2
417	4
418	2
419	4
420	1
421	4
422	2
423	6
424	1
425	6
426	1
427	4
428	3
429	3
430	2
431	5
432	2
433	6
434	3
435	6
436	4
437	9
438	7
439	11
440	9
441	12
442	13
443	14
444	13
445	18
446	17
447	22
448	21
449	23
450	24
451	26
452	28
453	33
454	32
455	33
456	33
457	38
458	38
459	42
460	41
461	45
462	45
463	46
464	46
465	49
466	49
467	51
468	50
469	52
470	53
471	55
472	54
473	56
474	56
475	58
476	59
477	61
478	61
479	62
480	62
481	63
482	62
483	64
484	64
485	67
486	65
487	67
488	67
489	67
490	66
491	68
492	68
493	69
494	69
495	71
496	71
497	72
498	72
499	78
500	62
501	73
502	68
503	71
504	68
505	69
506	69
507	69
508	69
509	69
510	67
511	68
512	65
513	67
514	62
515	64
516	62
517	63
518	62
519	62
520	58
521	60
522	56
523	58
524	54
525	54
526	51
527	51
528	50
529	50
530	49
531	49
532	48
533	47
534	46
535	45
536	43
537	43
538	39
539	41
540	37
541	38
542	35
543	35
544	32
545	33
546	31
547	32
548	29
549	29
550	28
551	27
552	27
553	27
554	24
555	26
556	23
557	26
558	22
559	24
560	19
561	24
562	19
563	20
564	18
565	19
566	16
567	19
568	14
569	16
570	14
571	14
572	12
573	15
574	10
575	12
576	9
577	11
578	10
579	10
580	8
581	10
582	7
583	8
584	7
585	9
586	7
587	8
588	6
589	8
590	6
591	8
592	4
593	7
594	5
595	6
596	4
597	8
598	5
599	8
600	4
601	5
602	4
603	6
604	4
605	5
606	4
607	4
608	4
609	4
610	3
611	4
612	3
613	4
614	2
615	3
616	3
617	3
618	2
619	2
620	1
621	3
622	1
623	2
624	1
625	1
626	0
627	0
628	0
629	1
630	0
631	2
632	0
633	2
634	0
635	2
636	0
637	2
638	0
639	1
640	0
641	1
642	0
643	1
644	0
645	2
646	0
647	1
648	0
649	1
650	0
651	1
652	0
653	1
654	0
655	1
656	0
657	3
658	0
659	2
660	0
661	1
662	0
663	1
664	0
665	1
666	0
667	1
668	0
669	1
670	0
671	0
672	0
673	1
674	0
675	2
676	0
677	1
678	0
679	0
680	0
681	0
682	0
683	0
684	0
685	0
686	0
687	0
688	0
689	1
690	0
691	1
692	0
693	0
694	0
695	1
696	0
697	1
698	0
699	0
700	0
701	1
702	0
703	0
704	0
705	1
706	0
707	0
708	0
709	2
710	0
711	1
712	1
713	2
714	1
715	2
716	0
717	1
718	0
719	1
720	0
721	1
722	0
723	1
724	0
725	1
726	0
727	0
728	0
729	0
730	0
731	1
732	0
733	1
734	0
735	0
736	1
737	1
738	0
739	1
740	1
741	1
742	0
743	0
744	1
745	0
746	0
747	1
748	0
749	0
750	1
751	0
752	0
753	0
754	0
755	0
756	0
757	0
758	0
759	0
760	0
761	1
762	0
763	0
764	0
765	0
766	0
767	0
768	0
769	1
770	0
771	0
772	0
773	0
774	0
775	0
776	0
777	0
778	0
779	0
780	0
781	0
782	0
783	1
784	0
785	0
786	0
787	1
788	0
789	0
790	0
791	0
792	0
793	0
794	0
795	0
796	0
797	0
798	0
799	0
800	0
801	0
802	0
803	0
804	0
805	0
806	0
807	0
808	0
809	0
810	0
811	0
812	0
813	1
814	0
815	1
816	0
817	0
818	0
819	1
820	1
821	1
822	0
823	2
824	0
825	1
826	0
827	0
828	0
829	2
830	0
831	1
832	0
833	1
834	0
835	0
836	0
837	1
838	0
839	1
840	1
841	1
842	0
843	1
844	0
845	1
846	1
847	1
848	1
849	1
850	0
851	2
852	0
853	1
854	0
855	1
856	1
857	1
858	0
859	1
860	0
861	0
862	0
863	0
864	0
865	0
866	0
867	0
868	0
869	0
870	0
871	1
872	0
873	1
874	0
875	1
876	0
877	0
878	0
879	0
880	0
881	0
882	0
883	0
884	0
885	0
886	0
887	0
888	0
889	0
890	0
891	0
892	0
893	1
894	0
895	0
896	0
897	0
898	0
899	0
900	0
901	0
902	0
903	0
904	0
905	0
906	0
907	0
908	0
909	1
910	0
911	1
912	0
913	0
914	0
915	0
916	0
917	0
918	1
919	1
920	0
921	1
922	0
923	1
924	0
925	0
926	0
927	1
928	0
929	1
930	0
931	1
932	0
933	0
934	0
935	0
936	0
937	0
938	0
939	0
940	0
941	0
942	0
943	0
944	0
945	0
946	0
947	0
948	0
949	0
950	0
951	0
952	0
953	1
954	0
955	0
956	0
957	0
958	0
959	2
960	0
961	1
962	0
963	2
964	0
965	1
966	0
967	1
968	0
969	1
970	1
971	0
972	0
973	0
974	0
975	1
976	0
977	1
978	0
979	0
980	0
981	0
982	0
983	0
984	0
985	1
986	0
987	0
988	0
989	0
990	0
991	1
992	0
993	1
994	0
995	1
996	0
997	0
998	0
999	0
1000	0
1001	0
1002	0
1003	0
1004	0
1005	1
1006	0
1007	1
1008	0
1009	1
1010	0
1011	2
1012	0
1013	1
1014	1
1015	2
1016	1
1017	2
1018	1
1019	2
1020	1
1021	2
1022	1
1023	2
1024	1
1025	2
1026	1
1027	2
1028	2
1029	2
1030	1
1031	2
1032	1
1033	2
1034	1
1035	2
1036	1
1037	1
1038	1
1039	2
1040	2
1041	2
1042	2
1043	2
1044	1
1045	3
1046	1
1047	2
1048	1
1049	2
1050	1
1051	1
1052	1
1053	1
1054	1
1055	2
1056	1
1057	2
1058	1
1059	1
1060	1
1061	1
1062	1
1063	1
1064	1
1065	2
1066	1
1067	2
1068	1
1069	1
1070	1
1071	0
1072	1
1073	1
1074	0
1075	1
1076	0
1077	1
1078	0
1079	1
1080	0
1081	1
1082	0
1083	1
1084	0
1085	1
1086	0
1087	1
1088	0
1089	0
1090	0
1091	0
1092	1
1093	0
1094	0
1095	0
1096	0
1097	0
1098	0
1099	0
1100	0
1101	0
1102	0
1103	0
1104	0
1105	0
1106	0
1107	0
1108	0
1109	1
1110	0
1111	1
1112	0
1113	1
1114	0
1115	1
1116	0
1117	1
1118	0
1119	1
1120	0
1121	0
1122	0
1123	0
1124	0
1125	1
1126	0
1127	1
1128	0
1129	0
1130	0
1131	1
1132	0
1133	1
1134	0
1135	2
1136	0
1137	1
1138	0
1139	1
1140	0
1141	0
1142	0
1143	0
1144	0
1145	1
1146	0
1147	1
1148	0
1149	1
1150	1
1151	0
1152	0
1153	0
1154	0
1155	0
1156	1
1157	1
1158	0
1159	2
1160	0
1161	0
1162	0
1163	1
1164	0
1165	1
1166	0
1167	2
1168	0
1169	1
1170	0
1171	0
1172	0
1173	0
1174	0
1175	2
1176	0
1177	1
1178	0
1179	0
1180	0
1181	0
1182	0
1183	1
1184	0
1185	0
1186	0
1187	1
1188	0
1189	0
1190	0
1191	0
1192	0
1193	0
1194	0
1195	0
1196	0
1197	1
1198	0
1199	0
1200	0
1201	0
1202	0
1203	1
1204	0
1205	1
1206	0
1207	1
1208	0
1209	0
1210	0
1211	1
1212	0
1213	1
1214	0
1215	1
1216	0
1217	1
1218	0
1219	0
1220	0
1221	1
1222	0
1223	0
1224	0
1225	0
1226	0
1227	1
1228	0
1229	0
1230	0
1231	0
1232	0
1233	1
1234	0
1235	1
1236	1
1237	0
1238	0
1239	0
1240	0
1241	0
1242	0
1243	0
1244	0
1245	0
1246	0
1247	1
1248	0
1249	0
1250	0
1251	0
1252	0
1253	0
1254	0
1255	0
1256	0
1257	1
1258	0
1259	2
1260	0
1261	1
1262	0
1263	2
1264	0
1265	2
1266	0
1267	1
1268	0
1269	1
1270	1
1271	1
1272	0
1273	0
1274	0
1275	0
1276	0
1277	0
1278	0
1279	0
1280	0
1281	1
1282	0
1283	0
1284	0
1285	0
1286	0
1287	2
1288	0
1289	1
1290	0
1291	0
1292	0
1293	0
1294	0
1295	1
1296	0
1297	0
1298	0
1299	0
1300	0
1301	0
1302	0
1303	0
1304	0
1305	1
1306	0
1307	1
1308	0
1309	0
1310	0
1311	1
1312	0
1313	0
1314	0
1315	1
1316	0
1317	0
1318	0
1319	1
1320	0
1321	0
1322	0
1323	2
1324	0
1325	0
1326	0
1327	1
1328	0
1329	0
1330	0
1331	0
1332	0
1333	1
1334	0
1335	1
1336	0
1337	0
1338	0
1339	1
1340	0
1341	2
1342	0
1343	1
1344	0
1345	1
1346	0
1347	0
1348	0
1349	0
1350	0
1351	1
1352	0
1353	1
1354	0
1355	0
1356	0
1357	0
1358	0
1359	1
1360	0
1361	0
1362	0
1363	0
1364	0
1365	0
1366	0
1367	1
1368	0
1369	0
1370	0
1371	0
1372	0
1373	0
1374	0
1375	0
1376	0
1377	0
1378	0
1379	1
1380	0
1381	0
1382	0
1383	0
1384	0
1385	1
1386	0
1387	0
1388	0
1389	0
1390	0
1391	1
1392	0
1393	1
1394	0
1395	0
1396	0
1397	1
1398	1
1399	1
1400	0
1401	1
1402	0
1403	1
1404	0
1405	1
1406	0
1407	1
1408	0
1409	2
1410	0
1411	2
1412	0
1413	0
1414	0
1415	1
1416	1
1417	2
1418	0
1419	1
1420	0
1421	2
1422	1
1423	1
1424	0
1425	2
1426	0
1427	2
1428	0
1429	2
1430	0
1431	0
1432	0
1433	0
1434	0
1435	1
1436	0
1437	1
1438	0
1439	1
1440	0
1441	0
1442	0
1443	1
1444	0
1445	0
1446	0
1447	0
1448	0
1449	1
1450	0
1451	0
1452	0
1453	2
1454	0
1455	1
1456	0
1457	2
1458	0
1459	1
1460	0
1461	2
1462	0
1463	2
1464	0
1465	2
1466	0
1467	1
1468	0
1469	1
1470	0
1471	2
1472	0
1473	0
1474	0
1475	0
1476	0
1477	0
1478	0
1479	1
1480	0
1481	0
1482	0
1483	0
1484	0
1485	1
1486	0
1487	2
1488	0
1489	1
1490	0
1491	2
1492	0
1493	1
1494	0
1495	0
1496	0
1497	1
1498	0
1499	1
1500	0
1501	0
1502	1
1503	1
1504	0
1505	1
1506	0
1507	1
1508	0
1509	1
1510	0
1511	1
1512	0
1513	1
1514	0
1515	1
1516	0
1517	1
1518	0
1519	1
1520	0
1521	1
1522	0
1523	1
1524	1
1525	1
1526	0
1527	1
1528	1
1529	1
1530	0
1531	1
1532	0
1533	2
1534	0
1535	1
1536	0
1537	1
1538	1
1539	0
1540	0
1541	0
1542	0
1543	2
1544	0
1545	1
1546	0
1547	0
1548	0
1549	1
1550	0
1551	0
1552	0
1553	1
1554	0
1555	2
1556	0
1557	0
1558	0
1559	0
1560	0
1561	0
1562	0
1563	0
1564	0
1565	1
1566	0
1567	1
1568	0
1569	1
1570	0
1571	1
1572	0
1573	1
1574	0
1575	1
1576	0
1577	1
1578	1
1579	2
1580	0
1581	2
1582	0
1583	1
1584	0
1585	2
1586	0
1587	2
1588	0
1589	3
1590	0
1591	2
1592	1
1593	2
1594	0
1595	1
1596	0
1597	1
1598	0
1599	1
1600	0
1601	1
1602	0
1603	1
1604	0
1605	2
1606	0
1607	0
1608	0
1609	0
1610	0
1611	0
1612	0
1613	1
1614	1
1615	0
1616	0
1617	2
1618	1
1619	1
1620	0
1621	3
1622	0
1623	2
1624	0
1625	2
1626	0
1627	2
1628	1
1629	3
1630	1
1631	2
1632	0
1633	1
1634	0
1635	2
1636	1
1637	1
1638	0
1639	1
1640	0
1641	1
1642	0
1643	2
1644	0
1645	1
1646	0
1647	1
1648	0
1649	1
1650	0
1651	2
1652	0
1653	1
1654	0
1655	0
1656	0
1657	1
1658	0
1659	1
1660	0
1661	0
1662	0
1663	1
1664	0
1665	1
1666	0
1667	1
1668	0
1669	2
1670	0
1671	1
1672	0
1673	2
1674	0
1675	2
1676	0
1677	2
1678	0
1679	1
1680	0
1681	1
1682	0
1683	0
1684	1
1685	0
1686	0
1687	2
1688	0
1689	1
1690	0
1691	1
1692	0
1693	1
1694	0
1695	2
1696	0
1697	3
1698	1
1699	1
1700	0
1701	3
1702	1
1703	3
1704	0
1705	2
1706	0
1707	3
1708	0
1709	2
1710	0
1711	1
1712	0
1713	3
1714	0
1715	2
1716	0
1717	2
1718	0
1719	2
1720	0
1721	1
1722	0
1723	2
1724	0
1725	3
1726	0
1727	2
1728	0
1729	2
1730	0
1731	2
1732	0
1733	2
1734	0
1735	1
1736	0
1737	1
1738	0
1739	1
1740	0
1741	1
1742	0
1743	2
1744	0
1745	2
1746	0
1747	2
1748	0
1749	3
1750	0
1751	3
1752	1
1753	2
1754	0
1755	3
1756	1
1757	1
1758	1
1759	1
1760	0
1761	1
1762	0
1763	3
1764	1
1765	1
1766	0
1767	2
1768	1
1769	2
1770	0
1771	1
1772	0
1773	2
1774	0
1775	1
1776	0
1777	1
1778	0
1779	2
1780	1
1781	2
1782	0
1783	1
1784	0
1785	1
1786	1
1787	1
1788	0
1789	2
1790	1
1791	0
1792	0
1793	1
1794	0
1795	2
1796	1
1797	3
1798	0
1799	2
1800	0
1801	3
1802	0
1803	1
1804	0
1805	2
1806	0
1807	2
1808	0
1809	1
1810	0
1811	0
1812	1
1813	3
1814	0
1815	2
1816	0
1817	2
1818	0
1819	1
1820	0
1821	1
1822	1
1823	2
1824	1
1825	1
1826	1
1827	1
1828	0
1829	2
1830	1
1831	3
1832	0
1833	2
1834	1
1835	1
1836	0
1837	1
1838	0
1839	1
1840	0
1841	1
1842	0
1843	1
1844	0
1845	2
1846	1
1847	2
1848	0
1849	3
1850	1
1851	2
1852	1
1853	3
1854	2
1855	4
1856	0
1857	3
1858	1
1859	0
1860	2
1861	1
1862	0
1863	3
1864	0
1865	1
1866	0
1867	2
1868	0
1869	1
1870	0
1871	2
1872	0
1873	1
1874	0
1875	1
1876	0
1877	1
1878	1
1879	1
1880	0
1881	1
1882	1
1883	2
1884	1
1885	2
1886	1
1887	2
1888	0
1889	2
1890	0
1891	2
1892	2
1893	3
1894	2
1895	4
1896	1
1897	2
1898	2
1899	3
1900	1
1901	4
1902	1
1903	4
1904	1
1905	3
1906	2
1907	3
1908	2
1909	3
1910	2
1911	3
1912	0
1913	4
1914	1
1915	3
1916	0
1917	2
1918	0
1919	2
1920	0
1921	2
1922	0
1923	1
1924	0
1925	0
1926	0
1927	2
1928	0
1929	1
1930	1
1931	2
1932	0
1933	2
1934	0
1935	2
1936	0
1937	2
1938	1
1939	2
1940	1
1941	2
1942	0
1943	2
1944	1
1945	1
1946	0
1947	2
1948	1
1949	3
1950	0
1951	2
1952	0
1953	1
1954	0
1955	2
1956	1
1957	2
1958	0
1959	2
1960	0
1961	2
1962	0
1963	2
1964	0
1965	2
1966	0
1967	4
1968	0
1969	3
1970	0
1971	2
1972	1
1973	2
1974	1
1975	2
1976	1
1977	3
1978	1
1979	3
1980	1
1981	2
1982	0
1983	2
1984	0
1985	3
1986	0
1987	1
1988	0
1989	1
1990	0
1991	2
1992	1
1993	2
1994	0
1995	3
1996	1
1997	1
1998	0
1999	4
