0	2
1	2
2	3
3	2
4	2
5	2
6	1
7	3
8	2
9	2
10	1
11	1
12	2
13	1
14	1
15	1
16	1
17	1
18	1
19	2
20	2
21	2
22	1
23	1
24	1
25	1
26	2
27	2
28	1
29	2
30	2
31	0
32	1
33	0
34	2
35	0
36	2
37	1
38	1
39	0
40	0
41	1
42	2
43	1
44	1
45	1
46	2
47	1
48	3
49	2
50	2
51	2
52	2
53	1
54	3
55	0
56	2
57	1
58	3
59	2
60	1
61	1
62	1
63	1
64	1
65	1
66	1
67	2
68	1
69	1
70	0
71	1
72	0
73	1
74	1
75	2
76	1
77	1
78	1
79	0
80	1
81	1
82	1
83	1
84	1
85	1
86	2
87	1
88	1
89	0
90	2
91	1
92	1
93	2
94	2
95	2
96	1
97	2
98	1
99	2
100	1
101	2
102	1
103	1
104	1
105	1
106	0
107	0
108	1
109	2
110	2
111	1
112	3
113	2
114	2
115	0
116	3
117	1
118	1
119	1
120	1
121	2
122	1
123	2
124	2
125	2
126	1
127	2
128	2
129	1
130	2
131	1
132	1
133	1
134	1
135	2
136	0
137	2
138	2
139	1
140	3
141	1
142	2
143	1
144	1
145	1
146	2
147	1
148	1
149	2
150	1
151	2
152	1
153	2
154	1
155	3
156	1
157	1
158	0
159	1
160	0
161	1
162	1
163	0
164	0
165	2
166	1
167	1
168	1
169	1
170	1
171	2
172	0
173	1
174	1
175	1
176	2
177	1
178	2
179	1
180	1
181	2
182	2
183	2
184	1
185	2
186	3
187	2
188	2
189	1
190	2
191	1
192	1
193	2
194	0
195	0
196	1
197	1
198	0
199	1
200	0
201	1
202	1
203	2
204	1
205	1
206	1
207	2
208	2
209	2
210	2
211	3
212	2
213	1
214	1
215	1
216	3
217	0
218	2
219	1
220	1
221	2
222	2
223	2
224	2
225	2
226	3
227	2
228	2
229	1
230	2
231	2
232	2
233	3
234	2
235	1
236	2
237	0
238	1
239	3
240	0
241	2
242	1
243	1
244	2
245	1
246	2
247	2
248	2
249	1
250	2
251	1
252	0
253	3
254	1
255	0
256	2
257	1
258	0
259	3
260	1
261	3
262	1
263	4
264	2
265	2
266	1
267	4
268	2
269	2
270	1
271	2
272	2
273	1
274	1
275	1
276	1
277	1
278	1
279	2
280	0
281	2
282	1
283	2
284	2
285	2
286	2
287	2
288	2
289	2
290	2
291	0
292	2
293	2
294	1
295	1
296	0
297	2
298	1
299	2
300	1
301	2
302	2
303	3
304	2
305	4
306	3
307	1
308	2
309	2
310	1
311	1
312	2
313	2
314	1
315	2
316	2
317	1
318	2
319	2
320	2
321	1
322	2
323	1
324	2
325	2
326	2
327	1
328	3
329	1
330	2
331	2
332	1
333	1
334	1
335	3
336	1
337	1
338	1
339	1
340	2
341	1
342	3
343	2
344	3
345	0
346	2
347	1
348	0
349	2
350	1
351	1
352	2
353	3
354	1
355	2
356	2
357	2
358	2
359	1
360	2
361	1
362	1
363	1
364	1
365	1
366	1
367	1
368	0
369	1
370	0
371	0
372	0
373	0
374	2
375	2
376	1
377	1
378	0
379	1
380	1
381	0
382	1
383	2
384	1
385	1
386	1
387	1
388	0
389	0
390	1
391	1
392	1
393	2
394	0
395	0
396	1
397	0
398	0
399	2
400	1
401	2
402	1
403	1
404	1
405	1
406	2
407	1
408	1
409	3
410	1
411	2
412	1
413	2
414	1
415	1
416	2
417	1
418	3
419	3
420	2
421	2
422	2
423	4
424	4
425	6
426	5
427	6
428	6
429	9
430	8
431	12
432	12
433	15
434	17
435	18
436	21
437	24
438	25
439	28
440	31
441	33
442	35
443	38
444	41
445	45
446	47
447	50
448	51
449	54
450	57
451	61
452	60
453	64
454	65
455	69
456	70
457	73
458	73
459	76
460	74
461	78
462	78
463	80
464	81
465	82
466	84
467	84
468	86
469	86
470	84
471	86
472	85
473	86
474	86
475	85
476	85
477	84
478	84
479	84
480	85
481	84
482	83
483	82
484	81
485	80
486	81
487	81
488	80
489	80
490	78
491	78
492	77
493	75
494	73
495	74
496	75
497	75
498	75
499	78
500	62
501	69
502	66
503	66
504	65
505	66
506	64
507	64
508	62
509	62
510	59
511	59
512	56
513	56
514	56
515	56
516	55
517	54
518	52
519	50
520	50
521	48
522	45
523	45
524	44
525	44
526	44
527	43
528	42
529	40
530	39
531	38
532	34
533	36
534	33
535	34
536	30
537	30
538	29
539	29
540	28
541	27
542	27
543	27
544	27
545	25
546	26
547	24
548	23
549	22
550	21
551	20
552	20
553	18
554	18
555	16
556	18
557	17
558	14
559	15
560	12
561	13
562	11
563	11
564	11
565	12
566	11
567	10
568	10
569	9
570	10
571	9
572	9
573	8
574	8
575	8
576	8
577	8
578	7
579	7
580	7
581	7
582	6
583	6
584	5
585	5
586	5
587	5
588	5
589	5
590	5
591	4
592	4
593	5
594	4
595	4
596	4
597	4
598	4
599	4
600	3
601	3
602	2
603	4
604	4
605	3
606	2
607	3
608	1
609	1
610	2
611	3
612	1
613	2
614	1
615	1
616	1
617	0
618	0
619	0
620	1
621	1
622	0
623	1
624	1
625	0
626	0
627	1
628	1
629	0
630	1
631	0
632	0
633	0
634	0
635	0
636	0
637	0
638	0
639	0
640	0
641	0
642	0
643	0
644	0
645	0
646	0
647	0
648	0
649	0
650	-1
651	0
652	-1
653	0
654	-1
655	0
656	0
657	0
658	0
659	0
660	0
661	0
662	0
663	0
664	0
665	0
666	0
667	1
668	0
669	0
670	1
671	0
672	0
673	1
674	1
675	1
676	1
677	1
678	1
679	3
680	1
681	1
682	1
683	1
684	0
685	2
686	1
687	2
688	1
689	1
690	1
691	1
692	1
693	1
694	2
695	2
696	2
697	2
698	1
699	2
700	1
701	1
702	1
703	1
704	2
705	0
706	1
707	0
708	1
709	0
710	1
711	1
712	0
713	1
714	0
715	1
716	0
717	1
718	1
719	2
720	0
721	0
722	0
723	0
724	0
725	0
726	1
727	0
728	0
729	0
730	0
731	0
732	0
733	0
734	0
735	0
736	0
737	0
738	0
739	0
740	0
741	0
742	0
743	0
744	-1
745	0
746	0
747	0
748	0
749	0
750	0
751	0
752	0
753	0
754	0
755	0
756	0
757	0
758	0
759	0
760	0
761	0
762	0
763	0
764	0
765	0
766	-1
767	0
768	-1
769	0
770	-1
771	0
772	-1
773	-1
774	-1
775	0
776	-1
777	0
778	-1
779	-1
780	-1
781	0
782	-1
783	-2
784	-1
785	-1
786	-2
787	-1
788	-1
789	0
790	-1
791	-1
792	-2
793	-1
794	0
795	0
796	0
797	0
798	0
799	0
800	0
801	0
802	0
803	0
804	0
805	0
806	0
807	0
808	0
809	0
810	0
811	0
812	0
813	0
814	0
815	0
816	-1
817	0
818	-1
819	-1
820	0
821	-1
822	0
823	0
824	-1
825	0
826	0
827	0
828	0
829	0
830	0
831	0
832	0
833	0
834	0
835	0
836	0
837	0
838	0
839	0
840	1
841	0
842	0
843	1
844	1
845	0
846	0
847	0
848	1
849	0
850	1
851	1
852	1
853	1
854	0
855	1
856	0
857	1
858	0
859	2
860	0
861	2
862	1
863	1
864	0
865	1
866	1
867	0
868	1
869	0
870	0
871	1
872	0
873	0
874	1
875	0
876	0
877	0
878	0
879	1
880	0
881	0
882	0
883	0
884	0
885	0
886	0
887	0
888	0
889	1
890	0
891	0
892	0
893	0
894	0
895	0
896	0
897	0
898	0
899	0
900	0
901	0
902	0
903	0
904	0
905	0
906	0
907	0
908	0
909	0
910	0
911	0
912	0
913	0
914	0
915	0
916	0
917	-1
918	-1
919	-1
920	-1
921	-1
922	0
923	0
924	-1
925	0
926	-1
927	0
928	0
929	0
930	0
931	0
932	0
933	0
934	0
935	0
936	-1
937	0
938	0
939	0
940	0
941	0
942	0
943	0
944	0
945	0
946	-1
947	0
948	0
949	0
950	-1
951	0
952	0
953	-1
954	0
955	0
956	-1
957	-1
958	-1
959	-1
960	-1
961	-1
962	-2
963	0
964	0
965	-1
966	-1
967	0
968	-1
969	-1
970	-2
971	-1
972	0
973	-1
974	-1
975	-1
976	-1
977	-1
978	-1
979	-1
980	0
981	0
982	-1
983	-1
984	0
985	0
986	0
987	0
988	0
989	0
990	0
991	0
992	0
993	0
994	0
995	0
996	0
997	0
998	0
999	-1
1000	0
1001	0
1002	-1
1003	0
1004	-2
1005	0
1006	-1
1007	0
1008	-1
1009	-1
1010	-1
1011	0
1012	0
1013	-1
1014	0
1015	0
1016	0
1017	0
1018	0
1019	0
1020	0
1021	0
1022	0
1023	0
1024	0
1025	0
1026	0
1027	0
1028	0
1029	0
1030	0
1031	0
1032	-1
1033	0
1034	0
1035	-1
1036	0
1037	0
1038	0
1039	0
1040	-1
1041	0
1042	-1
1043	0
1044	-1
1045	0
1046	-1
1047	0
1048	-1
1049	-1
1050	-2
1051	-1
1052	-1
1053	-1
1054	-1
1055	-1
1056	-1
1057	-1
1058	-1
1059	0
1060	-1
1061	-1
1062	-1
1063	0
1064	0
1065	0
1066	0
1067	0
1068	0
1069	0
1070	0
1071	0
1072	0
1073	0
1074	0
1075	0
1076	0
1077	0
1078	0
1079	0
1080	0
1081	0
1082	0
1083	0
1084	0
1085	0
1086	0
1087	0
1088	-1
1089	0
1090	-1
1091	0
1092	-1
1093	0
1094	-1
1095	0
1096	0
1097	0
1098	0
1099	0
1100	-1
1101	0
1102	-1
1103	0
1104	0
1105	-1
1106	0
1107	0
1108	0
1109	-1
1110	0
1111	0
1112	0
1113	0
1114	0
1115	0
1116	0
1117	0
1118	0
1119	0
1120	0
1121	0
1122	0
1123	0
1124	0
1125	0
1126	-1
1127	0
1128	-1
1129	0
1130	-1
1131	0
1132	0
1133	0
1134	-1
1135	0
1136	0
1137	0
1138	-1
1139	0
1140	-1
1141	-1
1142	0
1143	0
1144	0
1145	-1
1146	-1
1147	-1
1148	0
1149	0
1150	0
1151	0
1152	0
1153	0
1154	0
1155	0
1156	0
1157	0
1158	0
1159	0
1160	0
1161	0
1162	0
1163	0
1164	0
1165	0
1166	0
1167	0
1168	0
1169	0
1170	0
1171	0
1172	0
1173	0
1174	0
1175	0
1176	-1
1177	0
1178	-1
1179	0
1180	0
1181	0
1182	-1
1183	0
1184	0
1185	0
1186	0
1187	0
1188	0
1189	0
1190	0
1191	0
1192	0
1193	0
1194	0
1195	0
1196	0
1197	0
1198	0
1199	0
1200	0
1201	0
1202	0
1203	0
1204	0
1205	0
1206	0
1207	0
1208	0
1209	0
1210	0
1211	0
1212	0
1213	0
1214	0
1215	0
1216	0
1217	0
1218	0
1219	0
1220	0
1221	0
1222	0
1223	0
1224	0
1225	0
1226	0
1227	0
1228	0
1229	0
1230	0
1231	0
1232	0
1233	0
1234	0
1235	0
1236	0
1237	0
1238	0
1239	0
1240	0
1241	0
1242	0
1243	0
1244	0
1245	0
1246	0
1247	0
1248	0
1249	0
1250	0
1251	1
1252	-1
1253	1
1254	0
1255	0
1256	0
1257	0
1258	0
1259	0
1260	0
1261	0
1262	0
1263	0
1264	0
1265	0
1266	0
1267	0
1268	0
1269	0
1270	0
1271	0
1272	0
1273	0
1274	0
1275	0
1276	0
1277	0
1278	0
1279	0
1280	0
1281	0
1282	0
1283	0
1284	0
1285	0
1286	0
1287	0
1288	0
1289	0
1290	0
1291	0
1292	0
1293	0
1294	0
1295	0
1296	0
1297	0
1298	0
1299	0
1300	0
1301	0
1302	0
1303	0
1304	0
1305	0
1306	0
1307	0
1308	0
1309	0
1310	0
1311	0
1312	0
1313	-1
1314	0
1315	0
1316	0
1317	0
1318	0
1319	0
1320	0
1321	0
1322	0
1323	0
1324	0
1325	0
1326	0
1327	0
1328	0
1329	0
1330	0
1331	0
1332	-1
1333	0
1334	0
1335	0
1336	0
1337	0
1338	0
1339	0
1340	0
1341	0
1342	0
1343	0
1344	0
1345	1
1346	0
1347	0
1348	0
1349	0
1350	0
1351	0
1352	0
1353	1
1354	0
1355	0
1356	0
1357	0
1358	0
1359	0
1360	1
1361	1
1362	1
1363	1
1364	1
1365	0
1366	0
1367	1
1368	1
1369	1
1370	2
1371	1
1372	1
1373	1
1374	2
1375	1
1376	1
1377	2
1378	1
1379	2
1380	1
1381	1
1382	2
1383	2
1384	1
1385	1
1386	2
1387	1
1388	3
1389	2
1390	2
1391	1
1392	1
1393	1
1394	0
1395	1
1396	1
1397	1
1398	1
1399	1
1400	1
1401	2
1402	1
1403	1
1404	1
1405	2
1406	0
1407	1
1408	1
1409	1
1410	1
1411	2
1412	1
1413	1
1414	1
1415	1
1416	1
1417	2
1418	1
1419	1
1420	1
1421	1
1422	1
1423	1
1424	0
1425	1
1426	1
1427	0
1428	0
1429	1
1430	1
1431	0
1432	1
1433	1
1434	1
1435	0
1436	1
1437	1
1438	1
1439	2
1440	2
1441	2
1442	2
1443	2
1444	2
1445	2
1446	2
1447	1
1448	2
1449	2
1450	1
1451	2
1452	1
1453	2
1454	1
1455	2
1456	2
1457	2
1458	2
1459	2
1460	3
1461	1
1462	2
1463	3
1464	2
1465	2
1466	2
1467	3
1468	2
1469	4
1470	2
1471	3
1472	3
1473	3
1474	3
1475	3
1476	3
1477	3
1478	3
1479	3
1480	4
1481	4
1482	4
1483	3
1484	3
1485	4
1486	4
1487	3
1488	4
1489	4
1490	3
1491	3
1492	3
1493	4
1494	3
1495	3
1496	4
1497	3
1498	2
1499	3
1500	3
1501	3
1502	2
1503	3
1504	3
1505	3
1506	3
1507	3
1508	3
1509	3
1510	3
1511	3
1512	2
1513	3
1514	2
1515	2
1516	2
1517	2
1518	1
1519	2
1520	1
1521	1
1522	2
1523	1
1524	2
1525	1
1526	1
1527	1
1528	1
1529	1
1530	0
1531	1
1532	0
1533	0
1534	0
1535	0
1536	0
1537	0
1538	0
1539	1
1540	0
1541	0
1542	0
1543	1
1544	0
1545	0
1546	0
1547	0
1548	0
1549	0
1550	0
1551	0
1552	0
1553	1
1554	0
1555	0
1556	0
1557	0
1558	0
1559	0
1560	0
1561	0
1562	0
1563	1
1564	0
1565	0
1566	0
1567	0
1568	0
1569	0
1570	0
1571	0
1572	0
1573	0
1574	0
1575	0
1576	0
1577	0
1578	0
1579	0
1580	0
1581	0
1582	0
1583	0
1584	0
1585	0
1586	0
1587	0
1588	0
1589	0
1590	0
1591	0
1592	0
1593	0
1594	0
1595	0
1596	0
1597	0
1598	1
1599	0
1600	0
1601	0
1602	0
1603	0
1604	0
1605	0
1606	0
1607	0
1608	0
1609	0
1610	0
1611	0
1612	0
1613	0
1614	0
1615	0
1616	0
1617	0
1618	0
1619	0
1620	0
1621	0
1622	0
1623	0
1624	0
1625	0
1626	0
1627	0
1628	0
1629	0
1630	0
1631	0
1632	0
1633	0
1634	0
1635	0
1636	0
1637	0
1638	0
1639	0
1640	0
1641	0
1642	0
1643	0
1644	0
1645	0
1646	0
1647	0
1648	0
1649	0
1650	0
1651	0
1652	0
1653	0
1654	0
1655	1
1656	0
1657	0
1658	0
1659	0
1660	0
1661	0
1662	1
1663	0
1664	1
1665	0
1666	0
1667	1
1668	0
1669	1
1670	2
1671	0
1672	0
1673	1
1674	1
1675	1
1676	1
1677	1
1678	1
1679	1
1680	2
1681	1
1682	2
1683	2
1684	3
1685	2
1686	2
1687	2
1688	2
1689	3
1690	3
1691	3
1692	2
1693	2
1694	4
1695	2
1696	1
1697	3
1698	1
1699	1
1700	1
1701	2
1702	2
1703	1
1704	1
1705	2
1706	1
1707	1
1708	2
1709	1
1710	2
1711	0
1712	1
1713	1
1714	1
1715	1
1716	0
1717	1
1718	1
1719	0
1720	1
1721	2
1722	1
1723	0
1724	1
1725	0
1726	2
1727	0
1728	1
1729	1
1730	1
1731	1
1732	1
1733	1
1734	0
1735	1
1736	1
1737	1
1738	0
1739	1
1740	1
1741	0
1742	0
1743	1
1744	1
1745	1
1746	1
1747	1
1748	1
1749	0
1750	1
1751	1
1752	1
1753	0
1754	0
1755	0
1756	0
1757	0
1758	1
1759	0
1760	1
1761	1
1762	0
1763	1
1764	1
1765	1
1766	1
1767	1
1768	2
1769	1
1770	2
1771	2
1772	2
1773	1
1774	1
1775	2
1776	2
1777	1
1778	3
1779	2
1780	2
1781	3
1782	2
1783	3
1784	2
1785	3
1786	3
1787	2
1788	2
1789	2
1790	1
1791	1
1792	1
1793	1
1794	2
1795	1
1796	0
1797	0
1798	1
1799	1
1800	1
1801	0
1802	1
1803	0
1804	0
1805	0
1806	1
1807	1
1808	1
1809	0
1810	0
1811	1
1812	0
1813	0
1814	0
1815	1
1816	1
1817	1
1818	1
1819	2
1820	1
1821	1
1822	1
1823	1
1824	0
1825	1
1826	1
1827	2
1828	2
1829	2
1830	1
1831	1
1832	1
1833	1
1834	2
1835	1
1836	1
1837	1
1838	1
1839	1
1840	0
1841	0
1842	1
1843	1
1844	0
1845	1
1846	1
1847	1
1848	0
1849	0
1850	0
1851	0
1852	0
1853	1
1854	0
1855	0
1856	0
1857	0
1858	0
1859	0
1860	0
1861	0
1862	0
1863	0
1864	0
1865	0
1866	0
1867	0
1868	0
1869	0
1870	0
1871	0
1872	0
1873	0
1874	0
1875	0
1876	0
1877	0
1878	1
1879	0
1880	1
1881	0
1882	0
1883	0
1884	0
1885	0
1886	0
1887	0
1888	0
1889	0
1890	0
1891	0
1892	0
1893	0
1894	0
1895	0
1896	0
1897	0
1898	0
1899	0
1900	0
1901	0
1902	0
1903	0
1904	0
1905	0
1906	0
1907	0
1908	0
1909	0
1910	0
1911	0
1912	0
1913	0
1914	0
1915	1
1916	0
1917	0
1918	0
1919	0
1920	0
1921	0
1922	0
1923	0
1924	0
1925	0
1926	0
1927	0
1928	0
1929	0
1930	0
1931	1
1932	0
1933	0
1934	1
1935	0
1936	1
1937	1
1938	0
1939	0
1940	0
1941	1
1942	1
1943	1
1944	0
1945	0
1946	0
1947	1
1948	1
1949	1
1950	0
1951	0
1952	0
1953	1
1954	0
1955	1
1956	0
1957	0
1958	0
1959	1
1960	0
1961	0
1962	0
1963	1
1964	0
1965	0
1966	1
1967	1
1968	0
1969	1
1970	0
1971	1
1972	0
1973	0
1974	0
1975	1
1976	0
1977	0
1978	1
1979	0
1980	0
1981	0
1982	0
1983	0
1984	0
1985	0
1986	0
1987	-1
1988	0
1989	0
1990	0
1991	0
1992	0
1993	0
1994	0
1995	0
1996	0
1997	0
1998	1
1999	0
