0	1
1	4
2	2
3	4
4	2
5	4
6	1
7	4
8	0
9	4
10	2
11	4
12	1
13	3
14	1
15	4
16	0
17	4
18	1
19	4
20	0
21	4
22	1
23	5
24	0
25	3
26	2
27	4
28	2
29	6
30	2
31	5
32	1
33	5
34	1
35	4
36	1
37	5
38	3
39	6
40	1
41	6
42	1
43	4
44	2
45	4
46	2
47	5
48	2
49	5
50	2
51	4
52	2
53	5
54	2
55	4
56	1
57	5
58	2
59	5
60	1
61	5
62	1
63	4
64	1
65	4
66	1
67	3
68	2
69	3
70	1
71	5
72	1
73	5
74	2
75	1
76	1
77	4
78	0
79	5
80	0
81	5
82	1
83	4
84	0
85	4
86	3
87	5
88	1
89	5
90	2
91	4
92	2
93	4
94	0
95	5
96	2
97	4
98	1
99	5
100	3
101	4
102	1
103	4
104	1
105	4
106	1
107	4
108	1
109	5
110	1
111	5
112	2
113	5
114	1
115	4
116	1
117	4
118	2
119	4
120	3
121	6
122	1
123	5
124	3
125	5
126	1
127	4
128	0
129	4
130	0
131	3
132	0
133	5
134	1
135	4
136	1
137	5
138	1
139	5
140	2
141	4
142	2
143	4
144	1
145	6
146	2
147	5
148	3
149	6
150	2
151	5
152	3
153	7
154	2
155	6
156	1
157	6
158	2
159	5
160	2
161	5
162	2
163	5
164	1
165	5
166	1
167	5
168	2
169	5
170	1
171	5
172	1
173	4
174	1
175	3
176	2
177	3
178	2
179	4
180	1
181	5
182	0
183	4
184	1
185	2
186	1
187	5
188	1
189	5
190	1
191	5
192	2
193	4
194	2
195	6
196	2
197	4
198	0
199	4
200	0
201	4
202	1
203	4
204	2
205	5
206	1
207	3
208	1
209	4
210	0
211	3
212	0
213	4
214	1
215	4
216	1
217	5
218	1
219	4
220	2
221	6
222	2
223	4
224	1
225	3
226	1
227	5
228	1
229	6
230	3
231	6
232	2
233	4
234	2
235	4
236	2
237	4
238	1
239	4
240	1
241	4
242	1
243	6
244	1
245	5
246	1
247	4
248	1
249	5
250	3
251	6
252	2
253	6
254	3
255	4
256	2
257	4
258	1
259	6
260	1
261	6
262	1
263	5
264	2
265	4
266	1
267	4
268	1
269	6
270	1
271	3
272	0
273	4
274	2
275	5
276	1
277	6
278	0
279	6
280	2
281	4
282	1
283	4
284	2
285	4
286	2
287	4
288	1
289	4
290	2
291	4
292	3
293	4
294	1
295	5
296	2
297	6
298	2
299	4
300	1
301	3
302	1
303	4
304	1
305	4
306	0
307	5
308	0
309	4
310	1
311	4
312	2
313	4
314	3
315	4
316	1
317	6
318	1
319	4
320	2
321	5
322	0
323	4
324	1
325	6
326	0
327	6
328	2
329	4
330	2
331	4
332	1
333	4
334	1
335	5
336	2
337	5
338	1
339	7
340	1
341	5
342	0
343	4
344	0
345	4
346	1
347	4
348	1
349	4
350	2
351	4
352	2
353	3
354	2
355	5
356	2
357	5
358	2
359	5
360	1
361	6
362	2
363	6
364	2
365	5
366	1
367	4
368	3
369	4
370	2
371	4
372	3
373	4
374	2
375	4
376	3
377	5
378	2
379	5
380	1
381	4
382	4
383	5
384	2
385	5
386	2
387	4
388	2
389	4
390	2
391	4
392	3
393	4
394	1
395	4
396	4
397	5
398	4
399	5
400	2
401	4
402	2
403	5
404	0
405	6
406	1
407	6
408	1
409	7
410	3
411	5
412	2
413	5
414	1
415	4
416	2
417	6
418	1
419	7
420	1
421	4
422	1
423	3
424	1
425	6
426	2
427	7
428	1
429	6
430	1
431	6
432	3
433	4
434	2
435	4
436	1
437	6
438	1
439	4
440	1
441	5
442	2
443	5
444	1
445	5
446	2
447	6
448	3
449	5
450	3
451	6
452	4
453	8
454	6
455	8
456	6
457	9
458	8
459	9
460	9
461	12
462	10
463	13
464	13
465	16
466	15
467	19
468	17
469	22
470	20
471	24
472	22
473	27
474	26
475	32
476	31
477	35
478	35
479	37
480	37
481	40
482	41
483	46
484	49
485	51
486	51
487	55
488	55
489	61
490	60
491	61
492	62
493	64
494	65
495	67
496	67
497	68
498	68
499	78
500	62
501	75
502	69
503	75
504	69
505	75
506	71
507	73
508	70
509	71
510	70
511	72
512	68
513	70
514	67
515	68
516	65
517	66
518	63
519	64
520	62
521	62
522	59
523	59
524	58
525	58
526	55
527	57
528	52
529	53
530	49
531	52
532	46
533	48
534	45
535	46
536	45
537	45
538	42
539	41
540	39
541	39
542	37
543	36
544	33
545	35
546	33
547	34
548	30
549	32
550	30
551	30
552	27
553	27
554	26
555	26
556	25
557	25
558	24
559	24
560	22
561	22
562	20
563	22
564	19
565	22
566	16
567	20
568	17
569	18
570	15
571	17
572	14
573	16
574	14
575	16
576	14
577	14
578	13
579	15
580	12
581	14
582	12
583	13
584	12
585	13
586	11
587	14
588	9
589	13
590	10
591	11
592	10
593	11
594	7
595	10
596	6
597	10
598	5
599	10
600	5
601	8
602	4
603	10
604	4
605	8
606	3
607	7
608	2
609	7
610	1
611	6
612	2
613	5
614	2
615	4
616	1
617	2
618	1
619	4
620	1
621	3
622	1
623	3
624	1
625	4
626	1
627	3
628	0
629	4
630	1
631	3
632	1
633	3
634	1
635	3
636	0
637	2
638	1
639	2
640	1
641	4
642	0
643	2
644	0
645	3
646	1
647	2
648	1
649	2
650	0
651	3
652	1
653	3
654	1
655	6
656	0
657	3
658	0
659	2
660	0
661	4
662	0
663	3
664	0
665	2
666	0
667	2
668	0
669	2
670	0
671	2
672	0
673	2
674	0
675	2
676	0
677	2
678	0
679	3
680	1
681	2
682	0
683	2
684	0
685	3
686	0
687	2
688	0
689	2
690	1
691	3
692	0
693	3
694	1
695	4
696	1
697	2
698	0
699	3
700	0
701	3
702	0
703	3
704	1
705	3
706	0
707	3
708	0
709	1
710	0
711	3
712	0
713	1
714	1
715	3
716	1
717	1
718	0
719	2
720	2
721	2
722	0
723	3
724	0
725	2
726	1
727	2
728	0
729	2
730	0
731	2
732	0
733	4
734	1
735	3
736	0
737	2
738	0
739	3
740	1
741	4
742	1
743	3
744	1
745	3
746	1
747	3
748	0
749	4
750	1
751	3
752	2
753	1
754	0
755	3
756	0
757	1
758	1
759	3
760	0
761	3
762	0
763	2
764	0
765	2
766	0
767	1
768	0
769	2
770	1
771	3
772	0
773	2
774	0
775	2
776	0
777	2
778	1
779	2
780	0
781	0
782	0
783	1
784	0
785	1
786	0
787	2
788	0
789	2
790	0
791	2
792	1
793	1
794	0
795	1
796	0
797	2
798	0
799	2
800	1
801	3
802	0
803	2
804	0
805	2
806	0
807	2
808	0
809	2
810	1
811	2
812	0
813	2
814	0
815	1
816	1
817	2
818	0
819	0
820	0
821	0
822	0
823	1
824	0
825	2
826	0
827	1
828	0
829	0
830	0
831	0
832	0
833	0
834	0
835	1
836	0
837	1
838	0
839	0
840	0
841	0
842	0
843	2
844	0
845	1
846	0
847	3
848	0
849	2
850	1
851	2
852	0
853	3
854	1
855	1
856	1
857	2
858	0
859	2
860	0
861	1
862	0
863	2
864	0
865	2
866	0
867	1
868	0
869	0
870	0
871	0
872	0
873	1
874	0
875	1
876	0
877	1
878	0
879	2
880	0
881	2
882	0
883	2
884	0
885	2
886	0
887	1
888	0
889	2
890	1
891	1
892	1
893	1
894	0
895	2
896	0
897	2
898	0
899	3
900	1
901	2
902	1
903	3
904	2
905	3
906	2
907	4
908	1
909	4
910	1
911	3
912	2
913	2
914	2
915	2
916	2
917	3
918	1
919	3
920	1
921	1
922	1
923	1
924	1
925	1
926	1
927	2
928	1
929	3
930	1
931	2
932	1
933	2
934	1
935	2
936	1
937	2
938	1
939	3
940	1
941	3
942	1
943	3
944	1
945	2
946	1
947	2
948	1
949	2
950	1
951	2
952	1
953	2
954	0
955	1
956	0
957	2
958	1
959	1
960	0
961	2
962	1
963	1
964	1
965	2
966	0
967	3
968	1
969	3
970	1
971	3
972	1
973	2
974	0
975	1
976	1
977	1
978	0
979	2
980	1
981	2
982	1
983	2
984	1
985	1
986	0
987	3
988	0
989	2
990	0
991	2
992	0
993	1
994	0
995	2
996	1
997	0
998	1
999	1
1000	0
1001	1
1002	1
1003	1
1004	1
1005	1
1006	0
1007	2
1008	0
1009	1
1010	0
1011	1
1012	0
1013	1
1014	0
1015	1
1016	1
1017	1
1018	0
1019	1
1020	0
1021	0
1022	0
1023	1
1024	0
1025	0
1026	0
1027	0
1028	0
1029	2
1030	0
1031	0
1032	0
1033	1
1034	0
1035	1
1036	0
1037	1
1038	0
1039	2
1040	0
1041	1
1042	0
1043	0
1044	0
1045	1
1046	0
1047	1
1048	0
1049	2
1050	0
1051	1
1052	0
1053	2
1054	0
1055	2
1056	0
1057	1
1058	0
1059	1
1060	0
1061	1
1062	0
1063	1
1064	0
1065	3
1066	0
1067	2
1068	0
1069	1
1070	0
1071	1
1072	0
1073	2
1074	0
1075	1
1076	0
1077	1
1078	0
1079	2
1080	0
1081	2
1082	0
1083	2
1084	0
1085	2
1086	0
1087	1
1088	0
1089	1
1090	1
1091	0
1092	0
1093	2
1094	0
1095	2
1096	1
1097	2
1098	1
1099	2
1100	1
1101	2
1102	0
1103	2
1104	0
1105	1
1106	0
1107	1
1108	0
1109	1
1110	0
1111	2
1112	0
1113	1
1114	0
1115	1
1116	0
1117	1
1118	0
1119	1
1120	0
1121	1
1122	0
1123	2
1124	0
1125	2
1126	0
1127	1
1128	0
1129	2
1130	0
1131	1
1132	0
1133	0
1134	0
1135	1
1136	0
1137	1
1138	0
1139	2
1140	0
1141	2
1142	1
1143	1
1144	1
1145	1
1146	0
1147	1
1148	0
1149	0
1150	0
1151	0
1152	0
1153	1
1154	0
1155	0
1156	0
1157	0
1158	0
1159	0
1160	0
1161	1
1162	0
1163	2
1164	0
1165	2
1166	0
1167	1
1168	0
1169	0
1170	0
1171	1
1172	0
1173	1
1174	0
1175	1
1176	0
1177	1
1178	0
1179	2
1180	0
1181	0
1182	0
1183	1
1184	0
1185	1
1186	0
1187	2
1188	0
1189	1
1190	0
1191	1
1192	0
1193	2
1194	0
1195	2
1196	0
1197	2
1198	0
1199	2
1200	0
1201	2
1202	0
1203	2
1204	0
1205	2
1206	0
1207	2
1208	1
1209	2
1210	0
1211	2
1212	0
1213	0
1214	0
1215	2
1216	1
1217	2
1218	0
1219	2
1220	0
1221	2
1222	1
1223	2
1224	0
1225	1
1226	0
1227	1
1228	0
1229	2
1230	0
1231	2
1232	0
1233	1
1234	0
1235	1
1236	0
1237	1
1238	0
1239	1
1240	0
1241	1
1242	0
1243	0
1244	0
1245	1
1246	0
1247	0
1248	0
1249	1
1250	0
1251	3
1252	0
1253	1
1254	0
1255	3
1256	0
1257	2
1258	0
1259	2
1260	0
1261	1
1262	0
1263	1
1264	0
1265	1
1266	0
1267	1
1268	0
1269	0
1270	0
1271	0
1272	0
1273	0
1274	0
1275	1
1276	0
1277	1
1278	0
1279	1
1280	0
1281	1
1282	0
1283	1
1284	0
1285	2
1286	0
1287	2
1288	0
1289	1
1290	0
1291	1
1292	0
1293	1
1294	0
1295	2
1296	0
1297	2
1298	0
1299	2
1300	0
1301	1
1302	0
1303	1
1304	0
1305	1
1306	0
1307	0
1308	0
1309	1
1310	0
1311	2
1312	0
1313	2
1314	0
1315	1
1316	0
1317	0
1318	0
1319	0
1320	0
1321	1
1322	0
1323	1
1324	0
1325	1
1326	0
1327	1
1328	0
1329	2
1330	0
1331	0
1332	0
1333	1
1334	0
1335	1
1336	0
1337	0
1338	0
1339	0
1340	0
1341	1
1342	0
1343	1
1344	1
1345	1
1346	0
1347	2
1348	0
1349	3
1350	0
1351	0
1352	0
1353	0
1354	0
1355	2
1356	0
1357	2
1358	0
1359	3
1360	0
1361	2
1362	0
1363	1
1364	1
1365	1
1366	0
1367	1
1368	0
1369	2
1370	0
1371	2
1372	0
1373	2
1374	0
1375	1
1376	0
1377	0
1378	0
1379	1
1380	0
1381	2
1382	0
1383	1
1384	0
1385	1
1386	0
1387	2
1388	0
1389	1
1390	0
1391	1
1392	0
1393	1
1394	0
1395	1
1396	0
1397	3
1398	0
1399	1
1400	1
1401	2
1402	0
1403	2
1404	0
1405	1
1406	0
1407	1
1408	1
1409	2
1410	0
1411	2
1412	0
1413	3
1414	0
1415	1
1416	0
1417	1
1418	0
1419	2
1420	1
1421	1
1422	0
1423	1
1424	0
1425	3
1426	1
1427	1
1428	0
1429	1
1430	0
1431	1
1432	0
1433	1
1434	0
1435	0
1436	0
1437	1
1438	0
1439	0
1440	1
1441	1
1442	0
1443	0
1444	0
1445	1
1446	0
1447	2
1448	0
1449	2
1450	0
1451	2
1452	0
1453	2
1454	0
1455	1
1456	0
1457	2
1458	0
1459	2
1460	0
1461	3
1462	0
1463	3
1464	0
1465	2
1466	0
1467	2
1468	0
1469	2
1470	0
1471	1
1472	1
1473	1
1474	0
1475	2
1476	0
1477	1
1478	0
1479	1
1480	0
1481	1
1482	0
1483	0
1484	0
1485	1
1486	0
1487	1
1488	0
1489	1
1490	0
1491	1
1492	0
1493	0
1494	0
1495	1
1496	0
1497	2
1498	0
1499	2
1500	0
1501	1
1502	0
1503	1
1504	0
1505	2
1506	0
1507	2
1508	2
1509	2
1510	1
1511	2
1512	0
1513	1
1514	1
1515	2
1516	1
1517	2
1518	0
1519	1
1520	0
1521	4
1522	0
1523	2
1524	1
1525	2
1526	1
1527	2
1528	1
1529	2
1530	1
1531	2
1532	2
1533	2
1534	1
1535	2
1536	0
1537	3
1538	1
1539	2
1540	0
1541	1
1542	0
1543	1
1544	0
1545	2
1546	1
1547	3
1548	0
1549	3
1550	0
1551	2
1552	1
1553	2
1554	0
1555	1
1556	1
1557	2
1558	0
1559	2
1560	0
1561	1
1562	1
1563	2
1564	0
1565	2
1566	1
1567	3
1568	0
1569	3
1570	0
1571	3
1572	0
1573	2
1574	1
1575	2
1576	0
1577	3
1578	1
1579	3
1580	2
1581	2
1582	1
1583	2
1584	1
1585	3
1586	1
1587	3
1588	1
1589	2
1590	1
1591	4
1592	1
1593	3
1594	2
1595	3
1596	2
1597	2
1598	3
1599	2
1600	2
1601	3
1602	2
1603	3
1604	2
1605	2
1606	2
1607	3
1608	1
1609	3
1610	1
1611	2
1612	1
1613	2
1614	1
1615	2
1616	1
1617	3
1618	1
1619	3
1620	1
1621	2
1622	0
1623	3
1624	0
1625	3
1626	0
1627	3
1628	1
1629	3
1630	1
1631	3
1632	1
1633	4
1634	1
1635	3
1636	1
1637	3
1638	1
1639	4
1640	2
1641	3
1642	1
1643	4
1644	1
1645	3
1646	1
1647	4
1648	1
1649	2
1650	1
1651	2
1652	0
1653	2
1654	1
1655	2
1656	0
1657	2
1658	0
1659	1
1660	0
1661	2
1662	0
1663	1
1664	0
1665	1
1666	0
1667	0
1668	0
1669	1
1670	0
1671	1
1672	0
1673	1
1674	0
1675	1
1676	0
1677	0
1678	0
1679	1
1680	0
1681	2
1682	0
1683	0
1684	0
1685	2
1686	0
1687	0
1688	0
1689	0
1690	0
1691	0
1692	0
1693	0
1694	0
1695	1
1696	0
1697	2
1698	1
1699	1
1700	0
1701	0
1702	0
1703	1
1704	0
1705	3
1706	1
1707	1
1708	1
1709	2
1710	0
1711	3
1712	0
1713	2
1714	0
1715	1
1716	1
1717	3
1718	1
1719	2
1720	0
1721	3
1722	1
1723	2
1724	1
1725	3
1726	0
1727	1
1728	1
1729	3
1730	0
1731	2
1732	2
1733	2
1734	0
1735	1
1736	0
1737	2
1738	0
1739	2
1740	0
1741	1
1742	0
1743	1
1744	0
1745	1
1746	0
1747	1
1748	0
1749	1
1750	1
1751	1
1752	0
1753	1
1754	0
1755	2
1756	0
1757	0
1758	0
1759	0
1760	0
1761	1
1762	0
1763	1
1764	0
1765	1
1766	0
1767	1
1768	0
1769	0
1770	0
1771	2
1772	0
1773	1
1774	0
1775	1
1776	1
1777	3
1778	0
1779	5
1780	0
1781	2
1782	0
1783	3
1784	0
1785	3
1786	0
1787	2
1788	0
1789	2
1790	0
1791	4
1792	0
1793	2
1794	0
1795	2
1796	0
1797	2
1798	0
1799	3
1800	0
1801	3
1802	0
1803	3
1804	0
1805	2
1806	1
1807	1
1808	0
1809	3
1810	1
1811	2
1812	0
1813	3
1814	0
1815	2
1816	0
1817	2
1818	0
1819	3
1820	0
1821	2
1822	1
1823	1
1824	0
1825	3
1826	0
1827	3
1828	1
1829	3
1830	1
1831	2
1832	1
1833	3
1834	0
1835	3
1836	0
1837	2
1838	0
1839	2
1840	0
1841	3
1842	0
1843	3
1844	0
1845	1
1846	0
1847	0
1848	0
1849	1
1850	1
1851	1
1852	0
1853	2
1854	0
1855	3
1856	1
1857	3
1858	1
1859	4
1860	1
1861	4
1862	0
1863	4
1864	1
1865	4
1866	0
1867	3
1868	0
1869	4
1870	0
1871	4
1872	0
1873	2
1874	0
1875	2
1876	0
1877	1
1878	0
1879	2
1880	1
1881	3
1882	1
1883	3
1884	0
1885	3
1886	0
1887	2
1888	0
1889	2
1890	0
1891	3
1892	0
1893	2
1894	0
1895	1
1896	0
1897	2
1898	0
1899	2
1900	1
1901	2
1902	0
1903	2
1904	0
1905	2
1906	0
1907	2
1908	0
1909	2
1910	0
1911	2
1912	0
1913	2
1914	0
1915	3
1916	0
1917	3
1918	0
1919	1
1920	0
1921	3
1922	0
1923	1
1924	0
1925	3
1926	1
1927	2
1928	0
1929	2
1930	0
1931	3
1932	0
1933	3
1934	0
1935	3
1936	1
1937	3
1938	1
1939	3
1940	1
1941	2
1942	1
1943	2
1944	0
1945	3
1946	1
1947	2
1948	1
1949	3
1950	1
1951	3
1952	1
1953	3
1954	1
1955	3
1956	2
1957	4
1958	2
1959	3
1960	2
1961	4
1962	2
1963	5
1964	2
1965	4
1966	2
1967	5
1968	2
1969	4
1970	2
1971	4
1972	2
1973	4
1974	1
1975	4
1976	2
1977	4
1978	2
1979	3
1980	2
1981	3
1982	1
1983	3
1984	2
1985	4
1986	2
1987	4
1988	2
1989	3
1990	2
1991	3
1992	1
1993	3
1994	1
1995	2
1996	2
1997	4
1998	1
1999	4
