0	1
1	5
2	2
3	4
4	1
5	4
6	0
7	6
8	1
9	6
10	0
11	8
12	0
13	7
14	0
15	6
16	2
17	6
18	1
19	6
20	1
21	8
22	1
23	8
24	2
25	6
26	2
27	5
28	1
29	5
30	2
31	5
32	3
33	7
34	2
35	6
36	2
37	4
38	2
39	6
40	1
41	5
42	2
43	5
44	1
45	6
46	2
47	5
48	2
49	6
50	2
51	6
52	2
53	6
54	0
55	6
56	1
57	7
58	2
59	6
60	2
61	6
62	1
63	5
64	0
65	7
66	1
67	5
68	2
69	4
70	2
71	6
72	1
73	4
74	1
75	4
76	2
77	4
78	2
79	5
80	1
81	4
82	0
83	5
84	2
85	5
86	1
87	4
88	1
89	6
90	1
91	7
92	2
93	4
94	1
95	5
96	1
97	4
98	1
99	6
100	2
101	6
102	2
103	5
104	1
105	4
106	0
107	6
108	2
109	4
110	2
111	6
112	1
113	6
114	1
115	7
116	1
117	5
118	1
119	5
120	0
121	4
122	0
123	4
124	1
125	5
126	1
127	5
128	0
129	5
130	2
131	7
132	1
133	6
134	1
135	7
136	1
137	6
138	2
139	5
140	2
141	7
142	1
143	8
144	1
145	9
146	1
147	6
148	3
149	8
150	2
151	7
152	2
153	6
154	1
155	6
156	2
157	5
158	1
159	5
160	1
161	6
162	0
163	5
164	1
165	5
166	1
167	6
168	2
169	4
170	1
171	4
172	1
173	5
174	2
175	4
176	2
177	7
178	2
179	6
180	2
181	6
182	1
183	7
184	1
185	5
186	2
187	6
188	1
189	5
190	1
191	5
192	2
193	6
194	1
195	6
196	2
197	4
198	2
199	6
200	0
201	4
202	1
203	6
204	1
205	4
206	1
207	5
208	1
209	5
210	0
211	5
212	0
213	4
214	1
215	4
216	1
217	6
218	1
219	4
220	1
221	5
222	1
223	5
224	2
225	7
226	2
227	6
228	3
229	6
230	4
231	7
232	3
233	8
234	3
235	8
236	2
237	10
238	2
239	8
240	4
241	7
242	1
243	7
244	2
245	7
246	2
247	7
248	3
249	7
250	1
251	6
252	2
253	6
254	1
255	5
256	1
257	5
258	2
259	4
260	2
261	5
262	1
263	7
264	2
265	6
266	3
267	6
268	3
269	6
270	4
271	6
272	3
273	7
274	5
275	8
276	4
277	8
278	5
279	6
280	4
281	8
282	4
283	8
284	2
285	8
286	4
287	9
288	2
289	9
290	3
291	8
292	1
293	5
294	1
295	7
296	1
297	7
298	1
299	5
300	1
301	6
302	1
303	5
304	1
305	4
306	0
307	4
308	0
309	5
310	0
311	6
312	2
313	6
314	1
315	4
316	1
317	7
318	2
319	6
320	0
321	7
322	1
323	6
324	2
325	6
326	2
327	6
328	2
329	7
330	2
331	6
332	3
333	7
334	2
335	6
336	2
337	6
338	1
339	6
340	1
341	6
342	2
343	4
344	1
345	5
346	1
347	4
348	1
349	6
350	0
351	4
352	0
353	5
354	0
355	6
356	1
357	5
358	3
359	6
360	4
361	7
362	2
363	6
364	2
365	7
366	3
367	7
368	3
369	8
370	2
371	6
372	2
373	5
374	1
375	6
376	1
377	6
378	1
379	5
380	2
381	5
382	1
383	4
384	1
385	5
386	0
387	4
388	0
389	5
390	1
391	5
392	1
393	6
394	2
395	7
396	3
397	6
398	2
399	6
400	2
401	6
402	2
403	7
404	2
405	7
406	3
407	7
408	2
409	6
410	0
411	6
412	2
413	6
414	2
415	6
416	1
417	6
418	2
419	5
420	2
421	4
422	1
423	5
424	1
425	5
426	2
427	5
428	2
429	5
430	4
431	7
432	4
433	9
434	4
435	11
436	6
437	12
438	10
439	14
440	13
441	18
442	17
443	20
444	20
445	25
446	25
447	31
448	30
449	34
450	36
451	40
452	39
453	46
454	44
455	49
456	47
457	54
458	52
459	57
460	56
461	61
462	60
463	62
464	63
465	67
466	66
467	68
468	67
469	70
470	67
471	70
472	67
473	70
474	67
475	72
476	69
477	72
478	67
479	73
480	68
481	71
482	69
483	70
484	69
485	71
486	72
487	72
488	72
489	73
490	68
491	74
492	69
493	73
494	69
495	72
496	73
497	73
498	73
499	78
500	62
501	73
502	68
503	69
504	67
505	69
506	68
507	71
508	68
509	67
510	64
511	65
512	63
513	64
514	61
515	63
516	60
517	62
518	58
519	61
520	56
521	59
522	53
523	56
524	52
525	52
526	50
527	52
528	50
529	50
530	46
531	48
532	45
533	46
534	42
535	44
536	38
537	42
538	36
539	40
540	34
541	37
542	32
543	33
544	31
545	32
546	31
547	30
548	29
549	30
550	27
551	28
552	25
553	27
554	24
555	25
556	22
557	25
558	19
559	23
560	16
561	22
562	14
563	18
564	14
565	16
566	13
567	15
568	12
569	14
570	10
571	15
572	9
573	13
574	8
575	11
576	8
577	11
578	5
579	11
580	6
581	8
582	5
583	6
584	5
585	6
586	4
587	6
588	5
589	5
590	4
591	5
592	4
593	7
594	4
595	5
596	4
597	6
598	3
599	6
600	2
601	6
602	2
603	5
604	2
605	4
606	3
607	4
608	2
609	4
610	1
611	4
612	0
613	4
614	1
615	4
616	1
617	4
618	1
619	3
620	1
621	3
622	1
623	3
624	1
625	3
626	0
627	2
628	1
629	2
630	0
631	2
632	0
633	2
634	0
635	2
636	0
637	1
638	0
639	2
640	0
641	1
642	0
643	1
644	0
645	2
646	0
647	1
648	0
649	2
650	0
651	3
652	0
653	3
654	0
655	1
656	0
657	2
658	0
659	0
660	0
661	2
662	0
663	2
664	0
665	2
666	0
667	2
668	0
669	2
670	0
671	1
672	0
673	2
674	0
675	1
676	0
677	0
678	0
679	0
680	0
681	1
682	0
683	3
684	0
685	2
686	0
687	0
688	0
689	1
690	0
691	1
692	-1
693	1
694	0
695	1
696	0
697	1
698	0
699	1
700	0
701	0
702	0
703	0
704	0
705	0
706	0
707	1
708	0
709	1
710	0
711	2
712	0
713	1
714	0
715	2
716	0
717	2
718	0
719	1
720	0
721	1
722	0
723	2
724	1
725	1
726	0
727	2
728	0
729	1
730	0
731	0
732	0
733	1
734	0
735	0
736	0
737	0
738	0
739	0
740	0
741	1
742	0
743	1
744	0
745	0
746	-1
747	0
748	0
749	0
750	0
751	1
752	0
753	0
754	0
755	1
756	0
757	2
758	0
759	0
760	0
761	0
762	0
763	0
764	0
765	0
766	0
767	0
768	0
769	1
770	0
771	0
772	-1
773	0
774	0
775	0
776	0
777	0
778	-1
779	0
780	0
781	0
782	0
783	0
784	-1
785	0
786	0
787	0
788	0
789	0
790	0
791	0
792	0
793	0
794	0
795	1
796	-1
797	0
798	0
799	0
800	0
801	0
802	0
803	1
804	0
805	1
806	0
807	0
808	0
809	0
810	0
811	1
812	0
813	0
814	0
815	0
816	0
817	1
818	0
819	1
820	0
821	0
822	0
823	0
824	0
825	0
826	0
827	1
828	0
829	0
830	-1
831	0
832	0
833	0
834	0
835	0
836	0
837	0
838	0
839	0
840	-1
841	1
842	0
843	0
844	0
845	0
846	0
847	0
848	0
849	1
850	0
851	1
852	-1
853	0
854	0
855	0
856	0
857	0
858	0
859	1
860	0
861	0
862	0
863	1
864	0
865	1
866	0
867	0
868	0
869	0
870	0
871	0
872	0
873	1
874	0
875	1
876	0
877	1
878	0
879	0
880	0
881	0
882	0
883	0
884	0
885	1
886	0
887	0
888	0
889	0
890	0
891	0
892	-1
893	0
894	0
895	0
896	0
897	1
898	0
899	0
900	0
901	0
902	0
903	0
904	0
905	0
906	0
907	1
908	0
909	0
910	0
911	0
912	0
913	1
914	0
915	0
916	0
917	0
918	0
919	0
920	0
921	0
922	0
923	0
924	0
925	0
926	0
927	0
928	0
929	0
930	0
931	0
932	-1
933	0
934	0
935	0
936	0
937	0
938	0
939	0
940	0
941	0
942	0
943	1
944	0
945	0
946	0
947	0
948	0
949	0
950	0
951	0
952	0
953	0
954	0
955	0
956	0
957	0
958	0
959	0
960	0
961	2
962	0
963	2
964	0
965	1
966	0
967	0
968	0
969	1
970	0
971	1
972	0
973	1
974	0
975	1
976	0
977	0
978	0
979	0
980	0
981	1
982	0
983	0
984	0
985	0
986	0
987	1
988	-1
989	1
990	0
991	0
992	-1
993	0
994	-1
995	0
996	-1
997	0
998	0
999	0
1000	0
1001	0
1002	0
1003	0
1004	0
1005	0
1006	0
1007	0
1008	0
1009	0
1010	-1
1011	0
1012	0
1013	0
1014	0
1015	0
1016	0
1017	0
1018	0
1019	1
1020	0
1021	0
1022	-1
1023	0
1024	0
1025	0
1026	0
1027	0
1028	0
1029	0
1030	0
1031	0
1032	0
1033	0
1034	0
1035	0
1036	0
1037	1
1038	0
1039	1
1040	0
1041	0
1042	0
1043	0
1044	0
1045	0
1046	0
1047	0
1048	0
1049	0
1050	0
1051	0
1052	0
1053	0
1054	0
1055	1
1056	0
1057	0
1058	0
1059	0
1060	-1
1061	0
1062	0
1063	1
1064	0
1065	1
1066	-1
1067	1
1068	0
1069	0
1070	0
1071	1
1072	0
1073	1
1074	0
1075	0
1076	0
1077	0
1078	0
1079	1
1080	0
1081	0
1082	0
1083	0
1084	0
1085	0
1086	-1
1087	0
1088	-1
1089	0
1090	0
1091	0
1092	0
1093	0
1094	0
1095	0
1096	0
1097	0
1098	0
1099	0
1100	0
1101	1
1102	0
1103	0
1104	0
1105	0
1106	0
1107	0
1108	0
1109	0
1110	-1
1111	0
1112	0
1113	0
1114	0
1115	0
1116	0
1117	1
1118	0
1119	0
1120	0
1121	0
1122	0
1123	0
1124	0
1125	0
1126	0
1127	0
1128	0
1129	0
1130	0
1131	0
1132	0
1133	1
1134	0
1135	0
1136	0
1137	1
1138	0
1139	1
1140	0
1141	0
1142	0
1143	1
1144	0
1145	0
1146	0
1147	0
1148	0
1149	1
1150	0
1151	1
1152	0
1153	1
1154	0
1155	1
1156	0
1157	1
1158	0
1159	1
1160	0
1161	1
1162	0
1163	0
1164	0
1165	0
1166	0
1167	0
1168	0
1169	0
1170	0
1171	1
1172	0
1173	0
1174	0
1175	0
1176	0
1177	0
1178	0
1179	0
1180	0
1181	0
1182	0
1183	1
1184	0
1185	1
1186	0
1187	1
1188	0
1189	2
1190	0
1191	2
1192	0
1193	2
1194	0
1195	1
1196	0
1197	1
1198	0
1199	2
1200	1
1201	1
1202	1
1203	2
1204	1
1205	2
1206	1
1207	2
1208	2
1209	2
1210	2
1211	3
1212	1
1213	4
1214	1
1215	3
1216	2
1217	4
1218	2
1219	3
1220	2
1221	3
1222	2
1223	2
1224	2
1225	3
1226	2
1227	4
1228	3
1229	4
1230	2
1231	4
1232	3
1233	4
1234	3
1235	3
1236	3
1237	4
1238	3
1239	4
1240	3
1241	4
1242	3
1243	4
1244	2
1245	4
1246	3
1247	4
1248	2
1249	4
1250	2
1251	4
1252	1
1253	3
1254	2
1255	3
1256	2
1257	3
1258	2
1259	4
1260	1
1261	4
1262	1
1263	3
1264	2
1265	2
1266	1
1267	4
1268	2
1269	3
1270	1
1271	2
1272	1
1273	2
1274	1
1275	2
1276	1
1277	3
1278	1
1279	3
1280	0
1281	3
1282	0
1283	1
1284	1
1285	2
1286	0
1287	2
1288	1
1289	2
1290	0
1291	1
1292	0
1293	1
1294	0
1295	1
1296	0
1297	1
1298	0
1299	0
1300	0
1301	1
1302	0
1303	2
1304	0
1305	1
1306	0
1307	1
1308	0
1309	1
1310	0
1311	1
1312	0
1313	1
1314	0
1315	1
1316	0
1317	0
1318	0
1319	1
1320	0
1321	0
1322	0
1323	0
1324	0
1325	0
1326	0
1327	0
1328	0
1329	1
1330	0
1331	1
1332	1
1333	0
1334	0
1335	1
1336	1
1337	1
1338	0
1339	0
1340	0
1341	1
1342	0
1343	1
1344	0
1345	3
1346	1
1347	2
1348	0
1349	1
1350	0
1351	2
1352	1
1353	2
1354	1
1355	2
1356	1
1357	2
1358	1
1359	2
1360	2
1361	3
1362	1
1363	3
1364	2
1365	3
1366	2
1367	3
1368	1
1369	3
1370	1
1371	3
1372	1
1373	3
1374	1
1375	3
1376	2
1377	2
1378	1
1379	3
1380	1
1381	2
1382	0
1383	2
1384	1
1385	3
1386	1
1387	4
1388	1
1389	4
1390	1
1391	2
1392	1
1393	2
1394	1
1395	2
1396	1
1397	2
1398	0
1399	2
1400	0
1401	2
1402	0
1403	3
1404	1
1405	3
1406	1
1407	2
1408	0
1409	2
1410	0
1411	1
1412	0
1413	2
1414	0
1415	1
1416	0
1417	2
1418	0
1419	2
1420	0
1421	1
1422	0
1423	0
1424	0
1425	1
1426	0
1427	1
1428	0
1429	1
1430	0
1431	1
1432	0
1433	1
1434	0
1435	1
1436	0
1437	1
1438	0
1439	1
1440	0
1441	0
1442	0
1443	0
1444	0
1445	1
1446	0
1447	1
1448	0
1449	0
1450	0
1451	1
1452	0
1453	1
1454	0
1455	1
1456	0
1457	0
1458	0
1459	0
1460	0
1461	0
1462	0
1463	0
1464	0
1465	1
1466	0
1467	0
1468	0
1469	1
1470	0
1471	0
1472	0
1473	0
1474	0
1475	1
1476	0
1477	1
1478	0
1479	0
1480	0
1481	0
1482	0
1483	1
1484	0
1485	2
1486	0
1487	2
1488	0
1489	2
1490	0
1491	3
1492	0
1493	2
1494	0
1495	2
1496	0
1497	1
1498	1
1499	2
1500	0
1501	1
1502	0
1503	0
1504	0
1505	1
1506	0
1507	2
1508	0
1509	1
1510	0
1511	0
1512	0
1513	1
1514	0
1515	0
1516	-1
1517	0
1518	0
1519	0
1520	0
1521	1
1522	-1
1523	1
1524	0
1525	1
1526	0
1527	1
1528	0
1529	1
1530	0
1531	1
1532	0
1533	1
1534	0
1535	1
1536	0
1537	1
1538	0
1539	1
1540	0
1541	1
1542	0
1543	0
1544	0
1545	2
1546	0
1547	1
1548	0
1549	1
1550	0
1551	1
1552	0
1553	1
1554	0
1555	1
1556	0
1557	2
1558	0
1559	1
1560	0
1561	1
1562	0
1563	1
1564	0
1565	0
1566	0
1567	1
1568	0
1569	1
1570	0
1571	2
1572	0
1573	2
1574	0
1575	1
1576	0
1577	1
1578	0
1579	0
1580	0
1581	1
1582	0
1583	1
1584	0
1585	3
1586	0
1587	2
1588	0
1589	2
1590	0
1591	2
1592	0
1593	2
1594	0
1595	2
1596	0
1597	2
1598	1
1599	2
1600	0
1601	2
1602	0
1603	2
1604	0
1605	2
1606	0
1607	2
1608	0
1609	2
1610	0
1611	1
1612	0
1613	1
1614	0
1615	2
1616	0
1617	1
1618	0
1619	1
1620	0
1621	1
1622	0
1623	2
1624	0
1625	2
1626	0
1627	2
1628	0
1629	0
1630	0
1631	1
1632	0
1633	2
1634	0
1635	1
1636	0
1637	1
1638	0
1639	1
1640	0
1641	1
1642	0
1643	1
1644	0
1645	0
1646	0
1647	1
1648	0
1649	0
1650	0
1651	1
1652	0
1653	1
1654	0
1655	1
1656	0
1657	0
1658	0
1659	2
1660	0
1661	2
1662	0
1663	1
1664	0
1665	1
1666	0
1667	1
1668	0
1669	1
1670	0
1671	2
1672	0
1673	2
1674	0
1675	2
1676	0
1677	2
1678	1
1679	2
1680	0
1681	2
1682	0
1683	4
1684	0
1685	3
1686	0
1687	2
1688	0
1689	1
1690	0
1691	2
1692	0
1693	3
1694	0
1695	1
1696	0
1697	1
1698	0
1699	1
1700	0
1701	2
1702	0
1703	2
1704	1
1705	2
1706	0
1707	2
1708	0
1709	2
1710	0
1711	2
1712	0
1713	3
1714	1
1715	2
1716	0
1717	3
1718	1
1719	2
1720	1
1721	2
1722	2
1723	2
1724	1
1725	3
1726	1
1727	3
1728	1
1729	4
1730	1
1731	4
1732	3
1733	4
1734	1
1735	4
1736	2
1737	4
1738	2
1739	3
1740	1
1741	3
1742	1
1743	3
1744	2
1745	4
1746	1
1747	4
1748	1
1749	4
1750	1
1751	3
1752	1
1753	3
1754	0
1755	3
1756	1
1757	3
1758	2
1759	4
1760	1
1761	2
1762	2
1763	4
1764	2
1765	3
1766	1
1767	3
1768	1
1769	1
1770	1
1771	2
1772	0
1773	3
1774	1
1775	3
1776	0
1777	2
1778	1
1779	1
1780	0
1781	3
1782	0
1783	3
1784	1
1785	2
1786	0
1787	2
1788	1
1789	1
1790	1
1791	3
1792	0
1793	2
1794	0
1795	3
1796	1
1797	2
1798	0
1799	3
1800	0
1801	3
1802	0
1803	4
1804	1
1805	3
1806	1
1807	3
1808	1
1809	3
1810	2
1811	3
1812	0
1813	3
1814	0
1815	3
1816	2
1817	3
1818	1
1819	2
1820	0
1821	3
1822	0
1823	2
1824	0
1825	2
1826	0
1827	2
1828	0
1829	3
1830	0
1831	3
1832	0
1833	2
1834	0
1835	2
1836	0
1837	1
1838	0
1839	2
1840	0
1841	1
1842	0
1843	1
1844	0
1845	2
1846	0
1847	4
1848	0
1849	3
1850	0
1851	1
1852	0
1853	2
1854	0
1855	3
1856	0
1857	3
1858	0
1859	2
1860	0
1861	1
1862	0
1863	2
1864	0
1865	1
1866	0
1867	1
1868	0
1869	2
1870	0
1871	2
1872	0
1873	1
1874	0
1875	1
1876	0
1877	2
1878	0
1879	2
1880	0
1881	2
1882	0
1883	2
1884	0
1885	2
1886	0
1887	2
1888	0
1889	2
1890	1
1891	3
1892	0
1893	3
1894	0
1895	2
1896	0
1897	1
1898	0
1899	2
1900	0
1901	3
1902	1
1903	4
1904	0
1905	4
1906	1
1907	3
1908	0
1909	2
1910	0
1911	2
1912	1
1913	4
1914	1
1915	4
1916	0
1917	4
1918	1
1919	3
1920	0
1921	3
1922	0
1923	2
1924	1
1925	2
1926	1
1927	2
1928	0
1929	2
1930	0
1931	2
1932	0
1933	3
1934	0
1935	3
1936	0
1937	2
1938	0
1939	2
1940	0
1941	2
1942	0
1943	2
1944	0
1945	2
1946	0
1947	1
1948	0
1949	2
1950	0
1951	2
1952	0
1953	2
1954	0
1955	1
1956	0
1957	2
1958	0
1959	2
1960	0
1961	1
1962	0
1963	2
1964	0
1965	2
1966	0
1967	3
1968	0
1969	2
1970	0
1971	1
1972	0
1973	1
1974	0
1975	2
1976	0
1977	3
1978	0
1979	3
1980	0
1981	2
1982	0
1983	1
1984	0
1985	2
1986	0
1987	2
1988	0
1989	2
1990	1
1991	1
1992	1
1993	1
1994	0
1995	2
1996	0
1997	2
1998	0
1999	2
