0	4
1	4
2	2
3	6
4	2
5	7
6	3
7	5
8	5
9	5
10	4
11	4
12	4
13	6
14	5
15	7
16	4
17	7
18	4
19	5
20	4
21	5
22	4
23	6
24	3
25	7
26	4
27	5
28	3
29	6
30	4
31	8
32	4
33	6
34	4
35	5
36	2
37	7
38	3
39	5
40	3
41	6
42	4
43	5
44	4
45	6
46	5
47	4
48	4
49	4
50	4
51	5
52	4
53	4
54	4
55	5
56	3
57	4
58	3
59	6
60	5
61	6
62	5
63	5
64	4
65	5
66	4
67	5
68	4
69	4
70	3
71	5
72	3
73	6
74	2
75	7
76	3
77	6
78	3
79	7
80	3
81	6
82	3
83	5
84	4
85	6
86	4
87	7
88	4
89	7
90	4
91	7
92	4
93	6
94	5
95	6
96	4
97	6
98	3
99	5
100	4
101	5
102	3
103	6
104	4
105	6
106	4
107	6
108	4
109	7
110	3
111	6
112	2
113	6
114	2
115	5
116	4
117	7
118	3
119	6
120	4
121	6
122	2
123	6
124	3
125	5
126	2
127	5
128	2
129	7
130	5
131	7
132	2
133	6
134	5
135	6
136	5
137	7
138	3
139	5
140	4
141	5
142	3
143	5
144	4
145	6
146	2
147	7
148	4
149	7
150	2
151	6
152	2
153	6
154	4
155	5
156	3
157	6
158	5
159	6
160	4
161	5
162	3
163	6
164	3
165	6
166	4
167	5
168	3
169	5
170	4
171	6
172	4
173	7
174	3
175	5
176	3
177	8
178	4
179	6
180	4
181	6
182	4
183	7
184	3
185	8
186	2
187	8
188	4
189	7
190	5
191	6
192	4
193	7
194	6
195	7
196	5
197	6
198	4
199	6
200	5
201	8
202	5
203	6
204	4
205	7
206	4
207	6
208	1
209	4
210	2
211	5
212	3
213	4
214	3
215	5
216	2
217	4
218	4
219	6
220	3
221	4
222	2
223	6
224	3
225	4
226	5
227	6
228	4
229	3
230	3
231	7
232	3
233	6
234	2
235	6
236	4
237	6
238	3
239	6
240	4
241	5
242	3
243	6
244	2
245	5
246	4
247	5
248	3
249	4
250	2
251	6
252	3
253	7
254	3
255	6
256	2
257	5
258	2
259	6
260	4
261	5
262	2
263	5
264	3
265	7
266	2
267	6
268	3
269	5
270	3
271	6
272	2
273	6
274	3
275	7
276	4
277	7
278	4
279	7
280	4
281	7
282	5
283	7
284	4
285	7
286	3
287	8
288	3
289	6
290	4
291	6
292	3
293	7
294	4
295	7
296	4
297	7
298	5
299	6
300	6
301	5
302	3
303	5
304	2
305	5
306	3
307	5
308	4
309	5
310	2
311	7
312	3
313	6
314	3
315	5
316	3
317	5
318	3
319	6
320	4
321	7
322	4
323	7
324	3
325	7
326	3
327	7
328	2
329	6
330	2
331	6
332	3
333	7
334	2
335	6
336	2
337	4
338	3
339	5
340	4
341	5
342	4
343	5
344	2
345	4
346	2
347	6
348	4
349	5
350	2
351	6
352	4
353	6
354	2
355	6
356	3
357	5
358	4
359	6
360	4
361	7
362	4
363	5
364	4
365	7
366	5
367	8
368	4
369	4
370	3
371	7
372	3
373	7
374	3
375	7
376	4
377	7
378	4
379	7
380	4
381	7
382	4
383	7
384	4
385	6
386	3
387	5
388	3
389	5
390	3
391	5
392	2
393	6
394	2
395	6
396	3
397	5
398	3
399	5
400	4
401	6
402	4
403	5
404	3
405	5
406	3
407	4
408	4
409	5
410	2
411	5
412	4
413	4
414	3
415	8
416	5
417	5
418	3
419	8
420	4
421	7
422	3
423	4
424	3
425	5
426	3
427	4
428	4
429	4
430	4
431	5
432	3
433	5
434	5
435	5
436	4
437	7
438	3
439	7
440	4
441	9
442	5
443	9
444	6
445	9
446	7
447	10
448	10
449	13
450	12
451	15
452	13
453	17
454	16
455	19
456	18
457	21
458	19
459	24
460	23
461	27
462	26
463	28
464	27
465	31
466	30
467	33
468	32
469	36
470	34
471	38
472	39
473	42
474	42
475	44
476	44
477	45
478	46
479	48
480	47
481	51
482	50
483	53
484	53
485	57
486	55
487	59
488	58
489	61
490	62
491	63
492	63
493	67
494	67
495	68
496	69
497	69
498	70
499	78
500	62
501	75
502	70
503	73
504	71
505	72
506	71
507	72
508	71
509	71
510	69
511	71
512	67
513	69
514	65
515	66
516	65
517	64
518	64
519	63
520	62
521	64
522	60
523	61
524	60
525	58
526	56
527	55
528	53
529	52
530	51
531	51
532	49
533	50
534	47
535	47
536	45
537	46
538	45
539	44
540	41
541	41
542	37
543	38
544	34
545	34
546	33
547	33
548	32
549	32
550	31
551	31
552	28
553	29
554	27
555	27
556	25
557	24
558	24
559	24
560	23
561	24
562	22
563	23
564	21
565	22
566	21
567	22
568	21
569	20
570	16
571	18
572	15
573	17
574	14
575	16
576	14
577	15
578	14
579	16
580	11
581	14
582	11
583	14
584	12
585	13
586	12
587	14
588	11
589	13
590	11
591	12
592	10
593	12
594	11
595	11
596	9
597	10
598	10
599	11
600	9
601	11
602	7
603	11
604	8
605	9
606	7
607	9
608	6
609	9
610	6
611	8
612	5
613	6
614	5
615	7
616	5
617	7
618	5
619	7
620	5
621	8
622	5
623	6
624	5
625	6
626	4
627	4
628	4
629	4
630	4
631	4
632	4
633	3
634	4
635	4
636	4
637	4
638	4
639	4
640	4
641	5
642	3
643	5
644	2
645	4
646	2
647	4
648	3
649	3
650	2
651	4
652	2
653	4
654	4
655	4
656	1
657	4
658	1
659	4
660	2
661	5
662	2
663	4
664	2
665	3
666	2
667	4
668	3
669	5
670	3
671	4
672	2
673	4
674	4
675	5
676	4
677	5
678	4
679	6
680	5
681	6
682	4
683	7
684	5
685	7
686	4
687	5
688	4
689	6
690	4
691	5
692	4
693	5
694	4
695	6
696	4
697	5
698	4
699	4
700	3
701	5
702	4
703	5
704	4
705	5
706	4
707	6
708	5
709	6
710	6
711	5
712	3
713	6
714	4
715	4
716	4
717	5
718	4
719	4
720	3
721	5
722	3
723	5
724	2
725	6
726	3
727	4
728	2
729	4
730	4
731	4
732	3
733	4
734	3
735	4
736	2
737	3
738	2
739	2
740	3
741	4
742	3
743	3
744	3
745	5
746	2
747	4
748	2
749	4
750	2
751	1
752	2
753	2
754	2
755	3
756	1
757	4
758	1
759	3
760	1
761	4
762	1
763	4
764	2
765	4
766	3
767	4
768	2
769	3
770	3
771	3
772	1
773	3
774	3
775	4
776	2
777	3
778	2
779	3
780	2
781	3
782	1
783	2
784	1
785	2
786	2
787	3
788	1
789	3
790	1
791	1
792	0
793	1
794	0
795	1
796	0
797	1
798	1
799	2
800	0
801	3
802	0
803	1
804	0
805	2
806	0
807	1
808	1
809	2
810	1
811	3
812	1
813	1
814	2
815	2
816	0
817	2
818	1
819	3
820	1
821	2
822	2
823	1
824	1
825	2
826	1
827	2
828	0
829	1
830	3
831	1
832	1
833	3
834	0
835	2
836	1
837	1
838	1
839	2
840	0
841	2
842	0
843	1
844	0
845	3
846	0
847	3
848	1
849	2
850	0
851	1
852	0
853	2
854	0
855	2
856	1
857	2
858	0
859	1
860	0
861	0
862	0
863	0
864	0
865	0
866	0
867	0
868	0
869	0
870	0
871	0
872	0
873	1
874	1
875	1
876	0
877	0
878	1
879	1
880	1
881	0
882	0
883	2
884	0
885	1
886	0
887	1
888	1
889	2
890	0
891	1
892	1
893	2
894	0
895	1
896	2
897	2
898	1
899	1
900	0
901	1
902	1
903	2
904	0
905	1
906	0
907	1
908	0
909	2
910	0
911	2
912	0
913	0
914	1
915	0
916	0
917	1
918	1
919	2
920	0
921	1
922	0
923	1
924	0
925	3
926	0
927	1
928	0
929	1
930	0
931	2
932	1
933	2
934	1
935	3
936	1
937	2
938	1
939	1
940	1
941	3
942	0
943	3
944	0
945	3
946	1
947	3
948	1
949	1
950	0
951	4
952	0
953	2
954	0
955	2
956	1
957	2
958	1
959	1
960	1
961	1
962	0
963	1
964	0
965	1
966	0
967	1
968	1
969	2
970	0
971	1
972	0
973	2
974	0
975	1
976	0
977	0
978	0
979	2
980	0
981	0
982	0
983	1
984	0
985	1
986	0
987	1
988	0
989	0
990	0
991	2
992	0
993	2
994	1
995	2
996	0
997	1
998	0
999	2
1000	0
1001	2
1002	1
1003	3
1004	0
1005	3
1006	0
1007	1
1008	0
1009	1
1010	0
1011	1
1012	0
1013	1
1014	0
1015	0
1016	0
1017	0
1018	0
1019	3
1020	0
1021	0
1022	0
1023	0
1024	0
1025	0
1026	0
1027	2
1028	0
1029	0
1030	0
1031	2
1032	0
1033	1
1034	0
1035	0
1036	0
1037	0
1038	0
1039	1
1040	0
1041	0
1042	1
1043	2
1044	0
1045	1
1046	1
1047	1
1048	0
1049	1
1050	0
1051	0
1052	0
1053	0
1054	0
1055	1
1056	0
1057	2
1058	0
1059	0
1060	0
1061	2
1062	0
1063	0
1064	1
1065	1
1066	1
1067	1
1068	0
1069	2
1070	0
1071	1
1072	1
1073	2
1074	0
1075	3
1076	0
1077	1
1078	0
1079	0
1080	0
1081	0
1082	0
1083	0
1084	0
1085	2
1086	0
1087	1
1088	1
1089	1
1090	1
1091	1
1092	1
1093	1
1094	1
1095	1
1096	0
1097	0
1098	0
1099	1
1100	0
1101	1
1102	1
1103	1
1104	1
1105	1
1106	0
1107	1
1108	0
1109	1
1110	0
1111	1
1112	1
1113	1
1114	0
1115	1
1116	0
1117	1
1118	0
1119	2
1120	0
1121	1
1122	0
1123	0
1124	0
1125	1
1126	0
1127	1
1128	0
1129	0
1130	0
1131	1
1132	0
1133	1
1134	0
1135	2
1136	0
1137	3
1138	0
1139	2
1140	0
1141	2
1142	0
1143	2
1144	1
1145	2
1146	0
1147	0
1148	0
1149	1
1150	2
1151	2
1152	1
1153	2
1154	0
1155	1
1156	1
1157	2
1158	2
1159	2
1160	1
1161	1
1162	1
1163	1
1164	2
1165	1
1166	1
1167	3
1168	2
1169	4
1170	2
1171	3
1172	2
1173	3
1174	2
1175	3
1176	1
1177	2
1178	2
1179	3
1180	1
1181	4
1182	2
1183	4
1184	1
1185	3
1186	2
1187	2
1188	2
1189	3
1190	1
1191	3
1192	1
1193	2
1194	1
1195	3
1196	1
1197	3
1198	3
1199	3
1200	2
1201	3
1202	2
1203	2
1204	2
1205	3
1206	1
1207	3
1208	3
1209	2
1210	1
1211	4
1212	1
1213	3
1214	0
1215	3
1216	0
1217	1
1218	1
1219	1
1220	1
1221	1
1222	1
1223	2
1224	1
1225	1
1226	0
1227	1
1228	1
1229	1
1230	1
1231	1
1232	0
1233	1
1234	1
1235	2
1236	0
1237	2
1238	1
1239	3
1240	1
1241	2
1242	1
1243	3
1244	0
1245	3
1246	1
1247	2
1248	1
1249	1
1250	1
1251	2
1252	1
1253	2
1254	0
1255	2
1256	0
1257	3
1258	1
1259	1
1260	1
1261	1
1262	0
1263	2
1264	0
1265	1
1266	1
1267	1
1268	0
1269	1
1270	0
1271	1
1272	0
1273	1
1274	0
1275	2
1276	0
1277	1
1278	0
1279	2
1280	0
1281	2
1282	0
1283	2
1284	0
1285	2
1286	0
1287	1
1288	0
1289	1
1290	0
1291	3
1292	0
1293	1
1294	0
1295	1
1296	0
1297	2
1298	1
1299	1
1300	1
1301	3
1302	1
1303	2
1304	0
1305	2
1306	0
1307	1
1308	0
1309	2
1310	0
1311	2
1312	1
1313	0
1314	0
1315	1
1316	0
1317	2
1318	0
1319	2
1320	0
1321	2
1322	0
1323	1
1324	1
1325	0
1326	0
1327	3
1328	0
1329	1
1330	0
1331	2
1332	1
1333	2
1334	0
1335	3
1336	1
1337	2
1338	0
1339	2
1340	1
1341	1
1342	0
1343	1
1344	1
1345	1
1346	0
1347	1
1348	0
1349	1
1350	0
1351	2
1352	1
1353	2
1354	0
1355	0
1356	0
1357	1
1358	0
1359	1
1360	2
1361	2
1362	0
1363	1
1364	1
1365	2
1366	1
1367	2
1368	1
1369	1
1370	1
1371	2
1372	0
1373	1
1374	0
1375	2
1376	1
1377	2
1378	0
1379	1
1380	1
1381	2
1382	0
1383	1
1384	1
1385	1
1386	0
1387	3
1388	1
1389	4
1390	1
1391	2
1392	0
1393	1
1394	1
1395	2
1396	0
1397	0
1398	0
1399	1
1400	0
1401	1
1402	1
1403	0
1404	0
1405	1
1406	0
1407	1
1408	0
1409	1
1410	0
1411	2
1412	0
1413	0
1414	0
1415	1
1416	0
1417	1
1418	0
1419	1
1420	0
1421	1
1422	0
1423	2
1424	0
1425	2
1426	0
1427	1
1428	0
1429	1
1430	0
1431	0
1432	0
1433	1
1434	1
1435	2
1436	0
1437	3
1438	1
1439	2
1440	0
1441	2
1442	1
1443	2
1444	1
1445	1
1446	1
1447	1
1448	2
1449	2
1450	1
1451	1
1452	1
1453	2
1454	1
1455	1
1456	0
1457	2
1458	1
1459	1
1460	1
1461	2
1462	0
1463	1
1464	1
1465	2
1466	0
1467	3
1468	0
1469	1
1470	0
1471	2
1472	1
1473	1
1474	1
1475	2
1476	1
1477	1
1478	0
1479	1
1480	1
1481	1
1482	1
1483	1
1484	1
1485	2
1486	1
1487	2
1488	0
1489	2
1490	2
1491	1
1492	0
1493	1
1494	1
1495	2
1496	2
1497	2
1498	1
1499	2
1500	0
1501	2
1502	1
1503	1
1504	0
1505	2
1506	0
1507	2
1508	1
1509	3
1510	0
1511	2
1512	0
1513	2
1514	0
1515	1
1516	0
1517	2
1518	1
1519	1
1520	0
1521	2
1522	2
1523	2
1524	1
1525	1
1526	1
1527	2
1528	1
1529	2
1530	0
1531	2
1532	0
1533	2
1534	0
1535	2
1536	1
1537	2
1538	0
1539	1
1540	1
1541	2
1542	0
1543	3
1544	1
1545	2
1546	1
1547	2
1548	0
1549	2
1550	1
1551	3
1552	2
1553	1
1554	0
1555	2
1556	0
1557	3
1558	1
1559	3
1560	0
1561	1
1562	1
1563	3
1564	1
1565	1
1566	1
1567	1
1568	0
1569	2
1570	0
1571	2
1572	1
1573	3
1574	0
1575	4
1576	0
1577	3
1578	1
1579	3
1580	0
1581	3
1582	0
1583	3
1584	1
1585	2
1586	0
1587	1
1588	0
1589	1
1590	0
1591	1
1592	0
1593	1
1594	0
1595	2
1596	1
1597	2
1598	0
1599	1
1600	1
1601	0
1602	0
1603	2
1604	1
1605	4
1606	1
1607	2
1608	1
1609	3
1610	0
1611	1
1612	0
1613	2
1614	0
1615	4
1616	0
1617	2
1618	0
1619	3
1620	1
1621	2
1622	1
1623	3
1624	1
1625	4
1626	2
1627	3
1628	2
1629	3
1630	1
1631	2
1632	1
1633	1
1634	1
1635	3
1636	0
1637	2
1638	0
1639	3
1640	0
1641	2
1642	1
1643	2
1644	0
1645	2
1646	1
1647	3
1648	1
1649	2
1650	0
1651	2
1652	1
1653	2
1654	1
1655	3
1656	2
1657	4
1658	1
1659	3
1660	1
1661	2
1662	1
1663	2
1664	1
1665	2
1666	0
1667	1
1668	1
1669	3
1670	1
1671	2
1672	0
1673	3
1674	0
1675	1
1676	0
1677	3
1678	1
1679	2
1680	1
1681	2
1682	0
1683	2
1684	0
1685	2
1686	1
1687	1
1688	0
1689	2
1690	0
1691	1
1692	0
1693	1
1694	0
1695	1
1696	1
1697	1
1698	1
1699	2
1700	0
1701	2
1702	0
1703	2
1704	1
1705	3
1706	0
1707	2
1708	0
1709	3
1710	2
1711	2
1712	2
1713	3
1714	2
1715	4
1716	1
1717	3
1718	1
1719	5
1720	2
1721	4
1722	2
1723	5
1724	1
1725	3
1726	0
1727	4
1728	1
1729	3
1730	0
1731	3
1732	0
1733	2
1734	1
1735	1
1736	0
1737	1
1738	0
1739	1
1740	0
1741	1
1742	0
1743	3
1744	0
1745	3
1746	1
1747	3
1748	0
1749	1
1750	1
1751	3
1752	1
1753	4
1754	1
1755	4
1756	1
1757	3
1758	1
1759	3
1760	2
1761	3
1762	2
1763	3
1764	0
1765	3
1766	2
1767	4
1768	1
1769	4
1770	2
1771	3
1772	1
1773	1
1774	2
1775	1
1776	1
1777	2
1778	1
1779	2
1780	0
1781	3
1782	1
1783	4
1784	1
1785	3
1786	1
1787	2
1788	0
1789	3
1790	1
1791	3
1792	0
1793	3
1794	0
1795	3
1796	0
1797	3
1798	0
1799	2
1800	0
1801	3
1802	1
1803	3
1804	2
1805	3
1806	1
1807	3
1808	0
1809	2
1810	1
1811	3
1812	0
1813	3
1814	1
1815	3
1816	0
1817	4
1818	1
1819	4
1820	1
1821	3
1822	1
1823	3
1824	2
1825	3
1826	1
1827	2
1828	0
1829	2
1830	0
1831	3
1832	0
1833	3
1834	0
1835	4
1836	1
1837	3
1838	0
1839	3
1840	1
1841	5
1842	1
1843	3
1844	0
1845	2
1846	1
1847	3
1848	1
1849	3
1850	1
1851	1
1852	0
1853	1
1854	0
1855	2
1856	0
1857	2
1858	0
1859	1
1860	0
1861	2
1862	0
1863	2
1864	0
1865	2
1866	0
1867	2
1868	1
1869	3
1870	1
1871	3
1872	0
1873	2
1874	2
1875	3
1876	1
1877	3
1878	1
1879	4
1880	0
1881	4
1882	2
1883	4
1884	0
1885	5
1886	3
1887	4
1888	2
1889	3
1890	1
1891	4
1892	1
1893	3
1894	1
1895	2
1896	1
1897	2
1898	2
1899	2
1900	1
1901	3
1902	0
1903	3
1904	0
1905	4
1906	1
1907	3
1908	1
1909	4
1910	2
1911	4
1912	1
1913	2
1914	1
1915	3
1916	1
1917	1
1918	1
1919	2
1920	0
1921	2
1922	1
1923	4
1924	0
1925	3
1926	2
1927	4
1928	1
1929	3
1930	2
1931	3
1932	1
1933	2
1934	1
1935	4
1936	1
1937	2
1938	1
1939	1
1940	0
1941	2
1942	0
1943	3
1944	0
1945	3
1946	0
1947	3
1948	0
1949	2
1950	1
1951	2
1952	0
1953	1
1954	1
1955	2
1956	0
1957	1
1958	0
1959	3
1960	0
1961	3
1962	1
1963	3
1964	2
1965	3
1966	1
1967	2
1968	1
1969	4
1970	1
1971	5
1972	1
1973	4
1974	2
1975	2
1976	0
1977	3
1978	0
1979	3
1980	2
1981	4
1982	1
1983	3
1984	2
1985	4
1986	0
1987	4
1988	1
1989	3
1990	1
1991	2
1992	1
1993	4
1994	1
1995	3
1996	1
1997	5
1998	1
1999	3
