0	2
1	4
2	0
3	6
4	2
5	5
6	2
7	4
8	1
9	4
10	2
11	3
12	2
13	4
14	4
15	3
16	2
17	3
18	2
19	4
20	2
21	5
22	1
23	5
24	3
25	4
26	3
27	4
28	1
29	4
30	1
31	4
32	2
33	4
34	2
35	6
36	2
37	4
38	2
39	6
40	1
41	6
42	2
43	5
44	3
45	5
46	2
47	6
48	3
49	5
50	3
51	5
52	2
53	5
54	2
55	5
56	2
57	4
58	1
59	4
60	1
61	4
62	2
63	5
64	1
65	4
66	1
67	5
68	2
69	4
70	2
71	4
72	3
73	5
74	1
75	5
76	1
77	4
78	0
79	4
80	1
81	3
82	1
83	4
84	2
85	3
86	2
87	4
88	2
89	4
90	3
91	4
92	1
93	4
94	2
95	4
96	2
97	4
98	2
99	6
100	1
101	5
102	2
103	5
104	3
105	4
106	3
107	4
108	3
109	4
110	2
111	5
112	1
113	6
114	1
115	3
116	2
117	5
118	2
119	3
120	1
121	4
122	3
123	5
124	3
125	5
126	1
127	4
128	1
129	6
130	2
131	5
132	1
133	4
134	2
135	2
136	1
137	3
138	1
139	5
140	1
141	3
142	2
143	4
144	2
145	4
146	3
147	4
148	2
149	5
150	3
151	5
152	3
153	5
154	3
155	4
156	3
157	5
158	4
159	4
160	2
161	5
162	1
163	4
164	2
165	4
166	2
167	5
168	2
169	4
170	1
171	3
172	0
173	5
174	0
175	5
176	2
177	4
178	2
179	4
180	1
181	4
182	1
183	5
184	0
185	4
186	3
187	4
188	1
189	4
190	1
191	6
192	3
193	5
194	2
195	5
196	1
197	6
198	3
199	5
200	2
201	6
202	2
203	6
204	4
205	5
206	4
207	4
208	2
209	4
210	2
211	3
212	2
213	5
214	2
215	4
216	1
217	3
218	1
219	4
220	2
221	4
222	1
223	5
224	2
225	5
226	1
227	4
228	3
229	4
230	2
231	5
232	3
233	4
234	1
235	4
236	1
237	5
238	1
239	5
240	4
241	5
242	3
243	4
244	2
245	6
246	3
247	5
248	3
249	7
250	2
251	5
252	2
253	5
254	3
255	4
256	2
257	5
258	2
259	4
260	2
261	5
262	3
263	4
264	2
265	4
266	1
267	3
268	1
269	4
270	1
271	3
272	2
273	4
274	3
275	4
276	2
277	4
278	1
279	3
280	2
281	4
282	3
283	3
284	3
285	4
286	2
287	4
288	2
289	4
290	2
291	4
292	2
293	3
294	3
295	5
296	3
297	5
298	3
299	4
300	3
301	4
302	4
303	4
304	2
305	3
306	2
307	4
308	1
309	4
310	3
311	5
312	2
313	5
314	1
315	6
316	2
317	5
318	3
319	5
320	2
321	6
322	2
323	8
324	2
325	6
326	2
327	4
328	2
329	4
330	1
331	5
332	1
333	6
334	2
335	7
336	2
337	3
338	1
339	5
340	2
341	4
342	2
343	3
344	1
345	5
346	2
347	4
348	2
349	4
350	2
351	4
352	2
353	6
354	1
355	3
356	1
357	3
358	3
359	4
360	1
361	3
362	2
363	4
364	2
365	4
366	2
367	4
368	1
369	5
370	2
371	4
372	2
373	7
374	3
375	5
376	1
377	4
378	1
379	5
380	1
381	4
382	2
383	5
384	2
385	5
386	2
387	4
388	1
389	4
390	1
391	5
392	2
393	4
394	1
395	3
396	2
397	5
398	1
399	5
400	2
401	4
402	1
403	5
404	2
405	4
406	2
407	4
408	3
409	4
410	3
411	5
412	2
413	4
414	3
415	5
416	3
417	5
418	2
419	5
420	2
421	5
422	3
423	3
424	2
425	4
426	0
427	3
428	1
429	4
430	1
431	4
432	1
433	5
434	0
435	4
436	1
437	4
438	2
439	5
440	4
441	5
442	5
443	9
444	7
445	9
446	8
447	11
448	13
449	15
450	14
451	17
452	18
453	20
454	21
455	25
456	25
457	30
458	31
459	33
460	34
461	39
462	40
463	41
464	43
465	45
466	46
467	49
468	49
469	52
470	51
471	55
472	54
473	56
474	56
475	57
476	57
477	59
478	58
479	61
480	60
481	63
482	61
483	65
484	63
485	67
486	65
487	69
488	66
489	68
490	66
491	68
492	68
493	67
494	69
495	71
496	72
497	73
498	73
499	78
500	62
501	71
502	68
503	69
504	68
505	69
506	68
507	70
508	65
509	67
510	63
511	65
512	62
513	63
514	60
515	61
516	58
517	59
518	57
519	57
520	54
521	53
522	51
523	52
524	48
525	49
526	46
527	47
528	46
529	46
530	43
531	45
532	40
533	42
534	39
535	38
536	36
537	34
538	33
539	33
540	30
541	31
542	29
543	30
544	28
545	27
546	27
547	26
548	25
549	26
550	24
551	25
552	22
553	23
554	22
555	22
556	20
557	21
558	18
559	19
560	17
561	18
562	16
563	16
564	14
565	16
566	13
567	14
568	12
569	12
570	10
571	11
572	9
573	9
574	8
575	9
576	6
577	9
578	6
579	8
580	5
581	8
582	6
583	8
584	6
585	6
586	4
587	5
588	4
589	5
590	5
591	6
592	4
593	6
594	4
595	5
596	4
597	5
598	4
599	4
600	3
601	4
602	2
603	5
604	2
605	5
606	2
607	4
608	2
609	4
610	2
611	4
612	2
613	3
614	2
615	3
616	1
617	3
618	1
619	3
620	2
621	3
622	1
623	3
624	1
625	3
626	0
627	2
628	0
629	1
630	0
631	2
632	0
633	1
634	0
635	2
636	0
637	4
638	0
639	1
640	0
641	1
642	0
643	1
644	0
645	1
646	0
647	2
648	0
649	1
650	1
651	1
652	0
653	2
654	0
655	1
656	1
657	2
658	1
659	1
660	1
661	1
662	0
663	1
664	1
665	1
666	1
667	0
668	1
669	1
670	2
671	1
672	1
673	1
674	0
675	2
676	0
677	1
678	0
679	1
680	0
681	1
682	0
683	3
684	0
685	2
686	0
687	1
688	0
689	2
690	1
691	2
692	0
693	2
694	1
695	4
696	0
697	3
698	1
699	2
700	0
701	2
702	0
703	2
704	1
705	3
706	1
707	2
708	1
709	3
710	2
711	3
712	2
713	2
714	3
715	4
716	2
717	2
718	2
719	2
720	1
721	2
722	2
723	1
724	1
725	1
726	1
727	2
728	0
729	1
730	0
731	2
732	0
733	3
734	0
735	2
736	0
737	4
738	1
739	2
740	0
741	3
742	0
743	2
744	0
745	2
746	0
747	1
748	0
749	1
750	0
751	2
752	0
753	1
754	0
755	1
756	1
757	2
758	1
759	2
760	0
761	2
762	1
763	1
764	0
765	1
766	1
767	0
768	1
769	2
770	0
771	2
772	0
773	1
774	0
775	2
776	0
777	1
778	0
779	1
780	0
781	0
782	0
783	0
784	0
785	0
786	0
787	2
788	0
789	1
790	0
791	1
792	0
793	2
794	1
795	1
796	0
797	1
798	0
799	2
800	0
801	2
802	0
803	0
804	0
805	1
806	0
807	0
808	0
809	1
810	0
811	0
812	0
813	1
814	0
815	1
816	0
817	1
818	0
819	1
820	0
821	1
822	0
823	1
824	0
825	1
826	0
827	1
828	0
829	2
830	0
831	1
832	1
833	2
834	1
835	2
836	0
837	3
838	1
839	2
840	0
841	2
842	0
843	3
844	1
845	3
846	1
847	3
848	0
849	2
850	1
851	2
852	0
853	2
854	0
855	2
856	0
857	1
858	0
859	0
860	0
861	1
862	0
863	1
864	0
865	0
866	0
867	1
868	0
869	0
870	0
871	0
872	0
873	0
874	0
875	0
876	0
877	0
878	0
879	0
880	0
881	0
882	0
883	0
884	0
885	1
886	0
887	0
888	0
889	0
890	0
891	0
892	0
893	0
894	0
895	1
896	0
897	1
898	0
899	0
900	0
901	0
902	0
903	0
904	0
905	1
906	0
907	0
908	0
909	0
910	0
911	1
912	0
913	0
914	0
915	0
916	0
917	1
918	0
919	0
920	0
921	0
922	0
923	1
924	0
925	1
926	0
927	0
928	0
929	0
930	0
931	1
932	1
933	1
934	1
935	1
936	1
937	1
938	0
939	1
940	0
941	2
942	1
943	3
944	1
945	3
946	1
947	2
948	2
949	3
950	2
951	2
952	2
953	3
954	2
955	3
956	2
957	3
958	2
959	3
960	3
961	3
962	3
963	3
964	1
965	3
966	2
967	2
968	2
969	3
970	2
971	2
972	2
973	2
974	4
975	2
976	2
977	2
978	1
979	2
980	2
981	2
982	1
983	1
984	1
985	3
986	1
987	2
988	1
989	2
990	0
991	3
992	1
993	2
994	1
995	2
996	0
997	0
998	0
999	1
1000	0
1001	0
1002	0
1003	1
1004	0
1005	0
1006	0
1007	0
1008	0
1009	0
1010	0
1011	1
1012	0
1013	0
1014	0
1015	0
1016	1
1017	0
1018	0
1019	0
1020	0
1021	1
1022	0
1023	1
1024	0
1025	1
1026	0
1027	1
1028	0
1029	1
1030	0
1031	1
1032	0
1033	1
1034	0
1035	1
1036	0
1037	0
1038	0
1039	1
1040	0
1041	0
1042	0
1043	1
1044	0
1045	2
1046	0
1047	1
1048	0
1049	1
1050	0
1051	0
1052	0
1053	1
1054	1
1055	2
1056	1
1057	1
1058	0
1059	1
1060	0
1061	1
1062	1
1063	1
1064	1
1065	1
1066	0
1067	2
1068	1
1069	1
1070	0
1071	1
1072	1
1073	0
1074	0
1075	1
1076	0
1077	1
1078	0
1079	1
1080	0
1081	1
1082	0
1083	1
1084	0
1085	0
1086	0
1087	0
1088	0
1089	0
1090	0
1091	0
1092	0
1093	1
1094	0
1095	1
1096	0
1097	1
1098	0
1099	1
1100	0
1101	0
1102	0
1103	1
1104	0
1105	0
1106	0
1107	0
1108	0
1109	0
1110	0
1111	1
1112	0
1113	0
1114	0
1115	1
1116	0
1117	0
1118	0
1119	0
1120	0
1121	0
1122	0
1123	0
1124	0
1125	0
1126	0
1127	0
1128	0
1129	0
1130	0
1131	0
1132	0
1133	0
1134	0
1135	0
1136	0
1137	0
1138	0
1139	0
1140	0
1141	1
1142	0
1143	1
1144	0
1145	1
1146	0
1147	0
1148	0
1149	1
1150	0
1151	2
1152	0
1153	1
1154	0
1155	0
1156	0
1157	1
1158	0
1159	1
1160	0
1161	2
1162	0
1163	1
1164	0
1165	1
1166	0
1167	1
1168	0
1169	1
1170	1
1171	1
1172	0
1173	0
1174	0
1175	1
1176	0
1177	1
1178	0
1179	0
1180	0
1181	2
1182	0
1183	1
1184	0
1185	1
1186	0
1187	0
1188	0
1189	1
1190	0
1191	1
1192	0
1193	1
1194	1
1195	0
1196	0
1197	0
1198	0
1199	1
1200	1
1201	2
1202	0
1203	2
1204	1
1205	1
1206	0
1207	1
1208	0
1209	2
1210	0
1211	2
1212	0
1213	1
1214	0
1215	0
1216	0
1217	0
1218	0
1219	0
1220	0
1221	0
1222	0
1223	0
1224	0
1225	0
1226	0
1227	1
1228	0
1229	1
1230	0
1231	0
1232	0
1233	0
1234	0
1235	0
1236	0
1237	0
1238	0
1239	1
1240	0
1241	0
1242	0
1243	1
1244	0
1245	0
1246	0
1247	0
1248	0
1249	1
1250	0
1251	1
1252	1
1253	1
1254	0
1255	2
1256	0
1257	1
1258	0
1259	1
1260	0
1261	1
1262	0
1263	2
1264	0
1265	0
1266	0
1267	1
1268	0
1269	0
1270	0
1271	1
1272	0
1273	1
1274	0
1275	1
1276	0
1277	1
1278	1
1279	1
1280	0
1281	1
1282	0
1283	1
1284	0
1285	1
1286	0
1287	1
1288	0
1289	1
1290	0
1291	1
1292	0
1293	1
1294	0
1295	0
1296	0
1297	0
1298	0
1299	2
1300	0
1301	2
1302	0
1303	1
1304	0
1305	2
1306	0
1307	1
1308	0
1309	0
1310	0
1311	0
1312	0
1313	0
1314	1
1315	0
1316	0
1317	0
1318	0
1319	1
1320	1
1321	1
1322	0
1323	1
1324	0
1325	1
1326	0
1327	0
1328	0
1329	1
1330	0
1331	0
1332	0
1333	0
1334	0
1335	1
1336	0
1337	1
1338	0
1339	0
1340	0
1341	0
1342	0
1343	1
1344	0
1345	1
1346	0
1347	1
1348	0
1349	1
1350	0
1351	0
1352	0
1353	0
1354	0
1355	2
1356	0
1357	1
1358	0
1359	1
1360	1
1361	0
1362	0
1363	1
1364	1
1365	1
1366	1
1367	2
1368	1
1369	1
1370	1
1371	2
1372	0
1373	2
1374	0
1375	1
1376	1
1377	2
1378	0
1379	1
1380	1
1381	2
1382	1
1383	1
1384	0
1385	2
1386	0
1387	1
1388	1
1389	2
1390	0
1391	2
1392	0
1393	1
1394	1
1395	1
1396	1
1397	0
1398	0
1399	0
1400	0
1401	2
1402	1
1403	1
1404	0
1405	2
1406	0
1407	2
1408	0
1409	1
1410	0
1411	2
1412	0
1413	2
1414	1
1415	1
1416	0
1417	1
1418	0
1419	1
1420	1
1421	0
1422	0
1423	1
1424	0
1425	1
1426	0
1427	0
1428	0
1429	0
1430	0
1431	1
1432	0
1433	1
1434	0
1435	0
1436	0
1437	2
1438	0
1439	1
1440	0
1441	0
1442	0
1443	0
1444	0
1445	0
1446	0
1447	0
1448	0
1449	1
1450	1
1451	1
1452	1
1453	0
1454	2
1455	1
1456	1
1457	1
1458	0
1459	1
1460	0
1461	0
1462	0
1463	2
1464	0
1465	2
1466	0
1467	2
1468	1
1469	3
1470	0
1471	1
1472	0
1473	2
1474	0
1475	1
1476	0
1477	2
1478	0
1479	2
1480	0
1481	1
1482	0
1483	0
1484	1
1485	1
1486	0
1487	1
1488	0
1489	0
1490	0
1491	0
1492	0
1493	1
1494	0
1495	0
1496	0
1497	1
1498	0
1499	1
1500	0
1501	2
1502	0
1503	1
1504	0
1505	1
1506	0
1507	2
1508	2
1509	2
1510	0
1511	2
1512	1
1513	1
1514	0
1515	1
1516	0
1517	2
1518	1
1519	3
1520	0
1521	3
1522	1
1523	1
1524	1
1525	1
1526	1
1527	2
1528	1
1529	2
1530	1
1531	1
1532	1
1533	1
1534	1
1535	1
1536	1
1537	2
1538	1
1539	2
1540	0
1541	1
1542	0
1543	1
1544	0
1545	2
1546	0
1547	1
1548	0
1549	1
1550	0
1551	0
1552	1
1553	0
1554	0
1555	2
1556	0
1557	1
1558	0
1559	0
1560	1
1561	1
1562	0
1563	1
1564	0
1565	2
1566	1
1567	1
1568	1
1569	2
1570	0
1571	1
1572	0
1573	2
1574	1
1575	2
1576	1
1577	2
1578	0
1579	2
1580	1
1581	1
1582	2
1583	3
1584	1
1585	2
1586	1
1587	3
1588	1
1589	2
1590	1
1591	1
1592	1
1593	2
1594	1
1595	2
1596	0
1597	2
1598	0
1599	1
1600	0
1601	1
1602	0
1603	1
1604	0
1605	2
1606	0
1607	2
1608	0
1609	1
1610	0
1611	1
1612	0
1613	1
1614	0
1615	2
1616	0
1617	2
1618	1
1619	1
1620	0
1621	1
1622	0
1623	1
1624	0
1625	2
1626	0
1627	1
1628	0
1629	1
1630	1
1631	1
1632	1
1633	2
1634	1
1635	0
1636	0
1637	1
1638	1
1639	3
1640	0
1641	2
1642	0
1643	0
1644	1
1645	2
1646	0
1647	3
1648	0
1649	2
1650	0
1651	2
1652	0
1653	1
1654	0
1655	1
1656	0
1657	2
1658	0
1659	1
1660	0
1661	1
1662	0
1663	1
1664	0
1665	2
1666	0
1667	1
1668	0
1669	1
1670	0
1671	1
1672	1
1673	1
1674	0
1675	2
1676	0
1677	0
1678	0
1679	2
1680	0
1681	1
1682	1
1683	2
1684	0
1685	2
1686	0
1687	2
1688	0
1689	2
1690	0
1691	3
1692	0
1693	3
1694	0
1695	1
1696	0
1697	0
1698	0
1699	1
1700	1
1701	1
1702	1
1703	1
1704	1
1705	1
1706	0
1707	1
1708	1
1709	1
1710	1
1711	1
1712	1
1713	2
1714	0
1715	1
1716	0
1717	1
1718	0
1719	1
1720	1
1721	2
1722	1
1723	1
1724	1
1725	2
1726	2
1727	3
1728	2
1729	3
1730	2
1731	4
1732	2
1733	3
1734	2
1735	3
1736	1
1737	4
1738	2
1739	4
1740	2
1741	4
1742	2
1743	4
1744	2
1745	4
1746	3
1747	4
1748	2
1749	3
1750	3
1751	4
1752	2
1753	3
1754	2
1755	4
1756	1
1757	3
1758	1
1759	3
1760	2
1761	4
1762	1
1763	3
1764	2
1765	2
1766	2
1767	4
1768	2
1769	4
1770	2
1771	3
1772	1
1773	3
1774	1
1775	2
1776	1
1777	1
1778	1
1779	1
1780	0
1781	2
1782	0
1783	1
1784	1
1785	2
1786	1
1787	2
1788	1
1789	3
1790	1
1791	2
1792	2
1793	3
1794	3
1795	4
1796	2
1797	4
1798	1
1799	3
1800	3
1801	4
1802	3
1803	3
1804	2
1805	4
1806	2
1807	3
1808	2
1809	3
1810	3
1811	4
1812	3
1813	3
1814	3
1815	4
1816	2
1817	5
1818	3
1819	4
1820	3
1821	3
1822	1
1823	4
1824	2
1825	4
1826	2
1827	4
1828	2
1829	3
1830	2
1831	3
1832	2
1833	4
1834	2
1835	3
1836	2
1837	2
1838	2
1839	2
1840	2
1841	2
1842	1
1843	2
1844	1
1845	2
1846	2
1847	2
1848	0
1849	2
1850	0
1851	3
1852	0
1853	4
1854	2
1855	3
1856	1
1857	4
1858	2
1859	4
1860	2
1861	2
1862	3
1863	3
1864	3
1865	4
1866	2
1867	3
1868	2
1869	3
1870	2
1871	4
1872	3
1873	3
1874	3
1875	4
1876	1
1877	3
1878	1
1879	2
1880	1
1881	3
1882	1
1883	3
1884	1
1885	2
1886	0
1887	2
1888	1
1889	2
1890	1
1891	3
1892	0
1893	3
1894	0
1895	1
1896	1
1897	3
1898	0
1899	3
1900	1
1901	3
1902	0
1903	2
1904	0
1905	2
1906	0
1907	2
1908	0
1909	3
1910	1
1911	4
1912	0
1913	3
1914	1
1915	1
1916	2
1917	2
1918	1
1919	3
1920	1
1921	1
1922	0
1923	3
1924	1
1925	2
1926	0
1927	2
1928	0
1929	1
1930	0
1931	3
1932	1
1933	3
1934	1
1935	3
1936	1
1937	3
1938	1
1939	4
1940	0
1941	3
1942	1
1943	1
1944	0
1945	2
1946	0
1947	2
1948	0
1949	1
1950	0
1951	2
1952	1
1953	2
1954	0
1955	2
1956	0
1957	2
1958	1
1959	2
1960	0
1961	1
1962	0
1963	3
1964	1
1965	3
1966	0
1967	2
1968	0
1969	1
1970	1
1971	2
1972	0
1973	2
1974	0
1975	2
1976	0
1977	2
1978	1
1979	2
1980	0
1981	2
1982	1
1983	0
1984	0
1985	1
1986	0
1987	1
1988	0
1989	2
1990	0
1991	1
1992	0
1993	1
1994	2
1995	1
1996	1
1997	1
1998	0
1999	2
