0	3
1	4
2	3
3	3
4	3
5	3
6	3
7	4
8	4
9	3
10	2
11	4
12	2
13	4
14	1
15	4
16	1
17	5
18	3
19	6
20	3
21	5
22	2
23	4
24	2
25	4
26	3
27	5
28	3
29	4
30	2
31	4
32	2
33	4
34	1
35	4
36	2
37	5
38	2
39	6
40	1
41	5
42	2
43	5
44	2
45	4
46	1
47	4
48	3
49	4
50	2
51	7
52	2
53	6
54	1
55	6
56	3
57	5
58	3
59	2
60	2
61	4
62	2
63	4
64	2
65	3
66	1
67	4
68	2
69	3
70	1
71	4
72	2
73	3
74	1
75	4
76	1
77	4
78	1
79	4
80	1
81	3
82	2
83	5
84	2
85	4
86	2
87	4
88	3
89	4
90	4
91	4
92	2
93	4
94	2
95	5
96	2
97	4
98	2
99	5
100	3
101	4
102	2
103	5
104	3
105	6
106	3
107	6
108	5
109	6
110	3
111	6
112	3
113	4
114	2
115	6
116	3
117	5
118	2
119	5
120	3
121	5
122	3
123	4
124	4
125	5
126	3
127	4
128	3
129	4
130	2
131	5
132	3
133	5
134	3
135	4
136	3
137	6
138	3
139	4
140	3
141	6
142	4
143	6
144	4
145	4
146	4
147	4
148	2
149	6
150	3
151	4
152	3
153	4
154	1
155	4
156	2
157	5
158	1
159	4
160	1
161	5
162	3
163	5
164	2
165	4
166	1
167	4
168	2
169	4
170	1
171	4
172	3
173	3
174	2
175	3
176	2
177	4
178	2
179	4
180	4
181	4
182	3
183	5
184	2
185	5
186	3
187	4
188	1
189	6
190	2
191	6
192	2
193	6
194	3
195	4
196	2
197	5
198	1
199	4
200	2
201	5
202	3
203	4
204	2
205	3
206	1
207	4
208	1
209	4
210	2
211	5
212	3
213	6
214	2
215	7
216	3
217	4
218	3
219	6
220	3
221	4
222	3
223	6
224	3
225	6
226	4
227	5
228	3
229	3
230	3
231	4
232	4
233	4
234	4
235	4
236	3
237	5
238	3
239	5
240	3
241	6
242	2
243	6
244	3
245	6
246	3
247	6
248	2
249	4
250	2
251	4
252	2
253	4
254	2
255	2
256	2
257	4
258	2
259	4
260	2
261	4
262	0
263	4
264	1
265	3
266	0
267	5
268	2
269	4
270	2
271	5
272	2
273	4
274	2
275	4
276	0
277	4
278	2
279	4
280	3
281	5
282	1
283	5
284	2
285	4
286	4
287	6
288	1
289	4
290	3
291	4
292	3
293	4
294	1
295	3
296	3
297	5
298	3
299	4
300	3
301	4
302	2
303	4
304	1
305	4
306	3
307	5
308	2
309	6
310	3
311	5
312	1
313	5
314	2
315	4
316	2
317	4
318	3
319	5
320	2
321	3
322	1
323	3
324	1
325	4
326	2
327	3
328	3
329	4
330	2
331	5
332	2
333	5
334	2
335	6
336	2
337	4
338	1
339	4
340	1
341	3
342	1
343	4
344	3
345	5
346	2
347	4
348	0
349	3
350	1
351	3
352	2
353	4
354	1
355	6
356	1
357	5
358	3
359	5
360	3
361	4
362	2
363	6
364	3
365	4
366	2
367	5
368	2
369	5
370	2
371	4
372	2
373	5
374	1
375	5
376	3
377	4
378	3
379	4
380	3
381	5
382	3
383	5
384	3
385	5
386	2
387	5
388	3
389	4
390	3
391	6
392	1
393	5
394	2
395	4
396	2
397	4
398	2
399	3
400	1
401	4
402	2
403	3
404	1
405	4
406	0
407	4
408	2
409	6
410	1
411	4
412	2
413	7
414	2
415	7
416	3
417	8
418	2
419	7
420	2
421	6
422	1
423	4
424	1
425	5
426	2
427	4
428	3
429	4
430	1
431	7
432	2
433	6
434	2
435	6
436	4
437	5
438	2
439	4
440	2
441	5
442	3
443	4
444	1
445	5
446	2
447	4
448	2
449	4
450	2
451	5
452	4
453	6
454	4
455	9
456	6
457	10
458	8
459	12
460	10
461	14
462	13
463	15
464	15
465	19
466	19
467	21
468	21
469	23
470	23
471	30
472	28
473	31
474	33
475	36
476	37
477	40
478	41
479	44
480	45
481	48
482	49
483	51
484	53
485	56
486	55
487	58
488	60
489	62
490	62
491	65
492	65
493	67
494	67
495	69
496	70
497	70
498	70
499	78
500	62
501	74
502	67
503	72
504	69
505	71
506	69
507	71
508	69
509	70
510	67
511	67
512	65
513	67
514	65
515	65
516	63
517	63
518	61
519	61
520	59
521	59
522	56
523	58
524	55
525	55
526	52
527	53
528	50
529	52
530	48
531	48
532	45
533	46
534	43
535	43
536	40
537	41
538	39
539	40
540	38
541	39
542	34
543	36
544	32
545	33
546	30
547	30
548	28
549	28
550	26
551	26
552	24
553	25
554	24
555	24
556	23
557	23
558	20
559	22
560	20
561	21
562	20
563	21
564	18
565	19
566	17
567	16
568	16
569	16
570	14
571	16
572	13
573	14
574	13
575	14
576	12
577	13
578	12
579	14
580	10
581	12
582	9
583	11
584	7
585	11
586	9
587	10
588	8
589	9
590	6
591	9
592	5
593	7
594	5
595	6
596	4
597	7
598	4
599	6
600	4
601	6
602	4
603	6
604	2
605	6
606	2
607	5
608	4
609	7
610	4
611	5
612	3
613	5
614	2
615	4
616	3
617	7
618	2
619	6
620	2
621	4
622	1
623	4
624	1
625	4
626	1
627	4
628	1
629	3
630	1
631	3
632	1
633	3
634	0
635	2
636	1
637	2
638	0
639	2
640	0
641	2
642	0
643	2
644	0
645	3
646	0
647	2
648	1
649	1
650	1
651	2
652	1
653	3
654	0
655	4
656	0
657	2
658	1
659	3
660	2
661	2
662	0
663	3
664	1
665	3
666	0
667	4
668	1
669	4
670	1
671	4
672	1
673	3
674	1
675	3
676	0
677	2
678	1
679	2
680	1
681	3
682	0
683	1
684	1
685	3
686	1
687	3
688	2
689	3
690	1
691	1
692	0
693	3
694	1
695	2
696	1
697	3
698	0
699	2
700	1
701	2
702	1
703	3
704	1
705	2
706	0
707	2
708	0
709	2
710	0
711	2
712	1
713	3
714	1
715	4
716	1
717	3
718	0
719	2
720	1
721	1
722	0
723	1
724	0
725	2
726	0
727	3
728	0
729	3
730	0
731	2
732	0
733	2
734	0
735	2
736	0
737	3
738	0
739	1
740	0
741	3
742	1
743	3
744	0
745	2
746	0
747	1
748	0
749	2
750	0
751	3
752	1
753	0
754	0
755	3
756	1
757	0
758	0
759	1
760	0
761	1
762	1
763	1
764	1
765	2
766	0
767	1
768	0
769	0
770	0
771	2
772	0
773	3
774	1
775	2
776	0
777	2
778	0
779	2
780	1
781	2
782	0
783	2
784	0
785	2
786	0
787	2
788	0
789	1
790	0
791	1
792	0
793	2
794	0
795	1
796	0
797	0
798	1
799	1
800	0
801	2
802	0
803	2
804	0
805	2
806	0
807	0
808	1
809	1
810	1
811	2
812	1
813	1
814	0
815	1
816	0
817	2
818	0
819	1
820	0
821	1
822	0
823	1
824	1
825	0
826	0
827	1
828	0
829	1
830	0
831	1
832	0
833	2
834	1
835	2
836	0
837	2
838	0
839	1
840	0
841	2
842	0
843	1
844	0
845	2
846	0
847	2
848	0
849	0
850	0
851	1
852	0
853	2
854	0
855	1
856	0
857	0
858	0
859	0
860	0
861	1
862	0
863	1
864	0
865	1
866	0
867	2
868	1
869	3
870	2
871	2
872	1
873	2
874	1
875	2
876	0
877	2
878	0
879	1
880	1
881	2
882	0
883	1
884	0
885	1
886	0
887	2
888	0
889	2
890	0
891	0
892	0
893	1
894	0
895	1
896	0
897	1
898	0
899	1
900	0
901	1
902	0
903	1
904	0
905	1
906	1
907	1
908	0
909	1
910	0
911	1
912	0
913	2
914	0
915	1
916	0
917	1
918	0
919	1
920	0
921	1
922	0
923	1
924	0
925	0
926	0
927	1
928	0
929	2
930	0
931	1
932	0
933	1
934	0
935	1
936	0
937	0
938	0
939	0
940	0
941	0
942	0
943	1
944	0
945	1
946	0
947	1
948	0
949	1
950	0
951	1
952	0
953	1
954	0
955	2
956	0
957	1
958	0
959	3
960	0
961	3
962	0
963	2
964	0
965	1
966	0
967	2
968	0
969	3
970	0
971	0
972	0
973	2
974	0
975	1
976	0
977	0
978	0
979	1
980	0
981	0
982	0
983	1
984	0
985	1
986	0
987	1
988	0
989	1
990	1
991	1
992	0
993	1
994	0
995	2
996	0
997	2
998	0
999	1
1000	0
1001	2
1002	1
1003	1
1004	1
1005	1
1006	1
1007	1
1008	1
1009	1
1010	0
1011	1
1012	0
1013	2
1014	1
1015	1
1016	0
1017	1
1018	0
1019	0
1020	0
1021	1
1022	0
1023	0
1024	1
1025	1
1026	0
1027	0
1028	0
1029	0
1030	0
1031	1
1032	0
1033	1
1034	0
1035	1
1036	0
1037	1
1038	0
1039	3
1040	0
1041	1
1042	0
1043	0
1044	0
1045	0
1046	0
1047	0
1048	0
1049	1
1050	0
1051	0
1052	0
1053	0
1054	0
1055	1
1056	0
1057	1
1058	0
1059	2
1060	0
1061	2
1062	0
1063	0
1064	0
1065	0
1066	0
1067	1
1068	0
1069	1
1070	0
1071	1
1072	0
1073	1
1074	0
1075	0
1076	0
1077	0
1078	0
1079	0
1080	0
1081	2
1082	0
1083	1
1084	0
1085	1
1086	0
1087	0
1088	0
1089	0
1090	0
1091	0
1092	0
1093	1
1094	0
1095	1
1096	0
1097	2
1098	0
1099	1
1100	0
1101	1
1102	0
1103	1
1104	1
1105	1
1106	1
1107	1
1108	1
1109	2
1110	1
1111	3
1112	1
1113	2
1114	1
1115	3
1116	2
1117	3
1118	2
1119	3
1120	1
1121	3
1122	2
1123	3
1124	2
1125	4
1126	2
1127	3
1128	2
1129	3
1130	1
1131	4
1132	2
1133	4
1134	2
1135	3
1136	2
1137	4
1138	2
1139	3
1140	2
1141	4
1142	1
1143	4
1144	1
1145	2
1146	1
1147	3
1148	1
1149	2
1150	1
1151	3
1152	1
1153	2
1154	1
1155	1
1156	1
1157	1
1158	0
1159	1
1160	1
1161	1
1162	0
1163	1
1164	1
1165	2
1166	0
1167	2
1168	0
1169	1
1170	1
1171	1
1172	0
1173	1
1174	0
1175	1
1176	1
1177	0
1178	0
1179	2
1180	0
1181	3
1182	0
1183	1
1184	0
1185	1
1186	0
1187	1
1188	1
1189	1
1190	0
1191	1
1192	0
1193	1
1194	0
1195	1
1196	0
1197	1
1198	0
1199	0
1200	0
1201	1
1202	0
1203	1
1204	1
1205	2
1206	0
1207	2
1208	0
1209	2
1210	1
1211	2
1212	0
1213	3
1214	0
1215	2
1216	1
1217	1
1218	0
1219	2
1220	0
1221	2
1222	0
1223	2
1224	1
1225	1
1226	0
1227	1
1228	0
1229	0
1230	0
1231	0
1232	0
1233	0
1234	0
1235	0
1236	0
1237	1
1238	0
1239	0
1240	0
1241	1
1242	0
1243	0
1244	0
1245	0
1246	0
1247	1
1248	0
1249	0
1250	0
1251	2
1252	0
1253	1
1254	0
1255	0
1256	1
1257	2
1258	0
1259	2
1260	1
1261	3
1262	0
1263	2
1264	0
1265	2
1266	0
1267	2
1268	0
1269	3
1270	0
1271	3
1272	0
1273	2
1274	0
1275	2
1276	0
1277	0
1278	0
1279	1
1280	0
1281	0
1282	0
1283	0
1284	1
1285	0
1286	0
1287	3
1288	1
1289	1
1290	0
1291	0
1292	0
1293	0
1294	0
1295	1
1296	0
1297	1
1298	0
1299	1
1300	0
1301	1
1302	0
1303	2
1304	0
1305	2
1306	0
1307	2
1308	0
1309	1
1310	0
1311	1
1312	1
1313	3
1314	1
1315	1
1316	1
1317	2
1318	0
1319	1
1320	0
1321	1
1322	0
1323	2
1324	0
1325	2
1326	0
1327	0
1328	0
1329	0
1330	0
1331	0
1332	0
1333	0
1334	0
1335	1
1336	0
1337	0
1338	0
1339	1
1340	1
1341	1
1342	0
1343	1
1344	1
1345	1
1346	0
1347	1
1348	0
1349	1
1350	0
1351	2
1352	0
1353	1
1354	0
1355	1
1356	0
1357	1
1358	0
1359	1
1360	0
1361	2
1362	0
1363	2
1364	0
1365	2
1366	0
1367	1
1368	0
1369	2
1370	0
1371	3
1372	1
1373	2
1374	1
1375	2
1376	1
1377	1
1378	0
1379	3
1380	1
1381	2
1382	0
1383	3
1384	1
1385	1
1386	0
1387	1
1388	0
1389	2
1390	0
1391	3
1392	0
1393	2
1394	0
1395	2
1396	0
1397	3
1398	0
1399	2
1400	0
1401	1
1402	0
1403	2
1404	0
1405	2
1406	0
1407	1
1408	0
1409	1
1410	0
1411	2
1412	0
1413	0
1414	0
1415	2
1416	0
1417	2
1418	0
1419	1
1420	0
1421	1
1422	0
1423	0
1424	0
1425	0
1426	0
1427	1
1428	0
1429	2
1430	0
1431	2
1432	0
1433	1
1434	0
1435	1
1436	0
1437	2
1438	0
1439	2
1440	0
1441	2
1442	0
1443	3
1444	0
1445	3
1446	0
1447	2
1448	0
1449	3
1450	0
1451	3
1452	0
1453	3
1454	0
1455	1
1456	1
1457	2
1458	1
1459	1
1460	1
1461	2
1462	1
1463	2
1464	0
1465	3
1466	1
1467	1
1468	0
1469	2
1470	1
1471	2
1472	0
1473	2
1474	0
1475	2
1476	0
1477	2
1478	1
1479	1
1480	0
1481	1
1482	0
1483	1
1484	0
1485	1
1486	0
1487	1
1488	0
1489	0
1490	0
1491	1
1492	0
1493	1
1494	0
1495	1
1496	0
1497	1
1498	1
1499	1
1500	0
1501	2
1502	0
1503	0
1504	0
1505	1
1506	0
1507	2
1508	1
1509	2
1510	0
1511	3
1512	0
1513	0
1514	1
1515	3
1516	1
1517	2
1518	0
1519	2
1520	1
1521	2
1522	1
1523	3
1524	1
1525	2
1526	1
1527	2
1528	1
1529	3
1530	1
1531	3
1532	0
1533	2
1534	1
1535	3
1536	1
1537	3
1538	1
1539	3
1540	2
1541	2
1542	1
1543	3
1544	2
1545	2
1546	1
1547	2
1548	1
1549	2
1550	2
1551	4
1552	2
1553	4
1554	2
1555	3
1556	1
1557	3
1558	1
1559	3
1560	1
1561	2
1562	1
1563	2
1564	2
1565	3
1566	1
1567	3
1568	1
1569	3
1570	2
1571	3
1572	1
1573	3
1574	1
1575	3
1576	1
1577	4
1578	2
1579	3
1580	2
1581	3
1582	2
1583	4
1584	2
1585	4
1586	2
1587	2
1588	2
1589	4
1590	3
1591	3
1592	2
1593	3
1594	1
1595	2
1596	1
1597	3
1598	2
1599	3
1600	2
1601	3
1602	1
1603	3
1604	2
1605	4
1606	3
1607	3
1608	1
1609	3
1610	1
1611	4
1612	2
1613	4
1614	1
1615	3
1616	1
1617	4
1618	2
1619	3
1620	2
1621	3
1622	2
1623	4
1624	2
1625	3
1626	2
1627	3
1628	2
1629	3
1630	2
1631	4
1632	2
1633	3
1634	1
1635	5
1636	2
1637	4
1638	1
1639	4
1640	2
1641	4
1642	2
1643	4
1644	2
1645	3
1646	2
1647	3
1648	0
1649	3
1650	1
1651	2
1652	0
1653	2
1654	0
1655	2
1656	0
1657	2
1658	0
1659	3
1660	0
1661	2
1662	0
1663	3
1664	0
1665	3
1666	0
1667	2
1668	1
1669	3
1670	1
1671	3
1672	1
1673	2
1674	0
1675	2
1676	0
1677	2
1678	0
1679	1
1680	0
1681	3
1682	1
1683	2
1684	1
1685	2
1686	0
1687	2
1688	1
1689	3
1690	0
1691	2
1692	1
1693	3
1694	1
1695	2
1696	0
1697	3
1698	0
1699	2
1700	1
1701	1
1702	0
1703	1
1704	0
1705	1
1706	0
1707	2
1708	0
1709	3
1710	0
1711	1
1712	1
1713	0
1714	0
1715	1
1716	0
1717	2
1718	0
1719	1
1720	0
1721	1
1722	0
1723	0
1724	0
1725	1
1726	0
1727	1
1728	0
1729	2
1730	0
1731	1
1732	1
1733	0
1734	0
1735	3
1736	0
1737	1
1738	0
1739	1
1740	0
1741	2
1742	1
1743	2
1744	1
1745	3
1746	0
1747	2
1748	1
1749	2
1750	1
1751	2
1752	1
1753	3
1754	1
1755	3
1756	0
1757	2
1758	0
1759	1
1760	0
1761	0
1762	0
1763	1
1764	0
1765	1
1766	1
1767	2
1768	0
1769	1
1770	1
1771	2
1772	1
1773	1
1774	0
1775	0
1776	0
1777	1
1778	0
1779	2
1780	0
1781	1
1782	1
1783	2
1784	0
1785	2
1786	0
1787	1
1788	1
1789	1
1790	0
1791	1
1792	1
1793	2
1794	0
1795	2
1796	0
1797	1
1798	0
1799	1
1800	1
1801	2
1802	0
1803	1
1804	0
1805	2
1806	0
1807	2
1808	0
1809	1
1810	1
1811	1
1812	0
1813	1
1814	1
1815	1
1816	0
1817	0
1818	1
1819	0
1820	0
1821	1
1822	0
1823	1
1824	0
1825	0
1826	0
1827	1
1828	0
1829	2
1830	0
1831	1
1832	0
1833	0
1834	0
1835	1
1836	0
1837	0
1838	0
1839	1
1840	0
1841	1
1842	0
1843	1
1844	1
1845	2
1846	0
1847	2
1848	1
1849	2
1850	0
1851	1
1852	0
1853	2
1854	0
1855	2
1856	0
1857	3
1858	0
1859	2
1860	0
1861	2
1862	1
1863	2
1864	0
1865	2
1866	0
1867	2
1868	1
1869	2
1870	0
1871	2
1872	1
1873	2
1874	0
1875	1
1876	1
1877	2
1878	1
1879	2
1880	0
1881	2
1882	0
1883	1
1884	0
1885	2
1886	0
1887	2
1888	1
1889	2
1890	0
1891	2
1892	0
1893	2
1894	0
1895	1
1896	0
1897	3
1898	0
1899	3
1900	0
1901	1
1902	0
1903	3
1904	0
1905	1
1906	0
1907	1
1908	0
1909	2
1910	0
1911	2
1912	0
1913	1
1914	0
1915	1
1916	1
1917	1
1918	0
1919	1
1920	0
1921	1
1922	0
1923	1
1924	0
1925	1
1926	0
1927	1
1928	0
1929	0
1930	0
1931	1
1932	0
1933	1
1934	0
1935	2
1936	0
1937	3
1938	0
1939	3
1940	0
1941	1
1942	0
1943	2
1944	0
1945	2
1946	0
1947	1
1948	0
1949	1
1950	0
1951	1
1952	0
1953	1
1954	0
1955	1
1956	0
1957	1
1958	0
1959	0
1960	0
1961	2
1962	0
1963	1
1964	0
1965	2
1966	0
1967	1
1968	0
1969	2
1970	1
1971	2
1972	0
1973	2
1974	0
1975	1
1976	0
1977	1
1978	0
1979	1
1980	0
1981	1
1982	0
1983	1
1984	0
1985	1
1986	1
1987	2
1988	0
1989	1
1990	1
1991	2
1992	1
1993	2
1994	1
1995	3
1996	0
1997	2
1998	0
1999	0
