0	62
1	63
2	62
3	62
4	61
5	61
6	62
7	62
8	63
9	62
10	63
11	61
12	63
13	62
14	62
15	62
16	60
17	62
18	61
19	61
20	60
21	61
22	60
23	60
24	60
25	60
26	59
27	60
28	59
29	59
30	60
31	60
32	59
33	59
34	59
35	59
36	59
37	60
38	59
39	59
40	59
41	58
42	57
43	59
44	57
45	58
46	58
47	58
48	58
49	59
50	58
51	58
52	58
53	57
54	57
55	57
56	58
57	57
58	57
59	58
60	56
61	57
62	57
63	56
64	56
65	56
66	56
67	56
68	55
69	56
70	55
71	56
72	56
73	56
74	56
75	56
76	55
77	56
78	55
79	56
80	55
81	56
82	55
83	55
84	54
85	56
86	55
87	56
88	56
89	57
90	55
91	56
92	55
93	55
94	56
95	56
96	55
97	55
98	56
99	55
100	54
101	56
102	56
103	56
104	56
105	56
106	56
107	56
108	56
109	57
110	57
111	56
112	57
113	57
114	57
115	57
116	57
117	58
118	57
119	57
120	57
121	58
122	57
123	58
124	57
125	58
126	58
127	58
128	58
129	59
130	59
131	60
132	60
133	60
134	60
135	59
136	60
137	60
138	60
139	59
140	61
141	60
142	60
143	60
144	60
145	60
146	61
147	61
148	60
149	61
150	61
151	62
152	62
153	62
154	61
155	60
156	61
157	61
158	60
159	62
160	60
161	62
162	61
163	61
164	62
165	62
166	62
167	62
168	61
169	61
170	62
171	62
172	62
173	62
174	62
175	62
176	62
177	63
178	62
179	62
180	62
181	61
182	61
183	61
184	62
185	61
186	61
187	61
188	62
189	62
190	60
191	61
192	60
193	60
194	60
195	61
196	59
197	60
198	59
199	59
200	58
201	58
202	59
203	59
204	58
205	59
206	57
207	58
208	58
209	58
210	58
211	58
212	58
213	57
214	57
215	57
216	56
217	58
218	56
219	59
220	56
221	58
222	56
223	58
224	56
225	58
226	56
227	57
228	56
229	56
230	55
231	55
232	56
233	56
234	56
235	55
236	56
237	56
238	56
239	56
240	55
241	56
242	55
243	56
244	56
245	57
246	56
247	57
248	56
249	56
250	56
251	56
252	55
253	56
254	55
255	55
256	56
257	56
258	56
259	56
260	55
261	56
262	56
263	56
264	56
265	56
266	55
267	56
268	55
269	56
270	55
271	56
272	54
273	55
274	55
275	55
276	54
277	56
278	55
279	55
280	54
281	56
282	56
283	56
284	55
285	56
286	54
287	57
288	56
289	56
290	56
291	56
292	55
293	57
294	55
295	57
296	55
297	57
298	56
299	56
300	56
301	56
302	55
303	57
304	55
305	57
306	56
307	57
308	57
309	57
310	58
311	58
312	60
313	59
314	59
315	58
316	59
317	59
318	58
319	59
320	60
321	60
322	59
323	60
324	60
325	62
326	61
327	62
328	63
329	63
330	63
331	64
332	63
333	62
334	62
335	64
336	65
337	65
338	65
339	67
340	66
341	66
342	67
343	67
344	68
345	67
346	67
347	67
348	67
349	68
350	68
351	69
352	68
353	68
354	69
355	68
356	69
357	68
358	68
359	68
360	67
361	68
362	67
363	68
364	68
365	67
366	65
367	67
368	66
369	66
370	65
371	67
372	66
373	66
374	65
375	66
376	64
377	65
378	64
379	65
380	65
381	65
382	64
383	66
384	65
385	66
386	64
387	65
388	65
389	64
390	65
391	65
392	64
393	65
394	63
395	65
396	65
397	65
398	65
399	66
400	65
401	67
402	67
403	67
404	68
405	69
406	71
407	73
408	74
409	75
410	74
411	77
412	78
413	79
414	80
415	83
416	83
417	85
418	87
419	88
420	88
421	90
422	90
423	93
424	93
425	96
426	97
427	98
428	98
429	101
430	99
431	102
432	102
433	104
434	103
435	106
436	105
437	108
438	107
439	108
440	106
441	108
442	108
443	109
444	108
445	108
446	106
447	108
448	106
449	108
450	105
451	107
452	105
453	105
454	103
455	102
456	101
457	100
458	99
459	99
460	97
461	96
462	95
463	96
464	93
465	94
466	91
467	91
468	88
469	90
470	88
471	89
472	86
473	87
474	85
475	86
476	84
477	84
478	81
479	82
480	80
481	80
482	79
483	80
484	77
485	78
486	77
487	77
488	76
489	76
490	74
491	75
492	74
493	74
494	74
495	73
496	73
497	73
498	74
499	78
500	62
501	72
502	68
503	70
504	68
505	69
506	68
507	69
508	65
509	67
510	65
511	66
512	65
513	65
514	64
515	65
516	64
517	64
518	62
519	64
520	62
521	62
522	62
523	61
524	60
525	61
526	60
527	60
528	59
529	61
530	60
531	61
532	60
533	60
534	59
535	60
536	59
537	59
538	58
539	59
540	58
541	59
542	58
543	59
544	58
545	58
546	58
547	57
548	58
549	56
550	57
551	56
552	56
553	55
554	55
555	55
556	53
557	54
558	54
559	53
560	53
561	53
562	53
563	53
564	50
565	51
566	50
567	50
568	50
569	50
570	50
571	50
572	48
573	49
574	49
575	49
576	49
577	49
578	48
579	49
580	48
581	49
582	48
583	48
584	47
585	49
586	48
587	49
588	48
589	50
590	50
591	50
592	50
593	52
594	50
595	51
596	50
597	52
598	49
599	52
600	50
601	51
602	50
603	51
604	50
605	51
606	50
607	50
608	50
609	52
610	50
611	51
612	49
613	50
614	49
615	50
616	49
617	50
618	50
619	50
620	50
621	49
622	49
623	49
624	49
625	49
626	49
627	50
628	48
629	50
630	48
631	50
632	47
633	50
634	48
635	49
636	49
637	49
638	48
639	50
640	48
641	49
642	48
643	48
644	48
645	48
646	48
647	48
648	48
649	48
650	47
651	47
652	46
653	47
654	47
655	46
656	46
657	46
658	45
659	46
660	45
661	45
662	45
663	45
664	46
665	45
666	45
667	45
668	45
669	45
670	45
671	45
672	45
673	45
674	46
675	45
676	47
677	46
678	46
679	47
680	46
681	47
682	47
683	48
684	47
685	48
686	49
687	49
688	48
689	50
690	48
691	49
692	48
693	49
694	48
695	51
696	48
697	51
698	50
699	50
700	50
701	50
702	50
703	50
704	49
705	49
706	50
707	49
708	48
709	49
710	48
711	49
712	48
713	49
714	48
715	49
716	48
717	49
718	48
719	49
720	48
721	49
722	48
723	50
724	50
725	50
726	49
727	50
728	50
729	49
730	50
731	50
732	49
733	50
734	49
735	49
736	48
737	49
738	49
739	49
740	49
741	49
742	48
743	50
744	48
745	49
746	46
747	49
748	48
749	50
750	49
751	48
752	50
753	48
754	49
755	48
756	49
757	49
758	48
759	50
760	50
761	49
762	50
763	50
764	50
765	50
766	51
767	52
768	50
769	51
770	51
771	53
772	51
773	53
774	51
775	52
776	51
777	53
778	51
779	53
780	51
781	52
782	51
783	52
784	53
785	52
786	52
787	52
788	53
789	53
790	52
791	52
792	52
793	52
794	52
795	52
796	51
797	53
798	52
799	54
800	52
801	53
802	51
803	52
804	51
805	52
806	52
807	51
808	51
809	52
810	52
811	53
812	51
813	53
814	51
815	51
816	49
817	52
818	50
819	51
820	50
821	51
822	51
823	53
824	51
825	52
826	51
827	52
828	50
829	52
830	52
831	51
832	51
833	52
834	50
835	50
836	50
837	53
838	50
839	52
840	51
841	49
842	50
843	50
844	50
845	50
846	50
847	50
848	50
849	49
850	49
851	49
852	50
853	49
854	49
855	49
856	48
857	49
858	49
859	49
860	49
861	50
862	49
863	50
864	49
865	49
866	50
867	50
868	50
869	50
870	50
871	49
872	49
873	49
874	50
875	49
876	50
877	50
878	50
879	49
880	49
881	49
882	48
883	50
884	49
885	50
886	49
887	49
888	49
889	49
890	49
891	49
892	49
893	49
894	49
895	50
896	50
897	50
898	51
899	50
900	50
901	49
902	51
903	49
904	51
905	50
906	50
907	50
908	51
909	50
910	49
911	50
912	50
913	50
914	50
915	50
916	50
917	50
918	50
919	51
920	51
921	51
922	50
923	51
924	51
925	50
926	50
927	50
928	50
929	50
930	50
931	50
932	50
933	50
934	50
935	51
936	51
937	52
938	50
939	52
940	51
941	50
942	52
943	51
944	50
945	51
946	50
947	50
948	50
949	51
950	48
951	50
952	49
953	51
954	49
955	51
956	50
957	51
958	50
959	52
960	50
961	51
962	50
963	51
964	50
965	51
966	50
967	52
968	51
969	52
970	51
971	52
972	51
973	52
974	52
975	53
976	52
977	52
978	51
979	52
980	51
981	52
982	51
983	53
984	50
985	52
986	51
987	52
988	51
989	52
990	51
991	52
992	51
993	50
994	50
995	50
996	50
997	50
998	50
999	51
1000	50
1001	51
1002	51
1003	51
1004	52
1005	51
1006	52
1007	52
1008	51
1009	53
1010	52
1011	53
1012	52
1013	53
1014	54
1015	52
1016	54
1017	54
1018	55
1019	54
1020	55
1021	55
1022	54
1023	55
1024	55
1025	54
1026	54
1027	55
1028	54
1029	54
1030	56
1031	54
1032	55
1033	55
1034	55
1035	55
1036	53
1037	55
1038	55
1039	55
1040	55
1041	56
1042	55
1043	56
1044	54
1045	55
1046	55
1047	55
1048	54
1049	55
1050	54
1051	55
1052	54
1053	55
1054	54
1055	54
1056	54
1057	55
1058	54
1059	56
1060	55
1061	55
1062	53
1063	54
1064	54
1065	55
1066	54
1067	55
1068	54
1069	55
1070	54
1071	55
1072	54
1073	55
1074	54
1075	54
1076	53
1077	53
1078	53
1079	53
1080	53
1081	53
1082	54
1083	53
1084	54
1085	53
1086	55
1087	54
1088	54
1089	53
1090	52
1091	54
1092	52
1093	53
1094	53
1095	52
1096	51
1097	52
1098	51
1099	52
1100	50
1101	52
1102	51
1103	52
1104	52
1105	51
1106	51
1107	51
1108	51
1109	52
1110	51
1111	52
1112	51
1113	53
1114	51
1115	52
1116	51
1117	53
1118	51
1119	53
1120	52
1121	52
1122	52
1123	52
1124	53
1125	52
1126	53
1127	53
1128	52
1129	52
1130	52
1131	53
1132	51
1133	54
1134	50
1135	51
1136	52
1137	51
1138	52
1139	52
1140	53
1141	52
1142	51
1143	53
1144	51
1145	52
1146	53
1147	52
1148	53
1149	52
1150	53
1151	52
1152	52
1153	52
1154	53
1155	54
1156	53
1157	54
1158	53
1159	53
1160	53
1161	52
1162	52
1163	53
1164	51
1165	53
1166	52
1167	52
1168	52
1169	51
1170	51
1171	52
1172	52
1173	53
1174	53
1175	53
1176	52
1177	53
1178	53
1179	53
1180	52
1181	54
1182	54
1183	54
1184	54
1185	53
1186	53
1187	53
1188	54
1189	55
1190	54
1191	55
1192	54
1193	56
1194	56
1195	56
1196	56
1197	56
1198	57
1199	56
1200	57
1201	56
1202	55
1203	57
1204	56
1205	57
1206	57
1207	56
1208	56
1209	56
1210	56
1211	55
1212	56
1213	56
1214	56
1215	56
1216	55
1217	56
1218	55
1219	54
1220	55
1221	55
1222	55
1223	54
1224	55
1225	56
1226	54
1227	54
1228	53
1229	54
1230	54
1231	55
1232	53
1233	54
1234	54
1235	55
1236	54
1237	56
1238	54
1239	55
1240	55
1241	55
1242	56
1243	56
1244	55
1245	56
1246	55
1247	56
1248	55
1249	56
1250	56
1251	57
1252	57
1253	56
1254	56
1255	56
1256	57
1257	56
1258	57
1259	58
1260	57
1261	58
1262	57
1263	59
1264	57
1265	59
1266	57
1267	58
1268	57
1269	57
1270	56
1271	57
1272	56
1273	56
1274	57
1275	57
1276	57
1277	58
1278	58
1279	56
1280	57
1281	57
1282	58
1283	57
1284	57
1285	58
1286	57
1287	58
1288	57
1289	58
1290	57
1291	58
1292	57
1293	57
1294	56
1295	57
1296	57
1297	56
1298	56
1299	56
1300	56
1301	56
1302	55
1303	56
1304	55
1305	55
1306	56
1307	57
1308	56
1309	56
1310	56
1311	56
1312	55
1313	56
1314	55
1315	55
1316	55
1317	55
1318	55
1319	55
1320	55
1321	56
1322	55
1323	56
1324	54
1325	56
1326	54
1327	54
1328	54
1329	56
1330	53
1331	56
1332	54
1333	54
1334	54
1335	55
1336	56
1337	55
1338	55
1339	53
1340	55
1341	53
1342	54
1343	54
1344	54
1345	53
1346	53
1347	53
1348	55
1349	54
1350	54
1351	54
1352	54
1353	55
1354	53
1355	54
1356	54
1357	53
1358	53
1359	54
1360	52
1361	53
1362	53
1363	54
1364	53
1365	54
1366	53
1367	54
1368	55
1369	54
1370	54
1371	54
1372	55
1373	54
1374	54
1375	53
1376	54
1377	53
1378	54
1379	55
1380	55
1381	55
1382	53
1383	54
1384	54
1385	55
1386	54
1387	56
1388	54
1389	54
1390	52
1391	53
1392	54
1393	54
1394	54
1395	53
1396	54
1397	55
1398	54
1399	53
1400	54
1401	53
1402	53
1403	54
1404	53
1405	54
1406	52
1407	54
1408	53
1409	55
1410	54
1411	54
1412	53
1413	55
1414	53
1415	54
1416	52
1417	53
1418	53
1419	53
1420	54
1421	53
1422	53
1423	53
1424	52
1425	53
1426	53
1427	53
1428	52
1429	53
1430	53
1431	53
1432	54
1433	54
1434	54
1435	53
1436	54
1437	55
1438	55
1439	54
1440	54
1441	55
1442	55
1443	56
1444	55
1445	55
1446	56
1447	55
1448	56
1449	55
1450	55
1451	55
1452	55
1453	54
1454	54
1455	55
1456	54
1457	55
1458	54
1459	54
1460	54
1461	52
1462	53
1463	52
1464	55
1465	52
1466	54
1467	52
1468	52
1469	53
1470	53
1471	53
1472	53
1473	53
1474	53
1475	53
1476	53
1477	52
1478	53
1479	54
1480	54
1481	55
1482	54
1483	54
1484	55
1485	54
1486	55
1487	55
1488	55
1489	55
1490	55
1491	56
1492	54
1493	55
1494	55
1495	55
1496	55
1497	55
1498	55
1499	54
1500	55
1501	55
1502	54
1503	55
1504	53
1505	54
1506	54
1507	54
1508	53
1509	54
1510	54
1511	53
1512	53
1513	53
1514	52
1515	53
1516	53
1517	53
1518	54
1519	52
1520	54
1521	54
1522	54
1523	53
1524	54
1525	54
1526	54
1527	54
1528	54
1529	55
1530	54
1531	55
1532	55
1533	54
1534	55
1535	55
1536	56
1537	55
1538	56
1539	56
1540	56
1541	56
1542	55
1543	56
1544	55
1545	56
1546	56
1547	57
1548	56
1549	57
1550	56
1551	56
1552	58
1553	57
1554	57
1555	57
1556	57
1557	57
1558	58
1559	57
1560	58
1561	59
1562	58
1563	58
1564	58
1565	59
1566	58
1567	59
1568	61
1569	60
1570	60
1571	60
1572	60
1573	60
1574	60
1575	61
1576	61
1577	61
1578	62
1579	62
1580	62
1581	62
1582	62
1583	62
1584	62
1585	62
1586	61
1587	62
1588	61
1589	62
1590	61
1591	62
1592	60
1593	61
1594	60
1595	61
1596	61
1597	62
1598	60
1599	62
1600	61
1601	62
1602	61
1603	60
1604	60
1605	61
1606	61
1607	62
1608	60
1609	59
1610	60
1611	60
1612	60
1613	61
1614	61
1615	60
1616	61
1617	60
1618	60
1619	60
1620	59
1621	60
1622	59
1623	60
1624	58
1625	59
1626	57
1627	59
1628	58
1629	60
1630	58
1631	58
1632	58
1633	58
1634	58
1635	58
1636	57
1637	58
1638	57
1639	58
1640	56
1641	58
1642	56
1643	56
1644	56
1645	57
1646	56
1647	56
1648	56
1649	56
1650	55
1651	56
1652	54
1653	55
1654	54
1655	55
1656	55
1657	55
1658	55
1659	55
1660	55
1661	55
1662	55
1663	56
1664	54
1665	55
1666	55
1667	53
1668	54
1669	55
1670	53
1671	57
1672	54
1673	56
1674	54
1675	56
1676	54
1677	56
1678	55
1679	55
1680	54
1681	54
1682	55
1683	55
1684	54
1685	55
1686	56
1687	56
1688	55
1689	56
1690	55
1691	57
1692	55
1693	56
1694	55
1695	56
1696	54
1697	56
1698	53
1699	56
1700	55
1701	55
1702	55
1703	55
1704	55
1705	53
1706	54
1707	55
1708	54
1709	54
1710	55
1711	55
1712	54
1713	54
1714	55
1715	55
1716	54
1717	55
1718	54
1719	55
1720	54
1721	55
1722	53
1723	55
1724	54
1725	56
1726	54
1727	55
1728	54
1729	55
1730	55
1731	55
1732	54
1733	55
1734	55
1735	55
1736	55
1737	55
1738	55
1739	55
1740	54
1741	55
1742	54
1743	55
1744	54
1745	55
1746	54
1747	54
1748	54
1749	55
1750	55
1751	55
1752	54
1753	54
1754	54
1755	55
1756	54
1757	55
1758	54
1759	55
1760	54
1761	55
1762	55
1763	54
1764	54
1765	55
1766	55
1767	56
1768	55
1769	56
1770	55
1771	55
1772	55
1773	56
1774	55
1775	56
1776	55
1777	54
1778	55
1779	55
1780	54
1781	55
1782	55
1783	55
1784	55
1785	55
1786	55
1787	54
1788	55
1789	55
1790	55
1791	55
1792	55
1793	55
1794	55
1795	56
1796	54
1797	56
1798	55
1799	55
1800	55
1801	54
1802	55
1803	55
1804	55
1805	54
1806	54
1807	55
1808	54
1809	55
1810	54
1811	55
1812	54
1813	55
1814	55
1815	56
1816	55
1817	56
1818	54
1819	55
1820	55
1821	54
1822	54
1823	54
1824	54
1825	54
1826	54
1827	55
1828	55
1829	56
1830	54
1831	54
1832	54
1833	54
1834	53
1835	55
1836	53
1837	54
1838	54
1839	55
1840	55
1841	56
1842	55
1843	54
1844	54
1845	54
1846	54
1847	55
1848	54
1849	54
1850	55
1851	55
1852	55
1853	55
1854	54
1855	55
1856	54
1857	56
1858	55
1859	55
1860	54
1861	55
1862	55
1863	55
1864	56
1865	55
1866	55
1867	56
1868	54
1869	56
1870	55
1871	56
1872	56
1873	56
1874	56
1875	54
1876	56
1877	56
1878	56
1879	56
1880	56
1881	56
1882	55
1883	56
1884	55
1885	58
1886	56
1887	57
1888	55
1889	56
1890	55
1891	56
1892	55
1893	55
1894	55
1895	55
1896	55
1897	55
1898	55
1899	55
1900	55
1901	55
1902	54
1903	55
1904	54
1905	56
1906	55
1907	56
1908	54
1909	56
1910	55
1911	55
1912	54
1913	55
1914	54
1915	55
1916	54
1917	55
1918	55
1919	55
1920	55
1921	55
1922	55
1923	55
1924	55
1925	56
1926	55
1927	56
1928	55
1929	54
1930	55
1931	55
1932	55
1933	56
1934	55
1935	57
1936	55
1937	55
1938	56
1939	55
1940	55
1941	55
1942	54
1943	55
1944	55
1945	55
1946	54
1947	54
1948	54
1949	54
1950	55
1951	55
1952	54
1953	55
1954	54
1955	55
1956	54
1957	55
1958	55
1959	56
1960	53
1961	55
1962	54
1963	55
1964	53
1965	55
1966	54
1967	55
1968	53
1969	55
1970	54
1971	54
1972	55
1973	55
1974	54
1975	55
1976	54
1977	54
1978	54
1979	55
1980	54
1981	56
1982	55
1983	55
1984	56
1985	56
1986	55
1987	55
1988	56
1989	56
1990	55
1991	56
1992	56
1993	56
1994	55
1995	55
1996	54
1997	55
1998	56
1999	54
