0	3
1	3
2	2
3	4
4	2
5	3
6	1
7	4
8	2
9	4
10	2
11	4
12	2
13	3
14	1
15	3
16	2
17	4
18	2
19	3
20	3
21	3
22	2
23	3
24	4
25	3
26	3
27	4
28	3
29	4
30	3
31	3
32	3
33	6
34	4
35	5
36	3
37	5
38	4
39	2
40	4
41	4
42	4
43	4
44	5
45	5
46	4
47	7
48	4
49	5
50	6
51	6
52	4
53	6
54	4
55	5
56	3
57	6
58	4
59	6
60	4
61	5
62	4
63	6
64	4
65	5
66	5
67	4
68	3
69	6
70	3
71	5
72	3
73	4
74	3
75	6
76	4
77	5
78	4
79	5
80	5
81	5
82	4
83	4
84	3
85	4
86	3
87	4
88	3
89	5
90	3
91	4
92	4
93	4
94	2
95	3
96	3
97	4
98	4
99	5
100	2
101	6
102	3
103	7
104	3
105	4
106	3
107	3
108	2
109	4
110	3
111	6
112	3
113	4
114	3
115	4
116	3
117	5
118	4
119	4
120	2
121	4
122	3
123	6
124	3
125	3
126	2
127	4
128	1
129	4
130	3
131	5
132	4
133	4
134	4
135	4
136	2
137	4
138	2
139	4
140	3
141	3
142	3
143	2
144	4
145	5
146	2
147	4
148	2
149	4
150	2
151	4
152	4
153	4
154	2
155	3
156	2
157	4
158	2
159	4
160	3
161	5
162	4
163	3
164	3
165	5
166	3
167	6
168	3
169	7
170	5
171	4
172	4
173	5
174	4
175	4
176	3
177	4
178	4
179	6
180	3
181	7
182	4
183	5
184	2
185	4
186	3
187	5
188	1
189	4
190	4
191	5
192	4
193	5
194	4
195	6
196	4
197	4
198	4
199	4
200	4
201	4
202	4
203	5
204	3
205	4
206	4
207	6
208	4
209	5
210	2
211	6
212	4
213	6
214	3
215	5
216	3
217	5
218	2
219	6
220	3
221	3
222	4
223	3
224	3
225	5
226	1
227	5
228	3
229	3
230	4
231	3
232	2
233	3
234	2
235	5
236	3
237	4
238	1
239	3
240	4
241	2
242	2
243	5
244	3
245	4
246	4
247	5
248	2
249	6
250	4
251	5
252	3
253	5
254	3
255	4
256	3
257	5
258	4
259	5
260	4
261	4
262	4
263	4
264	4
265	4
266	3
267	4
268	4
269	6
270	3
271	7
272	3
273	6
274	1
275	7
276	3
277	7
278	2
279	5
280	2
281	5
282	3
283	3
284	2
285	3
286	2
287	3
288	2
289	3
290	4
291	2
292	3
293	4
294	2
295	4
296	4
297	4
298	3
299	4
300	3
301	3
302	3
303	4
304	3
305	4
306	3
307	4
308	4
309	4
310	4
311	4
312	4
313	5
314	4
315	3
316	3
317	4
318	3
319	3
320	2
321	5
322	3
323	3
324	3
325	5
326	4
327	4
328	6
329	4
330	4
331	4
332	4
333	4
334	3
335	6
336	4
337	4
338	3
339	3
340	3
341	4
342	4
343	5
344	3
345	5
346	4
347	4
348	4
349	4
350	3
351	5
352	3
353	4
354	4
355	3
356	3
357	4
358	3
359	4
360	4
361	4
362	5
363	4
364	6
365	5
366	5
367	4
368	3
369	4
370	6
371	6
372	5
373	4
374	2
375	5
376	4
377	4
378	4
379	4
380	4
381	6
382	3
383	3
384	3
385	5
386	4
387	5
388	3
389	4
390	3
391	4
392	3
393	4
394	3
395	3
396	5
397	5
398	3
399	3
400	4
401	4
402	3
403	4
404	4
405	3
406	3
407	4
408	3
409	4
410	2
411	4
412	4
413	3
414	4
415	4
416	2
417	5
418	3
419	6
420	4
421	5
422	7
423	7
424	6
425	9
426	6
427	9
428	10
429	13
430	13
431	15
432	16
433	19
434	20
435	22
436	24
437	27
438	29
439	31
440	33
441	38
442	38
443	42
444	43
445	48
446	49
447	52
448	55
449	57
450	59
451	62
452	63
453	66
454	69
455	71
456	73
457	75
458	75
459	78
460	78
461	81
462	81
463	82
464	84
465	84
466	85
467	86
468	85
469	86
470	86
471	85
472	87
473	86
474	86
475	86
476	85
477	87
478	86
479	85
480	85
481	85
482	82
483	82
484	79
485	80
486	78
487	79
488	79
489	80
490	79
491	78
492	76
493	75
494	73
495	73
496	73
497	74
498	74
499	78
500	62
501	71
502	66
503	66
504	66
505	67
506	66
507	65
508	62
509	62
510	61
511	61
512	58
513	58
514	58
515	58
516	57
517	56
518	54
519	52
520	51
521	50
522	49
523	49
524	48
525	48
526	46
527	45
528	45
529	44
530	43
531	41
532	39
533	39
534	37
535	38
536	35
537	35
538	32
539	33
540	32
541	32
542	30
543	30
544	29
545	29
546	28
547	30
548	27
549	27
550	25
551	27
552	25
553	25
554	23
555	25
556	22
557	23
558	20
559	20
560	19
561	18
562	16
563	17
564	15
565	16
566	14
567	14
568	13
569	13
570	11
571	12
572	10
573	10
574	9
575	10
576	9
577	8
578	8
579	8
580	8
581	8
582	8
583	8
584	7
585	6
586	5
587	7
588	5
589	6
590	4
591	6
592	4
593	4
594	3
595	5
596	3
597	4
598	4
599	4
600	3
601	4
602	3
603	4
604	3
605	3
606	3
607	3
608	2
609	2
610	3
611	2
612	3
613	2
614	2
615	3
616	1
617	2
618	2
619	1
620	0
621	1
622	1
623	2
624	1
625	2
626	0
627	1
628	0
629	0
630	0
631	1
632	0
633	0
634	0
635	0
636	0
637	0
638	0
639	0
640	0
641	0
642	0
643	0
644	0
645	0
646	0
647	0
648	0
649	0
650	0
651	0
652	0
653	0
654	0
655	0
656	0
657	0
658	0
659	0
660	0
661	0
662	0
663	0
664	0
665	0
666	0
667	0
668	0
669	1
670	0
671	0
672	0
673	0
674	0
675	0
676	0
677	0
678	0
679	0
680	0
681	1
682	0
683	0
684	0
685	0
686	0
687	0
688	0
689	0
690	0
691	0
692	0
693	0
694	0
695	0
696	0
697	0
698	0
699	0
700	0
701	0
702	0
703	0
704	-1
705	0
706	-1
707	0
708	0
709	0
710	0
711	0
712	0
713	0
714	0
715	0
716	0
717	0
718	0
719	0
720	0
721	0
722	0
723	1
724	0
725	1
726	0
727	0
728	0
729	0
730	0
731	0
732	0
733	0
734	0
735	0
736	0
737	0
738	0
739	0
740	0
741	0
742	0
743	0
744	0
745	0
746	0
747	0
748	0
749	0
750	0
751	0
752	0
753	0
754	0
755	0
756	0
757	0
758	0
759	0
760	0
761	0
762	0
763	0
764	0
765	0
766	0
767	0
768	0
769	0
770	0
771	0
772	0
773	0
774	0
775	0
776	0
777	0
778	0
779	0
780	0
781	0
782	0
783	0
784	0
785	0
786	0
787	0
788	0
789	0
790	0
791	0
792	0
793	0
794	0
795	0
796	0
797	0
798	0
799	0
800	0
801	0
802	0
803	0
804	0
805	0
806	0
807	0
808	0
809	0
810	-1
811	0
812	0
813	0
814	-1
815	0
816	0
817	0
818	0
819	0
820	0
821	0
822	0
823	0
824	0
825	0
826	0
827	0
828	0
829	0
830	0
831	0
832	0
833	0
834	0
835	0
836	0
837	0
838	0
839	0
840	0
841	0
842	0
843	0
844	0
845	0
846	0
847	0
848	0
849	0
850	0
851	0
852	0
853	0
854	0
855	0
856	0
857	0
858	-1
859	0
860	0
861	0
862	0
863	0
864	0
865	0
866	0
867	0
868	0
869	0
870	0
871	0
872	0
873	0
874	0
875	0
876	0
877	0
878	0
879	0
880	0
881	0
882	0
883	0
884	0
885	0
886	0
887	0
888	0
889	0
890	0
891	0
892	0
893	0
894	0
895	0
896	0
897	0
898	0
899	0
900	0
901	0
902	0
903	0
904	0
905	0
906	0
907	0
908	0
909	0
910	0
911	0
912	0
913	0
914	0
915	0
916	0
917	0
918	0
919	0
920	0
921	0
922	0
923	0
924	0
925	0
926	0
927	0
928	0
929	0
930	0
931	0
932	0
933	0
934	0
935	0
936	-1
937	0
938	0
939	0
940	0
941	0
942	0
943	0
944	0
945	0
946	0
947	1
948	0
949	1
950	0
951	0
952	1
953	2
954	0
955	1
956	1
957	2
958	1
959	1
960	1
961	2
962	0
963	1
964	1
965	1
966	1
967	1
968	1
969	2
970	1
971	2
972	1
973	1
974	0
975	1
976	0
977	1
978	1
979	1
980	1
981	1
982	1
983	1
984	1
985	1
986	1
987	1
988	1
989	1
990	1
991	1
992	1
993	1
994	1
995	2
996	1
997	1
998	0
999	0
1000	1
1001	0
1002	1
1003	1
1004	1
1005	1
1006	1
1007	1
1008	1
1009	1
1010	0
1011	1
1012	0
1013	1
1014	0
1015	2
1016	0
1017	1
1018	0
1019	1
1020	0
1021	0
1022	0
1023	0
1024	0
1025	0
1026	0
1027	0
1028	0
1029	0
1030	0
1031	0
1032	0
1033	0
1034	0
1035	0
1036	0
1037	0
1038	0
1039	0
1040	0
1041	0
1042	0
1043	0
1044	0
1045	0
1046	0
1047	0
1048	0
1049	0
1050	0
1051	0
1052	0
1053	0
1054	0
1055	0
1056	0
1057	0
1058	0
1059	0
1060	0
1061	0
1062	0
1063	0
1064	0
1065	0
1066	0
1067	0
1068	0
1069	0
1070	0
1071	0
1072	0
1073	0
1074	0
1075	0
1076	0
1077	0
1078	0
1079	0
1080	0
1081	0
1082	0
1083	0
1084	0
1085	0
1086	0
1087	0
1088	0
1089	0
1090	0
1091	0
1092	0
1093	0
1094	0
1095	0
1096	0
1097	0
1098	0
1099	0
1100	0
1101	0
1102	0
1103	0
1104	0
1105	0
1106	0
1107	0
1108	0
1109	0
1110	0
1111	0
1112	0
1113	0
1114	0
1115	0
1116	0
1117	0
1118	0
1119	-1
1120	0
1121	0
1122	0
1123	0
1124	0
1125	0
1126	0
1127	0
1128	0
1129	0
1130	0
1131	1
1132	0
1133	0
1134	0
1135	0
1136	0
1137	1
1138	0
1139	0
1140	0
1141	1
1142	0
1143	0
1144	0
1145	0
1146	0
1147	0
1148	0
1149	0
1150	0
1151	0
1152	0
1153	1
1154	0
1155	0
1156	0
1157	0
1158	0
1159	0
1160	0
1161	0
1162	0
1163	0
1164	0
1165	0
1166	0
1167	0
1168	0
1169	0
1170	0
1171	0
1172	0
1173	0
1174	0
1175	1
1176	0
1177	0
1178	0
1179	0
1180	0
1181	0
1182	0
1183	1
1184	0
1185	0
1186	0
1187	1
1188	0
1189	1
1190	0
1191	1
1192	0
1193	0
1194	0
1195	0
1196	0
1197	1
1198	0
1199	0
1200	0
1201	0
1202	0
1203	0
1204	0
1205	0
1206	0
1207	0
1208	0
1209	0
1210	0
1211	0
1212	0
1213	0
1214	0
1215	0
1216	0
1217	0
1218	0
1219	0
1220	0
1221	0
1222	0
1223	0
1224	0
1225	0
1226	0
1227	0
1228	0
1229	0
1230	0
1231	0
1232	0
1233	0
1234	0
1235	1
1236	0
1237	0
1238	0
1239	0
1240	0
1241	0
1242	0
1243	1
1244	0
1245	0
1246	0
1247	1
1248	0
1249	0
1250	0
1251	0
1252	1
1253	0
1254	0
1255	0
1256	0
1257	0
1258	0
1259	1
1260	0
1261	0
1262	1
1263	2
1264	0
1265	1
1266	0
1267	1
1268	0
1269	0
1270	0
1271	0
1272	0
1273	0
1274	0
1275	1
1276	0
1277	0
1278	0
1279	0
1280	0
1281	0
1282	0
1283	1
1284	0
1285	0
1286	0
1287	0
1288	0
1289	0
1290	0
1291	0
1292	0
1293	0
1294	0
1295	0
1296	0
1297	0
1298	0
1299	0
1300	0
1301	1
1302	0
1303	0
1304	0
1305	1
1306	0
1307	0
1308	0
1309	0
1310	1
1311	0
1312	2
1313	0
1314	0
1315	1
1316	0
1317	0
1318	0
1319	1
1320	0
1321	0
1322	0
1323	1
1324	0
1325	1
1326	0
1327	0
1328	0
1329	0
1330	0
1331	0
1332	0
1333	0
1334	0
1335	1
1336	0
1337	0
1338	0
1339	0
1340	0
1341	1
1342	0
1343	1
1344	1
1345	1
1346	0
1347	1
1348	0
1349	1
1350	0
1351	1
1352	0
1353	1
1354	0
1355	0
1356	0
1357	0
1358	0
1359	1
1360	0
1361	0
1362	0
1363	0
1364	0
1365	0
1366	0
1367	1
1368	0
1369	0
1370	0
1371	0
1372	0
1373	0
1374	0
1375	0
1376	0
1377	0
1378	0
1379	0
1380	0
1381	0
1382	0
1383	1
1384	0
1385	0
1386	0
1387	0
1388	0
1389	0
1390	0
1391	0
1392	0
1393	1
1394	0
1395	1
1396	0
1397	1
1398	0
1399	1
1400	0
1401	0
1402	0
1403	1
1404	0
1405	0
1406	0
1407	0
1408	0
1409	1
1410	0
1411	1
1412	0
1413	1
1414	0
1415	1
1416	0
1417	1
1418	0
1419	0
1420	0
1421	1
1422	1
1423	1
1424	0
1425	1
1426	1
1427	2
1428	1
1429	1
1430	1
1431	2
1432	1
1433	2
1434	1
1435	1
1436	1
1437	2
1438	1
1439	2
1440	2
1441	1
1442	1
1443	1
1444	1
1445	2
1446	2
1447	2
1448	3
1449	1
1450	1
1451	2
1452	1
1453	2
1454	2
1455	3
1456	2
1457	3
1458	2
1459	4
1460	1
1461	4
1462	1
1463	2
1464	1
1465	3
1466	1
1467	4
1468	2
1469	3
1470	2
1471	4
1472	2
1473	3
1474	1
1475	3
1476	1
1477	3
1478	2
1479	3
1480	2
1481	3
1482	2
1483	2
1484	2
1485	3
1486	2
1487	2
1488	2
1489	2
1490	1
1491	4
1492	2
1493	3
1494	2
1495	3
1496	2
1497	3
1498	2
1499	3
1500	1
1501	3
1502	2
1503	2
1504	2
1505	2
1506	1
1507	2
1508	1
1509	1
1510	2
1511	2
1512	1
1513	3
1514	1
1515	1
1516	0
1517	2
1518	2
1519	2
1520	1
1521	1
1522	1
1523	2
1524	1
1525	4
1526	1
1527	2
1528	1
1529	1
1530	1
1531	2
1532	1
1533	2
1534	0
1535	1
1536	2
1537	3
1538	2
1539	2
1540	2
1541	2
1542	2
1543	2
1544	2
1545	1
1546	2
1547	2
1548	2
1549	2
1550	2
1551	2
1552	2
1553	3
1554	2
1555	4
1556	2
1557	4
1558	3
1559	4
1560	2
1561	4
1562	2
1563	3
1564	3
1565	4
1566	3
1567	3
1568	3
1569	4
1570	3
1571	5
1572	2
1573	4
1574	3
1575	5
1576	3
1577	4
1578	2
1579	3
1580	3
1581	4
1582	3
1583	3
1584	2
1585	3
1586	1
1587	3
1588	3
1589	3
1590	1
1591	3
1592	2
1593	4
1594	2
1595	3
1596	3
1597	2
1598	1
1599	2
1600	1
1601	3
1602	2
1603	3
1604	2
1605	2
1606	2
1607	3
1608	2
1609	4
1610	2
1611	3
1612	2
1613	3
1614	2
1615	2
1616	2
1617	2
1618	1
1619	2
1620	1
1621	3
1622	2
1623	1
1624	1
1625	2
1626	1
1627	1
1628	1
1629	3
1630	2
1631	2
1632	1
1633	2
1634	1
1635	1
1636	2
1637	2
1638	1
1639	3
1640	1
1641	2
1642	1
1643	2
1644	1
1645	3
1646	2
1647	1
1648	2
1649	3
1650	1
1651	2
1652	2
1653	2
1654	2
1655	2
1656	1
1657	2
1658	1
1659	3
1660	2
1661	2
1662	1
1663	3
1664	1
1665	2
1666	1
1667	3
1668	2
1669	3
1670	2
1671	2
1672	0
1673	1
1674	1
1675	2
1676	2
1677	2
1678	1
1679	2
1680	2
1681	3
1682	2
1683	3
1684	3
1685	3
1686	2
1687	3
1688	3
1689	2
1690	2
1691	4
1692	3
1693	4
1694	4
1695	4
1696	3
1697	3
1698	3
1699	4
1700	3
1701	4
1702	3
1703	4
1704	3
1705	4
1706	2
1707	4
1708	2
1709	4
1710	3
1711	4
1712	3
1713	4
1714	3
1715	4
1716	3
1717	4
1718	3
1719	3
1720	4
1721	2
1722	2
1723	2
1724	1
1725	4
1726	3
1727	4
1728	2
1729	4
1730	2
1731	4
1732	2
1733	3
1734	3
1735	3
1736	2
1737	3
1738	2
1739	3
1740	2
1741	4
1742	2
1743	4
1744	3
1745	3
1746	3
1747	3
1748	2
1749	3
1750	3
1751	3
1752	3
1753	3
1754	3
1755	4
1756	4
1757	4
1758	3
1759	4
1760	2
1761	4
1762	3
1763	4
1764	3
1765	4
1766	3
1767	4
1768	3
1769	4
1770	3
1771	3
1772	2
1773	4
1774	1
1775	4
1776	2
1777	4
1778	2
1779	3
1780	2
1781	4
1782	3
1783	3
1784	2
1785	4
1786	2
1787	3
1788	2
1789	4
1790	2
1791	3
1792	1
1793	2
1794	1
1795	2
1796	1
1797	2
1798	0
1799	1
1800	0
1801	1
1802	1
1803	3
1804	1
1805	1
1806	0
1807	1
1808	1
1809	1
1810	1
1811	1
1812	1
1813	1
1814	0
1815	0
1816	0
1817	1
1818	1
1819	3
1820	2
1821	3
1822	1
1823	2
1824	0
1825	1
1826	1
1827	3
1828	1
1829	2
1830	1
1831	1
1832	1
1833	2
1834	1
1835	0
1836	1
1837	2
1838	1
1839	2
1840	1
1841	2
1842	1
1843	3
1844	1
1845	2
1846	0
1847	2
1848	1
1849	2
1850	1
1851	2
1852	0
1853	1
1854	1
1855	2
1856	0
1857	2
1858	0
1859	2
1860	0
1861	2
1862	0
1863	0
1864	0
1865	2
1866	0
1867	2
1868	1
1869	3
1870	1
1871	1
1872	1
1873	1
1874	0
1875	2
1876	1
1877	3
1878	3
1879	3
1880	1
1881	3
1882	2
1883	3
1884	2
1885	2
1886	2
1887	3
1888	2
1889	3
1890	3
1891	3
1892	2
1893	3
1894	2
1895	3
1896	2
1897	4
1898	2
1899	3
1900	2
1901	3
1902	3
1903	3
1904	3
1905	3
1906	3
1907	3
1908	4
1909	3
1910	2
1911	4
1912	1
1913	3
1914	1
1915	4
1916	2
1917	3
1918	1
1919	3
1920	2
1921	2
1922	3
1923	3
1924	2
1925	1
1926	2
1927	3
1928	1
1929	3
1930	1
1931	3
1932	1
1933	3
1934	0
1935	3
1936	2
1937	2
1938	1
1939	1
1940	2
1941	1
1942	1
1943	2
1944	2
1945	2
1946	1
1947	1
1948	1
1949	3
1950	2
1951	4
1952	2
1953	3
1954	2
1955	4
1956	2
1957	2
1958	1
1959	3
1960	1
1961	2
1962	1
1963	2
1964	0
1965	2
1966	1
1967	2
1968	1
1969	2
1970	2
1971	4
1972	2
1973	2
1974	1
1975	2
1976	2
1977	2
1978	2
1979	1
1980	1
1981	2
1982	2
1983	3
1984	2
1985	3
1986	2
1987	3
1988	2
1989	4
1990	2
1991	4
1992	2
1993	3
1994	3
1995	2
1996	2
1997	3
1998	1
1999	3
