0	2
1	5
2	3
3	4
4	2
5	5
6	4
7	5
8	4
9	7
10	4
11	5
12	4
13	7
14	4
15	7
16	4
17	6
18	3
19	7
20	3
21	5
22	3
23	5
24	3
25	6
26	4
27	6
28	2
29	6
30	4
31	6
32	4
33	5
34	4
35	5
36	2
37	5
38	4
39	5
40	3
41	4
42	2
43	4
44	1
45	5
46	2
47	4
48	3
49	4
50	3
51	4
52	3
53	4
54	4
55	5
56	3
57	6
58	4
59	6
60	6
61	7
62	4
63	5
64	4
65	7
66	4
67	5
68	5
69	4
70	4
71	5
72	5
73	5
74	4
75	4
76	4
77	4
78	4
79	5
80	4
81	5
82	4
83	5
84	4
85	4
86	5
87	4
88	2
89	4
90	3
91	3
92	4
93	4
94	3
95	4
96	4
97	5
98	3
99	6
100	2
101	5
102	4
103	4
104	4
105	4
106	4
107	4
108	3
109	6
110	3
111	5
112	3
113	4
114	3
115	4
116	3
117	4
118	3
119	5
120	3
121	4
122	2
123	5
124	3
125	4
126	3
127	3
128	2
129	3
130	3
131	3
132	3
133	3
134	3
135	4
136	4
137	3
138	4
139	4
140	3
141	3
142	5
143	3
144	4
145	5
146	4
147	5
148	5
149	4
150	4
151	5
152	3
153	6
154	3
155	7
156	4
157	6
158	3
159	3
160	2
161	5
162	4
163	6
164	2
165	5
166	4
167	6
168	4
169	7
170	4
171	6
172	4
173	7
174	4
175	6
176	3
177	6
178	3
179	6
180	4
181	7
182	5
183	8
184	4
185	7
186	4
187	7
188	4
189	7
190	6
191	5
192	3
193	5
194	3
195	6
196	4
197	5
198	2
199	5
200	2
201	4
202	2
203	4
204	2
205	3
206	3
207	3
208	1
209	4
210	2
211	2
212	2
213	3
214	1
215	3
216	1
217	4
218	3
219	4
220	2
221	4
222	2
223	4
224	1
225	4
226	2
227	4
228	2
229	4
230	3
231	5
232	1
233	4
234	4
235	3
236	4
237	5
238	4
239	5
240	5
241	5
242	4
243	6
244	5
245	6
246	5
247	7
248	6
249	7
250	5
251	7
252	5
253	6
254	6
255	7
256	4
257	6
258	4
259	6
260	4
261	4
262	3
263	5
264	3
265	5
266	4
267	6
268	4
269	4
270	3
271	4
272	2
273	5
274	4
275	5
276	4
277	4
278	4
279	5
280	4
281	5
282	3
283	5
284	4
285	6
286	4
287	5
288	4
289	5
290	4
291	4
292	3
293	4
294	3
295	5
296	3
297	6
298	1
299	4
300	3
301	4
302	3
303	5
304	3
305	5
306	3
307	5
308	4
309	4
310	3
311	4
312	3
313	7
314	3
315	4
316	3
317	5
318	4
319	6
320	4
321	7
322	3
323	6
324	4
325	7
326	4
327	6
328	4
329	7
330	3
331	5
332	4
333	5
334	4
335	6
336	4
337	5
338	4
339	4
340	3
341	4
342	3
343	4
344	3
345	4
346	4
347	4
348	3
349	4
350	3
351	4
352	2
353	5
354	3
355	5
356	3
357	5
358	4
359	4
360	2
361	4
362	3
363	6
364	4
365	6
366	4
367	5
368	3
369	4
370	2
371	4
372	3
373	4
374	3
375	4
376	3
377	3
378	4
379	4
380	4
381	5
382	3
383	4
384	2
385	4
386	2
387	4
388	3
389	3
390	2
391	4
392	3
393	3
394	2
395	4
396	1
397	3
398	2
399	6
400	3
401	5
402	3
403	5
404	3
405	4
406	4
407	2
408	2
409	4
410	3
411	4
412	3
413	4
414	4
415	5
416	6
417	8
418	9
419	11
420	12
421	16
422	16
423	21
424	22
425	26
426	27
427	34
428	36
429	40
430	44
431	49
432	52
433	58
434	59
435	66
436	67
437	76
438	77
439	83
440	86
441	91
442	94
443	97
444	101
445	106
446	109
447	111
448	113
449	118
450	119
451	123
452	124
453	127
454	128
455	129
456	131
457	132
458	132
459	133
460	133
461	134
462	133
463	134
464	133
465	133
466	132
467	131
468	129
469	128
470	126
471	127
472	123
473	122
474	118
475	118
476	115
477	114
478	113
479	112
480	110
481	108
482	104
483	103
484	100
485	99
486	96
487	96
488	92
489	90
490	88
491	87
492	85
493	83
494	79
495	78
496	76
497	77
498	77
499	78
500	62
501	68
502	64
503	65
504	63
505	62
506	59
507	56
508	54
509	52
510	50
511	50
512	48
513	49
514	45
515	44
516	42
517	42
518	39
519	40
520	38
521	38
522	37
523	35
524	34
525	34
526	32
527	30
528	30
529	28
530	27
531	27
532	26
533	25
534	25
535	25
536	24
537	23
538	22
539	21
540	20
541	21
542	18
543	19
544	16
545	17
546	14
547	14
548	11
549	13
550	11
551	11
552	10
553	9
554	9
555	9
556	6
557	8
558	6
559	7
560	4
561	6
562	4
563	4
564	2
565	4
566	2
567	2
568	2
569	3
570	1
571	3
572	0
573	2
574	0
575	3
576	0
577	2
578	1
579	2
580	0
581	1
582	0
583	0
584	0
585	0
586	0
587	0
588	-1
589	0
590	-2
591	0
592	-2
593	0
594	-2
595	0
596	-4
597	0
598	-3
599	0
600	-3
601	0
602	-3
603	-1
604	-3
605	0
606	-2
607	-1
608	-2
609	0
610	-2
611	0
612	-1
613	0
614	-3
615	-1
616	-3
617	0
618	-3
619	-1
620	0
621	0
622	-2
623	0
624	-2
625	0
626	-3
627	0
628	-3
629	0
630	-3
631	0
632	-2
633	-1
634	-2
635	0
636	-3
637	-1
638	-4
639	-2
640	-4
641	0
642	-5
643	-1
644	-4
645	-2
646	-5
647	-2
648	-4
649	-1
650	-3
651	-2
652	-4
653	-2
654	-4
655	-1
656	-4
657	-1
658	-3
659	0
660	-3
661	0
662	-2
663	-1
664	-3
665	0
666	-2
667	-2
668	-3
669	-1
670	-3
671	-1
672	-5
673	0
674	-5
675	-1
676	-3
677	-1
678	-3
679	0
680	-4
681	-3
682	-4
683	-1
684	-3
685	-1
686	-4
687	-2
688	-4
689	-2
690	-5
691	-2
692	-5
693	-2
694	-5
695	-3
696	-6
697	-3
698	-6
699	-2
700	-5
701	-2
702	-5
703	-3
704	-7
705	-5
706	-7
707	-3
708	-6
709	-2
710	-5
711	-3
712	-6
713	-4
714	-6
715	-2
716	-7
717	-2
718	-6
719	-2
720	-6
721	-4
722	-7
723	-3
724	-7
725	-3
726	-6
727	-4
728	-6
729	-3
730	-6
731	-3
732	-6
733	-2
734	-5
735	-4
736	-5
737	-4
738	-4
739	-4
740	-4
741	-3
742	-5
743	-3
744	-5
745	-3
746	-5
747	-2
748	-4
749	-3
750	-4
751	-2
752	-2
753	-4
754	-4
755	0
756	-2
757	-1
758	-3
759	0
760	-2
761	-2
762	-3
763	-1
764	-6
765	0
766	-4
767	-1
768	-5
769	0
770	-3
771	0
772	-3
773	0
774	-4
775	0
776	-4
777	0
778	-3
779	-1
780	-2
781	-2
782	-4
783	-1
784	-5
785	-2
786	-4
787	-1
788	-2
789	-1
790	-2
791	0
792	-2
793	0
794	-3
795	0
796	-4
797	-1
798	-4
799	-1
800	-3
801	-1
802	-4
803	0
804	-3
805	-1
806	-4
807	-2
808	-4
809	-2
810	-3
811	-2
812	-3
813	-1
814	-5
815	-1
816	-4
817	-2
818	-4
819	-2
820	-5
821	-2
822	-4
823	-3
824	-5
825	-3
826	-5
827	-2
828	-4
829	-2
830	-5
831	-3
832	-4
833	-4
834	-4
835	-4
836	-5
837	-3
838	-4
839	-4
840	-3
841	-3
842	-4
843	-4
844	-4
845	-3
846	-4
847	-3
848	-6
849	-2
850	-5
851	-4
852	-5
853	-2
854	-4
855	-3
856	-5
857	-4
858	-5
859	-3
860	-5
861	-2
862	-5
863	-3
864	-5
865	-3
866	-4
867	-2
868	-5
869	-2
870	-4
871	-1
872	-4
873	-1
874	-4
875	-1
876	-4
877	-1
878	-3
879	0
880	-2
881	0
882	-3
883	-1
884	-2
885	-2
886	-3
887	-1
888	-4
889	-1
890	-4
891	-2
892	-3
893	-2
894	-3
895	-2
896	-3
897	-2
898	-4
899	-3
900	-5
901	-3
902	-4
903	-3
904	-4
905	-3
906	-5
907	-2
908	-4
909	-2
910	-4
911	-2
912	-4
913	-3
914	-4
915	-3
916	-4
917	-3
918	-4
919	-2
920	-4
921	-1
922	-3
923	-3
924	-4
925	-3
926	-4
927	-2
928	-3
929	-2
930	-4
931	-2
932	-3
933	-2
934	-3
935	-2
936	-5
937	-2
938	-3
939	-1
940	-3
941	-1
942	-3
943	-3
944	-4
945	-2
946	-3
947	-1
948	-3
949	-1
950	-3
951	-2
952	-2
953	-2
954	-3
955	-2
956	-3
957	-2
958	-2
959	-2
960	-3
961	-3
962	-3
963	-2
964	-4
965	-2
966	-4
967	-2
968	-3
969	-1
970	-3
971	-1
972	-2
973	-2
974	-2
975	-1
976	-2
977	-1
978	-3
979	-1
980	-3
981	-1
982	-4
983	-2
984	-2
985	0
986	-2
987	-1
988	-3
989	0
990	-2
991	0
992	-3
993	-1
994	-2
995	-1
996	-2
997	-1
998	-3
999	-1
1000	-3
1001	0
1002	-3
1003	-1
1004	-4
1005	0
1006	-4
1007	-1
1008	-2
1009	-2
1010	-3
1011	-2
1012	-3
1013	-1
1014	-3
1015	-2
1016	-3
1017	-2
1018	-2
1019	-2
1020	-3
1021	-2
1022	-4
1023	-2
1024	-3
1025	-2
1026	-3
1027	-1
1028	-2
1029	-1
1030	-2
1031	-1
1032	-3
1033	-1
1034	-2
1035	-1
1036	-2
1037	-1
1038	-1
1039	0
1040	-2
1041	-2
1042	-2
1043	-1
1044	-2
1045	-1
1046	-2
1047	-1
1048	-2
1049	0
1050	-2
1051	0
1052	-2
1053	-1
1054	-2
1055	-1
1056	-1
1057	-2
1058	-1
1059	0
1060	-3
1061	-1
1062	-3
1063	-1
1064	-1
1065	0
1066	-2
1067	0
1068	0
1069	0
1070	-1
1071	0
1072	-2
1073	0
1074	-2
1075	-1
1076	-1
1077	0
1078	-2
1079	0
1080	-1
1081	-1
1082	-2
1083	-1
1084	-2
1085	-1
1086	-1
1087	-1
1088	-1
1089	-1
1090	-2
1091	-1
1092	-2
1093	-1
1094	-2
1095	-1
1096	-2
1097	-1
1098	-1
1099	0
1100	-1
1101	-1
1102	-2
1103	-1
1104	-1
1105	-1
1106	-3
1107	0
1108	-1
1109	0
1110	0
1111	0
1112	0
1113	0
1114	0
1115	0
1116	0
1117	0
1118	0
1119	0
1120	0
1121	0
1122	0
1123	0
1124	0
1125	1
1126	0
1127	1
1128	0
1129	0
1130	0
1131	0
1132	-1
1133	0
1134	0
1135	0
1136	-1
1137	0
1138	-2
1139	0
1140	-1
1141	0
1142	-3
1143	-2
1144	-4
1145	-1
1146	-2
1147	-1
1148	-3
1149	-1
1150	-3
1151	-1
1152	-2
1153	-1
1154	-1
1155	-2
1156	-1
1157	-1
1158	-3
1159	-1
1160	-2
1161	-1
1162	-2
1163	-1
1164	-2
1165	0
1166	-1
1167	-1
1168	0
1169	0
1170	-1
1171	0
1172	0
1173	0
1174	0
1175	0
1176	-1
1177	0
1178	-2
1179	-1
1180	-1
1181	0
1182	0
1183	0
1184	-1
1185	0
1186	-1
1187	0
1188	-1
1189	0
1190	-1
1191	0
1192	-1
1193	0
1194	-1
1195	0
1196	-1
1197	0
1198	0
1199	0
1200	-1
1201	0
1202	-1
1203	0
1204	0
1205	0
1206	0
1207	0
1208	0
1209	1
1210	1
1211	0
1212	0
1213	2
1214	0
1215	2
1216	0
1217	1
1218	0
1219	0
1220	1
1221	1
1222	0
1223	1
1224	0
1225	1
1226	0
1227	1
1228	0
1229	0
1230	0
1231	0
1232	0
1233	0
1234	0
1235	0
1236	-1
1237	0
1238	0
1239	0
1240	0
1241	0
1242	0
1243	1
1244	0
1245	1
1246	0
1247	0
1248	0
1249	0
1250	0
1251	2
1252	1
1253	1
1254	1
1255	1
1256	1
1257	2
1258	1
1259	3
1260	0
1261	3
1262	1
1263	0
1264	0
1265	2
1266	0
1267	2
1268	0
1269	0
1270	0
1271	1
1272	0
1273	1
1274	0
1275	1
1276	0
1277	1
1278	0
1279	1
1280	0
1281	1
1282	0
1283	1
1284	0
1285	1
1286	0
1287	2
1288	1
1289	2
1290	1
1291	2
1292	1
1293	1
1294	1
1295	2
1296	0
1297	2
1298	0
1299	2
1300	0
1301	3
1302	0
1303	2
1304	1
1305	2
1306	0
1307	2
1308	1
1309	1
1310	1
1311	1
1312	2
1313	2
1314	1
1315	2
1316	1
1317	3
1318	1
1319	2
1320	1
1321	3
1322	1
1323	2
1324	1
1325	2
1326	1
1327	2
1328	0
1329	2
1330	1
1331	3
1332	0
1333	3
1334	2
1335	3
1336	0
1337	2
1338	0
1339	1
1340	1
1341	2
1342	0
1343	2
1344	0
1345	1
1346	0
1347	1
1348	0
1349	0
1350	-1
1351	0
1352	0
1353	0
1354	0
1355	0
1356	0
1357	0
1358	-1
1359	0
1360	-1
1361	0
1362	-1
1363	0
1364	0
1365	0
1366	0
1367	0
1368	0
1369	0
1370	-1
1371	0
1372	0
1373	0
1374	0
1375	0
1376	0
1377	1
1378	0
1379	2
1380	0
1381	1
1382	1
1383	2
1384	1
1385	3
1386	1
1387	2
1388	1
1389	3
1390	1
1391	2
1392	2
1393	3
1394	2
1395	3
1396	2
1397	3
1398	2
1399	5
1400	2
1401	4
1402	2
1403	3
1404	2
1405	4
1406	2
1407	2
1408	2
1409	2
1410	3
1411	4
1412	3
1413	3
1414	2
1415	4
1416	1
1417	2
1418	2
1419	3
1420	1
1421	3
1422	2
1423	3
1424	3
1425	4
1426	3
1427	3
1428	3
1429	4
1430	4
1431	4
1432	2
1433	4
1434	2
1435	3
1436	2
1437	3
1438	1
1439	3
1440	1
1441	3
1442	1
1443	3
1444	1
1445	2
1446	2
1447	3
1448	0
1449	2
1450	1
1451	2
1452	0
1453	2
1454	0
1455	0
1456	0
1457	0
1458	0
1459	0
1460	0
1461	0
1462	0
1463	0
1464	0
1465	2
1466	0
1467	1
1468	0
1469	2
1470	0
1471	1
1472	0
1473	1
1474	0
1475	3
1476	1
1477	3
1478	0
1479	2
1480	1
1481	1
1482	0
1483	1
1484	1
1485	2
1486	0
1487	0
1488	0
1489	1
1490	0
1491	1
1492	0
1493	1
1494	0
1495	0
1496	0
1497	1
1498	0
1499	1
1500	1
1501	1
1502	0
1503	0
1504	0
1505	1
1506	0
1507	0
1508	0
1509	1
1510	0
1511	0
1512	0
1513	0
1514	-1
1515	1
1516	0
1517	0
1518	0
1519	1
1520	0
1521	1
1522	0
1523	1
1524	0
1525	1
1526	0
1527	1
1528	0
1529	2
1530	0
1531	2
1532	0
1533	2
1534	0
1535	3
1536	1
1537	2
1538	0
1539	1
1540	0
1541	3
1542	0
1543	3
1544	0
1545	2
1546	1
1547	2
1548	0
1549	1
1550	2
1551	2
1552	1
1553	1
1554	1
1555	2
1556	1
1557	2
1558	0
1559	1
1560	0
1561	1
1562	0
1563	0
1564	0
1565	0
1566	0
1567	0
1568	0
1569	0
1570	0
1571	0
1572	0
1573	0
1574	0
1575	0
1576	0
1577	0
1578	0
1579	1
1580	0
1581	0
1582	1
1583	0
1584	0
1585	1
1586	1
1587	2
1588	1
1589	2
1590	0
1591	1
1592	0
1593	1
1594	1
1595	1
1596	2
1597	2
1598	0
1599	1
1600	1
1601	0
1602	0
1603	2
1604	0
1605	1
1606	0
1607	2
1608	0
1609	3
1610	0
1611	2
1612	1
1613	1
1614	1
1615	2
1616	1
1617	3
1618	1
1619	2
1620	1
1621	4
1622	2
1623	2
1624	2
1625	3
1626	2
1627	4
1628	4
1629	3
1630	4
1631	4
1632	4
1633	4
1634	3
1635	5
1636	4
1637	5
1638	3
1639	4
1640	3
1641	5
1642	4
1643	5
1644	4
1645	5
1646	4
1647	5
1648	4
1649	6
1650	4
1651	7
1652	4
1653	7
1654	4
1655	6
1656	5
1657	4
1658	5
1659	5
1660	6
1661	6
1662	4
1663	6
1664	4
1665	7
1666	4
1667	6
1668	4
1669	6
1670	5
1671	6
1672	5
1673	6
1674	5
1675	6
1676	6
1677	7
1678	6
1679	6
1680	6
1681	6
1682	5
1683	6
1684	5
1685	6
1686	6
1687	5
1688	5
1689	7
1690	5
1691	8
1692	6
1693	6
1694	5
1695	7
1696	4
1697	5
1698	4
1699	6
1700	4
1701	6
1702	5
1703	6
1704	5
1705	5
1706	4
1707	5
1708	4
1709	4
1710	4
1711	4
1712	4
1713	5
1714	4
1715	6
1716	4
1717	6
1718	4
1719	6
1720	4
1721	6
1722	6
1723	5
1724	5
1725	6
1726	4
1727	5
1728	5
1729	6
1730	4
1731	6
1732	4
1733	5
1734	4
1735	5
1736	4
1737	4
1738	4
1739	4
1740	4
1741	5
1742	4
1743	4
1744	3
1745	5
1746	4
1747	4
1748	3
1749	5
1750	4
1751	4
1752	4
1753	4
1754	2
1755	4
1756	3
1757	5
1758	2
1759	4
1760	3
1761	4
1762	4
1763	4
1764	3
1765	3
1766	3
1767	4
1768	2
1769	4
1770	2
1771	4
1772	4
1773	3
1774	3
1775	3
1776	2
1777	4
1778	1
1779	3
1780	2
1781	2
1782	2
1783	2
1784	1
1785	2
1786	1
1787	3
1788	2
1789	3
1790	1
1791	3
1792	1
1793	3
1794	1
1795	3
1796	2
1797	3
1798	2
1799	2
1800	3
1801	2
1802	2
1803	2
1804	1
1805	4
1806	2
1807	2
1808	1
1809	1
1810	1
1811	2
1812	1
1813	2
1814	0
1815	2
1816	0
1817	2
1818	1
1819	0
1820	1
1821	3
1822	1
1823	2
1824	0
1825	2
1826	0
1827	1
1828	0
1829	1
1830	1
1831	1
1832	1
1833	1
1834	1
1835	2
1836	1
1837	1
1838	2
1839	2
1840	1
1841	0
1842	0
1843	3
1844	0
1845	1
1846	0
1847	3
1848	1
1849	1
1850	1
1851	3
1852	1
1853	2
1854	0
1855	1
1856	0
1857	2
1858	0
1859	1
1860	0
1861	2
1862	0
1863	1
1864	0
1865	1
1866	0
1867	2
1868	0
1869	0
1870	0
1871	1
1872	0
1873	1
1874	0
1875	3
1876	1
1877	2
1878	0
1879	3
1880	1
1881	3
1882	1
1883	2
1884	2
1885	2
1886	2
1887	4
1888	2
1889	3
1890	2
1891	3
1892	2
1893	3
1894	1
1895	2
1896	1
1897	3
1898	2
1899	4
1900	1
1901	3
1902	1
1903	1
1904	0
1905	1
1906	0
1907	1
1908	0
1909	1
1910	0
1911	1
1912	0
1913	1
1914	0
1915	0
1916	0
1917	2
1918	0
1919	1
1920	0
1921	1
1922	0
1923	3
1924	0
1925	1
1926	0
1927	1
1928	0
1929	2
1930	1
1931	3
1932	0
1933	3
1934	1
1935	3
1936	2
1937	1
1938	2
1939	3
1940	2
1941	2
1942	1
1943	1
1944	1
1945	3
1946	1
1947	4
1948	1
1949	2
1950	0
1951	1
1952	0
1953	2
1954	2
1955	2
1956	0
1957	2
1958	1
1959	2
1960	1
1961	3
1962	1
1963	2
1964	0
1965	2
1966	0
1967	2
1968	2
1969	3
1970	0
1971	3
1972	0
1973	3
1974	2
1975	3
1976	1
1977	3
1978	2
1979	2
1980	1
1981	2
1982	2
1983	1
1984	2
1985	2
1986	1
1987	2
1988	2
1989	3
1990	1
1991	2
1992	2
1993	1
1994	2
1995	3
1996	1
1997	3
1998	1
1999	2
