0	4
1	3
2	3
3	4
4	3
5	4
6	4
7	4
8	4
9	5
10	4
11	3
12	4
13	2
14	3
15	3
16	3
17	3
18	3
19	4
20	4
21	2
22	3
23	3
24	2
25	3
26	1
27	3
28	2
29	3
30	3
31	2
32	2
33	3
34	2
35	3
36	2
37	3
38	2
39	2
40	3
41	2
42	4
43	2
44	3
45	3
46	2
47	2
48	2
49	2
50	1
51	1
52	2
53	1
54	1
55	1
56	2
57	1
58	1
59	1
60	2
61	1
62	2
63	1
64	1
65	2
66	2
67	2
68	3
69	2
70	3
71	4
72	2
73	4
74	3
75	5
76	3
77	4
78	2
79	4
80	1
81	2
82	4
83	3
84	3
85	3
86	3
87	2
88	3
89	2
90	4
91	3
92	4
93	2
94	4
95	3
96	2
97	2
98	3
99	3
100	3
101	3
102	3
103	2
104	3
105	2
106	2
107	2
108	4
109	1
110	2
111	1
112	3
113	1
114	2
115	1
116	2
117	1
118	1
119	1
120	1
121	1
122	1
123	0
124	1
125	1
126	2
127	1
128	3
129	1
130	3
131	2
132	2
133	2
134	2
135	2
136	2
137	2
138	3
139	2
140	2
141	2
142	1
143	1
144	3
145	2
146	3
147	2
148	2
149	2
150	1
151	2
152	1
153	3
154	2
155	4
156	3
157	4
158	2
159	3
160	4
161	4
162	5
163	2
164	4
165	2
166	3
167	4
168	2
169	2
170	4
171	2
172	4
173	4
174	4
175	4
176	4
177	3
178	3
179	4
180	3
181	3
182	3
183	4
184	2
185	4
186	4
187	4
188	4
189	3
190	2
191	3
192	4
193	1
194	2
195	2
196	3
197	2
198	4
199	1
200	4
201	3
202	3
203	1
204	4
205	2
206	3
207	1
208	3
209	1
210	3
211	2
212	4
213	2
214	3
215	0
216	3
217	2
218	3
219	2
220	2
221	2
222	2
223	1
224	3
225	1
226	2
227	3
228	4
229	1
230	3
231	1
232	2
233	3
234	2
235	1
236	1
237	1
238	2
239	1
240	1
241	1
242	2
243	4
244	2
245	1
246	2
247	2
248	3
249	0
250	3
251	0
252	2
253	0
254	2
255	0
256	3
257	2
258	2
259	1
260	1
261	2
262	2
263	1
264	1
265	1
266	1
267	2
268	1
269	3
270	2
271	1
272	3
273	1
274	2
275	1
276	2
277	1
278	1
279	1
280	2
281	1
282	3
283	4
284	4
285	3
286	2
287	3
288	3
289	1
290	3
291	2
292	3
293	1
294	2
295	3
296	2
297	3
298	3
299	2
300	4
301	3
302	3
303	3
304	4
305	5
306	4
307	4
308	2
309	3
310	3
311	3
312	4
313	4
314	4
315	4
316	2
317	2
318	3
319	4
320	3
321	3
322	3
323	3
324	4
325	2
326	2
327	1
328	1
329	2
330	1
331	1
332	3
333	1
334	2
335	2
336	2
337	1
338	1
339	2
340	2
341	1
342	2
343	2
344	3
345	1
346	2
347	1
348	2
349	0
350	2
351	2
352	1
353	1
354	2
355	2
356	2
357	2
358	2
359	2
360	2
361	2
362	3
363	4
364	3
365	3
366	3
367	3
368	4
369	3
370	1
371	4
372	2
373	4
374	3
375	3
376	2
377	3
378	2
379	4
380	4
381	4
382	4
383	3
384	2
385	4
386	3
387	4
388	3
389	2
390	2
391	3
392	4
393	3
394	4
395	2
396	3
397	2
398	3
399	4
400	3
401	4
402	2
403	3
404	3
405	5
406	5
407	4
408	4
409	4
410	4
411	3
412	4
413	6
414	6
415	8
416	9
417	11
418	13
419	13
420	15
421	18
422	21
423	22
424	26
425	27
426	33
427	34
428	37
429	39
430	43
431	47
432	50
433	54
434	58
435	61
436	63
437	67
438	69
439	74
440	77
441	80
442	83
443	86
444	89
445	91
446	95
447	97
448	98
449	103
450	104
451	107
452	108
453	110
454	110
455	112
456	113
457	114
458	114
459	115
460	115
461	118
462	115
463	116
464	115
465	116
466	116
467	113
468	114
469	113
470	112
471	111
472	110
473	108
474	107
475	104
476	103
477	102
478	100
479	100
480	99
481	96
482	96
483	93
484	92
485	92
486	90
487	88
488	86
489	85
490	83
491	82
492	82
493	79
494	78
495	75
496	74
497	75
498	75
499	78
500	62
501	68
502	65
503	66
504	66
505	65
506	63
507	62
508	60
509	58
510	56
511	57
512	57
513	56
514	55
515	52
516	52
517	49
518	48
519	47
520	47
521	47
522	45
523	45
524	44
525	43
526	40
527	40
528	37
529	37
530	36
531	36
532	36
533	35
534	34
535	33
536	33
537	31
538	29
539	29
540	27
541	27
542	24
543	24
544	23
545	20
546	20
547	19
548	18
549	17
550	16
551	15
552	15
553	15
554	13
555	13
556	12
557	12
558	12
559	11
560	10
561	10
562	9
563	8
564	9
565	8
566	8
567	9
568	8
569	8
570	6
571	6
572	6
573	5
574	5
575	6
576	3
577	5
578	4
579	4
580	2
581	3
582	3
583	2
584	3
585	1
586	1
587	0
588	0
589	0
590	0
591	0
592	0
593	1
594	0
595	-1
596	0
597	0
598	-1
599	-3
600	-2
601	-4
602	-2
603	-4
604	-4
605	-3
606	-4
607	-2
608	-4
609	-4
610	-4
611	-5
612	-7
613	-6
614	-6
615	-5
616	-6
617	-5
618	-5
619	-6
620	-4
621	-5
622	-5
623	-5
624	-5
625	-4
626	-6
627	-6
628	-6
629	-6
630	-6
631	-7
632	-6
633	-8
634	-7
635	-6
636	-7
637	-6
638	-7
639	-7
640	-7
641	-7
642	-7
643	-6
644	-5
645	-6
646	-5
647	-6
648	-7
649	-6
650	-7
651	-7
652	-5
653	-6
654	-7
655	-5
656	-5
657	-5
658	-4
659	-5
660	-5
661	-4
662	-5
663	-6
664	-6
665	-4
666	-6
667	-5
668	-5
669	-5
670	-5
671	-6
672	-6
673	-6
674	-5
675	-6
676	-7
677	-6
678	-8
679	-5
680	-6
681	-6
682	-6
683	-6
684	-3
685	-5
686	-5
687	-4
688	-4
689	-4
690	-5
691	-4
692	-5
693	-4
694	-6
695	-4
696	-4
697	-6
698	-5
699	-5
700	-5
701	-5
702	-5
703	-4
704	-5
705	-4
706	-5
707	-5
708	-4
709	-5
710	-7
711	-7
712	-6
713	-6
714	-6
715	-6
716	-7
717	-6
718	-5
719	-6
720	-5
721	-5
722	-4
723	-4
724	-5
725	-5
726	-7
727	-7
728	-8
729	-5
730	-7
731	-6
732	-6
733	-5
734	-7
735	-6
736	-5
737	-6
738	-7
739	-6
740	-7
741	-6
742	-5
743	-7
744	-5
745	-7
746	-5
747	-7
748	-5
749	-6
750	-6
751	-5
752	-7
753	-8
754	-6
755	-6
756	-5
757	-7
758	-7
759	-6
760	-7
761	-5
762	-7
763	-7
764	-6
765	-6
766	-6
767	-7
768	-7
769	-7
770	-8
771	-6
772	-8
773	-8
774	-8
775	-6
776	-7
777	-7
778	-6
779	-8
780	-5
781	-6
782	-7
783	-7
784	-6
785	-6
786	-6
787	-5
788	-6
789	-6
790	-6
791	-7
792	-6
793	-4
794	-7
795	-6
796	-8
797	-5
798	-8
799	-6
800	-6
801	-6
802	-5
803	-7
804	-6
805	-6
806	-6
807	-6
808	-6
809	-4
810	-6
811	-7
812	-6
813	-6
814	-6
815	-4
816	-6
817	-5
818	-5
819	-4
820	-5
821	-4
822	-4
823	-4
824	-5
825	-4
826	-6
827	-5
828	-6
829	-6
830	-6
831	-4
832	-5
833	-6
834	-6
835	-7
836	-6
837	-6
838	-7
839	-5
840	-7
841	-5
842	-5
843	-5
844	-9
845	-8
846	-9
847	-7
848	-8
849	-8
850	-9
851	-8
852	-8
853	-7
854	-6
855	-7
856	-6
857	-5
858	-7
859	-4
860	-6
861	-4
862	-4
863	-5
864	-5
865	-5
866	-5
867	-7
868	-5
869	-5
870	-5
871	-6
872	-4
873	-6
874	-3
875	-6
876	-4
877	-4
878	-5
879	-4
880	-4
881	-4
882	-3
883	-3
884	-4
885	-3
886	-3
887	-4
888	-4
889	-4
890	-3
891	-3
892	-4
893	-4
894	-3
895	-4
896	-4
897	-4
898	-4
899	-3
900	-4
901	-4
902	-4
903	-4
904	-5
905	-5
906	-3
907	-3
908	-4
909	-3
910	-4
911	-4
912	-4
913	-4
914	-4
915	-4
916	-4
917	-4
918	-4
919	-4
920	-4
921	-4
922	-4
923	-3
924	-4
925	-4
926	-5
927	-3
928	-6
929	-4
930	-5
931	-4
932	-5
933	-4
934	-4
935	-4
936	-4
937	-5
938	-5
939	-5
940	-4
941	-4
942	-5
943	-3
944	-5
945	-3
946	-4
947	-4
948	-3
949	-3
950	-2
951	-3
952	-3
953	-3
954	-3
955	-3
956	-4
957	-2
958	-3
959	-2
960	-3
961	-2
962	-1
963	-2
964	-3
965	-2
966	-2
967	-1
968	-3
969	-2
970	-3
971	-2
972	-3
973	-4
974	-3
975	-3
976	-3
977	-4
978	-4
979	-2
980	-3
981	-2
982	-3
983	-3
984	-4
985	-3
986	-4
987	-4
988	-3
989	-2
990	-2
991	-3
992	-4
993	-4
994	-3
995	-2
996	-2
997	-2
998	-2
999	0
1000	-2
1001	-2
1002	-3
1003	-2
1004	-4
1005	-1
1006	-3
1007	-2
1008	-3
1009	-2
1010	-3
1011	-2
1012	-2
1013	-2
1014	-3
1015	-1
1016	-3
1017	-2
1018	-2
1019	-2
1020	-2
1021	-1
1022	-3
1023	-1
1024	-2
1025	-2
1026	-2
1027	-1
1028	-2
1029	-2
1030	-1
1031	-1
1032	-3
1033	-1
1034	-3
1035	-1
1036	-2
1037	-1
1038	-1
1039	-2
1040	-1
1041	-2
1042	0
1043	-2
1044	0
1045	-1
1046	-1
1047	0
1048	-1
1049	-2
1050	-1
1051	-1
1052	-2
1053	-1
1054	-1
1055	-2
1056	-1
1057	-2
1058	-2
1059	-1
1060	-3
1061	-3
1062	-1
1063	-1
1064	0
1065	-1
1066	-2
1067	-2
1068	0
1069	-2
1070	0
1071	-1
1072	-1
1073	-1
1074	0
1075	-1
1076	-2
1077	-2
1078	-1
1079	-2
1080	-2
1081	-3
1082	-1
1083	-1
1084	-1
1085	-1
1086	-1
1087	-1
1088	-1
1089	-2
1090	-1
1091	-1
1092	0
1093	-1
1094	0
1095	-1
1096	-1
1097	0
1098	0
1099	0
1100	0
1101	-1
1102	0
1103	-1
1104	0
1105	0
1106	0
1107	0
1108	0
1109	0
1110	0
1111	0
1112	0
1113	0
1114	0
1115	0
1116	0
1117	0
1118	-1
1119	-1
1120	-1
1121	-1
1122	-1
1123	-2
1124	-2
1125	-2
1126	-2
1127	-1
1128	-1
1129	-1
1130	-2
1131	-1
1132	-1
1133	-1
1134	-2
1135	-1
1136	-1
1137	0
1138	-1
1139	-1
1140	0
1141	-1
1142	-1
1143	-1
1144	-1
1145	-2
1146	-1
1147	0
1148	-1
1149	0
1150	-1
1151	0
1152	0
1153	0
1154	0
1155	0
1156	0
1157	0
1158	0
1159	0
1160	0
1161	0
1162	0
1163	0
1164	0
1165	0
1166	0
1167	0
1168	0
1169	0
1170	0
1171	0
1172	0
1173	0
1174	0
1175	0
1176	0
1177	0
1178	0
1179	0
1180	0
1181	0
1182	0
1183	0
1184	0
1185	0
1186	-1
1187	0
1188	0
1189	0
1190	0
1191	0
1192	0
1193	0
1194	-1
1195	0
1196	0
1197	-1
1198	-1
1199	-1
1200	-1
1201	-1
1202	-1
1203	0
1204	-1
1205	0
1206	-1
1207	0
1208	0
1209	0
1210	0
1211	0
1212	0
1213	0
1214	0
1215	0
1216	0
1217	0
1218	0
1219	0
1220	0
1221	0
1222	0
1223	0
1224	0
1225	1
1226	0
1227	0
1228	0
1229	0
1230	0
1231	0
1232	0
1233	1
1234	0
1235	0
1236	0
1237	0
1238	0
1239	0
1240	0
1241	0
1242	0
1243	0
1244	0
1245	0
1246	0
1247	0
1248	0
1249	0
1250	0
1251	0
1252	0
1253	0
1254	0
1255	0
1256	0
1257	0
1258	0
1259	0
1260	1
1261	1
1262	1
1263	1
1264	2
1265	1
1266	1
1267	1
1268	2
1269	1
1270	2
1271	3
1272	2
1273	3
1274	2
1275	2
1276	3
1277	2
1278	2
1279	2
1280	2
1281	3
1282	3
1283	3
1284	2
1285	2
1286	2
1287	2
1288	2
1289	2
1290	2
1291	1
1292	1
1293	2
1294	2
1295	2
1296	2
1297	1
1298	2
1299	1
1300	2
1301	1
1302	2
1303	1
1304	2
1305	2
1306	1
1307	1
1308	1
1309	1
1310	1
1311	1
1312	1
1313	1
1314	2
1315	1
1316	1
1317	1
1318	1
1319	1
1320	1
1321	1
1322	1
1323	0
1324	1
1325	0
1326	0
1327	0
1328	0
1329	1
1330	0
1331	1
1332	0
1333	0
1334	0
1335	0
1336	0
1337	0
1338	0
1339	0
1340	0
1341	0
1342	0
1343	0
1344	0
1345	0
1346	1
1347	0
1348	0
1349	0
1350	1
1351	0
1352	0
1353	0
1354	1
1355	0
1356	0
1357	0
1358	0
1359	0
1360	0
1361	0
1362	0
1363	0
1364	0
1365	0
1366	0
1367	0
1368	0
1369	0
1370	0
1371	0
1372	0
1373	0
1374	0
1375	0
1376	0
1377	0
1378	0
1379	0
1380	0
1381	0
1382	0
1383	0
1384	0
1385	0
1386	0
1387	-1
1388	0
1389	0
1390	0
1391	0
1392	0
1393	0
1394	0
1395	0
1396	0
1397	0
1398	0
1399	0
1400	0
1401	0
1402	0
1403	0
1404	0
1405	0
1406	-1
1407	0
1408	0
1409	0
1410	0
1411	0
1412	0
1413	0
1414	0
1415	0
1416	0
1417	0
1418	0
1419	0
1420	0
1421	0
1422	0
1423	0
1424	0
1425	0
1426	0
1427	0
1428	0
1429	0
1430	1
1431	0
1432	0
1433	0
1434	0
1435	0
1436	0
1437	0
1438	0
1439	0
1440	0
1441	0
1442	1
1443	0
1444	1
1445	0
1446	1
1447	0
1448	0
1449	0
1450	0
1451	0
1452	0
1453	0
1454	0
1455	0
1456	0
1457	0
1458	0
1459	0
1460	0
1461	0
1462	1
1463	0
1464	0
1465	0
1466	0
1467	0
1468	0
1469	0
1470	0
1471	0
1472	0
1473	0
1474	0
1475	0
1476	0
1477	0
1478	0
1479	0
1480	0
1481	0
1482	0
1483	0
1484	0
1485	0
1486	0
1487	0
1488	0
1489	0
1490	0
1491	1
1492	0
1493	0
1494	0
1495	0
1496	1
1497	0
1498	0
1499	0
1500	0
1501	0
1502	0
1503	0
1504	0
1505	0
1506	1
1507	0
1508	0
1509	0
1510	0
1511	0
1512	0
1513	0
1514	0
1515	0
1516	0
1517	0
1518	0
1519	0
1520	0
1521	0
1522	0
1523	1
1524	1
1525	1
1526	0
1527	1
1528	0
1529	2
1530	1
1531	1
1532	1
1533	1
1534	2
1535	1
1536	2
1537	2
1538	3
1539	2
1540	2
1541	2
1542	3
1543	2
1544	2
1545	2
1546	2
1547	3
1548	3
1549	3
1550	4
1551	3
1552	3
1553	4
1554	4
1555	4
1556	4
1557	4
1558	4
1559	3
1560	3
1561	3
1562	4
1563	4
1564	4
1565	3
1566	3
1567	3
1568	2
1569	2
1570	3
1571	2
1572	3
1573	3
1574	2
1575	1
1576	2
1577	2
1578	2
1579	3
1580	2
1581	2
1582	2
1583	3
1584	2
1585	2
1586	2
1587	2
1588	2
1589	1
1590	2
1591	2
1592	3
1593	2
1594	3
1595	2
1596	3
1597	2
1598	4
1599	2
1600	3
1601	3
1602	2
1603	2
1604	3
1605	3
1606	4
1607	4
1608	4
1609	3
1610	3
1611	3
1612	3
1613	4
1614	3
1615	3
1616	3
1617	4
1618	3
1619	4
1620	4
1621	3
1622	3
1623	3
1624	4
1625	3
1626	4
1627	4
1628	3
1629	4
1630	3
1631	4
1632	4
1633	4
1634	4
1635	4
1636	4
1637	4
1638	4
1639	4
1640	3
1641	3
1642	4
1643	3
1644	3
1645	4
1646	4
1647	3
1648	4
1649	3
1650	3
1651	3
1652	3
1653	3
1654	2
1655	2
1656	2
1657	3
1658	2
1659	2
1660	2
1661	3
1662	3
1663	2
1664	2
1665	1
1666	2
1667	1
1668	3
1669	1
1670	2
1671	1
1672	2
1673	2
1674	1
1675	1
1676	1
1677	1
1678	2
1679	1
1680	1
1681	1
1682	2
1683	1
1684	2
1685	0
1686	3
1687	1
1688	2
1689	2
1690	2
1691	2
1692	2
1693	2
1694	2
1695	1
1696	2
1697	1
1698	0
1699	1
1700	0
1701	2
1702	2
1703	1
1704	1
1705	0
1706	1
1707	0
1708	1
1709	0
1710	0
1711	1
1712	0
1713	1
1714	0
1715	1
1716	0
1717	1
1718	1
1719	2
1720	0
1721	2
1722	1
1723	1
1724	1
1725	1
1726	1
1727	1
1728	0
1729	1
1730	1
1731	0
1732	2
1733	0
1734	2
1735	1
1736	2
1737	2
1738	1
1739	1
1740	1
1741	0
1742	2
1743	2
1744	2
1745	1
1746	2
1747	1
1748	3
1749	2
1750	2
1751	0
1752	2
1753	2
1754	1
1755	0
1756	1
1757	0
1758	0
1759	0
1760	0
1761	0
1762	0
1763	0
1764	0
1765	0
1766	0
1767	0
1768	0
1769	0
1770	0
1771	0
1772	0
1773	1
1774	0
1775	0
1776	0
1777	1
1778	1
1779	1
1780	0
1781	0
1782	0
1783	1
1784	0
1785	0
1786	0
1787	0
1788	1
1789	1
1790	0
1791	0
1792	0
1793	2
1794	1
1795	1
1796	2
1797	1
1798	1
1799	2
1800	1
1801	2
1802	2
1803	1
1804	2
1805	3
1806	2
1807	2
1808	2
1809	3
1810	3
1811	4
1812	2
1813	2
1814	2
1815	3
1816	3
1817	3
1818	3
1819	3
1820	3
1821	4
1822	4
1823	4
1824	5
1825	4
1826	4
1827	4
1828	3
1829	4
1830	3
1831	4
1832	4
1833	4
1834	5
1835	3
1836	4
1837	4
1838	4
1839	4
1840	3
1841	3
1842	3
1843	2
1844	4
1845	3
1846	3
1847	3
1848	3
1849	2
1850	3
1851	2
1852	4
1853	2
1854	4
1855	2
1856	3
1857	2
1858	2
1859	2
1860	2
1861	2
1862	3
1863	2
1864	3
1865	1
1866	2
1867	1
1868	2
1869	2
1870	2
1871	2
1872	3
1873	2
1874	2
1875	1
1876	2
1877	3
1878	2
1879	2
1880	2
1881	2
1882	2
1883	1
1884	2
1885	1
1886	3
1887	2
1888	2
1889	1
1890	1
1891	2
1892	1
1893	2
1894	1
1895	2
1896	1
1897	1
1898	1
1899	1
1900	1
1901	1
1902	1
1903	1
1904	2
1905	1
1906	1
1907	1
1908	1
1909	1
1910	1
1911	1
1912	0
1913	1
1914	0
1915	0
1916	0
1917	1
1918	0
1919	1
1920	1
1921	1
1922	0
1923	0
1924	0
1925	0
1926	1
1927	0
1928	0
1929	0
1930	0
1931	0
1932	0
1933	0
1934	0
1935	0
1936	0
1937	0
1938	0
1939	0
1940	0
1941	0
1942	0
1943	1
1944	1
1945	1
1946	1
1947	1
1948	2
1949	1
1950	1
1951	2
1952	2
1953	3
1954	3
1955	2
1956	3
1957	1
1958	3
1959	2
1960	2
1961	2
1962	2
1963	1
1964	1
1965	0
1966	1
1967	2
1968	0
1969	0
1970	0
1971	1
1972	0
1973	0
1974	0
1975	0
1976	0
1977	0
1978	0
1979	0
1980	0
1981	0
1982	0
1983	1
1984	0
1985	1
1986	0
1987	1
1988	0
1989	0
1990	0
1991	0
1992	1
1993	0
1994	1
1995	0
1996	2
1997	1
1998	1
1999	2
