0	3
1	8
2	5
3	6
4	5
5	8
6	5
7	7
8	3
9	6
10	3
11	7
12	4
13	6
14	4
15	7
16	3
17	8
18	3
19	7
20	4
21	7
22	4
23	6
24	4
25	6
26	4
27	7
28	5
29	8
30	5
31	6
32	4
33	7
34	5
35	8
36	5
37	6
38	4
39	8
40	4
41	8
42	5
43	7
44	3
45	5
46	4
47	5
48	4
49	6
50	4
51	6
52	4
53	6
54	3
55	4
56	2
57	4
58	2
59	3
60	2
61	4
62	3
63	3
64	3
65	3
66	3
67	4
68	2
69	3
70	1
71	3
72	2
73	3
74	1
75	4
76	1
77	4
78	2
79	5
80	2
81	5
82	3
83	5
84	3
85	5
86	4
87	6
88	3
89	7
90	3
91	8
92	4
93	7
94	4
95	6
96	4
97	8
98	6
99	8
100	4
101	5
102	4
103	5
104	4
105	5
106	2
107	7
108	3
109	4
110	3
111	5
112	3
113	4
114	3
115	4
116	3
117	6
118	2
119	5
120	3
121	5
122	2
123	5
124	2
125	5
126	4
127	5
128	4
129	5
130	3
131	6
132	4
133	8
134	5
135	8
136	4
137	8
138	5
139	8
140	6
141	9
142	5
143	7
144	5
145	8
146	6
147	7
148	5
149	8
150	5
151	8
152	5
153	8
154	5
155	8
156	5
157	8
158	5
159	9
160	4
161	7
162	6
163	9
164	5
165	7
166	4
167	7
168	4
169	6
170	5
171	6
172	5
173	8
174	5
175	6
176	4
177	6
178	4
179	4
180	3
181	6
182	4
183	5
184	3
185	5
186	2
187	6
188	1
189	6
190	1
191	6
192	2
193	3
194	2
195	4
196	3
197	4
198	3
199	4
200	2
201	5
202	1
203	4
204	1
205	6
206	2
207	5
208	2
209	4
210	3
211	6
212	1
213	5
214	1
215	4
216	2
217	6
218	2
219	4
220	2
221	4
222	3
223	5
224	3
225	6
226	2
227	7
228	3
229	6
230	4
231	6
232	3
233	5
234	3
235	5
236	3
237	4
238	2
239	4
240	3
241	6
242	4
243	7
244	3
245	6
246	4
247	6
248	4
249	5
250	4
251	5
252	4
253	6
254	3
255	8
256	4
257	6
258	4
259	7
260	4
261	6
262	5
263	5
264	4
265	6
266	4
267	7
268	3
269	7
270	4
271	8
272	4
273	6
274	4
275	7
276	3
277	7
278	4
279	6
280	2
281	7
282	3
283	6
284	3
285	4
286	4
287	4
288	2
289	5
290	2
291	4
292	2
293	5
294	1
295	6
296	1
297	4
298	3
299	5
300	3
301	6
302	2
303	5
304	2
305	6
306	2
307	5
308	4
309	6
310	3
311	6
312	3
313	5
314	2
315	5
316	1
317	5
318	1
319	6
320	2
321	6
322	1
323	4
324	2
325	4
326	1
327	3
328	0
329	5
330	1
331	4
332	2
333	4
334	2
335	4
336	0
337	5
338	1
339	5
340	1
341	6
342	0
343	5
344	1
345	5
346	0
347	3
348	2
349	4
350	3
351	4
352	3
353	4
354	2
355	4
356	1
357	6
358	2
359	6
360	3
361	5
362	4
363	6
364	4
365	6
366	4
367	7
368	5
369	8
370	4
371	8
372	4
373	7
374	4
375	7
376	4
377	6
378	3
379	6
380	4
381	7
382	4
383	6
384	5
385	6
386	5
387	7
388	5
389	6
390	6
391	6
392	5
393	7
394	5
395	7
396	6
397	7
398	4
399	7
400	4
401	6
402	3
403	6
404	4
405	8
406	4
407	7
408	5
409	11
410	8
411	13
412	11
413	15
414	14
415	19
416	20
417	25
418	25
419	31
420	33
421	39
422	42
423	46
424	49
425	57
426	59
427	64
428	68
429	74
430	77
431	83
432	85
433	93
434	97
435	102
436	104
437	110
438	113
439	119
440	122
441	127
442	128
443	136
444	136
445	140
446	143
447	147
448	148
449	153
450	153
451	157
452	155
453	158
454	158
455	161
456	159
457	162
458	161
459	162
460	158
461	160
462	157
463	158
464	156
465	156
466	153
467	150
468	147
469	147
470	144
471	142
472	140
473	137
474	133
475	132
476	128
477	126
478	122
479	120
480	117
481	115
482	111
483	111
484	107
485	105
486	101
487	101
488	96
489	95
490	90
491	90
492	87
493	86
494	82
495	79
496	76
497	77
498	77
499	78
500	62
501	69
502	64
503	66
504	63
505	63
506	58
507	56
508	53
509	54
510	52
511	52
512	46
513	48
514	43
515	44
516	42
517	43
518	38
519	40
520	38
521	39
522	36
523	35
524	32
525	33
526	31
527	30
528	30
529	29
530	28
531	29
532	26
533	27
534	22
535	23
536	20
537	19
538	18
539	18
540	16
541	18
542	16
543	17
544	15
545	14
546	14
547	14
548	10
549	13
550	8
551	10
552	6
553	10
554	4
555	8
556	2
557	5
558	3
559	4
560	0
561	3
562	0
563	1
564	-1
565	1
566	-3
567	0
568	-4
569	-1
570	-5
571	-3
572	-6
573	-2
574	-6
575	-3
576	-8
577	-5
578	-9
579	-6
580	-7
581	-7
582	-8
583	-7
584	-8
585	-6
586	-10
587	-6
588	-10
589	-7
590	-9
591	-7
592	-10
593	-8
594	-10
595	-8
596	-10
597	-9
598	-11
599	-9
600	-10
601	-8
602	-10
603	-7
604	-11
605	-8
606	-11
607	-7
608	-10
609	-7
610	-11
611	-8
612	-11
613	-8
614	-11
615	-10
616	-12
617	-9
618	-11
619	-10
620	-13
621	-10
622	-13
623	-10
624	-13
625	-10
626	-12
627	-10
628	-13
629	-11
630	-13
631	-11
632	-14
633	-9
634	-12
635	-10
636	-14
637	-10
638	-13
639	-10
640	-13
641	-9
642	-12
643	-9
644	-13
645	-10
646	-13
647	-10
648	-12
649	-10
650	-13
651	-10
652	-12
653	-8
654	-13
655	-9
656	-13
657	-8
658	-12
659	-8
660	-12
661	-9
662	-13
663	-8
664	-12
665	-11
666	-12
667	-10
668	-12
669	-9
670	-12
671	-10
672	-11
673	-11
674	-11
675	-11
676	-11
677	-11
678	-14
679	-11
680	-13
681	-13
682	-14
683	-12
684	-14
685	-11
686	-14
687	-12
688	-14
689	-12
690	-14
691	-11
692	-14
693	-11
694	-14
695	-11
696	-15
697	-11
698	-14
699	-11
700	-14
701	-12
702	-12
703	-11
704	-15
705	-11
706	-14
707	-11
708	-14
709	-10
710	-15
711	-10
712	-14
713	-11
714	-14
715	-10
716	-16
717	-11
718	-15
719	-11
720	-15
721	-11
722	-15
723	-10
724	-14
725	-11
726	-14
727	-12
728	-15
729	-11
730	-13
731	-8
732	-12
733	-9
734	-12
735	-9
736	-11
737	-9
738	-11
739	-8
740	-11
741	-8
742	-10
743	-7
744	-9
745	-6
746	-10
747	-5
748	-9
749	-4
750	-9
751	-5
752	-9
753	-4
754	-8
755	-5
756	-7
757	-4
758	-8
759	-5
760	-9
761	-6
762	-8
763	-5
764	-8
765	-6
766	-9
767	-5
768	-7
769	-5
770	-8
771	-5
772	-9
773	-6
774	-10
775	-6
776	-10
777	-6
778	-9
779	-6
780	-9
781	-5
782	-10
783	-6
784	-9
785	-6
786	-10
787	-6
788	-9
789	-5
790	-11
791	-5
792	-10
793	-7
794	-10
795	-7
796	-10
797	-6
798	-10
799	-7
800	-11
801	-7
802	-11
803	-9
804	-11
805	-9
806	-11
807	-8
808	-10
809	-9
810	-10
811	-9
812	-11
813	-8
814	-11
815	-7
816	-10
817	-8
818	-10
819	-8
820	-11
821	-8
822	-11
823	-8
824	-10
825	-8
826	-10
827	-7
828	-11
829	-8
830	-11
831	-6
832	-10
833	-5
834	-10
835	-6
836	-10
837	-6
838	-9
839	-4
840	-9
841	-6
842	-10
843	-5
844	-9
845	-5
846	-9
847	-5
848	-9
849	-5
850	-9
851	-6
852	-10
853	-5
854	-11
855	-6
856	-10
857	-5
858	-10
859	-6
860	-10
861	-7
862	-10
863	-7
864	-12
865	-6
866	-11
867	-6
868	-10
869	-7
870	-10
871	-7
872	-11
873	-6
874	-11
875	-5
876	-11
877	-5
878	-9
879	-4
880	-8
881	-5
882	-9
883	-2
884	-7
885	-3
886	-7
887	-3
888	-8
889	-4
890	-6
891	-3
892	-5
893	-2
894	-6
895	0
896	-5
897	-1
898	-5
899	-1
900	-5
901	-2
902	-5
903	-2
904	-6
905	-1
906	-5
907	-2
908	-6
909	0
910	-5
911	0
912	-5
913	0
914	-6
915	-1
916	-4
917	-2
918	-4
919	-1
920	-4
921	-2
922	-4
923	-1
924	-4
925	0
926	-4
927	0
928	-4
929	0
930	-4
931	-1
932	-4
933	0
934	-3
935	-1
936	-4
937	-1
938	-5
939	0
940	-3
941	0
942	-4
943	-1
944	-4
945	-1
946	-6
947	0
948	-5
949	0
950	-5
951	-1
952	-4
953	-1
954	-5
955	-1
956	-5
957	-1
958	-6
959	-2
960	-5
961	-1
962	-4
963	-2
964	-4
965	-1
966	-5
967	-2
968	-5
969	-2
970	-6
971	-3
972	-5
973	-2
974	-6
975	-2
976	-6
977	-2
978	-6
979	-3
980	-7
981	-4
982	-8
983	-3
984	-6
985	-2
986	-6
987	-3
988	-6
989	-3
990	-6
991	-4
992	-7
993	-4
994	-6
995	-3
996	-7
997	-4
998	-8
999	-4
1000	-7
1001	-5
1002	-8
1003	-4
1004	-6
1005	-4
1006	-7
1007	-4
1008	-7
1009	-3
1010	-7
1011	-4
1012	-7
1013	-4
1014	-5
1015	-3
1016	-4
1017	-3
1018	-4
1019	-2
1020	-4
1021	-2
1022	-4
1023	-2
1024	-3
1025	-2
1026	-3
1027	-1
1028	-3
1029	0
1030	-3
1031	0
1032	-2
1033	0
1034	-2
1035	0
1036	-2
1037	0
1038	-2
1039	-1
1040	-2
1041	0
1042	-1
1043	0
1044	-3
1045	-1
1046	-2
1047	-1
1048	-2
1049	-1
1050	-2
1051	-1
1052	-2
1053	-1
1054	-4
1055	-1
1056	-4
1057	-2
1058	-2
1059	0
1060	-2
1061	-1
1062	-4
1063	-1
1064	-4
1065	0
1066	-4
1067	-1
1068	-2
1069	-1
1070	-1
1071	-1
1072	-4
1073	0
1074	-4
1075	-1
1076	-3
1077	0
1078	-4
1079	-1
1080	-3
1081	0
1082	-4
1083	-1
1084	-4
1085	0
1086	-2
1087	0
1088	-2
1089	0
1090	-1
1091	-1
1092	-2
1093	0
1094	-3
1095	0
1096	-1
1097	0
1098	-3
1099	0
1100	-2
1101	-2
1102	-2
1103	-1
1104	-3
1105	-2
1106	-3
1107	-2
1108	-3
1109	0
1110	-3
1111	-2
1112	-2
1113	-2
1114	-2
1115	-2
1116	-3
1117	-2
1118	-3
1119	-2
1120	-4
1121	-2
1122	-3
1123	-2
1124	-2
1125	-2
1126	-2
1127	-1
1128	-3
1129	0
1130	-3
1131	-2
1132	-1
1133	-1
1134	-1
1135	-1
1136	-1
1137	0
1138	0
1139	0
1140	-2
1141	0
1142	-2
1143	0
1144	-1
1145	0
1146	-1
1147	0
1148	-1
1149	0
1150	0
1151	0
1152	0
1153	0
1154	0
1155	0
1156	0
1157	0
1158	0
1159	0
1160	0
1161	0
1162	0
1163	0
1164	0
1165	0
1166	0
1167	1
1168	0
1169	1
1170	0
1171	0
1172	0
1173	1
1174	0
1175	1
1176	0
1177	1
1178	0
1179	0
1180	0
1181	0
1182	0
1183	0
1184	0
1185	0
1186	0
1187	0
1188	0
1189	0
1190	0
1191	0
1192	0
1193	0
1194	0
1195	0
1196	0
1197	0
1198	-1
1199	0
1200	-2
1201	0
1202	-1
1203	0
1204	-1
1205	0
1206	-2
1207	-1
1208	-2
1209	-1
1210	-3
1211	0
1212	-1
1213	0
1214	-1
1215	-1
1216	-1
1217	-2
1218	-1
1219	-1
1220	-2
1221	-1
1222	-2
1223	-1
1224	-1
1225	-1
1226	-1
1227	0
1228	-1
1229	0
1230	-2
1231	0
1232	-1
1233	0
1234	-1
1235	0
1236	-2
1237	0
1238	-1
1239	0
1240	-1
1241	-1
1242	-1
1243	0
1244	-1
1245	0
1246	-1
1247	0
1248	-1
1249	0
1250	-1
1251	0
1252	-1
1253	0
1254	-1
1255	0
1256	0
1257	0
1258	0
1259	0
1260	0
1261	0
1262	0
1263	0
1264	0
1265	0
1266	0
1267	0
1268	0
1269	1
1270	0
1271	0
1272	0
1273	1
1274	0
1275	2
1276	0
1277	1
1278	0
1279	2
1280	0
1281	2
1282	1
1283	3
1284	0
1285	2
1286	0
1287	1
1288	0
1289	1
1290	0
1291	1
1292	-1
1293	1
1294	0
1295	1
1296	0
1297	1
1298	0
1299	1
1300	0
1301	1
1302	0
1303	1
1304	0
1305	1
1306	0
1307	1
1308	0
1309	1
1310	0
1311	2
1312	0
1313	2
1314	0
1315	3
1316	0
1317	1
1318	0
1319	0
1320	0
1321	1
1322	0
1323	1
1324	0
1325	2
1326	0
1327	0
1328	0
1329	0
1330	0
1331	0
1332	0
1333	0
1334	-1
1335	0
1336	-2
1337	0
1338	-1
1339	-1
1340	-2
1341	-2
1342	-3
1343	-2
1344	-1
1345	0
1346	-2
1347	-2
1348	-2
1349	0
1350	0
1351	0
1352	0
1353	0
1354	-1
1355	0
1356	0
1357	1
1358	0
1359	1
1360	0
1361	0
1362	0
1363	2
1364	0
1365	1
1366	0
1367	2
1368	0
1369	1
1370	0
1371	1
1372	0
1373	0
1374	0
1375	0
1376	0
1377	3
1378	0
1379	3
1380	0
1381	1
1382	0
1383	1
1384	0
1385	1
1386	0
1387	3
1388	0
1389	3
1390	2
1391	3
1392	2
1393	2
1394	1
1395	3
1396	2
1397	2
1398	2
1399	2
1400	2
1401	3
1402	1
1403	3
1404	1
1405	2
1406	0
1407	2
1408	0
1409	2
1410	0
1411	1
1412	0
1413	1
1414	0
1415	1
1416	-1
1417	1
1418	0
1419	1
1420	0
1421	2
1422	0
1423	0
1424	0
1425	0
1426	0
1427	0
1428	0
1429	0
1430	0
1431	3
1432	0
1433	1
1434	0
1435	0
1436	0
1437	1
1438	0
1439	0
1440	1
1441	3
1442	1
1443	2
1444	1
1445	2
1446	1
1447	2
1448	0
1449	3
1450	1
1451	3
1452	1
1453	2
1454	1
1455	3
1456	1
1457	3
1458	0
1459	3
1460	0
1461	2
1462	0
1463	2
1464	0
1465	0
1466	0
1467	1
1468	0
1469	2
1470	0
1471	1
1472	0
1473	1
1474	0
1475	2
1476	0
1477	1
1478	0
1479	1
1480	1
1481	2
1482	0
1483	2
1484	2
1485	2
1486	1
1487	3
1488	1
1489	1
1490	1
1491	3
1492	2
1493	2
1494	1
1495	2
1496	1
1497	4
1498	2
1499	3
1500	0
1501	2
1502	0
1503	2
1504	0
1505	3
1506	0
1507	3
1508	0
1509	2
1510	0
1511	2
1512	0
1513	2
1514	1
1515	1
1516	1
1517	1
1518	0
1519	2
1520	0
1521	3
1522	0
1523	2
1524	0
1525	2
1526	1
1527	2
1528	1
1529	3
1530	1
1531	4
1532	0
1533	3
1534	2
1535	2
1536	1
1537	3
1538	1
1539	4
1540	1
1541	3
1542	1
1543	1
1544	1
1545	2
1546	0
1547	3
1548	2
1549	2
1550	1
1551	1
1552	0
1553	2
1554	0
1555	1
1556	0
1557	2
1558	1
1559	2
1560	0
1561	3
1562	0
1563	3
1564	0
1565	2
1566	0
1567	2
1568	0
1569	2
1570	1
1571	3
1572	1
1573	4
1574	3
1575	4
1576	3
1577	5
1578	1
1579	4
1580	3
1581	4
1582	3
1583	4
1584	1
1585	5
1586	3
1587	5
1588	3
1589	5
1590	4
1591	5
1592	3
1593	5
1594	3
1595	6
1596	4
1597	6
1598	4
1599	4
1600	4
1601	4
1602	3
1603	5
1604	4
1605	6
1606	4
1607	5
1608	3
1609	5
1610	4
1611	6
1612	4
1613	5
1614	3
1615	4
1616	3
1617	4
1618	4
1619	6
1620	4
1621	5
1622	4
1623	5
1624	4
1625	6
1626	4
1627	7
1628	5
1629	7
1630	5
1631	7
1632	4
1633	6
1634	5
1635	5
1636	5
1637	6
1638	3
1639	6
1640	3
1641	6
1642	4
1643	5
1644	4
1645	4
1646	3
1647	4
1648	3
1649	4
1650	2
1651	5
1652	3
1653	4
1654	3
1655	4
1656	2
1657	4
1658	2
1659	3
1660	2
1661	4
1662	2
1663	5
1664	3
1665	4
1666	2
1667	5
1668	2
1669	4
1670	2
1671	5
1672	3
1673	6
1674	2
1675	5
1676	2
1677	5
1678	2
1679	5
1680	2
1681	5
1682	3
1683	6
1684	2
1685	4
1686	2
1687	4
1688	2
1689	4
1690	2
1691	4
1692	2
1693	4
1694	1
1695	2
1696	2
1697	3
1698	1
1699	4
1700	2
1701	2
1702	1
1703	2
1704	1
1705	4
1706	2
1707	4
1708	1
1709	4
1710	2
1711	4
1712	2
1713	5
1714	2
1715	4
1716	2
1717	4
1718	2
1719	4
1720	3
1721	7
1722	4
1723	5
1724	4
1725	4
1726	4
1727	6
1728	4
1729	5
1730	3
1731	6
1732	4
1733	4
1734	4
1735	5
1736	5
1737	6
1738	5
1739	7
1740	5
1741	8
1742	5
1743	7
1744	5
1745	9
1746	7
1747	8
1748	7
1749	8
1750	5
1751	8
1752	5
1753	9
1754	5
1755	9
1756	4
1757	9
1758	4
1759	8
1760	5
1761	6
1762	4
1763	7
1764	4
1765	6
1766	4
1767	4
1768	3
1769	5
1770	3
1771	5
1772	3
1773	5
1774	3
1775	5
1776	2
1777	6
1778	3
1779	4
1780	3
1781	7
1782	2
1783	6
1784	4
1785	7
1786	3
1787	7
1788	3
1789	7
1790	3
1791	6
1792	3
1793	6
1794	4
1795	6
1796	5
1797	6
1798	4
1799	7
1800	4
1801	4
1802	4
1803	5
1804	4
1805	6
1806	3
1807	5
1808	3
1809	5
1810	3
1811	4
1812	3
1813	4
1814	2
1815	4
1816	2
1817	5
1818	2
1819	4
1820	2
1821	5
1822	2
1823	3
1824	2
1825	3
1826	0
1827	4
1828	1
1829	4
1830	1
1831	4
1832	2
1833	4
1834	1
1835	3
1836	2
1837	3
1838	2
1839	4
1840	3
1841	4
1842	3
1843	4
1844	3
1845	5
1846	2
1847	5
1848	2
1849	4
1850	3
1851	5
1852	4
1853	5
1854	4
1855	5
1856	4
1857	6
1858	3
1859	6
1860	3
1861	8
1862	4
1863	6
1864	4
1865	6
1866	5
1867	6
1868	4
1869	7
1870	3
1871	5
1872	5
1873	6
1874	5
1875	6
1876	5
1877	5
1878	5
1879	5
1880	5
1881	5
1882	4
1883	6
1884	5
1885	6
1886	4
1887	7
1888	5
1889	5
1890	4
1891	6
1892	4
1893	5
1894	3
1895	5
1896	4
1897	5
1898	3
1899	5
1900	3
1901	5
1902	3
1903	6
1904	3
1905	5
1906	3
1907	4
1908	2
1909	4
1910	3
1911	4
1912	4
1913	4
1914	3
1915	5
1916	3
1917	5
1918	3
1919	4
1920	3
1921	4
1922	3
1923	5
1924	2
1925	7
1926	3
1927	6
1928	2
1929	5
1930	2
1931	6
1932	4
1933	6
1934	3
1935	7
1936	2
1937	6
1938	3
1939	6
1940	3
1941	4
1942	3
1943	4
1944	3
1945	5
1946	1
1947	5
1948	2
1949	5
1950	2
1951	7
1952	2
1953	6
1954	3
1955	5
1956	3
1957	5
1958	2
1959	5
1960	2
1961	6
1962	3
1963	5
1964	2
1965	5
1966	2
1967	4
1968	3
1969	5
1970	3
1971	5
1972	3
1973	5
1974	2
1975	5
1976	3
1977	6
1978	3
1979	4
1980	3
1981	2
1982	2
1983	3
1984	2
1985	2
1986	0
1987	2
1988	1
1989	3
1990	0
1991	2
1992	0
1993	0
1994	0
1995	0
1996	0
1997	0
1998	-1
1999	0
