0	4
1	4
2	3
3	4
4	3
5	4
6	4
7	7
8	2
9	5
10	2
11	5
12	3
13	5
14	3
15	4
16	3
17	4
18	3
19	4
20	2
21	4
22	2
23	3
24	2
25	2
26	2
27	3
28	1
29	3
30	2
31	2
32	3
33	3
34	1
35	2
36	3
37	3
38	4
39	3
40	3
41	5
42	2
43	3
44	3
45	4
46	2
47	4
48	2
49	3
50	4
51	4
52	2
53	3
54	2
55	5
56	2
57	4
58	4
59	4
60	4
61	5
62	4
63	6
64	4
65	5
66	2
67	5
68	3
69	5
70	4
71	6
72	4
73	4
74	5
75	6
76	5
77	5
78	5
79	5
80	5
81	5
82	4
83	5
84	4
85	6
86	5
87	5
88	3
89	5
90	3
91	5
92	3
93	5
94	3
95	5
96	3
97	5
98	3
99	4
100	3
101	4
102	3
103	3
104	3
105	5
106	2
107	4
108	3
109	4
110	2
111	3
112	2
113	4
114	3
115	4
116	3
117	5
118	2
119	5
120	4
121	5
122	2
123	4
124	3
125	5
126	3
127	5
128	3
129	5
130	3
131	4
132	2
133	4
134	3
135	5
136	3
137	5
138	3
139	4
140	4
141	4
142	2
143	5
144	2
145	5
146	3
147	4
148	4
149	4
150	3
151	5
152	2
153	5
154	3
155	4
156	1
157	4
158	3
159	3
160	4
161	4
162	4
163	4
164	2
165	4
166	2
167	4
168	3
169	3
170	4
171	4
172	3
173	4
174	4
175	3
176	6
177	4
178	3
179	6
180	4
181	4
182	5
183	4
184	4
185	5
186	5
187	4
188	4
189	5
190	4
191	4
192	4
193	4
194	4
195	5
196	4
197	4
198	3
199	4
200	3
201	3
202	4
203	3
204	4
205	4
206	4
207	5
208	3
209	5
210	3
211	4
212	4
213	4
214	3
215	4
216	3
217	6
218	2
219	6
220	3
221	3
222	2
223	4
224	2
225	4
226	4
227	4
228	3
229	3
230	2
231	3
232	2
233	4
234	1
235	4
236	1
237	4
238	3
239	6
240	3
241	4
242	3
243	2
244	2
245	4
246	3
247	3
248	2
249	2
250	4
251	4
252	1
253	3
254	3
255	4
256	2
257	3
258	3
259	3
260	2
261	6
262	2
263	2
264	2
265	3
266	3
267	4
268	2
269	4
270	3
271	4
272	3
273	7
274	2
275	4
276	3
277	4
278	3
279	4
280	3
281	3
282	4
283	4
284	3
285	3
286	3
287	3
288	3
289	4
290	3
291	5
292	4
293	4
294	3
295	5
296	4
297	4
298	4
299	5
300	4
301	5
302	3
303	5
304	4
305	4
306	3
307	4
308	4
309	5
310	3
311	5
312	3
313	4
314	3
315	4
316	1
317	4
318	3
319	6
320	3
321	5
322	3
323	4
324	3
325	4
326	1
327	4
328	2
329	4
330	3
331	4
332	2
333	4
334	1
335	4
336	2
337	3
338	1
339	4
340	1
341	3
342	3
343	3
344	2
345	5
346	4
347	3
348	3
349	4
350	3
351	4
352	2
353	4
354	4
355	4
356	4
357	5
358	3
359	5
360	3
361	4
362	3
363	5
364	4
365	5
366	3
367	5
368	3
369	4
370	4
371	5
372	2
373	4
374	4
375	3
376	3
377	4
378	2
379	4
380	2
381	5
382	3
383	5
384	3
385	4
386	2
387	4
388	4
389	4
390	3
391	4
392	2
393	5
394	3
395	3
396	3
397	4
398	4
399	3
400	4
401	4
402	3
403	4
404	4
405	3
406	3
407	4
408	2
409	5
410	2
411	5
412	4
413	4
414	4
415	4
416	3
417	5
418	4
419	5
420	5
421	7
422	4
423	6
424	5
425	7
426	8
427	10
428	10
429	12
430	12
431	14
432	16
433	19
434	22
435	24
436	26
437	30
438	31
439	35
440	39
441	42
442	44
443	47
444	51
445	56
446	56
447	62
448	64
449	67
450	69
451	73
452	74
453	79
454	81
455	82
456	84
457	87
458	89
459	90
460	92
461	94
462	93
463	96
464	96
465	98
466	99
467	100
468	100
469	101
470	100
471	101
472	101
473	101
474	101
475	101
476	98
477	99
478	98
479	98
480	96
481	96
482	94
483	92
484	92
485	91
486	89
487	89
488	86
489	88
490	85
491	84
492	81
493	79
494	77
495	77
496	76
497	77
498	77
499	78
500	62
501	69
502	64
503	64
504	63
505	64
506	62
507	60
508	56
509	54
510	52
511	50
512	50
513	49
514	48
515	48
516	46
517	45
518	42
519	41
520	38
521	38
522	35
523	35
524	34
525	33
526	33
527	33
528	31
529	32
530	30
531	29
532	27
533	27
534	24
535	22
536	22
537	22
538	22
539	21
540	20
541	21
542	19
543	19
544	17
545	19
546	16
547	18
548	16
549	16
550	14
551	16
552	13
553	16
554	11
555	13
556	11
557	11
558	7
559	11
560	7
561	9
562	7
563	7
564	6
565	8
566	7
567	7
568	7
569	5
570	5
571	6
572	4
573	4
574	4
575	4
576	3
577	4
578	3
579	4
580	2
581	4
582	3
583	3
584	4
585	3
586	2
587	3
588	3
589	2
590	2
591	3
592	2
593	3
594	2
595	3
596	1
597	2
598	1
599	2
600	1
601	1
602	0
603	1
604	0
605	1
606	0
607	1
608	0
609	1
610	1
611	1
612	0
613	2
614	0
615	2
616	0
617	0
618	0
619	1
620	1
621	1
622	0
623	1
624	0
625	0
626	0
627	0
628	0
629	0
630	0
631	0
632	0
633	0
634	0
635	0
636	0
637	0
638	0
639	0
640	0
641	0
642	0
643	0
644	0
645	0
646	0
647	0
648	0
649	0
650	0
651	0
652	0
653	0
654	0
655	0
656	0
657	0
658	0
659	0
660	0
661	0
662	0
663	0
664	0
665	0
666	0
667	0
668	0
669	0
670	0
671	0
672	0
673	0
674	0
675	0
676	0
677	1
678	0
679	1
680	0
681	0
682	0
683	0
684	0
685	0
686	0
687	0
688	0
689	0
690	0
691	0
692	0
693	0
694	0
695	0
696	0
697	0
698	0
699	0
700	0
701	0
702	0
703	0
704	0
705	0
706	0
707	0
708	0
709	0
710	0
711	0
712	0
713	0
714	0
715	0
716	0
717	1
718	0
719	0
720	0
721	0
722	0
723	0
724	0
725	1
726	0
727	0
728	0
729	0
730	0
731	0
732	0
733	0
734	0
735	0
736	0
737	0
738	0
739	0
740	0
741	0
742	0
743	0
744	0
745	0
746	0
747	0
748	-1
749	0
750	0
751	0
752	0
753	0
754	0
755	0
756	0
757	0
758	0
759	0
760	0
761	1
762	0
763	0
764	-1
765	0
766	0
767	0
768	0
769	0
770	0
771	0
772	0
773	0
774	0
775	0
776	-1
777	0
778	0
779	0
780	-1
781	0
782	0
783	0
784	-1
785	0
786	0
787	0
788	0
789	0
790	0
791	0
792	0
793	0
794	-1
795	1
796	0
797	0
798	0
799	0
800	0
801	0
802	0
803	0
804	0
805	0
806	0
807	0
808	0
809	0
810	-1
811	0
812	0
813	0
814	0
815	0
816	-1
817	0
818	0
819	0
820	0
821	0
822	0
823	0
824	-1
825	0
826	-1
827	0
828	-1
829	0
830	0
831	0
832	0
833	0
834	0
835	0
836	0
837	0
838	0
839	0
840	0
841	0
842	0
843	0
844	0
845	0
846	0
847	0
848	0
849	0
850	0
851	0
852	0
853	0
854	0
855	0
856	0
857	1
858	0
859	0
860	0
861	0
862	0
863	0
864	0
865	0
866	-1
867	0
868	0
869	0
870	0
871	0
872	0
873	0
874	0
875	0
876	0
877	0
878	0
879	0
880	0
881	0
882	0
883	0
884	0
885	0
886	0
887	0
888	0
889	1
890	0
891	0
892	0
893	0
894	0
895	0
896	0
897	0
898	0
899	1
900	0
901	0
902	0
903	0
904	0
905	0
906	0
907	0
908	0
909	0
910	0
911	0
912	-2
913	0
914	0
915	0
916	0
917	0
918	0
919	0
920	0
921	0
922	0
923	0
924	0
925	0
926	0
927	0
928	0
929	0
930	0
931	0
932	0
933	0
934	0
935	0
936	0
937	0
938	0
939	0
940	0
941	0
942	0
943	0
944	0
945	0
946	0
947	0
948	0
949	0
950	0
951	0
952	0
953	0
954	0
955	0
956	0
957	0
958	0
959	0
960	0
961	0
962	0
963	0
964	0
965	0
966	0
967	0
968	0
969	0
970	0
971	0
972	0
973	0
974	0
975	0
976	0
977	0
978	0
979	1
980	0
981	1
982	0
983	1
984	0
985	0
986	0
987	0
988	0
989	1
990	0
991	0
992	0
993	0
994	0
995	0
996	0
997	0
998	0
999	0
1000	0
1001	0
1002	0
1003	0
1004	0
1005	0
1006	0
1007	0
1008	0
1009	0
1010	-1
1011	0
1012	-1
1013	0
1014	-1
1015	0
1016	0
1017	0
1018	0
1019	0
1020	0
1021	0
1022	0
1023	0
1024	0
1025	0
1026	0
1027	0
1028	0
1029	0
1030	0
1031	1
1032	0
1033	0
1034	0
1035	0
1036	0
1037	0
1038	0
1039	0
1040	0
1041	0
1042	0
1043	0
1044	0
1045	0
1046	0
1047	0
1048	0
1049	0
1050	0
1051	0
1052	0
1053	0
1054	-1
1055	0
1056	0
1057	0
1058	0
1059	0
1060	-1
1061	0
1062	0
1063	0
1064	0
1065	0
1066	0
1067	0
1068	0
1069	0
1070	0
1071	0
1072	0
1073	0
1074	0
1075	0
1076	0
1077	0
1078	0
1079	0
1080	0
1081	0
1082	0
1083	0
1084	0
1085	0
1086	0
1087	0
1088	0
1089	0
1090	0
1091	0
1092	0
1093	1
1094	0
1095	0
1096	0
1097	0
1098	0
1099	0
1100	0
1101	0
1102	0
1103	0
1104	0
1105	0
1106	0
1107	0
1108	0
1109	0
1110	0
1111	0
1112	0
1113	0
1114	0
1115	0
1116	0
1117	0
1118	0
1119	0
1120	0
1121	1
1122	0
1123	0
1124	0
1125	1
1126	0
1127	0
1128	1
1129	1
1130	0
1131	0
1132	0
1133	1
1134	0
1135	0
1136	0
1137	0
1138	0
1139	0
1140	0
1141	0
1142	0
1143	0
1144	0
1145	0
1146	0
1147	0
1148	0
1149	1
1150	0
1151	2
1152	1
1153	1
1154	1
1155	2
1156	2
1157	3
1158	2
1159	2
1160	2
1161	2
1162	2
1163	2
1164	2
1165	2
1166	1
1167	3
1168	2
1169	3
1170	2
1171	2
1172	2
1173	2
1174	2
1175	2
1176	2
1177	1
1178	2
1179	2
1180	2
1181	2
1182	1
1183	2
1184	2
1185	3
1186	1
1187	2
1188	1
1189	1
1190	1
1191	2
1192	2
1193	2
1194	2
1195	2
1196	2
1197	3
1198	2
1199	3
1200	2
1201	2
1202	2
1203	2
1204	2
1205	3
1206	3
1207	3
1208	3
1209	3
1210	2
1211	3
1212	2
1213	2
1214	1
1215	3
1216	1
1217	2
1218	2
1219	2
1220	2
1221	1
1222	2
1223	1
1224	1
1225	2
1226	0
1227	1
1228	2
1229	1
1230	2
1231	2
1232	1
1233	2
1234	1
1235	2
1236	1
1237	1
1238	0
1239	1
1240	1
1241	2
1242	1
1243	0
1244	1
1245	2
1246	1
1247	2
1248	1
1249	2
1250	1
1251	2
1252	1
1253	1
1254	1
1255	1
1256	1
1257	2
1258	0
1259	2
1260	1
1261	1
1262	1
1263	0
1264	0
1265	1
1266	1
1267	0
1268	1
1269	0
1270	0
1271	0
1272	0
1273	0
1274	0
1275	0
1276	0
1277	0
1278	0
1279	0
1280	0
1281	0
1282	0
1283	0
1284	0
1285	0
1286	0
1287	1
1288	0
1289	0
1290	0
1291	0
1292	0
1293	1
1294	0
1295	0
1296	0
1297	0
1298	0
1299	0
1300	0
1301	0
1302	0
1303	0
1304	0
1305	0
1306	0
1307	0
1308	0
1309	0
1310	0
1311	0
1312	0
1313	0
1314	0
1315	0
1316	0
1317	1
1318	0
1319	0
1320	0
1321	0
1322	0
1323	0
1324	0
1325	0
1326	0
1327	0
1328	0
1329	0
1330	0
1331	0
1332	0
1333	0
1334	0
1335	1
1336	0
1337	1
1338	0
1339	1
1340	0
1341	1
1342	0
1343	1
1344	0
1345	1
1346	1
1347	1
1348	0
1349	1
1350	1
1351	1
1352	0
1353	0
1354	0
1355	0
1356	0
1357	0
1358	0
1359	1
1360	0
1361	0
1362	0
1363	0
1364	0
1365	1
1366	0
1367	0
1368	0
1369	0
1370	0
1371	1
1372	0
1373	0
1374	0
1375	0
1376	0
1377	0
1378	0
1379	0
1380	0
1381	0
1382	0
1383	0
1384	0
1385	0
1386	0
1387	2
1388	0
1389	3
1390	0
1391	2
1392	0
1393	1
1394	1
1395	2
1396	1
1397	2
1398	1
1399	2
1400	1
1401	1
1402	1
1403	2
1404	2
1405	3
1406	2
1407	2
1408	1
1409	2
1410	1
1411	2
1412	1
1413	2
1414	1
1415	2
1416	2
1417	2
1418	3
1419	2
1420	3
1421	2
1422	2
1423	3
1424	2
1425	2
1426	2
1427	2
1428	3
1429	4
1430	3
1431	3
1432	4
1433	4
1434	2
1435	4
1436	3
1437	5
1438	3
1439	3
1440	3
1441	3
1442	3
1443	3
1444	2
1445	2
1446	2
1447	3
1448	2
1449	3
1450	2
1451	2
1452	1
1453	3
1454	2
1455	2
1456	1
1457	1
1458	0
1459	1
1460	2
1461	1
1462	0
1463	1
1464	0
1465	1
1466	1
1467	1
1468	0
1469	1
1470	0
1471	1
1472	0
1473	2
1474	0
1475	1
1476	0
1477	1
1478	0
1479	0
1480	0
1481	1
1482	0
1483	1
1484	0
1485	1
1486	0
1487	0
1488	2
1489	0
1490	1
1491	1
1492	1
1493	0
1494	0
1495	0
1496	0
1497	0
1498	0
1499	0
1500	0
1501	1
1502	0
1503	1
1504	0
1505	0
1506	0
1507	0
1508	0
1509	0
1510	0
1511	1
1512	0
1513	1
1514	1
1515	2
1516	0
1517	1
1518	0
1519	1
1520	0
1521	1
1522	1
1523	2
1524	1
1525	2
1526	1
1527	2
1528	2
1529	1
1530	1
1531	2
1532	0
1533	1
1534	0
1535	2
1536	1
1537	2
1538	1
1539	2
1540	0
1541	1
1542	1
1543	1
1544	1
1545	2
1546	0
1547	2
1548	0
1549	1
1550	0
1551	0
1552	0
1553	0
1554	0
1555	1
1556	0
1557	1
1558	0
1559	0
1560	0
1561	0
1562	0
1563	1
1564	0
1565	1
1566	0
1567	1
1568	0
1569	1
1570	0
1571	1
1572	1
1573	1
1574	0
1575	2
1576	1
1577	2
1578	1
1579	2
1580	1
1581	0
1582	0
1583	1
1584	1
1585	1
1586	1
1587	2
1588	1
1589	2
1590	1
1591	2
1592	1
1593	2
1594	2
1595	3
1596	1
1597	2
1598	2
1599	3
1600	1
1601	4
1602	1
1603	4
1604	2
1605	2
1606	2
1607	2
1608	3
1609	3
1610	2
1611	2
1612	2
1613	3
1614	2
1615	4
1616	2
1617	3
1618	2
1619	2
1620	2
1621	2
1622	1
1623	3
1624	2
1625	3
1626	1
1627	1
1628	0
1629	2
1630	1
1631	3
1632	2
1633	3
1634	2
1635	3
1636	2
1637	2
1638	2
1639	2
1640	2
1641	2
1642	2
1643	2
1644	1
1645	3
1646	2
1647	2
1648	2
1649	2
1650	2
1651	2
1652	3
1653	3
1654	3
1655	2
1656	3
1657	4
1658	3
1659	3
1660	2
1661	3
1662	2
1663	3
1664	2
1665	3
1666	2
1667	1
1668	1
1669	3
1670	2
1671	2
1672	2
1673	2
1674	2
1675	2
1676	2
1677	3
1678	1
1679	4
1680	2
1681	4
1682	1
1683	3
1684	2
1685	4
1686	4
1687	5
1688	3
1689	4
1690	4
1691	4
1692	4
1693	4
1694	4
1695	4
1696	3
1697	6
1698	3
1699	4
1700	4
1701	5
1702	3
1703	5
1704	3
1705	4
1706	3
1707	3
1708	3
1709	4
1710	2
1711	3
1712	2
1713	2
1714	3
1715	3
1716	1
1717	3
1718	2
1719	3
1720	1
1721	3
1722	1
1723	2
1724	1
1725	1
1726	2
1727	1
1728	1
1729	2
1730	1
1731	1
1732	1
1733	2
1734	0
1735	1
1736	0
1737	1
1738	1
1739	1
1740	2
1741	1
1742	1
1743	2
1744	1
1745	1
1746	0
1747	1
1748	1
1749	3
1750	1
1751	3
1752	2
1753	2
1754	2
1755	2
1756	1
1757	2
1758	1
1759	2
1760	1
1761	2
1762	1
1763	1
1764	3
1765	2
1766	0
1767	2
1768	1
1769	2
1770	2
1771	2
1772	1
1773	2
1774	1
1775	1
1776	1
1777	2
1778	2
1779	3
1780	1
1781	2
1782	0
1783	2
1784	1
1785	2
1786	1
1787	2
1788	2
1789	1
1790	1
1791	1
1792	1
1793	1
1794	1
1795	2
1796	1
1797	1
1798	1
1799	1
1800	0
1801	1
1802	0
1803	1
1804	0
1805	1
1806	0
1807	0
1808	0
1809	0
1810	0
1811	1
1812	0
1813	1
1814	0
1815	1
1816	0
1817	2
1818	0
1819	2
1820	0
1821	1
1822	0
1823	0
1824	0
1825	1
1826	1
1827	1
1828	0
1829	1
1830	1
1831	0
1832	0
1833	3
1834	1
1835	3
1836	1
1837	2
1838	1
1839	1
1840	1
1841	3
1842	1
1843	3
1844	0
1845	1
1846	1
1847	1
1848	1
1849	2
1850	0
1851	1
1852	0
1853	1
1854	0
1855	2
1856	0
1857	1
1858	1
1859	0
1860	0
1861	0
1862	0
1863	0
1864	0
1865	0
1866	0
1867	0
1868	0
1869	0
1870	0
1871	0
1872	0
1873	1
1874	0
1875	1
1876	1
1877	2
1878	0
1879	1
1880	0
1881	0
1882	0
1883	1
1884	1
1885	1
1886	1
1887	1
1888	0
1889	1
1890	1
1891	2
1892	1
1893	2
1894	0
1895	2
1896	1
1897	3
1898	1
1899	1
1900	1
1901	2
1902	1
1903	2
1904	1
1905	3
1906	1
1907	3
1908	1
1909	3
1910	1
1911	2
1912	1
1913	2
1914	0
1915	3
1916	0
1917	1
1918	0
1919	2
1920	1
1921	2
1922	0
1923	2
1924	0
1925	2
1926	0
1927	2
1928	0
1929	2
1930	0
1931	2
1932	1
1933	2
1934	1
1935	1
1936	1
1937	1
1938	1
1939	2
1940	1
1941	3
1942	1
1943	3
1944	0
1945	2
1946	0
1947	1
1948	1
1949	1
1950	1
1951	1
1952	1
1953	1
1954	1
1955	3
1956	1
1957	1
1958	0
1959	0
1960	0
1961	1
1962	0
1963	0
1964	0
1965	1
1966	0
1967	1
1968	0
1969	0
1970	0
1971	0
1972	0
1973	1
1974	1
1975	1
1976	0
1977	2
1978	1
1979	2
1980	0
1981	2
1982	0
1983	0
1984	1
1985	2
1986	2
1987	1
1988	1
1989	2
1990	2
1991	4
1992	1
1993	0
1994	0
1995	2
1996	0
1997	2
1998	1
1999	3
