0	4
1	5
2	4
3	6
4	3
5	5
6	4
7	6
8	3
9	5
10	4
11	5
12	4
13	6
14	5
15	5
16	4
17	6
18	3
19	7
20	4
21	7
22	3
23	5
24	3
25	7
26	4
27	5
28	2
29	7
30	3
31	7
32	4
33	6
34	5
35	7
36	3
37	6
38	4
39	4
40	4
41	6
42	4
43	6
44	3
45	7
46	3
47	6
48	4
49	7
50	3
51	7
52	2
53	5
54	2
55	6
56	4
57	6
58	4
59	7
60	4
61	5
62	4
63	7
64	5
65	7
66	4
67	7
68	5
69	8
70	3
71	7
72	3
73	7
74	3
75	8
76	4
77	8
78	4
79	9
80	4
81	8
82	4
83	7
84	3
85	6
86	4
87	6
88	4
89	8
90	6
91	9
92	5
93	6
94	5
95	8
96	5
97	6
98	4
99	6
100	4
101	6
102	4
103	6
104	4
105	6
106	4
107	8
108	4
109	6
110	4
111	5
112	5
113	5
114	3
115	6
116	3
117	5
118	4
119	5
120	4
121	4
122	4
123	5
124	4
125	6
126	4
127	6
128	4
129	7
130	4
131	8
132	3
133	7
134	3
135	7
136	3
137	6
138	3
139	6
140	4
141	5
142	3
143	5
144	2
145	6
146	3
147	6
148	4
149	7
150	3
151	7
152	4
153	6
154	4
155	7
156	4
157	6
158	4
159	6
160	3
161	6
162	4
163	6
164	4
165	5
166	5
167	6
168	5
169	5
170	4
171	6
172	4
173	5
174	4
175	6
176	4
177	7
178	4
179	7
180	4
181	6
182	5
183	6
184	6
185	6
186	6
187	7
188	6
189	8
190	6
191	8
192	7
193	8
194	5
195	7
196	4
197	6
198	4
199	8
200	4
201	7
202	5
203	5
204	3
205	4
206	2
207	4
208	2
209	6
210	2
211	4
212	3
213	3
214	4
215	3
216	3
217	4
218	3
219	4
220	3
221	4
222	3
223	4
224	4
225	4
226	4
227	4
228	4
229	4
230	5
231	5
232	5
233	4
234	5
235	7
236	5
237	7
238	4
239	5
240	4
241	5
242	4
243	6
244	3
245	4
246	3
247	4
248	3
249	5
250	4
251	6
252	4
253	5
254	3
255	6
256	4
257	6
258	4
259	7
260	5
261	5
262	4
263	6
264	4
265	6
266	4
267	7
268	5
269	6
270	4
271	8
272	5
273	7
274	5
275	6
276	5
277	5
278	5
279	6
280	4
281	6
282	6
283	5
284	4
285	5
286	5
287	5
288	4
289	5
290	4
291	6
292	4
293	7
294	4
295	6
296	4
297	6
298	4
299	5
300	4
301	6
302	4
303	5
304	4
305	4
306	4
307	5
308	4
309	6
310	3
311	6
312	2
313	6
314	4
315	5
316	3
317	5
318	4
319	6
320	3
321	5
322	4
323	4
324	4
325	5
326	4
327	4
328	4
329	4
330	4
331	5
332	3
333	4
334	3
335	5
336	4
337	5
338	2
339	5
340	2
341	5
342	4
343	6
344	2
345	5
346	2
347	5
348	5
349	6
350	4
351	6
352	6
353	7
354	5
355	7
356	6
357	6
358	5
359	6
360	6
361	6
362	5
363	7
364	4
365	7
366	5
367	6
368	5
369	7
370	4
371	6
372	4
373	6
374	4
375	7
376	4
377	7
378	5
379	7
380	5
381	8
382	3
383	6
384	3
385	6
386	4
387	6
388	5
389	6
390	4
391	8
392	5
393	7
394	6
395	7
396	6
397	7
398	6
399	7
400	6
401	8
402	4
403	8
404	4
405	7
406	5
407	6
408	5
409	6
410	5
411	7
412	6
413	8
414	7
415	9
416	8
417	11
418	11
419	15
420	15
421	17
422	18
423	21
424	24
425	28
426	30
427	33
428	38
429	42
430	42
431	50
432	51
433	56
434	60
435	63
436	66
437	72
438	73
439	78
440	81
441	85
442	87
443	90
444	91
445	97
446	98
447	101
448	103
449	106
450	110
451	114
452	114
453	117
454	117
455	119
456	119
457	121
458	122
459	124
460	124
461	123
462	124
463	124
464	123
465	123
466	121
467	121
468	120
469	119
470	118
471	118
472	114
473	115
474	112
475	112
476	108
477	108
478	106
479	104
480	102
481	102
482	97
483	98
484	95
485	94
486	92
487	90
488	88
489	87
490	85
491	83
492	82
493	81
494	76
495	76
496	75
497	76
498	76
499	78
500	62
501	69
502	66
503	67
504	66
505	66
506	63
507	62
508	59
509	58
510	56
511	58
512	56
513	56
514	53
515	52
516	50
517	50
518	49
519	50
520	48
521	48
522	46
523	46
524	45
525	45
526	41
527	42
528	40
529	41
530	39
531	38
532	38
533	36
534	37
535	35
536	34
537	33
538	33
539	31
540	30
541	30
542	28
543	27
544	24
545	26
546	23
547	25
548	20
549	22
550	19
551	19
552	17
553	18
554	16
555	16
556	15
557	15
558	14
559	15
560	13
561	14
562	11
563	13
564	11
565	13
566	11
567	11
568	11
569	11
570	9
571	10
572	10
573	10
574	8
575	9
576	8
577	9
578	5
579	7
580	4
581	7
582	5
583	6
584	3
585	5
586	4
587	5
588	2
589	4
590	1
591	2
592	0
593	2
594	0
595	1
596	0
597	1
598	-1
599	0
600	0
601	0
602	-1
603	0
604	-3
605	0
606	-1
607	0
608	-3
609	-2
610	-3
611	-2
612	-4
613	-2
614	-4
615	-2
616	-5
617	-3
618	-4
619	-2
620	-4
621	-3
622	-4
623	-2
624	-4
625	-2
626	-3
627	-1
628	-4
629	-2
630	-5
631	-1
632	-6
633	-2
634	-6
635	-1
636	-5
637	-2
638	-5
639	-2
640	-5
641	-2
642	-5
643	-2
644	-4
645	-2
646	-5
647	-3
648	-4
649	-3
650	-4
651	-2
652	-4
653	-4
654	-4
655	-2
656	-4
657	-2
658	-6
659	-1
660	-4
661	0
662	-3
663	-1
664	-4
665	-2
666	-3
667	-1
668	-3
669	-1
670	-4
671	-1
672	-3
673	0
674	-4
675	0
676	-3
677	-1
678	-3
679	0
680	-3
681	0
682	-4
683	-1
684	-3
685	-2
686	-4
687	-2
688	-4
689	-2
690	-4
691	-1
692	-4
693	-2
694	-5
695	-2
696	-5
697	-2
698	-6
699	-2
700	-6
701	-3
702	-5
703	-3
704	-4
705	-3
706	-4
707	-4
708	-5
709	-3
710	-4
711	-2
712	-4
713	-1
714	-4
715	-3
716	-4
717	-3
718	-4
719	-3
720	-3
721	-3
722	-5
723	-2
724	-5
725	-3
726	-6
727	-3
728	-6
729	-3
730	-6
731	-4
732	-6
733	-4
734	-6
735	-4
736	-7
737	-4
738	-7
739	-4
740	-6
741	-4
742	-6
743	-3
744	-7
745	-4
746	-7
747	-4
748	-7
749	-4
750	-6
751	-4
752	-6
753	-3
754	-5
755	-3
756	-5
757	-3
758	-5
759	-3
760	-6
761	-3
762	-5
763	-3
764	-5
765	-1
766	-5
767	-2
768	-3
769	-1
770	-4
771	-1
772	-4
773	-2
774	-4
775	-1
776	-3
777	0
778	-4
779	-2
780	-5
781	-1
782	-4
783	-2
784	-4
785	-1
786	-4
787	-2
788	-5
789	-1
790	-5
791	-1
792	-5
793	-2
794	-4
795	-3
796	-6
797	-2
798	-5
799	-2
800	-5
801	-3
802	-5
803	-3
804	-4
805	-1
806	-5
807	-4
808	-3
809	-1
810	-4
811	-2
812	-6
813	-3
814	-4
815	-1
816	-4
817	-2
818	-4
819	-1
820	-6
821	-1
822	-6
823	-2
824	-6
825	-2
826	-6
827	-3
828	-6
829	-3
830	-3
831	-3
832	-4
833	-1
834	-3
835	-2
836	-4
837	-2
838	-4
839	0
840	-4
841	0
842	-3
843	-2
844	-3
845	-2
846	-5
847	-2
848	-3
849	-3
850	-4
851	-1
852	-4
853	-1
854	-3
855	-3
856	-3
857	-1
858	-5
859	-3
860	-4
861	-2
862	-4
863	-2
864	-5
865	-2
866	-4
867	-2
868	-4
869	-2
870	-4
871	-3
872	-5
873	-3
874	-4
875	-1
876	-4
877	-1
878	-4
879	-1
880	-4
881	-1
882	-5
883	-2
884	-4
885	-2
886	-5
887	-1
888	-4
889	-1
890	-3
891	-2
892	-3
893	-1
894	-2
895	-2
896	-3
897	-1
898	-2
899	-1
900	-2
901	-1
902	-2
903	0
904	-2
905	-1
906	-3
907	-1
908	-2
909	-1
910	-1
911	-1
912	-1
913	-2
914	-1
915	-1
916	-2
917	0
918	-1
919	0
920	-3
921	0
922	-3
923	-1
924	-3
925	-1
926	-3
927	-1
928	-4
929	-1
930	-3
931	0
932	-1
933	0
934	-3
935	0
936	-4
937	0
938	-2
939	0
940	-2
941	0
942	-2
943	0
944	-1
945	0
946	-1
947	0
948	-1
949	0
950	-2
951	0
952	-1
953	0
954	0
955	0
956	0
957	0
958	-2
959	0
960	0
961	0
962	-1
963	0
964	0
965	0
966	-1
967	0
968	-1
969	1
970	-1
971	1
972	-1
973	0
974	-1
975	0
976	0
977	1
978	0
979	0
980	0
981	1
982	0
983	2
984	0
985	2
986	1
987	1
988	0
989	1
990	0
991	1
992	1
993	1
994	1
995	1
996	0
997	1
998	0
999	0
1000	0
1001	0
1002	0
1003	1
1004	0
1005	0
1006	0
1007	1
1008	0
1009	1
1010	0
1011	2
1012	0
1013	1
1014	0
1015	0
1016	0
1017	0
1018	-1
1019	1
1020	0
1021	1
1022	-1
1023	1
1024	-1
1025	0
1026	-1
1027	0
1028	-1
1029	0
1030	0
1031	1
1032	-1
1033	0
1034	-1
1035	0
1036	0
1037	0
1038	0
1039	0
1040	0
1041	0
1042	0
1043	0
1044	0
1045	0
1046	0
1047	0
1048	0
1049	0
1050	-1
1051	0
1052	-1
1053	0
1054	-1
1055	0
1056	-1
1057	0
1058	-1
1059	0
1060	-1
1061	0
1062	0
1063	-1
1064	-2
1065	0
1066	-1
1067	-1
1068	-2
1069	-1
1070	-1
1071	0
1072	-2
1073	-1
1074	-2
1075	0
1076	-1
1077	-1
1078	0
1079	0
1080	0
1081	-1
1082	0
1083	-1
1084	-1
1085	0
1086	-1
1087	0
1088	-1
1089	0
1090	-2
1091	0
1092	0
1093	0
1094	0
1095	0
1096	-1
1097	0
1098	0
1099	0
1100	0
1101	0
1102	-1
1103	0
1104	0
1105	0
1106	0
1107	0
1108	-1
1109	0
1110	-1
1111	-1
1112	-1
1113	-1
1114	-3
1115	0
1116	-3
1117	0
1118	-2
1119	0
1120	-1
1121	0
1122	-1
1123	0
1124	-1
1125	0
1126	0
1127	0
1128	0
1129	0
1130	0
1131	0
1132	0
1133	1
1134	0
1135	1
1136	0
1137	0
1138	0
1139	0
1140	-1
1141	0
1142	-1
1143	0
1144	0
1145	0
1146	0
1147	0
1148	-2
1149	-1
1150	-2
1151	0
1152	-1
1153	-1
1154	-2
1155	-1
1156	-2
1157	-1
1158	-2
1159	-1
1160	-2
1161	-1
1162	-2
1163	0
1164	-2
1165	0
1166	-2
1167	0
1168	-1
1169	0
1170	-2
1171	0
1172	0
1173	0
1174	0
1175	0
1176	0
1177	0
1178	0
1179	0
1180	0
1181	0
1182	0
1183	0
1184	0
1185	0
1186	0
1187	0
1188	-1
1189	0
1190	-1
1191	0
1192	0
1193	0
1194	-1
1195	0
1196	0
1197	0
1198	-1
1199	1
1200	0
1201	0
1202	0
1203	0
1204	0
1205	0
1206	0
1207	0
1208	0
1209	0
1210	0
1211	0
1212	0
1213	0
1214	0
1215	0
1216	0
1217	1
1218	0
1219	1
1220	0
1221	0
1222	0
1223	1
1224	0
1225	1
1226	0
1227	1
1228	0
1229	1
1230	0
1231	1
1232	0
1233	0
1234	0
1235	0
1236	0
1237	0
1238	0
1239	0
1240	0
1241	1
1242	0
1243	0
1244	0
1245	0
1246	0
1247	0
1248	0
1249	0
1250	0
1251	0
1252	0
1253	0
1254	0
1255	0
1256	-1
1257	0
1258	-1
1259	0
1260	0
1261	0
1262	0
1263	0
1264	0
1265	0
1266	0
1267	0
1268	-1
1269	0
1270	0
1271	0
1272	0
1273	0
1274	0
1275	0
1276	0
1277	0
1278	0
1279	0
1280	0
1281	1
1282	0
1283	0
1284	0
1285	2
1286	0
1287	1
1288	0
1289	1
1290	0
1291	1
1292	0
1293	0
1294	1
1295	1
1296	0
1297	1
1298	0
1299	1
1300	0
1301	1
1302	0
1303	1
1304	0
1305	1
1306	0
1307	1
1308	0
1309	0
1310	0
1311	0
1312	0
1313	0
1314	0
1315	0
1316	0
1317	0
1318	0
1319	0
1320	0
1321	0
1322	0
1323	0
1324	0
1325	1
1326	0
1327	0
1328	0
1329	0
1330	0
1331	2
1332	0
1333	0
1334	0
1335	0
1336	0
1337	0
1338	0
1339	0
1340	0
1341	0
1342	1
1343	1
1344	0
1345	0
1346	0
1347	0
1348	0
1349	2
1350	0
1351	2
1352	0
1353	0
1354	0
1355	0
1356	0
1357	1
1358	0
1359	1
1360	0
1361	1
1362	0
1363	1
1364	0
1365	1
1366	0
1367	1
1368	0
1369	2
1370	0
1371	2
1372	0
1373	0
1374	0
1375	0
1376	0
1377	1
1378	0
1379	1
1380	0
1381	0
1382	0
1383	1
1384	0
1385	1
1386	0
1387	0
1388	0
1389	0
1390	0
1391	1
1392	-1
1393	0
1394	0
1395	0
1396	0
1397	0
1398	1
1399	1
1400	0
1401	0
1402	0
1403	1
1404	0
1405	1
1406	1
1407	1
1408	0
1409	3
1410	0
1411	2
1412	0
1413	2
1414	1
1415	1
1416	1
1417	2
1418	1
1419	1
1420	1
1421	2
1422	1
1423	3
1424	2
1425	2
1426	2
1427	1
1428	0
1429	2
1430	1
1431	1
1432	1
1433	2
1434	1
1435	3
1436	0
1437	2
1438	0
1439	1
1440	0
1441	2
1442	0
1443	2
1444	0
1445	1
1446	0
1447	0
1448	0
1449	0
1450	0
1451	0
1452	0
1453	0
1454	0
1455	0
1456	0
1457	1
1458	0
1459	0
1460	0
1461	0
1462	0
1463	0
1464	0
1465	1
1466	1
1467	0
1468	0
1469	1
1470	0
1471	0
1472	0
1473	2
1474	0
1475	1
1476	0
1477	2
1478	1
1479	1
1480	0
1481	0
1482	0
1483	2
1484	0
1485	1
1486	0
1487	1
1488	0
1489	1
1490	0
1491	1
1492	1
1493	1
1494	0
1495	1
1496	0
1497	1
1498	0
1499	1
1500	0
1501	1
1502	0
1503	2
1504	0
1505	2
1506	1
1507	3
1508	0
1509	3
1510	2
1511	2
1512	1
1513	4
1514	2
1515	4
1516	1
1517	4
1518	1
1519	3
1520	1
1521	3
1522	2
1523	2
1524	1
1525	2
1526	1
1527	1
1528	1
1529	1
1530	1
1531	2
1532	1
1533	2
1534	1
1535	2
1536	1
1537	0
1538	0
1539	2
1540	0
1541	1
1542	1
1543	2
1544	1
1545	2
1546	1
1547	2
1548	0
1549	2
1550	0
1551	3
1552	1
1553	3
1554	0
1555	1
1556	0
1557	2
1558	0
1559	3
1560	1
1561	2
1562	2
1563	2
1564	1
1565	3
1566	1
1567	3
1568	1
1569	2
1570	1
1571	2
1572	1
1573	2
1574	1
1575	1
1576	1
1577	2
1578	1
1579	1
1580	1
1581	1
1582	0
1583	1
1584	0
1585	1
1586	1
1587	2
1588	0
1589	1
1590	0
1591	1
1592	0
1593	2
1594	0
1595	1
1596	0
1597	0
1598	0
1599	0
1600	0
1601	1
1602	0
1603	2
1604	0
1605	1
1606	0
1607	2
1608	0
1609	0
1610	0
1611	1
1612	1
1613	1
1614	0
1615	0
1616	1
1617	0
1618	2
1619	1
1620	1
1621	1
1622	2
1623	1
1624	1
1625	2
1626	1
1627	2
1628	1
1629	1
1630	0
1631	2
1632	1
1633	2
1634	3
1635	2
1636	2
1637	3
1638	3
1639	4
1640	2
1641	4
1642	3
1643	5
1644	3
1645	3
1646	3
1647	4
1648	4
1649	4
1650	3
1651	4
1652	4
1653	5
1654	4
1655	4
1656	4
1657	4
1658	4
1659	4
1660	4
1661	6
1662	4
1663	5
1664	4
1665	6
1666	4
1667	6
1668	4
1669	6
1670	4
1671	4
1672	4
1673	6
1674	4
1675	6
1676	4
1677	5
1678	5
1679	5
1680	3
1681	4
1682	4
1683	4
1684	4
1685	5
1686	4
1687	5
1688	4
1689	5
1690	4
1691	5
1692	3
1693	5
1694	5
1695	5
1696	3
1697	6
1698	3
1699	5
1700	5
1701	5
1702	3
1703	5
1704	3
1705	6
1706	5
1707	6
1708	4
1709	4
1710	4
1711	4
1712	4
1713	4
1714	4
1715	4
1716	3
1717	4
1718	3
1719	4
1720	1
1721	4
1722	2
1723	4
1724	3
1725	4
1726	2
1727	4
1728	2
1729	3
1730	2
1731	4
1732	3
1733	4
1734	2
1735	3
1736	3
1737	4
1738	3
1739	5
1740	3
1741	4
1742	3
1743	4
1744	2
1745	4
1746	3
1747	3
1748	2
1749	4
1750	4
1751	4
1752	4
1753	4
1754	4
1755	4
1756	4
1757	3
1758	2
1759	4
1760	3
1761	4
1762	2
1763	4
1764	2
1765	5
1766	2
1767	4
1768	4
1769	4
1770	2
1771	5
1772	3
1773	3
1774	0
1775	4
1776	2
1777	3
1778	1
1779	3
1780	3
1781	2
1782	1
1783	2
1784	0
1785	3
1786	1
1787	3
1788	1
1789	2
1790	2
1791	3
1792	0
1793	2
1794	0
1795	1
1796	0
1797	3
1798	1
1799	1
1800	0
1801	3
1802	1
1803	3
1804	0
1805	3
1806	2
1807	1
1808	1
1809	2
1810	1
1811	2
1812	2
1813	2
1814	1
1815	3
1816	1
1817	2
1818	1
1819	2
1820	1
1821	3
1822	1
1823	3
1824	1
1825	3
1826	1
1827	2
1828	2
1829	3
1830	1
1831	2
1832	1
1833	2
1834	2
1835	4
1836	1
1837	3
1838	3
1839	4
1840	4
1841	5
1842	4
1843	4
1844	4
1845	4
1846	3
1847	5
1848	3
1849	6
1850	3
1851	4
1852	2
1853	4
1854	3
1855	4
1856	3
1857	4
1858	3
1859	4
1860	3
1861	4
1862	2
1863	4
1864	3
1865	4
1866	3
1867	4
1868	2
1869	4
1870	2
1871	5
1872	2
1873	4
1874	2
1875	5
1876	3
1877	5
1878	3
1879	4
1880	2
1881	2
1882	2
1883	5
1884	1
1885	3
1886	1
1887	4
1888	2
1889	4
1890	2
1891	4
1892	1
1893	4
1894	2
1895	4
1896	1
1897	4
1898	0
1899	4
1900	1
1901	3
1902	1
1903	2
1904	1
1905	4
1906	1
1907	3
1908	1
1909	3
1910	1
1911	3
1912	3
1913	4
1914	2
1915	4
1916	1
1917	2
1918	1
1919	4
1920	1
1921	3
1922	2
1923	3
1924	1
1925	4
1926	2
1927	3
1928	1
1929	3
1930	2
1931	3
1932	2
1933	3
1934	2
1935	4
1936	2
1937	3
1938	3
1939	4
1940	2
1941	4
1942	2
1943	5
1944	2
1945	4
1946	3
1947	5
1948	3
1949	5
1950	4
1951	6
1952	3
1953	5
1954	3
1955	4
1956	2
1957	5
1958	3
1959	5
1960	3
1961	4
1962	1
1963	3
1964	1
1965	4
1966	3
1967	5
1968	2
1969	4
1970	2
1971	4
1972	1
1973	4
1974	3
1975	6
1976	3
1977	4
1978	3
1979	5
1980	4
1981	6
1982	3
1983	5
1984	4
1985	5
1986	5
1987	5
1988	5
1989	6
1990	2
1991	6
1992	2
1993	5
1994	3
1995	4
1996	1
1997	5
1998	2
1999	5
