0	1
1	2
2	2
3	2
4	2
5	2
6	2
7	1
8	1
9	1
10	2
11	1
12	1
13	3
14	2
15	2
16	2
17	2
18	1
19	1
20	1
21	1
22	2
23	1
24	2
25	2
26	2
27	3
28	2
29	2
30	1
31	2
32	2
33	2
34	2
35	1
36	1
37	1
38	2
39	2
40	2
41	1
42	1
43	1
44	2
45	1
46	1
47	0
48	1
49	1
50	2
51	2
52	2
53	2
54	3
55	1
56	1
57	1
58	2
59	0
60	2
61	0
62	1
63	0
64	1
65	1
66	1
67	2
68	2
69	1
70	1
71	2
72	1
73	2
74	2
75	3
76	1
77	2
78	1
79	2
80	3
81	1
82	1
83	2
84	2
85	2
86	2
87	1
88	1
89	2
90	2
91	1
92	2
93	2
94	2
95	1
96	3
97	1
98	1
99	1
100	3
101	2
102	1
103	1
104	0
105	1
106	1
107	1
108	1
109	1
110	0
111	2
112	0
113	1
114	2
115	2
116	2
117	1
118	2
119	2
120	2
121	1
122	2
123	1
124	1
125	1
126	3
127	2
128	2
129	4
130	3
131	1
132	2
133	2
134	2
135	3
136	1
137	3
138	2
139	1
140	2
141	1
142	2
143	2
144	1
145	1
146	3
147	1
148	1
149	1
150	2
151	1
152	1
153	1
154	1
155	1
156	4
157	1
158	2
159	1
160	1
161	1
162	2
163	1
164	1
165	2
166	1
167	3
168	2
169	1
170	4
171	1
172	2
173	1
174	1
175	3
176	2
177	1
178	2
179	1
180	1
181	1
182	0
183	1
184	1
185	2
186	1
187	1
188	0
189	0
190	1
191	0
192	1
193	1
194	1
195	1
196	1
197	2
198	1
199	1
200	1
201	1
202	0
203	2
204	1
205	1
206	2
207	1
208	2
209	1
210	3
211	0
212	3
213	1
214	2
215	0
216	2
217	1
218	0
219	1
220	1
221	2
222	2
223	2
224	2
225	1
226	1
227	2
228	1
229	2
230	1
231	1
232	1
233	1
234	0
235	0
236	2
237	1
238	0
239	0
240	2
241	1
242	3
243	0
244	2
245	1
246	2
247	0
248	2
249	3
250	1
251	3
252	1
253	3
254	1
255	1
256	1
257	1
258	1
259	2
260	1
261	2
262	2
263	3
264	1
265	2
266	1
267	1
268	1
269	2
270	0
271	2
272	2
273	1
274	2
275	2
276	1
277	2
278	2
279	0
280	2
281	1
282	3
283	1
284	2
285	2
286	2
287	1
288	1
289	1
290	2
291	2
292	2
293	2
294	2
295	2
296	2
297	2
298	2
299	1
300	1
301	0
302	1
303	1
304	2
305	0
306	0
307	2
308	1
309	1
310	2
311	0
312	1
313	2
314	1
315	1
316	1
317	0
318	1
319	1
320	1
321	1
322	1
323	0
324	1
325	1
326	1
327	2
328	1
329	2
330	1
331	1
332	2
333	2
334	2
335	1
336	2
337	1
338	1
339	1
340	2
341	1
342	2
343	1
344	1
345	0
346	1
347	1
348	2
349	2
350	1
351	2
352	1
353	0
354	2
355	1
356	2
357	1
358	1
359	1
360	2
361	2
362	2
363	2
364	2
365	1
366	1
367	2
368	2
369	0
370	0
371	0
372	1
373	1
374	1
375	1
376	0
377	1
378	1
379	0
380	2
381	1
382	0
383	1
384	1
385	1
386	1
387	1
388	2
389	1
390	1
391	1
392	1
393	1
394	2
395	1
396	1
397	1
398	1
399	0
400	2
401	0
402	1
403	1
404	1
405	0
406	1
407	0
408	1
409	1
410	1
411	1
412	1
413	0
414	2
415	1
416	0
417	1
418	0
419	1
420	1
421	2
422	1
423	2
424	0
425	1
426	0
427	2
428	2
429	2
430	2
431	2
432	3
433	4
434	4
435	4
436	5
437	6
438	8
439	10
440	9
441	13
442	12
443	13
444	16
445	19
446	20
447	22
448	24
449	24
450	28
451	29
452	31
453	33
454	36
455	39
456	40
457	44
458	45
459	47
460	47
461	51
462	52
463	54
464	55
465	57
466	58
467	60
468	60
469	61
470	62
471	64
472	64
473	66
474	67
475	67
476	69
477	70
478	70
479	70
480	72
481	71
482	73
483	72
484	73
485	73
486	74
487	73
488	74
489	73
490	72
491	71
492	71
493	73
494	74
495	74
496	74
497	74
498	74
499	78
500	62
501	74
502	67
503	68
504	67
505	67
506	67
507	67
508	66
509	65
510	65
511	62
512	59
513	58
514	58
515	56
516	57
517	56
518	56
519	54
520	53
521	50
522	49
523	47
524	47
525	46
526	44
527	43
528	43
529	42
530	41
531	42
532	40
533	40
534	38
535	36
536	37
537	36
538	33
539	31
540	30
541	29
542	29
543	27
544	27
545	27
546	26
547	24
548	24
549	23
550	23
551	22
552	22
553	21
554	21
555	21
556	19
557	20
558	18
559	18
560	16
561	16
562	15
563	15
564	14
565	14
566	11
567	12
568	11
569	11
570	10
571	9
572	8
573	7
574	6
575	9
576	7
577	4
578	6
579	5
580	5
581	5
582	6
583	4
584	5
585	5
586	4
587	4
588	3
589	4
590	3
591	4
592	3
593	3
594	3
595	2
596	3
597	1
598	2
599	2
600	2
601	2
602	1
603	2
604	1
605	1
606	1
607	1
608	0
609	1
610	0
611	1
612	0
613	0
614	1
615	0
616	0
617	0
618	0
619	0
620	0
621	0
622	0
623	0
624	0
625	0
626	0
627	0
628	0
629	0
630	0
631	0
632	0
633	1
634	0
635	0
636	0
637	0
638	0
639	1
640	0
641	0
642	0
643	0
644	0
645	0
646	0
647	0
648	0
649	0
650	0
651	0
652	0
653	0
654	0
655	0
656	0
657	0
658	0
659	0
660	0
661	0
662	0
663	0
664	0
665	0
666	0
667	0
668	0
669	0
670	0
671	0
672	0
673	0
674	0
675	0
676	1
677	0
678	0
679	0
680	0
681	0
682	0
683	0
684	0
685	0
686	1
687	0
688	0
689	0
690	0
691	0
692	0
693	0
694	0
695	0
696	0
697	0
698	0
699	0
700	0
701	0
702	0
703	0
704	0
705	0
706	0
707	0
708	0
709	0
710	0
711	0
712	0
713	0
714	0
715	0
716	0
717	0
718	0
719	0
720	0
721	0
722	0
723	0
724	0
725	0
726	0
727	0
728	0
729	0
730	0
731	0
732	0
733	0
734	0
735	0
736	0
737	0
738	0
739	0
740	0
741	0
742	0
743	0
744	0
745	0
746	0
747	0
748	0
749	0
750	0
751	0
752	0
753	0
754	1
755	0
756	0
757	0
758	0
759	0
760	0
761	0
762	0
763	0
764	0
765	0
766	0
767	0
768	0
769	0
770	0
771	0
772	0
773	0
774	0
775	0
776	0
777	0
778	0
779	0
780	0
781	0
782	0
783	0
784	0
785	0
786	0
787	0
788	0
789	0
790	0
791	0
792	0
793	0
794	0
795	0
796	0
797	0
798	0
799	0
800	0
801	0
802	0
803	0
804	0
805	0
806	0
807	0
808	0
809	0
810	0
811	0
812	0
813	0
814	0
815	0
816	0
817	0
818	0
819	0
820	0
821	0
822	0
823	0
824	0
825	0
826	0
827	0
828	0
829	0
830	0
831	0
832	0
833	0
834	0
835	0
836	0
837	0
838	0
839	0
840	0
841	0
842	0
843	0
844	0
845	0
846	1
847	0
848	1
849	1
850	1
851	0
852	1
853	1
854	2
855	1
856	1
857	2
858	1
859	1
860	2
861	1
862	1
863	1
864	1
865	1
866	1
867	1
868	1
869	2
870	1
871	1
872	1
873	1
874	1
875	1
876	1
877	1
878	1
879	1
880	1
881	2
882	1
883	1
884	1
885	1
886	1
887	1
888	1
889	1
890	1
891	0
892	1
893	1
894	1
895	1
896	1
897	1
898	1
899	1
900	0
901	0
902	0
903	0
904	1
905	1
906	1
907	0
908	0
909	0
910	1
911	0
912	0
913	1
914	1
915	0
916	1
917	0
918	0
919	0
920	0
921	0
922	0
923	0
924	0
925	0
926	0
927	0
928	0
929	0
930	0
931	0
932	0
933	0
934	0
935	0
936	0
937	0
938	0
939	0
940	0
941	0
942	0
943	0
944	0
945	0
946	0
947	0
948	0
949	0
950	0
951	0
952	0
953	0
954	0
955	0
956	0
957	0
958	0
959	0
960	0
961	0
962	0
963	0
964	0
965	0
966	0
967	0
968	0
969	0
970	0
971	0
972	0
973	0
974	0
975	0
976	0
977	0
978	0
979	0
980	0
981	0
982	0
983	0
984	0
985	0
986	0
987	0
988	0
989	0
990	0
991	0
992	0
993	0
994	0
995	0
996	0
997	0
998	0
999	0
1000	0
1001	0
1002	0
1003	0
1004	0
1005	0
1006	0
1007	0
1008	0
1009	0
1010	0
1011	0
1012	0
1013	0
1014	0
1015	0
1016	0
1017	0
1018	0
1019	0
1020	0
1021	0
1022	0
1023	0
1024	0
1025	0
1026	0
1027	0
1028	0
1029	0
1030	0
1031	0
1032	0
1033	0
1034	0
1035	0
1036	0
1037	0
1038	0
1039	0
1040	0
1041	0
1042	0
1043	0
1044	0
1045	0
1046	0
1047	0
1048	1
1049	0
1050	0
1051	0
1052	0
1053	0
1054	0
1055	1
1056	0
1057	0
1058	1
1059	0
1060	0
1061	1
1062	0
1063	0
1064	1
1065	1
1066	1
1067	1
1068	1
1069	1
1070	1
1071	1
1072	1
1073	1
1074	1
1075	0
1076	1
1077	1
1078	1
1079	1
1080	1
1081	2
1082	1
1083	2
1084	1
1085	1
1086	2
1087	1
1088	2
1089	1
1090	1
1091	1
1092	2
1093	2
1094	1
1095	2
1096	2
1097	1
1098	1
1099	2
1100	2
1101	1
1102	2
1103	1
1104	2
1105	2
1106	2
1107	2
1108	2
1109	1
1110	1
1111	2
1112	2
1113	2
1114	1
1115	2
1116	1
1117	2
1118	2
1119	2
1120	2
1121	1
1122	2
1123	1
1124	2
1125	2
1126	2
1127	3
1128	2
1129	2
1130	2
1131	2
1132	1
1133	2
1134	2
1135	2
1136	1
1137	2
1138	3
1139	2
1140	2
1141	2
1142	2
1143	2
1144	2
1145	2
1146	2
1147	2
1148	2
1149	2
1150	2
1151	2
1152	2
1153	2
1154	3
1155	2
1156	2
1157	3
1158	3
1159	2
1160	2
1161	2
1162	2
1163	2
1164	2
1165	2
1166	3
1167	2
1168	2
1169	2
1170	2
1171	2
1172	2
1173	2
1174	3
1175	2
1176	3
1177	2
1178	3
1179	2
1180	3
1181	2
1182	2
1183	3
1184	3
1185	2
1186	2
1187	2
1188	2
1189	2
1190	2
1191	1
1192	1
1193	1
1194	1
1195	2
1196	2
1197	2
1198	1
1199	2
1200	1
1201	1
1202	1
1203	1
1204	0
1205	0
1206	1
1207	1
1208	1
1209	0
1210	1
1211	0
1212	1
1213	0
1214	1
1215	0
1216	0
1217	1
1218	0
1219	0
1220	1
1221	0
1222	0
1223	0
1224	1
1225	0
1226	1
1227	0
1228	1
1229	0
1230	0
1231	0
1232	0
1233	0
1234	0
1235	0
1236	0
1237	0
1238	0
1239	0
1240	0
1241	0
1242	0
1243	0
1244	0
1245	0
1246	0
1247	0
1248	0
1249	0
1250	0
1251	0
1252	0
1253	0
1254	0
1255	0
1256	0
1257	0
1258	0
1259	0
1260	0
1261	0
1262	0
1263	0
1264	0
1265	0
1266	0
1267	0
1268	1
1269	0
1270	0
1271	0
1272	1
1273	0
1274	0
1275	0
1276	1
1277	1
1278	0
1279	0
1280	0
1281	0
1282	1
1283	0
1284	1
1285	0
1286	0
1287	0
1288	0
1289	0
1290	0
1291	0
1292	0
1293	0
1294	0
1295	0
1296	0
1297	0
1298	0
1299	0
1300	0
1301	0
1302	0
1303	0
1304	0
1305	0
1306	0
1307	0
1308	0
1309	0
1310	0
1311	0
1312	0
1313	0
1314	0
1315	0
1316	0
1317	0
1318	0
1319	0
1320	0
1321	0
1322	0
1323	0
1324	0
1325	0
1326	0
1327	0
1328	0
1329	0
1330	0
1331	0
1332	0
1333	0
1334	0
1335	0
1336	0
1337	0
1338	0
1339	0
1340	0
1341	0
1342	0
1343	0
1344	0
1345	0
1346	0
1347	0
1348	0
1349	0
1350	0
1351	0
1352	0
1353	0
1354	0
1355	0
1356	0
1357	0
1358	0
1359	0
1360	0
1361	0
1362	0
1363	0
1364	0
1365	0
1366	0
1367	0
1368	0
1369	0
1370	0
1371	0
1372	0
1373	0
1374	0
1375	0
1376	0
1377	0
1378	0
1379	0
1380	0
1381	0
1382	0
1383	0
1384	0
1385	0
1386	0
1387	0
1388	0
1389	0
1390	0
1391	0
1392	0
1393	0
1394	0
1395	0
1396	0
1397	0
1398	0
1399	0
1400	0
1401	0
1402	0
1403	0
1404	0
1405	0
1406	0
1407	0
1408	0
1409	1
1410	0
1411	0
1412	0
1413	0
1414	0
1415	0
1416	0
1417	0
1418	0
1419	0
1420	0
1421	0
1422	0
1423	0
1424	0
1425	0
1426	0
1427	0
1428	0
1429	0
1430	0
1431	0
1432	0
1433	0
1434	0
1435	0
1436	0
1437	0
1438	0
1439	0
1440	0
1441	0
1442	0
1443	0
1444	0
1445	0
1446	0
1447	0
1448	0
1449	0
1450	0
1451	0
1452	0
1453	0
1454	0
1455	0
1456	0
1457	0
1458	0
1459	0
1460	0
1461	0
1462	1
1463	0
1464	0
1465	0
1466	0
1467	0
1468	0
1469	0
1470	0
1471	0
1472	0
1473	0
1474	0
1475	0
1476	0
1477	0
1478	0
1479	0
1480	0
1481	0
1482	0
1483	0
1484	0
1485	1
1486	0
1487	0
1488	0
1489	0
1490	0
1491	1
1492	0
1493	0
1494	0
1495	0
1496	0
1497	1
1498	0
1499	1
1500	0
1501	1
1502	1
1503	0
1504	0
1505	0
1506	1
1507	0
1508	0
1509	0
1510	0
1511	0
1512	1
1513	0
1514	1
1515	0
1516	0
1517	0
1518	0
1519	0
1520	0
1521	0
1522	0
1523	0
1524	0
1525	0
1526	0
1527	0
1528	0
1529	0
1530	0
1531	0
1532	0
1533	0
1534	0
1535	0
1536	0
1537	0
1538	0
1539	0
1540	0
1541	0
1542	0
1543	0
1544	0
1545	0
1546	0
1547	0
1548	0
1549	0
1550	0
1551	0
1552	0
1553	0
1554	0
1555	0
1556	0
1557	0
1558	0
1559	0
1560	0
1561	0
1562	0
1563	0
1564	0
1565	0
1566	0
1567	0
1568	0
1569	0
1570	0
1571	0
1572	0
1573	0
1574	0
1575	0
1576	0
1577	0
1578	0
1579	0
1580	0
1581	0
1582	0
1583	0
1584	0
1585	0
1586	0
1587	0
1588	0
1589	1
1590	0
1591	1
1592	0
1593	0
1594	0
1595	0
1596	0
1597	0
1598	0
1599	0
1600	0
1601	0
1602	0
1603	0
1604	0
1605	0
1606	0
1607	0
1608	0
1609	0
1610	1
1611	0
1612	0
1613	0
1614	1
1615	0
1616	0
1617	0
1618	0
1619	0
1620	0
1621	0
1622	0
1623	0
1624	0
1625	0
1626	0
1627	0
1628	0
1629	0
1630	0
1631	0
1632	0
1633	0
1634	1
1635	0
1636	0
1637	0
1638	0
1639	1
1640	0
1641	1
1642	0
1643	0
1644	0
1645	0
1646	0
1647	0
1648	0
1649	0
1650	0
1651	0
1652	0
1653	0
1654	0
1655	0
1656	0
1657	0
1658	0
1659	0
1660	0
1661	1
1662	0
1663	0
1664	0
1665	0
1666	0
1667	0
1668	0
1669	0
1670	1
1671	0
1672	0
1673	0
1674	0
1675	0
1676	0
1677	0
1678	0
1679	0
1680	0
1681	0
1682	0
1683	0
1684	0
1685	0
1686	1
1687	0
1688	0
1689	0
1690	0
1691	0
1692	0
1693	0
1694	0
1695	0
1696	0
1697	0
1698	0
1699	0
1700	0
1701	0
1702	0
1703	1
1704	1
1705	0
1706	0
1707	1
1708	0
1709	1
1710	1
1711	0
1712	0
1713	0
1714	0
1715	0
1716	0
1717	2
1718	0
1719	0
1720	1
1721	1
1722	1
1723	1
1724	0
1725	1
1726	1
1727	0
1728	1
1729	0
1730	1
1731	1
1732	1
1733	1
1734	1
1735	0
1736	1
1737	1
1738	2
1739	1
1740	1
1741	2
1742	2
1743	2
1744	2
1745	3
1746	2
1747	2
1748	3
1749	2
1750	3
1751	3
1752	3
1753	2
1754	3
1755	3
1756	3
1757	3
1758	3
1759	3
1760	4
1761	3
1762	3
1763	3
1764	3
1765	3
1766	3
1767	3
1768	3
1769	3
1770	3
1771	2
1772	2
1773	2
1774	2
1775	2
1776	2
1777	2
1778	3
1779	2
1780	2
1781	2
1782	2
1783	2
1784	3
1785	2
1786	2
1787	2
1788	2
1789	2
1790	1
1791	1
1792	1
1793	1
1794	1
1795	1
1796	1
1797	1
1798	2
1799	0
1800	2
1801	1
1802	1
1803	2
1804	1
1805	1
1806	1
1807	1
1808	1
1809	2
1810	1
1811	1
1812	1
1813	1
1814	1
1815	1
1816	2
1817	0
1818	1
1819	0
1820	1
1821	1
1822	1
1823	0
1824	1
1825	0
1826	1
1827	0
1828	1
1829	0
1830	1
1831	1
1832	1
1833	1
1834	1
1835	2
1836	0
1837	0
1838	0
1839	0
1840	0
1841	1
1842	1
1843	1
1844	0
1845	0
1846	0
1847	0
1848	0
1849	0
1850	0
1851	0
1852	0
1853	0
1854	0
1855	0
1856	0
1857	0
1858	1
1859	0
1860	0
1861	0
1862	0
1863	0
1864	0
1865	0
1866	0
1867	0
1868	0
1869	0
1870	0
1871	1
1872	0
1873	0
1874	0
1875	0
1876	0
1877	0
1878	0
1879	0
1880	0
1881	0
1882	0
1883	0
1884	1
1885	0
1886	2
1887	0
1888	0
1889	0
1890	1
1891	0
1892	0
1893	0
1894	0
1895	1
1896	0
1897	0
1898	0
1899	0
1900	0
1901	0
1902	0
1903	0
1904	0
1905	0
1906	0
1907	0
1908	0
1909	0
1910	0
1911	0
1912	0
1913	0
1914	0
1915	0
1916	0
1917	0
1918	0
1919	0
1920	0
1921	0
1922	1
1923	0
1924	1
1925	0
1926	0
1927	0
1928	0
1929	0
1930	1
1931	0
1932	0
1933	0
1934	1
1935	0
1936	1
1937	1
1938	1
1939	1
1940	1
1941	0
1942	0
1943	2
1944	1
1945	1
1946	1
1947	1
1948	1
1949	1
1950	1
1951	1
1952	0
1953	1
1954	2
1955	1
1956	1
1957	0
1958	0
1959	0
1960	0
1961	0
1962	1
1963	0
1964	0
1965	0
1966	0
1967	0
1968	0
1969	0
1970	0
1971	0
1972	0
1973	0
1974	0
1975	0
1976	0
1977	0
1978	0
1979	0
1980	1
1981	1
1982	0
1983	0
1984	0
1985	0
1986	0
1987	0
1988	0
1989	0
1990	0
1991	0
1992	0
1993	0
1994	0
1995	0
1996	0
1997	0
1998	1
1999	0
