0	2
1	3
2	3
3	5
4	3
5	5
6	1
7	5
8	2
9	3
10	2
11	4
12	2
13	4
14	2
15	3
16	1
17	4
18	3
19	4
20	2
21	5
22	1
23	7
24	1
25	5
26	3
27	5
28	3
29	5
30	3
31	5
32	3
33	4
34	4
35	5
36	3
37	6
38	4
39	6
40	4
41	7
42	3
43	7
44	2
45	5
46	4
47	5
48	4
49	5
50	3
51	6
52	3
53	5
54	3
55	6
56	3
57	5
58	4
59	4
60	4
61	5
62	3
63	4
64	2
65	5
66	2
67	4
68	3
69	4
70	2
71	5
72	1
73	5
74	2
75	5
76	2
77	4
78	3
79	4
80	2
81	5
82	3
83	5
84	2
85	6
86	3
87	6
88	2
89	4
90	2
91	6
92	3
93	6
94	2
95	5
96	2
97	4
98	4
99	6
100	3
101	3
102	3
103	4
104	2
105	5
106	3
107	5
108	2
109	4
110	2
111	5
112	3
113	4
114	1
115	4
116	2
117	4
118	2
119	4
120	2
121	4
122	1
123	4
124	2
125	5
126	3
127	5
128	3
129	3
130	3
131	4
132	1
133	4
134	2
135	5
136	2
137	3
138	2
139	5
140	3
141	5
142	3
143	5
144	4
145	7
146	4
147	6
148	2
149	5
150	2
151	4
152	2
153	4
154	3
155	4
156	3
157	4
158	2
159	2
160	3
161	4
162	3
163	4
164	3
165	6
166	3
167	5
168	4
169	3
170	4
171	4
172	4
173	4
174	1
175	3
176	2
177	4
178	4
179	4
180	4
181	4
182	3
183	4
184	3
185	5
186	2
187	4
188	3
189	2
190	4
191	5
192	3
193	3
194	4
195	4
196	4
197	4
198	3
199	4
200	2
201	5
202	2
203	4
204	3
205	4
206	3
207	5
208	2
209	4
210	3
211	3
212	4
213	4
214	3
215	3
216	2
217	3
218	2
219	3
220	1
221	4
222	2
223	3
224	4
225	3
226	4
227	4
228	3
229	5
230	2
231	5
232	2
233	4
234	2
235	4
236	3
237	4
238	2
239	4
240	3
241	5
242	3
243	4
244	3
245	4
246	3
247	4
248	3
249	4
250	3
251	4
252	4
253	4
254	4
255	4
256	2
257	4
258	3
259	4
260	2
261	5
262	3
263	5
264	3
265	6
266	3
267	5
268	3
269	7
270	4
271	7
272	4
273	7
274	4
275	5
276	4
277	5
278	5
279	4
280	4
281	8
282	4
283	6
284	3
285	5
286	3
287	4
288	4
289	6
290	3
291	5
292	3
293	4
294	3
295	4
296	3
297	4
298	3
299	4
300	2
301	4
302	2
303	4
304	1
305	5
306	3
307	5
308	2
309	5
310	1
311	4
312	2
313	4
314	2
315	5
316	1
317	4
318	2
319	5
320	1
321	3
322	2
323	2
324	2
325	5
326	1
327	4
328	1
329	3
330	3
331	6
332	2
333	4
334	5
335	2
336	3
337	4
338	3
339	5
340	3
341	4
342	4
343	6
344	3
345	6
346	2
347	4
348	2
349	5
350	3
351	4
352	4
353	3
354	2
355	3
356	2
357	4
358	2
359	5
360	4
361	6
362	3
363	6
364	1
365	4
366	3
367	4
368	3
369	3
370	4
371	5
372	3
373	6
374	4
375	5
376	3
377	4
378	3
379	7
380	4
381	5
382	3
383	5
384	4
385	5
386	4
387	3
388	3
389	5
390	2
391	4
392	2
393	3
394	3
395	2
396	1
397	3
398	1
399	5
400	3
401	4
402	2
403	5
404	3
405	3
406	3
407	3
408	2
409	3
410	2
411	3
412	3
413	5
414	2
415	5
416	4
417	3
418	3
419	5
420	2
421	5
422	3
423	3
424	4
425	3
426	3
427	4
428	2
429	4
430	2
431	5
432	2
433	7
434	3
435	5
436	3
437	7
438	5
439	8
440	7
441	10
442	11
443	13
444	12
445	15
446	16
447	17
448	18
449	23
450	22
451	26
452	28
453	30
454	29
455	35
456	35
457	39
458	39
459	41
460	44
461	47
462	47
463	50
464	51
465	54
466	54
467	56
468	56
469	59
470	58
471	61
472	59
473	62
474	62
475	65
476	64
477	66
478	65
479	67
480	67
481	66
482	67
483	70
484	67
485	70
486	68
487	70
488	70
489	71
490	70
491	71
492	71
493	72
494	72
495	74
496	73
497	74
498	74
499	78
500	62
501	73
502	69
503	71
504	68
505	69
506	67
507	69
508	67
509	67
510	66
511	64
512	62
513	63
514	61
515	61
516	60
517	60
518	58
519	59
520	56
521	55
522	53
523	53
524	49
525	50
526	47
527	48
528	45
529	47
530	45
531	45
532	43
533	43
534	41
535	40
536	37
537	39
538	35
539	37
540	33
541	33
542	31
543	32
544	29
545	28
546	27
547	27
548	27
549	26
550	25
551	26
552	25
553	24
554	23
555	23
556	22
557	23
558	21
559	22
560	20
561	20
562	19
563	19
564	18
565	18
566	16
567	18
568	16
569	17
570	14
571	15
572	15
573	15
574	12
575	12
576	8
577	9
578	8
579	9
580	6
581	8
582	7
583	7
584	6
585	6
586	6
587	6
588	6
589	5
590	5
591	5
592	4
593	6
594	4
595	4
596	3
597	4
598	3
599	3
600	2
601	4
602	1
603	4
604	2
605	3
606	2
607	2
608	3
609	3
610	2
611	3
612	1
613	3
614	2
615	2
616	1
617	2
618	1
619	2
620	1
621	2
622	1
623	2
624	1
625	2
626	1
627	2
628	2
629	2
630	1
631	1
632	2
633	1
634	2
635	2
636	2
637	2
638	2
639	2
640	2
641	2
642	3
643	2
644	2
645	3
646	2
647	2
648	2
649	3
650	3
651	4
652	3
653	4
654	2
655	3
656	2
657	2
658	2
659	4
660	2
661	3
662	3
663	3
664	4
665	3
666	3
667	3
668	2
669	4
670	3
671	4
672	3
673	3
674	2
675	4
676	3
677	2
678	3
679	3
680	2
681	4
682	3
683	4
684	2
685	3
686	2
687	3
688	3
689	3
690	2
691	4
692	3
693	4
694	2
695	3
696	3
697	4
698	2
699	4
700	4
701	3
702	2
703	3
704	2
705	3
706	3
707	3
708	1
709	2
710	1
711	3
712	2
713	3
714	2
715	2
716	1
717	3
718	2
719	2
720	2
721	4
722	2
723	2
724	1
725	2
726	1
727	2
728	2
729	2
730	2
731	3
732	1
733	2
734	2
735	2
736	1
737	2
738	2
739	2
740	0
741	2
742	0
743	1
744	0
745	1
746	0
747	1
748	0
749	0
750	0
751	0
752	0
753	0
754	0
755	1
756	0
757	1
758	0
759	0
760	0
761	1
762	0
763	0
764	1
765	0
766	0
767	1
768	0
769	2
770	0
771	0
772	1
773	1
774	0
775	1
776	0
777	1
778	0
779	1
780	0
781	1
782	0
783	1
784	0
785	0
786	0
787	0
788	0
789	1
790	0
791	0
792	0
793	0
794	0
795	0
796	0
797	0
798	0
799	0
800	0
801	0
802	0
803	0
804	0
805	1
806	0
807	0
808	1
809	0
810	0
811	1
812	0
813	0
814	0
815	1
816	0
817	0
818	0
819	0
820	0
821	0
822	0
823	1
824	1
825	0
826	0
827	0
828	0
829	1
830	0
831	1
832	0
833	1
834	0
835	0
836	0
837	0
838	0
839	0
840	0
841	0
842	0
843	0
844	0
845	0
846	0
847	0
848	0
849	0
850	0
851	0
852	1
853	0
854	0
855	0
856	0
857	0
858	0
859	0
860	0
861	0
862	0
863	0
864	0
865	0
866	0
867	0
868	0
869	0
870	0
871	0
872	0
873	0
874	0
875	0
876	0
877	0
878	0
879	1
880	0
881	0
882	0
883	1
884	0
885	0
886	0
887	0
888	0
889	0
890	0
891	0
892	0
893	0
894	0
895	0
896	0
897	1
898	0
899	0
900	0
901	1
902	0
903	1
904	0
905	0
906	0
907	1
908	0
909	0
910	0
911	1
912	0
913	1
914	0
915	0
916	0
917	1
918	0
919	0
920	0
921	0
922	0
923	0
924	1
925	0
926	1
927	1
928	1
929	2
930	1
931	1
932	0
933	1
934	0
935	1
936	0
937	2
938	0
939	1
940	0
941	1
942	1
943	0
944	1
945	0
946	0
947	2
948	2
949	2
950	1
951	2
952	1
953	1
954	1
955	1
956	1
957	2
958	2
959	1
960	2
961	2
962	1
963	2
964	1
965	2
966	2
967	2
968	2
969	2
970	2
971	2
972	1
973	2
974	1
975	2
976	2
977	2
978	1
979	2
980	1
981	2
982	1
983	2
984	1
985	1
986	1
987	1
988	1
989	1
990	1
991	1
992	1
993	1
994	0
995	1
996	0
997	1
998	0
999	0
1000	1
1001	2
1002	0
1003	0
1004	0
1005	0
1006	0
1007	0
1008	0
1009	0
1010	0
1011	0
1012	0
1013	1
1014	0
1015	0
1016	0
1017	0
1018	0
1019	0
1020	1
1021	0
1022	0
1023	0
1024	0
1025	0
1026	1
1027	0
1028	0
1029	1
1030	0
1031	0
1032	1
1033	1
1034	1
1035	1
1036	0
1037	1
1038	0
1039	0
1040	1
1041	1
1042	0
1043	0
1044	0
1045	1
1046	0
1047	0
1048	0
1049	1
1050	0
1051	0
1052	0
1053	0
1054	0
1055	0
1056	0
1057	0
1058	0
1059	0
1060	0
1061	0
1062	0
1063	1
1064	0
1065	1
1066	0
1067	1
1068	0
1069	1
1070	0
1071	0
1072	0
1073	0
1074	0
1075	0
1076	0
1077	0
1078	0
1079	0
1080	0
1081	0
1082	0
1083	0
1084	0
1085	0
1086	0
1087	0
1088	0
1089	0
1090	0
1091	0
1092	0
1093	1
1094	0
1095	0
1096	0
1097	0
1098	0
1099	0
1100	0
1101	0
1102	0
1103	0
1104	0
1105	0
1106	0
1107	0
1108	0
1109	1
1110	0
1111	0
1112	0
1113	0
1114	0
1115	1
1116	2
1117	0
1118	0
1119	0
1120	0
1121	0
1122	0
1123	0
1124	0
1125	0
1126	1
1127	0
1128	0
1129	0
1130	0
1131	0
1132	0
1133	0
1134	0
1135	1
1136	0
1137	0
1138	0
1139	0
1140	0
1141	0
1142	0
1143	0
1144	0
1145	1
1146	0
1147	1
1148	0
1149	0
1150	0
1151	0
1152	0
1153	0
1154	0
1155	1
1156	0
1157	1
1158	0
1159	1
1160	0
1161	0
1162	0
1163	0
1164	0
1165	1
1166	0
1167	1
1168	0
1169	0
1170	0
1171	0
1172	0
1173	0
1174	0
1175	1
1176	0
1177	0
1178	0
1179	0
1180	0
1181	0
1182	0
1183	0
1184	0
1185	0
1186	0
1187	0
1188	0
1189	1
1190	0
1191	0
1192	0
1193	0
1194	0
1195	1
1196	0
1197	1
1198	0
1199	1
1200	1
1201	0
1202	0
1203	1
1204	0
1205	0
1206	0
1207	0
1208	0
1209	0
1210	0
1211	0
1212	0
1213	1
1214	0
1215	1
1216	0
1217	0
1218	0
1219	0
1220	0
1221	0
1222	0
1223	0
1224	0
1225	0
1226	0
1227	0
1228	0
1229	0
1230	0
1231	1
1232	0
1233	0
1234	0
1235	0
1236	0
1237	0
1238	0
1239	1
1240	0
1241	1
1242	0
1243	0
1244	0
1245	1
1246	0
1247	1
1248	0
1249	0
1250	0
1251	1
1252	0
1253	0
1254	1
1255	2
1256	0
1257	1
1258	0
1259	1
1260	0
1261	1
1262	0
1263	0
1264	0
1265	1
1266	0
1267	0
1268	0
1269	0
1270	0
1271	0
1272	0
1273	1
1274	0
1275	0
1276	0
1277	0
1278	0
1279	0
1280	0
1281	0
1282	0
1283	0
1284	0
1285	1
1286	1
1287	0
1288	0
1289	0
1290	0
1291	0
1292	1
1293	0
1294	0
1295	0
1296	0
1297	0
1298	0
1299	1
1300	0
1301	0
1302	0
1303	0
1304	0
1305	0
1306	0
1307	0
1308	1
1309	1
1310	0
1311	1
1312	0
1313	1
1314	0
1315	0
1316	0
1317	0
1318	0
1319	0
1320	0
1321	0
1322	0
1323	0
1324	0
1325	0
1326	0
1327	0
1328	0
1329	0
1330	0
1331	1
1332	0
1333	1
1334	0
1335	0
1336	0
1337	0
1338	0
1339	0
1340	0
1341	1
1342	0
1343	0
1344	0
1345	0
1346	1
1347	0
1348	1
1349	1
1350	1
1351	0
1352	0
1353	0
1354	0
1355	0
1356	0
1357	0
1358	0
1359	0
1360	0
1361	1
1362	0
1363	1
1364	0
1365	1
1366	0
1367	1
1368	1
1369	0
1370	1
1371	0
1372	0
1373	0
1374	0
1375	0
1376	0
1377	0
1378	0
1379	0
1380	0
1381	0
1382	0
1383	0
1384	0
1385	0
1386	0
1387	0
1388	0
1389	0
1390	0
1391	1
1392	0
1393	0
1394	0
1395	0
1396	0
1397	1
1398	0
1399	2
1400	1
1401	1
1402	0
1403	1
1404	0
1405	2
1406	0
1407	1
1408	0
1409	0
1410	0
1411	1
1412	1
1413	2
1414	0
1415	1
1416	1
1417	2
1418	0
1419	0
1420	0
1421	1
1422	0
1423	1
1424	0
1425	0
1426	0
1427	1
1428	0
1429	0
1430	0
1431	0
1432	0
1433	0
1434	0
1435	1
1436	0
1437	1
1438	0
1439	0
1440	0
1441	0
1442	0
1443	1
1444	0
1445	0
1446	0
1447	0
1448	0
1449	0
1450	0
1451	0
1452	0
1453	0
1454	0
1455	0
1456	1
1457	1
1458	0
1459	2
1460	0
1461	3
1462	1
1463	2
1464	1
1465	0
1466	2
1467	1
1468	1
1469	1
1470	1
1471	1
1472	0
1473	1
1474	0
1475	1
1476	0
1477	0
1478	1
1479	1
1480	1
1481	0
1482	0
1483	0
1484	0
1485	0
1486	0
1487	0
1488	0
1489	0
1490	0
1491	1
1492	0
1493	2
1494	1
1495	0
1496	0
1497	0
1498	0
1499	0
1500	0
1501	0
1502	0
1503	0
1504	0
1505	0
1506	0
1507	0
1508	0
1509	0
1510	0
1511	1
1512	0
1513	1
1514	0
1515	1
1516	0
1517	2
1518	0
1519	1
1520	0
1521	1
1522	1
1523	0
1524	0
1525	1
1526	0
1527	1
1528	0
1529	1
1530	0
1531	1
1532	0
1533	1
1534	1
1535	1
1536	0
1537	1
1538	0
1539	1
1540	1
1541	1
1542	0
1543	1
1544	1
1545	2
1546	1
1547	1
1548	0
1549	1
1550	1
1551	0
1552	0
1553	1
1554	0
1555	1
1556	1
1557	1
1558	0
1559	1
1560	1
1561	0
1562	0
1563	0
1564	0
1565	1
1566	1
1567	1
1568	1
1569	1
1570	1
1571	1
1572	0
1573	1
1574	0
1575	0
1576	0
1577	0
1578	0
1579	1
1580	1
1581	2
1582	1
1583	0
1584	0
1585	1
1586	1
1587	3
1588	1
1589	2
1590	1
1591	2
1592	0
1593	2
1594	0
1595	2
1596	1
1597	2
1598	1
1599	2
1600	1
1601	2
1602	1
1603	1
1604	1
1605	1
1606	1
1607	2
1608	0
1609	0
1610	1
1611	1
1612	0
1613	1
1614	0
1615	1
1616	0
1617	1
1618	1
1619	0
1620	0
1621	1
1622	0
1623	1
1624	0
1625	1
1626	0
1627	1
1628	0
1629	3
1630	1
1631	2
1632	0
1633	1
1634	0
1635	1
1636	0
1637	1
1638	0
1639	1
1640	1
1641	0
1642	0
1643	1
1644	0
1645	1
1646	0
1647	0
1648	0
1649	0
1650	0
1651	0
1652	0
1653	0
1654	1
1655	0
1656	1
1657	1
1658	1
1659	2
1660	1
1661	2
1662	0
1663	2
1664	1
1665	3
1666	0
1667	1
1668	0
1669	3
1670	1
1671	3
1672	1
1673	3
1674	1
1675	2
1676	1
1677	0
1678	1
1679	2
1680	1
1681	2
1682	0
1683	2
1684	0
1685	1
1686	1
1687	2
1688	0
1689	2
1690	1
1691	1
1692	0
1693	1
1694	1
1695	2
1696	1
1697	1
1698	1
1699	0
1700	0
1701	2
1702	1
1703	2
1704	1
1705	3
1706	2
1707	4
1708	1
1709	1
1710	1
1711	3
1712	1
1713	2
1714	1
1715	3
1716	1
1717	3
1718	1
1719	2
1720	1
1721	1
1722	0
1723	1
1724	0
1725	1
1726	1
1727	2
1728	0
1729	0
1730	1
1731	0
1732	0
1733	1
1734	0
1735	1
1736	0
1737	0
1738	0
1739	1
1740	0
1741	1
1742	1
1743	0
1744	0
1745	1
1746	0
1747	1
1748	0
1749	1
1750	1
1751	1
1752	0
1753	0
1754	1
1755	1
1756	1
1757	2
1758	1
1759	1
1760	1
1761	0
1762	1
1763	1
1764	1
1765	1
1766	0
1767	1
1768	1
1769	1
1770	1
1771	1
1772	0
1773	1
1774	1
1775	1
1776	1
1777	2
1778	1
1779	1
1780	1
1781	1
1782	1
1783	1
1784	1
1785	2
1786	1
1787	2
1788	1
1789	1
1790	2
1791	1
1792	2
1793	1
1794	2
1795	2
1796	1
1797	2
1798	1
1799	4
1800	1
1801	4
1802	1
1803	3
1804	2
1805	2
1806	2
1807	2
1808	2
1809	3
1810	2
1811	3
1812	2
1813	3
1814	1
1815	1
1816	1
1817	2
1818	2
1819	2
1820	1
1821	2
1822	1
1823	1
1824	1
1825	2
1826	1
1827	2
1828	1
1829	2
1830	1
1831	2
1832	1
1833	2
1834	1
1835	3
1836	1
1837	2
1838	1
1839	3
1840	1
1841	2
1842	1
1843	3
1844	0
1845	2
1846	0
1847	1
1848	0
1849	1
1850	0
1851	2
1852	1
1853	1
1854	0
1855	0
1856	0
1857	1
1858	0
1859	1
1860	1
1861	1
1862	0
1863	2
1864	1
1865	1
1866	0
1867	1
1868	0
1869	2
1870	0
1871	1
1872	0
1873	2
1874	0
1875	2
1876	1
1877	3
1878	0
1879	1
1880	0
1881	2
1882	1
1883	3
1884	1
1885	2
1886	1
1887	3
1888	1
1889	2
1890	2
1891	2
1892	0
1893	1
1894	0
1895	2
1896	1
1897	1
1898	2
1899	1
1900	0
1901	2
1902	1
1903	3
1904	1
1905	2
1906	1
1907	0
1908	1
1909	1
1910	0
1911	2
1912	0
1913	1
1914	1
1915	1
1916	0
1917	2
1918	1
1919	1
1920	1
1921	2
1922	1
1923	2
1924	1
1925	2
1926	0
1927	0
1928	0
1929	2
1930	1
1931	3
1932	1
1933	4
1934	1
1935	2
1936	1
1937	1
1938	2
1939	1
1940	2
1941	1
1942	2
1943	3
1944	1
1945	3
1946	2
1947	3
1948	3
1949	3
1950	3
1951	5
1952	3
1953	4
1954	3
1955	3
1956	3
1957	2
1958	3
1959	3
1960	3
1961	5
1962	4
1963	3
1964	3
1965	2
1966	4
1967	3
1968	2
1969	3
1970	3
1971	3
1972	3
1973	4
1974	3
1975	4
1976	2
1977	5
1978	4
1979	4
1980	3
1981	4
1982	3
1983	2
1984	4
1985	4
1986	4
1987	4
1988	3
1989	4
1990	3
1991	4
1992	2
1993	4
1994	1
1995	4
1996	2
1997	3
1998	2
1999	3
