0	0
1	0
2	0
3	0
4	0
5	0
6	0
7	0
8	0
9	0
10	0
11	0
12	0
13	0
14	0
15	0
16	0
17	0
18	0
19	0
20	0
21	0
22	0
23	0
24	0
25	0
26	0
27	0
28	0
29	0
30	0
31	0
32	0
33	0
34	0
35	0
36	0
37	0
38	0
39	0
40	0
41	0
42	0
43	0
44	0
45	0
46	0
47	0
48	0
49	0
50	0
51	1
52	0
53	0
54	0
55	0
56	0
57	1
58	0
59	1
60	0
61	0
62	1
63	0
64	0
65	1
66	0
67	1
68	0
69	1
70	1
71	1
72	0
73	0
74	0
75	0
76	0
77	0
78	0
79	1
80	0
81	1
82	0
83	1
84	0
85	1
86	0
87	0
88	0
89	1
90	0
91	0
92	0
93	0
94	0
95	1
96	1
97	0
98	0
99	0
100	0
101	0
102	0
103	1
104	0
105	0
106	0
107	1
108	0
109	1
110	0
111	1
112	0
113	0
114	1
115	0
116	0
117	1
118	0
119	1
120	0
121	0
122	0
123	0
124	0
125	0
126	0
127	0
128	0
129	0
130	0
131	0
132	0
133	0
134	0
135	0
136	0
137	0
138	0
139	0
140	0
141	0
142	0
143	0
144	0
145	0
146	0
147	0
148	0
149	1
150	0
151	0
152	0
153	0
154	0
155	0
156	0
157	0
158	0
159	0
160	0
161	0
162	0
163	0
164	0
165	0
166	0
167	0
168	0
169	0
170	0
171	0
172	0
173	0
174	0
175	0
176	0
177	0
178	0
179	0
180	0
181	0
182	0
183	0
184	0
185	0
186	0
187	0
188	0
189	0
190	0
191	0
192	0
193	0
194	0
195	0
196	0
197	0
198	0
199	0
200	0
201	0
202	0
203	0
204	0
205	0
206	0
207	0
208	0
209	0
210	0
211	0
212	0
213	1
214	0
215	0
216	0
217	0
218	0
219	1
220	0
221	1
222	0
223	0
224	0
225	0
226	0
227	0
228	0
229	0
230	0
231	0
232	0
233	0
234	0
235	0
236	0
237	0
238	0
239	0
240	-1
241	0
242	0
243	0
244	0
245	0
246	0
247	0
248	0
249	0
250	0
251	0
252	0
253	0
254	0
255	0
256	0
257	0
258	0
259	0
260	0
261	0
262	0
263	0
264	0
265	0
266	0
267	0
268	0
269	0
270	0
271	0
272	0
273	0
274	0
275	0
276	0
277	0
278	0
279	0
280	0
281	0
282	0
283	0
284	0
285	0
286	0
287	0
288	0
289	0
290	0
291	0
292	0
293	0
294	0
295	0
296	0
297	0
298	0
299	0
300	0
301	0
302	0
303	0
304	0
305	0
306	0
307	0
308	0
309	0
310	0
311	0
312	0
313	0
314	0
315	0
316	0
317	0
318	1
319	0
320	0
321	0
322	0
323	0
324	0
325	0
326	0
327	0
328	0
329	0
330	0
331	0
332	0
333	0
334	0
335	0
336	0
337	0
338	0
339	0
340	0
341	0
342	0
343	0
344	0
345	0
346	0
347	0
348	0
349	0
350	0
351	0
352	0
353	0
354	0
355	0
356	0
357	0
358	0
359	1
360	0
361	1
362	0
363	0
364	0
365	0
366	0
367	0
368	0
369	0
370	0
371	0
372	0
373	0
374	0
375	0
376	0
377	0
378	0
379	0
380	0
381	0
382	0
383	0
384	0
385	0
386	0
387	0
388	0
389	0
390	0
391	0
392	0
393	0
394	0
395	0
396	0
397	0
398	0
399	0
400	0
401	0
402	0
403	0
404	0
405	0
406	0
407	0
408	0
409	0
410	0
411	0
412	0
413	1
414	0
415	0
416	0
417	0
418	1
419	1
420	1
421	2
422	1
423	2
424	2
425	2
426	3
427	3
428	3
429	3
430	3
431	4
432	4
433	6
434	5
435	7
436	7
437	10
438	10
439	12
440	14
441	17
442	18
443	20
444	22
445	26
446	27
447	30
448	32
449	36
450	37
451	40
452	43
453	45
454	48
455	50
456	51
457	53
458	55
459	59
460	62
461	64
462	65
463	67
464	68
465	69
466	69
467	71
468	72
469	74
470	74
471	75
472	76
473	77
474	77
475	76
476	75
477	78
478	76
479	77
480	78
481	78
482	78
483	78
484	79
485	78
486	78
487	79
488	75
489	76
490	74
491	76
492	74
493	74
494	73
495	74
496	74
497	75
498	75
499	78
500	62
501	72
502	66
503	67
504	65
505	66
506	65
507	66
508	62
509	62
510	59
511	59
512	57
513	56
514	56
515	54
516	55
517	52
518	50
519	52
520	47
521	49
522	44
523	45
524	43
525	42
526	42
527	41
528	39
529	39
530	39
531	37
532	34
533	35
534	31
535	31
536	29
537	29
538	27
539	27
540	27
541	26
542	25
543	25
544	24
545	24
546	22
547	22
548	20
549	21
550	19
551	19
552	18
553	17
554	16
555	14
556	14
557	13
558	11
559	11
560	9
561	9
562	8
563	8
564	6
565	8
566	6
567	7
568	5
569	5
570	6
571	5
572	4
573	4
574	3
575	4
576	3
577	3
578	2
579	3
580	2
581	3
582	3
583	2
584	2
585	2
586	2
587	1
588	1
589	1
590	1
591	0
592	0
593	0
594	0
595	0
596	0
597	0
598	0
599	0
600	-1
601	0
602	0
603	0
604	0
605	0
606	0
607	0
608	0
609	-1
610	0
611	-1
612	0
613	0
614	-1
615	0
616	-1
617	0
618	-2
619	-1
620	-2
621	-1
622	-1
623	-2
624	-1
625	-2
626	-2
627	-2
628	-3
629	-3
630	-2
631	-2
632	-2
633	-2
634	-2
635	-1
636	-2
637	-1
638	-1
639	-2
640	-1
641	-1
642	-1
643	-2
644	-2
645	-1
646	0
647	0
648	-1
649	0
650	0
651	-1
652	-1
653	0
654	0
655	0
656	0
657	0
658	0
659	0
660	0
661	-2
662	0
663	0
664	-1
665	0
666	-1
667	-1
668	0
669	0
670	-1
671	-1
672	-1
673	-1
674	-1
675	-1
676	0
677	-1
678	-1
679	-1
680	0
681	-1
682	0
683	-2
684	-1
685	-2
686	-1
687	0
688	-1
689	-1
690	-1
691	-1
692	-1
693	0
694	-1
695	-1
696	-1
697	0
698	-2
699	-1
700	-1
701	-1
702	-1
703	-1
704	-1
705	-1
706	-1
707	-1
708	-1
709	-1
710	-1
711	-1
712	-1
713	-1
714	-1
715	-1
716	-1
717	-2
718	-2
719	-2
720	-3
721	-2
722	-2
723	-1
724	0
725	-2
726	-1
727	-2
728	-1
729	-2
730	-1
731	-1
732	-2
733	-1
734	0
735	0
736	-2
737	0
738	-1
739	0
740	-2
741	-2
742	0
743	-1
744	-1
745	-1
746	-2
747	-1
748	-2
749	-1
750	-2
751	-1
752	-2
753	-2
754	-2
755	-1
756	-1
757	-2
758	-1
759	-2
760	-2
761	-1
762	-2
763	-1
764	-1
765	0
766	0
767	-1
768	-1
769	-1
770	-2
771	0
772	-1
773	0
774	0
775	0
776	0
777	1
778	0
779	1
780	0
781	1
782	0
783	1
784	0
785	1
786	1
787	2
788	2
789	3
790	2
791	2
792	2
793	2
794	2
795	2
796	2
797	2
798	1
799	1
800	1
801	2
802	3
803	1
804	1
805	2
806	3
807	2
808	1
809	1
810	1
811	1
812	0
813	2
814	1
815	1
816	0
817	0
818	0
819	1
820	1
821	1
822	0
823	1
824	1
825	0
826	0
827	0
828	0
829	1
830	0
831	0
832	0
833	0
834	0
835	0
836	0
837	0
838	0
839	0
840	0
841	0
842	0
843	0
844	0
845	0
846	-2
847	0
848	-1
849	-1
850	-1
851	-1
852	-1
853	0
854	-2
855	-2
856	-2
857	-1
858	-2
859	-3
860	0
861	-1
862	-2
863	-1
864	-3
865	-2
866	-1
867	-1
868	-1
869	-1
870	-2
871	-1
872	-1
873	-2
874	-2
875	-1
876	-1
877	-1
878	-3
879	-2
880	-2
881	-2
882	-2
883	-1
884	-3
885	-3
886	-1
887	-1
888	-2
889	-2
890	-1
891	-2
892	0
893	-1
894	-3
895	-1
896	-2
897	-2
898	-2
899	-1
900	-1
901	-2
902	-3
903	-1
904	-2
905	-1
906	-3
907	-2
908	-2
909	-2
910	-1
911	-2
912	-2
913	-2
914	-2
915	-3
916	-2
917	-3
918	-2
919	-2
920	-2
921	-3
922	-4
923	-3
924	-2
925	-3
926	-3
927	-4
928	-5
929	-3
930	-3
931	-3
932	-3
933	-3
934	-4
935	-2
936	-3
937	-2
938	-2
939	-3
940	-3
941	-2
942	-5
943	-2
944	-3
945	-3
946	-1
947	-3
948	-2
949	-2
950	-4
951	-3
952	-2
953	-2
954	-3
955	-2
956	-4
957	-3
958	-1
959	-3
960	-4
961	-3
962	-3
963	-3
964	-2
965	-4
966	-1
967	-2
968	-3
969	-2
970	-3
971	-2
972	-2
973	-3
974	-2
975	-2
976	-2
977	-2
978	-2
979	-4
980	-2
981	-3
982	-3
983	-3
984	-2
985	-3
986	-3
987	-1
988	-2
989	-2
990	-2
991	-1
992	-2
993	-1
994	-2
995	0
996	-1
997	0
998	-1
999	0
1000	-1
1001	0
1002	-1
1003	0
1004	0
1005	0
1006	0
1007	0
1008	-1
1009	0
1010	0
1011	0
1012	0
1013	0
1014	0
1015	0
1016	0
1017	0
1018	0
1019	0
1020	0
1021	0
1022	0
1023	-2
1024	0
1025	-2
1026	0
1027	-2
1028	0
1029	-1
1030	0
1031	0
1032	-1
1033	-1
1034	-1
1035	-1
1036	-1
1037	-2
1038	-2
1039	-1
1040	-2
1041	-1
1042	-1
1043	-2
1044	-2
1045	-1
1046	-1
1047	-1
1048	-1
1049	-1
1050	-1
1051	-1
1052	0
1053	-1
1054	-1
1055	0
1056	0
1057	-1
1058	-2
1059	0
1060	-2
1061	-1
1062	-1
1063	0
1064	-2
1065	-2
1066	0
1067	-1
1068	-1
1069	-1
1070	-2
1071	-1
1072	-1
1073	-2
1074	-3
1075	-1
1076	-1
1077	-2
1078	-1
1079	-2
1080	-1
1081	0
1082	-3
1083	-1
1084	-2
1085	-2
1086	-1
1087	-1
1088	-2
1089	0
1090	-3
1091	-1
1092	-3
1093	-2
1094	-1
1095	-1
1096	-2
1097	-1
1098	-2
1099	-2
1100	-1
1101	-1
1102	-1
1103	-1
1104	-2
1105	-1
1106	-2
1107	-2
1108	-2
1109	-3
1110	-3
1111	-1
1112	-3
1113	-2
1114	-2
1115	-1
1116	-3
1117	-3
1118	-3
1119	-2
1120	-3
1121	-2
1122	-3
1123	-2
1124	-2
1125	-2
1126	-3
1127	-1
1128	-2
1129	-2
1130	-2
1131	-2
1132	-2
1133	-2
1134	-3
1135	-1
1136	-3
1137	-1
1138	-3
1139	-2
1140	-3
1141	-3
1142	-2
1143	-1
1144	-4
1145	-2
1146	-3
1147	-2
1148	-2
1149	-3
1150	-3
1151	-3
1152	-3
1153	-3
1154	-2
1155	-2
1156	-3
1157	-2
1158	-2
1159	-2
1160	-4
1161	-2
1162	-3
1163	-1
1164	-2
1165	-2
1166	-3
1167	-1
1168	-2
1169	-1
1170	-2
1171	0
1172	-2
1173	-2
1174	-3
1175	-3
1176	-2
1177	-3
1178	-2
1179	-2
1180	-2
1181	-1
1182	-3
1183	-2
1184	-1
1185	-3
1186	-2
1187	-2
1188	-2
1189	-1
1190	-1
1191	-1
1192	-3
1193	-1
1194	-1
1195	-1
1196	-2
1197	0
1198	-2
1199	-1
1200	-2
1201	-1
1202	-2
1203	-1
1204	-1
1205	-1
1206	-2
1207	-1
1208	-1
1209	-1
1210	-2
1211	-2
1212	-2
1213	-2
1214	-3
1215	-2
1216	-1
1217	-2
1218	-3
1219	-2
1220	-2
1221	-1
1222	-3
1223	-2
1224	-2
1225	-1
1226	-3
1227	-1
1228	-2
1229	-1
1230	-1
1231	0
1232	-2
1233	-1
1234	-1
1235	-1
1236	-1
1237	0
1238	-2
1239	-1
1240	-2
1241	-2
1242	-2
1243	-2
1244	-2
1245	-1
1246	-1
1247	-2
1248	-3
1249	-1
1250	-3
1251	-1
1252	-2
1253	-2
1254	-2
1255	-2
1256	-1
1257	-1
1258	-2
1259	-1
1260	-2
1261	-1
1262	-1
1263	-1
1264	-1
1265	-1
1266	-1
1267	-1
1268	-1
1269	-2
1270	-3
1271	-1
1272	-1
1273	-2
1274	-2
1275	-2
1276	-1
1277	-2
1278	-2
1279	-2
1280	-3
1281	-2
1282	-2
1283	-1
1284	-2
1285	-1
1286	-1
1287	-1
1288	0
1289	-2
1290	-2
1291	-3
1292	-3
1293	-2
1294	-2
1295	-1
1296	-2
1297	-2
1298	-3
1299	-2
1300	-2
1301	-2
1302	-2
1303	-1
1304	-2
1305	-2
1306	-2
1307	-2
1308	-2
1309	-2
1310	-2
1311	-2
1312	-1
1313	-1
1314	-2
1315	-2
1316	-1
1317	-2
1318	-2
1319	-3
1320	-2
1321	-2
1322	-2
1323	-1
1324	-3
1325	-1
1326	-2
1327	-1
1328	-2
1329	0
1330	-2
1331	-1
1332	-2
1333	-1
1334	-1
1335	-1
1336	-2
1337	-1
1338	-1
1339	0
1340	-2
1341	-1
1342	-2
1343	-1
1344	-2
1345	-2
1346	-2
1347	-2
1348	-3
1349	-2
1350	-2
1351	-2
1352	-4
1353	-1
1354	-2
1355	-1
1356	-2
1357	-1
1358	-1
1359	0
1360	-1
1361	-1
1362	-1
1363	-1
1364	-1
1365	-1
1366	-1
1367	-1
1368	-1
1369	0
1370	-2
1371	0
1372	-1
1373	0
1374	-1
1375	-1
1376	-1
1377	-1
1378	-1
1379	0
1380	-2
1381	-1
1382	-1
1383	-1
1384	-1
1385	0
1386	-1
1387	0
1388	-2
1389	-2
1390	-2
1391	0
1392	-2
1393	-1
1394	-1
1395	0
1396	-1
1397	0
1398	-2
1399	0
1400	-1
1401	-1
1402	-1
1403	-1
1404	-2
1405	0
1406	-2
1407	-1
1408	-2
1409	-2
1410	-2
1411	0
1412	-2
1413	-1
1414	-2
1415	-1
1416	-1
1417	-1
1418	-2
1419	0
1420	-2
1421	0
1422	-1
1423	-1
1424	-1
1425	-1
1426	-1
1427	0
1428	-1
1429	0
1430	-1
1431	-1
1432	-1
1433	-1
1434	-1
1435	-1
1436	-2
1437	-1
1438	-1
1439	-1
1440	-2
1441	-1
1442	-2
1443	-1
1444	0
1445	-1
1446	-1
1447	-1
1448	-2
1449	-1
1450	-1
1451	-1
1452	-1
1453	-2
1454	-1
1455	-1
1456	-1
1457	-1
1458	-1
1459	0
1460	-1
1461	-1
1462	-1
1463	-1
1464	-1
1465	0
1466	0
1467	0
1468	0
1469	0
1470	-1
1471	0
1472	-2
1473	0
1474	-1
1475	0
1476	0
1477	0
1478	0
1479	0
1480	0
1481	-1
1482	-1
1483	0
1484	0
1485	0
1486	-1
1487	-1
1488	0
1489	0
1490	0
1491	0
1492	0
1493	0
1494	0
1495	0
1496	0
1497	0
1498	0
1499	0
1500	0
1501	0
1502	0
1503	0
1504	0
1505	0
1506	0
1507	-1
1508	0
1509	0
1510	0
1511	0
1512	0
1513	0
1514	0
1515	0
1516	0
1517	0
1518	0
1519	0
1520	0
1521	0
1522	0
1523	0
1524	0
1525	0
1526	0
1527	0
1528	0
1529	0
1530	0
1531	0
1532	0
1533	0
1534	0
1535	0
1536	0
1537	-1
1538	0
1539	0
1540	0
1541	0
1542	0
1543	0
1544	0
1545	0
1546	-1
1547	0
1548	-1
1549	0
1550	-1
1551	-1
1552	0
1553	-1
1554	0
1555	0
1556	0
1557	-1
1558	-1
1559	-1
1560	-1
1561	-1
1562	-1
1563	0
1564	-1
1565	0
1566	-1
1567	0
1568	-1
1569	-1
1570	-1
1571	-1
1572	-1
1573	-1
1574	0
1575	0
1576	-2
1577	0
1578	-1
1579	-1
1580	-1
1581	-1
1582	0
1583	-1
1584	0
1585	-1
1586	-1
1587	-1
1588	0
1589	0
1590	-1
1591	-2
1592	0
1593	0
1594	-2
1595	-1
1596	0
1597	0
1598	-1
1599	0
1600	-1
1601	0
1602	-1
1603	-1
1604	-2
1605	-1
1606	-1
1607	-2
1608	-1
1609	-1
1610	-2
1611	-1
1612	-2
1613	0
1614	-1
1615	0
1616	0
1617	0
1618	-1
1619	0
1620	0
1621	0
1622	-1
1623	-1
1624	0
1625	-1
1626	0
1627	0
1628	0
1629	0
1630	0
1631	0
1632	0
1633	0
1634	-1
1635	0
1636	-1
1637	0
1638	-1
1639	0
1640	0
1641	0
1642	-1
1643	0
1644	0
1645	0
1646	0
1647	0
1648	-1
1649	-1
1650	0
1651	0
1652	-1
1653	-1
1654	-1
1655	0
1656	0
1657	-1
1658	0
1659	0
1660	0
1661	-1
1662	0
1663	0
1664	0
1665	0
1666	-1
1667	0
1668	-1
1669	-1
1670	-1
1671	-1
1672	-1
1673	-1
1674	-1
1675	-2
1676	-2
1677	-2
1678	-1
1679	-2
1680	-1
1681	-1
1682	-1
1683	-2
1684	-2
1685	-1
1686	-1
1687	-1
1688	-1
1689	-1
1690	-2
1691	-1
1692	-1
1693	-1
1694	0
1695	-1
1696	-1
1697	-1
1698	-1
1699	-1
1700	0
1701	0
1702	0
1703	0
1704	0
1705	0
1706	-1
1707	0
1708	-1
1709	0
1710	0
1711	-1
1712	0
1713	0
1714	0
1715	-1
1716	0
1717	0
1718	-1
1719	-1
1720	0
1721	0
1722	-1
1723	0
1724	-1
1725	0
1726	-1
1727	0
1728	-1
1729	0
1730	-1
1731	0
1732	-1
1733	0
1734	0
1735	0
1736	0
1737	0
1738	-1
1739	0
1740	0
1741	0
1742	0
1743	0
1744	0
1745	0
1746	-1
1747	0
1748	0
1749	-1
1750	0
1751	0
1752	0
1753	0
1754	0
1755	0
1756	0
1757	0
1758	0
1759	-1
1760	0
1761	0
1762	0
1763	0
1764	0
1765	0
1766	0
1767	0
1768	0
1769	0
1770	0
1771	0
1772	0
1773	0
1774	0
1775	0
1776	0
1777	0
1778	0
1779	0
1780	0
1781	0
1782	0
1783	0
1784	0
1785	0
1786	0
1787	0
1788	0
1789	0
1790	0
1791	-1
1792	0
1793	0
1794	0
1795	0
1796	-1
1797	0
1798	0
1799	0
1800	-1
1801	0
1802	-1
1803	0
1804	-1
1805	0
1806	-1
1807	-1
1808	0
1809	0
1810	0
1811	0
1812	0
1813	0
1814	-1
1815	-1
1816	-1
1817	0
1818	-1
1819	-1
1820	0
1821	-1
1822	-1
1823	0
1824	0
1825	0
1826	0
1827	0
1828	-1
1829	-1
1830	-1
1831	0
1832	0
1833	0
1834	0
1835	0
1836	-1
1837	0
1838	0
1839	0
1840	0
1841	0
1842	0
1843	0
1844	0
1845	0
1846	0
1847	0
1848	0
1849	1
1850	0
1851	1
1852	0
1853	1
1854	0
1855	1
1856	1
1857	1
1858	0
1859	0
1860	1
1861	1
1862	0
1863	0
1864	0
1865	0
1866	0
1867	0
1868	1
1869	0
1870	0
1871	0
1872	0
1873	0
1874	0
1875	0
1876	0
1877	0
1878	0
1879	0
1880	-1
1881	0
1882	-1
1883	-1
1884	-1
1885	-1
1886	-1
1887	0
1888	-2
1889	0
1890	-1
1891	0
1892	-1
1893	0
1894	-1
1895	-1
1896	0
1897	0
1898	0
1899	0
1900	0
1901	0
1902	-1
1903	0
1904	0
1905	0
1906	0
1907	-1
1908	-1
1909	-1
1910	0
1911	0
1912	0
1913	0
1914	0
1915	0
1916	0
1917	0
1918	-1
1919	-1
1920	-1
1921	0
1922	-1
1923	0
1924	-1
1925	0
1926	0
1927	0
1928	0
1929	0
1930	0
1931	0
1932	0
1933	0
1934	0
1935	0
1936	0
1937	0
1938	0
1939	0
1940	0
1941	0
1942	-1
1943	0
1944	0
1945	0
1946	0
1947	0
1948	0
1949	0
1950	0
1951	0
1952	0
1953	0
1954	-1
1955	0
1956	-1
1957	0
1958	0
1959	0
1960	0
1961	0
1962	0
1963	0
1964	0
1965	0
1966	0
1967	0
1968	0
1969	0
1970	-1
1971	0
1972	-1
1973	0
1974	0
1975	0
1976	-1
1977	0
1978	0
1979	0
1980	-1
1981	0
1982	0
1983	0
1984	-1
1985	0
1986	-1
1987	0
1988	0
1989	0
1990	-1
1991	0
1992	0
1993	0
1994	0
1995	0
1996	-1
1997	-1
1998	-1
1999	-1
