0	3
1	6
2	4
3	7
4	3
5	6
6	3
7	7
8	3
9	5
10	3
11	6
12	2
13	6
14	3
15	6
16	4
17	5
18	5
19	7
20	3
21	8
22	3
23	8
24	3
25	8
26	3
27	8
28	4
29	7
30	4
31	6
32	4
33	5
34	3
35	6
36	5
37	6
38	3
39	6
40	4
41	7
42	4
43	7
44	3
45	5
46	3
47	6
48	4
49	6
50	4
51	7
52	3
53	6
54	5
55	6
56	4
57	5
58	3
59	6
60	3
61	7
62	4
63	7
64	2
65	7
66	4
67	7
68	3
69	7
70	4
71	6
72	2
73	5
74	2
75	6
76	4
77	7
78	1
79	5
80	2
81	5
82	3
83	6
84	2
85	5
86	1
87	4
88	3
89	5
90	1
91	4
92	2
93	5
94	2
95	5
96	3
97	5
98	3
99	5
100	2
101	6
102	4
103	6
104	2
105	6
106	3
107	6
108	3
109	7
110	2
111	5
112	2
113	7
114	1
115	5
116	3
117	8
118	4
119	7
120	4
121	7
122	4
123	7
124	4
125	7
126	5
127	7
128	4
129	8
130	4
131	7
132	4
133	7
134	4
135	6
136	4
137	8
138	4
139	8
140	4
141	7
142	3
143	7
144	5
145	7
146	4
147	8
148	5
149	7
150	3
151	7
152	2
153	6
154	3
155	6
156	2
157	6
158	4
159	6
160	3
161	6
162	5
163	7
164	4
165	6
166	4
167	5
168	4
169	6
170	3
171	5
172	3
173	6
174	3
175	7
176	4
177	6
178	4
179	6
180	5
181	5
182	4
183	7
184	5
185	8
186	4
187	7
188	4
189	7
190	4
191	7
192	5
193	7
194	4
195	7
196	4
197	5
198	3
199	7
200	3
201	6
202	4
203	5
204	1
205	7
206	3
207	6
208	3
209	5
210	2
211	5
212	3
213	4
214	2
215	5
216	3
217	5
218	2
219	5
220	3
221	5
222	4
223	6
224	3
225	5
226	2
227	5
228	4
229	4
230	4
231	7
232	4
233	7
234	3
235	7
236	4
237	7
238	4
239	7
240	4
241	5
242	3
243	6
244	4
245	7
246	4
247	8
248	3
249	7
250	4
251	6
252	4
253	7
254	3
255	5
256	3
257	6
258	4
259	8
260	4
261	8
262	4
263	6
264	4
265	6
266	4
267	8
268	3
269	8
270	2
271	7
272	2
273	4
274	3
275	5
276	2
277	5
278	2
279	6
280	3
281	6
282	4
283	6
284	4
285	4
286	2
287	4
288	4
289	4
290	3
291	5
292	2
293	6
294	2
295	5
296	2
297	5
298	4
299	6
300	4
301	5
302	4
303	5
304	4
305	6
306	4
307	6
308	4
309	6
310	4
311	7
312	3
313	7
314	3
315	6
316	4
317	5
318	4
319	6
320	5
321	7
322	3
323	6
324	4
325	7
326	4
327	8
328	2
329	8
330	3
331	7
332	4
333	8
334	4
335	6
336	4
337	7
338	4
339	6
340	4
341	6
342	5
343	6
344	4
345	6
346	4
347	8
348	6
349	8
350	6
351	10
352	5
353	9
354	5
355	8
356	6
357	8
358	5
359	10
360	7
361	10
362	6
363	9
364	8
365	9
366	8
367	10
368	8
369	11
370	8
371	9
372	6
373	9
374	7
375	8
376	7
377	8
378	6
379	8
380	7
381	8
382	6
383	7
384	5
385	7
386	6
387	9
388	6
389	8
390	6
391	9
392	6
393	9
394	6
395	9
396	7
397	9
398	7
399	11
400	7
401	10
402	7
403	10
404	7
405	10
406	8
407	12
408	10
409	14
410	14
411	17
412	17
413	21
414	23
415	27
416	29
417	32
418	34
419	40
420	42
421	47
422	51
423	56
424	59
425	65
426	67
427	74
428	76
429	83
430	85
431	91
432	95
433	100
434	104
435	109
436	111
437	117
438	121
439	127
440	129
441	131
442	136
443	140
444	141
445	146
446	148
447	152
448	152
449	156
450	156
451	159
452	159
453	161
454	160
455	161
456	160
457	163
458	161
459	161
460	158
461	160
462	158
463	156
464	154
465	154
466	151
467	150
468	147
469	146
470	142
471	142
472	137
473	136
474	132
475	131
476	128
477	125
478	120
479	119
480	115
481	113
482	109
483	109
484	103
485	101
486	98
487	98
488	94
489	93
490	90
491	88
492	85
493	85
494	79
495	80
496	75
497	76
498	76
499	78
500	62
501	69
502	65
503	66
504	64
505	62
506	60
507	59
508	56
509	55
510	54
511	55
512	50
513	50
514	48
515	47
516	46
517	47
518	45
519	45
520	43
521	43
522	39
523	40
524	37
525	38
526	36
527	36
528	34
529	35
530	33
531	34
532	29
533	31
534	28
535	29
536	27
537	27
538	24
539	26
540	22
541	24
542	22
543	22
544	20
545	22
546	17
547	18
548	16
549	17
550	15
551	16
552	14
553	15
554	12
555	12
556	11
557	13
558	8
559	11
560	6
561	9
562	5
563	8
564	2
565	7
566	3
567	5
568	2
569	4
570	0
571	2
572	-1
573	2
574	0
575	0
576	-2
577	0
578	-3
579	-2
580	-3
581	-1
582	-4
583	-3
584	-6
585	-2
586	-6
587	-3
588	-7
589	-4
590	-6
591	-4
592	-6
593	-4
594	-7
595	-4
596	-8
597	-6
598	-9
599	-6
600	-7
601	-6
602	-7
603	-5
604	-8
605	-6
606	-8
607	-7
608	-8
609	-6
610	-10
611	-6
612	-11
613	-6
614	-10
615	-6
616	-10
617	-8
618	-11
619	-8
620	-10
621	-8
622	-10
623	-9
624	-11
625	-8
626	-11
627	-9
628	-12
629	-8
630	-11
631	-9
632	-12
633	-10
634	-13
635	-9
636	-13
637	-10
638	-13
639	-11
640	-13
641	-11
642	-14
643	-12
644	-14
645	-10
646	-13
647	-10
648	-14
649	-10
650	-14
651	-11
652	-13
653	-11
654	-12
655	-11
656	-14
657	-9
658	-13
659	-11
660	-15
661	-10
662	-14
663	-11
664	-14
665	-11
666	-15
667	-12
668	-15
669	-14
670	-15
671	-11
672	-14
673	-12
674	-15
675	-13
676	-14
677	-11
678	-14
679	-11
680	-15
681	-12
682	-14
683	-12
684	-14
685	-12
686	-15
687	-11
688	-13
689	-11
690	-14
691	-12
692	-14
693	-11
694	-13
695	-11
696	-13
697	-11
698	-14
699	-11
700	-13
701	-11
702	-14
703	-10
704	-14
705	-11
706	-15
707	-11
708	-13
709	-11
710	-14
711	-12
712	-14
713	-12
714	-14
715	-11
716	-14
717	-11
718	-14
719	-12
720	-14
721	-10
722	-14
723	-11
724	-14
725	-12
726	-13
727	-11
728	-12
729	-11
730	-14
731	-10
732	-13
733	-11
734	-14
735	-9
736	-13
737	-9
738	-14
739	-9
740	-13
741	-8
742	-14
743	-9
744	-13
745	-9
746	-14
747	-9
748	-12
749	-9
750	-12
751	-9
752	-12
753	-11
754	-13
755	-10
756	-14
757	-10
758	-14
759	-9
760	-13
761	-11
762	-12
763	-10
764	-13
765	-10
766	-13
767	-9
768	-13
769	-9
770	-14
771	-10
772	-14
773	-11
774	-13
775	-10
776	-13
777	-11
778	-14
779	-9
780	-13
781	-9
782	-14
783	-8
784	-14
785	-9
786	-14
787	-9
788	-14
789	-11
790	-13
791	-10
792	-13
793	-11
794	-13
795	-9
796	-13
797	-8
798	-12
799	-9
800	-11
801	-8
802	-10
803	-8
804	-11
805	-8
806	-10
807	-8
808	-9
809	-8
810	-9
811	-6
812	-8
813	-6
814	-9
815	-6
816	-10
817	-5
818	-9
819	-5
820	-9
821	-4
822	-8
823	-4
824	-8
825	-5
826	-8
827	-4
828	-7
829	-3
830	-6
831	-3
832	-6
833	-1
834	-6
835	-2
836	-5
837	-1
838	-4
839	-1
840	-5
841	-2
842	-4
843	0
844	-4
845	-1
846	-4
847	0
848	-3
849	0
850	-5
851	-1
852	-3
853	-1
854	-3
855	0
856	-3
857	0
858	-4
859	0
860	-5
861	-1
862	-4
863	-2
864	-5
865	-2
866	-6
867	-3
868	-7
869	-2
870	-8
871	-3
872	-7
873	-4
874	-7
875	-2
876	-8
877	-4
878	-8
879	-2
880	-7
881	-3
882	-7
883	-3
884	-6
885	-3
886	-7
887	-5
888	-9
889	-3
890	-9
891	-3
892	-7
893	-3
894	-8
895	-4
896	-9
897	-4
898	-9
899	-4
900	-8
901	-6
902	-7
903	-5
904	-9
905	-7
906	-9
907	-5
908	-11
909	-6
910	-9
911	-6
912	-7
913	-5
914	-9
915	-6
916	-9
917	-7
918	-9
919	-6
920	-8
921	-6
922	-8
923	-4
924	-8
925	-4
926	-8
927	-5
928	-8
929	-4
930	-9
931	-4
932	-8
933	-4
934	-7
935	-4
936	-7
937	-4
938	-7
939	-4
940	-6
941	-3
942	-5
943	-3
944	-6
945	-3
946	-7
947	-3
948	-7
949	-3
950	-6
951	-3
952	-7
953	-2
954	-8
955	-2
956	-7
957	-2
958	-6
959	-4
960	-7
961	-3
962	-6
963	-2
964	-6
965	-2
966	-5
967	-4
968	-7
969	-3
970	-7
971	-3
972	-6
973	-2
974	-5
975	-4
976	-5
977	-1
978	-6
979	-2
980	-5
981	-3
982	-5
983	-3
984	-6
985	-3
986	-4
987	-2
988	-5
989	-1
990	-7
991	0
992	-7
993	-1
994	-5
995	-3
996	-6
997	-3
998	-5
999	-2
1000	-6
1001	-2
1002	-7
1003	-3
1004	-6
1005	-4
1006	-5
1007	-3
1008	-7
1009	-3
1010	-5
1011	-2
1012	-4
1013	-3
1014	-5
1015	-4
1016	-5
1017	-3
1018	-6
1019	-2
1020	-4
1021	-3
1022	-4
1023	-3
1024	-6
1025	-2
1026	-6
1027	-2
1028	-4
1029	-1
1030	-5
1031	-3
1032	-4
1033	-3
1034	-4
1035	-2
1036	-4
1037	-2
1038	-4
1039	-2
1040	-4
1041	-2
1042	-4
1043	-1
1044	-4
1045	-2
1046	-4
1047	-1
1048	-4
1049	-1
1050	-3
1051	-1
1052	-3
1053	-1
1054	-3
1055	-2
1056	-3
1057	-1
1058	-2
1059	0
1060	-1
1061	0
1062	-1
1063	0
1064	-2
1065	0
1066	-3
1067	0
1068	-2
1069	-1
1070	-3
1071	-2
1072	-2
1073	0
1074	-3
1075	-1
1076	-3
1077	-1
1078	-4
1079	-2
1080	-3
1081	-3
1082	-3
1083	-2
1084	-4
1085	-2
1086	-4
1087	-2
1088	-4
1089	-2
1090	-4
1091	-2
1092	-5
1093	-1
1094	-4
1095	-1
1096	-4
1097	-1
1098	-3
1099	-1
1100	-4
1101	0
1102	-3
1103	0
1104	-3
1105	0
1106	-2
1107	0
1108	-1
1109	0
1110	0
1111	0
1112	-1
1113	-1
1114	-1
1115	0
1116	-2
1117	0
1118	-2
1119	0
1120	-2
1121	0
1122	-1
1123	0
1124	-3
1125	0
1126	-2
1127	0
1128	-1
1129	0
1130	-2
1131	0
1132	-2
1133	0
1134	-2
1135	0
1136	-1
1137	0
1138	0
1139	0
1140	0
1141	2
1142	0
1143	2
1144	0
1145	2
1146	0
1147	3
1148	1
1149	3
1150	0
1151	3
1152	1
1153	3
1154	1
1155	3
1156	2
1157	4
1158	2
1159	5
1160	2
1161	4
1162	2
1163	4
1164	3
1165	4
1166	3
1167	4
1168	2
1169	4
1170	1
1171	4
1172	3
1173	4
1174	2
1175	3
1176	1
1177	3
1178	2
1179	3
1180	2
1181	4
1182	2
1183	3
1184	3
1185	3
1186	1
1187	3
1188	2
1189	3
1190	3
1191	5
1192	3
1193	4
1194	3
1195	4
1196	4
1197	5
1198	4
1199	5
1200	4
1201	5
1202	3
1203	6
1204	3
1205	5
1206	4
1207	5
1208	3
1209	5
1210	3
1211	4
1212	2
1213	4
1214	3
1215	3
1216	2
1217	3
1218	2
1219	3
1220	1
1221	3
1222	0
1223	3
1224	1
1225	3
1226	1
1227	2
1228	2
1229	2
1230	0
1231	1
1232	0
1233	2
1234	0
1235	3
1236	0
1237	1
1238	0
1239	1
1240	0
1241	2
1242	0
1243	2
1244	0
1245	1
1246	0
1247	1
1248	0
1249	1
1250	0
1251	1
1252	0
1253	1
1254	0
1255	0
1256	0
1257	1
1258	0
1259	1
1260	0
1261	0
1262	0
1263	0
1264	0
1265	0
1266	0
1267	0
1268	0
1269	0
1270	-2
1271	0
1272	-2
1273	0
1274	-2
1275	0
1276	-2
1277	0
1278	-1
1279	0
1280	-1
1281	0
1282	0
1283	0
1284	0
1285	1
1286	0
1287	0
1288	0
1289	0
1290	0
1291	0
1292	0
1293	0
1294	-1
1295	1
1296	0
1297	0
1298	0
1299	1
1300	0
1301	1
1302	0
1303	1
1304	0
1305	1
1306	0
1307	1
1308	0
1309	1
1310	0
1311	1
1312	0
1313	2
1314	1
1315	3
1316	1
1317	2
1318	1
1319	4
1320	0
1321	4
1322	1
1323	3
1324	1
1325	4
1326	3
1327	3
1328	1
1329	4
1330	1
1331	4
1332	3
1333	5
1334	1
1335	4
1336	2
1337	3
1338	1
1339	3
1340	2
1341	3
1342	1
1343	3
1344	1
1345	4
1346	0
1347	3
1348	1
1349	2
1350	0
1351	3
1352	0
1353	3
1354	0
1355	3
1356	1
1357	3
1358	2
1359	3
1360	1
1361	4
1362	2
1363	3
1364	1
1365	3
1366	2
1367	3
1368	1
1369	4
1370	1
1371	4
1372	1
1373	4
1374	1
1375	3
1376	1
1377	3
1378	0
1379	4
1380	2
1381	3
1382	2
1383	3
1384	1
1385	2
1386	0
1387	4
1388	0
1389	3
1390	1
1391	3
1392	1
1393	1
1394	1
1395	2
1396	1
1397	1
1398	0
1399	2
1400	0
1401	3
1402	0
1403	2
1404	0
1405	2
1406	0
1407	1
1408	0
1409	1
1410	0
1411	1
1412	0
1413	1
1414	1
1415	2
1416	0
1417	1
1418	0
1419	3
1420	0
1421	2
1422	0
1423	1
1424	0
1425	1
1426	0
1427	0
1428	0
1429	0
1430	0
1431	0
1432	0
1433	1
1434	0
1435	0
1436	-2
1437	0
1438	-1
1439	0
1440	-1
1441	-1
1442	-1
1443	1
1444	0
1445	0
1446	0
1447	0
1448	0
1449	0
1450	0
1451	0
1452	0
1453	0
1454	0
1455	1
1456	0
1457	1
1458	0
1459	2
1460	0
1461	1
1462	1
1463	1
1464	0
1465	3
1466	1
1467	3
1468	0
1469	3
1470	0
1471	3
1472	1
1473	2
1474	0
1475	2
1476	0
1477	1
1478	0
1479	1
1480	0
1481	1
1482	0
1483	1
1484	0
1485	2
1486	0
1487	2
1488	1
1489	2
1490	0
1491	2
1492	0
1493	3
1494	0
1495	3
1496	1
1497	2
1498	0
1499	2
1500	0
1501	3
1502	0
1503	1
1504	0
1505	1
1506	0
1507	1
1508	0
1509	2
1510	0
1511	1
1512	0
1513	2
1514	0
1515	2
1516	0
1517	2
1518	0
1519	2
1520	0
1521	3
1522	0
1523	2
1524	0
1525	4
1526	2
1527	4
1528	1
1529	4
1530	0
1531	4
1532	0
1533	3
1534	1
1535	2
1536	0
1537	3
1538	1
1539	3
1540	0
1541	2
1542	0
1543	2
1544	0
1545	1
1546	0
1547	1
1548	0
1549	2
1550	0
1551	1
1552	0
1553	1
1554	0
1555	2
1556	1
1557	1
1558	0
1559	1
1560	0
1561	1
1562	0
1563	1
1564	0
1565	0
1566	0
1567	1
1568	0
1569	0
1570	0
1571	1
1572	-1
1573	2
1574	0
1575	2
1576	1
1577	2
1578	1
1579	3
1580	1
1581	4
1582	2
1583	4
1584	1
1585	4
1586	2
1587	4
1588	2
1589	4
1590	2
1591	5
1592	2
1593	4
1594	1
1595	4
1596	2
1597	4
1598	2
1599	4
1600	1
1601	3
1602	0
1603	4
1604	1
1605	2
1606	0
1607	4
1608	0
1609	2
1610	0
1611	3
1612	0
1613	2
1614	0
1615	1
1616	0
1617	3
1618	0
1619	2
1620	0
1621	2
1622	0
1623	2
1624	0
1625	3
1626	0
1627	2
1628	1
1629	2
1630	0
1631	2
1632	0
1633	3
1634	0
1635	2
1636	0
1637	1
1638	0
1639	2
1640	0
1641	2
1642	0
1643	1
1644	0
1645	1
1646	0
1647	3
1648	0
1649	2
1650	1
1651	4
1652	0
1653	3
1654	0
1655	3
1656	1
1657	3
1658	1
1659	2
1660	1
1661	3
1662	2
1663	4
1664	3
1665	4
1666	2
1667	4
1668	1
1669	3
1670	2
1671	5
1672	1
1673	4
1674	1
1675	3
1676	1
1677	4
1678	2
1679	3
1680	2
1681	3
1682	1
1683	2
1684	0
1685	3
1686	1
1687	3
1688	2
1689	4
1690	1
1691	3
1692	0
1693	2
1694	0
1695	2
1696	1
1697	2
1698	0
1699	2
1700	0
1701	3
1702	2
1703	3
1704	2
1705	3
1706	1
1707	3
1708	1
1709	3
1710	2
1711	5
1712	2
1713	4
1714	2
1715	4
1716	1
1717	4
1718	2
1719	5
1720	1
1721	5
1722	2
1723	4
1724	3
1725	4
1726	1
1727	5
1728	2
1729	4
1730	2
1731	4
1732	1
1733	4
1734	1
1735	4
1736	2
1737	4
1738	1
1739	3
1740	1
1741	3
1742	1
1743	3
1744	1
1745	3
1746	1
1747	4
1748	1
1749	4
1750	2
1751	3
1752	1
1753	4
1754	1
1755	2
1756	1
1757	1
1758	1
1759	1
1760	2
1761	4
1762	1
1763	4
1764	1
1765	4
1766	2
1767	4
1768	2
1769	5
1770	2
1771	3
1772	2
1773	5
1774	2
1775	5
1776	3
1777	6
1778	3
1779	5
1780	2
1781	6
1782	3
1783	4
1784	2
1785	4
1786	3
1787	5
1788	4
1789	6
1790	3
1791	5
1792	3
1793	5
1794	3
1795	7
1796	3
1797	7
1798	3
1799	5
1800	4
1801	7
1802	3
1803	5
1804	4
1805	6
1806	2
1807	5
1808	3
1809	5
1810	2
1811	4
1812	3
1813	5
1814	1
1815	4
1816	4
1817	6
1818	3
1819	4
1820	3
1821	4
1822	3
1823	4
1824	1
1825	3
1826	1
1827	2
1828	1
1829	3
1830	0
1831	2
1832	0
1833	2
1834	1
1835	3
1836	1
1837	4
1838	2
1839	4
1840	3
1841	5
1842	3
1843	6
1844	3
1845	5
1846	3
1847	4
1848	3
1849	5
1850	2
1851	4
1852	2
1853	4
1854	4
1855	5
1856	2
1857	6
1858	3
1859	4
1860	2
1861	4
1862	2
1863	4
1864	1
1865	2
1866	2
1867	5
1868	2
1869	3
1870	2
1871	4
1872	2
1873	3
1874	2
1875	4
1876	2
1877	6
1878	2
1879	4
1880	2
1881	5
1882	3
1883	4
1884	1
1885	4
1886	3
1887	6
1888	3
1889	5
1890	3
1891	4
1892	2
1893	4
1894	2
1895	6
1896	2
1897	4
1898	2
1899	4
1900	1
1901	4
1902	2
1903	5
1904	2
1905	7
1906	3
1907	6
1908	2
1909	5
1910	3
1911	7
1912	5
1913	6
1914	3
1915	6
1916	4
1917	7
1918	3
1919	5
1920	4
1921	4
1922	3
1923	5
1924	3
1925	7
1926	3
1927	6
1928	2
1929	5
1930	3
1931	3
1932	3
1933	4
1934	0
1935	3
1936	2
1937	6
1938	1
1939	5
1940	3
1941	5
1942	2
1943	5
1944	1
1945	5
1946	2
1947	4
1948	3
1949	4
1950	2
1951	3
1952	2
1953	4
1954	2
1955	3
1956	1
1957	2
1958	0
1959	4
1960	0
1961	4
1962	0
1963	3
1964	0
1965	4
1966	0
1967	4
1968	2
1969	4
1970	1
1971	4
1972	2
1973	4
1974	2
1975	4
1976	2
1977	5
1978	2
1979	4
1980	3
1981	4
1982	2
1983	4
1984	4
1985	4
1986	3
1987	5
1988	3
1989	5
1990	4
1991	5
1992	3
1993	5
1994	3
1995	4
1996	1
1997	5
1998	1
1999	6
