0	2
1	6
2	2
3	5
4	3
5	3
6	2
7	4
8	3
9	4
10	2
11	6
12	2
13	4
14	3
15	5
16	4
17	6
18	2
19	4
20	4
21	3
22	3
23	5
24	3
25	6
26	1
27	4
28	2
29	3
30	3
31	3
32	4
33	2
34	2
35	4
36	2
37	4
38	4
39	4
40	3
41	3
42	3
43	3
44	2
45	4
46	4
47	3
48	1
49	4
50	0
51	3
52	1
53	4
54	3
55	4
56	2
57	5
58	3
59	3
60	4
61	3
62	3
63	3
64	3
65	4
66	3
67	4
68	4
69	5
70	3
71	4
72	3
73	4
74	3
75	4
76	3
77	4
78	4
79	4
80	2
81	4
82	3
83	6
84	3
85	5
86	2
87	4
88	2
89	4
90	3
91	4
92	2
93	5
94	2
95	4
96	4
97	3
98	4
99	4
100	4
101	4
102	4
103	5
104	3
105	3
106	5
107	5
108	4
109	4
110	3
111	5
112	4
113	3
114	3
115	3
116	3
117	4
118	3
119	4
120	4
121	4
122	2
123	4
124	4
125	4
126	3
127	7
128	5
129	4
130	4
131	6
132	4
133	5
134	4
135	5
136	3
137	5
138	4
139	4
140	4
141	3
142	3
143	4
144	3
145	4
146	3
147	4
148	3
149	4
150	4
151	4
152	3
153	6
154	4
155	4
156	4
157	3
158	3
159	4
160	3
161	5
162	2
163	3
164	2
165	5
166	3
167	4
168	2
169	3
170	3
171	4
172	3
173	5
174	2
175	4
176	2
177	3
178	2
179	4
180	1
181	4
182	2
183	4
184	3
185	4
186	2
187	5
188	4
189	4
190	3
191	4
192	3
193	4
194	3
195	4
196	3
197	4
198	3
199	3
200	4
201	4
202	3
203	3
204	3
205	4
206	3
207	4
208	4
209	3
210	3
211	3
212	4
213	4
214	3
215	4
216	3
217	5
218	4
219	3
220	4
221	2
222	3
223	3
224	3
225	3
226	3
227	1
228	3
229	3
230	2
231	3
232	3
233	3
234	3
235	4
236	3
237	5
238	3
239	3
240	4
241	3
242	2
243	4
244	4
245	4
246	3
247	4
248	1
249	4
250	4
251	4
252	4
253	3
254	4
255	4
256	3
257	3
258	3
259	4
260	4
261	4
262	3
263	4
264	4
265	5
266	3
267	4
268	4
269	3
270	4
271	5
272	3
273	3
274	5
275	4
276	4
277	3
278	4
279	5
280	2
281	4
282	3
283	4
284	3
285	4
286	3
287	4
288	3
289	4
290	2
291	3
292	3
293	4
294	3
295	4
296	5
297	4
298	4
299	4
300	4
301	4
302	3
303	2
304	1
305	2
306	3
307	4
308	1
309	3
310	2
311	4
312	2
313	4
314	3
315	4
316	3
317	3
318	4
319	4
320	3
321	3
322	1
323	4
324	1
325	3
326	3
327	4
328	2
329	4
330	4
331	3
332	2
333	4
334	2
335	4
336	3
337	3
338	2
339	5
340	3
341	3
342	1
343	3
344	3
345	4
346	3
347	4
348	4
349	4
350	2
351	4
352	2
353	4
354	3
355	4
356	4
357	4
358	3
359	5
360	2
361	5
362	2
363	5
364	4
365	7
366	4
367	6
368	3
369	6
370	4
371	5
372	3
373	5
374	3
375	6
376	4
377	6
378	4
379	6
380	4
381	5
382	6
383	5
384	4
385	6
386	5
387	8
388	4
389	7
390	4
391	6
392	4
393	6
394	6
395	6
396	7
397	5
398	6
399	6
400	6
401	6
402	4
403	6
404	5
405	6
406	5
407	7
408	5
409	6
410	5
411	4
412	5
413	6
414	6
415	6
416	6
417	7
418	7
419	10
420	9
421	12
422	12
423	14
424	14
425	17
426	18
427	20
428	22
429	24
430	28
431	30
432	31
433	35
434	38
435	43
436	42
437	47
438	50
439	54
440	56
441	60
442	61
443	65
444	68
445	71
446	72
447	76
448	77
449	80
450	81
451	84
452	87
453	90
454	90
455	93
456	93
457	95
458	94
459	96
460	96
461	97
462	97
463	100
464	99
465	99
466	99
467	99
468	98
469	98
470	98
471	98
472	96
473	95
474	95
475	95
476	94
477	91
478	91
479	90
480	89
481	89
482	88
483	88
484	83
485	82
486	80
487	82
488	81
489	81
490	80
491	80
492	77
493	76
494	74
495	74
496	74
497	75
498	75
499	78
500	62
501	69
502	67
503	67
504	67
505	67
506	67
507	66
508	63
509	62
510	61
511	59
512	58
513	58
514	57
515	57
516	56
517	55
518	52
519	51
520	49
521	49
522	49
523	48
524	48
525	48
526	45
527	44
528	43
529	41
530	40
531	39
532	37
533	37
534	35
535	34
536	33
537	33
538	32
539	32
540	31
541	31
542	31
543	30
544	28
545	27
546	26
547	27
548	25
549	24
550	21
551	22
552	18
553	20
554	17
555	18
556	16
557	16
558	14
559	16
560	14
561	15
562	13
563	13
564	11
565	11
566	11
567	12
568	10
569	10
570	9
571	10
572	9
573	9
574	8
575	7
576	8
577	7
578	6
579	5
580	6
581	5
582	5
583	5
584	4
585	4
586	4
587	4
588	3
589	2
590	3
591	2
592	2
593	2
594	1
595	1
596	1
597	1
598	0
599	1
600	0
601	1
602	0
603	0
604	0
605	0
606	-1
607	0
608	-2
609	0
610	-3
611	0
612	-1
613	-1
614	-1
615	0
616	-1
617	0
618	-1
619	0
620	-1
621	0
622	-1
623	0
624	0
625	0
626	0
627	0
628	0
629	0
630	0
631	0
632	0
633	0
634	0
635	0
636	0
637	0
638	0
639	0
640	0
641	1
642	0
643	0
644	0
645	0
646	0
647	0
648	0
649	0
650	0
651	0
652	0
653	0
654	1
655	0
656	0
657	1
658	0
659	1
660	1
661	1
662	1
663	1
664	1
665	1
666	0
667	1
668	1
669	1
670	1
671	2
672	1
673	2
674	1
675	2
676	1
677	2
678	1
679	2
680	1
681	2
682	1
683	2
684	0
685	1
686	1
687	1
688	0
689	1
690	0
691	1
692	0
693	1
694	1
695	1
696	0
697	1
698	0
699	1
700	1
701	2
702	0
703	2
704	1
705	2
706	0
707	1
708	1
709	2
710	1
711	1
712	1
713	1
714	0
715	1
716	0
717	1
718	0
719	0
720	0
721	0
722	0
723	0
724	0
725	0
726	0
727	0
728	0
729	0
730	0
731	0
732	0
733	0
734	0
735	0
736	-1
737	0
738	-1
739	-1
740	-1
741	-1
742	-2
743	-1
744	-3
745	-2
746	-4
747	-1
748	-3
749	0
750	-2
751	-1
752	-1
753	-1
754	-1
755	-1
756	-1
757	0
758	-3
759	0
760	-1
761	0
762	0
763	0
764	0
765	0
766	-2
767	0
768	-1
769	0
770	-1
771	0
772	-1
773	0
774	-1
775	-1
776	-2
777	-1
778	-2
779	-1
780	-2
781	0
782	-2
783	-1
784	-2
785	0
786	-1
787	-1
788	-1
789	-2
790	-1
791	-1
792	-3
793	-1
794	-2
795	-2
796	-2
797	-1
798	-2
799	-1
800	-2
801	-1
802	-1
803	-1
804	-3
805	-1
806	-1
807	-1
808	-3
809	-1
810	-1
811	-1
812	-2
813	-1
814	-2
815	-1
816	0
817	-2
818	-2
819	-1
820	-2
821	-1
822	-3
823	-1
824	-2
825	0
826	-2
827	0
828	-2
829	-1
830	-3
831	-1
832	-3
833	-1
834	-3
835	-1
836	-3
837	-1
838	-2
839	-1
840	-1
841	-1
842	-1
843	0
844	-1
845	-1
846	-1
847	-1
848	-2
849	-2
850	-1
851	-1
852	-1
853	-2
854	-2
855	-1
856	-2
857	-1
858	-4
859	-2
860	-3
861	-2
862	-3
863	-3
864	-4
865	-3
866	-3
867	-3
868	-3
869	-2
870	-3
871	-2
872	-3
873	-2
874	-3
875	-2
876	-3
877	-2
878	-3
879	-2
880	-1
881	-3
882	-3
883	-2
884	-2
885	-2
886	-2
887	-1
888	-2
889	0
890	-2
891	-2
892	-1
893	-2
894	-1
895	-2
896	-2
897	-2
898	-2
899	-1
900	-2
901	-1
902	-2
903	-1
904	-1
905	-2
906	-1
907	-1
908	-2
909	-1
910	-2
911	-1
912	-1
913	0
914	-1
915	0
916	-1
917	-1
918	-1
919	0
920	-1
921	-1
922	-2
923	0
924	-2
925	0
926	-2
927	-1
928	-1
929	-1
930	-1
931	-2
932	-1
933	-1
934	-1
935	-1
936	-1
937	-1
938	-1
939	-1
940	-2
941	0
942	-3
943	-1
944	-2
945	-1
946	-3
947	0
948	-2
949	-1
950	-2
951	-1
952	-1
953	0
954	-1
955	-1
956	-1
957	0
958	-2
959	-2
960	-2
961	0
962	-1
963	-1
964	-2
965	-2
966	-2
967	-2
968	-2
969	-1
970	-1
971	-2
972	-2
973	0
974	-1
975	0
976	-1
977	0
978	0
979	0
980	-1
981	0
982	-2
983	0
984	-1
985	-1
986	-1
987	0
988	0
989	0
990	0
991	0
992	-1
993	0
994	-2
995	0
996	-2
997	0
998	-1
999	0
1000	-2
1001	0
1002	0
1003	-1
1004	-1
1005	-1
1006	-2
1007	-1
1008	0
1009	-1
1010	-1
1011	-1
1012	-1
1013	-1
1014	0
1015	-1
1016	0
1017	-1
1018	-1
1019	-1
1020	-1
1021	-2
1022	-1
1023	0
1024	-1
1025	-1
1026	0
1027	0
1028	0
1029	-1
1030	0
1031	-1
1032	0
1033	0
1034	0
1035	0
1036	0
1037	0
1038	0
1039	0
1040	0
1041	0
1042	0
1043	0
1044	0
1045	-1
1046	0
1047	0
1048	0
1049	0
1050	0
1051	0
1052	0
1053	0
1054	0
1055	0
1056	0
1057	0
1058	-1
1059	0
1060	0
1061	-1
1062	0
1063	0
1064	-1
1065	0
1066	0
1067	0
1068	0
1069	0
1070	0
1071	-1
1072	0
1073	0
1074	0
1075	0
1076	-1
1077	0
1078	-1
1079	0
1080	0
1081	0
1082	0
1083	0
1084	0
1085	0
1086	0
1087	0
1088	0
1089	-1
1090	0
1091	-1
1092	-1
1093	0
1094	0
1095	-1
1096	0
1097	0
1098	0
1099	0
1100	-1
1101	0
1102	0
1103	-1
1104	-1
1105	0
1106	-1
1107	0
1108	0
1109	0
1110	-1
1111	0
1112	-2
1113	0
1114	0
1115	0
1116	-1
1117	0
1118	0
1119	0
1120	-1
1121	0
1122	-1
1123	0
1124	-1
1125	0
1126	0
1127	0
1128	0
1129	0
1130	0
1131	0
1132	0
1133	0
1134	0
1135	0
1136	0
1137	0
1138	0
1139	0
1140	0
1141	0
1142	0
1143	0
1144	0
1145	0
1146	0
1147	0
1148	0
1149	0
1150	0
1151	0
1152	0
1153	0
1154	-1
1155	0
1156	0
1157	0
1158	-1
1159	0
1160	-1
1161	0
1162	-1
1163	0
1164	-1
1165	-1
1166	0
1167	0
1168	0
1169	-1
1170	0
1171	0
1172	0
1173	0
1174	0
1175	0
1176	0
1177	0
1178	0
1179	0
1180	0
1181	0
1182	0
1183	0
1184	0
1185	0
1186	0
1187	0
1188	0
1189	0
1190	0
1191	0
1192	0
1193	0
1194	0
1195	0
1196	0
1197	0
1198	0
1199	0
1200	-1
1201	0
1202	0
1203	0
1204	0
1205	0
1206	0
1207	0
1208	0
1209	0
1210	0
1211	-1
1212	0
1213	0
1214	0
1215	0
1216	0
1217	0
1218	0
1219	0
1220	0
1221	0
1222	0
1223	0
1224	0
1225	0
1226	0
1227	0
1228	0
1229	0
1230	0
1231	0
1232	0
1233	0
1234	0
1235	0
1236	0
1237	0
1238	0
1239	0
1240	0
1241	0
1242	0
1243	0
1244	0
1245	0
1246	0
1247	0
1248	0
1249	0
1250	0
1251	0
1252	0
1253	1
1254	0
1255	0
1256	0
1257	0
1258	-1
1259	0
1260	0
1261	0
1262	0
1263	0
1264	0
1265	0
1266	0
1267	0
1268	0
1269	0
1270	0
1271	0
1272	0
1273	0
1274	0
1275	0
1276	0
1277	0
1278	0
1279	0
1280	0
1281	0
1282	0
1283	0
1284	0
1285	0
1286	0
1287	0
1288	0
1289	0
1290	0
1291	0
1292	0
1293	0
1294	0
1295	0
1296	0
1297	0
1298	0
1299	0
1300	0
1301	0
1302	0
1303	0
1304	0
1305	0
1306	0
1307	0
1308	0
1309	0
1310	0
1311	0
1312	0
1313	0
1314	0
1315	0
1316	0
1317	0
1318	0
1319	1
1320	0
1321	1
1322	0
1323	1
1324	0
1325	1
1326	1
1327	1
1328	1
1329	1
1330	1
1331	1
1332	1
1333	2
1334	1
1335	2
1336	1
1337	1
1338	1
1339	1
1340	1
1341	2
1342	1
1343	2
1344	1
1345	1
1346	2
1347	2
1348	1
1349	2
1350	2
1351	2
1352	2
1353	3
1354	2
1355	3
1356	3
1357	2
1358	3
1359	4
1360	3
1361	4
1362	3
1363	4
1364	3
1365	4
1366	3
1367	3
1368	3
1369	4
1370	4
1371	4
1372	4
1373	4
1374	4
1375	3
1376	3
1377	4
1378	4
1379	4
1380	3
1381	4
1382	3
1383	4
1384	4
1385	3
1386	3
1387	3
1388	3
1389	3
1390	2
1391	3
1392	3
1393	3
1394	3
1395	3
1396	3
1397	3
1398	2
1399	2
1400	2
1401	3
1402	2
1403	2
1404	2
1405	3
1406	2
1407	2
1408	2
1409	2
1410	2
1411	2
1412	1
1413	1
1414	1
1415	1
1416	1
1417	1
1418	1
1419	1
1420	1
1421	2
1422	0
1423	1
1424	0
1425	0
1426	0
1427	0
1428	0
1429	1
1430	0
1431	1
1432	0
1433	1
1434	1
1435	2
1436	1
1437	1
1438	0
1439	0
1440	1
1441	0
1442	1
1443	0
1444	1
1445	1
1446	1
1447	1
1448	1
1449	1
1450	1
1451	2
1452	1
1453	1
1454	1
1455	2
1456	1
1457	1
1458	1
1459	2
1460	1
1461	1
1462	1
1463	0
1464	1
1465	1
1466	1
1467	1
1468	0
1469	2
1470	0
1471	1
1472	0
1473	1
1474	0
1475	1
1476	0
1477	1
1478	1
1479	1
1480	1
1481	1
1482	1
1483	2
1484	2
1485	1
1486	1
1487	2
1488	1
1489	2
1490	1
1491	1
1492	1
1493	4
1494	2
1495	3
1496	2
1497	3
1498	4
1499	3
1500	2
1501	4
1502	2
1503	4
1504	4
1505	3
1506	4
1507	4
1508	3
1509	4
1510	4
1511	4
1512	4
1513	4
1514	3
1515	3
1516	3
1517	4
1518	3
1519	4
1520	3
1521	4
1522	4
1523	4
1524	2
1525	3
1526	3
1527	4
1528	3
1529	4
1530	4
1531	3
1532	4
1533	3
1534	3
1535	4
1536	3
1537	4
1538	3
1539	3
1540	3
1541	4
1542	3
1543	5
1544	3
1545	5
1546	4
1547	4
1548	4
1549	4
1550	3
1551	4
1552	4
1553	4
1554	3
1555	4
1556	4
1557	4
1558	3
1559	4
1560	3
1561	3
1562	4
1563	4
1564	3
1565	2
1566	3
1567	3
1568	3
1569	2
1570	4
1571	3
1572	3
1573	2
1574	2
1575	2
1576	1
1577	1
1578	1
1579	2
1580	1
1581	1
1582	1
1583	1
1584	1
1585	1
1586	1
1587	2
1588	1
1589	1
1590	0
1591	0
1592	0
1593	1
1594	0
1595	2
1596	0
1597	1
1598	0
1599	1
1600	0
1601	1
1602	0
1603	1
1604	0
1605	0
1606	1
1607	0
1608	0
1609	1
1610	0
1611	2
1612	0
1613	1
1614	0
1615	0
1616	0
1617	0
1618	0
1619	0
1620	0
1621	0
1622	0
1623	1
1624	0
1625	0
1626	0
1627	1
1628	0
1629	0
1630	0
1631	1
1632	1
1633	0
1634	1
1635	0
1636	0
1637	1
1638	0
1639	1
1640	1
1641	1
1642	0
1643	0
1644	0
1645	0
1646	0
1647	0
1648	0
1649	0
1650	0
1651	0
1652	1
1653	1
1654	0
1655	1
1656	1
1657	1
1658	0
1659	0
1660	0
1661	0
1662	0
1663	0
1664	0
1665	0
1666	0
1667	1
1668	0
1669	1
1670	0
1671	1
1672	0
1673	0
1674	0
1675	0
1676	0
1677	0
1678	0
1679	2
1680	0
1681	2
1682	0
1683	0
1684	0
1685	1
1686	0
1687	1
1688	0
1689	2
1690	1
1691	1
1692	0
1693	1
1694	1
1695	2
1696	1
1697	1
1698	1
1699	1
1700	0
1701	2
1702	0
1703	0
1704	1
1705	0
1706	0
1707	2
1708	0
1709	1
1710	0
1711	1
1712	0
1713	1
1714	0
1715	0
1716	0
1717	0
1718	0
1719	1
1720	0
1721	2
1722	0
1723	1
1724	0
1725	0
1726	0
1727	0
1728	0
1729	0
1730	0
1731	0
1732	0
1733	1
1734	0
1735	2
1736	0
1737	1
1738	0
1739	1
1740	0
1741	1
1742	0
1743	2
1744	0
1745	0
1746	0
1747	1
1748	0
1749	3
1750	0
1751	2
1752	0
1753	1
1754	0
1755	1
1756	1
1757	1
1758	0
1759	1
1760	0
1761	0
1762	0
1763	1
1764	0
1765	1
1766	0
1767	1
1768	0
1769	2
1770	2
1771	0
1772	1
1773	1
1774	1
1775	1
1776	0
1777	2
1778	0
1779	2
1780	1
1781	2
1782	1
1783	1
1784	0
1785	1
1786	0
1787	2
1788	0
1789	1
1790	2
1791	2
1792	1
1793	2
1794	0
1795	1
1796	1
1797	1
1798	0
1799	2
1800	0
1801	3
1802	0
1803	2
1804	0
1805	2
1806	0
1807	2
1808	0
1809	1
1810	0
1811	1
1812	0
1813	2
1814	0
1815	3
1816	0
1817	1
1818	1
1819	1
1820	0
1821	1
1822	0
1823	0
1824	2
1825	2
1826	1
1827	2
1828	1
1829	2
1830	2
1831	2
1832	1
1833	1
1834	0
1835	1
1836	1
1837	1
1838	1
1839	1
1840	0
1841	0
1842	0
1843	1
1844	0
1845	1
1846	0
1847	2
1848	0
1849	0
1850	0
1851	0
1852	0
1853	0
1854	0
1855	1
1856	1
1857	0
1858	1
1859	1
1860	0
1861	1
1862	0
1863	1
1864	0
1865	1
1866	0
1867	1
1868	0
1869	3
1870	1
1871	2
1872	0
1873	2
1874	1
1875	1
1876	0
1877	2
1878	1
1879	3
1880	0
1881	3
1882	1
1883	2
1884	2
1885	2
1886	0
1887	2
1888	0
1889	3
1890	1
1891	1
1892	0
1893	1
1894	1
1895	0
1896	1
1897	2
1898	1
1899	2
1900	1
1901	2
1902	1
1903	2
1904	1
1905	1
1906	1
1907	1
1908	0
1909	2
1910	0
1911	1
1912	0
1913	1
1914	1
1915	1
1916	1
1917	2
1918	1
1919	2
1920	1
1921	1
1922	1
1923	0
1924	1
1925	2
1926	1
1927	1
1928	1
1929	2
1930	0
1931	1
1932	0
1933	0
1934	0
1935	1
1936	1
1937	2
1938	0
1939	1
1940	0
1941	1
1942	1
1943	1
1944	1
1945	1
1946	1
1947	2
1948	1
1949	2
1950	2
1951	1
1952	1
1953	2
1954	1
1955	1
1956	1
1957	2
1958	1
1959	1
1960	1
1961	2
1962	2
1963	1
1964	1
1965	0
1966	1
1967	3
1968	2
1969	2
1970	0
1971	3
1972	1
1973	3
1974	1
1975	4
1976	1
1977	1
1978	2
1979	1
1980	1
1981	2
1982	0
1983	1
1984	0
1985	1
1986	0
1987	1
1988	0
1989	2
1990	1
1991	2
1992	1
1993	1
1994	0
1995	2
1996	0
1997	1
1998	0
1999	2
