0	0
1	0
2	0
3	0
4	0
5	0
6	0
7	0
8	0
9	0
10	0
11	0
12	0
13	-1
14	0
15	0
16	0
17	0
18	0
19	0
20	0
21	0
22	0
23	0
24	0
25	1
26	0
27	1
28	0
29	0
30	0
31	1
32	0
33	0
34	0
35	0
36	0
37	0
38	0
39	0
40	0
41	0
42	0
43	0
44	0
45	0
46	0
47	0
48	0
49	0
50	0
51	0
52	0
53	0
54	0
55	0
56	0
57	0
58	0
59	-1
60	0
61	0
62	0
63	0
64	0
65	0
66	0
67	0
68	0
69	0
70	0
71	0
72	0
73	0
74	0
75	0
76	0
77	0
78	0
79	0
80	0
81	0
82	0
83	0
84	0
85	0
86	0
87	0
88	0
89	0
90	0
91	0
92	0
93	0
94	0
95	0
96	0
97	0
98	0
99	0
100	0
101	0
102	0
103	0
104	0
105	-1
106	-1
107	0
108	-1
109	0
110	0
111	0
112	0
113	0
114	0
115	0
116	0
117	0
118	-1
119	0
120	0
121	0
122	0
123	1
124	0
125	0
126	0
127	1
128	0
129	1
130	0
131	0
132	0
133	0
134	0
135	0
136	0
137	0
138	0
139	0
140	0
141	0
142	0
143	1
144	0
145	0
146	0
147	0
148	0
149	0
150	0
151	0
152	0
153	0
154	0
155	0
156	0
157	0
158	0
159	-1
160	0
161	0
162	0
163	0
164	0
165	0
166	0
167	0
168	0
169	0
170	0
171	0
172	0
173	0
174	0
175	0
176	0
177	0
178	0
179	0
180	0
181	0
182	0
183	0
184	0
185	0
186	0
187	0
188	0
189	-1
190	0
191	0
192	0
193	0
194	0
195	0
196	0
197	0
198	0
199	0
200	0
201	0
202	0
203	0
204	-1
205	0
206	0
207	0
208	0
209	0
210	0
211	1
212	0
213	0
214	0
215	0
216	0
217	1
218	0
219	1
220	0
221	0
222	0
223	0
224	0
225	0
226	0
227	0
228	0
229	0
230	0
231	0
232	0
233	0
234	0
235	0
236	0
237	0
238	0
239	0
240	0
241	0
242	0
243	0
244	0
245	0
246	1
247	1
248	0
249	1
250	0
251	0
252	0
253	0
254	0
255	0
256	0
257	0
258	0
259	0
260	0
261	0
262	0
263	0
264	-1
265	0
266	-1
267	0
268	0
269	0
270	-2
271	-1
272	-1
273	-1
274	-1
275	-1
276	-1
277	0
278	-1
279	0
280	0
281	0
282	-1
283	0
284	0
285	0
286	0
287	0
288	0
289	0
290	0
291	0
292	0
293	0
294	0
295	0
296	0
297	0
298	0
299	0
300	0
301	0
302	0
303	0
304	0
305	1
306	0
307	0
308	0
309	0
310	0
311	0
312	0
313	0
314	0
315	0
316	0
317	0
318	0
319	0
320	0
321	0
322	0
323	0
324	-1
325	0
326	0
327	0
328	0
329	0
330	0
331	0
332	0
333	0
334	-1
335	0
336	0
337	0
338	0
339	0
340	0
341	0
342	0
343	1
344	0
345	1
346	0
347	0
348	0
349	0
350	0
351	0
352	0
353	0
354	0
355	0
356	0
357	0
358	0
359	0
360	0
361	0
362	0
363	0
364	0
365	0
366	0
367	0
368	-1
369	0
370	0
371	0
372	0
373	0
374	0
375	-1
376	0
377	0
378	0
379	0
380	0
381	0
382	0
383	0
384	0
385	1
386	0
387	0
388	0
389	1
390	0
391	0
392	0
393	0
394	0
395	0
396	0
397	1
398	1
399	1
400	0
401	1
402	1
403	1
404	1
405	1
406	0
407	1
408	1
409	0
410	1
411	1
412	1
413	3
414	2
415	2
416	1
417	1
418	1
419	3
420	1
421	4
422	3
423	6
424	6
425	10
426	10
427	14
428	17
429	20
430	22
431	27
432	31
433	35
434	37
435	44
436	48
437	52
438	56
439	59
440	64
441	68
442	72
443	76
444	81
445	86
446	89
447	95
448	98
449	102
450	104
451	109
452	112
453	115
454	118
455	121
456	123
457	126
458	126
459	130
460	130
461	132
462	133
463	134
464	135
465	136
466	135
467	136
468	134
469	134
470	132
471	132
472	129
473	129
474	127
475	125
476	123
477	123
478	120
479	118
480	116
481	117
482	113
483	112
484	107
485	106
486	103
487	102
488	99
489	95
490	93
491	91
492	90
493	88
494	82
495	80
496	78
497	78
498	78
499	78
500	62
501	66
502	63
503	62
504	60
505	58
506	53
507	53
508	49
509	50
510	47
511	46
512	44
513	40
514	38
515	37
516	33
517	33
518	33
519	32
520	29
521	28
522	27
523	26
524	21
525	22
526	20
527	21
528	19
529	19
530	18
531	17
532	16
533	15
534	14
535	13
536	11
537	9
538	8
539	8
540	8
541	6
542	5
543	5
544	4
545	5
546	3
547	4
548	3
549	3
550	2
551	3
552	1
553	1
554	1
555	1
556	0
557	0
558	0
559	0
560	-1
561	-2
562	-2
563	-2
564	-3
565	-2
566	-4
567	-4
568	-5
569	-4
570	-6
571	-5
572	-7
573	-7
574	-7
575	-8
576	-9
577	-8
578	-9
579	-9
580	-9
581	-10
582	-9
583	-9
584	-9
585	-9
586	-9
587	-9
588	-10
589	-8
590	-11
591	-9
592	-10
593	-10
594	-9
595	-9
596	-9
597	-10
598	-10
599	-10
600	-10
601	-9
602	-10
603	-10
604	-11
605	-11
606	-11
607	-12
608	-12
609	-12
610	-11
611	-10
612	-11
613	-11
614	-12
615	-10
616	-11
617	-11
618	-10
619	-11
620	-12
621	-10
622	-11
623	-11
624	-11
625	-11
626	-11
627	-10
628	-12
629	-11
630	-10
631	-11
632	-11
633	-11
634	-10
635	-10
636	-10
637	-12
638	-10
639	-10
640	-11
641	-10
642	-11
643	-11
644	-11
645	-11
646	-10
647	-10
648	-10
649	-11
650	-11
651	-11
652	-11
653	-11
654	-10
655	-9
656	-11
657	-11
658	-11
659	-11
660	-11
661	-10
662	-10
663	-9
664	-11
665	-10
666	-10
667	-9
668	-9
669	-9
670	-9
671	-8
672	-10
673	-8
674	-10
675	-9
676	-9
677	-9
678	-10
679	-9
680	-10
681	-10
682	-11
683	-11
684	-11
685	-11
686	-10
687	-10
688	-11
689	-11
690	-12
691	-12
692	-10
693	-11
694	-12
695	-11
696	-13
697	-11
698	-11
699	-11
700	-10
701	-10
702	-11
703	-10
704	-11
705	-9
706	-12
707	-11
708	-11
709	-12
710	-11
711	-11
712	-11
713	-10
714	-11
715	-10
716	-10
717	-11
718	-11
719	-11
720	-11
721	-11
722	-12
723	-12
724	-13
725	-11
726	-11
727	-12
728	-13
729	-13
730	-12
731	-11
732	-13
733	-12
734	-13
735	-12
736	-12
737	-12
738	-12
739	-12
740	-11
741	-12
742	-12
743	-12
744	-11
745	-11
746	-11
747	-11
748	-11
749	-12
750	-11
751	-11
752	-12
753	-12
754	-11
755	-12
756	-10
757	-13
758	-11
759	-10
760	-9
761	-10
762	-12
763	-11
764	-11
765	-9
766	-11
767	-11
768	-11
769	-11
770	-12
771	-11
772	-12
773	-11
774	-12
775	-12
776	-12
777	-12
778	-12
779	-13
780	-12
781	-13
782	-12
783	-14
784	-13
785	-12
786	-14
787	-12
788	-12
789	-12
790	-11
791	-11
792	-12
793	-12
794	-10
795	-12
796	-12
797	-11
798	-12
799	-11
800	-12
801	-12
802	-12
803	-11
804	-12
805	-10
806	-10
807	-10
808	-10
809	-9
810	-11
811	-12
812	-12
813	-11
814	-12
815	-11
816	-12
817	-11
818	-12
819	-11
820	-11
821	-11
822	-11
823	-11
824	-11
825	-12
826	-12
827	-12
828	-13
829	-11
830	-11
831	-11
832	-11
833	-12
834	-11
835	-11
836	-11
837	-12
838	-11
839	-12
840	-12
841	-12
842	-11
843	-12
844	-11
845	-12
846	-11
847	-12
848	-11
849	-12
850	-11
851	-11
852	-10
853	-11
854	-11
855	-10
856	-11
857	-11
858	-10
859	-11
860	-11
861	-11
862	-10
863	-11
864	-10
865	-10
866	-11
867	-11
868	-12
869	-11
870	-11
871	-11
872	-12
873	-12
874	-11
875	-11
876	-11
877	-10
878	-11
879	-11
880	-11
881	-11
882	-12
883	-10
884	-10
885	-10
886	-9
887	-8
888	-10
889	-8
890	-10
891	-8
892	-9
893	-7
894	-9
895	-8
896	-9
897	-8
898	-9
899	-7
900	-10
901	-6
902	-8
903	-8
904	-9
905	-8
906	-8
907	-9
908	-8
909	-8
910	-9
911	-7
912	-9
913	-10
914	-9
915	-9
916	-10
917	-10
918	-9
919	-9
920	-11
921	-10
922	-11
923	-12
924	-10
925	-11
926	-11
927	-11
928	-11
929	-10
930	-11
931	-9
932	-11
933	-9
934	-11
935	-9
936	-12
937	-9
938	-12
939	-9
940	-10
941	-10
942	-10
943	-9
944	-9
945	-8
946	-9
947	-10
948	-10
949	-9
950	-9
951	-9
952	-8
953	-7
954	-7
955	-8
956	-7
957	-6
958	-7
959	-7
960	-8
961	-7
962	-7
963	-6
964	-8
965	-8
966	-10
967	-8
968	-8
969	-8
970	-8
971	-6
972	-8
973	-8
974	-8
975	-9
976	-9
977	-7
978	-8
979	-7
980	-7
981	-7
982	-7
983	-6
984	-5
985	-6
986	-7
987	-6
988	-7
989	-6
990	-8
991	-5
992	-6
993	-5
994	-5
995	-5
996	-5
997	-4
998	-4
999	-5
1000	-4
1001	-5
1002	-5
1003	-4
1004	-5
1005	-5
1006	-4
1007	-7
1008	-4
1009	-5
1010	-5
1011	-3
1012	-5
1013	-4
1014	-4
1015	-4
1016	-4
1017	-4
1018	-4
1019	-4
1020	-4
1021	-5
1022	-4
1023	-4
1024	-4
1025	-4
1026	-3
1027	-4
1028	-4
1029	-4
1030	-4
1031	-4
1032	-3
1033	-3
1034	-5
1035	-5
1036	-5
1037	-4
1038	-4
1039	-4
1040	-5
1041	-4
1042	-6
1043	-6
1044	-7
1045	-6
1046	-8
1047	-6
1048	-8
1049	-4
1050	-8
1051	-7
1052	-9
1053	-7
1054	-7
1055	-8
1056	-7
1057	-6
1058	-7
1059	-6
1060	-8
1061	-6
1062	-7
1063	-6
1064	-7
1065	-6
1066	-7
1067	-6
1068	-5
1069	-5
1070	-5
1071	-4
1072	-5
1073	-4
1074	-7
1075	-4
1076	-6
1077	-4
1078	-6
1079	-4
1080	-5
1081	-4
1082	-5
1083	-4
1084	-5
1085	-5
1086	-5
1087	-6
1088	-4
1089	-5
1090	-5
1091	-3
1092	-7
1093	-4
1094	-6
1095	-5
1096	-6
1097	-4
1098	-6
1099	-4
1100	-4
1101	-5
1102	-7
1103	-4
1104	-7
1105	-4
1106	-6
1107	-5
1108	-6
1109	-5
1110	-5
1111	-5
1112	-6
1113	-4
1114	-6
1115	-6
1116	-4
1117	-4
1118	-7
1119	-4
1120	-6
1121	-4
1122	-6
1123	-5
1124	-6
1125	-4
1126	-6
1127	-6
1128	-6
1129	-4
1130	-7
1131	-3
1132	-6
1133	-5
1134	-5
1135	-6
1136	-6
1137	-4
1138	-6
1139	-4
1140	-5
1141	-4
1142	-5
1143	-5
1144	-4
1145	-5
1146	-5
1147	-5
1148	-4
1149	-4
1150	-5
1151	-5
1152	-5
1153	-5
1154	-7
1155	-3
1156	-5
1157	-4
1158	-5
1159	-3
1160	-4
1161	-3
1162	-5
1163	-4
1164	-5
1165	-3
1166	-4
1167	-3
1168	-4
1169	-4
1170	-4
1171	-4
1172	-5
1173	-4
1174	-3
1175	-3
1176	-3
1177	-4
1178	-4
1179	-4
1180	-2
1181	-4
1182	-3
1183	-3
1184	-3
1185	-4
1186	-4
1187	-3
1188	-4
1189	-3
1190	-4
1191	-5
1192	-4
1193	-4
1194	-4
1195	-5
1196	-4
1197	-4
1198	-5
1199	-4
1200	-4
1201	-5
1202	-5
1203	-3
1204	-4
1205	-3
1206	-4
1207	-3
1208	-4
1209	-3
1210	-4
1211	-2
1212	-4
1213	-3
1214	-3
1215	-3
1216	-3
1217	-4
1218	-3
1219	-3
1220	-4
1221	-5
1222	-5
1223	-4
1224	-4
1225	-3
1226	-4
1227	-2
1228	-3
1229	-3
1230	-4
1231	-3
1232	-3
1233	-3
1234	-4
1235	-4
1236	-4
1237	-4
1238	-3
1239	-4
1240	-5
1241	-3
1242	-5
1243	-4
1244	-5
1245	-4
1246	-4
1247	-2
1248	-4
1249	-2
1250	-3
1251	-3
1252	-4
1253	-3
1254	-3
1255	-3
1256	-4
1257	-4
1258	-4
1259	-3
1260	-4
1261	-3
1262	-3
1263	-2
1264	-2
1265	-3
1266	-2
1267	-2
1268	-2
1269	-3
1270	-2
1271	-2
1272	-3
1273	-2
1274	-2
1275	-2
1276	-3
1277	-3
1278	-4
1279	-2
1280	-3
1281	-3
1282	-3
1283	-3
1284	-4
1285	-3
1286	-4
1287	-4
1288	-5
1289	-4
1290	-4
1291	-4
1292	-3
1293	-4
1294	-4
1295	-4
1296	-3
1297	-3
1298	-3
1299	-3
1300	-3
1301	-4
1302	-3
1303	-3
1304	-3
1305	-3
1306	-3
1307	-2
1308	-3
1309	-2
1310	-3
1311	-2
1312	-2
1313	0
1314	-2
1315	-1
1316	-1
1317	0
1318	-2
1319	0
1320	-1
1321	0
1322	-2
1323	0
1324	-1
1325	0
1326	-1
1327	0
1328	0
1329	0
1330	0
1331	-1
1332	-1
1333	-1
1334	-1
1335	0
1336	0
1337	0
1338	0
1339	0
1340	0
1341	0
1342	0
1343	0
1344	0
1345	0
1346	0
1347	0
1348	0
1349	0
1350	0
1351	0
1352	0
1353	0
1354	0
1355	1
1356	0
1357	0
1358	0
1359	-1
1360	0
1361	0
1362	0
1363	0
1364	0
1365	0
1366	0
1367	0
1368	-1
1369	-1
1370	-1
1371	-1
1372	-1
1373	0
1374	0
1375	-1
1376	0
1377	0
1378	0
1379	-1
1380	-1
1381	-1
1382	0
1383	0
1384	0
1385	-1
1386	0
1387	0
1388	0
1389	0
1390	-1
1391	0
1392	-1
1393	0
1394	-1
1395	-1
1396	-1
1397	-2
1398	-2
1399	-2
1400	-1
1401	-1
1402	-1
1403	-1
1404	-1
1405	-1
1406	-2
1407	-1
1408	-1
1409	-2
1410	-3
1411	-1
1412	-2
1413	-1
1414	-2
1415	-2
1416	-4
1417	-3
1418	-3
1419	-1
1420	-3
1421	-3
1422	-2
1423	-3
1424	-3
1425	-2
1426	-3
1427	-2
1428	-3
1429	-3
1430	-3
1431	-2
1432	-2
1433	-2
1434	-3
1435	-2
1436	-3
1437	-2
1438	-3
1439	-2
1440	-3
1441	-2
1442	-2
1443	-1
1444	-1
1445	-1
1446	-1
1447	-2
1448	-1
1449	-1
1450	-1
1451	-1
1452	-2
1453	0
1454	0
1455	-2
1456	-1
1457	-1
1458	-1
1459	-1
1460	-2
1461	-1
1462	-2
1463	-2
1464	-2
1465	-3
1466	-3
1467	-1
1468	-4
1469	-2
1470	-3
1471	-1
1472	-3
1473	-1
1474	-3
1475	-2
1476	-3
1477	-2
1478	-3
1479	-2
1480	-2
1481	-1
1482	-1
1483	-2
1484	-1
1485	-2
1486	-1
1487	-2
1488	-2
1489	-2
1490	-1
1491	-1
1492	-1
1493	-1
1494	-2
1495	-1
1496	-2
1497	-1
1498	-2
1499	-1
1500	-2
1501	-1
1502	-2
1503	-1
1504	-2
1505	0
1506	-1
1507	-1
1508	-2
1509	-1
1510	-2
1511	-1
1512	-2
1513	-1
1514	-3
1515	-2
1516	-3
1517	-1
1518	-2
1519	-2
1520	-2
1521	-1
1522	-3
1523	-1
1524	-1
1525	-1
1526	0
1527	-2
1528	-1
1529	-1
1530	-1
1531	-2
1532	-1
1533	-2
1534	-2
1535	-2
1536	-1
1537	-1
1538	-1
1539	-1
1540	-2
1541	-1
1542	-2
1543	-1
1544	0
1545	-1
1546	-1
1547	0
1548	-1
1549	-1
1550	-1
1551	0
1552	-2
1553	-1
1554	-1
1555	0
1556	0
1557	0
1558	0
1559	0
1560	0
1561	0
1562	0
1563	0
1564	0
1565	0
1566	-1
1567	-1
1568	-1
1569	-1
1570	-1
1571	-1
1572	-1
1573	0
1574	-1
1575	0
1576	-1
1577	-1
1578	-2
1579	0
1580	-1
1581	-1
1582	0
1583	-1
1584	0
1585	0
1586	-1
1587	-1
1588	-1
1589	0
1590	0
1591	0
1592	0
1593	0
1594	0
1595	0
1596	0
1597	0
1598	0
1599	0
1600	-1
1601	-1
1602	-1
1603	-1
1604	-1
1605	0
1606	-2
1607	-2
1608	-1
1609	-2
1610	-2
1611	-1
1612	-1
1613	-1
1614	-3
1615	-1
1616	-2
1617	-1
1618	-2
1619	-1
1620	-1
1621	-1
1622	-2
1623	-2
1624	-2
1625	-1
1626	-1
1627	-1
1628	-2
1629	-1
1630	-3
1631	-1
1632	-1
1633	0
1634	-2
1635	-1
1636	-1
1637	-1
1638	-2
1639	-1
1640	-2
1641	-1
1642	-1
1643	0
1644	0
1645	-1
1646	-1
1647	0
1648	-1
1649	-1
1650	-2
1651	0
1652	-2
1653	-1
1654	-1
1655	-1
1656	-1
1657	-1
1658	-2
1659	-1
1660	0
1661	-1
1662	0
1663	-1
1664	-1
1665	-1
1666	0
1667	-1
1668	0
1669	0
1670	0
1671	0
1672	0
1673	0
1674	0
1675	-1
1676	0
1677	0
1678	0
1679	0
1680	0
1681	0
1682	0
1683	0
1684	-1
1685	0
1686	0
1687	0
1688	-1
1689	0
1690	-1
1691	0
1692	0
1693	0
1694	-1
1695	0
1696	0
1697	0
1698	0
1699	0
1700	-1
1701	0
1702	-1
1703	0
1704	-1
1705	-1
1706	-2
1707	-1
1708	-1
1709	0
1710	-2
1711	-1
1712	-2
1713	-2
1714	-2
1715	-2
1716	-2
1717	-1
1718	-1
1719	-1
1720	-1
1721	-1
1722	-1
1723	-2
1724	-1
1725	-1
1726	-2
1727	-1
1728	-2
1729	-2
1730	-2
1731	-1
1732	-1
1733	0
1734	-1
1735	-2
1736	-1
1737	-1
1738	-1
1739	-1
1740	0
1741	-1
1742	0
1743	-1
1744	0
1745	-1
1746	0
1747	-1
1748	-1
1749	0
1750	0
1751	0
1752	-2
1753	0
1754	0
1755	0
1756	0
1757	0
1758	0
1759	0
1760	-1
1761	0
1762	-1
1763	0
1764	0
1765	0
1766	0
1767	-1
1768	0
1769	0
1770	-1
1771	0
1772	0
1773	-1
1774	0
1775	-1
1776	-1
1777	0
1778	-1
1779	0
1780	-1
1781	0
1782	0
1783	0
1784	-1
1785	0
1786	0
1787	0
1788	0
1789	-1
1790	0
1791	0
1792	0
1793	0
1794	0
1795	0
1796	-1
1797	0
1798	0
1799	-1
1800	0
1801	0
1802	0
1803	0
1804	0
1805	-1
1806	0
1807	-1
1808	-1
1809	0
1810	-1
1811	0
1812	-1
1813	-1
1814	-1
1815	-1
1816	0
1817	-1
1818	-1
1819	-1
1820	0
1821	-1
1822	-1
1823	-1
1824	0
1825	-1
1826	-1
1827	-1
1828	-1
1829	-1
1830	-1
1831	0
1832	-1
1833	0
1834	-1
1835	0
1836	0
1837	0
1838	0
1839	0
1840	0
1841	0
1842	-1
1843	0
1844	0
1845	0
1846	-1
1847	0
1848	-1
1849	0
1850	0
1851	-1
1852	0
1853	-1
1854	0
1855	0
1856	-1
1857	0
1858	-1
1859	-1
1860	0
1861	-1
1862	0
1863	0
1864	0
1865	0
1866	-1
1867	0
1868	-1
1869	0
1870	0
1871	-1
1872	-1
1873	0
1874	0
1875	0
1876	0
1877	0
1878	0
1879	0
1880	0
1881	0
1882	0
1883	0
1884	0
1885	-1
1886	-1
1887	0
1888	0
1889	0
1890	-1
1891	-1
1892	-2
1893	0
1894	-1
1895	-1
1896	-1
1897	0
1898	0
1899	0
1900	-1
1901	0
1902	0
1903	0
1904	0
1905	0
1906	0
1907	0
1908	0
1909	0
1910	0
1911	1
1912	0
1913	0
1914	0
1915	0
1916	0
1917	1
1918	1
1919	1
1920	0
1921	1
1922	0
1923	0
1924	0
1925	0
1926	1
1927	0
1928	1
1929	1
1930	2
1931	0
1932	0
1933	1
1934	0
1935	1
1936	0
1937	0
1938	0
1939	0
1940	0
1941	0
1942	0
1943	0
1944	0
1945	0
1946	0
1947	0
1948	0
1949	0
1950	0
1951	0
1952	0
1953	0
1954	0
1955	0
1956	0
1957	0
1958	0
1959	0
1960	0
1961	0
1962	0
1963	0
1964	0
1965	0
1966	0
1967	0
1968	0
1969	0
1970	0
1971	0
1972	0
1973	0
1974	0
1975	0
1976	0
1977	0
1978	-1
1979	0
1980	0
1981	0
1982	0
1983	-1
1984	-1
1985	0
1986	0
1987	-1
1988	0
1989	-1
1990	0
1991	-1
1992	-1
1993	-1
1994	-1
1995	0
1996	0
1997	-1
1998	-1
1999	-1
