0	0
1	0
2	0
3	0
4	0
5	0
6	0
7	0
8	0
9	0
10	0
11	0
12	0
13	0
14	0
15	0
16	0
17	0
18	0
19	0
20	0
21	0
22	0
23	0
24	0
25	0
26	0
27	0
28	0
29	0
30	0
31	0
32	0
33	0
34	0
35	0
36	0
37	0
38	0
39	0
40	1
41	0
42	0
43	0
44	0
45	0
46	0
47	0
48	0
49	0
50	0
51	0
52	0
53	0
54	0
55	0
56	0
57	0
58	0
59	0
60	0
61	0
62	0
63	0
64	0
65	0
66	0
67	0
68	0
69	0
70	0
71	0
72	0
73	0
74	0
75	0
76	0
77	0
78	0
79	0
80	0
81	0
82	0
83	0
84	0
85	0
86	0
87	0
88	0
89	0
90	0
91	0
92	0
93	0
94	0
95	0
96	0
97	0
98	0
99	0
100	0
101	0
102	0
103	0
104	0
105	0
106	0
107	0
108	0
109	0
110	0
111	0
112	0
113	0
114	0
115	0
116	0
117	0
118	0
119	0
120	0
121	0
122	0
123	0
124	0
125	0
126	0
127	0
128	0
129	0
130	0
131	0
132	0
133	0
134	0
135	0
136	0
137	0
138	0
139	0
140	0
141	0
142	0
143	0
144	0
145	0
146	0
147	1
148	0
149	0
150	0
151	0
152	0
153	1
154	0
155	1
156	0
157	1
158	0
159	1
160	0
161	1
162	0
163	0
164	0
165	0
166	0
167	0
168	0
169	0
170	0
171	0
172	0
173	0
174	0
175	0
176	0
177	0
178	0
179	0
180	0
181	0
182	0
183	0
184	0
185	0
186	0
187	0
188	0
189	0
190	0
191	1
192	0
193	0
194	0
195	0
196	1
197	0
198	0
199	0
200	0
201	0
202	0
203	0
204	0
205	0
206	0
207	0
208	0
209	0
210	0
211	0
212	0
213	0
214	0
215	0
216	0
217	0
218	0
219	0
220	0
221	0
222	0
223	0
224	0
225	0
226	0
227	0
228	0
229	0
230	0
231	0
232	0
233	1
234	0
235	0
236	0
237	0
238	0
239	0
240	0
241	0
242	0
243	0
244	0
245	0
246	0
247	1
248	0
249	1
250	0
251	1
252	1
253	1
254	0
255	1
256	1
257	1
258	1
259	1
260	1
261	1
262	1
263	1
264	1
265	0
266	0
267	1
268	1
269	1
270	0
271	2
272	0
273	1
274	1
275	1
276	1
277	1
278	0
279	1
280	1
281	1
282	0
283	0
284	1
285	1
286	1
287	1
288	0
289	1
290	0
291	1
292	0
293	0
294	1
295	0
296	0
297	1
298	0
299	0
300	1
301	0
302	0
303	1
304	0
305	0
306	0
307	0
308	0
309	0
310	0
311	0
312	0
313	0
314	0
315	0
316	0
317	0
318	0
319	0
320	0
321	0
322	0
323	0
324	0
325	0
326	0
327	0
328	0
329	0
330	0
331	0
332	0
333	1
334	0
335	0
336	0
337	0
338	0
339	0
340	0
341	0
342	0
343	0
344	0
345	0
346	0
347	0
348	0
349	0
350	0
351	0
352	0
353	0
354	0
355	0
356	0
357	0
358	0
359	0
360	0
361	0
362	0
363	0
364	0
365	0
366	0
367	0
368	0
369	0
370	0
371	0
372	0
373	0
374	0
375	0
376	0
377	0
378	0
379	0
380	0
381	0
382	0
383	0
384	0
385	0
386	0
387	0
388	0
389	0
390	0
391	0
392	0
393	0
394	0
395	0
396	0
397	0
398	0
399	0
400	0
401	0
402	0
403	0
404	0
405	0
406	0
407	0
408	0
409	0
410	0
411	0
412	0
413	0
414	0
415	0
416	0
417	0
418	0
419	0
420	0
421	0
422	0
423	0
424	0
425	0
426	0
427	0
428	0
429	0
430	0
431	0
432	0
433	0
434	1
435	0
436	1
437	2
438	1
439	4
440	4
441	7
442	10
443	10
444	14
445	16
446	17
447	21
448	22
449	26
450	29
451	32
452	35
453	39
454	41
455	45
456	48
457	50
458	53
459	56
460	58
461	61
462	63
463	67
464	69
465	71
466	73
467	74
468	75
469	79
470	77
471	80
472	80
473	81
474	81
475	83
476	82
477	82
478	82
479	85
480	83
481	84
482	82
483	83
484	83
485	84
486	81
487	82
488	80
489	80
490	80
491	78
492	75
493	76
494	75
495	76
496	76
497	76
498	76
499	78
500	62
501	70
502	65
503	65
504	65
505	66
506	63
507	64
508	61
509	62
510	57
511	56
512	53
513	55
514	53
515	53
516	52
517	51
518	49
519	49
520	45
521	46
522	43
523	43
524	42
525	42
526	41
527	41
528	39
529	39
530	36
531	34
532	33
533	30
534	30
535	30
536	27
537	28
538	25
539	27
540	25
541	26
542	24
543	23
544	23
545	22
546	21
547	20
548	19
549	19
550	16
551	19
552	14
553	17
554	13
555	14
556	12
557	12
558	11
559	9
560	8
561	9
562	9
563	9
564	7
565	7
566	6
567	6
568	5
569	6
570	5
571	5
572	4
573	5
574	4
575	4
576	3
577	4
578	4
579	3
580	2
581	3
582	3
583	3
584	2
585	2
586	1
587	3
588	2
589	2
590	1
591	3
592	2
593	2
594	1
595	2
596	0
597	2
598	0
599	0
600	0
601	2
602	0
603	0
604	0
605	0
606	0
607	0
608	0
609	0
610	0
611	0
612	0
613	0
614	0
615	0
616	0
617	0
618	0
619	0
620	0
621	0
622	-1
623	0
624	0
625	0
626	-1
627	0
628	-1
629	0
630	0
631	0
632	-1
633	0
634	-2
635	0
636	-1
637	0
638	-1
639	0
640	-1
641	0
642	-1
643	0
644	0
645	0
646	-1
647	0
648	-1
649	0
650	-1
651	0
652	-1
653	0
654	-1
655	-2
656	0
657	0
658	0
659	-1
660	-1
661	0
662	0
663	0
664	0
665	0
666	-2
667	0
668	-1
669	-1
670	-1
671	0
672	0
673	0
674	0
675	0
676	0
677	0
678	0
679	-1
680	-1
681	0
682	0
683	0
684	0
685	-1
686	-1
687	0
688	-2
689	0
690	-1
691	-1
692	-1
693	-1
694	-2
695	-1
696	-2
697	0
698	-1
699	0
700	-2
701	0
702	-2
703	-1
704	-1
705	-1
706	-3
707	-1
708	-1
709	-1
710	-2
711	-1
712	-1
713	-1
714	-2
715	-1
716	-3
717	0
718	-2
719	-1
720	-1
721	-2
722	-1
723	0
724	-1
725	0
726	-1
727	-1
728	0
729	-1
730	-1
731	-1
732	-1
733	0
734	-1
735	-1
736	0
737	-1
738	0
739	-1
740	-2
741	-1
742	-1
743	-1
744	0
745	0
746	-1
747	0
748	-1
749	0
750	-1
751	0
752	-1
753	0
754	-1
755	0
756	-1
757	-1
758	-2
759	0
760	-1
761	-2
762	0
763	-1
764	-2
765	0
766	-3
767	0
768	-1
769	-2
770	-1
771	-1
772	-1
773	-1
774	0
775	-1
776	-1
777	-1
778	-1
779	-1
780	0
781	-1
782	-1
783	-1
784	-2
785	-1
786	-1
787	-1
788	-2
789	0
790	-2
791	-1
792	-1
793	-1
794	-2
795	-2
796	-1
797	-1
798	-2
799	-1
800	-2
801	-1
802	-1
803	-1
804	-2
805	-2
806	-2
807	-1
808	-2
809	-1
810	-3
811	-1
812	-2
813	-3
814	-2
815	-1
816	-2
817	-1
818	-2
819	0
820	-3
821	-1
822	-1
823	-2
824	-2
825	-1
826	-3
827	-2
828	-3
829	-1
830	-3
831	-1
832	-2
833	-1
834	-2
835	-1
836	-3
837	-1
838	-2
839	-1
840	-1
841	-1
842	-1
843	-1
844	-1
845	0
846	-1
847	-1
848	-1
849	-1
850	0
851	0
852	-1
853	0
854	-1
855	0
856	-1
857	0
858	0
859	1
860	0
861	0
862	0
863	0
864	0
865	0
866	0
867	0
868	0
869	0
870	0
871	0
872	0
873	0
874	0
875	1
876	0
877	0
878	0
879	0
880	0
881	0
882	0
883	0
884	-1
885	0
886	-1
887	-1
888	0
889	-1
890	0
891	0
892	-1
893	0
894	-1
895	0
896	-2
897	0
898	-1
899	0
900	0
901	0
902	-1
903	0
904	0
905	0
906	-1
907	0
908	-1
909	0
910	-1
911	0
912	-2
913	-1
914	0
915	-1
916	-1
917	-1
918	-2
919	-1
920	-2
921	-2
922	-2
923	0
924	-2
925	-1
926	-2
927	0
928	0
929	-2
930	-1
931	-1
932	-2
933	0
934	-1
935	-1
936	-2
937	-1
938	-2
939	0
940	-2
941	-1
942	-2
943	-1
944	-2
945	-1
946	-2
947	-1
948	-1
949	0
950	-3
951	-2
952	-1
953	-2
954	-2
955	-2
956	-2
957	-2
958	-3
959	-2
960	-3
961	-3
962	-2
963	-2
964	-3
965	-1
966	-4
967	-1
968	-3
969	-2
970	-3
971	-3
972	-2
973	-2
974	-3
975	-2
976	-2
977	-2
978	-2
979	-2
980	-2
981	-2
982	-1
983	-2
984	-2
985	-2
986	-3
987	-2
988	-2
989	-2
990	-2
991	-2
992	-2
993	-2
994	-3
995	-2
996	-2
997	-3
998	-4
999	-2
1000	-3
1001	-2
1002	-2
1003	-2
1004	-1
1005	-2
1006	-2
1007	-1
1008	-1
1009	-2
1010	-2
1011	0
1012	-1
1013	-1
1014	-2
1015	-1
1016	-1
1017	-2
1018	-1
1019	-2
1020	-2
1021	-2
1022	-2
1023	-1
1024	-2
1025	0
1026	-2
1027	0
1028	-2
1029	-1
1030	-2
1031	-1
1032	-2
1033	-1
1034	-3
1035	-1
1036	-1
1037	-2
1038	-2
1039	-3
1040	-2
1041	-2
1042	-3
1043	-1
1044	-2
1045	-2
1046	-2
1047	0
1048	-1
1049	0
1050	-2
1051	-1
1052	-3
1053	0
1054	-2
1055	-1
1056	-2
1057	0
1058	-2
1059	-1
1060	-1
1061	0
1062	-1
1063	-1
1064	-1
1065	-3
1066	-2
1067	0
1068	0
1069	-1
1070	-1
1071	-1
1072	-1
1073	-1
1074	-3
1075	-1
1076	-1
1077	-2
1078	-1
1079	-1
1080	-1
1081	-1
1082	-3
1083	-2
1084	-2
1085	-2
1086	-2
1087	-1
1088	-2
1089	-3
1090	-2
1091	-2
1092	-1
1093	-1
1094	-2
1095	-1
1096	-2
1097	-2
1098	-2
1099	-1
1100	-3
1101	-1
1102	-3
1103	-1
1104	-2
1105	-2
1106	-2
1107	-2
1108	-2
1109	0
1110	-2
1111	-1
1112	-1
1113	0
1114	-1
1115	0
1116	-2
1117	0
1118	0
1119	-1
1120	-1
1121	-1
1122	-1
1123	-3
1124	-1
1125	-2
1126	-3
1127	-2
1128	-1
1129	-1
1130	-1
1131	-1
1132	-2
1133	-2
1134	-2
1135	-1
1136	-2
1137	-1
1138	-2
1139	-3
1140	-1
1141	-1
1142	-1
1143	-2
1144	-2
1145	-1
1146	-2
1147	0
1148	-2
1149	-1
1150	-1
1151	-1
1152	-2
1153	-1
1154	-2
1155	-2
1156	-1
1157	0
1158	-1
1159	-1
1160	-2
1161	-1
1162	-2
1163	0
1164	-2
1165	-1
1166	-1
1167	-1
1168	-1
1169	-1
1170	-1
1171	0
1172	-1
1173	0
1174	-1
1175	0
1176	-1
1177	0
1178	-1
1179	0
1180	0
1181	0
1182	-1
1183	0
1184	-1
1185	0
1186	0
1187	0
1188	-1
1189	0
1190	-1
1191	0
1192	0
1193	0
1194	-1
1195	0
1196	-1
1197	0
1198	0
1199	0
1200	0
1201	0
1202	0
1203	0
1204	0
1205	0
1206	0
1207	0
1208	0
1209	0
1210	0
1211	0
1212	0
1213	0
1214	0
1215	0
1216	0
1217	0
1218	-1
1219	0
1220	0
1221	0
1222	-1
1223	0
1224	-1
1225	0
1226	0
1227	0
1228	0
1229	0
1230	0
1231	0
1232	0
1233	0
1234	0
1235	0
1236	-1
1237	0
1238	-2
1239	0
1240	0
1241	0
1242	0
1243	0
1244	0
1245	0
1246	0
1247	0
1248	0
1249	0
1250	-1
1251	-1
1252	-1
1253	0
1254	0
1255	0
1256	0
1257	-1
1258	0
1259	0
1260	0
1261	0
1262	0
1263	0
1264	-1
1265	0
1266	0
1267	0
1268	0
1269	0
1270	0
1271	0
1272	0
1273	0
1274	0
1275	0
1276	0
1277	0
1278	-2
1279	0
1280	0
1281	0
1282	-1
1283	0
1284	-1
1285	-1
1286	0
1287	0
1288	-1
1289	0
1290	-1
1291	-1
1292	0
1293	0
1294	-1
1295	-1
1296	-2
1297	-1
1298	0
1299	-1
1300	-1
1301	0
1302	-1
1303	-1
1304	-1
1305	-1
1306	-1
1307	-2
1308	-2
1309	-2
1310	-2
1311	-2
1312	-2
1313	-2
1314	-1
1315	-1
1316	-2
1317	-1
1318	-2
1319	-2
1320	-2
1321	-2
1322	-2
1323	-2
1324	-2
1325	-1
1326	-1
1327	-1
1328	-1
1329	0
1330	-2
1331	0
1332	-1
1333	-1
1334	-2
1335	-1
1336	-3
1337	-1
1338	-1
1339	-1
1340	0
1341	-1
1342	-2
1343	-1
1344	-1
1345	-2
1346	-1
1347	-1
1348	-2
1349	-1
1350	-1
1351	0
1352	-2
1353	0
1354	-1
1355	-1
1356	0
1357	0
1358	-1
1359	0
1360	0
1361	0
1362	0
1363	0
1364	0
1365	0
1366	0
1367	-1
1368	0
1369	0
1370	-1
1371	0
1372	0
1373	0
1374	0
1375	0
1376	0
1377	-2
1378	0
1379	-1
1380	-1
1381	-1
1382	-1
1383	0
1384	-1
1385	0
1386	-2
1387	-1
1388	-1
1389	0
1390	0
1391	0
1392	-1
1393	0
1394	-1
1395	0
1396	-1
1397	0
1398	0
1399	0
1400	0
1401	-1
1402	0
1403	0
1404	-1
1405	0
1406	0
1407	0
1408	0
1409	0
1410	0
1411	0
1412	0
1413	-1
1414	0
1415	0
1416	0
1417	0
1418	0
1419	0
1420	-2
1421	0
1422	0
1423	0
1424	0
1425	0
1426	0
1427	-1
1428	-1
1429	-1
1430	-1
1431	0
1432	-1
1433	-2
1434	-2
1435	-3
1436	-2
1437	-1
1438	-2
1439	0
1440	-1
1441	-2
1442	-2
1443	-1
1444	-3
1445	-2
1446	-2
1447	-1
1448	-1
1449	-2
1450	-1
1451	-2
1452	-1
1453	-1
1454	-1
1455	-1
1456	-1
1457	-1
1458	0
1459	-1
1460	-1
1461	0
1462	-1
1463	0
1464	0
1465	0
1466	0
1467	0
1468	0
1469	0
1470	0
1471	0
1472	0
1473	0
1474	0
1475	0
1476	0
1477	0
1478	0
1479	0
1480	0
1481	0
1482	0
1483	-1
1484	0
1485	-1
1486	0
1487	0
1488	0
1489	0
1490	-1
1491	-1
1492	-1
1493	0
1494	-1
1495	0
1496	-2
1497	0
1498	-1
1499	0
1500	0
1501	0
1502	-1
1503	0
1504	-1
1505	-1
1506	0
1507	0
1508	-1
1509	0
1510	-1
1511	0
1512	0
1513	0
1514	0
1515	0
1516	0
1517	0
1518	0
1519	-1
1520	0
1521	0
1522	0
1523	0
1524	-1
1525	0
1526	-1
1527	0
1528	-1
1529	-1
1530	0
1531	-1
1532	-1
1533	0
1534	-1
1535	-2
1536	-2
1537	-2
1538	0
1539	-1
1540	-1
1541	-2
1542	0
1543	-1
1544	-1
1545	-2
1546	-2
1547	-1
1548	-1
1549	0
1550	0
1551	-1
1552	-1
1553	0
1554	0
1555	0
1556	-1
1557	-1
1558	0
1559	-1
1560	-1
1561	-1
1562	-2
1563	-1
1564	-1
1565	-1
1566	-1
1567	-2
1568	-2
1569	-2
1570	-2
1571	0
1572	-1
1573	-1
1574	-2
1575	-1
1576	-2
1577	-2
1578	-2
1579	-1
1580	-2
1581	-1
1582	-2
1583	-1
1584	-1
1585	-1
1586	-1
1587	-1
1588	0
1589	0
1590	0
1591	-1
1592	0
1593	0
1594	0
1595	0
1596	0
1597	0
1598	0
1599	0
1600	0
1601	0
1602	0
1603	0
1604	0
1605	0
1606	0
1607	0
1608	0
1609	0
1610	0
1611	0
1612	0
1613	0
1614	0
1615	0
1616	0
1617	0
1618	-1
1619	0
1620	0
1621	-1
1622	0
1623	0
1624	0
1625	0
1626	0
1627	0
1628	0
1629	0
1630	-1
1631	-1
1632	-1
1633	-1
1634	-1
1635	-1
1636	-1
1637	-1
1638	-1
1639	-1
1640	-1
1641	-1
1642	0
1643	-2
1644	-2
1645	-1
1646	-1
1647	-1
1648	-1
1649	-1
1650	-1
1651	0
1652	0
1653	0
1654	0
1655	0
1656	-1
1657	0
1658	-1
1659	-1
1660	0
1661	-1
1662	0
1663	0
1664	-1
1665	-1
1666	0
1667	0
1668	0
1669	0
1670	0
1671	0
1672	0
1673	-1
1674	0
1675	0
1676	0
1677	0
1678	0
1679	-2
1680	0
1681	0
1682	0
1683	0
1684	0
1685	0
1686	0
1687	0
1688	-1
1689	0
1690	0
1691	0
1692	0
1693	-1
1694	0
1695	0
1696	0
1697	0
1698	0
1699	0
1700	0
1701	0
1702	-1
1703	0
1704	0
1705	0
1706	0
1707	0
1708	0
1709	0
1710	0
1711	0
1712	-1
1713	0
1714	0
1715	0
1716	0
1717	-1
1718	0
1719	0
1720	0
1721	0
1722	0
1723	0
1724	-1
1725	-1
1726	-1
1727	0
1728	-1
1729	-1
1730	0
1731	-1
1732	0
1733	0
1734	0
1735	0
1736	0
1737	0
1738	0
1739	0
1740	0
1741	0
1742	0
1743	0
1744	0
1745	0
1746	0
1747	0
1748	0
1749	0
1750	0
1751	0
1752	0
1753	0
1754	0
1755	0
1756	0
1757	0
1758	0
1759	0
1760	0
1761	-1
1762	0
1763	0
1764	0
1765	0
1766	0
1767	0
1768	-1
1769	0
1770	0
1771	0
1772	0
1773	-1
1774	-1
1775	0
1776	-1
1777	0
1778	0
1779	0
1780	0
1781	0
1782	0
1783	0
1784	0
1785	-1
1786	0
1787	0
1788	0
1789	0
1790	0
1791	0
1792	0
1793	0
1794	0
1795	0
1796	0
1797	0
1798	0
1799	0
1800	0
1801	0
1802	0
1803	0
1804	0
1805	0
1806	0
1807	0
1808	0
1809	0
1810	0
1811	0
1812	0
1813	0
1814	-1
1815	0
1816	-1
1817	0
1818	0
1819	0
1820	0
1821	0
1822	0
1823	0
1824	0
1825	0
1826	0
1827	0
1828	0
1829	0
1830	0
1831	0
1832	0
1833	-1
1834	0
1835	0
1836	0
1837	0
1838	0
1839	0
1840	0
1841	0
1842	0
1843	-1
1844	0
1845	-1
1846	0
1847	0
1848	0
1849	0
1850	0
1851	0
1852	0
1853	0
1854	0
1855	-1
1856	-1
1857	0
1858	-1
1859	-1
1860	0
1861	0
1862	0
1863	0
1864	0
1865	0
1866	0
1867	0
1868	0
1869	0
1870	0
1871	0
1872	0
1873	0
1874	0
1875	0
1876	0
1877	0
1878	0
1879	0
1880	0
1881	0
1882	0
1883	0
1884	0
1885	0
1886	0
1887	0
1888	0
1889	0
1890	0
1891	0
1892	0
1893	0
1894	0
1895	0
1896	0
1897	0
1898	0
1899	0
1900	0
1901	0
1902	-1
1903	0
1904	0
1905	0
1906	0
1907	0
1908	-1
1909	0
1910	0
1911	0
1912	-1
1913	-1
1914	-1
1915	-1
1916	-1
1917	0
1918	-1
1919	-1
1920	-1
1921	-1
1922	-1
1923	-1
1924	0
1925	0
1926	0
1927	0
1928	0
1929	0
1930	0
1931	0
1932	0
1933	0
1934	0
1935	0
1936	0
1937	0
1938	0
1939	0
1940	0
1941	0
1942	0
1943	0
1944	0
1945	0
1946	0
1947	0
1948	0
1949	0
1950	-1
1951	0
1952	-1
1953	-1
1954	-1
1955	0
1956	-1
1957	0
1958	0
1959	0
1960	0
1961	0
1962	0
1963	-1
1964	0
1965	0
1966	0
1967	-1
1968	0
1969	0
1970	0
1971	0
1972	0
1973	0
1974	0
1975	0
1976	0
1977	0
1978	0
1979	0
1980	0
1981	0
1982	-1
1983	0
1984	0
1985	-1
1986	0
1987	-1
1988	0
1989	0
1990	0
1991	0
1992	0
1993	0
1994	0
1995	0
1996	0
1997	0
1998	0
1999	0
