0	2
1	3
2	1
3	4
4	2
5	5
6	1
7	4
8	2
9	3
10	2
11	5
12	2
13	3
14	4
15	2
16	3
17	4
18	2
19	4
20	2
21	3
22	1
23	2
24	1
25	4
26	3
27	4
28	4
29	3
30	3
31	4
32	3
33	4
34	3
35	3
36	2
37	4
38	2
39	3
40	2
41	3
42	1
43	3
44	0
45	2
46	2
47	3
48	3
49	4
50	0
51	4
52	1
53	2
54	0
55	3
56	2
57	1
58	2
59	1
60	1
61	4
62	1
63	3
64	3
65	4
66	2
67	4
68	3
69	4
70	3
71	3
72	4
73	4
74	5
75	5
76	4
77	5
78	4
79	5
80	2
81	4
82	4
83	4
84	3
85	4
86	3
87	4
88	3
89	4
90	3
91	4
92	1
93	4
94	2
95	3
96	3
97	4
98	2
99	3
100	2
101	2
102	1
103	4
104	2
105	3
106	3
107	2
108	3
109	3
110	2
111	3
112	2
113	2
114	2
115	3
116	3
117	4
118	2
119	4
120	2
121	4
122	1
123	5
124	2
125	4
126	1
127	3
128	1
129	3
130	3
131	2
132	2
133	3
134	0
135	4
136	1
137	4
138	3
139	3
140	2
141	2
142	1
143	2
144	1
145	2
146	1
147	3
148	0
149	2
150	2
151	3
152	1
153	3
154	2
155	4
156	0
157	4
158	1
159	2
160	1
161	3
162	3
163	3
164	3
165	4
166	4
167	3
168	2
169	3
170	3
171	4
172	3
173	4
174	4
175	4
176	3
177	4
178	3
179	3
180	4
181	4
182	3
183	4
184	3
185	4
186	3
187	4
188	2
189	3
190	2
191	4
192	2
193	2
194	2
195	2
196	2
197	3
198	2
199	2
200	1
201	3
202	2
203	3
204	2
205	4
206	2
207	4
208	3
209	4
210	3
211	4
212	4
213	4
214	3
215	5
216	4
217	6
218	3
219	5
220	2
221	4
222	3
223	4
224	4
225	5
226	4
227	4
228	3
229	4
230	3
231	3
232	3
233	1
234	3
235	2
236	2
237	2
238	1
239	3
240	2
241	2
242	0
243	3
244	2
245	2
246	2
247	3
248	2
249	4
250	2
251	3
252	3
253	1
254	2
255	2
256	2
257	3
258	3
259	2
260	2
261	3
262	2
263	4
264	3
265	5
266	1
267	4
268	4
269	4
270	2
271	4
272	2
273	4
274	3
275	5
276	4
277	4
278	3
279	4
280	3
281	5
282	4
283	4
284	3
285	5
286	3
287	5
288	2
289	5
290	4
291	5
292	4
293	4
294	3
295	4
296	3
297	4
298	4
299	4
300	3
301	4
302	2
303	4
304	2
305	2
306	2
307	4
308	2
309	2
310	2
311	3
312	2
313	3
314	2
315	3
316	2
317	3
318	3
319	3
320	3
321	4
322	2
323	4
324	2
325	3
326	2
327	2
328	2
329	2
330	3
331	3
332	3
333	3
334	1
335	4
336	2
337	2
338	2
339	3
340	3
341	4
342	2
343	3
344	1
345	4
346	0
347	2
348	1
349	2
350	1
351	2
352	2
353	4
354	3
355	3
356	2
357	4
358	2
359	3
360	2
361	3
362	2
363	2
364	2
365	3
366	3
367	5
368	2
369	4
370	3
371	3
372	2
373	3
374	3
375	4
376	2
377	4
378	2
379	5
380	3
381	3
382	3
383	5
384	2
385	4
386	3
387	4
388	4
389	4
390	2
391	4
392	3
393	4
394	2
395	4
396	3
397	4
398	2
399	3
400	2
401	4
402	2
403	4
404	4
405	4
406	4
407	4
408	3
409	4
410	3
411	4
412	4
413	4
414	4
415	4
416	3
417	3
418	3
419	5
420	5
421	6
422	7
423	10
424	8
425	11
426	11
427	12
428	14
429	18
430	19
431	20
432	23
433	27
434	29
435	31
436	35
437	37
438	42
439	45
440	49
441	51
442	55
443	57
444	59
445	62
446	65
447	69
448	70
449	74
450	75
451	78
452	81
453	83
454	84
455	86
456	88
457	90
458	92
459	93
460	93
461	94
462	96
463	96
464	96
465	97
466	97
467	97
468	98
469	97
470	96
471	96
472	96
473	95
474	95
475	94
476	92
477	93
478	91
479	91
480	90
481	89
482	87
483	87
484	85
485	84
486	81
487	82
488	79
489	79
490	79
491	78
492	78
493	77
494	74
495	74
496	74
497	75
498	75
499	78
500	62
501	70
502	66
503	66
504	67
505	67
506	67
507	64
508	62
509	62
510	59
511	59
512	58
513	58
514	56
515	57
516	53
517	54
518	50
519	49
520	48
521	47
522	46
523	45
524	46
525	45
526	45
527	44
528	43
529	42
530	39
531	40
532	37
533	36
534	34
535	33
536	32
537	31
538	32
539	31
540	30
541	30
542	29
543	29
544	27
545	27
546	26
547	25
548	24
549	23
550	20
551	21
552	21
553	18
554	17
555	18
556	15
557	15
558	14
559	14
560	12
561	12
562	11
563	11
564	10
565	10
566	8
567	9
568	8
569	8
570	7
571	8
572	6
573	7
574	6
575	6
576	4
577	5
578	4
579	5
580	4
581	4
582	4
583	4
584	4
585	4
586	4
587	3
588	3
589	3
590	3
591	3
592	2
593	3
594	2
595	3
596	2
597	2
598	1
599	3
600	2
601	1
602	1
603	1
604	0
605	1
606	0
607	0
608	0
609	1
610	0
611	1
612	0
613	0
614	0
615	0
616	0
617	0
618	0
619	0
620	0
621	0
622	-1
623	0
624	-3
625	-1
626	-3
627	0
628	-1
629	-1
630	0
631	0
632	-2
633	0
634	-2
635	-1
636	-3
637	0
638	-3
639	-1
640	-2
641	0
642	-1
643	0
644	-1
645	0
646	-3
647	0
648	-2
649	0
650	0
651	-1
652	-1
653	0
654	-2
655	0
656	-1
657	0
658	-2
659	0
660	-1
661	-1
662	0
663	-1
664	-2
665	0
666	-2
667	-1
668	-1
669	0
670	-1
671	0
672	-2
673	0
674	-1
675	0
676	0
677	0
678	0
679	0
680	0
681	0
682	0
683	1
684	0
685	1
686	1
687	0
688	0
689	0
690	1
691	1
692	1
693	0
694	0
695	0
696	0
697	1
698	0
699	1
700	1
701	2
702	0
703	1
704	0
705	1
706	0
707	1
708	0
709	1
710	0
711	1
712	1
713	1
714	0
715	0
716	0
717	0
718	0
719	0
720	0
721	0
722	0
723	0
724	0
725	0
726	0
727	1
728	0
729	0
730	0
731	0
732	0
733	0
734	0
735	0
736	0
737	0
738	0
739	0
740	0
741	0
742	0
743	0
744	-1
745	0
746	-2
747	0
748	0
749	0
750	-1
751	0
752	0
753	-1
754	0
755	-1
756	-1
757	0
758	-1
759	0
760	-1
761	0
762	-1
763	0
764	0
765	0
766	0
767	0
768	-1
769	0
770	0
771	0
772	0
773	0
774	0
775	0
776	0
777	0
778	0
779	0
780	0
781	0
782	0
783	0
784	0
785	0
786	0
787	1
788	0
789	0
790	0
791	0
792	0
793	0
794	0
795	0
796	0
797	0
798	0
799	0
800	0
801	0
802	-1
803	1
804	0
805	0
806	0
807	1
808	0
809	1
810	0
811	1
812	0
813	0
814	0
815	0
816	0
817	0
818	0
819	0
820	-1
821	0
822	0
823	0
824	-1
825	0
826	-1
827	0
828	-1
829	0
830	-2
831	0
832	0
833	0
834	0
835	0
836	-1
837	-1
838	-2
839	0
840	-2
841	0
842	-2
843	0
844	-1
845	-1
846	-3
847	0
848	-1
849	-1
850	0
851	0
852	-1
853	0
854	-1
855	0
856	-2
857	0
858	-1
859	0
860	-1
861	0
862	-1
863	-1
864	-1
865	0
866	0
867	-1
868	0
869	0
870	0
871	0
872	-1
873	0
874	-2
875	0
876	-1
877	0
878	-1
879	0
880	-1
881	0
882	0
883	0
884	-2
885	-1
886	-1
887	-1
888	-1
889	0
890	-1
891	0
892	-1
893	0
894	-1
895	0
896	-2
897	0
898	-2
899	-2
900	-2
901	-2
902	-2
903	-1
904	-2
905	-1
906	-3
907	-1
908	-2
909	-1
910	-2
911	0
912	-3
913	0
914	-3
915	-1
916	-3
917	0
918	-1
919	-1
920	-1
921	0
922	-1
923	0
924	0
925	0
926	-1
927	-1
928	-1
929	-1
930	-2
931	-1
932	-3
933	-1
934	-2
935	-1
936	-1
937	-2
938	-2
939	-1
940	-2
941	-1
942	-1
943	0
944	-1
945	-1
946	-1
947	-1
948	-1
949	-1
950	-1
951	0
952	-3
953	0
954	-2
955	0
956	-2
957	0
958	-3
959	-1
960	-2
961	-1
962	-1
963	0
964	-1
965	0
966	-2
967	-1
968	-1
969	0
970	-3
971	0
972	-1
973	0
974	-1
975	0
976	-1
977	0
978	-2
979	-1
980	-1
981	0
982	-1
983	0
984	-1
985	0
986	-1
987	-1
988	-1
989	-1
990	-1
991	0
992	-1
993	0
994	-2
995	0
996	-1
997	0
998	-1
999	0
1000	0
1001	0
1002	-1
1003	0
1004	-1
1005	0
1006	-1
1007	0
1008	0
1009	0
1010	-1
1011	0
1012	-1
1013	0
1014	-1
1015	0
1016	-2
1017	-1
1018	-1
1019	0
1020	-1
1021	-1
1022	-2
1023	-1
1024	-1
1025	-1
1026	-2
1027	-1
1028	-1
1029	-1
1030	-2
1031	-1
1032	-2
1033	-1
1034	-2
1035	0
1036	-2
1037	-1
1038	-2
1039	-1
1040	-1
1041	-1
1042	-2
1043	-2
1044	-2
1045	-1
1046	-2
1047	-1
1048	-2
1049	0
1050	-1
1051	0
1052	-1
1053	0
1054	-1
1055	0
1056	-1
1057	0
1058	-1
1059	-1
1060	-2
1061	-1
1062	-1
1063	0
1064	0
1065	0
1066	-1
1067	0
1068	-1
1069	0
1070	-1
1071	0
1072	-1
1073	0
1074	-2
1075	0
1076	-1
1077	-1
1078	-1
1079	0
1080	-2
1081	0
1082	-1
1083	0
1084	-1
1085	-1
1086	-1
1087	0
1088	0
1089	0
1090	0
1091	0
1092	0
1093	0
1094	0
1095	0
1096	0
1097	0
1098	0
1099	0
1100	0
1101	0
1102	0
1103	0
1104	0
1105	0
1106	0
1107	0
1108	0
1109	0
1110	0
1111	0
1112	0
1113	0
1114	0
1115	0
1116	0
1117	0
1118	0
1119	0
1120	0
1121	0
1122	-1
1123	0
1124	-1
1125	0
1126	0
1127	0
1128	0
1129	0
1130	0
1131	0
1132	0
1133	0
1134	-1
1135	0
1136	-1
1137	0
1138	-1
1139	0
1140	-1
1141	0
1142	-1
1143	0
1144	-1
1145	-1
1146	-1
1147	0
1148	0
1149	0
1150	-1
1151	0
1152	-1
1153	0
1154	-2
1155	0
1156	-2
1157	0
1158	-1
1159	0
1160	-1
1161	0
1162	-1
1163	0
1164	-1
1165	0
1166	0
1167	0
1168	0
1169	0
1170	0
1171	0
1172	0
1173	0
1174	0
1175	0
1176	-1
1177	0
1178	0
1179	0
1180	0
1181	0
1182	0
1183	0
1184	0
1185	0
1186	0
1187	0
1188	0
1189	0
1190	0
1191	0
1192	0
1193	0
1194	0
1195	0
1196	0
1197	0
1198	0
1199	0
1200	0
1201	0
1202	-1
1203	0
1204	0
1205	0
1206	0
1207	0
1208	0
1209	0
1210	0
1211	0
1212	-1
1213	0
1214	-1
1215	0
1216	0
1217	0
1218	0
1219	0
1220	0
1221	0
1222	0
1223	0
1224	0
1225	0
1226	-1
1227	0
1228	0
1229	0
1230	0
1231	0
1232	0
1233	0
1234	0
1235	0
1236	0
1237	0
1238	0
1239	0
1240	0
1241	0
1242	0
1243	0
1244	0
1245	0
1246	0
1247	0
1248	0
1249	0
1250	0
1251	0
1252	0
1253	0
1254	0
1255	0
1256	0
1257	0
1258	0
1259	0
1260	0
1261	0
1262	0
1263	0
1264	0
1265	0
1266	0
1267	0
1268	0
1269	0
1270	0
1271	0
1272	0
1273	0
1274	0
1275	0
1276	0
1277	0
1278	0
1279	0
1280	0
1281	0
1282	0
1283	0
1284	0
1285	0
1286	0
1287	0
1288	0
1289	0
1290	0
1291	0
1292	0
1293	0
1294	0
1295	1
1296	0
1297	0
1298	0
1299	0
1300	0
1301	0
1302	0
1303	0
1304	0
1305	0
1306	0
1307	0
1308	0
1309	0
1310	0
1311	0
1312	0
1313	0
1314	0
1315	0
1316	0
1317	0
1318	0
1319	0
1320	0
1321	0
1322	0
1323	0
1324	0
1325	0
1326	0
1327	0
1328	0
1329	0
1330	0
1331	1
1332	0
1333	1
1334	0
1335	2
1336	1
1337	1
1338	1
1339	2
1340	1
1341	1
1342	0
1343	2
1344	0
1345	1
1346	0
1347	1
1348	0
1349	1
1350	0
1351	0
1352	0
1353	0
1354	0
1355	0
1356	0
1357	0
1358	-1
1359	0
1360	0
1361	0
1362	0
1363	0
1364	0
1365	0
1366	0
1367	0
1368	0
1369	0
1370	0
1371	0
1372	0
1373	0
1374	0
1375	0
1376	0
1377	0
1378	0
1379	0
1380	0
1381	0
1382	0
1383	0
1384	0
1385	0
1386	0
1387	0
1388	0
1389	1
1390	0
1391	0
1392	0
1393	0
1394	0
1395	0
1396	0
1397	1
1398	0
1399	0
1400	0
1401	0
1402	0
1403	0
1404	-1
1405	1
1406	0
1407	0
1408	0
1409	0
1410	0
1411	0
1412	0
1413	0
1414	0
1415	0
1416	0
1417	1
1418	0
1419	0
1420	0
1421	0
1422	0
1423	0
1424	0
1425	0
1426	0
1427	1
1428	0
1429	0
1430	0
1431	0
1432	0
1433	0
1434	0
1435	1
1436	1
1437	1
1438	1
1439	2
1440	2
1441	2
1442	2
1443	2
1444	1
1445	3
1446	2
1447	3
1448	2
1449	3
1450	3
1451	3
1452	2
1453	3
1454	2
1455	2
1456	2
1457	3
1458	2
1459	3
1460	3
1461	3
1462	2
1463	4
1464	3
1465	3
1466	2
1467	3
1468	2
1469	3
1470	2
1471	4
1472	2
1473	3
1474	2
1475	3
1476	1
1477	2
1478	2
1479	2
1480	2
1481	3
1482	1
1483	3
1484	1
1485	2
1486	0
1487	1
1488	1
1489	1
1490	0
1491	1
1492	1
1493	1
1494	0
1495	1
1496	0
1497	1
1498	0
1499	2
1500	1
1501	1
1502	0
1503	1
1504	1
1505	2
1506	1
1507	2
1508	1
1509	2
1510	1
1511	2
1512	2
1513	2
1514	1
1515	2
1516	1
1517	2
1518	1
1519	2
1520	1
1521	4
1522	1
1523	3
1524	2
1525	2
1526	1
1527	1
1528	0
1529	1
1530	0
1531	1
1532	0
1533	1
1534	0
1535	2
1536	0
1537	1
1538	0
1539	2
1540	0
1541	1
1542	0
1543	0
1544	0
1545	1
1546	0
1547	1
1548	0
1549	1
1550	0
1551	1
1552	0
1553	1
1554	0
1555	1
1556	0
1557	1
1558	1
1559	2
1560	0
1561	1
1562	0
1563	1
1564	1
1565	2
1566	0
1567	1
1568	0
1569	1
1570	0
1571	2
1572	1
1573	0
1574	0
1575	1
1576	2
1577	2
1578	1
1579	1
1580	2
1581	2
1582	0
1583	1
1584	1
1585	2
1586	1
1587	2
1588	2
1589	1
1590	1
1591	1
1592	1
1593	3
1594	2
1595	3
1596	2
1597	2
1598	2
1599	2
1600	2
1601	2
1602	2
1603	1
1604	3
1605	1
1606	2
1607	2
1608	2
1609	3
1610	2
1611	2
1612	2
1613	3
1614	3
1615	3
1616	3
1617	4
1618	2
1619	2
1620	3
1621	2
1622	2
1623	3
1624	2
1625	3
1626	1
1627	2
1628	2
1629	2
1630	2
1631	4
1632	1
1633	3
1634	2
1635	3
1636	2
1637	4
1638	3
1639	3
1640	3
1641	2
1642	2
1643	3
1644	2
1645	3
1646	2
1647	3
1648	2
1649	3
1650	3
1651	3
1652	2
1653	3
1654	2
1655	3
1656	2
1657	3
1658	2
1659	3
1660	2
1661	2
1662	2
1663	2
1664	3
1665	4
1666	3
1667	3
1668	3
1669	4
1670	3
1671	4
1672	3
1673	4
1674	4
1675	5
1676	4
1677	4
1678	4
1679	4
1680	4
1681	4
1682	4
1683	5
1684	4
1685	4
1686	3
1687	4
1688	4
1689	4
1690	3
1691	2
1692	2
1693	3
1694	2
1695	3
1696	1
1697	2
1698	1
1699	2
1700	1
1701	2
1702	1
1703	2
1704	2
1705	2
1706	1
1707	2
1708	0
1709	1
1710	0
1711	2
1712	1
1713	2
1714	0
1715	2
1716	0
1717	1
1718	1
1719	1
1720	1
1721	1
1722	1
1723	1
1724	1
1725	1
1726	1
1727	2
1728	2
1729	2
1730	1
1731	2
1732	2
1733	2
1734	0
1735	2
1736	1
1737	2
1738	2
1739	2
1740	0
1741	2
1742	1
1743	1
1744	1
1745	3
1746	1
1747	4
1748	1
1749	1
1750	1
1751	1
1752	1
1753	2
1754	1
1755	2
1756	1
1757	2
1758	0
1759	1
1760	0
1761	1
1762	0
1763	2
1764	0
1765	1
1766	0
1767	1
1768	0
1769	1
1770	0
1771	2
1772	2
1773	1
1774	2
1775	1
1776	1
1777	1
1778	1
1779	2
1780	3
1781	2
1782	2
1783	2
1784	2
1785	1
1786	2
1787	1
1788	1
1789	2
1790	0
1791	1
1792	1
1793	0
1794	0
1795	1
1796	0
1797	0
1798	0
1799	0
1800	0
1801	0
1802	0
1803	0
1804	0
1805	0
1806	0
1807	0
1808	0
1809	0
1810	0
1811	0
1812	0
1813	0
1814	0
1815	1
1816	1
1817	0
1818	0
1819	1
1820	0
1821	2
1822	1
1823	2
1824	2
1825	3
1826	1
1827	3
1828	1
1829	3
1830	1
1831	2
1832	1
1833	2
1834	3
1835	2
1836	2
1837	3
1838	2
1839	3
1840	2
1841	3
1842	3
1843	4
1844	2
1845	4
1846	2
1847	3
1848	3
1849	2
1850	2
1851	2
1852	4
1853	2
1854	3
1855	4
1856	3
1857	4
1858	4
1859	3
1860	4
1861	4
1862	4
1863	4
1864	3
1865	4
1866	3
1867	4
1868	3
1869	4
1870	4
1871	3
1872	3
1873	4
1874	4
1875	4
1876	3
1877	3
1878	3
1879	3
1880	2
1881	4
1882	3
1883	4
1884	2
1885	3
1886	2
1887	3
1888	2
1889	2
1890	2
1891	2
1892	1
1893	2
1894	2
1895	3
1896	0
1897	2
1898	1
1899	2
1900	1
1901	3
1902	2
1903	4
1904	3
1905	3
1906	3
1907	3
1908	4
1909	3
1910	4
1911	4
1912	4
1913	5
1914	4
1915	4
1916	4
1917	4
1918	4
1919	4
1920	3
1921	4
1922	4
1923	4
1924	4
1925	4
1926	3
1927	5
1928	3
1929	3
1930	3
1931	4
1932	4
1933	4
1934	3
1935	4
1936	2
1937	5
1938	2
1939	4
1940	3
1941	4
1942	3
1943	3
1944	3
1945	3
1946	4
1947	4
1948	4
1949	4
1950	4
1951	4
1952	3
1953	3
1954	2
1955	3
1956	2
1957	3
1958	3
1959	2
1960	1
1961	3
1962	2
1963	3
1964	1
1965	4
1966	1
1967	4
1968	2
1969	2
1970	1
1971	2
1972	1
1973	3
1974	2
1975	2
1976	1
1977	2
1978	1
1979	1
1980	1
1981	3
1982	0
1983	1
1984	0
1985	0
1986	0
1987	1
1988	2
1989	2
1990	0
1991	2
1992	1
1993	1
1994	1
1995	1
1996	1
1997	2
1998	0
1999	2
