0	1
1	1
2	0
3	0
4	0
5	0
6	0
7	0
8	0
9	0
10	0
11	0
12	0
13	0
14	0
15	0
16	0
17	0
18	0
19	0
20	0
21	0
22	0
23	0
24	0
25	0
26	0
27	0
28	0
29	0
30	0
31	0
32	0
33	0
34	0
35	0
36	0
37	0
38	0
39	1
40	0
41	0
42	0
43	0
44	0
45	0
46	0
47	0
48	0
49	0
50	0
51	0
52	0
53	0
54	0
55	0
56	0
57	-1
58	0
59	0
60	0
61	0
62	0
63	0
64	0
65	0
66	0
67	0
68	0
69	0
70	0
71	0
72	0
73	0
74	0
75	0
76	0
77	0
78	0
79	1
80	0
81	1
82	1
83	0
84	0
85	0
86	0
87	1
88	0
89	0
90	0
91	0
92	0
93	1
94	0
95	1
96	0
97	0
98	1
99	0
100	1
101	1
102	0
103	1
104	1
105	1
106	1
107	1
108	0
109	1
110	0
111	0
112	0
113	0
114	0
115	0
116	0
117	0
118	0
119	0
120	0
121	1
122	0
123	1
124	1
125	0
126	0
127	1
128	0
129	0
130	0
131	0
132	0
133	0
134	0
135	0
136	0
137	0
138	0
139	0
140	0
141	0
142	-1
143	-1
144	-1
145	0
146	0
147	0
148	0
149	0
150	0
151	0
152	0
153	0
154	0
155	0
156	0
157	0
158	0
159	0
160	0
161	0
162	0
163	0
164	0
165	0
166	0
167	0
168	0
169	0
170	0
171	0
172	0
173	0
174	0
175	1
176	0
177	0
178	0
179	0
180	0
181	0
182	0
183	0
184	0
185	0
186	0
187	0
188	0
189	0
190	0
191	0
192	0
193	0
194	0
195	0
196	0
197	0
198	0
199	0
200	0
201	1
202	0
203	0
204	0
205	0
206	0
207	1
208	0
209	0
210	0
211	1
212	0
213	0
214	0
215	0
216	0
217	0
218	0
219	0
220	0
221	1
222	0
223	0
224	0
225	0
226	0
227	0
228	0
229	1
230	1
231	0
232	0
233	0
234	0
235	0
236	0
237	0
238	0
239	0
240	0
241	0
242	0
243	0
244	0
245	0
246	0
247	0
248	0
249	0
250	0
251	0
252	0
253	0
254	0
255	0
256	0
257	0
258	0
259	0
260	0
261	0
262	0
263	0
264	0
265	0
266	0
267	0
268	0
269	0
270	0
271	0
272	0
273	0
274	0
275	1
276	0
277	0
278	0
279	0
280	0
281	1
282	0
283	0
284	0
285	0
286	1
287	0
288	0
289	1
290	0
291	1
292	0
293	0
294	0
295	0
296	0
297	0
298	0
299	0
300	0
301	1
302	0
303	0
304	0
305	0
306	0
307	1
308	1
309	0
310	0
311	1
312	0
313	0
314	0
315	1
316	0
317	0
318	0
319	1
320	0
321	0
322	0
323	0
324	0
325	0
326	0
327	0
328	0
329	0
330	0
331	0
332	0
333	0
334	0
335	0
336	0
337	0
338	0
339	0
340	0
341	0
342	0
343	0
344	0
345	0
346	0
347	0
348	0
349	0
350	0
351	0
352	0
353	0
354	0
355	0
356	0
357	0
358	0
359	0
360	0
361	0
362	0
363	0
364	0
365	1
366	0
367	0
368	0
369	1
370	1
371	0
372	0
373	0
374	0
375	0
376	0
377	0
378	0
379	0
380	0
381	0
382	0
383	0
384	0
385	0
386	1
387	0
388	0
389	0
390	0
391	0
392	0
393	0
394	0
395	0
396	1
397	0
398	0
399	0
400	0
401	0
402	0
403	0
404	0
405	0
406	0
407	0
408	0
409	0
410	0
411	0
412	0
413	0
414	0
415	0
416	0
417	0
418	0
419	1
420	0
421	0
422	0
423	0
424	0
425	0
426	0
427	2
428	1
429	3
430	4
431	5
432	7
433	9
434	10
435	12
436	14
437	17
438	18
439	22
440	23
441	26
442	29
443	32
444	34
445	37
446	39
447	43
448	45
449	48
450	50
451	54
452	56
453	58
454	60
455	62
456	64
457	68
458	68
459	71
460	73
461	75
462	74
463	78
464	78
465	79
466	80
467	80
468	80
469	81
470	82
471	83
472	83
473	83
474	82
475	84
476	82
477	83
478	80
479	83
480	80
481	81
482	78
483	81
484	79
485	80
486	78
487	80
488	78
489	78
490	75
491	76
492	74
493	73
494	72
495	73
496	73
497	75
498	75
499	78
500	62
501	70
502	66
503	67
504	66
505	67
506	66
507	66
508	63
509	63
510	59
511	58
512	59
513	58
514	57
515	57
516	55
517	55
518	50
519	50
520	47
521	48
522	46
523	46
524	45
525	46
526	43
527	44
528	41
529	40
530	37
531	37
532	34
533	34
534	32
535	32
536	31
537	31
538	29
539	29
540	28
541	28
542	27
543	26
544	25
545	25
546	23
547	23
548	23
549	22
550	20
551	21
552	20
553	18
554	15
555	16
556	14
557	15
558	13
559	14
560	13
561	13
562	11
563	11
564	11
565	11
566	11
567	11
568	10
569	10
570	8
571	10
572	10
573	10
574	9
575	9
576	9
577	10
578	7
579	8
580	8
581	7
582	6
583	7
584	5
585	6
586	5
587	5
588	5
589	5
590	5
591	4
592	4
593	4
594	3
595	4
596	3
597	3
598	2
599	3
600	1
601	4
602	1
603	1
604	1
605	2
606	0
607	1
608	0
609	1
610	0
611	0
612	0
613	2
614	0
615	1
616	0
617	0
618	0
619	0
620	0
621	0
622	0
623	0
624	0
625	0
626	0
627	0
628	-1
629	-1
630	-1
631	-1
632	0
633	0
634	-2
635	0
636	-2
637	0
638	-3
639	0
640	-1
641	0
642	-1
643	0
644	0
645	0
646	-1
647	0
648	-1
649	0
650	-1
651	0
652	-1
653	-1
654	-1
655	-1
656	-1
657	-1
658	-1
659	-1
660	-1
661	0
662	-1
663	-1
664	-2
665	0
666	-1
667	-1
668	-1
669	-2
670	-2
671	-1
672	-3
673	0
674	-2
675	0
676	-1
677	-1
678	-1
679	0
680	-1
681	-1
682	-1
683	-1
684	-1
685	0
686	-1
687	0
688	-1
689	-1
690	-1
691	-1
692	-1
693	-2
694	-1
695	-1
696	-1
697	-2
698	-1
699	-2
700	-3
701	-2
702	-3
703	-3
704	-2
705	-1
706	-3
707	-3
708	-3
709	-3
710	-3
711	-3
712	-3
713	-3
714	-2
715	-1
716	-2
717	-2
718	-2
719	-1
720	-2
721	-2
722	-2
723	-2
724	-2
725	-2
726	-2
727	-2
728	-2
729	-1
730	-1
731	-3
732	-2
733	-2
734	-4
735	-2
736	-3
737	-1
738	-4
739	-2
740	-3
741	-2
742	-4
743	-1
744	-4
745	-1
746	-4
747	-2
748	-2
749	-3
750	-4
751	-1
752	-4
753	-1
754	-2
755	-2
756	-4
757	-3
758	-4
759	-2
760	-4
761	-3
762	-5
763	-2
764	-2
765	-3
766	-3
767	-2
768	-3
769	-3
770	-4
771	-4
772	-3
773	-3
774	-3
775	-3
776	-3
777	-2
778	-4
779	-1
780	-6
781	-1
782	-3
783	-2
784	-2
785	-2
786	-2
787	-1
788	-2
789	-1
790	-1
791	-1
792	-3
793	-1
794	-2
795	-2
796	-2
797	-1
798	-3
799	-1
800	-2
801	-2
802	-3
803	-2
804	-2
805	-1
806	-3
807	-2
808	-2
809	-1
810	-3
811	-2
812	-2
813	-2
814	-4
815	-2
816	-3
817	-3
818	-3
819	-2
820	-3
821	-2
822	-4
823	-1
824	-4
825	-2
826	-4
827	-1
828	-4
829	-2
830	-3
831	-3
832	-5
833	-3
834	-5
835	-4
836	-5
837	-4
838	-4
839	-4
840	-4
841	-3
842	-4
843	-3
844	-4
845	-2
846	-4
847	-4
848	-4
849	-3
850	-5
851	-2
852	-3
853	-3
854	-4
855	-4
856	-4
857	-3
858	-3
859	-2
860	-4
861	-3
862	-5
863	-3
864	-4
865	-3
866	-4
867	-4
868	-4
869	-3
870	-5
871	-1
872	-4
873	-3
874	-2
875	-2
876	-4
877	-3
878	-2
879	-3
880	-3
881	-2
882	-2
883	-2
884	-2
885	-1
886	-2
887	-2
888	-2
889	-1
890	-2
891	-2
892	-1
893	-1
894	-2
895	-2
896	-4
897	-1
898	-4
899	-2
900	-4
901	-1
902	-3
903	-2
904	-4
905	-1
906	-3
907	-2
908	-3
909	-1
910	-4
911	-2
912	-4
913	-3
914	-4
915	-3
916	-3
917	-2
918	-3
919	-2
920	-3
921	-1
922	-2
923	-2
924	-3
925	-3
926	-2
927	-2
928	-2
929	-1
930	-4
931	-2
932	-3
933	-1
934	-4
935	-2
936	-3
937	-2
938	-4
939	-3
940	-4
941	-4
942	-3
943	-4
944	-3
945	-4
946	-3
947	-4
948	-5
949	-4
950	-4
951	-2
952	-4
953	-2
954	-4
955	-3
956	-2
957	-4
958	-3
959	-3
960	-3
961	-1
962	-3
963	-2
964	-2
965	-2
966	-4
967	-2
968	-3
969	-2
970	-5
971	-1
972	-4
973	-3
974	-4
975	-3
976	-4
977	-2
978	-3
979	-3
980	-4
981	-3
982	-2
983	-4
984	-2
985	-4
986	-2
987	-3
988	-3
989	-2
990	-4
991	-3
992	-3
993	-3
994	-4
995	-3
996	-3
997	-2
998	-2
999	-2
1000	-3
1001	-2
1002	-3
1003	-2
1004	-3
1005	-2
1006	-2
1007	-3
1008	-2
1009	-2
1010	-2
1011	-1
1012	-3
1013	-1
1014	-4
1015	-1
1016	-3
1017	0
1018	-3
1019	-1
1020	-3
1021	-2
1022	-2
1023	-1
1024	-2
1025	-1
1026	-4
1027	-1
1028	-2
1029	-1
1030	-2
1031	-2
1032	-2
1033	-3
1034	-3
1035	-2
1036	-5
1037	-3
1038	-4
1039	-2
1040	-3
1041	-2
1042	-4
1043	-2
1044	-3
1045	-3
1046	-3
1047	-2
1048	-4
1049	-2
1050	-4
1051	-3
1052	-4
1053	-3
1054	-4
1055	-1
1056	-4
1057	-1
1058	-4
1059	-1
1060	-3
1061	-2
1062	-2
1063	-2
1064	-3
1065	-2
1066	-2
1067	-1
1068	-1
1069	-2
1070	-2
1071	-1
1072	-3
1073	-2
1074	-3
1075	-2
1076	-2
1077	-1
1078	-1
1079	-2
1080	-2
1081	-2
1082	-4
1083	-2
1084	-3
1085	-2
1086	-4
1087	-2
1088	-3
1089	-2
1090	-2
1091	-3
1092	-2
1093	-2
1094	-3
1095	-2
1096	-2
1097	-1
1098	-3
1099	-1
1100	-3
1101	-1
1102	-3
1103	-3
1104	-2
1105	-1
1106	-2
1107	-2
1108	-2
1109	-1
1110	-2
1111	-2
1112	-2
1113	-1
1114	-3
1115	-1
1116	-3
1117	-2
1118	-3
1119	-1
1120	-1
1121	-1
1122	-3
1123	-1
1124	-2
1125	-1
1126	-2
1127	-1
1128	-3
1129	-1
1130	-3
1131	-1
1132	-4
1133	-1
1134	-3
1135	-1
1136	-2
1137	-1
1138	0
1139	-1
1140	-1
1141	0
1142	0
1143	0
1144	0
1145	0
1146	0
1147	0
1148	0
1149	0
1150	0
1151	0
1152	0
1153	0
1154	0
1155	0
1156	0
1157	0
1158	0
1159	0
1160	0
1161	0
1162	0
1163	1
1164	0
1165	0
1166	0
1167	0
1168	-1
1169	0
1170	0
1171	0
1172	0
1173	0
1174	0
1175	0
1176	-1
1177	0
1178	-1
1179	-1
1180	0
1181	0
1182	0
1183	0
1184	0
1185	0
1186	0
1187	0
1188	0
1189	0
1190	-1
1191	0
1192	-2
1193	0
1194	0
1195	0
1196	0
1197	0
1198	0
1199	0
1200	-1
1201	0
1202	0
1203	0
1204	0
1205	0
1206	-1
1207	0
1208	-1
1209	0
1210	-2
1211	0
1212	0
1213	0
1214	0
1215	0
1216	0
1217	0
1218	0
1219	-1
1220	-1
1221	0
1222	-1
1223	0
1224	-2
1225	0
1226	-2
1227	0
1228	-1
1229	-1
1230	-2
1231	-1
1232	-2
1233	-1
1234	-1
1235	-1
1236	-1
1237	-2
1238	-1
1239	-1
1240	-2
1241	0
1242	-1
1243	-1
1244	-2
1245	0
1246	-1
1247	0
1248	-2
1249	-2
1250	0
1251	-2
1252	-2
1253	-1
1254	-2
1255	-2
1256	-2
1257	-1
1258	-3
1259	0
1260	-2
1261	0
1262	-1
1263	0
1264	-1
1265	-2
1266	-1
1267	-1
1268	-1
1269	0
1270	0
1271	0
1272	-1
1273	0
1274	0
1275	0
1276	-1
1277	0
1278	0
1279	0
1280	-1
1281	-1
1282	-1
1283	-1
1284	-1
1285	-1
1286	-1
1287	-1
1288	-1
1289	-1
1290	-1
1291	0
1292	-1
1293	-1
1294	0
1295	0
1296	-1
1297	0
1298	0
1299	0
1300	-1
1301	0
1302	-1
1303	-1
1304	0
1305	-1
1306	-1
1307	-1
1308	0
1309	-1
1310	-1
1311	-1
1312	-1
1313	0
1314	-2
1315	-1
1316	-2
1317	0
1318	-1
1319	-1
1320	-1
1321	-1
1322	-2
1323	0
1324	-2
1325	-1
1326	-2
1327	0
1328	-2
1329	-1
1330	-2
1331	-1
1332	-2
1333	-1
1334	-1
1335	-1
1336	-2
1337	-1
1338	-1
1339	0
1340	-1
1341	-1
1342	-2
1343	-1
1344	-1
1345	0
1346	0
1347	-1
1348	-1
1349	-1
1350	-1
1351	0
1352	-1
1353	0
1354	-2
1355	-1
1356	-1
1357	0
1358	0
1359	0
1360	0
1361	0
1362	-1
1363	0
1364	0
1365	0
1366	0
1367	0
1368	0
1369	0
1370	-1
1371	0
1372	0
1373	0
1374	-1
1375	0
1376	-1
1377	0
1378	-1
1379	-1
1380	0
1381	-1
1382	0
1383	0
1384	0
1385	0
1386	0
1387	0
1388	0
1389	0
1390	0
1391	0
1392	0
1393	0
1394	0
1395	0
1396	0
1397	0
1398	0
1399	0
1400	0
1401	0
1402	0
1403	0
1404	0
1405	0
1406	0
1407	1
1408	0
1409	0
1410	1
1411	0
1412	0
1413	1
1414	1
1415	1
1416	1
1417	1
1418	1
1419	1
1420	1
1421	2
1422	2
1423	1
1424	1
1425	1
1426	1
1427	1
1428	1
1429	1
1430	2
1431	1
1432	1
1433	1
1434	0
1435	1
1436	0
1437	0
1438	0
1439	0
1440	0
1441	0
1442	0
1443	0
1444	0
1445	0
1446	0
1447	0
1448	0
1449	0
1450	0
1451	0
1452	0
1453	0
1454	0
1455	0
1456	0
1457	0
1458	0
1459	0
1460	0
1461	0
1462	0
1463	0
1464	0
1465	0
1466	0
1467	0
1468	0
1469	0
1470	0
1471	0
1472	0
1473	0
1474	0
1475	0
1476	0
1477	0
1478	0
1479	0
1480	0
1481	0
1482	0
1483	0
1484	0
1485	0
1486	0
1487	0
1488	0
1489	0
1490	0
1491	0
1492	0
1493	0
1494	0
1495	0
1496	0
1497	0
1498	0
1499	0
1500	0
1501	0
1502	-1
1503	-1
1504	-1
1505	0
1506	-1
1507	-1
1508	-1
1509	0
1510	0
1511	0
1512	0
1513	0
1514	-1
1515	0
1516	-1
1517	-1
1518	0
1519	-1
1520	-1
1521	-1
1522	-1
1523	0
1524	-1
1525	-1
1526	-1
1527	-1
1528	-2
1529	0
1530	-1
1531	0
1532	-2
1533	0
1534	-1
1535	-1
1536	-1
1537	-1
1538	-1
1539	-1
1540	-1
1541	-1
1542	-2
1543	-1
1544	-2
1545	-1
1546	-1
1547	-1
1548	-1
1549	-1
1550	-1
1551	0
1552	-1
1553	0
1554	0
1555	0
1556	0
1557	0
1558	0
1559	0
1560	0
1561	0
1562	0
1563	0
1564	0
1565	0
1566	0
1567	0
1568	-1
1569	0
1570	-1
1571	0
1572	0
1573	0
1574	0
1575	0
1576	0
1577	-1
1578	0
1579	-1
1580	0
1581	-1
1582	-1
1583	0
1584	-1
1585	-1
1586	-1
1587	-1
1588	0
1589	0
1590	-1
1591	0
1592	-1
1593	-1
1594	0
1595	-1
1596	0
1597	0
1598	0
1599	0
1600	0
1601	0
1602	0
1603	0
1604	0
1605	0
1606	0
1607	0
1608	0
1609	0
1610	0
1611	0
1612	0
1613	0
1614	0
1615	0
1616	0
1617	0
1618	-1
1619	0
1620	0
1621	-1
1622	-1
1623	0
1624	-1
1625	-1
1626	0
1627	-1
1628	-1
1629	0
1630	-1
1631	-1
1632	-1
1633	-1
1634	0
1635	-1
1636	0
1637	0
1638	0
1639	0
1640	0
1641	0
1642	0
1643	-1
1644	0
1645	0
1646	0
1647	0
1648	0
1649	0
1650	0
1651	0
1652	0
1653	0
1654	0
1655	0
1656	0
1657	0
1658	0
1659	0
1660	0
1661	0
1662	0
1663	0
1664	0
1665	0
1666	0
1667	0
1668	0
1669	-1
1670	0
1671	0
1672	0
1673	0
1674	-1
1675	0
1676	0
1677	0
1678	-1
1679	0
1680	0
1681	0
1682	0
1683	0
1684	0
1685	0
1686	0
1687	0
1688	0
1689	0
1690	0
1691	0
1692	0
1693	-1
1694	0
1695	0
1696	0
1697	0
1698	0
1699	0
1700	-1
1701	0
1702	-1
1703	0
1704	0
1705	0
1706	0
1707	0
1708	0
1709	0
1710	0
1711	0
1712	-1
1713	0
1714	0
1715	0
1716	0
1717	0
1718	0
1719	0
1720	-1
1721	0
1722	-1
1723	0
1724	-1
1725	-1
1726	0
1727	0
1728	0
1729	0
1730	0
1731	0
1732	0
1733	-1
1734	-1
1735	0
1736	0
1737	0
1738	0
1739	0
1740	-1
1741	-1
1742	0
1743	-1
1744	0
1745	0
1746	-1
1747	0
1748	0
1749	0
1750	0
1751	0
1752	0
1753	0
1754	0
1755	0
1756	0
1757	0
1758	-1
1759	0
1760	0
1761	0
1762	0
1763	0
1764	-1
1765	0
1766	0
1767	0
1768	-1
1769	0
1770	0
1771	0
1772	0
1773	0
1774	0
1775	0
1776	0
1777	0
1778	-1
1779	0
1780	-1
1781	0
1782	-1
1783	0
1784	-1
1785	0
1786	0
1787	0
1788	-1
1789	0
1790	-1
1791	0
1792	0
1793	0
1794	0
1795	0
1796	-1
1797	0
1798	0
1799	0
1800	0
1801	0
1802	0
1803	0
1804	0
1805	0
1806	0
1807	0
1808	0
1809	0
1810	0
1811	1
1812	0
1813	0
1814	0
1815	0
1816	0
1817	0
1818	0
1819	0
1820	0
1821	0
1822	0
1823	0
1824	0
1825	0
1826	0
1827	0
1828	0
1829	0
1830	0
1831	0
1832	0
1833	0
1834	0
1835	0
1836	0
1837	0
1838	0
1839	0
1840	0
1841	1
1842	0
1843	1
1844	0
1845	1
1846	1
1847	1
1848	1
1849	1
1850	1
1851	1
1852	0
1853	2
1854	0
1855	2
1856	1
1857	2
1858	1
1859	1
1860	1
1861	1
1862	1
1863	1
1864	1
1865	1
1866	1
1867	1
1868	0
1869	1
1870	0
1871	0
1872	0
1873	0
1874	0
1875	0
1876	0
1877	0
1878	0
1879	0
1880	0
1881	0
1882	1
1883	0
1884	0
1885	0
1886	0
1887	0
1888	0
1889	0
1890	0
1891	0
1892	0
1893	0
1894	0
1895	0
1896	0
1897	0
1898	0
1899	0
1900	0
1901	0
1902	0
1903	0
1904	0
1905	0
1906	0
1907	0
1908	0
1909	0
1910	0
1911	0
1912	0
1913	0
1914	0
1915	0
1916	0
1917	0
1918	-1
1919	0
1920	-1
1921	0
1922	0
1923	0
1924	0
1925	0
1926	0
1927	-1
1928	0
1929	0
1930	0
1931	0
1932	0
1933	0
1934	0
1935	0
1936	0
1937	0
1938	0
1939	0
1940	0
1941	0
1942	0
1943	0
1944	0
1945	0
1946	0
1947	0
1948	0
1949	0
1950	0
1951	0
1952	0
1953	0
1954	0
1955	0
1956	0
1957	0
1958	0
1959	0
1960	0
1961	0
1962	0
1963	0
1964	0
1965	0
1966	0
1967	-1
1968	0
1969	0
1970	0
1971	0
1972	0
1973	0
1974	0
1975	0
1976	0
1977	0
1978	0
1979	0
1980	-1
1981	0
1982	0
1983	0
1984	0
1985	0
1986	0
1987	0
1988	0
1989	0
1990	0
1991	0
1992	0
1993	0
1994	0
1995	0
1996	0
1997	0
1998	0
1999	0
