0	0
1	0
2	0
3	0
4	0
5	0
6	0
7	0
8	0
9	0
10	0
11	0
12	0
13	1
14	0
15	0
16	0
17	0
18	0
19	0
20	0
21	0
22	0
23	0
24	0
25	0
26	0
27	0
28	0
29	1
30	0
31	0
32	0
33	0
34	0
35	0
36	0
37	0
38	0
39	0
40	0
41	0
42	0
43	0
44	0
45	1
46	0
47	0
48	0
49	0
50	0
51	0
52	0
53	0
54	0
55	0
56	0
57	0
58	0
59	0
60	0
61	0
62	0
63	0
64	0
65	0
66	0
67	0
68	0
69	0
70	0
71	0
72	0
73	0
74	0
75	0
76	0
77	0
78	0
79	0
80	0
81	0
82	-1
83	0
84	0
85	0
86	0
87	0
88	0
89	0
90	0
91	0
92	0
93	0
94	0
95	0
96	0
97	0
98	0
99	0
100	0
101	0
102	0
103	0
104	0
105	0
106	0
107	0
108	0
109	0
110	0
111	0
112	0
113	0
114	0
115	0
116	0
117	0
118	0
119	0
120	0
121	0
122	0
123	0
124	0
125	0
126	0
127	0
128	0
129	1
130	0
131	0
132	0
133	1
134	0
135	0
136	0
137	0
138	0
139	0
140	0
141	0
142	0
143	0
144	1
145	1
146	0
147	0
148	0
149	1
150	0
151	1
152	0
153	1
154	0
155	1
156	0
157	1
158	0
159	1
160	0
161	1
162	0
163	0
164	0
165	0
166	0
167	0
168	0
169	0
170	0
171	0
172	0
173	0
174	0
175	0
176	0
177	0
178	0
179	0
180	0
181	0
182	0
183	0
184	0
185	0
186	0
187	0
188	0
189	0
190	0
191	0
192	0
193	0
194	0
195	0
196	0
197	0
198	0
199	0
200	0
201	0
202	0
203	0
204	-1
205	0
206	0
207	0
208	0
209	0
210	0
211	0
212	0
213	0
214	0
215	0
216	0
217	0
218	0
219	0
220	0
221	0
222	1
223	0
224	0
225	0
226	0
227	1
228	0
229	1
230	0
231	1
232	0
233	1
234	0
235	0
236	0
237	0
238	1
239	0
240	0
241	0
242	0
243	0
244	0
245	1
246	0
247	0
248	0
249	0
250	0
251	0
252	0
253	0
254	0
255	0
256	0
257	0
258	0
259	0
260	0
261	0
262	0
263	0
264	0
265	0
266	0
267	0
268	0
269	0
270	0
271	0
272	0
273	0
274	1
275	0
276	0
277	0
278	0
279	0
280	0
281	0
282	0
283	0
284	0
285	0
286	0
287	0
288	0
289	0
290	0
291	0
292	0
293	0
294	0
295	0
296	0
297	0
298	0
299	0
300	0
301	0
302	0
303	0
304	0
305	0
306	0
307	0
308	0
309	0
310	0
311	0
312	0
313	0
314	0
315	1
316	0
317	1
318	0
319	0
320	0
321	0
322	0
323	0
324	0
325	1
326	0
327	0
328	0
329	0
330	0
331	0
332	0
333	1
334	0
335	0
336	0
337	0
338	0
339	0
340	0
341	0
342	0
343	0
344	0
345	0
346	0
347	0
348	0
349	0
350	0
351	0
352	0
353	0
354	0
355	0
356	0
357	1
358	0
359	0
360	0
361	0
362	0
363	0
364	0
365	0
366	0
367	0
368	0
369	0
370	0
371	0
372	0
373	0
374	0
375	0
376	0
377	0
378	0
379	0
380	0
381	0
382	0
383	0
384	0
385	0
386	0
387	0
388	0
389	0
390	0
391	0
392	0
393	0
394	0
395	1
396	0
397	0
398	0
399	0
400	0
401	1
402	0
403	0
404	0
405	0
406	0
407	0
408	0
409	0
410	0
411	0
412	0
413	1
414	0
415	0
416	0
417	0
418	0
419	0
420	0
421	0
422	0
423	0
424	0
425	0
426	1
427	1
428	1
429	2
430	1
431	3
432	4
433	6
434	6
435	11
436	11
437	13
438	15
439	18
440	19
441	23
442	25
443	30
444	31
445	34
446	36
447	40
448	41
449	45
450	48
451	50
452	54
453	56
454	58
455	61
456	63
457	66
458	68
459	69
460	71
461	74
462	75
463	76
464	76
465	81
466	81
467	81
468	83
469	84
470	84
471	85
472	85
473	87
474	85
475	86
476	87
477	88
478	85
479	87
480	84
481	85
482	84
483	84
484	83
485	83
486	82
487	83
488	82
489	82
490	81
491	79
492	75
493	78
494	74
495	75
496	74
497	75
498	75
499	78
500	62
501	71
502	67
503	67
504	65
505	65
506	63
507	65
508	61
509	62
510	58
511	58
512	55
513	55
514	54
515	54
516	52
517	52
518	48
519	48
520	46
521	46
522	43
523	43
524	42
525	43
526	40
527	41
528	39
529	39
530	37
531	37
532	34
533	34
534	30
535	29
536	28
537	27
538	27
539	27
540	26
541	26
542	25
543	25
544	24
545	23
546	22
547	22
548	21
549	21
550	18
551	16
552	15
553	16
554	12
555	14
556	10
557	10
558	8
559	9
560	8
561	9
562	8
563	7
564	6
565	6
566	6
567	7
568	5
569	6
570	4
571	5
572	4
573	4
574	3
575	4
576	3
577	3
578	3
579	2
580	2
581	2
582	2
583	1
584	1
585	1
586	0
587	1
588	1
589	1
590	0
591	0
592	0
593	0
594	0
595	0
596	-1
597	0
598	0
599	0
600	-1
601	-2
602	-2
603	-2
604	0
605	-1
606	0
607	0
608	-1
609	-1
610	-1
611	0
612	-2
613	0
614	-3
615	0
616	-1
617	-1
618	-1
619	-1
620	-3
621	-1
622	-1
623	0
624	-1
625	-1
626	-2
627	-1
628	-3
629	-2
630	-4
631	-2
632	-2
633	-2
634	-2
635	-2
636	-3
637	-2
638	-3
639	-2
640	-3
641	-2
642	-2
643	-2
644	-3
645	-2
646	-4
647	-2
648	-3
649	-2
650	-3
651	-1
652	-2
653	-2
654	-1
655	-1
656	-1
657	0
658	-2
659	0
660	-2
661	-2
662	-3
663	-2
664	-1
665	-2
666	-1
667	-1
668	0
669	-1
670	-1
671	0
672	-2
673	0
674	0
675	-1
676	0
677	0
678	0
679	0
680	-1
681	0
682	-1
683	0
684	-1
685	-1
686	-1
687	0
688	-1
689	0
690	-2
691	0
692	-2
693	-1
694	-1
695	-1
696	-1
697	-2
698	-2
699	-1
700	-1
701	-2
702	-2
703	-2
704	-2
705	-2
706	-4
707	-2
708	-3
709	-2
710	-1
711	-3
712	-3
713	-1
714	-2
715	-1
716	-3
717	-1
718	-3
719	-1
720	-2
721	-1
722	-2
723	-2
724	-2
725	-2
726	-3
727	-3
728	-4
729	-2
730	-3
731	-2
732	-3
733	-2
734	-2
735	-3
736	-2
737	-3
738	-3
739	-1
740	-3
741	-1
742	-2
743	-1
744	-3
745	-3
746	-3
747	-3
748	-2
749	-2
750	-2
751	-2
752	-4
753	-2
754	-4
755	-3
756	-3
757	-3
758	-3
759	-1
760	-4
761	-2
762	-4
763	-2
764	-2
765	-2
766	-2
767	-2
768	-2
769	0
770	-2
771	-1
772	-3
773	-1
774	-2
775	-1
776	-2
777	-2
778	-2
779	-1
780	-1
781	-2
782	-2
783	-2
784	-3
785	-2
786	-2
787	-2
788	-2
789	-1
790	-3
791	-2
792	-2
793	-2
794	-4
795	-2
796	-4
797	-2
798	-3
799	-2
800	-2
801	-2
802	-2
803	-1
804	-2
805	-2
806	-3
807	-2
808	-1
809	-2
810	-1
811	-2
812	-3
813	-3
814	-3
815	-2
816	-1
817	-2
818	-1
819	-1
820	-2
821	-2
822	-4
823	-2
824	-2
825	-2
826	-3
827	-2
828	-5
829	-1
830	-3
831	-3
832	-4
833	-3
834	-2
835	-3
836	-2
837	-2
838	-3
839	-2
840	-2
841	-2
842	-4
843	-2
844	-3
845	-3
846	-3
847	-1
848	-4
849	-4
850	-4
851	-3
852	-4
853	-2
854	-5
855	-2
856	-5
857	-2
858	-4
859	-2
860	-4
861	-2
862	-4
863	-2
864	-4
865	-1
866	-4
867	-2
868	-3
869	-4
870	-5
871	-1
872	-4
873	-3
874	-4
875	-2
876	-4
877	-2
878	-4
879	-2
880	-5
881	-3
882	-3
883	-3
884	-4
885	-3
886	-3
887	-2
888	-4
889	-3
890	-2
891	-2
892	-1
893	-1
894	-1
895	-2
896	-3
897	-3
898	-3
899	-2
900	-4
901	-2
902	-2
903	0
904	-3
905	-1
906	-2
907	-1
908	-3
909	-2
910	-3
911	-2
912	-2
913	-1
914	-3
915	-2
916	-3
917	-2
918	-3
919	-1
920	-2
921	-2
922	-4
923	-1
924	-3
925	-2
926	-3
927	-2
928	-3
929	-1
930	-4
931	-1
932	-2
933	-1
934	-3
935	-2
936	-3
937	-2
938	-3
939	-3
940	-2
941	-1
942	-2
943	-3
944	-4
945	-2
946	-4
947	-4
948	-4
949	-3
950	-3
951	-3
952	-5
953	-3
954	-5
955	-2
956	-5
957	-3
958	-4
959	-3
960	-2
961	-4
962	-4
963	-3
964	-2
965	-1
966	-3
967	-2
968	-3
969	-3
970	-3
971	-2
972	-1
973	-2
974	-2
975	-1
976	-2
977	-1
978	-2
979	-1
980	-3
981	-1
982	-3
983	-2
984	-2
985	-1
986	-3
987	0
988	-2
989	0
990	0
991	0
992	0
993	0
994	0
995	0
996	0
997	-1
998	0
999	0
1000	0
1001	0
1002	0
1003	0
1004	0
1005	0
1006	0
1007	0
1008	-1
1009	0
1010	-1
1011	0
1012	-1
1013	-1
1014	-1
1015	0
1016	-1
1017	0
1018	-2
1019	0
1020	-1
1021	0
1022	-1
1023	0
1024	0
1025	0
1026	0
1027	0
1028	0
1029	0
1030	0
1031	-1
1032	0
1033	-1
1034	0
1035	-2
1036	-1
1037	-1
1038	-1
1039	-1
1040	-1
1041	0
1042	-1
1043	0
1044	0
1045	-1
1046	-2
1047	-1
1048	-2
1049	0
1050	-1
1051	-1
1052	-2
1053	0
1054	-1
1055	0
1056	-1
1057	0
1058	-1
1059	0
1060	-2
1061	0
1062	-2
1063	-1
1064	-2
1065	-2
1066	-2
1067	-1
1068	-2
1069	0
1070	-2
1071	-1
1072	-3
1073	-2
1074	-2
1075	-2
1076	-3
1077	-2
1078	-2
1079	-2
1080	-4
1081	-2
1082	-4
1083	-2
1084	-4
1085	-2
1086	-3
1087	-2
1088	-3
1089	-1
1090	-1
1091	0
1092	-1
1093	-1
1094	-2
1095	-2
1096	-2
1097	-1
1098	-1
1099	-2
1100	-2
1101	-2
1102	-2
1103	-1
1104	-2
1105	-2
1106	-2
1107	-1
1108	-3
1109	-2
1110	0
1111	-1
1112	-1
1113	0
1114	-1
1115	-1
1116	-2
1117	0
1118	-1
1119	0
1120	0
1121	0
1122	-1
1123	-1
1124	0
1125	0
1126	0
1127	0
1128	0
1129	-1
1130	-1
1131	0
1132	-1
1133	-1
1134	-1
1135	-1
1136	-1
1137	-1
1138	-1
1139	0
1140	-1
1141	-2
1142	-3
1143	-3
1144	-3
1145	-2
1146	-2
1147	-2
1148	-3
1149	-2
1150	-2
1151	-1
1152	-3
1153	-2
1154	-3
1155	-3
1156	-2
1157	-2
1158	-2
1159	-1
1160	-1
1161	-1
1162	-1
1163	-1
1164	0
1165	0
1166	-2
1167	0
1168	-2
1169	0
1170	-2
1171	-1
1172	-3
1173	-1
1174	-3
1175	-1
1176	-2
1177	-1
1178	-2
1179	-2
1180	-3
1181	-1
1182	-2
1183	-1
1184	-1
1185	-2
1186	-1
1187	-2
1188	-2
1189	-1
1190	-2
1191	0
1192	-1
1193	-1
1194	-2
1195	-1
1196	-2
1197	0
1198	0
1199	0
1200	-1
1201	-1
1202	-1
1203	0
1204	-1
1205	-1
1206	0
1207	0
1208	0
1209	0
1210	-1
1211	0
1212	-1
1213	-1
1214	-1
1215	0
1216	0
1217	0
1218	0
1219	0
1220	0
1221	0
1222	0
1223	-1
1224	-1
1225	0
1226	0
1227	0
1228	-1
1229	0
1230	-1
1231	0
1232	-1
1233	0
1234	0
1235	0
1236	0
1237	0
1238	0
1239	1
1240	0
1241	0
1242	0
1243	1
1244	0
1245	0
1246	1
1247	1
1248	0
1249	1
1250	0
1251	1
1252	0
1253	0
1254	0
1255	0
1256	0
1257	1
1258	0
1259	0
1260	0
1261	1
1262	0
1263	0
1264	0
1265	1
1266	1
1267	1
1268	1
1269	1
1270	0
1271	1
1272	0
1273	0
1274	0
1275	0
1276	0
1277	0
1278	0
1279	1
1280	0
1281	0
1282	0
1283	0
1284	0
1285	0
1286	0
1287	0
1288	0
1289	0
1290	0
1291	0
1292	-1
1293	0
1294	0
1295	0
1296	0
1297	0
1298	0
1299	0
1300	0
1301	0
1302	0
1303	0
1304	0
1305	0
1306	0
1307	0
1308	0
1309	0
1310	-1
1311	0
1312	0
1313	0
1314	0
1315	0
1316	-1
1317	0
1318	-1
1319	0
1320	-1
1321	0
1322	0
1323	0
1324	0
1325	0
1326	0
1327	0
1328	0
1329	0
1330	0
1331	0
1332	-1
1333	-1
1334	0
1335	-1
1336	0
1337	-1
1338	-1
1339	-1
1340	0
1341	0
1342	-1
1343	0
1344	0
1345	-1
1346	0
1347	0
1348	-1
1349	-1
1350	-1
1351	0
1352	0
1353	0
1354	-1
1355	-1
1356	-1
1357	-1
1358	-2
1359	0
1360	-2
1361	-1
1362	-1
1363	-2
1364	-2
1365	-1
1366	-3
1367	-1
1368	-2
1369	0
1370	-1
1371	0
1372	-2
1373	0
1374	-1
1375	-1
1376	-1
1377	0
1378	0
1379	0
1380	0
1381	0
1382	0
1383	0
1384	0
1385	-1
1386	0
1387	0
1388	0
1389	0
1390	0
1391	0
1392	0
1393	-1
1394	0
1395	0
1396	-1
1397	-1
1398	-1
1399	-1
1400	-1
1401	-2
1402	-2
1403	-1
1404	-2
1405	-1
1406	-2
1407	-1
1408	-1
1409	-2
1410	-1
1411	-1
1412	-1
1413	-1
1414	-1
1415	-1
1416	-2
1417	-1
1418	-1
1419	0
1420	-1
1421	0
1422	-2
1423	-1
1424	0
1425	-1
1426	-1
1427	-1
1428	-1
1429	-1
1430	-1
1431	0
1432	-1
1433	-1
1434	-2
1435	-1
1436	-1
1437	0
1438	0
1439	0
1440	-1
1441	0
1442	-1
1443	0
1444	-1
1445	0
1446	0
1447	0
1448	-1
1449	0
1450	0
1451	0
1452	-1
1453	0
1454	-1
1455	0
1456	0
1457	0
1458	-1
1459	-1
1460	-1
1461	0
1462	-1
1463	0
1464	0
1465	0
1466	-1
1467	0
1468	0
1469	0
1470	0
1471	0
1472	0
1473	0
1474	0
1475	0
1476	0
1477	0
1478	0
1479	0
1480	0
1481	0
1482	0
1483	0
1484	0
1485	0
1486	0
1487	0
1488	0
1489	0
1490	0
1491	1
1492	0
1493	0
1494	0
1495	0
1496	0
1497	0
1498	-1
1499	0
1500	-1
1501	0
1502	0
1503	0
1504	0
1505	0
1506	0
1507	0
1508	-2
1509	0
1510	0
1511	0
1512	0
1513	0
1514	0
1515	1
1516	0
1517	1
1518	0
1519	0
1520	0
1521	0
1522	0
1523	0
1524	0
1525	1
1526	0
1527	0
1528	0
1529	0
1530	0
1531	0
1532	0
1533	0
1534	0
1535	0
1536	0
1537	0
1538	-1
1539	0
1540	0
1541	0
1542	0
1543	0
1544	0
1545	0
1546	0
1547	0
1548	0
1549	0
1550	0
1551	0
1552	0
1553	0
1554	0
1555	0
1556	0
1557	0
1558	0
1559	0
1560	0
1561	0
1562	0
1563	0
1564	0
1565	0
1566	0
1567	0
1568	0
1569	0
1570	0
1571	0
1572	-1
1573	0
1574	-1
1575	0
1576	0
1577	-1
1578	0
1579	-1
1580	-1
1581	-1
1582	-1
1583	0
1584	-1
1585	0
1586	-1
1587	-1
1588	-1
1589	-1
1590	0
1591	-2
1592	-1
1593	-1
1594	-1
1595	-1
1596	0
1597	0
1598	0
1599	0
1600	0
1601	0
1602	0
1603	0
1604	0
1605	0
1606	0
1607	0
1608	0
1609	0
1610	0
1611	0
1612	0
1613	0
1614	0
1615	0
1616	0
1617	0
1618	0
1619	0
1620	0
1621	0
1622	-1
1623	0
1624	0
1625	0
1626	0
1627	0
1628	-1
1629	0
1630	0
1631	0
1632	0
1633	0
1634	0
1635	0
1636	-1
1637	0
1638	-1
1639	-1
1640	-1
1641	0
1642	0
1643	-1
1644	-2
1645	-1
1646	-1
1647	0
1648	-2
1649	0
1650	-1
1651	0
1652	-1
1653	-1
1654	-2
1655	-1
1656	-1
1657	0
1658	0
1659	0
1660	0
1661	0
1662	-1
1663	0
1664	0
1665	0
1666	0
1667	0
1668	0
1669	0
1670	0
1671	0
1672	0
1673	0
1674	-1
1675	0
1676	0
1677	0
1678	0
1679	0
1680	-1
1681	0
1682	-1
1683	0
1684	0
1685	0
1686	-1
1687	0
1688	0
1689	-1
1690	0
1691	0
1692	0
1693	0
1694	0
1695	0
1696	-1
1697	0
1698	0
1699	0
1700	-1
1701	0
1702	0
1703	0
1704	0
1705	0
1706	0
1707	0
1708	0
1709	0
1710	0
1711	0
1712	0
1713	0
1714	-1
1715	0
1716	0
1717	0
1718	0
1719	0
1720	0
1721	0
1722	-1
1723	0
1724	-1
1725	0
1726	0
1727	0
1728	0
1729	0
1730	-1
1731	0
1732	0
1733	0
1734	-1
1735	0
1736	0
1737	-1
1738	-1
1739	0
1740	0
1741	-1
1742	-1
1743	0
1744	0
1745	0
1746	-1
1747	0
1748	0
1749	0
1750	-1
1751	0
1752	-2
1753	0
1754	0
1755	0
1756	0
1757	0
1758	0
1759	-1
1760	-1
1761	0
1762	0
1763	0
1764	0
1765	-1
1766	-1
1767	0
1768	-1
1769	-1
1770	-1
1771	0
1772	-1
1773	0
1774	-1
1775	0
1776	0
1777	0
1778	0
1779	0
1780	0
1781	0
1782	0
1783	0
1784	0
1785	0
1786	0
1787	0
1788	0
1789	0
1790	0
1791	0
1792	0
1793	0
1794	0
1795	0
1796	0
1797	0
1798	0
1799	0
1800	0
1801	0
1802	0
1803	0
1804	0
1805	0
1806	0
1807	0
1808	0
1809	0
1810	0
1811	0
1812	0
1813	0
1814	0
1815	0
1816	0
1817	0
1818	0
1819	0
1820	0
1821	0
1822	0
1823	0
1824	0
1825	0
1826	-1
1827	0
1828	0
1829	0
1830	0
1831	0
1832	0
1833	0
1834	0
1835	0
1836	0
1837	0
1838	0
1839	0
1840	0
1841	0
1842	-1
1843	0
1844	0
1845	0
1846	0
1847	0
1848	0
1849	0
1850	0
1851	0
1852	-1
1853	0
1854	-1
1855	0
1856	0
1857	0
1858	0
1859	0
1860	0
1861	0
1862	0
1863	0
1864	0
1865	0
1866	0
1867	0
1868	0
1869	0
1870	0
1871	0
1872	0
1873	0
1874	0
1875	0
1876	0
1877	0
1878	0
1879	0
1880	0
1881	0
1882	0
1883	0
1884	0
1885	0
1886	0
1887	0
1888	0
1889	0
1890	0
1891	0
1892	0
1893	0
1894	0
1895	0
1896	0
1897	0
1898	0
1899	0
1900	0
1901	0
1902	0
1903	0
1904	0
1905	0
1906	0
1907	0
1908	-1
1909	0
1910	0
1911	0
1912	0
1913	0
1914	-1
1915	0
1916	0
1917	0
1918	0
1919	0
1920	0
1921	0
1922	0
1923	0
1924	0
1925	0
1926	0
1927	0
1928	0
1929	0
1930	0
1931	0
1932	0
1933	0
1934	0
1935	0
1936	0
1937	0
1938	0
1939	0
1940	0
1941	0
1942	0
1943	0
1944	0
1945	0
1946	0
1947	0
1948	0
1949	0
1950	0
1951	0
1952	0
1953	0
1954	0
1955	0
1956	0
1957	0
1958	0
1959	0
1960	0
1961	0
1962	0
1963	0
1964	0
1965	0
1966	0
1967	0
1968	0
1969	0
1970	0
1971	0
1972	0
1973	0
1974	0
1975	0
1976	0
1977	0
1978	0
1979	0
1980	0
1981	0
1982	0
1983	0
1984	0
1985	0
1986	0
1987	0
1988	0
1989	0
1990	0
1991	0
1992	0
1993	0
1994	0
1995	0
1996	0
1997	0
1998	0
1999	0
