0	0
1	0
2	0
3	0
4	0
5	0
6	0
7	0
8	0
9	0
10	0
11	0
12	0
13	0
14	0
15	0
16	0
17	0
18	0
19	0
20	0
21	0
22	0
23	1
24	0
25	0
26	0
27	0
28	0
29	0
30	0
31	1
32	0
33	0
34	0
35	0
36	0
37	0
38	0
39	0
40	0
41	0
42	0
43	0
44	0
45	0
46	0
47	0
48	0
49	0
50	0
51	0
52	0
53	0
54	0
55	0
56	0
57	0
58	0
59	0
60	0
61	0
62	0
63	0
64	0
65	0
66	0
67	0
68	1
69	1
70	0
71	1
72	0
73	0
74	0
75	0
76	0
77	0
78	1
79	1
80	1
81	0
82	0
83	0
84	0
85	1
86	0
87	1
88	0
89	0
90	0
91	0
92	0
93	0
94	0
95	1
96	0
97	0
98	0
99	0
100	0
101	0
102	0
103	0
104	0
105	0
106	0
107	1
108	0
109	0
110	1
111	0
112	0
113	0
114	0
115	0
116	0
117	0
118	0
119	0
120	0
121	0
122	0
123	0
124	0
125	0
126	0
127	0
128	0
129	0
130	0
131	0
132	0
133	0
134	0
135	0
136	0
137	0
138	0
139	0
140	0
141	0
142	0
143	0
144	0
145	0
146	0
147	0
148	0
149	1
150	0
151	0
152	1
153	0
154	0
155	1
156	0
157	0
158	0
159	0
160	0
161	0
162	0
163	0
164	0
165	0
166	0
167	1
168	0
169	0
170	1
171	0
172	1
173	0
174	0
175	1
176	0
177	0
178	0
179	0
180	0
181	1
182	0
183	0
184	0
185	0
186	0
187	1
188	0
189	0
190	0
191	0
192	0
193	0
194	0
195	0
196	0
197	0
198	0
199	0
200	0
201	0
202	0
203	0
204	0
205	1
206	0
207	0
208	0
209	0
210	0
211	0
212	0
213	0
214	0
215	1
216	0
217	1
218	0
219	1
220	1
221	0
222	0
223	1
224	0
225	0
226	0
227	1
228	0
229	0
230	0
231	0
232	0
233	0
234	0
235	0
236	0
237	0
238	0
239	1
240	0
241	0
242	0
243	0
244	0
245	0
246	0
247	1
248	0
249	0
250	0
251	0
252	0
253	1
254	1
255	0
256	0
257	1
258	0
259	1
260	0
261	0
262	1
263	0
264	0
265	0
266	0
267	0
268	0
269	0
270	0
271	1
272	0
273	1
274	0
275	0
276	1
277	0
278	0
279	0
280	0
281	0
282	0
283	1
284	0
285	1
286	0
287	1
288	0
289	0
290	1
291	0
292	0
293	1
294	0
295	1
296	0
297	0
298	0
299	0
300	0
301	0
302	0
303	0
304	0
305	0
306	0
307	0
308	0
309	0
310	0
311	0
312	0
313	0
314	0
315	0
316	0
317	0
318	0
319	0
320	0
321	0
322	0
323	0
324	0
325	0
326	0
327	0
328	0
329	0
330	0
331	0
332	0
333	0
334	0
335	0
336	0
337	0
338	0
339	0
340	0
341	0
342	0
343	0
344	0
345	0
346	0
347	0
348	0
349	0
350	0
351	0
352	0
353	0
354	0
355	0
356	0
357	0
358	0
359	1
360	0
361	0
362	0
363	0
364	1
365	1
366	0
367	0
368	0
369	0
370	0
371	0
372	0
373	0
374	0
375	1
376	0
377	0
378	0
379	0
380	0
381	0
382	0
383	0
384	0
385	0
386	0
387	0
388	0
389	0
390	0
391	0
392	0
393	1
394	0
395	0
396	0
397	1
398	0
399	0
400	0
401	0
402	1
403	0
404	1
405	1
406	0
407	1
408	0
409	0
410	0
411	0
412	0
413	0
414	0
415	0
416	1
417	0
418	0
419	0
420	1
421	1
422	1
423	3
424	4
425	5
426	6
427	9
428	11
429	14
430	17
431	18
432	21
433	25
434	27
435	30
436	33
437	37
438	41
439	44
440	46
441	51
442	54
443	58
444	59
445	64
446	68
447	70
448	73
449	76
450	79
451	82
452	83
453	87
454	89
455	93
456	93
457	95
458	96
459	99
460	100
461	100
462	101
463	104
464	103
465	104
466	103
467	107
468	104
469	105
470	105
471	104
472	103
473	104
474	101
475	103
476	100
477	101
478	98
479	101
480	96
481	97
482	96
483	94
484	91
485	92
486	88
487	89
488	87
489	86
490	85
491	85
492	81
493	80
494	77
495	76
496	76
497	77
498	77
499	78
500	62
501	69
502	66
503	65
504	63
505	65
506	63
507	61
508	56
509	57
510	54
511	53
512	51
513	51
514	50
515	48
516	45
517	46
518	41
519	41
520	39
521	39
522	38
523	39
524	34
525	36
526	33
527	33
528	27
529	30
530	25
531	25
532	24
533	25
534	24
535	23
536	22
537	22
538	21
539	20
540	19
541	20
542	16
543	18
544	14
545	15
546	12
547	14
548	11
549	10
550	10
551	11
552	9
553	8
554	8
555	8
556	7
557	6
558	6
559	6
560	5
561	6
562	5
563	6
564	5
565	4
566	4
567	5
568	4
569	4
570	2
571	3
572	3
573	3
574	3
575	3
576	2
577	2
578	2
579	2
580	0
581	2
582	2
583	3
584	2
585	2
586	0
587	1
588	1
589	0
590	0
591	1
592	0
593	1
594	0
595	2
596	-1
597	2
598	0
599	1
600	-1
601	0
602	0
603	0
604	0
605	0
606	-2
607	0
608	-2
609	0
610	-3
611	0
612	-2
613	-1
614	-3
615	-1
616	0
617	-2
618	-1
619	-2
620	-1
621	0
622	-2
623	-1
624	-1
625	0
626	-2
627	-1
628	0
629	0
630	-2
631	0
632	-2
633	0
634	-2
635	0
636	-3
637	-1
638	-1
639	0
640	-3
641	0
642	-4
643	-1
644	-2
645	-2
646	-4
647	-1
648	-2
649	-2
650	-3
651	-3
652	-2
653	-3
654	-5
655	-4
656	-4
657	-2
658	-4
659	-3
660	-4
661	-4
662	-5
663	-3
664	-3
665	-4
666	-6
667	-4
668	-6
669	-4
670	-7
671	-4
672	-6
673	-5
674	-5
675	-5
676	-5
677	-6
678	-7
679	-6
680	-6
681	-5
682	-6
683	-4
684	-6
685	-4
686	-7
687	-4
688	-6
689	-5
690	-5
691	-4
692	-4
693	-4
694	-4
695	-5
696	-4
697	-4
698	-4
699	-4
700	-4
701	-3
702	-5
703	-4
704	-6
705	-4
706	-4
707	-4
708	-5
709	-3
710	-5
711	-3
712	-6
713	-4
714	-6
715	-2
716	-5
717	-2
718	-5
719	-3
720	-5
721	-2
722	-5
723	-3
724	-5
725	-2
726	-5
727	-2
728	-4
729	-3
730	-5
731	-4
732	-5
733	-4
734	-4
735	-4
736	-6
737	-3
738	-5
739	-4
740	-4
741	-4
742	-5
743	-2
744	-4
745	-2
746	-4
747	-3
748	-3
749	-3
750	-5
751	-4
752	-4
753	-3
754	-4
755	-2
756	-4
757	-1
758	-5
759	-1
760	-4
761	-1
762	-4
763	-3
764	-4
765	-3
766	-4
767	-2
768	-4
769	-1
770	-4
771	-2
772	-4
773	-3
774	-4
775	-2
776	-5
777	-4
778	-5
779	-4
780	-4
781	-4
782	-4
783	-4
784	-5
785	-4
786	-5
787	-6
788	-5
789	-6
790	-5
791	-6
792	-6
793	-6
794	-6
795	-6
796	-5
797	-6
798	-5
799	-7
800	-7
801	-5
802	-7
803	-5
804	-7
805	-6
806	-7
807	-6
808	-7
809	-6
810	-7
811	-7
812	-7
813	-6
814	-6
815	-5
816	-6
817	-4
818	-5
819	-4
820	-5
821	-4
822	-6
823	-4
824	-7
825	-5
826	-6
827	-5
828	-7
829	-5
830	-7
831	-5
832	-6
833	-4
834	-5
835	-4
836	-6
837	-4
838	-5
839	-5
840	-5
841	-4
842	-5
843	-3
844	-5
845	-4
846	-6
847	-3
848	-4
849	-4
850	-3
851	-4
852	-5
853	-5
854	-5
855	-3
856	-6
857	-3
858	-4
859	-3
860	-4
861	-3
862	-5
863	-2
864	-4
865	-2
866	-4
867	-4
868	-3
869	-3
870	-3
871	-2
872	-4
873	-4
874	-3
875	-2
876	-4
877	-4
878	-5
879	-2
880	-4
881	-4
882	-5
883	-4
884	-4
885	-4
886	-6
887	-4
888	-4
889	-3
890	-6
891	-4
892	-5
893	-4
894	-5
895	-4
896	-6
897	-4
898	-7
899	-4
900	-4
901	-4
902	-4
903	-3
904	-6
905	-4
906	-5
907	-4
908	-5
909	-4
910	-6
911	-4
912	-6
913	-4
914	-4
915	-4
916	-5
917	-4
918	-5
919	-3
920	-5
921	-4
922	-5
923	-5
924	-4
925	-5
926	-4
927	-6
928	-6
929	-4
930	-6
931	-5
932	-6
933	-5
934	-7
935	-4
936	-6
937	-4
938	-5
939	-4
940	-6
941	-5
942	-7
943	-6
944	-7
945	-6
946	-4
947	-4
948	-6
949	-3
950	-7
951	-4
952	-5
953	-4
954	-6
955	-5
956	-5
957	-4
958	-6
959	-4
960	-7
961	-4
962	-6
963	-4
964	-5
965	-4
966	-5
967	-4
968	-5
969	-5
970	-4
971	-3
972	-5
973	-4
974	-5
975	-3
976	-4
977	-3
978	-4
979	-3
980	-4
981	-4
982	-3
983	-4
984	-4
985	-4
986	-4
987	-4
988	-6
989	-5
990	-5
991	-3
992	-6
993	-3
994	-6
995	-3
996	-6
997	-4
998	-5
999	-4
1000	-5
1001	-2
1002	-5
1003	-3
1004	-6
1005	-4
1006	-6
1007	-4
1008	-5
1009	-5
1010	-6
1011	-5
1012	-5
1013	-4
1014	-5
1015	-4
1016	-5
1017	-4
1018	-4
1019	-3
1020	-4
1021	-4
1022	-4
1023	-3
1024	-4
1025	-3
1026	-3
1027	-3
1028	-7
1029	-4
1030	-4
1031	-2
1032	-3
1033	-2
1034	-4
1035	-3
1036	-4
1037	-2
1038	-5
1039	-3
1040	-3
1041	-2
1042	-3
1043	-1
1044	-4
1045	-2
1046	-2
1047	-2
1048	-3
1049	0
1050	-3
1051	0
1052	-3
1053	0
1054	-3
1055	-1
1056	-2
1057	-1
1058	-2
1059	0
1060	-3
1061	-1
1062	-3
1063	0
1064	-3
1065	0
1066	-2
1067	0
1068	-1
1069	0
1070	-2
1071	-1
1072	-1
1073	0
1074	-1
1075	0
1076	-2
1077	-1
1078	-3
1079	0
1080	-2
1081	-1
1082	-2
1083	-1
1084	-4
1085	-2
1086	-3
1087	-3
1088	-2
1089	-1
1090	-3
1091	-1
1092	-2
1093	-2
1094	-2
1095	-2
1096	-2
1097	-1
1098	-3
1099	-2
1100	-4
1101	-2
1102	-3
1103	-1
1104	-3
1105	-2
1106	-3
1107	-2
1108	-3
1109	-2
1110	-3
1111	-3
1112	-4
1113	-2
1114	-3
1115	-1
1116	-3
1117	-1
1118	-3
1119	-1
1120	-5
1121	-2
1122	-2
1123	-3
1124	-3
1125	-2
1126	-3
1127	-3
1128	-4
1129	-2
1130	-4
1131	-3
1132	-4
1133	-2
1134	-1
1135	-3
1136	-3
1137	-4
1138	-4
1139	-2
1140	-4
1141	-3
1142	-4
1143	-4
1144	-5
1145	-3
1146	-4
1147	-3
1148	-4
1149	-4
1150	-3
1151	-2
1152	-2
1153	-2
1154	-3
1155	-1
1156	-3
1157	-1
1158	-3
1159	-3
1160	-4
1161	-2
1162	-3
1163	-2
1164	-4
1165	-3
1166	-3
1167	-3
1168	-4
1169	-3
1170	-4
1171	-4
1172	-3
1173	-3
1174	-4
1175	-4
1176	-3
1177	-5
1178	-4
1179	-3
1180	-4
1181	-4
1182	-3
1183	-4
1184	-4
1185	-2
1186	-3
1187	-3
1188	-2
1189	-2
1190	-3
1191	-2
1192	-2
1193	-1
1194	-4
1195	-1
1196	-3
1197	-1
1198	-2
1199	-1
1200	-2
1201	0
1202	-2
1203	-1
1204	-2
1205	-1
1206	-3
1207	-2
1208	-2
1209	-1
1210	-3
1211	-1
1212	-2
1213	-1
1214	-2
1215	-1
1216	-2
1217	-3
1218	-3
1219	-2
1220	-3
1221	-2
1222	-3
1223	-2
1224	-3
1225	-2
1226	-4
1227	-2
1228	-4
1229	-2
1230	-3
1231	-2
1232	-4
1233	-4
1234	-2
1235	-2
1236	-3
1237	-2
1238	-4
1239	-2
1240	-4
1241	-2
1242	-2
1243	-3
1244	-3
1245	-2
1246	-3
1247	-2
1248	-4
1249	-4
1250	-4
1251	-2
1252	-3
1253	-1
1254	-3
1255	-2
1256	-4
1257	-3
1258	-2
1259	-3
1260	-3
1261	-3
1262	-2
1263	-1
1264	-2
1265	-1
1266	-3
1267	-2
1268	-2
1269	-2
1270	-2
1271	-2
1272	-3
1273	-1
1274	-3
1275	-1
1276	-2
1277	-1
1278	-2
1279	-1
1280	-2
1281	-2
1282	-2
1283	-1
1284	-2
1285	-1
1286	-3
1287	-2
1288	-2
1289	-2
1290	-2
1291	-2
1292	-2
1293	-1
1294	-3
1295	-1
1296	-2
1297	-2
1298	-1
1299	-1
1300	-2
1301	-2
1302	-2
1303	-1
1304	-2
1305	-1
1306	-3
1307	-1
1308	-3
1309	-3
1310	-4
1311	-1
1312	-2
1313	-1
1314	-1
1315	-1
1316	-3
1317	-2
1318	-3
1319	-2
1320	-3
1321	-1
1322	-3
1323	-2
1324	-3
1325	-1
1326	-2
1327	-2
1328	-3
1329	-2
1330	-2
1331	-3
1332	-4
1333	-3
1334	-3
1335	-2
1336	-2
1337	-2
1338	-3
1339	-2
1340	-2
1341	-1
1342	-2
1343	-1
1344	-3
1345	-1
1346	-2
1347	-2
1348	-2
1349	0
1350	-2
1351	-2
1352	-2
1353	-1
1354	-3
1355	-2
1356	-2
1357	-1
1358	-1
1359	-1
1360	-1
1361	-1
1362	-2
1363	-1
1364	-2
1365	-1
1366	-2
1367	-1
1368	-2
1369	-1
1370	-2
1371	-1
1372	-1
1373	-1
1374	-2
1375	-1
1376	-2
1377	-2
1378	-2
1379	-1
1380	-2
1381	-2
1382	-2
1383	-1
1384	-1
1385	-1
1386	-1
1387	-1
1388	-1
1389	-1
1390	-3
1391	0
1392	-2
1393	-2
1394	-2
1395	-2
1396	-1
1397	-1
1398	-3
1399	-1
1400	-2
1401	0
1402	-3
1403	-2
1404	-2
1405	-1
1406	-2
1407	-1
1408	-2
1409	-1
1410	-1
1411	-1
1412	-2
1413	-1
1414	-1
1415	-1
1416	-3
1417	0
1418	-2
1419	-1
1420	-2
1421	-1
1422	-2
1423	-2
1424	-1
1425	-1
1426	-2
1427	-1
1428	-2
1429	-1
1430	-2
1431	-1
1432	-1
1433	-1
1434	-1
1435	-1
1436	-3
1437	-2
1438	-2
1439	-1
1440	-2
1441	-1
1442	-3
1443	-1
1444	-2
1445	-1
1446	-2
1447	-1
1448	-2
1449	-1
1450	-2
1451	-1
1452	-2
1453	-1
1454	-3
1455	-1
1456	-2
1457	-2
1458	-1
1459	-1
1460	-1
1461	0
1462	-1
1463	0
1464	-1
1465	0
1466	-2
1467	0
1468	-2
1469	0
1470	-1
1471	0
1472	-1
1473	0
1474	-2
1475	0
1476	-1
1477	0
1478	-1
1479	0
1480	-1
1481	0
1482	-1
1483	0
1484	0
1485	0
1486	0
1487	-1
1488	-1
1489	-1
1490	0
1491	-1
1492	0
1493	-1
1494	0
1495	0
1496	-1
1497	0
1498	-1
1499	0
1500	-1
1501	0
1502	-1
1503	0
1504	-1
1505	0
1506	0
1507	0
1508	-2
1509	0
1510	-1
1511	-1
1512	-1
1513	0
1514	0
1515	0
1516	0
1517	0
1518	0
1519	0
1520	0
1521	0
1522	0
1523	0
1524	1
1525	0
1526	1
1527	1
1528	1
1529	1
1530	0
1531	0
1532	0
1533	1
1534	0
1535	1
1536	0
1537	0
1538	0
1539	1
1540	0
1541	2
1542	0
1543	1
1544	1
1545	1
1546	1
1547	1
1548	0
1549	1
1550	1
1551	1
1552	0
1553	0
1554	0
1555	0
1556	0
1557	1
1558	0
1559	0
1560	0
1561	0
1562	0
1563	0
1564	0
1565	0
1566	0
1567	0
1568	0
1569	0
1570	0
1571	0
1572	0
1573	0
1574	0
1575	0
1576	0
1577	0
1578	0
1579	0
1580	0
1581	0
1582	0
1583	1
1584	0
1585	0
1586	0
1587	0
1588	0
1589	0
1590	0
1591	0
1592	0
1593	0
1594	0
1595	0
1596	0
1597	0
1598	0
1599	0
1600	0
1601	0
1602	-1
1603	0
1604	-1
1605	0
1606	0
1607	0
1608	-1
1609	0
1610	-2
1611	0
1612	-2
1613	-1
1614	-1
1615	-1
1616	-1
1617	-1
1618	-1
1619	-1
1620	0
1621	0
1622	-1
1623	-1
1624	-1
1625	0
1626	-1
1627	-1
1628	-1
1629	0
1630	-1
1631	0
1632	-1
1633	0
1634	-1
1635	0
1636	-1
1637	-1
1638	0
1639	0
1640	0
1641	0
1642	0
1643	0
1644	-1
1645	0
1646	0
1647	0
1648	-1
1649	-1
1650	-1
1651	0
1652	0
1653	-1
1654	-1
1655	0
1656	-1
1657	0
1658	-1
1659	0
1660	0
1661	0
1662	-1
1663	0
1664	-2
1665	-1
1666	-1
1667	-1
1668	-1
1669	0
1670	-1
1671	0
1672	-1
1673	0
1674	-1
1675	0
1676	0
1677	0
1678	0
1679	0
1680	0
1681	0
1682	0
1683	0
1684	0
1685	0
1686	0
1687	0
1688	0
1689	0
1690	0
1691	0
1692	0
1693	0
1694	-1
1695	0
1696	0
1697	0
1698	0
1699	0
1700	0
1701	0
1702	-1
1703	0
1704	-1
1705	0
1706	0
1707	0
1708	-1
1709	0
1710	0
1711	0
1712	-1
1713	0
1714	-1
1715	0
1716	-1
1717	0
1718	-1
1719	-1
1720	-2
1721	-1
1722	-1
1723	-1
1724	-2
1725	-1
1726	-2
1727	-1
1728	-2
1729	-1
1730	-2
1731	-1
1732	-1
1733	0
1734	-1
1735	-1
1736	-1
1737	-1
1738	-1
1739	0
1740	-1
1741	0
1742	-1
1743	0
1744	0
1745	0
1746	-1
1747	0
1748	0
1749	0
1750	0
1751	0
1752	0
1753	0
1754	-2
1755	0
1756	0
1757	0
1758	0
1759	0
1760	0
1761	0
1762	0
1763	0
1764	-1
1765	0
1766	0
1767	0
1768	-1
1769	0
1770	0
1771	0
1772	-1
1773	0
1774	-1
1775	0
1776	-1
1777	0
1778	-1
1779	0
1780	-1
1781	0
1782	-1
1783	-1
1784	0
1785	0
1786	-1
1787	0
1788	0
1789	0
1790	0
1791	0
1792	0
1793	0
1794	0
1795	0
1796	0
1797	0
1798	0
1799	0
1800	0
1801	1
1802	0
1803	1
1804	0
1805	1
1806	1
1807	1
1808	1
1809	1
1810	0
1811	1
1812	0
1813	2
1814	0
1815	0
1816	0
1817	1
1818	0
1819	1
1820	0
1821	0
1822	1
1823	1
1824	0
1825	1
1826	0
1827	0
1828	0
1829	0
1830	0
1831	0
1832	0
1833	0
1834	0
1835	1
1836	0
1837	1
1838	0
1839	1
1840	1
1841	0
1842	0
1843	1
1844	1
1845	1
1846	0
1847	2
1848	1
1849	1
1850	0
1851	1
1852	0
1853	1
1854	0
1855	1
1856	1
1857	1
1858	0
1859	1
1860	0
1861	1
1862	1
1863	1
1864	0
1865	0
1866	0
1867	0
1868	0
1869	0
1870	0
1871	0
1872	0
1873	0
1874	0
1875	1
1876	0
1877	0
1878	0
1879	0
1880	0
1881	0
1882	0
1883	0
1884	0
1885	0
1886	0
1887	0
1888	0
1889	0
1890	0
1891	0
1892	0
1893	0
1894	0
1895	0
1896	0
1897	0
1898	0
1899	0
1900	0
1901	0
1902	0
1903	0
1904	0
1905	0
1906	0
1907	0
1908	0
1909	0
1910	0
1911	0
1912	-1
1913	0
1914	-1
1915	0
1916	-1
1917	0
1918	0
1919	-1
1920	-1
1921	0
1922	0
1923	0
1924	-1
1925	0
1926	-1
1927	0
1928	0
1929	0
1930	-1
1931	0
1932	-1
1933	0
1934	0
1935	0
1936	-1
1937	0
1938	0
1939	0
1940	0
1941	0
1942	-1
1943	0
1944	0
1945	0
1946	0
1947	0
1948	0
1949	-1
1950	0
1951	0
1952	-1
1953	0
1954	-1
1955	0
1956	0
1957	0
1958	0
1959	0
1960	0
1961	0
1962	0
1963	0
1964	0
1965	0
1966	0
1967	0
1968	0
1969	0
1970	0
1971	0
1972	0
1973	0
1974	0
1975	0
1976	0
1977	0
1978	-1
1979	0
1980	0
1981	0
1982	0
1983	0
1984	-1
1985	0
1986	-1
1987	-1
1988	-1
1989	-1
1990	-1
1991	0
1992	0
1993	-1
1994	-1
1995	0
1996	-1
1997	0
1998	0
1999	0
