0	2
1	4
2	3
3	5
4	2
5	5
6	2
7	3
8	2
9	6
10	3
11	7
12	2
13	6
14	3
15	4
16	3
17	4
18	2
19	4
20	2
21	4
22	2
23	4
24	2
25	3
26	2
27	5
28	1
29	4
30	0
31	4
32	1
33	4
34	1
35	4
36	3
37	3
38	1
39	3
40	2
41	3
42	3
43	4
44	2
45	4
46	1
47	4
48	2
49	4
50	2
51	3
52	3
53	4
54	3
55	5
56	1
57	3
58	1
59	4
60	3
61	3
62	2
63	4
64	3
65	6
66	2
67	5
68	2
69	3
70	2
71	4
72	3
73	5
74	1
75	4
76	2
77	3
78	2
79	4
80	2
81	5
82	2
83	5
84	2
85	3
86	3
87	3
88	2
89	4
90	2
91	4
92	3
93	4
94	4
95	2
96	2
97	4
98	3
99	4
100	2
101	5
102	2
103	5
104	3
105	4
106	2
107	4
108	2
109	5
110	2
111	4
112	1
113	4
114	3
115	4
116	2
117	4
118	3
119	4
120	2
121	3
122	2
123	3
124	1
125	4
126	2
127	2
128	1
129	3
130	3
131	3
132	2
133	3
134	2
135	3
136	1
137	3
138	1
139	3
140	2
141	5
142	1
143	4
144	3
145	5
146	2
147	6
148	4
149	5
150	4
151	5
152	4
153	6
154	4
155	5
156	3
157	6
158	1
159	6
160	2
161	5
162	3
163	5
164	3
165	6
166	3
167	6
168	3
169	4
170	2
171	5
172	4
173	6
174	3
175	6
176	4
177	7
178	4
179	7
180	2
181	4
182	3
183	7
184	3
185	6
186	2
187	5
188	3
189	5
190	4
191	4
192	4
193	5
194	3
195	5
196	3
197	4
198	3
199	3
200	3
201	3
202	2
203	4
204	2
205	3
206	1
207	4
208	2
209	3
210	1
211	2
212	2
213	2
214	2
215	3
216	2
217	3
218	2
219	4
220	1
221	3
222	2
223	3
224	2
225	4
226	1
227	4
228	2
229	4
230	4
231	5
232	3
233	6
234	2
235	5
236	3
237	6
238	3
239	4
240	2
241	5
242	3
243	5
244	2
245	5
246	4
247	5
248	2
249	6
250	4
251	4
252	1
253	4
254	3
255	5
256	2
257	5
258	3
259	5
260	4
261	4
262	3
263	4
264	3
265	5
266	3
267	5
268	2
269	5
270	2
271	6
272	2
273	5
274	3
275	5
276	2
277	4
278	2
279	5
280	2
281	5
282	2
283	3
284	2
285	5
286	3
287	5
288	2
289	5
290	3
291	5
292	3
293	6
294	2
295	4
296	3
297	4
298	2
299	5
300	3
301	5
302	3
303	5
304	3
305	5
306	3
307	7
308	4
309	6
310	2
311	5
312	1
313	6
314	4
315	5
316	4
317	5
318	2
319	4
320	2
321	4
322	3
323	4
324	1
325	2
326	2
327	3
328	1
329	2
330	1
331	3
332	1
333	2
334	1
335	2
336	0
337	1
338	0
339	3
340	0
341	3
342	1
343	3
344	0
345	1
346	0
347	2
348	1
349	3
350	0
351	2
352	2
353	3
354	0
355	4
356	1
357	4
358	1
359	4
360	2
361	4
362	2
363	5
364	2
365	4
366	3
367	3
368	3
369	4
370	3
371	4
372	3
373	4
374	2
375	4
376	2
377	4
378	4
379	4
380	3
381	5
382	2
383	6
384	0
385	4
386	3
387	4
388	3
389	4
390	3
391	5
392	3
393	5
394	4
395	4
396	3
397	6
398	2
399	4
400	2
401	4
402	2
403	4
404	2
405	5
406	3
407	4
408	3
409	6
410	3
411	6
412	3
413	5
414	4
415	8
416	5
417	10
418	10
419	13
420	13
421	16
422	16
423	21
424	22
425	27
426	28
427	32
428	34
429	39
430	41
431	48
432	50
433	55
434	59
435	61
436	64
437	70
438	73
439	77
440	80
441	85
442	88
443	91
444	95
445	96
446	101
447	104
448	105
449	107
450	109
451	113
452	115
453	117
454	117
455	119
456	119
457	122
458	122
459	124
460	124
461	125
462	124
463	124
464	124
465	124
466	123
467	122
468	122
469	122
470	119
471	119
472	118
473	117
474	113
475	112
476	110
477	109
478	106
479	106
480	103
481	101
482	99
483	98
484	96
485	96
486	91
487	91
488	88
489	88
490	85
491	84
492	81
493	82
494	75
495	78
496	75
497	76
498	76
499	78
500	62
501	69
502	65
503	67
504	64
505	64
506	64
507	62
508	59
509	58
510	56
511	57
512	53
513	55
514	52
515	50
516	47
517	48
518	48
519	46
520	45
521	46
522	44
523	44
524	43
525	41
526	38
527	37
528	37
529	36
530	34
531	34
532	33
533	33
534	30
535	32
536	29
537	29
538	27
539	27
540	23
541	25
542	22
543	22
544	20
545	19
546	17
547	18
548	15
549	17
550	13
551	14
552	13
553	13
554	12
555	12
556	11
557	11
558	10
559	10
560	8
561	9
562	8
563	8
564	6
565	7
566	6
567	6
568	4
569	7
570	4
571	5
572	3
573	4
574	2
575	3
576	2
577	3
578	1
579	3
580	0
581	3
582	0
583	1
584	0
585	1
586	-1
587	0
588	-1
589	0
590	-1
591	0
592	-4
593	0
594	-4
595	-1
596	-4
597	0
598	-4
599	-1
600	-4
601	-2
602	-4
603	-1
604	-5
605	-1
606	-4
607	-1
608	-6
609	-1
610	-5
611	-1
612	-5
613	-2
614	-6
615	-2
616	-6
617	-3
618	-5
619	-4
620	-6
621	-4
622	-7
623	-3
624	-7
625	-2
626	-7
627	-4
628	-6
629	-2
630	-9
631	-2
632	-7
633	-2
634	-6
635	-2
636	-8
637	-3
638	-8
639	-3
640	-6
641	-2
642	-6
643	-2
644	-6
645	-1
646	-6
647	-2
648	-7
649	-2
650	-7
651	-2
652	-8
653	-3
654	-7
655	-3
656	-6
657	-2
658	-7
659	-3
660	-6
661	-3
662	-6
663	-3
664	-6
665	-4
666	-4
667	-5
668	-7
669	-4
670	-7
671	-3
672	-6
673	-4
674	-8
675	-4
676	-8
677	-3
678	-8
679	-4
680	-7
681	-4
682	-7
683	-5
684	-7
685	-4
686	-8
687	-4
688	-8
689	-4
690	-7
691	-5
692	-7
693	-4
694	-8
695	-4
696	-6
697	-5
698	-7
699	-4
700	-8
701	-4
702	-7
703	-4
704	-5
705	-4
706	-7
707	-3
708	-7
709	-6
710	-8
711	-5
712	-7
713	-4
714	-8
715	-5
716	-8
717	-3
718	-8
719	-3
720	-6
721	-4
722	-8
723	-5
724	-8
725	-4
726	-7
727	-3
728	-7
729	-4
730	-7
731	-4
732	-8
733	-4
734	-7
735	-4
736	-7
737	-4
738	-5
739	-4
740	-6
741	-2
742	-7
743	-3
744	-6
745	-4
746	-7
747	-4
748	-7
749	-2
750	-7
751	-3
752	-7
753	-4
754	-5
755	-4
756	-8
757	-3
758	-7
759	-3
760	-7
761	-3
762	-9
763	-5
764	-9
765	-6
766	-10
767	-5
768	-9
769	-4
770	-9
771	-5
772	-8
773	-5
774	-9
775	-7
776	-8
777	-5
778	-9
779	-4
780	-9
781	-4
782	-7
783	-4
784	-9
785	-4
786	-8
787	-4
788	-9
789	-3
790	-7
791	-3
792	-6
793	-4
794	-6
795	-3
796	-7
797	-4
798	-8
799	-4
800	-8
801	-4
802	-8
803	-4
804	-8
805	-4
806	-8
807	-4
808	-9
809	-4
810	-8
811	-4
812	-9
813	-5
814	-8
815	-4
816	-9
817	-5
818	-9
819	-4
820	-7
821	-5
822	-7
823	-6
824	-8
825	-4
826	-8
827	-4
828	-8
829	-4
830	-7
831	-4
832	-7
833	-4
834	-7
835	-4
836	-8
837	-4
838	-7
839	-4
840	-7
841	-4
842	-8
843	-4
844	-7
845	-3
846	-7
847	-3
848	-6
849	-2
850	-5
851	-2
852	-6
853	-2
854	-6
855	-2
856	-6
857	-3
858	-5
859	-3
860	-4
861	-3
862	-5
863	-3
864	-5
865	-3
866	-5
867	-2
868	-6
869	-3
870	-6
871	-3
872	-6
873	-2
874	-5
875	-2
876	-4
877	-3
878	-6
879	-2
880	-7
881	-3
882	-6
883	-1
884	-5
885	-3
886	-7
887	-3
888	-6
889	-2
890	-6
891	-2
892	-5
893	-1
894	-6
895	-4
896	-6
897	-3
898	-6
899	-1
900	-5
901	-3
902	-6
903	-3
904	-7
905	-3
906	-5
907	-3
908	-4
909	-3
910	-5
911	-3
912	-5
913	-2
914	-5
915	-2
916	-4
917	-2
918	-4
919	-3
920	-5
921	-2
922	-5
923	-2
924	-4
925	-2
926	-5
927	-3
928	-5
929	-3
930	-4
931	-2
932	-4
933	-3
934	-4
935	-2
936	-4
937	-2
938	-4
939	-3
940	-4
941	-2
942	-5
943	-2
944	-4
945	-2
946	-5
947	-2
948	-4
949	-3
950	-4
951	-3
952	-5
953	-3
954	-4
955	-2
956	-5
957	-2
958	-6
959	-2
960	-5
961	-1
962	-4
963	-1
964	-4
965	-1
966	-4
967	-2
968	-3
969	-1
970	-3
971	-1
972	-3
973	-1
974	-3
975	-1
976	-2
977	-2
978	-1
979	-1
980	-1
981	0
982	-2
983	0
984	-2
985	-1
986	-3
987	0
988	-4
989	0
990	-3
991	-1
992	-3
993	-1
994	-2
995	-1
996	-3
997	-1
998	-3
999	0
1000	-2
1001	0
1002	-4
1003	-1
1004	-4
1005	-2
1006	-3
1007	-1
1008	-3
1009	-1
1010	-3
1011	-1
1012	-2
1013	-1
1014	-3
1015	-1
1016	-3
1017	0
1018	-3
1019	0
1020	-2
1021	0
1022	-1
1023	0
1024	-2
1025	0
1026	-2
1027	0
1028	-2
1029	0
1030	-1
1031	0
1032	-1
1033	-1
1034	-2
1035	-1
1036	-3
1037	-1
1038	-4
1039	-2
1040	-3
1041	-2
1042	-3
1043	-2
1044	-3
1045	-1
1046	-3
1047	0
1048	-3
1049	-1
1050	-3
1051	-2
1052	-3
1053	-1
1054	-1
1055	-2
1056	-1
1057	-1
1058	-1
1059	-1
1060	-3
1061	-1
1062	-1
1063	-1
1064	-1
1065	0
1066	-2
1067	0
1068	0
1069	0
1070	-1
1071	0
1072	0
1073	0
1074	0
1075	0
1076	0
1077	0
1078	0
1079	0
1080	0
1081	1
1082	0
1083	1
1084	0
1085	1
1086	0
1087	1
1088	0
1089	2
1090	0
1091	2
1092	0
1093	1
1094	0
1095	1
1096	0
1097	2
1098	1
1099	1
1100	1
1101	1
1102	0
1103	1
1104	1
1105	1
1106	1
1107	2
1108	2
1109	1
1110	1
1111	2
1112	0
1113	1
1114	0
1115	2
1116	0
1117	2
1118	1
1119	1
1120	0
1121	1
1122	0
1123	1
1124	0
1125	0
1126	-1
1127	0
1128	-1
1129	0
1130	0
1131	0
1132	0
1133	0
1134	0
1135	1
1136	0
1137	1
1138	0
1139	0
1140	-1
1141	1
1142	-1
1143	1
1144	0
1145	0
1146	1
1147	2
1148	0
1149	0
1150	0
1151	1
1152	0
1153	1
1154	1
1155	1
1156	0
1157	0
1158	0
1159	0
1160	0
1161	0
1162	0
1163	0
1164	0
1165	0
1166	-1
1167	0
1168	0
1169	0
1170	-1
1171	-1
1172	-1
1173	0
1174	-2
1175	0
1176	-1
1177	0
1178	-1
1179	0
1180	-1
1181	0
1182	0
1183	0
1184	0
1185	0
1186	0
1187	0
1188	0
1189	0
1190	-1
1191	0
1192	0
1193	0
1194	0
1195	0
1196	0
1197	0
1198	-1
1199	0
1200	0
1201	0
1202	0
1203	0
1204	0
1205	0
1206	-1
1207	0
1208	-1
1209	0
1210	-1
1211	0
1212	-1
1213	0
1214	-2
1215	0
1216	-2
1217	-1
1218	-1
1219	0
1220	-1
1221	-1
1222	-1
1223	-1
1224	-1
1225	0
1226	-1
1227	0
1228	0
1229	0
1230	0
1231	1
1232	0
1233	1
1234	0
1235	1
1236	1
1237	2
1238	2
1239	2
1240	1
1241	2
1242	1
1243	2
1244	2
1245	2
1246	2
1247	2
1248	1
1249	2
1250	0
1251	2
1252	1
1253	2
1254	0
1255	2
1256	0
1257	2
1258	1
1259	2
1260	1
1261	2
1262	0
1263	2
1264	1
1265	2
1266	1
1267	2
1268	2
1269	1
1270	0
1271	1
1272	2
1273	2
1274	2
1275	2
1276	2
1277	2
1278	2
1279	2
1280	2
1281	2
1282	2
1283	2
1284	2
1285	2
1286	1
1287	3
1288	1
1289	2
1290	1
1291	1
1292	1
1293	2
1294	0
1295	2
1296	1
1297	1
1298	0
1299	1
1300	0
1301	1
1302	0
1303	0
1304	0
1305	1
1306	0
1307	0
1308	0
1309	0
1310	0
1311	0
1312	0
1313	1
1314	0
1315	0
1316	0
1317	1
1318	0
1319	0
1320	0
1321	0
1322	0
1323	1
1324	0
1325	1
1326	0
1327	2
1328	0
1329	0
1330	0
1331	2
1332	1
1333	2
1334	1
1335	2
1336	1
1337	2
1338	2
1339	2
1340	2
1341	2
1342	1
1343	2
1344	2
1345	2
1346	1
1347	3
1348	2
1349	2
1350	2
1351	2
1352	2
1353	3
1354	3
1355	4
1356	2
1357	2
1358	2
1359	3
1360	2
1361	2
1362	2
1363	2
1364	2
1365	3
1366	2
1367	3
1368	3
1369	4
1370	2
1371	3
1372	2
1373	3
1374	3
1375	3
1376	3
1377	3
1378	3
1379	2
1380	1
1381	3
1382	2
1383	3
1384	1
1385	3
1386	2
1387	3
1388	3
1389	3
1390	3
1391	3
1392	2
1393	3
1394	1
1395	4
1396	2
1397	4
1398	3
1399	4
1400	3
1401	4
1402	4
1403	4
1404	4
1405	4
1406	4
1407	4
1408	5
1409	5
1410	5
1411	5
1412	5
1413	5
1414	5
1415	7
1416	6
1417	7
1418	6
1419	6
1420	5
1421	6
1422	5
1423	6
1424	4
1425	5
1426	5
1427	5
1428	5
1429	6
1430	4
1431	8
1432	5
1433	6
1434	4
1435	5
1436	4
1437	6
1438	4
1439	6
1440	4
1441	4
1442	4
1443	5
1444	3
1445	5
1446	3
1447	4
1448	4
1449	5
1450	3
1451	5
1452	3
1453	2
1454	4
1455	4
1456	2
1457	3
1458	3
1459	2
1460	2
1461	2
1462	3
1463	2
1464	2
1465	2
1466	2
1467	3
1468	2
1469	3
1470	3
1471	3
1472	2
1473	3
1474	1
1475	3
1476	2
1477	2
1478	2
1479	3
1480	1
1481	2
1482	0
1483	2
1484	1
1485	2
1486	0
1487	0
1488	0
1489	1
1490	0
1491	0
1492	0
1493	0
1494	1
1495	0
1496	0
1497	0
1498	0
1499	0
1500	0
1501	0
1502	0
1503	0
1504	0
1505	0
1506	0
1507	0
1508	0
1509	0
1510	0
1511	0
1512	0
1513	0
1514	0
1515	0
1516	0
1517	0
1518	0
1519	-1
1520	0
1521	0
1522	0
1523	0
1524	0
1525	0
1526	0
1527	0
1528	0
1529	0
1530	-1
1531	0
1532	-1
1533	0
1534	0
1535	0
1536	0
1537	0
1538	0
1539	0
1540	0
1541	0
1542	0
1543	1
1544	0
1545	1
1546	0
1547	1
1548	0
1549	1
1550	0
1551	1
1552	0
1553	2
1554	0
1555	1
1556	0
1557	2
1558	0
1559	1
1560	0
1561	1
1562	0
1563	0
1564	0
1565	0
1566	0
1567	1
1568	0
1569	1
1570	0
1571	0
1572	1
1573	0
1574	1
1575	1
1576	1
1577	2
1578	1
1579	2
1580	1
1581	2
1582	2
1583	3
1584	2
1585	3
1586	2
1587	4
1588	1
1589	3
1590	3
1591	3
1592	3
1593	4
1594	3
1595	4
1596	3
1597	4
1598	2
1599	3
1600	3
1601	3
1602	2
1603	3
1604	2
1605	3
1606	2
1607	3
1608	1
1609	3
1610	1
1611	3
1612	3
1613	2
1614	1
1615	2
1616	1
1617	2
1618	1
1619	1
1620	0
1621	2
1622	1
1623	2
1624	1
1625	3
1626	0
1627	1
1628	0
1629	1
1630	1
1631	1
1632	0
1633	1
1634	0
1635	1
1636	0
1637	2
1638	1
1639	4
1640	0
1641	2
1642	1
1643	3
1644	1
1645	3
1646	2
1647	2
1648	1
1649	1
1650	2
1651	2
1652	1
1653	2
1654	0
1655	2
1656	0
1657	1
1658	0
1659	2
1660	2
1661	1
1662	1
1663	1
1664	0
1665	1
1666	1
1667	3
1668	0
1669	2
1670	0
1671	1
1672	1
1673	1
1674	0
1675	2
1676	1
1677	2
1678	1
1679	2
1680	0
1681	1
1682	0
1683	1
1684	0
1685	0
1686	0
1687	0
1688	0
1689	0
1690	0
1691	0
1692	0
1693	1
1694	0
1695	2
1696	0
1697	1
1698	0
1699	2
1700	0
1701	2
1702	0
1703	1
1704	0
1705	1
1706	0
1707	1
1708	0
1709	0
1710	0
1711	2
1712	0
1713	1
1714	0
1715	0
1716	0
1717	1
1718	0
1719	0
1720	0
1721	0
1722	0
1723	1
1724	0
1725	0
1726	0
1727	0
1728	-1
1729	0
1730	-2
1731	0
1732	-1
1733	0
1734	-2
1735	0
1736	-1
1737	0
1738	-1
1739	0
1740	0
1741	0
1742	0
1743	1
1744	-1
1745	0
1746	0
1747	1
1748	0
1749	0
1750	0
1751	0
1752	0
1753	0
1754	0
1755	0
1756	0
1757	1
1758	0
1759	2
1760	0
1761	1
1762	0
1763	2
1764	0
1765	2
1766	0
1767	3
1768	0
1769	2
1770	0
1771	2
1772	0
1773	1
1774	0
1775	1
1776	0
1777	1
1778	0
1779	1
1780	0
1781	1
1782	0
1783	1
1784	0
1785	1
1786	0
1787	2
1788	1
1789	1
1790	0
1791	2
1792	0
1793	2
1794	1
1795	2
1796	4
1797	3
1798	3
1799	4
1800	3
1801	3
1802	3
1803	4
1804	4
1805	5
1806	4
1807	5
1808	4
1809	4
1810	2
1811	3
1812	2
1813	4
1814	2
1815	4
1816	2
1817	4
1818	1
1819	3
1820	1
1821	2
1822	1
1823	2
1824	2
1825	3
1826	1
1827	3
1828	0
1829	2
1830	0
1831	3
1832	0
1833	3
1834	0
1835	2
1836	0
1837	2
1838	0
1839	2
1840	0
1841	2
1842	0
1843	2
1844	1
1845	2
1846	0
1847	1
1848	0
1849	1
1850	0
1851	0
1852	1
1853	2
1854	0
1855	2
1856	0
1857	1
1858	1
1859	0
1860	0
1861	4
1862	0
1863	3
1864	0
1865	3
1866	1
1867	2
1868	2
1869	4
1870	0
1871	3
1872	1
1873	2
1874	1
1875	4
1876	0
1877	2
1878	0
1879	4
1880	1
1881	3
1882	1
1883	2
1884	1
1885	1
1886	0
1887	1
1888	0
1889	2
1890	0
1891	0
1892	0
1893	0
1894	0
1895	1
1896	0
1897	2
1898	0
1899	1
1900	0
1901	1
1902	0
1903	1
1904	1
1905	2
1906	0
1907	1
1908	1
1909	4
1910	2
1911	4
1912	2
1913	3
1914	3
1915	4
1916	2
1917	4
1918	3
1919	3
1920	2
1921	3
1922	2
1923	3
1924	2
1925	4
1926	2
1927	4
1928	2
1929	4
1930	2
1931	3
1932	1
1933	2
1934	0
1935	3
1936	1
1937	2
1938	0
1939	1
1940	0
1941	3
1942	0
1943	2
1944	0
1945	2
1946	0
1947	1
1948	0
1949	1
1950	0
1951	0
1952	-1
1953	0
1954	0
1955	0
1956	-1
1957	0
1958	0
1959	1
1960	-1
1961	2
1962	0
1963	2
1964	0
1965	1
1966	0
1967	1
1968	1
1969	1
1970	0
1971	1
1972	1
1973	1
1974	0
1975	1
1976	0
1977	1
1978	1
1979	2
1980	1
1981	2
1982	1
1983	1
1984	1
1985	3
1986	1
1987	2
1988	1
1989	2
1990	0
1991	2
1992	1
1993	2
1994	0
1995	4
1996	0
1997	2
1998	0
1999	3
