0	0
1	0
2	0
3	0
4	0
5	0
6	0
7	0
8	0
9	0
10	0
11	1
12	0
13	0
14	0
15	1
16	0
17	0
18	0
19	0
20	-1
21	0
22	0
23	0
24	0
25	0
26	-1
27	0
28	0
29	0
30	-1
31	0
32	0
33	1
34	0
35	0
36	-1
37	0
38	0
39	0
40	0
41	0
42	-1
43	0
44	0
45	0
46	0
47	1
48	0
49	0
50	0
51	1
52	0
53	1
54	0
55	0
56	0
57	2
58	0
59	1
60	0
61	1
62	0
63	1
64	0
65	1
66	0
67	0
68	0
69	0
70	1
71	0
72	0
73	1
74	0
75	0
76	0
77	0
78	0
79	0
80	0
81	1
82	0
83	1
84	0
85	1
86	0
87	1
88	1
89	1
90	1
91	1
92	1
93	2
94	1
95	1
96	0
97	0
98	1
99	1
100	1
101	0
102	0
103	0
104	0
105	0
106	0
107	0
108	0
109	-1
110	0
111	0
112	-1
113	0
114	0
115	0
116	-1
117	0
118	-1
119	-1
120	-1
121	0
122	0
123	0
124	0
125	0
126	0
127	0
128	0
129	0
130	0
131	0
132	0
133	0
134	0
135	0
136	0
137	0
138	0
139	0
140	0
141	0
142	0
143	0
144	0
145	0
146	0
147	0
148	0
149	0
150	0
151	0
152	-1
153	0
154	-1
155	-1
156	-1
157	0
158	0
159	0
160	0
161	0
162	0
163	0
164	0
165	0
166	0
167	0
168	0
169	0
170	0
171	0
172	0
173	1
174	0
175	2
176	0
177	2
178	1
179	2
180	0
181	1
182	0
183	1
184	0
185	1
186	0
187	2
188	1
189	1
190	1
191	2
192	1
193	2
194	1
195	1
196	0
197	2
198	0
199	1
200	1
201	2
202	0
203	0
204	0
205	0
206	0
207	1
208	0
209	1
210	0
211	0
212	0
213	0
214	0
215	0
216	0
217	0
218	0
219	1
220	0
221	0
222	0
223	0
224	0
225	0
226	0
227	0
228	0
229	0
230	0
231	0
232	0
233	0
234	0
235	0
236	0
237	0
238	0
239	0
240	0
241	0
242	0
243	0
244	0
245	0
246	0
247	0
248	0
249	0
250	0
251	0
252	0
253	0
254	0
255	0
256	0
257	0
258	0
259	0
260	0
261	0
262	0
263	0
264	0
265	0
266	0
267	0
268	0
269	0
270	0
271	0
272	-1
273	0
274	0
275	0
276	0
277	0
278	0
279	0
280	0
281	0
282	0
283	0
284	0
285	0
286	0
287	1
288	0
289	0
290	0
291	0
292	0
293	1
294	0
295	1
296	1
297	1
298	1
299	1
300	1
301	2
302	0
303	1
304	0
305	1
306	1
307	1
308	1
309	1
310	0
311	1
312	0
313	2
314	0
315	1
316	0
317	0
318	0
319	1
320	0
321	0
322	0
323	0
324	0
325	0
326	0
327	0
328	0
329	0
330	-1
331	0
332	-1
333	0
334	0
335	0
336	0
337	0
338	0
339	0
340	0
341	0
342	0
343	0
344	0
345	0
346	0
347	0
348	0
349	0
350	0
351	0
352	0
353	0
354	0
355	0
356	0
357	1
358	0
359	1
360	0
361	1
362	0
363	1
364	0
365	1
366	0
367	1
368	0
369	1
370	0
371	1
372	0
373	1
374	0
375	1
376	0
377	0
378	0
379	0
380	0
381	0
382	0
383	0
384	0
385	1
386	0
387	0
388	0
389	0
390	1
391	0
392	0
393	1
394	0
395	2
396	0
397	1
398	0
399	3
400	1
401	2
402	1
403	3
404	0
405	3
406	2
407	4
408	2
409	4
410	3
411	4
412	4
413	7
414	6
415	12
416	11
417	15
418	17
419	20
420	23
421	27
422	31
423	34
424	39
425	44
426	46
427	53
428	57
429	62
430	67
431	73
432	77
433	83
434	87
435	92
436	97
437	102
438	105
439	111
440	113
441	120
442	123
443	129
444	130
445	137
446	139
447	144
448	147
449	149
450	152
451	157
452	157
453	159
454	162
455	162
456	164
457	166
458	165
459	169
460	165
461	168
462	164
463	165
464	163
465	164
466	160
467	160
468	158
469	156
470	154
471	153
472	150
473	147
474	142
475	142
476	136
477	136
478	130
479	129
480	125
481	124
482	119
483	118
484	114
485	113
486	108
487	106
488	102
489	100
490	96
491	92
492	91
493	90
494	84
495	83
496	78
497	78
498	77
499	78
500	62
501	67
502	63
503	62
504	60
505	58
506	53
507	50
508	48
509	49
510	45
511	46
512	41
513	40
514	36
515	37
516	34
517	33
518	30
519	30
520	27
521	26
522	24
523	22
524	22
525	22
526	20
527	19
528	19
529	17
530	15
531	15
532	14
533	12
534	10
535	12
536	8
537	9
538	7
539	8
540	5
541	5
542	4
543	4
544	3
545	3
546	0
547	1
548	0
549	0
550	-1
551	-2
552	-4
553	-4
554	-5
555	-4
556	-7
557	-5
558	-6
559	-5
560	-8
561	-7
562	-8
563	-6
564	-10
565	-8
566	-10
567	-8
568	-11
569	-10
570	-12
571	-10
572	-12
573	-11
574	-13
575	-11
576	-12
577	-11
578	-12
579	-12
580	-13
581	-13
582	-13
583	-13
584	-13
585	-13
586	-14
587	-12
588	-13
589	-11
590	-13
591	-12
592	-14
593	-12
594	-14
595	-13
596	-16
597	-13
598	-15
599	-14
600	-15
601	-14
602	-16
603	-14
604	-15
605	-14
606	-15
607	-15
608	-15
609	-14
610	-16
611	-15
612	-16
613	-15
614	-18
615	-15
616	-17
617	-16
618	-17
619	-16
620	-17
621	-16
622	-17
623	-17
624	-18
625	-16
626	-17
627	-16
628	-16
629	-16
630	-15
631	-16
632	-16
633	-16
634	-17
635	-16
636	-16
637	-15
638	-16
639	-15
640	-15
641	-15
642	-15
643	-15
644	-16
645	-15
646	-15
647	-15
648	-15
649	-15
650	-15
651	-14
652	-15
653	-15
654	-16
655	-15
656	-15
657	-14
658	-16
659	-16
660	-17
661	-15
662	-16
663	-15
664	-16
665	-14
666	-16
667	-15
668	-16
669	-16
670	-16
671	-15
672	-15
673	-15
674	-16
675	-16
676	-16
677	-16
678	-16
679	-16
680	-16
681	-15
682	-16
683	-15
684	-15
685	-16
686	-15
687	-15
688	-16
689	-14
690	-15
691	-15
692	-15
693	-14
694	-16
695	-15
696	-16
697	-15
698	-16
699	-15
700	-15
701	-15
702	-15
703	-15
704	-16
705	-15
706	-14
707	-15
708	-15
709	-15
710	-15
711	-16
712	-15
713	-15
714	-16
715	-15
716	-16
717	-15
718	-16
719	-16
720	-16
721	-14
722	-16
723	-15
724	-16
725	-15
726	-16
727	-15
728	-15
729	-15
730	-16
731	-15
732	-15
733	-15
734	-16
735	-15
736	-16
737	-13
738	-16
739	-14
740	-15
741	-14
742	-15
743	-14
744	-15
745	-14
746	-15
747	-14
748	-15
749	-14
750	-14
751	-14
752	-15
753	-13
754	-14
755	-14
756	-14
757	-14
758	-14
759	-13
760	-15
761	-15
762	-16
763	-14
764	-15
765	-14
766	-15
767	-14
768	-16
769	-15
770	-16
771	-15
772	-16
773	-16
774	-16
775	-16
776	-16
777	-16
778	-15
779	-15
780	-15
781	-15
782	-15
783	-14
784	-15
785	-14
786	-16
787	-14
788	-15
789	-13
790	-15
791	-14
792	-13
793	-13
794	-14
795	-14
796	-15
797	-14
798	-15
799	-14
800	-15
801	-14
802	-15
803	-14
804	-15
805	-15
806	-16
807	-14
808	-16
809	-15
810	-15
811	-15
812	-15
813	-15
814	-14
815	-15
816	-15
817	-14
818	-15
819	-15
820	-15
821	-14
822	-16
823	-15
824	-16
825	-15
826	-16
827	-14
828	-15
829	-14
830	-15
831	-14
832	-15
833	-13
834	-14
835	-14
836	-13
837	-13
838	-14
839	-13
840	-14
841	-14
842	-13
843	-13
844	-13
845	-12
846	-14
847	-12
848	-14
849	-13
850	-14
851	-12
852	-14
853	-13
854	-14
855	-14
856	-14
857	-13
858	-14
859	-13
860	-15
861	-14
862	-16
863	-14
864	-15
865	-15
866	-15
867	-13
868	-15
869	-13
870	-15
871	-13
872	-16
873	-13
874	-15
875	-13
876	-14
877	-14
878	-15
879	-14
880	-14
881	-13
882	-14
883	-13
884	-14
885	-13
886	-13
887	-12
888	-13
889	-13
890	-12
891	-13
892	-12
893	-12
894	-13
895	-11
896	-13
897	-11
898	-12
899	-11
900	-14
901	-13
902	-13
903	-12
904	-14
905	-11
906	-13
907	-11
908	-14
909	-13
910	-15
911	-13
912	-14
913	-13
914	-14
915	-12
916	-14
917	-12
918	-12
919	-12
920	-14
921	-12
922	-13
923	-11
924	-14
925	-12
926	-14
927	-12
928	-13
929	-12
930	-13
931	-11
932	-11
933	-10
934	-12
935	-10
936	-11
937	-10
938	-13
939	-9
940	-10
941	-10
942	-11
943	-10
944	-10
945	-10
946	-10
947	-11
948	-11
949	-9
950	-10
951	-10
952	-11
953	-10
954	-10
955	-9
956	-11
957	-9
958	-11
959	-10
960	-11
961	-11
962	-11
963	-11
964	-12
965	-11
966	-11
967	-11
968	-12
969	-11
970	-12
971	-11
972	-12
973	-10
974	-11
975	-9
976	-11
977	-9
978	-11
979	-9
980	-10
981	-8
982	-10
983	-9
984	-10
985	-8
986	-9
987	-7
988	-9
989	-8
990	-10
991	-9
992	-9
993	-10
994	-11
995	-8
996	-10
997	-9
998	-10
999	-10
1000	-9
1001	-8
1002	-10
1003	-9
1004	-9
1005	-8
1006	-11
1007	-9
1008	-11
1009	-10
1010	-11
1011	-9
1012	-11
1013	-9
1014	-11
1015	-9
1016	-12
1017	-9
1018	-11
1019	-10
1020	-11
1021	-9
1022	-11
1023	-11
1024	-11
1025	-9
1026	-9
1027	-9
1028	-10
1029	-8
1030	-7
1031	-8
1032	-8
1033	-9
1034	-8
1035	-9
1036	-10
1037	-10
1038	-10
1039	-9
1040	-9
1041	-9
1042	-10
1043	-9
1044	-10
1045	-7
1046	-10
1047	-9
1048	-7
1049	-7
1050	-8
1051	-6
1052	-7
1053	-6
1054	-7
1055	-7
1056	-7
1057	-7
1058	-7
1059	-6
1060	-8
1061	-7
1062	-7
1063	-7
1064	-7
1065	-6
1066	-7
1067	-5
1068	-7
1069	-6
1070	-7
1071	-6
1072	-7
1073	-6
1074	-7
1075	-6
1076	-7
1077	-7
1078	-7
1079	-7
1080	-8
1081	-7
1082	-8
1083	-8
1084	-9
1085	-9
1086	-9
1087	-8
1088	-8
1089	-9
1090	-9
1091	-9
1092	-10
1093	-7
1094	-9
1095	-8
1096	-9
1097	-8
1098	-8
1099	-5
1100	-8
1101	-6
1102	-7
1103	-5
1104	-7
1105	-7
1106	-6
1107	-6
1108	-5
1109	-5
1110	-6
1111	-3
1112	-5
1113	-4
1114	-3
1115	-4
1116	-4
1117	-2
1118	-4
1119	-4
1120	-5
1121	-3
1122	-4
1123	-4
1124	-5
1125	-4
1126	-6
1127	-4
1128	-4
1129	-4
1130	-5
1131	-4
1132	-6
1133	-4
1134	-7
1135	-5
1136	-7
1137	-7
1138	-5
1139	-5
1140	-6
1141	-6
1142	-6
1143	-5
1144	-5
1145	-6
1146	-5
1147	-4
1148	-5
1149	-6
1150	-4
1151	-3
1152	-4
1153	-4
1154	-4
1155	-2
1156	-4
1157	-2
1158	-4
1159	-2
1160	-4
1161	-2
1162	-4
1163	-2
1164	-4
1165	-3
1166	-4
1167	-4
1168	-4
1169	-3
1170	-4
1171	-4
1172	-4
1173	-3
1174	-4
1175	-4
1176	-4
1177	-4
1178	-5
1179	-4
1180	-4
1181	-5
1182	-5
1183	-6
1184	-6
1185	-5
1186	-6
1187	-6
1188	-5
1189	-5
1190	-5
1191	-5
1192	-5
1193	-4
1194	-5
1195	-5
1196	-5
1197	-5
1198	-6
1199	-3
1200	-6
1201	-4
1202	-4
1203	-3
1204	-4
1205	-3
1206	-4
1207	-3
1208	-4
1209	-2
1210	-3
1211	-3
1212	-4
1213	-2
1214	-4
1215	-3
1216	-3
1217	-4
1218	-4
1219	-2
1220	-4
1221	-3
1222	-5
1223	-3
1224	-5
1225	-3
1226	-3
1227	-4
1228	-4
1229	-2
1230	-3
1231	-2
1232	-2
1233	-1
1234	-3
1235	-1
1236	-2
1237	0
1238	-2
1239	-1
1240	-2
1241	-1
1242	-1
1243	-1
1244	-3
1245	-1
1246	-3
1247	-2
1248	-4
1249	-1
1250	-3
1251	-4
1252	-5
1253	-3
1254	-4
1255	-3
1256	-3
1257	-2
1258	-4
1259	-2
1260	-3
1261	-2
1262	-4
1263	-3
1264	-5
1265	-4
1266	-5
1267	-4
1268	-4
1269	-4
1270	-4
1271	-4
1272	-4
1273	-4
1274	-4
1275	-4
1276	-4
1277	-4
1278	-5
1279	-4
1280	-4
1281	-4
1282	-4
1283	-4
1284	-3
1285	-4
1286	-3
1287	-4
1288	-4
1289	-4
1290	-3
1291	-4
1292	-3
1293	-3
1294	-3
1295	-3
1296	-2
1297	-3
1298	-3
1299	-2
1300	-3
1301	-3
1302	-3
1303	-2
1304	-4
1305	-1
1306	-3
1307	-3
1308	-3
1309	-1
1310	-4
1311	-2
1312	-3
1313	-2
1314	-3
1315	-2
1316	-2
1317	-2
1318	-4
1319	-2
1320	-4
1321	-3
1322	-3
1323	-3
1324	-3
1325	-3
1326	-4
1327	-3
1328	-4
1329	-3
1330	-5
1331	-3
1332	-3
1333	-2
1334	-3
1335	-3
1336	-3
1337	-2
1338	-3
1339	-2
1340	-3
1341	0
1342	-2
1343	-1
1344	-1
1345	0
1346	-2
1347	0
1348	-2
1349	-1
1350	-2
1351	-1
1352	-1
1353	0
1354	-2
1355	-1
1356	-2
1357	0
1358	-1
1359	-1
1360	-2
1361	0
1362	-2
1363	-1
1364	-1
1365	-1
1366	-2
1367	-3
1368	-1
1369	-1
1370	-1
1371	-1
1372	-1
1373	-1
1374	-1
1375	-1
1376	0
1377	-1
1378	-1
1379	-1
1380	-1
1381	-1
1382	-4
1383	-1
1384	-2
1385	0
1386	-2
1387	-1
1388	-1
1389	-1
1390	-1
1391	-1
1392	0
1393	0
1394	-1
1395	0
1396	-1
1397	0
1398	-1
1399	0
1400	-1
1401	0
1402	0
1403	0
1404	-1
1405	-1
1406	-1
1407	0
1408	0
1409	-2
1410	-1
1411	-1
1412	0
1413	0
1414	0
1415	-1
1416	-1
1417	-1
1418	-2
1419	-2
1420	-2
1421	-1
1422	-4
1423	-2
1424	-3
1425	-2
1426	-3
1427	-4
1428	-3
1429	-3
1430	-3
1431	-3
1432	-3
1433	-2
1434	-4
1435	-1
1436	-3
1437	-2
1438	-2
1439	-3
1440	-3
1441	-3
1442	-3
1443	-2
1444	-3
1445	-1
1446	-2
1447	-2
1448	-3
1449	-2
1450	-3
1451	-2
1452	-2
1453	-1
1454	-2
1455	-1
1456	-2
1457	-1
1458	-2
1459	-1
1460	-2
1461	-2
1462	-1
1463	-2
1464	-2
1465	-1
1466	-3
1467	0
1468	-2
1469	-2
1470	-2
1471	-1
1472	-2
1473	0
1474	-2
1475	0
1476	-1
1477	-1
1478	-2
1479	-1
1480	-1
1481	-1
1482	-2
1483	-1
1484	-1
1485	-1
1486	-1
1487	-1
1488	-1
1489	0
1490	-1
1491	0
1492	-1
1493	0
1494	-1
1495	1
1496	-1
1497	1
1498	-2
1499	0
1500	-1
1501	0
1502	0
1503	0
1504	0
1505	0
1506	0
1507	0
1508	0
1509	0
1510	0
1511	0
1512	0
1513	0
1514	0
1515	0
1516	-1
1517	-1
1518	-1
1519	-1
1520	-1
1521	-1
1522	-1
1523	0
1524	0
1525	-1
1526	0
1527	0
1528	0
1529	0
1530	0
1531	0
1532	0
1533	1
1534	1
1535	2
1536	2
1537	2
1538	1
1539	2
1540	1
1541	2
1542	1
1543	1
1544	1
1545	2
1546	2
1547	2
1548	2
1549	2
1550	2
1551	2
1552	1
1553	3
1554	2
1555	2
1556	2
1557	2
1558	2
1559	2
1560	2
1561	3
1562	2
1563	2
1564	2
1565	3
1566	2
1567	2
1568	2
1569	1
1570	2
1571	2
1572	1
1573	1
1574	1
1575	1
1576	2
1577	3
1578	1
1579	2
1580	2
1581	1
1582	2
1583	2
1584	1
1585	2
1586	0
1587	3
1588	1
1589	2
1590	1
1591	2
1592	1
1593	1
1594	0
1595	2
1596	0
1597	1
1598	1
1599	1
1600	0
1601	1
1602	0
1603	1
1604	0
1605	0
1606	0
1607	0
1608	0
1609	1
1610	1
1611	0
1612	1
1613	1
1614	0
1615	0
1616	0
1617	1
1618	0
1619	1
1620	0
1621	0
1622	0
1623	0
1624	0
1625	0
1626	0
1627	0
1628	0
1629	1
1630	0
1631	0
1632	0
1633	1
1634	0
1635	1
1636	0
1637	0
1638	0
1639	0
1640	0
1641	0
1642	0
1643	0
1644	0
1645	0
1646	0
1647	0
1648	-1
1649	0
1650	-1
1651	0
1652	-2
1653	0
1654	-1
1655	0
1656	0
1657	-1
1658	0
1659	0
1660	-1
1661	0
1662	-1
1663	0
1664	-1
1665	0
1666	-1
1667	0
1668	-1
1669	0
1670	0
1671	-1
1672	0
1673	0
1674	0
1675	0
1676	0
1677	-1
1678	0
1679	0
1680	0
1681	0
1682	0
1683	0
1684	0
1685	0
1686	0
1687	0
1688	0
1689	-1
1690	0
1691	-1
1692	-1
1693	0
1694	0
1695	0
1696	-2
1697	0
1698	-1
1699	0
1700	-2
1701	-1
1702	-1
1703	-1
1704	-2
1705	0
1706	-1
1707	0
1708	-2
1709	-1
1710	-1
1711	0
1712	-1
1713	0
1714	-1
1715	0
1716	0
1717	0
1718	0
1719	1
1720	0
1721	1
1722	1
1723	0
1724	0
1725	1
1726	1
1727	2
1728	0
1729	1
1730	1
1731	3
1732	1
1733	2
1734	1
1735	1
1736	2
1737	2
1738	0
1739	2
1740	2
1741	3
1742	2
1743	2
1744	2
1745	1
1746	1
1747	3
1748	3
1749	2
1750	2
1751	2
1752	2
1753	2
1754	2
1755	2
1756	1
1757	3
1758	1
1759	2
1760	3
1761	2
1762	1
1763	3
1764	2
1765	2
1766	2
1767	2
1768	3
1769	3
1770	2
1771	2
1772	3
1773	2
1774	2
1775	3
1776	2
1777	2
1778	2
1779	2
1780	2
1781	1
1782	2
1783	2
1784	1
1785	2
1786	2
1787	2
1788	1
1789	2
1790	0
1791	1
1792	0
1793	1
1794	0
1795	0
1796	0
1797	0
1798	0
1799	0
1800	0
1801	0
1802	0
1803	0
1804	0
1805	0
1806	0
1807	0
1808	0
1809	0
1810	0
1811	0
1812	0
1813	0
1814	0
1815	0
1816	0
1817	-1
1818	0
1819	0
1820	0
1821	0
1822	-1
1823	-1
1824	-1
1825	0
1826	0
1827	0
1828	0
1829	-1
1830	0
1831	0
1832	0
1833	0
1834	0
1835	0
1836	0
1837	0
1838	0
1839	0
1840	0
1841	0
1842	0
1843	0
1844	0
1845	0
1846	0
1847	0
1848	0
1849	0
1850	0
1851	0
1852	0
1853	0
1854	0
1855	-1
1856	-1
1857	-1
1858	-1
1859	0
1860	-1
1861	-1
1862	-2
1863	0
1864	-1
1865	-1
1866	-2
1867	0
1868	-1
1869	-1
1870	-1
1871	0
1872	-1
1873	0
1874	0
1875	0
1876	-1
1877	0
1878	0
1879	0
1880	0
1881	0
1882	0
1883	0
1884	0
1885	0
1886	0
1887	0
1888	0
1889	0
1890	0
1891	0
1892	0
1893	-1
1894	0
1895	0
1896	0
1897	-1
1898	0
1899	0
1900	-1
1901	-1
1902	0
1903	-1
1904	-1
1905	-1
1906	-1
1907	0
1908	-1
1909	-1
1910	-1
1911	-1
1912	0
1913	0
1914	0
1915	-1
1916	-1
1917	0
1918	-1
1919	0
1920	-1
1921	0
1922	0
1923	0
1924	-1
1925	0
1926	0
1927	0
1928	0
1929	0
1930	0
1931	0
1932	0
1933	0
1934	0
1935	0
1936	-1
1937	0
1938	0
1939	0
1940	-1
1941	0
1942	-1
1943	0
1944	0
1945	0
1946	-1
1947	-1
1948	-1
1949	0
1950	-1
1951	-1
1952	0
1953	0
1954	-1
1955	0
1956	-1
1957	0
1958	-1
1959	-1
1960	0
1961	0
1962	0
1963	0
1964	-1
1965	-1
1966	-1
1967	0
1968	-2
1969	0
1970	-1
1971	0
1972	-1
1973	0
1974	-1
1975	0
1976	-1
1977	-1
1978	0
1979	0
1980	-1
1981	-1
1982	0
1983	0
1984	-1
1985	0
1986	-1
1987	-1
1988	-1
1989	-1
1990	-1
1991	0
1992	-1
1993	-1
1994	-1
1995	-2
1996	-2
1997	-1
1998	-1
1999	-1
