0	0
1	0
2	0
3	0
4	0
5	0
6	0
7	0
8	0
9	0
10	0
11	0
12	0
13	0
14	0
15	0
16	0
17	0
18	0
19	0
20	0
21	0
22	0
23	0
24	0
25	0
26	0
27	0
28	0
29	0
30	0
31	0
32	0
33	0
34	0
35	1
36	0
37	0
38	0
39	0
40	1
41	0
42	1
43	0
44	0
45	1
46	0
47	1
48	0
49	1
50	0
51	1
52	0
53	0
54	0
55	0
56	0
57	0
58	-1
59	0
60	0
61	0
62	-1
63	0
64	0
65	0
66	0
67	0
68	0
69	0
70	0
71	0
72	-1
73	0
74	-1
75	0
76	0
77	0
78	0
79	0
80	0
81	0
82	-1
83	0
84	-1
85	0
86	0
87	0
88	0
89	0
90	0
91	0
92	-1
93	0
94	-1
95	0
96	-1
97	0
98	0
99	0
100	0
101	0
102	0
103	0
104	0
105	0
106	0
107	0
108	0
109	0
110	-1
111	0
112	-1
113	0
114	0
115	0
116	0
117	0
118	0
119	0
120	0
121	0
122	0
123	0
124	0
125	0
126	0
127	0
128	0
129	0
130	0
131	1
132	0
133	0
134	0
135	1
136	0
137	1
138	0
139	0
140	0
141	2
142	0
143	1
144	0
145	0
146	0
147	0
148	0
149	0
150	0
151	0
152	0
153	1
154	0
155	0
156	0
157	0
158	0
159	0
160	0
161	0
162	0
163	0
164	0
165	0
166	0
167	0
168	0
169	0
170	0
171	0
172	0
173	0
174	0
175	0
176	0
177	0
178	0
179	0
180	0
181	1
182	0
183	1
184	0
185	0
186	0
187	0
188	0
189	0
190	0
191	0
192	0
193	0
194	0
195	0
196	0
197	0
198	0
199	0
200	0
201	0
202	0
203	0
204	0
205	0
206	0
207	0
208	0
209	0
210	0
211	0
212	0
213	0
214	0
215	0
216	-1
217	0
218	0
219	0
220	0
221	0
222	0
223	0
224	0
225	0
226	0
227	0
228	0
229	0
230	0
231	0
232	0
233	0
234	0
235	0
236	0
237	1
238	0
239	0
240	0
241	0
242	0
243	0
244	0
245	0
246	0
247	0
248	0
249	0
250	0
251	0
252	0
253	0
254	0
255	0
256	0
257	0
258	0
259	0
260	0
261	0
262	0
263	0
264	0
265	0
266	0
267	0
268	0
269	0
270	0
271	0
272	0
273	0
274	0
275	0
276	0
277	0
278	0
279	0
280	0
281	0
282	0
283	0
284	0
285	1
286	0
287	0
288	0
289	0
290	0
291	0
292	0
293	0
294	0
295	0
296	0
297	0
298	0
299	0
300	0
301	0
302	0
303	0
304	0
305	0
306	0
307	0
308	0
309	0
310	0
311	0
312	0
313	0
314	0
315	0
316	0
317	0
318	0
319	0
320	0
321	0
322	0
323	0
324	0
325	0
326	0
327	0
328	0
329	0
330	0
331	0
332	0
333	0
334	0
335	0
336	0
337	0
338	0
339	0
340	0
341	0
342	0
343	0
344	0
345	0
346	0
347	1
348	0
349	0
350	0
351	0
352	0
353	1
354	0
355	0
356	0
357	0
358	0
359	0
360	0
361	0
362	0
363	0
364	0
365	0
366	0
367	0
368	0
369	0
370	0
371	0
372	0
373	0
374	0
375	0
376	0
377	0
378	0
379	0
380	0
381	0
382	0
383	0
384	0
385	0
386	0
387	0
388	0
389	0
390	0
391	0
392	0
393	0
394	0
395	0
396	0
397	0
398	0
399	1
400	0
401	0
402	0
403	0
404	0
405	0
406	0
407	0
408	0
409	0
410	0
411	0
412	0
413	0
414	0
415	0
416	0
417	1
418	0
419	0
420	0
421	0
422	0
423	0
424	0
425	1
426	1
427	2
428	1
429	3
430	2
431	4
432	5
433	7
434	8
435	12
436	11
437	16
438	16
439	20
440	22
441	24
442	25
443	30
444	31
445	37
446	38
447	43
448	45
449	50
450	50
451	54
452	57
453	60
454	62
455	66
456	66
457	70
458	71
459	76
460	76
461	78
462	79
463	82
464	83
465	85
466	86
467	88
468	88
469	90
470	88
471	90
472	89
473	91
474	89
475	91
476	89
477	91
478	89
479	91
480	88
481	90
482	87
483	89
484	85
485	86
486	83
487	85
488	83
489	83
490	81
491	82
492	79
493	79
494	76
495	76
496	75
497	76
498	76
499	78
500	62
501	70
502	66
503	66
504	65
505	66
506	63
507	63
508	58
509	62
510	55
511	56
512	54
513	56
514	53
515	53
516	49
517	50
518	45
519	46
520	43
521	44
522	43
523	43
524	41
525	41
526	38
527	39
528	35
529	36
530	32
531	33
532	31
533	30
534	28
535	28
536	27
537	27
538	25
539	25
540	24
541	24
542	22
543	22
544	20
545	22
546	16
547	18
548	15
549	16
550	13
551	13
552	10
553	12
554	9
555	10
556	8
557	8
558	7
559	8
560	6
561	7
562	5
563	6
564	4
565	5
566	3
567	4
568	2
569	3
570	2
571	3
572	3
573	3
574	2
575	4
576	0
577	2
578	0
579	1
580	0
581	1
582	0
583	1
584	0
585	1
586	0
587	0
588	0
589	1
590	0
591	1
592	0
593	0
594	-1
595	0
596	-1
597	0
598	-2
599	-1
600	-1
601	-1
602	-1
603	-1
604	-2
605	0
606	-1
607	0
608	-1
609	-2
610	-2
611	-1
612	-1
613	-1
614	-2
615	-1
616	-1
617	-1
618	-1
619	-1
620	-2
621	-2
622	-1
623	-2
624	-1
625	-1
626	-3
627	-1
628	-1
629	0
630	-2
631	0
632	-4
633	0
634	-3
635	0
636	-3
637	-1
638	-3
639	-1
640	-2
641	-3
642	-3
643	-2
644	-2
645	-3
646	-4
647	-3
648	-4
649	-3
650	-5
651	-2
652	-3
653	-3
654	-5
655	-1
656	-4
657	-3
658	-4
659	-3
660	-4
661	-3
662	-4
663	-1
664	-4
665	-1
666	-4
667	0
668	-2
669	0
670	-2
671	0
672	-2
673	-1
674	-3
675	-1
676	-2
677	-1
678	-2
679	-1
680	-3
681	-2
682	-2
683	-2
684	-3
685	-1
686	-4
687	-1
688	-4
689	-2
690	-4
691	-2
692	-5
693	-2
694	-4
695	-2
696	-4
697	-3
698	-4
699	-3
700	-4
701	-2
702	-2
703	-2
704	-4
705	0
706	-4
707	-2
708	-3
709	-3
710	-3
711	-1
712	-2
713	-1
714	-3
715	-2
716	-3
717	-2
718	-4
719	-2
720	-4
721	-1
722	-5
723	-1
724	-3
725	-1
726	-4
727	-1
728	-4
729	-1
730	-2
731	-2
732	-3
733	-1
734	-4
735	-2
736	-3
737	-2
738	-3
739	-1
740	-3
741	0
742	-3
743	0
744	-5
745	-2
746	-5
747	-1
748	-3
749	-3
750	-5
751	-3
752	-5
753	-3
754	-4
755	-3
756	-4
757	-4
758	-5
759	-4
760	-5
761	-4
762	-6
763	-2
764	-4
765	-1
766	-6
767	-2
768	-4
769	-2
770	-5
771	-3
772	-6
773	-4
774	-6
775	-4
776	-5
777	-4
778	-5
779	-4
780	-6
781	-4
782	-6
783	-4
784	-6
785	-4
786	-7
787	-3
788	-7
789	-4
790	-5
791	-4
792	-6
793	-3
794	-5
795	-3
796	-5
797	-3
798	-3
799	-3
800	-4
801	-1
802	-4
803	-1
804	-3
805	-2
806	-5
807	-3
808	-4
809	-4
810	-4
811	-2
812	-4
813	-2
814	-7
815	-3
816	-4
817	-3
818	-5
819	-2
820	-7
821	-3
822	-7
823	-4
824	-6
825	-4
826	-5
827	-4
828	-6
829	-5
830	-4
831	-4
832	-6
833	-4
834	-4
835	-4
836	-4
837	-2
838	-5
839	-3
840	-6
841	-2
842	-4
843	-3
844	-5
845	-3
846	-4
847	-3
848	-5
849	-2
850	-5
851	-1
852	-5
853	-2
854	-4
855	-1
856	-4
857	-2
858	-4
859	-2
860	-4
861	-2
862	-4
863	-2
864	-3
865	-3
866	-4
867	-2
868	-5
869	-3
870	-4
871	-4
872	-5
873	-3
874	-5
875	-2
876	-5
877	-3
878	-6
879	-4
880	-4
881	-4
882	-6
883	-4
884	-5
885	-2
886	-6
887	-3
888	-5
889	-4
890	-6
891	-4
892	-6
893	-4
894	-7
895	-6
896	-6
897	-4
898	-5
899	-4
900	-5
901	-4
902	-4
903	-3
904	-5
905	-2
906	-4
907	-3
908	-3
909	-2
910	-5
911	-2
912	-5
913	-2
914	-3
915	-3
916	-4
917	-3
918	-4
919	-3
920	-4
921	-3
922	-4
923	-4
924	-5
925	-2
926	-4
927	-3
928	-3
929	-1
930	-5
931	-2
932	-4
933	-3
934	-4
935	-3
936	-3
937	-3
938	-4
939	-2
940	-4
941	-2
942	-4
943	-3
944	-5
945	-2
946	-5
947	-3
948	-4
949	-3
950	-4
951	-2
952	-4
953	-3
954	-3
955	-3
956	-5
957	-2
958	-4
959	-3
960	-2
961	-1
962	-4
963	-2
964	-4
965	-3
966	-4
967	-2
968	-4
969	-2
970	-4
971	-2
972	-5
973	-3
974	-5
975	-3
976	-5
977	-3
978	-3
979	-4
980	-5
981	-2
982	-5
983	-3
984	-6
985	-3
986	-4
987	-3
988	-4
989	-2
990	-4
991	-2
992	-4
993	-2
994	-4
995	-2
996	-4
997	-3
998	-4
999	-3
1000	-4
1001	-2
1002	-4
1003	-2
1004	-4
1005	-2
1006	-5
1007	-2
1008	-5
1009	-2
1010	-4
1011	-2
1012	-3
1013	-3
1014	-3
1015	-2
1016	-2
1017	-1
1018	-4
1019	-2
1020	-4
1021	-3
1022	-4
1023	-3
1024	-4
1025	-4
1026	-4
1027	-3
1028	-5
1029	-3
1030	-4
1031	-1
1032	-4
1033	-2
1034	-3
1035	-3
1036	-5
1037	-3
1038	-5
1039	-3
1040	-3
1041	-1
1042	-4
1043	-2
1044	-4
1045	-2
1046	-2
1047	-1
1048	-4
1049	-1
1050	-2
1051	-1
1052	-4
1053	-2
1054	-1
1055	0
1056	-2
1057	-1
1058	-2
1059	-1
1060	-3
1061	-1
1062	-4
1063	-1
1064	-4
1065	-1
1066	-4
1067	-1
1068	-4
1069	-1
1070	-4
1071	-2
1072	-5
1073	-4
1074	-6
1075	-2
1076	-6
1077	-4
1078	-4
1079	-3
1080	-6
1081	-4
1082	-5
1083	-4
1084	-5
1085	-4
1086	-4
1087	-3
1088	-4
1089	-3
1090	-4
1091	-1
1092	-4
1093	-2
1094	-3
1095	-2
1096	-3
1097	0
1098	-2
1099	-1
1100	-3
1101	-2
1102	-1
1103	0
1104	-1
1105	0
1106	0
1107	0
1108	0
1109	0
1110	0
1111	0
1112	-1
1113	0
1114	-2
1115	0
1116	-1
1117	0
1118	-1
1119	0
1120	-1
1121	0
1122	-2
1123	0
1124	-1
1125	0
1126	0
1127	0
1128	-2
1129	0
1130	-1
1131	0
1132	-1
1133	0
1134	-1
1135	0
1136	-3
1137	0
1138	-3
1139	0
1140	-3
1141	0
1142	-3
1143	0
1144	-2
1145	0
1146	-2
1147	0
1148	-2
1149	0
1150	-2
1151	0
1152	-2
1153	0
1154	-2
1155	0
1156	-2
1157	0
1158	-2
1159	0
1160	-2
1161	0
1162	-2
1163	0
1164	-3
1165	0
1166	-1
1167	0
1168	-1
1169	0
1170	0
1171	0
1172	-2
1173	0
1174	0
1175	0
1176	-2
1177	0
1178	0
1179	0
1180	-1
1181	0
1182	-2
1183	0
1184	-1
1185	1
1186	-1
1187	0
1188	-1
1189	0
1190	-2
1191	0
1192	-1
1193	1
1194	-1
1195	1
1196	-1
1197	0
1198	-1
1199	0
1200	0
1201	0
1202	-1
1203	0
1204	-1
1205	0
1206	-2
1207	0
1208	-1
1209	-1
1210	-3
1211	-1
1212	-2
1213	0
1214	-2
1215	0
1216	-3
1217	-1
1218	-1
1219	0
1220	-2
1221	0
1222	-2
1223	0
1224	-2
1225	0
1226	-3
1227	0
1228	-1
1229	0
1230	-2
1231	0
1232	-3
1233	-1
1234	-2
1235	-1
1236	-1
1237	0
1238	-2
1239	-1
1240	-1
1241	-1
1242	-2
1243	0
1244	-2
1245	0
1246	-3
1247	-1
1248	-1
1249	0
1250	-2
1251	-2
1252	-2
1253	-1
1254	-1
1255	0
1256	-3
1257	-1
1258	0
1259	-1
1260	-2
1261	0
1262	-3
1263	0
1264	-2
1265	-1
1266	-3
1267	-1
1268	-2
1269	0
1270	-3
1271	0
1272	-3
1273	0
1274	-2
1275	0
1276	-2
1277	-1
1278	-2
1279	-1
1280	-3
1281	0
1282	-3
1283	-1
1284	-3
1285	-1
1286	-1
1287	0
1288	-2
1289	0
1290	-3
1291	0
1292	-2
1293	0
1294	-2
1295	0
1296	-2
1297	0
1298	-1
1299	-1
1300	-1
1301	0
1302	-2
1303	0
1304	-2
1305	0
1306	-1
1307	0
1308	-1
1309	0
1310	-2
1311	0
1312	-2
1313	0
1314	-2
1315	0
1316	-1
1317	1
1318	-1
1319	0
1320	-1
1321	0
1322	-2
1323	0
1324	-2
1325	1
1326	0
1327	0
1328	0
1329	0
1330	0
1331	0
1332	1
1333	0
1334	0
1335	0
1336	0
1337	0
1338	-1
1339	0
1340	0
1341	0
1342	0
1343	0
1344	-2
1345	0
1346	-2
1347	0
1348	-2
1349	0
1350	-2
1351	0
1352	-2
1353	0
1354	-2
1355	0
1356	-2
1357	0
1358	0
1359	-1
1360	-1
1361	0
1362	-2
1363	0
1364	-3
1365	-1
1366	-2
1367	-1
1368	-1
1369	0
1370	-3
1371	0
1372	-1
1373	0
1374	-3
1375	0
1376	-2
1377	-1
1378	-2
1379	0
1380	-1
1381	-1
1382	-2
1383	0
1384	-1
1385	-1
1386	-1
1387	-1
1388	-2
1389	0
1390	-3
1391	-1
1392	-3
1393	0
1394	-1
1395	0
1396	-1
1397	-1
1398	-1
1399	-1
1400	-1
1401	-1
1402	0
1403	0
1404	0
1405	0
1406	-2
1407	0
1408	-2
1409	0
1410	0
1411	0
1412	0
1413	1
1414	0
1415	0
1416	0
1417	0
1418	0
1419	0
1420	0
1421	0
1422	0
1423	0
1424	0
1425	0
1426	0
1427	0
1428	0
1429	0
1430	0
1431	0
1432	0
1433	1
1434	-1
1435	0
1436	0
1437	0
1438	-1
1439	0
1440	0
1441	1
1442	0
1443	0
1444	0
1445	0
1446	0
1447	0
1448	0
1449	0
1450	0
1451	0
1452	0
1453	0
1454	0
1455	0
1456	-1
1457	0
1458	0
1459	0
1460	0
1461	0
1462	0
1463	0
1464	0
1465	-1
1466	0
1467	0
1468	0
1469	0
1470	0
1471	0
1472	0
1473	0
1474	-1
1475	0
1476	-2
1477	0
1478	-2
1479	0
1480	-2
1481	0
1482	-1
1483	0
1484	-2
1485	-1
1486	-2
1487	0
1488	-2
1489	0
1490	-2
1491	-1
1492	-4
1493	0
1494	-2
1495	-1
1496	-2
1497	-1
1498	-2
1499	-1
1500	-3
1501	0
1502	-2
1503	0
1504	-3
1505	-2
1506	-2
1507	-2
1508	-3
1509	-2
1510	-2
1511	-1
1512	-3
1513	-1
1514	-3
1515	-1
1516	-3
1517	-1
1518	-2
1519	-1
1520	-3
1521	-1
1522	-2
1523	-2
1524	-1
1525	-1
1526	-2
1527	-1
1528	-2
1529	-2
1530	-1
1531	0
1532	-2
1533	0
1534	-1
1535	0
1536	-1
1537	0
1538	-1
1539	0
1540	-1
1541	-1
1542	-1
1543	-1
1544	-1
1545	-1
1546	-1
1547	0
1548	-1
1549	0
1550	-1
1551	-1
1552	-1
1553	-1
1554	-2
1555	-1
1556	-3
1557	-1
1558	-3
1559	-1
1560	-2
1561	-1
1562	-2
1563	-1
1564	-2
1565	0
1566	-4
1567	0
1568	-1
1569	-1
1570	-1
1571	0
1572	-2
1573	0
1574	-2
1575	0
1576	-1
1577	-1
1578	-1
1579	0
1580	-1
1581	0
1582	-1
1583	0
1584	0
1585	0
1586	0
1587	0
1588	0
1589	0
1590	0
1591	0
1592	0
1593	1
1594	0
1595	1
1596	0
1597	1
1598	0
1599	1
1600	0
1601	1
1602	0
1603	1
1604	0
1605	1
1606	0
1607	1
1608	0
1609	0
1610	0
1611	0
1612	0
1613	0
1614	0
1615	0
1616	0
1617	0
1618	0
1619	0
1620	0
1621	0
1622	0
1623	1
1624	0
1625	1
1626	0
1627	1
1628	0
1629	0
1630	0
1631	0
1632	0
1633	0
1634	0
1635	0
1636	0
1637	0
1638	-2
1639	0
1640	0
1641	0
1642	-1
1643	0
1644	0
1645	0
1646	0
1647	0
1648	0
1649	0
1650	-1
1651	-1
1652	-1
1653	0
1654	-1
1655	0
1656	-1
1657	0
1658	0
1659	0
1660	-1
1661	0
1662	0
1663	1
1664	0
1665	1
1666	0
1667	1
1668	0
1669	1
1670	0
1671	1
1672	0
1673	0
1674	0
1675	1
1676	0
1677	0
1678	0
1679	0
1680	0
1681	0
1682	0
1683	0
1684	0
1685	0
1686	0
1687	0
1688	0
1689	0
1690	0
1691	0
1692	0
1693	0
1694	0
1695	1
1696	0
1697	1
1698	0
1699	1
1700	0
1701	0
1702	0
1703	1
1704	0
1705	2
1706	0
1707	2
1708	1
1709	2
1710	1
1711	2
1712	1
1713	1
1714	1
1715	3
1716	1
1717	2
1718	1
1719	2
1720	2
1721	2
1722	2
1723	2
1724	1
1725	2
1726	1
1727	1
1728	0
1729	0
1730	1
1731	1
1732	1
1733	2
1734	0
1735	1
1736	0
1737	1
1738	0
1739	0
1740	0
1741	0
1742	0
1743	0
1744	0
1745	0
1746	0
1747	0
1748	-1
1749	0
1750	0
1751	0
1752	0
1753	0
1754	0
1755	0
1756	0
1757	1
1758	-1
1759	0
1760	0
1761	0
1762	0
1763	0
1764	0
1765	0
1766	-1
1767	0
1768	0
1769	0
1770	-1
1771	0
1772	-1
1773	0
1774	-1
1775	0
1776	0
1777	0
1778	0
1779	0
1780	0
1781	0
1782	-1
1783	0
1784	-1
1785	-1
1786	0
1787	0
1788	0
1789	0
1790	-1
1791	0
1792	0
1793	0
1794	-1
1795	0
1796	-1
1797	0
1798	-1
1799	0
1800	-1
1801	0
1802	-1
1803	0
1804	-1
1805	0
1806	-2
1807	0
1808	0
1809	0
1810	0
1811	0
1812	0
1813	0
1814	0
1815	0
1816	-1
1817	0
1818	-1
1819	0
1820	-1
1821	-1
1822	-1
1823	0
1824	-1
1825	-1
1826	-1
1827	-1
1828	-1
1829	-1
1830	-2
1831	0
1832	-2
1833	-1
1834	-2
1835	-1
1836	-2
1837	0
1838	-1
1839	-1
1840	-2
1841	-1
1842	0
1843	0
1844	-2
1845	0
1846	-1
1847	0
1848	-1
1849	0
1850	-1
1851	-1
1852	-2
1853	0
1854	-2
1855	-1
1856	-2
1857	-1
1858	-2
1859	-1
1860	-2
1861	0
1862	-1
1863	-1
1864	-2
1865	0
1866	-2
1867	-1
1868	-3
1869	0
1870	-1
1871	0
1872	-2
1873	-1
1874	-2
1875	0
1876	-3
1877	0
1878	-1
1879	0
1880	-1
1881	-1
1882	-1
1883	0
1884	-1
1885	0
1886	-1
1887	0
1888	-1
1889	-1
1890	-2
1891	-1
1892	-2
1893	0
1894	-1
1895	0
1896	-2
1897	-1
1898	-1
1899	-2
1900	-2
1901	-1
1902	-1
1903	0
1904	-3
1905	-1
1906	-2
1907	-1
1908	-2
1909	-2
1910	-2
1911	-2
1912	-2
1913	-1
1914	-3
1915	-1
1916	-2
1917	-1
1918	-2
1919	-1
1920	-2
1921	-1
1922	-1
1923	-1
1924	-3
1925	-1
1926	-2
1927	-1
1928	-2
1929	0
1930	-1
1931	-1
1932	-3
1933	0
1934	-1
1935	-1
1936	-2
1937	0
1938	-2
1939	-1
1940	-2
1941	-1
1942	-3
1943	-1
1944	-2
1945	-1
1946	-1
1947	0
1948	-2
1949	0
1950	-2
1951	0
1952	-2
1953	0
1954	-1
1955	0
1956	-2
1957	-1
1958	-1
1959	0
1960	-1
1961	0
1962	-1
1963	-1
1964	-1
1965	-1
1966	-2
1967	0
1968	-2
1969	0
1970	-3
1971	0
1972	-2
1973	-1
1974	-2
1975	-1
1976	-1
1977	0
1978	-1
1979	-1
1980	-1
1981	0
1982	-1
1983	0
1984	-1
1985	0
1986	0
1987	0
1988	-1
1989	0
1990	-1
1991	0
1992	-1
1993	0
1994	-1
1995	-1
1996	-1
1997	0
1998	-1
1999	0
