0	1
1	4
2	1
3	4
4	2
5	4
6	3
7	3
8	2
9	2
10	3
11	4
12	2
13	3
14	2
15	3
16	1
17	4
18	2
19	2
20	1
21	4
22	0
23	6
24	1
25	5
26	3
27	5
28	2
29	4
30	2
31	4
32	3
33	3
34	2
35	3
36	1
37	3
38	1
39	4
40	2
41	1
42	1
43	3
44	0
45	3
46	2
47	4
48	1
49	5
50	1
51	4
52	2
53	4
54	2
55	3
56	2
57	3
58	1
59	4
60	2
61	4
62	1
63	4
64	1
65	3
66	3
67	4
68	2
69	4
70	4
71	3
72	3
73	3
74	2
75	3
76	2
77	4
78	1
79	3
80	2
81	4
82	3
83	3
84	0
85	2
86	1
87	4
88	2
89	3
90	2
91	3
92	2
93	4
94	3
95	3
96	1
97	3
98	2
99	3
100	1
101	3
102	2
103	2
104	1
105	3
106	1
107	3
108	1
109	3
110	2
111	2
112	1
113	3
114	2
115	4
116	2
117	4
118	4
119	4
120	4
121	5
122	2
123	5
124	2
125	4
126	1
127	4
128	3
129	4
130	2
131	4
132	1
133	4
134	2
135	4
136	2
137	4
138	3
139	3
140	2
141	3
142	2
143	3
144	2
145	3
146	2
147	2
148	1
149	4
150	2
151	4
152	3
153	4
154	2
155	3
156	1
157	3
158	1
159	3
160	2
161	3
162	3
163	3
164	1
165	3
166	1
167	3
168	2
169	3
170	1
171	4
172	2
173	3
174	2
175	4
176	1
177	3
178	2
179	3
180	2
181	3
182	1
183	2
184	3
185	3
186	3
187	3
188	2
189	2
190	2
191	3
192	3
193	5
194	2
195	3
196	3
197	4
198	2
199	4
200	3
201	4
202	4
203	4
204	2
205	5
206	3
207	4
208	2
209	5
210	3
211	4
212	3
213	3
214	2
215	4
216	1
217	4
218	2
219	4
220	2
221	4
222	2
223	5
224	3
225	3
226	2
227	4
228	1
229	4
230	1
231	2
232	1
233	4
234	1
235	4
236	2
237	4
238	0
239	3
240	2
241	4
242	1
243	2
244	2
245	1
246	2
247	3
248	2
249	4
250	1
251	4
252	1
253	3
254	0
255	2
256	2
257	2
258	2
259	3
260	0
261	2
262	1
263	1
264	2
265	2
266	2
267	3
268	2
269	3
270	2
271	2
272	2
273	2
274	0
275	2
276	2
277	5
278	1
279	3
280	2
281	3
282	1
283	4
284	2
285	3
286	2
287	3
288	1
289	3
290	1
291	3
292	2
293	4
294	3
295	5
296	2
297	5
298	1
299	4
300	2
301	3
302	3
303	4
304	2
305	4
306	2
307	4
308	2
309	3
310	2
311	3
312	1
313	4
314	1
315	4
316	2
317	4
318	1
319	4
320	1
321	4
322	2
323	4
324	2
325	3
326	2
327	3
328	2
329	2
330	1
331	4
332	1
333	3
334	1
335	3
336	2
337	4
338	1
339	5
340	2
341	4
342	0
343	3
344	0
345	3
346	1
347	5
348	3
349	3
350	1
351	2
352	1
353	3
354	3
355	2
356	0
357	3
358	1
359	3
360	1
361	2
362	1
363	2
364	1
365	4
366	2
367	3
368	2
369	4
370	1
371	4
372	1
373	2
374	1
375	4
376	2
377	4
378	1
379	3
380	2
381	3
382	1
383	3
384	2
385	4
386	1
387	4
388	2
389	5
390	2
391	4
392	2
393	4
394	1
395	3
396	1
397	4
398	3
399	5
400	2
401	5
402	1
403	5
404	1
405	4
406	1
407	3
408	2
409	7
410	2
411	6
412	1
413	4
414	3
415	4
416	1
417	2
418	2
419	2
420	1
421	2
422	1
423	2
424	1
425	3
426	1
427	3
428	1
429	4
430	2
431	3
432	2
433	4
434	3
435	5
436	0
437	4
438	2
439	6
440	3
441	4
442	4
443	7
444	5
445	9
446	7
447	9
448	8
449	10
450	10
451	13
452	13
453	17
454	16
455	19
456	19
457	21
458	22
459	25
460	24
461	28
462	27
463	30
464	29
465	32
466	32
467	35
468	34
469	39
470	39
471	42
472	41
473	44
474	41
475	47
476	46
477	49
478	49
479	50
480	50
481	54
482	54
483	55
484	58
485	60
486	59
487	62
488	62
489	64
490	64
491	65
492	67
493	68
494	69
495	70
496	70
497	71
498	71
499	78
500	62
501	73
502	67
503	71
504	68
505	70
506	69
507	70
508	68
509	68
510	67
511	68
512	64
513	67
514	63
515	64
516	63
517	61
518	62
519	60
520	60
521	59
522	58
523	57
524	55
525	55
526	53
527	53
528	51
529	51
530	49
531	50
532	47
533	47
534	46
535	45
536	45
537	44
538	42
539	41
540	38
541	40
542	37
543	37
544	34
545	33
546	31
547	31
548	30
549	29
550	30
551	28
552	27
553	26
554	24
555	24
556	23
557	23
558	23
559	22
560	21
561	21
562	20
563	21
564	17
565	20
566	18
567	19
568	16
569	17
570	13
571	14
572	12
573	14
574	10
575	12
576	10
577	13
578	11
579	11
580	11
581	11
582	8
583	10
584	9
585	10
586	7
587	9
588	6
589	7
590	6
591	8
592	5
593	8
594	4
595	7
596	5
597	6
598	3
599	5
600	3
601	4
602	1
603	6
604	2
605	4
606	2
607	4
608	3
609	3
610	1
611	4
612	1
613	3
614	1
615	3
616	1
617	1
618	0
619	2
620	0
621	1
622	0
623	1
624	0
625	2
626	0
627	1
628	0
629	2
630	0
631	2
632	0
633	1
634	0
635	1
636	1
637	1
638	0
639	2
640	1
641	0
642	1
643	2
644	0
645	2
646	2
647	1
648	1
649	1
650	2
651	3
652	2
653	3
654	2
655	2
656	1
657	2
658	2
659	2
660	2
661	2
662	2
663	2
664	1
665	4
666	2
667	4
668	2
669	4
670	2
671	3
672	1
673	3
674	2
675	3
676	2
677	3
678	2
679	3
680	2
681	4
682	2
683	4
684	2
685	3
686	2
687	4
688	2
689	3
690	2
691	4
692	1
693	3
694	2
695	4
696	3
697	4
698	2
699	3
700	2
701	3
702	2
703	2
704	2
705	2
706	1
707	4
708	2
709	4
710	2
711	3
712	1
713	2
714	2
715	2
716	2
717	1
718	1
719	2
720	0
721	2
722	0
723	2
724	0
725	2
726	1
727	2
728	0
729	1
730	0
731	1
732	0
733	1
734	0
735	1
736	1
737	1
738	0
739	0
740	0
741	1
742	0
743	1
744	0
745	1
746	0
747	1
748	0
749	1
750	0
751	1
752	0
753	0
754	0
755	1
756	1
757	1
758	0
759	1
760	0
761	1
762	0
763	1
764	0
765	1
766	0
767	0
768	0
769	1
770	0
771	0
772	0
773	1
774	0
775	0
776	0
777	0
778	0
779	0
780	0
781	0
782	0
783	0
784	1
785	0
786	0
787	1
788	0
789	0
790	0
791	0
792	0
793	0
794	0
795	0
796	1
797	0
798	0
799	0
800	0
801	2
802	1
803	2
804	1
805	2
806	0
807	2
808	0
809	2
810	0
811	3
812	0
813	1
814	0
815	1
816	0
817	2
818	0
819	1
820	0
821	1
822	0
823	2
824	0
825	0
826	0
827	0
828	0
829	0
830	0
831	0
832	0
833	0
834	0
835	0
836	0
837	0
838	0
839	1
840	0
841	0
842	0
843	0
844	0
845	0
846	0
847	1
848	0
849	0
850	0
851	0
852	0
853	0
854	0
855	0
856	0
857	1
858	0
859	1
860	0
861	0
862	0
863	1
864	0
865	0
866	0
867	1
868	0
869	0
870	0
871	1
872	0
873	0
874	0
875	1
876	0
877	0
878	0
879	0
880	0
881	1
882	0
883	1
884	0
885	0
886	0
887	0
888	0
889	0
890	0
891	0
892	0
893	0
894	0
895	0
896	0
897	0
898	0
899	0
900	0
901	0
902	0
903	0
904	0
905	0
906	0
907	0
908	0
909	0
910	0
911	0
912	0
913	0
914	0
915	0
916	0
917	0
918	0
919	1
920	0
921	1
922	0
923	1
924	0
925	0
926	0
927	1
928	0
929	0
930	0
931	1
932	0
933	1
934	0
935	1
936	0
937	1
938	0
939	1
940	0
941	0
942	0
943	0
944	0
945	0
946	0
947	0
948	0
949	0
950	0
951	0
952	0
953	0
954	0
955	0
956	0
957	0
958	0
959	0
960	0
961	0
962	0
963	0
964	0
965	0
966	0
967	0
968	0
969	0
970	0
971	0
972	1
973	0
974	1
975	1
976	0
977	0
978	0
979	1
980	0
981	1
982	0
983	0
984	0
985	1
986	0
987	0
988	0
989	0
990	0
991	0
992	0
993	0
994	0
995	0
996	0
997	1
998	0
999	0
1000	0
1001	0
1002	0
1003	0
1004	0
1005	0
1006	0
1007	0
1008	0
1009	1
1010	0
1011	1
1012	0
1013	1
1014	0
1015	1
1016	1
1017	0
1018	0
1019	0
1020	0
1021	0
1022	0
1023	0
1024	0
1025	2
1026	0
1027	2
1028	0
1029	2
1030	0
1031	0
1032	0
1033	1
1034	0
1035	1
1036	0
1037	1
1038	0
1039	0
1040	0
1041	0
1042	0
1043	0
1044	0
1045	0
1046	0
1047	0
1048	0
1049	0
1050	0
1051	0
1052	0
1053	0
1054	0
1055	0
1056	0
1057	1
1058	0
1059	0
1060	0
1061	1
1062	0
1063	0
1064	0
1065	1
1066	1
1067	1
1068	0
1069	1
1070	1
1071	1
1072	1
1073	0
1074	0
1075	1
1076	0
1077	2
1078	1
1079	1
1080	1
1081	2
1082	1
1083	1
1084	1
1085	1
1086	2
1087	1
1088	1
1089	2
1090	1
1091	2
1092	1
1093	2
1094	1
1095	2
1096	1
1097	2
1098	1
1099	2
1100	1
1101	2
1102	1
1103	2
1104	1
1105	1
1106	1
1107	2
1108	1
1109	2
1110	1
1111	2
1112	1
1113	2
1114	2
1115	2
1116	2
1117	3
1118	1
1119	2
1120	1
1121	2
1122	1
1123	2
1124	2
1125	2
1126	2
1127	1
1128	1
1129	2
1130	1
1131	1
1132	1
1133	1
1134	1
1135	2
1136	1
1137	2
1138	1
1139	1
1140	1
1141	2
1142	1
1143	2
1144	2
1145	1
1146	2
1147	2
1148	1
1149	1
1150	1
1151	1
1152	1
1153	0
1154	1
1155	1
1156	0
1157	1
1158	0
1159	0
1160	0
1161	0
1162	0
1163	0
1164	0
1165	0
1166	0
1167	0
1168	0
1169	0
1170	0
1171	0
1172	0
1173	0
1174	0
1175	1
1176	0
1177	0
1178	0
1179	0
1180	0
1181	0
1182	0
1183	0
1184	0
1185	0
1186	1
1187	0
1188	0
1189	0
1190	0
1191	1
1192	0
1193	0
1194	0
1195	1
1196	0
1197	1
1198	0
1199	1
1200	0
1201	1
1202	0
1203	1
1204	0
1205	2
1206	0
1207	1
1208	0
1209	0
1210	0
1211	0
1212	0
1213	1
1214	0
1215	0
1216	0
1217	0
1218	0
1219	0
1220	0
1221	0
1222	0
1223	1
1224	0
1225	2
1226	0
1227	2
1228	0
1229	2
1230	0
1231	1
1232	0
1233	0
1234	0
1235	1
1236	1
1237	1
1238	1
1239	1
1240	0
1241	1
1242	0
1243	1
1244	0
1245	0
1246	0
1247	0
1248	0
1249	0
1250	0
1251	0
1252	0
1253	0
1254	0
1255	0
1256	0
1257	1
1258	0
1259	1
1260	0
1261	0
1262	0
1263	0
1264	0
1265	0
1266	0
1267	1
1268	0
1269	0
1270	0
1271	0
1272	0
1273	0
1274	0
1275	0
1276	0
1277	0
1278	0
1279	0
1280	0
1281	0
1282	0
1283	0
1284	0
1285	0
1286	0
1287	1
1288	0
1289	0
1290	0
1291	1
1292	0
1293	1
1294	0
1295	0
1296	0
1297	0
1298	0
1299	0
1300	0
1301	2
1302	0
1303	0
1304	0
1305	0
1306	0
1307	1
1308	0
1309	1
1310	0
1311	1
1312	0
1313	1
1314	0
1315	0
1316	0
1317	0
1318	0
1319	0
1320	0
1321	0
1322	0
1323	0
1324	0
1325	1
1326	1
1327	1
1328	0
1329	0
1330	0
1331	0
1332	0
1333	1
1334	0
1335	1
1336	0
1337	1
1338	0
1339	1
1340	0
1341	2
1342	0
1343	1
1344	0
1345	0
1346	0
1347	0
1348	0
1349	0
1350	0
1351	0
1352	0
1353	1
1354	0
1355	0
1356	0
1357	1
1358	1
1359	0
1360	1
1361	1
1362	0
1363	1
1364	0
1365	0
1366	1
1367	1
1368	0
1369	1
1370	0
1371	1
1372	0
1373	0
1374	0
1375	0
1376	0
1377	1
1378	0
1379	1
1380	0
1381	0
1382	0
1383	0
1384	0
1385	0
1386	0
1387	0
1388	0
1389	0
1390	0
1391	1
1392	0
1393	0
1394	0
1395	1
1396	0
1397	1
1398	0
1399	0
1400	0
1401	0
1402	0
1403	0
1404	0
1405	0
1406	0
1407	1
1408	0
1409	0
1410	0
1411	0
1412	0
1413	0
1414	0
1415	1
1416	0
1417	0
1418	0
1419	0
1420	0
1421	0
1422	0
1423	1
1424	0
1425	2
1426	0
1427	0
1428	0
1429	0
1430	0
1431	0
1432	0
1433	0
1434	0
1435	0
1436	0
1437	0
1438	0
1439	0
1440	0
1441	1
1442	0
1443	1
1444	0
1445	0
1446	0
1447	1
1448	0
1449	0
1450	0
1451	0
1452	1
1453	1
1454	0
1455	1
1456	1
1457	2
1458	0
1459	3
1460	0
1461	0
1462	0
1463	0
1464	0
1465	1
1466	0
1467	0
1468	0
1469	1
1470	0
1471	0
1472	0
1473	0
1474	0
1475	0
1476	0
1477	0
1478	0
1479	0
1480	0
1481	0
1482	0
1483	1
1484	0
1485	0
1486	0
1487	0
1488	0
1489	1
1490	0
1491	1
1492	0
1493	1
1494	0
1495	1
1496	0
1497	1
1498	0
1499	1
1500	0
1501	1
1502	0
1503	2
1504	0
1505	1
1506	0
1507	1
1508	0
1509	1
1510	0
1511	0
1512	0
1513	0
1514	1
1515	1
1516	0
1517	1
1518	0
1519	0
1520	0
1521	0
1522	0
1523	0
1524	0
1525	1
1526	0
1527	1
1528	0
1529	0
1530	0
1531	0
1532	0
1533	1
1534	0
1535	0
1536	1
1537	1
1538	0
1539	0
1540	0
1541	1
1542	0
1543	0
1544	0
1545	1
1546	0
1547	2
1548	0
1549	1
1550	0
1551	1
1552	0
1553	1
1554	0
1555	1
1556	0
1557	0
1558	0
1559	1
1560	0
1561	1
1562	0
1563	1
1564	0
1565	0
1566	0
1567	2
1568	0
1569	1
1570	0
1571	0
1572	0
1573	1
1574	0
1575	0
1576	0
1577	0
1578	0
1579	0
1580	0
1581	1
1582	0
1583	0
1584	0
1585	1
1586	0
1587	1
1588	0
1589	1
1590	0
1591	1
1592	0
1593	2
1594	0
1595	1
1596	0
1597	1
1598	0
1599	2
1600	1
1601	2
1602	0
1603	1
1604	0
1605	0
1606	0
1607	0
1608	0
1609	1
1610	0
1611	1
1612	0
1613	1
1614	0
1615	1
1616	0
1617	1
1618	0
1619	1
1620	1
1621	1
1622	0
1623	1
1624	0
1625	1
1626	0
1627	1
1628	1
1629	1
1630	0
1631	1
1632	0
1633	0
1634	0
1635	2
1636	0
1637	0
1638	0
1639	1
1640	0
1641	1
1642	0
1643	1
1644	0
1645	0
1646	0
1647	1
1648	0
1649	0
1650	0
1651	0
1652	0
1653	1
1654	1
1655	2
1656	0
1657	2
1658	0
1659	2
1660	1
1661	1
1662	0
1663	1
1664	1
1665	0
1666	1
1667	2
1668	1
1669	3
1670	0
1671	2
1672	1
1673	0
1674	1
1675	1
1676	0
1677	0
1678	0
1679	2
1680	0
1681	1
1682	0
1683	0
1684	1
1685	0
1686	1
1687	0
1688	0
1689	0
1690	0
1691	1
1692	0
1693	1
1694	0
1695	1
1696	0
1697	2
1698	0
1699	1
1700	0
1701	0
1702	0
1703	1
1704	0
1705	1
1706	1
1707	1
1708	1
1709	0
1710	0
1711	1
1712	0
1713	2
1714	0
1715	1
1716	0
1717	2
1718	0
1719	2
1720	0
1721	1
1722	0
1723	1
1724	1
1725	1
1726	0
1727	1
1728	0
1729	1
1730	0
1731	0
1732	0
1733	1
1734	0
1735	0
1736	0
1737	0
1738	0
1739	0
1740	0
1741	1
1742	0
1743	0
1744	0
1745	1
1746	0
1747	1
1748	0
1749	1
1750	0
1751	1
1752	0
1753	1
1754	0
1755	1
1756	0
1757	1
1758	0
1759	1
1760	0
1761	1
1762	0
1763	1
1764	0
1765	0
1766	0
1767	0
1768	0
1769	1
1770	1
1771	2
1772	0
1773	1
1774	0
1775	1
1776	0
1777	0
1778	1
1779	1
1780	0
1781	1
1782	2
1783	2
1784	1
1785	0
1786	0
1787	2
1788	0
1789	2
1790	1
1791	2
1792	0
1793	2
1794	0
1795	1
1796	0
1797	2
1798	0
1799	2
1800	1
1801	3
1802	1
1803	2
1804	1
1805	3
1806	1
1807	4
1808	0
1809	2
1810	0
1811	1
1812	0
1813	0
1814	0
1815	1
1816	0
1817	1
1818	0
1819	1
1820	0
1821	1
1822	0
1823	1
1824	0
1825	0
1826	0
1827	1
1828	0
1829	1
1830	0
1831	1
1832	0
1833	0
1834	0
1835	2
1836	0
1837	1
1838	0
1839	2
1840	0
1841	1
1842	0
1843	1
1844	0
1845	1
1846	1
1847	0
1848	1
1849	2
1850	1
1851	1
1852	0
1853	0
1854	1
1855	1
1856	0
1857	2
1858	0
1859	1
1860	0
1861	1
1862	0
1863	2
1864	0
1865	1
1866	1
1867	1
1868	0
1869	0
1870	0
1871	2
1872	0
1873	2
1874	0
1875	1
1876	1
1877	1
1878	1
1879	1
1880	1
1881	1
1882	1
1883	3
1884	1
1885	2
1886	0
1887	3
1888	0
1889	1
1890	0
1891	2
1892	0
1893	1
1894	0
1895	0
1896	2
1897	2
1898	1
1899	1
1900	0
1901	1
1902	1
1903	1
1904	0
1905	1
1906	0
1907	1
1908	0
1909	2
1910	0
1911	1
1912	0
1913	1
1914	0
1915	2
1916	0
1917	2
1918	0
1919	2
1920	0
1921	2
1922	1
1923	1
1924	0
1925	1
1926	0
1927	1
1928	0
1929	2
1930	0
1931	2
1932	0
1933	1
1934	0
1935	2
1936	0
1937	1
1938	0
1939	2
1940	0
1941	2
1942	0
1943	1
1944	0
1945	1
1946	0
1947	1
1948	0
1949	1
1950	0
1951	0
1952	0
1953	1
1954	0
1955	1
1956	0
1957	1
1958	0
1959	2
1960	1
1961	2
1962	1
1963	2
1964	1
1965	3
1966	1
1967	3
1968	0
1969	3
1970	1
1971	2
1972	0
1973	3
1974	0
1975	2
1976	0
1977	1
1978	0
1979	2
1980	0
1981	2
1982	0
1983	1
1984	0
1985	1
1986	0
1987	2
1988	0
1989	1
1990	0
1991	2
1992	0
1993	1
1994	0
1995	1
1996	0
1997	1
1998	0
1999	0
