0	1
1	4
2	1
3	5
4	1
5	5
6	1
7	5
8	1
9	5
10	2
11	6
12	1
13	5
14	1
15	5
16	1
17	4
18	1
19	4
20	2
21	4
22	2
23	6
24	2
25	5
26	1
27	5
28	1
29	5
30	1
31	4
32	1
33	4
34	1
35	4
36	1
37	4
38	0
39	5
40	3
41	4
42	1
43	4
44	1
45	5
46	2
47	6
48	3
49	5
50	1
51	6
52	2
53	5
54	1
55	7
56	2
57	5
58	3
59	5
60	2
61	6
62	2
63	6
64	2
65	6
66	3
67	6
68	2
69	5
70	1
71	6
72	1
73	4
74	2
75	6
76	2
77	5
78	3
79	6
80	2
81	5
82	2
83	5
84	1
85	5
86	2
87	6
88	2
89	4
90	2
91	5
92	2
93	4
94	2
95	5
96	1
97	5
98	1
99	6
100	1
101	4
102	0
103	6
104	2
105	6
106	2
107	5
108	3
109	6
110	1
111	6
112	1
113	5
114	1
115	6
116	2
117	7
118	1
119	5
120	1
121	4
122	2
123	4
124	1
125	4
126	1
127	5
128	2
129	7
130	2
131	5
132	1
133	4
134	1
135	5
136	2
137	4
138	1
139	5
140	2
141	4
142	2
143	5
144	1
145	5
146	2
147	6
148	1
149	5
150	1
151	6
152	2
153	5
154	1
155	4
156	2
157	5
158	1
159	5
160	1
161	6
162	1
163	5
164	2
165	4
166	1
167	4
168	1
169	7
170	2
171	6
172	1
173	6
174	2
175	6
176	1
177	7
178	2
179	6
180	1
181	7
182	2
183	6
184	1
185	6
186	2
187	5
188	0
189	4
190	1
191	5
192	2
193	6
194	3
195	5
196	2
197	5
198	3
199	5
200	3
201	6
202	3
203	4
204	2
205	6
206	1
207	5
208	2
209	6
210	1
211	3
212	2
213	5
214	1
215	3
216	1
217	4
218	1
219	5
220	1
221	4
222	2
223	4
224	1
225	5
226	0
227	6
228	0
229	5
230	0
231	6
232	0
233	5
234	0
235	5
236	1
237	5
238	1
239	5
240	1
241	6
242	0
243	5
244	1
245	5
246	1
247	6
248	2
249	4
250	2
251	5
252	3
253	6
254	3
255	7
256	1
257	6
258	2
259	6
260	1
261	6
262	2
263	6
264	3
265	5
266	2
267	6
268	2
269	5
270	2
271	6
272	1
273	4
274	2
275	6
276	1
277	6
278	1
279	7
280	0
281	6
282	0
283	7
284	2
285	6
286	2
287	7
288	1
289	6
290	1
291	6
292	2
293	6
294	1
295	6
296	1
297	6
298	3
299	6
300	1
301	5
302	0
303	6
304	0
305	7
306	0
307	6
308	2
309	5
310	1
311	4
312	1
313	5
314	1
315	5
316	2
317	4
318	2
319	3
320	1
321	6
322	1
323	5
324	1
325	4
326	1
327	6
328	2
329	5
330	2
331	5
332	1
333	6
334	2
335	7
336	2
337	8
338	2
339	6
340	1
341	6
342	1
343	5
344	1
345	6
346	1
347	7
348	0
349	5
350	1
351	6
352	1
353	5
354	0
355	5
356	0
357	6
358	1
359	6
360	2
361	6
362	3
363	6
364	2
365	5
366	1
367	4
368	1
369	6
370	3
371	5
372	2
373	4
374	2
375	5
376	2
377	5
378	0
379	7
380	2
381	7
382	3
383	7
384	2
385	7
386	2
387	6
388	2
389	7
390	1
391	6
392	1
393	6
394	2
395	7
396	1
397	7
398	1
399	6
400	1
401	6
402	2
403	7
404	1
405	5
406	1
407	7
408	2
409	7
410	1
411	6
412	2
413	5
414	1
415	6
416	3
417	7
418	2
419	7
420	3
421	7
422	3
423	6
424	3
425	6
426	3
427	8
428	4
429	7
430	5
431	9
432	6
433	11
434	8
435	13
436	11
437	14
438	13
439	17
440	16
441	22
442	19
443	24
444	23
445	28
446	28
447	33
448	31
449	37
450	35
451	42
452	39
453	43
454	41
455	48
456	46
457	51
458	49
459	52
460	51
461	57
462	54
463	59
464	56
465	60
466	57
467	62
468	58
469	63
470	58
471	65
472	60
473	66
474	62
475	67
476	63
477	66
478	63
479	66
480	64
481	67
482	65
483	67
484	67
485	70
486	68
487	69
488	67
489	71
490	66
491	69
492	67
493	69
494	69
495	71
496	72
497	73
498	73
499	78
500	62
501	74
502	68
503	70
504	68
505	70
506	67
507	72
508	67
509	71
510	66
511	68
512	65
513	66
514	62
515	65
516	62
517	65
518	60
519	64
520	60
521	61
522	56
523	57
524	54
525	55
526	53
527	54
528	51
529	54
530	50
531	51
532	46
533	50
534	44
535	46
536	42
537	43
538	39
539	40
540	38
541	38
542	35
543	38
544	34
545	35
546	32
547	33
548	32
549	32
550	29
551	31
552	28
553	30
554	27
555	28
556	25
557	27
558	24
559	26
560	21
561	25
562	19
563	24
564	18
565	22
566	15
567	19
568	14
569	18
570	13
571	18
572	12
573	15
574	10
575	15
576	9
577	13
578	8
579	11
580	8
581	9
582	7
583	7
584	4
585	7
586	5
587	8
588	6
589	7
590	5
591	7
592	4
593	7
594	4
595	6
596	3
597	6
598	4
599	5
600	3
601	6
602	3
603	4
604	1
605	4
606	2
607	4
608	2
609	4
610	1
611	4
612	1
613	4
614	2
615	3
616	0
617	2
618	0
619	3
620	0
621	2
622	0
623	2
624	0
625	2
626	0
627	0
628	0
629	1
630	0
631	1
632	0
633	0
634	0
635	0
636	0
637	1
638	0
639	1
640	0
641	1
642	0
643	1
644	0
645	1
646	1
647	1
648	0
649	2
650	0
651	0
652	0
653	1
654	0
655	2
656	0
657	0
658	0
659	1
660	0
661	1
662	0
663	1
664	0
665	0
666	0
667	1
668	0
669	0
670	0
671	0
672	0
673	0
674	0
675	0
676	0
677	0
678	0
679	0
680	0
681	0
682	0
683	0
684	0
685	0
686	0
687	0
688	0
689	1
690	0
691	0
692	0
693	0
694	0
695	0
696	0
697	1
698	0
699	2
700	0
701	0
702	0
703	1
704	0
705	1
706	0
707	1
708	0
709	0
710	0
711	2
712	0
713	1
714	0
715	1
716	0
717	0
718	0
719	1
720	0
721	1
722	0
723	2
724	0
725	1
726	0
727	1
728	0
729	0
730	0
731	0
732	0
733	1
734	0
735	0
736	0
737	0
738	0
739	1
740	0
741	1
742	0
743	0
744	0
745	2
746	0
747	1
748	0
749	0
750	0
751	0
752	0
753	0
754	0
755	2
756	0
757	1
758	0
759	1
760	0
761	0
762	0
763	0
764	0
765	0
766	0
767	1
768	0
769	0
770	0
771	0
772	0
773	0
774	0
775	0
776	0
777	0
778	0
779	0
780	0
781	0
782	0
783	1
784	0
785	2
786	0
787	0
788	0
789	0
790	0
791	0
792	0
793	0
794	0
795	0
796	0
797	1
798	0
799	1
800	0
801	0
802	0
803	0
804	0
805	0
806	0
807	0
808	0
809	0
810	0
811	0
812	0
813	0
814	0
815	0
816	0
817	0
818	-1
819	0
820	0
821	0
822	0
823	0
824	0
825	0
826	0
827	0
828	0
829	0
830	0
831	0
832	0
833	0
834	0
835	1
836	0
837	1
838	0
839	0
840	0
841	1
842	0
843	1
844	0
845	0
846	0
847	0
848	0
849	0
850	0
851	0
852	0
853	1
854	0
855	0
856	0
857	0
858	0
859	0
860	0
861	0
862	0
863	0
864	0
865	0
866	0
867	0
868	0
869	0
870	0
871	1
872	0
873	0
874	0
875	0
876	0
877	1
878	0
879	0
880	0
881	1
882	0
883	2
884	0
885	1
886	0
887	2
888	0
889	1
890	0
891	1
892	0
893	0
894	0
895	0
896	0
897	0
898	0
899	0
900	0
901	0
902	0
903	0
904	0
905	0
906	0
907	0
908	-1
909	0
910	0
911	0
912	0
913	0
914	0
915	0
916	0
917	0
918	0
919	0
920	0
921	0
922	0
923	0
924	0
925	0
926	0
927	0
928	0
929	0
930	0
931	0
932	0
933	0
934	0
935	0
936	0
937	0
938	0
939	0
940	0
941	0
942	0
943	1
944	0
945	0
946	0
947	0
948	0
949	1
950	0
951	0
952	0
953	1
954	0
955	1
956	0
957	1
958	0
959	1
960	0
961	0
962	0
963	0
964	0
965	0
966	0
967	0
968	0
969	0
970	0
971	1
972	0
973	0
974	0
975	0
976	0
977	0
978	0
979	1
980	0
981	1
982	0
983	0
984	0
985	2
986	0
987	0
988	0
989	0
990	0
991	1
992	0
993	0
994	0
995	0
996	0
997	0
998	0
999	0
1000	0
1001	0
1002	0
1003	0
1004	0
1005	0
1006	0
1007	0
1008	0
1009	0
1010	0
1011	0
1012	0
1013	0
1014	0
1015	0
1016	0
1017	0
1018	0
1019	0
1020	0
1021	0
1022	0
1023	0
1024	0
1025	0
1026	0
1027	0
1028	0
1029	0
1030	0
1031	0
1032	0
1033	1
1034	0
1035	0
1036	0
1037	1
1038	0
1039	0
1040	0
1041	0
1042	0
1043	0
1044	0
1045	1
1046	0
1047	0
1048	0
1049	0
1050	0
1051	0
1052	0
1053	1
1054	0
1055	0
1056	0
1057	0
1058	0
1059	0
1060	0
1061	1
1062	0
1063	0
1064	0
1065	1
1066	0
1067	0
1068	0
1069	0
1070	0
1071	0
1072	0
1073	0
1074	0
1075	0
1076	0
1077	0
1078	0
1079	0
1080	0
1081	1
1082	0
1083	0
1084	0
1085	0
1086	0
1087	0
1088	0
1089	0
1090	0
1091	0
1092	0
1093	0
1094	0
1095	0
1096	0
1097	0
1098	0
1099	0
1100	0
1101	0
1102	0
1103	0
1104	0
1105	0
1106	0
1107	0
1108	0
1109	0
1110	0
1111	0
1112	0
1113	0
1114	0
1115	1
1116	0
1117	1
1118	0
1119	1
1120	0
1121	1
1122	0
1123	1
1124	0
1125	1
1126	0
1127	1
1128	0
1129	1
1130	0
1131	0
1132	0
1133	2
1134	0
1135	2
1136	0
1137	1
1138	0
1139	1
1140	0
1141	1
1142	1
1143	1
1144	1
1145	2
1146	0
1147	1
1148	1
1149	1
1150	1
1151	2
1152	1
1153	2
1154	1
1155	2
1156	1
1157	2
1158	2
1159	3
1160	1
1161	2
1162	2
1163	2
1164	1
1165	3
1166	1
1167	3
1168	1
1169	2
1170	1
1171	3
1172	1
1173	2
1174	1
1175	1
1176	1
1177	1
1178	1
1179	2
1180	0
1181	2
1182	1
1183	1
1184	1
1185	2
1186	1
1187	2
1188	1
1189	2
1190	1
1191	1
1192	1
1193	1
1194	1
1195	2
1196	1
1197	1
1198	0
1199	2
1200	1
1201	2
1202	1
1203	2
1204	0
1205	3
1206	1
1207	1
1208	0
1209	2
1210	0
1211	1
1212	1
1213	1
1214	1
1215	1
1216	0
1217	0
1218	0
1219	1
1220	0
1221	1
1222	0
1223	0
1224	0
1225	1
1226	0
1227	2
1228	0
1229	1
1230	0
1231	1
1232	0
1233	1
1234	0
1235	0
1236	0
1237	1
1238	0
1239	1
1240	0
1241	0
1242	0
1243	0
1244	0
1245	1
1246	0
1247	1
1248	0
1249	1
1250	0
1251	0
1252	0
1253	2
1254	0
1255	1
1256	0
1257	0
1258	0
1259	1
1260	0
1261	1
1262	0
1263	1
1264	0
1265	1
1266	0
1267	0
1268	0
1269	0
1270	0
1271	0
1272	0
1273	0
1274	0
1275	0
1276	0
1277	0
1278	0
1279	0
1280	0
1281	0
1282	0
1283	0
1284	0
1285	0
1286	0
1287	1
1288	0
1289	0
1290	0
1291	1
1292	0
1293	1
1294	0
1295	0
1296	0
1297	0
1298	0
1299	0
1300	0
1301	0
1302	0
1303	1
1304	0
1305	2
1306	0
1307	1
1308	0
1309	1
1310	0
1311	1
1312	1
1313	2
1314	0
1315	1
1316	0
1317	1
1318	0
1319	2
1320	0
1321	1
1322	0
1323	3
1324	0
1325	0
1326	0
1327	2
1328	0
1329	2
1330	0
1331	1
1332	0
1333	1
1334	0
1335	1
1336	0
1337	1
1338	0
1339	2
1340	0
1341	1
1342	0
1343	1
1344	0
1345	1
1346	0
1347	1
1348	0
1349	0
1350	0
1351	0
1352	0
1353	0
1354	0
1355	0
1356	0
1357	2
1358	0
1359	0
1360	0
1361	0
1362	0
1363	0
1364	0
1365	0
1366	0
1367	1
1368	0
1369	0
1370	0
1371	0
1372	0
1373	0
1374	0
1375	0
1376	0
1377	0
1378	0
1379	1
1380	0
1381	1
1382	0
1383	1
1384	0
1385	0
1386	0
1387	0
1388	0
1389	0
1390	0
1391	1
1392	0
1393	0
1394	0
1395	0
1396	0
1397	0
1398	0
1399	1
1400	0
1401	1
1402	0
1403	0
1404	0
1405	2
1406	0
1407	2
1408	0
1409	1
1410	0
1411	1
1412	0
1413	1
1414	0
1415	2
1416	0
1417	2
1418	0
1419	1
1420	0
1421	0
1422	0
1423	1
1424	0
1425	2
1426	0
1427	0
1428	0
1429	0
1430	0
1431	0
1432	0
1433	2
1434	0
1435	1
1436	0
1437	1
1438	0
1439	1
1440	0
1441	0
1442	0
1443	1
1444	0
1445	1
1446	0
1447	0
1448	0
1449	1
1450	0
1451	1
1452	0
1453	2
1454	0
1455	1
1456	0
1457	1
1458	0
1459	1
1460	0
1461	2
1462	0
1463	0
1464	0
1465	1
1466	0
1467	2
1468	0
1469	1
1470	0
1471	2
1472	0
1473	2
1474	0
1475	1
1476	0
1477	2
1478	0
1479	2
1480	1
1481	2
1482	1
1483	3
1484	0
1485	2
1486	1
1487	1
1488	0
1489	0
1490	0
1491	2
1492	0
1493	2
1494	0
1495	1
1496	0
1497	2
1498	0
1499	1
1500	0
1501	2
1502	0
1503	2
1504	0
1505	2
1506	0
1507	1
1508	0
1509	1
1510	0
1511	2
1512	0
1513	0
1514	1
1515	2
1516	0
1517	3
1518	0
1519	2
1520	0
1521	3
1522	1
1523	2
1524	1
1525	2
1526	1
1527	2
1528	2
1529	2
1530	2
1531	2
1532	2
1533	2
1534	2
1535	3
1536	1
1537	4
1538	2
1539	4
1540	2
1541	3
1542	1
1543	4
1544	3
1545	3
1546	2
1547	3
1548	1
1549	3
1550	1
1551	3
1552	2
1553	3
1554	1
1555	2
1556	1
1557	4
1558	1
1559	2
1560	0
1561	2
1562	1
1563	2
1564	1
1565	3
1566	1
1567	4
1568	1
1569	4
1570	1
1571	3
1572	1
1573	4
1574	0
1575	3
1576	1
1577	3
1578	0
1579	3
1580	1
1581	3
1582	0
1583	3
1584	0
1585	3
1586	1
1587	2
1588	0
1589	2
1590	1
1591	2
1592	1
1593	2
1594	1
1595	2
1596	0
1597	2
1598	0
1599	1
1600	0
1601	2
1602	0
1603	1
1604	0
1605	1
1606	0
1607	2
1608	0
1609	2
1610	0
1611	2
1612	0
1613	2
1614	0
1615	1
1616	1
1617	2
1618	0
1619	2
1620	1
1621	3
1622	1
1623	3
1624	0
1625	3
1626	0
1627	2
1628	0
1629	1
1630	0
1631	3
1632	0
1633	3
1634	0
1635	3
1636	0
1637	2
1638	0
1639	2
1640	1
1641	2
1642	0
1643	2
1644	0
1645	1
1646	0
1647	1
1648	0
1649	2
1650	0
1651	2
1652	0
1653	0
1654	0
1655	1
1656	0
1657	3
1658	0
1659	3
1660	1
1661	1
1662	1
1663	2
1664	0
1665	2
1666	1
1667	2
1668	0
1669	1
1670	0
1671	1
1672	0
1673	2
1674	0
1675	3
1676	0
1677	2
1678	0
1679	2
1680	0
1681	2
1682	0
1683	2
1684	0
1685	2
1686	0
1687	1
1688	0
1689	1
1690	0
1691	1
1692	0
1693	2
1694	0
1695	2
1696	0
1697	2
1698	0
1699	2
1700	1
1701	3
1702	0
1703	2
1704	0
1705	4
1706	0
1707	3
1708	0
1709	4
1710	1
1711	3
1712	1
1713	3
1714	1
1715	3
1716	1
1717	3
1718	1
1719	4
1720	0
1721	3
1722	1
1723	3
1724	2
1725	4
1726	2
1727	3
1728	2
1729	3
1730	2
1731	4
1732	1
1733	3
1734	1
1735	3
1736	2
1737	3
1738	2
1739	4
1740	2
1741	4
1742	2
1743	6
1744	2
1745	3
1746	2
1747	4
1748	1
1749	4
1750	1
1751	4
1752	2
1753	4
1754	1
1755	3
1756	1
1757	4
1758	1
1759	2
1760	2
1761	3
1762	1
1763	3
1764	2
1765	4
1766	2
1767	4
1768	2
1769	4
1770	1
1771	3
1772	1
1773	3
1774	2
1775	4
1776	2
1777	4
1778	1
1779	4
1780	1
1781	2
1782	2
1783	3
1784	1
1785	3
1786	1
1787	3
1788	2
1789	2
1790	1
1791	3
1792	0
1793	4
1794	0
1795	3
1796	1
1797	4
1798	1
1799	4
1800	1
1801	3
1802	1
1803	3
1804	2
1805	3
1806	1
1807	5
1808	1
1809	4
1810	1
1811	4
1812	1
1813	4
1814	1
1815	3
1816	1
1817	3
1818	0
1819	3
1820	0
1821	3
1822	0
1823	2
1824	0
1825	3
1826	0
1827	3
1828	0
1829	2
1830	0
1831	2
1832	0
1833	1
1834	0
1835	2
1836	0
1837	1
1838	0
1839	2
1840	0
1841	1
1842	0
1843	2
1844	0
1845	2
1846	1
1847	2
1848	1
1849	4
1850	0
1851	3
1852	0
1853	2
1854	0
1855	2
1856	0
1857	1
1858	0
1859	2
1860	0
1861	2
1862	0
1863	2
1864	0
1865	3
1866	0
1867	3
1868	0
1869	2
1870	0
1871	2
1872	0
1873	2
1874	0
1875	2
1876	0
1877	3
1878	0
1879	3
1880	0
1881	2
1882	0
1883	3
1884	0
1885	2
1886	0
1887	2
1888	0
1889	2
1890	0
1891	2
1892	0
1893	3
1894	0
1895	2
1896	0
1897	4
1898	0
1899	3
1900	0
1901	3
1902	0
1903	4
1904	0
1905	4
1906	0
1907	4
1908	0
1909	4
1910	0
1911	3
1912	0
1913	1
1914	1
1915	3
1916	0
1917	3
1918	0
1919	1
1920	0
1921	1
1922	0
1923	1
1924	0
1925	1
1926	0
1927	1
1928	0
1929	2
1930	1
1931	2
1932	0
1933	1
1934	1
1935	3
1936	1
1937	1
1938	0
1939	3
1940	0
1941	2
1942	0
1943	1
1944	0
1945	3
1946	0
1947	2
1948	0
1949	1
1950	0
1951	3
1952	0
1953	3
1954	0
1955	3
1956	0
1957	2
1958	0
1959	2
1960	0
1961	2
1962	0
1963	4
1964	0
1965	2
1966	0
1967	3
1968	1
1969	4
1970	0
1971	3
1972	0
1973	2
1974	0
1975	2
1976	0
1977	5
1978	0
1979	2
1980	0
1981	2
1982	1
1983	2
1984	0
1985	2
1986	0
1987	3
1988	0
1989	2
1990	0
1991	4
1992	0
1993	5
1994	0
1995	4
1996	0
1997	4
1998	0
1999	4
