0	1
1	3
2	1
3	2
4	1
5	4
6	2
7	5
8	1
9	4
10	1
11	4
12	3
13	4
14	2
15	3
16	1
17	4
18	2
19	4
20	2
21	2
22	2
23	3
24	2
25	3
26	1
27	2
28	3
29	4
30	3
31	3
32	3
33	3
34	2
35	2
36	3
37	3
38	1
39	4
40	2
41	4
42	2
43	4
44	2
45	3
46	2
47	2
48	1
49	2
50	3
51	2
52	2
53	4
54	3
55	4
56	2
57	5
58	3
59	4
60	1
61	4
62	1
63	3
64	2
65	4
66	2
67	3
68	2
69	4
70	3
71	4
72	2
73	3
74	3
75	4
76	2
77	4
78	2
79	4
80	1
81	3
82	2
83	3
84	2
85	4
86	3
87	5
88	3
89	4
90	2
91	5
92	1
93	6
94	2
95	4
96	2
97	4
98	1
99	3
100	2
101	4
102	2
103	4
104	2
105	4
106	1
107	4
108	1
109	2
110	0
111	3
112	1
113	3
114	3
115	3
116	2
117	3
118	2
119	4
120	1
121	3
122	2
123	4
124	1
125	4
126	1
127	4
128	2
129	5
130	2
131	3
132	2
133	4
134	2
135	3
136	3
137	6
138	2
139	4
140	3
141	6
142	2
143	4
144	3
145	5
146	1
147	4
148	1
149	4
150	2
151	4
152	0
153	3
154	0
155	4
156	1
157	3
158	1
159	4
160	1
161	4
162	2
163	2
164	2
165	4
166	1
167	4
168	2
169	5
170	1
171	4
172	1
173	3
174	2
175	3
176	1
177	4
178	2
179	3
180	2
181	3
182	2
183	3
184	2
185	3
186	2
187	2
188	2
189	4
190	1
191	3
192	2
193	3
194	2
195	4
196	1
197	5
198	2
199	3
200	0
201	4
202	1
203	4
204	2
205	4
206	0
207	4
208	1
209	4
210	1
211	2
212	2
213	3
214	2
215	3
216	2
217	4
218	1
219	3
220	1
221	3
222	1
223	2
224	1
225	2
226	1
227	3
228	1
229	3
230	0
231	5
232	0
233	5
234	1
235	5
236	1
237	4
238	0
239	4
240	1
241	4
242	2
243	4
244	2
245	5
246	2
247	4
248	2
249	2
250	2
251	3
252	1
253	3
254	1
255	4
256	2
257	4
258	1
259	4
260	1
261	4
262	1
263	4
264	1
265	4
266	3
267	4
268	3
269	4
270	2
271	4
272	2
273	3
274	2
275	4
276	2
277	4
278	2
279	3
280	3
281	4
282	2
283	3
284	2
285	3
286	2
287	5
288	1
289	4
290	1
291	4
292	1
293	3
294	2
295	4
296	2
297	4
298	1
299	4
300	4
301	4
302	2
303	4
304	3
305	4
306	2
307	4
308	3
309	4
310	2
311	4
312	1
313	5
314	1
315	5
316	2
317	4
318	1
319	4
320	1
321	4
322	2
323	3
324	2
325	4
326	1
327	3
328	2
329	4
330	2
331	3
332	1
333	3
334	1
335	4
336	0
337	3
338	2
339	4
340	1
341	3
342	1
343	3
344	1
345	4
346	2
347	3
348	2
349	3
350	2
351	5
352	1
353	3
354	1
355	4
356	1
357	3
358	2
359	2
360	2
361	3
362	1
363	4
364	1
365	3
366	2
367	3
368	2
369	3
370	1
371	3
372	2
373	5
374	3
375	5
376	2
377	4
378	1
379	4
380	1
381	5
382	3
383	5
384	3
385	3
386	2
387	4
388	4
389	4
390	2
391	3
392	1
393	3
394	1
395	3
396	3
397	4
398	1
399	4
400	2
401	2
402	2
403	4
404	2
405	4
406	2
407	4
408	1
409	3
410	3
411	3
412	2
413	3
414	1
415	2
416	2
417	4
418	1
419	2
420	1
421	3
422	2
423	2
424	2
425	3
426	3
427	5
428	1
429	4
430	3
431	4
432	2
433	4
434	2
435	4
436	1
437	5
438	2
439	5
440	3
441	6
442	4
443	7
444	5
445	5
446	6
447	7
448	7
449	10
450	8
451	12
452	10
453	13
454	13
455	16
456	17
457	19
458	19
459	23
460	23
461	26
462	26
463	28
464	28
465	31
466	31
467	36
468	34
469	37
470	37
471	40
472	39
473	42
474	42
475	44
476	44
477	48
478	49
479	50
480	50
481	52
482	51
483	54
484	56
485	58
486	56
487	60
488	60
489	62
490	63
491	64
492	65
493	66
494	67
495	69
496	70
497	71
498	71
499	78
500	62
501	73
502	69
503	73
504	70
505	71
506	69
507	71
508	70
509	70
510	68
511	69
512	66
513	68
514	65
515	66
516	64
517	64
518	62
519	62
520	60
521	61
522	59
523	59
524	56
525	54
526	52
527	53
528	50
529	51
530	48
531	49
532	47
533	47
534	45
535	44
536	40
537	41
538	39
539	38
540	37
541	36
542	33
543	34
544	33
545	33
546	30
547	31
548	27
549	29
550	27
551	27
552	25
553	26
554	25
555	25
556	22
557	23
558	22
559	22
560	22
561	22
562	18
563	21
564	18
565	19
566	17
567	18
568	15
569	16
570	12
571	13
572	12
573	13
574	11
575	12
576	9
577	11
578	8
579	10
580	8
581	10
582	9
583	9
584	8
585	8
586	8
587	9
588	6
589	7
590	6
591	6
592	6
593	6
594	5
595	7
596	3
597	6
598	4
599	6
600	2
601	4
602	3
603	3
604	2
605	3
606	3
607	2
608	2
609	2
610	0
611	3
612	0
613	2
614	0
615	0
616	1
617	1
618	0
619	1
620	0
621	2
622	0
623	2
624	0
625	1
626	1
627	1
628	1
629	1
630	1
631	1
632	0
633	3
634	0
635	1
636	0
637	1
638	0
639	1
640	0
641	1
642	0
643	1
644	0
645	1
646	0
647	1
648	0
649	1
650	0
651	1
652	0
653	1
654	1
655	0
656	0
657	0
658	0
659	2
660	0
661	0
662	0
663	1
664	0
665	0
666	0
667	0
668	0
669	1
670	0
671	0
672	0
673	0
674	0
675	0
676	0
677	0
678	0
679	0
680	0
681	0
682	0
683	1
684	0
685	0
686	0
687	1
688	0
689	1
690	0
691	2
692	0
693	1
694	0
695	3
696	1
697	2
698	0
699	2
700	1
701	3
702	0
703	1
704	1
705	1
706	0
707	2
708	0
709	1
710	0
711	1
712	0
713	2
714	0
715	2
716	0
717	1
718	1
719	2
720	1
721	2
722	2
723	3
724	2
725	2
726	2
727	4
728	2
729	3
730	2
731	4
732	2
733	4
734	3
735	4
736	2
737	4
738	3
739	5
740	3
741	4
742	3
743	4
744	3
745	3
746	3
747	4
748	3
749	4
750	4
751	5
752	4
753	4
754	3
755	4
756	3
757	4
758	3
759	4
760	2
761	5
762	3
763	4
764	3
765	3
766	2
767	2
768	1
769	4
770	2
771	3
772	2
773	3
774	2
775	3
776	2
777	3
778	2
779	2
780	2
781	4
782	2
783	3
784	2
785	2
786	2
787	4
788	1
789	3
790	1
791	1
792	2
793	1
794	0
795	1
796	0
797	2
798	1
799	1
800	0
801	1
802	0
803	0
804	0
805	1
806	0
807	1
808	0
809	1
810	0
811	0
812	0
813	0
814	0
815	1
816	0
817	1
818	0
819	1
820	0
821	0
822	0
823	0
824	0
825	0
826	0
827	0
828	0
829	1
830	0
831	1
832	0
833	2
834	0
835	1
836	0
837	0
838	0
839	0
840	0
841	0
842	0
843	1
844	0
845	1
846	0
847	0
848	0
849	1
850	0
851	0
852	0
853	0
854	0
855	0
856	0
857	0
858	0
859	0
860	0
861	1
862	0
863	1
864	0
865	0
866	0
867	2
868	0
869	0
870	0
871	0
872	1
873	1
874	0
875	1
876	0
877	1
878	0
879	1
880	0
881	1
882	0
883	1
884	0
885	1
886	0
887	0
888	0
889	0
890	0
891	1
892	0
893	1
894	0
895	0
896	0
897	0
898	0
899	0
900	0
901	0
902	0
903	0
904	0
905	0
906	0
907	1
908	0
909	1
910	0
911	1
912	0
913	1
914	0
915	1
916	0
917	0
918	0
919	0
920	0
921	0
922	0
923	0
924	0
925	1
926	0
927	0
928	0
929	0
930	0
931	0
932	0
933	0
934	0
935	0
936	0
937	0
938	0
939	0
940	0
941	0
942	0
943	0
944	0
945	0
946	0
947	1
948	0
949	0
950	0
951	1
952	0
953	0
954	0
955	0
956	0
957	0
958	0
959	0
960	0
961	0
962	0
963	0
964	0
965	0
966	0
967	0
968	0
969	1
970	0
971	1
972	0
973	1
974	0
975	0
976	0
977	0
978	0
979	0
980	0
981	1
982	0
983	1
984	0
985	0
986	0
987	0
988	0
989	1
990	0
991	0
992	0
993	1
994	0
995	1
996	0
997	1
998	0
999	1
1000	0
1001	0
1002	0
1003	0
1004	0
1005	1
1006	0
1007	1
1008	0
1009	1
1010	0
1011	1
1012	0
1013	0
1014	0
1015	0
1016	0
1017	0
1018	0
1019	0
1020	0
1021	0
1022	0
1023	1
1024	0
1025	0
1026	0
1027	0
1028	0
1029	1
1030	0
1031	0
1032	0
1033	0
1034	0
1035	1
1036	0
1037	0
1038	0
1039	1
1040	0
1041	1
1042	0
1043	1
1044	0
1045	1
1046	0
1047	0
1048	0
1049	0
1050	0
1051	1
1052	0
1053	0
1054	0
1055	0
1056	0
1057	1
1058	0
1059	0
1060	0
1061	0
1062	0
1063	0
1064	0
1065	0
1066	0
1067	1
1068	0
1069	0
1070	0
1071	0
1072	0
1073	0
1074	0
1075	0
1076	0
1077	1
1078	0
1079	0
1080	0
1081	1
1082	0
1083	1
1084	0
1085	1
1086	0
1087	1
1088	0
1089	1
1090	0
1091	0
1092	0
1093	0
1094	0
1095	0
1096	0
1097	0
1098	0
1099	0
1100	0
1101	0
1102	0
1103	0
1104	0
1105	1
1106	0
1107	0
1108	0
1109	1
1110	0
1111	0
1112	0
1113	1
1114	0
1115	0
1116	0
1117	0
1118	0
1119	0
1120	1
1121	1
1122	1
1123	1
1124	0
1125	2
1126	1
1127	1
1128	0
1129	1
1130	1
1131	2
1132	1
1133	3
1134	1
1135	2
1136	1
1137	2
1138	1
1139	2
1140	2
1141	2
1142	2
1143	2
1144	1
1145	2
1146	1
1147	2
1148	1
1149	2
1150	1
1151	2
1152	1
1153	3
1154	1
1155	2
1156	1
1157	2
1158	1
1159	2
1160	1
1161	2
1162	2
1163	2
1164	2
1165	2
1166	1
1167	1
1168	1
1169	2
1170	1
1171	2
1172	1
1173	2
1174	1
1175	1
1176	1
1177	2
1178	0
1179	1
1180	1
1181	1
1182	1
1183	2
1184	0
1185	1
1186	1
1187	2
1188	0
1189	1
1190	0
1191	1
1192	0
1193	1
1194	1
1195	1
1196	0
1197	1
1198	1
1199	1
1200	1
1201	0
1202	0
1203	0
1204	0
1205	1
1206	1
1207	0
1208	0
1209	0
1210	1
1211	0
1212	0
1213	2
1214	0
1215	1
1216	0
1217	1
1218	0
1219	1
1220	1
1221	2
1222	0
1223	2
1224	0
1225	0
1226	0
1227	1
1228	0
1229	0
1230	0
1231	0
1232	0
1233	0
1234	0
1235	1
1236	0
1237	0
1238	0
1239	0
1240	0
1241	1
1242	0
1243	2
1244	0
1245	0
1246	0
1247	0
1248	0
1249	0
1250	0
1251	1
1252	0
1253	0
1254	0
1255	0
1256	0
1257	0
1258	0
1259	0
1260	0
1261	1
1262	0
1263	1
1264	0
1265	1
1266	1
1267	1
1268	0
1269	0
1270	0
1271	0
1272	0
1273	1
1274	0
1275	0
1276	0
1277	1
1278	0
1279	1
1280	0
1281	1
1282	0
1283	1
1284	0
1285	2
1286	0
1287	1
1288	0
1289	2
1290	0
1291	0
1292	0
1293	1
1294	0
1295	0
1296	0
1297	0
1298	0
1299	2
1300	0
1301	1
1302	0
1303	0
1304	0
1305	0
1306	0
1307	2
1308	0
1309	1
1310	0
1311	1
1312	0
1313	1
1314	0
1315	1
1316	0
1317	1
1318	0
1319	2
1320	0
1321	1
1322	1
1323	1
1324	0
1325	0
1326	0
1327	0
1328	0
1329	1
1330	0
1331	1
1332	0
1333	0
1334	0
1335	0
1336	0
1337	0
1338	0
1339	0
1340	0
1341	0
1342	0
1343	0
1344	0
1345	0
1346	0
1347	0
1348	0
1349	0
1350	0
1351	0
1352	0
1353	1
1354	0
1355	0
1356	0
1357	0
1358	0
1359	0
1360	0
1361	1
1362	0
1363	1
1364	0
1365	0
1366	0
1367	0
1368	0
1369	0
1370	0
1371	0
1372	0
1373	0
1374	0
1375	0
1376	0
1377	1
1378	0
1379	1
1380	0
1381	0
1382	0
1383	0
1384	0
1385	0
1386	0
1387	0
1388	0
1389	0
1390	0
1391	0
1392	0
1393	0
1394	0
1395	1
1396	0
1397	1
1398	0
1399	0
1400	0
1401	0
1402	0
1403	0
1404	0
1405	0
1406	0
1407	0
1408	0
1409	1
1410	0
1411	1
1412	0
1413	1
1414	0
1415	1
1416	0
1417	1
1418	0
1419	1
1420	0
1421	2
1422	1
1423	1
1424	0
1425	1
1426	1
1427	1
1428	0
1429	0
1430	1
1431	1
1432	0
1433	1
1434	0
1435	1
1436	0
1437	1
1438	0
1439	1
1440	0
1441	2
1442	0
1443	1
1444	0
1445	1
1446	0
1447	0
1448	0
1449	1
1450	0
1451	1
1452	0
1453	1
1454	0
1455	1
1456	0
1457	1
1458	0
1459	0
1460	0
1461	0
1462	0
1463	0
1464	0
1465	0
1466	0
1467	0
1468	0
1469	0
1470	0
1471	0
1472	0
1473	1
1474	0
1475	0
1476	0
1477	0
1478	0
1479	0
1480	0
1481	1
1482	0
1483	0
1484	0
1485	0
1486	0
1487	0
1488	0
1489	0
1490	0
1491	2
1492	0
1493	1
1494	0
1495	0
1496	1
1497	1
1498	1
1499	1
1500	0
1501	1
1502	0
1503	2
1504	0
1505	2
1506	0
1507	1
1508	1
1509	2
1510	1
1511	2
1512	1
1513	1
1514	1
1515	2
1516	1
1517	2
1518	1
1519	2
1520	1
1521	2
1522	1
1523	2
1524	2
1525	3
1526	2
1527	3
1528	2
1529	3
1530	1
1531	2
1532	1
1533	4
1534	2
1535	2
1536	2
1537	3
1538	2
1539	3
1540	2
1541	4
1542	2
1543	2
1544	1
1545	3
1546	2
1547	2
1548	2
1549	2
1550	2
1551	2
1552	1
1553	3
1554	1
1555	2
1556	2
1557	2
1558	1
1559	2
1560	0
1561	2
1562	0
1563	2
1564	0
1565	1
1566	0
1567	1
1568	1
1569	1
1570	0
1571	1
1572	0
1573	1
1574	0
1575	2
1576	0
1577	1
1578	1
1579	0
1580	0
1581	1
1582	0
1583	1
1584	0
1585	1
1586	0
1587	2
1588	0
1589	1
1590	1
1591	1
1592	1
1593	1
1594	0
1595	1
1596	1
1597	2
1598	1
1599	2
1600	1
1601	1
1602	0
1603	1
1604	1
1605	2
1606	1
1607	2
1608	1
1609	2
1610	1
1611	3
1612	2
1613	3
1614	1
1615	2
1616	1
1617	1
1618	0
1619	2
1620	1
1621	1
1622	1
1623	1
1624	0
1625	1
1626	0
1627	1
1628	0
1629	1
1630	0
1631	0
1632	0
1633	0
1634	0
1635	2
1636	0
1637	0
1638	0
1639	1
1640	0
1641	1
1642	0
1643	1
1644	0
1645	0
1646	0
1647	1
1648	0
1649	1
1650	2
1651	1
1652	0
1653	1
1654	0
1655	1
1656	0
1657	2
1658	1
1659	0
1660	0
1661	1
1662	0
1663	1
1664	0
1665	2
1666	0
1667	1
1668	0
1669	0
1670	-1
1671	1
1672	0
1673	1
1674	0
1675	2
1676	0
1677	1
1678	0
1679	2
1680	0
1681	1
1682	0
1683	1
1684	0
1685	1
1686	0
1687	2
1688	0
1689	2
1690	1
1691	1
1692	1
1693	1
1694	0
1695	2
1696	0
1697	2
1698	1
1699	0
1700	0
1701	2
1702	0
1703	0
1704	0
1705	0
1706	0
1707	1
1708	0
1709	2
1710	0
1711	2
1712	0
1713	0
1714	1
1715	1
1716	0
1717	2
1718	0
1719	0
1720	1
1721	1
1722	0
1723	1
1724	0
1725	2
1726	0
1727	3
1728	0
1729	1
1730	1
1731	1
1732	0
1733	1
1734	0
1735	0
1736	0
1737	1
1738	0
1739	1
1740	0
1741	0
1742	0
1743	1
1744	0
1745	0
1746	0
1747	0
1748	0
1749	1
1750	0
1751	0
1752	0
1753	1
1754	0
1755	1
1756	0
1757	1
1758	0
1759	1
1760	0
1761	1
1762	0
1763	2
1764	0
1765	1
1766	0
1767	2
1768	0
1769	1
1770	1
1771	1
1772	1
1773	3
1774	0
1775	1
1776	1
1777	1
1778	1
1779	1
1780	1
1781	3
1782	1
1783	2
1784	1
1785	2
1786	1
1787	2
1788	1
1789	2
1790	1
1791	3
1792	2
1793	4
1794	1
1795	2
1796	2
1797	3
1798	2
1799	2
1800	2
1801	3
1802	2
1803	4
1804	2
1805	3
1806	2
1807	4
1808	2
1809	3
1810	1
1811	3
1812	2
1813	3
1814	1
1815	2
1816	1
1817	2
1818	1
1819	2
1820	1
1821	1
1822	1
1823	3
1824	1
1825	2
1826	1
1827	2
1828	1
1829	2
1830	1
1831	2
1832	0
1833	3
1834	0
1835	2
1836	0
1837	3
1838	1
1839	1
1840	0
1841	1
1842	0
1843	3
1844	0
1845	3
1846	0
1847	2
1848	0
1849	2
1850	0
1851	3
1852	0
1853	2
1854	0
1855	1
1856	0
1857	1
1858	0
1859	1
1860	0
1861	3
1862	0
1863	1
1864	1
1865	0
1866	0
1867	0
1868	0
1869	1
1870	0
1871	0
1872	0
1873	1
1874	0
1875	1
1876	0
1877	1
1878	0
1879	1
1880	1
1881	1
1882	0
1883	0
1884	0
1885	1
1886	0
1887	2
1888	0
1889	1
1890	0
1891	0
1892	0
1893	2
1894	0
1895	2
1896	0
1897	1
1898	0
1899	0
1900	0
1901	0
1902	0
1903	1
1904	0
1905	2
1906	0
1907	2
1908	0
1909	3
1910	0
1911	2
1912	0
1913	3
1914	1
1915	1
1916	1
1917	2
1918	0
1919	1
1920	0
1921	1
1922	0
1923	1
1924	0
1925	2
1926	0
1927	1
1928	0
1929	1
1930	0
1931	1
1932	0
1933	1
1934	0
1935	0
1936	0
1937	1
1938	0
1939	2
1940	0
1941	0
1942	0
1943	0
1944	0
1945	1
1946	0
1947	0
1948	0
1949	0
1950	0
1951	1
1952	0
1953	1
1954	0
1955	0
1956	0
1957	1
1958	0
1959	2
1960	0
1961	1
1962	1
1963	1
1964	0
1965	0
1966	0
1967	1
1968	0
1969	1
1970	0
1971	1
1972	0
1973	2
1974	0
1975	1
1976	0
1977	1
1978	0
1979	1
1980	0
1981	1
1982	0
1983	2
1984	0
1985	1
1986	0
1987	2
1988	0
1989	2
1990	0
1991	2
1992	0
1993	1
1994	0
1995	2
1996	1
1997	2
1998	0
1999	1
