0	0
1	0
2	0
3	0
4	0
5	0
6	0
7	0
8	0
9	0
10	0
11	0
12	0
13	0
14	0
15	0
16	0
17	0
18	0
19	0
20	0
21	0
22	-1
23	0
24	0
25	-1
26	-1
27	-1
28	-2
29	-1
30	0
31	0
32	0
33	0
34	0
35	0
36	0
37	0
38	0
39	1
40	0
41	0
42	0
43	0
44	0
45	0
46	0
47	0
48	0
49	0
50	0
51	0
52	0
53	0
54	0
55	0
56	0
57	0
58	0
59	0
60	0
61	0
62	-1
63	0
64	0
65	0
66	0
67	0
68	0
69	0
70	0
71	0
72	0
73	0
74	0
75	0
76	0
77	0
78	0
79	0
80	0
81	0
82	0
83	0
84	0
85	0
86	0
87	0
88	0
89	0
90	0
91	0
92	0
93	0
94	0
95	0
96	0
97	0
98	0
99	0
100	0
101	0
102	0
103	0
104	0
105	0
106	0
107	0
108	0
109	0
110	0
111	0
112	0
113	0
114	0
115	0
116	0
117	0
118	1
119	0
120	0
121	1
122	0
123	0
124	0
125	0
126	0
127	0
128	0
129	0
130	0
131	0
132	0
133	0
134	0
135	0
136	0
137	0
138	0
139	0
140	0
141	0
142	0
143	0
144	0
145	0
146	0
147	0
148	0
149	0
150	-1
151	0
152	-1
153	0
154	0
155	0
156	0
157	0
158	0
159	0
160	0
161	0
162	0
163	0
164	0
165	0
166	0
167	0
168	0
169	0
170	0
171	0
172	0
173	0
174	0
175	0
176	0
177	0
178	0
179	0
180	0
181	0
182	0
183	0
184	0
185	0
186	0
187	0
188	0
189	0
190	0
191	0
192	0
193	0
194	0
195	0
196	0
197	0
198	0
199	0
200	-1
201	0
202	0
203	0
204	0
205	0
206	0
207	0
208	0
209	0
210	0
211	0
212	0
213	0
214	0
215	0
216	0
217	0
218	0
219	0
220	0
221	0
222	1
223	0
224	1
225	1
226	1
227	0
228	1
229	0
230	0
231	1
232	0
233	1
234	0
235	0
236	0
237	0
238	0
239	1
240	0
241	0
242	0
243	0
244	0
245	0
246	0
247	0
248	0
249	0
250	0
251	0
252	0
253	0
254	0
255	0
256	0
257	0
258	0
259	0
260	0
261	0
262	0
263	0
264	0
265	0
266	0
267	0
268	0
269	0
270	-1
271	0
272	0
273	0
274	0
275	0
276	0
277	0
278	0
279	0
280	0
281	0
282	0
283	0
284	0
285	0
286	0
287	0
288	0
289	0
290	0
291	0
292	0
293	0
294	0
295	0
296	0
297	0
298	0
299	0
300	0
301	0
302	0
303	0
304	0
305	0
306	0
307	0
308	0
309	0
310	0
311	0
312	0
313	0
314	0
315	0
316	0
317	0
318	0
319	0
320	0
321	0
322	0
323	0
324	0
325	0
326	0
327	0
328	0
329	0
330	0
331	0
332	0
333	0
334	0
335	0
336	0
337	0
338	0
339	0
340	0
341	1
342	0
343	0
344	0
345	1
346	0
347	0
348	0
349	0
350	0
351	0
352	0
353	0
354	0
355	0
356	0
357	0
358	0
359	0
360	0
361	0
362	0
363	0
364	0
365	0
366	0
367	0
368	0
369	0
370	0
371	0
372	0
373	0
374	0
375	0
376	0
377	0
378	0
379	1
380	0
381	0
382	0
383	1
384	1
385	1
386	1
387	1
388	2
389	1
390	1
391	1
392	1
393	1
394	1
395	2
396	1
397	1
398	1
399	2
400	1
401	2
402	2
403	2
404	1
405	2
406	2
407	2
408	2
409	2
410	2
411	2
412	2
413	2
414	2
415	2
416	2
417	2
418	2
419	2
420	1
421	2
422	1
423	3
424	2
425	2
426	2
427	2
428	1
429	2
430	1
431	3
432	2
433	6
434	5
435	7
436	9
437	12
438	13
439	16
440	17
441	22
442	23
443	27
444	28
445	33
446	36
447	39
448	42
449	46
450	49
451	54
452	56
453	59
454	62
455	66
456	68
457	71
458	73
459	76
460	76
461	80
462	81
463	84
464	84
465	86
466	86
467	89
468	89
469	91
470	90
471	91
472	90
473	92
474	90
475	91
476	88
477	90
478	89
479	89
480	88
481	87
482	88
483	86
484	85
485	84
486	82
487	83
488	82
489	83
490	80
491	80
492	77
493	77
494	74
495	74
496	75
497	75
498	75
499	78
500	62
501	67
502	65
503	66
504	65
505	66
506	61
507	63
508	58
509	59
510	56
511	57
512	55
513	55
514	52
515	52
516	50
517	49
518	46
519	46
520	45
521	43
522	43
523	42
524	39
525	40
526	37
527	37
528	36
529	33
530	32
531	31
532	29
533	28
534	27
535	27
536	27
537	26
538	24
539	25
540	22
541	23
542	22
543	22
544	19
545	18
546	15
547	16
548	15
549	15
550	13
551	13
552	13
553	12
554	11
555	9
556	9
557	9
558	7
559	9
560	6
561	7
562	5
563	6
564	4
565	5
566	4
567	4
568	4
569	4
570	3
571	3
572	1
573	2
574	1
575	2
576	0
577	1
578	0
579	1
580	0
581	0
582	0
583	1
584	0
585	0
586	0
587	0
588	0
589	0
590	-1
591	1
592	-1
593	0
594	0
595	0
596	-2
597	-1
598	-2
599	0
600	-2
601	0
602	-2
603	0
604	-3
605	-1
606	-2
607	-2
608	-2
609	-2
610	-1
611	-2
612	-4
613	-2
614	-4
615	-3
616	-3
617	-3
618	-3
619	-2
620	-4
621	-4
622	-4
623	-3
624	-4
625	-4
626	-2
627	-3
628	-2
629	-3
630	-2
631	-1
632	-3
633	-2
634	-2
635	-3
636	-3
637	-1
638	-2
639	-3
640	-3
641	-1
642	-3
643	-3
644	-1
645	-2
646	-2
647	0
648	-2
649	0
650	-1
651	-4
652	-1
653	-2
654	-1
655	-2
656	-1
657	-1
658	-2
659	-2
660	-2
661	-1
662	-2
663	-2
664	-3
665	-2
666	-3
667	-1
668	-2
669	-2
670	-4
671	-2
672	-4
673	-2
674	-4
675	-3
676	-4
677	-3
678	-4
679	-3
680	-2
681	-3
682	-4
683	-2
684	-3
685	-2
686	-4
687	-3
688	-4
689	-3
690	-3
691	-3
692	-3
693	-2
694	-3
695	-2
696	-4
697	-4
698	-3
699	-3
700	-4
701	-2
702	-4
703	-1
704	-5
705	-2
706	-3
707	-3
708	-4
709	-1
710	-4
711	-3
712	-3
713	-3
714	-3
715	-3
716	-4
717	-3
718	-5
719	-2
720	-5
721	-3
722	-4
723	-3
724	-3
725	-2
726	-4
727	-4
728	-4
729	-3
730	-3
731	-3
732	-2
733	-3
734	-4
735	-2
736	-4
737	-1
738	-3
739	-2
740	-3
741	-3
742	-3
743	-3
744	-4
745	-3
746	-3
747	-3
748	-5
749	-3
750	-4
751	-3
752	-5
753	-3
754	-4
755	-3
756	-4
757	-5
758	-3
759	-5
760	-4
761	-4
762	-4
763	-4
764	-4
765	-4
766	-4
767	-2
768	-4
769	-2
770	-4
771	-4
772	-4
773	-1
774	-4
775	-2
776	-3
777	-2
778	-4
779	-3
780	-4
781	-3
782	-3
783	-2
784	-4
785	-2
786	-4
787	-4
788	-4
789	-5
790	-5
791	-5
792	-4
793	-3
794	-5
795	-4
796	-5
797	-3
798	-5
799	-3
800	-5
801	-2
802	-5
803	-3
804	-6
805	-4
806	-6
807	-3
808	-4
809	-3
810	-5
811	-4
812	-4
813	-4
814	-4
815	-4
816	-4
817	-3
818	-3
819	-2
820	-3
821	-4
822	-4
823	-2
824	-3
825	-3
826	-4
827	-5
828	-4
829	-3
830	-3
831	-3
832	-3
833	-3
834	-6
835	-4
836	-4
837	-3
838	-4
839	-5
840	-6
841	-4
842	-5
843	-5
844	-4
845	-4
846	-4
847	-5
848	-4
849	-4
850	-4
851	-5
852	-3
853	-4
854	-4
855	-4
856	-4
857	-4
858	-3
859	-4
860	-3
861	-4
862	-4
863	-3
864	-3
865	-5
866	-5
867	-3
868	-3
869	-2
870	-5
871	-4
872	-4
873	-5
874	-5
875	-5
876	-5
877	-6
878	-5
879	-4
880	-5
881	-4
882	-4
883	-4
884	-5
885	-3
886	-4
887	-4
888	-3
889	-3
890	-4
891	-2
892	-4
893	-4
894	-5
895	-2
896	-3
897	-3
898	-4
899	-2
900	-3
901	-4
902	-3
903	-3
904	-3
905	-3
906	-3
907	-3
908	-3
909	-3
910	-4
911	-4
912	-3
913	-4
914	-4
915	-3
916	-3
917	-3
918	-5
919	-3
920	-4
921	-2
922	-3
923	-4
924	-4
925	-2
926	-3
927	-2
928	-5
929	-2
930	-2
931	-2
932	-4
933	-3
934	-3
935	-4
936	-4
937	-4
938	-4
939	-4
940	-4
941	-4
942	-4
943	-6
944	-5
945	-3
946	-4
947	-4
948	-5
949	-3
950	-5
951	-4
952	-5
953	-2
954	-6
955	-5
956	-4
957	-3
958	-6
959	-3
960	-5
961	-3
962	-5
963	-4
964	-4
965	-4
966	-5
967	-3
968	-4
969	-4
970	-4
971	-4
972	-4
973	-2
974	-4
975	-3
976	-4
977	-3
978	-4
979	-2
980	-4
981	-2
982	-2
983	-2
984	-3
985	-2
986	-4
987	-2
988	-2
989	-2
990	-2
991	-2
992	-2
993	-2
994	-2
995	-1
996	-2
997	0
998	-1
999	-2
1000	-2
1001	-2
1002	-3
1003	-2
1004	-1
1005	-3
1006	-1
1007	-1
1008	-3
1009	-1
1010	-2
1011	-2
1012	-2
1013	-2
1014	-3
1015	-3
1016	-4
1017	-2
1018	-3
1019	-2
1020	-2
1021	-2
1022	-3
1023	-3
1024	-3
1025	-4
1026	-3
1027	-4
1028	-3
1029	-4
1030	-4
1031	-3
1032	-6
1033	-3
1034	-4
1035	-3
1036	-3
1037	-3
1038	-3
1039	-3
1040	-3
1041	-3
1042	-3
1043	-3
1044	-4
1045	-4
1046	-4
1047	-3
1048	-3
1049	-3
1050	-4
1051	-4
1052	-4
1053	-3
1054	-4
1055	-3
1056	-5
1057	-4
1058	-4
1059	-3
1060	-5
1061	-3
1062	-5
1063	-4
1064	-4
1065	-2
1066	-4
1067	-3
1068	-4
1069	-3
1070	-3
1071	-4
1072	-3
1073	-2
1074	-3
1075	-3
1076	-4
1077	-2
1078	-4
1079	-2
1080	-2
1081	-3
1082	-3
1083	-1
1084	-2
1085	-3
1086	-4
1087	-3
1088	-4
1089	-2
1090	-3
1091	-3
1092	-3
1093	-2
1094	-3
1095	-3
1096	-1
1097	-3
1098	-3
1099	-1
1100	-3
1101	-2
1102	-3
1103	-3
1104	-4
1105	-3
1106	-4
1107	-2
1108	-2
1109	-2
1110	-2
1111	-2
1112	-2
1113	-2
1114	-4
1115	-2
1116	-2
1117	-3
1118	-2
1119	-1
1120	-2
1121	-1
1122	-2
1123	-1
1124	-2
1125	-1
1126	-3
1127	-1
1128	-2
1129	-1
1130	-1
1131	0
1132	-1
1133	0
1134	-1
1135	-1
1136	-2
1137	0
1138	-2
1139	0
1140	-3
1141	-1
1142	-4
1143	-2
1144	-3
1145	-2
1146	-3
1147	-3
1148	-2
1149	-3
1150	-3
1151	-3
1152	-3
1153	-2
1154	-2
1155	-2
1156	-3
1157	-1
1158	-4
1159	-2
1160	-2
1161	-2
1162	-3
1163	-2
1164	-4
1165	-4
1166	-2
1167	-3
1168	-3
1169	-3
1170	-4
1171	-4
1172	-4
1173	-2
1174	-4
1175	-3
1176	-4
1177	-3
1178	-5
1179	-4
1180	-3
1181	-3
1182	-3
1183	-3
1184	-3
1185	-2
1186	-3
1187	-1
1188	-2
1189	-2
1190	-2
1191	-2
1192	-4
1193	-2
1194	-2
1195	-2
1196	-4
1197	-1
1198	-3
1199	-2
1200	-2
1201	-2
1202	-2
1203	0
1204	-1
1205	-2
1206	-2
1207	-1
1208	-1
1209	0
1210	-2
1211	0
1212	0
1213	0
1214	0
1215	0
1216	-1
1217	0
1218	-1
1219	0
1220	0
1221	0
1222	0
1223	0
1224	0
1225	0
1226	0
1227	0
1228	0
1229	-1
1230	-1
1231	0
1232	0
1233	0
1234	-1
1235	0
1236	0
1237	0
1238	0
1239	0
1240	0
1241	0
1242	0
1243	-1
1244	0
1245	-1
1246	0
1247	0
1248	0
1249	1
1250	0
1251	0
1252	0
1253	0
1254	0
1255	1
1256	0
1257	1
1258	0
1259	0
1260	0
1261	0
1262	0
1263	0
1264	0
1265	0
1266	-1
1267	0
1268	-1
1269	0
1270	-1
1271	-1
1272	-1
1273	-1
1274	0
1275	-1
1276	0
1277	0
1278	-1
1279	-1
1280	-2
1281	-2
1282	-1
1283	-1
1284	-1
1285	-1
1286	-3
1287	-1
1288	-2
1289	-1
1290	-3
1291	-2
1292	-2
1293	-2
1294	-1
1295	-1
1296	-1
1297	-2
1298	-2
1299	-2
1300	-4
1301	-1
1302	-1
1303	0
1304	-2
1305	-2
1306	-1
1307	-2
1308	-2
1309	-2
1310	-1
1311	-2
1312	-2
1313	-2
1314	-1
1315	-2
1316	-2
1317	0
1318	-1
1319	-1
1320	-2
1321	-1
1322	-3
1323	-2
1324	-2
1325	-2
1326	-2
1327	-2
1328	-2
1329	-2
1330	-2
1331	-1
1332	-3
1333	-1
1334	-2
1335	-1
1336	-3
1337	-1
1338	-1
1339	-3
1340	-2
1341	-1
1342	-2
1343	0
1344	0
1345	0
1346	-1
1347	-1
1348	0
1349	0
1350	0
1351	-1
1352	-1
1353	-2
1354	0
1355	-1
1356	-1
1357	-1
1358	-1
1359	-1
1360	-1
1361	-1
1362	-1
1363	-1
1364	-2
1365	0
1366	-3
1367	-2
1368	-2
1369	-1
1370	-2
1371	-1
1372	-2
1373	-2
1374	-3
1375	-2
1376	-3
1377	-1
1378	-2
1379	-1
1380	-2
1381	-1
1382	-1
1383	-1
1384	-2
1385	0
1386	-2
1387	0
1388	-1
1389	0
1390	-1
1391	0
1392	-1
1393	0
1394	0
1395	0
1396	-1
1397	-1
1398	0
1399	0
1400	0
1401	0
1402	-1
1403	0
1404	0
1405	0
1406	0
1407	0
1408	-1
1409	1
1410	0
1411	0
1412	0
1413	0
1414	1
1415	0
1416	0
1417	0
1418	0
1419	0
1420	0
1421	0
1422	0
1423	0
1424	-2
1425	0
1426	0
1427	0
1428	0
1429	0
1430	0
1431	0
1432	0
1433	0
1434	0
1435	0
1436	0
1437	0
1438	0
1439	0
1440	0
1441	0
1442	0
1443	0
1444	0
1445	0
1446	0
1447	0
1448	0
1449	0
1450	0
1451	0
1452	-1
1453	0
1454	-1
1455	0
1456	-1
1457	0
1458	-1
1459	-1
1460	-2
1461	-1
1462	-2
1463	0
1464	-1
1465	0
1466	-1
1467	0
1468	-1
1469	-1
1470	-1
1471	-1
1472	-2
1473	0
1474	0
1475	0
1476	-1
1477	-1
1478	-1
1479	-1
1480	-1
1481	-1
1482	-2
1483	0
1484	-1
1485	-1
1486	0
1487	-1
1488	-1
1489	0
1490	-2
1491	0
1492	-1
1493	-1
1494	-1
1495	0
1496	-2
1497	-1
1498	-1
1499	-2
1500	-1
1501	-3
1502	-1
1503	-2
1504	-2
1505	-2
1506	-2
1507	-2
1508	-1
1509	-1
1510	-2
1511	-2
1512	-2
1513	-2
1514	-2
1515	-1
1516	-2
1517	-1
1518	-2
1519	-1
1520	-3
1521	-1
1522	-2
1523	0
1524	-2
1525	0
1526	-2
1527	0
1528	0
1529	-1
1530	-1
1531	-1
1532	-1
1533	-1
1534	-2
1535	0
1536	0
1537	-1
1538	0
1539	0
1540	-1
1541	-1
1542	-1
1543	0
1544	0
1545	-1
1546	-1
1547	0
1548	-2
1549	0
1550	-1
1551	-2
1552	-1
1553	0
1554	-1
1555	-1
1556	-1
1557	-1
1558	0
1559	-1
1560	-2
1561	-1
1562	0
1563	-1
1564	-2
1565	-1
1566	-1
1567	-1
1568	-1
1569	-1
1570	-1
1571	0
1572	-1
1573	-2
1574	-1
1575	0
1576	-1
1577	-1
1578	-1
1579	-2
1580	-2
1581	-1
1582	-2
1583	-1
1584	-1
1585	-1
1586	-1
1587	0
1588	-1
1589	-1
1590	-1
1591	-1
1592	-2
1593	0
1594	-2
1595	-1
1596	0
1597	-1
1598	-1
1599	-1
1600	-1
1601	-1
1602	-1
1603	-1
1604	-1
1605	-1
1606	-1
1607	-2
1608	-1
1609	-1
1610	-2
1611	-1
1612	-1
1613	-1
1614	-2
1615	-1
1616	-1
1617	-1
1618	-2
1619	-1
1620	-1
1621	-2
1622	-2
1623	-2
1624	-2
1625	-3
1626	-2
1627	-3
1628	-2
1629	0
1630	-1
1631	-2
1632	0
1633	-2
1634	0
1635	0
1636	0
1637	-1
1638	-1
1639	-1
1640	-1
1641	-1
1642	-1
1643	0
1644	-2
1645	0
1646	-1
1647	0
1648	-1
1649	0
1650	-1
1651	0
1652	-1
1653	0
1654	-1
1655	0
1656	0
1657	0
1658	0
1659	0
1660	0
1661	-1
1662	0
1663	0
1664	0
1665	0
1666	-1
1667	0
1668	-1
1669	-1
1670	-1
1671	0
1672	0
1673	0
1674	-1
1675	0
1676	-1
1677	-1
1678	-1
1679	0
1680	-1
1681	-1
1682	0
1683	-2
1684	-1
1685	-1
1686	-1
1687	0
1688	-1
1689	-1
1690	-1
1691	-1
1692	-1
1693	-1
1694	-1
1695	-1
1696	-1
1697	-1
1698	-1
1699	0
1700	-1
1701	0
1702	0
1703	0
1704	-1
1705	0
1706	0
1707	0
1708	0
1709	0
1710	0
1711	0
1712	-2
1713	-1
1714	-1
1715	-1
1716	-1
1717	-1
1718	-2
1719	-1
1720	-2
1721	-2
1722	-2
1723	-3
1724	-2
1725	-2
1726	-2
1727	-1
1728	-1
1729	-3
1730	-1
1731	0
1732	-1
1733	-1
1734	-1
1735	0
1736	0
1737	-1
1738	0
1739	0
1740	0
1741	0
1742	0
1743	0
1744	0
1745	0
1746	0
1747	0
1748	0
1749	0
1750	0
1751	0
1752	0
1753	0
1754	0
1755	0
1756	-1
1757	0
1758	0
1759	-1
1760	0
1761	-1
1762	-1
1763	-1
1764	-1
1765	-2
1766	0
1767	0
1768	-1
1769	-1
1770	0
1771	0
1772	0
1773	-1
1774	0
1775	0
1776	-1
1777	0
1778	0
1779	0
1780	-1
1781	0
1782	-1
1783	0
1784	0
1785	0
1786	0
1787	-1
1788	-1
1789	0
1790	0
1791	0
1792	0
1793	0
1794	0
1795	0
1796	0
1797	0
1798	0
1799	-1
1800	0
1801	0
1802	0
1803	0
1804	0
1805	0
1806	0
1807	0
1808	0
1809	-1
1810	0
1811	0
1812	0
1813	0
1814	0
1815	0
1816	0
1817	0
1818	0
1819	0
1820	0
1821	0
1822	0
1823	-1
1824	0
1825	0
1826	0
1827	0
1828	0
1829	0
1830	0
1831	0
1832	0
1833	0
1834	0
1835	0
1836	0
1837	0
1838	0
1839	0
1840	-1
1841	0
1842	0
1843	0
1844	0
1845	0
1846	0
1847	0
1848	0
1849	0
1850	0
1851	0
1852	0
1853	0
1854	0
1855	0
1856	0
1857	0
1858	0
1859	0
1860	0
1861	0
1862	0
1863	0
1864	-1
1865	0
1866	0
1867	0
1868	0
1869	0
1870	0
1871	0
1872	0
1873	0
1874	0
1875	-1
1876	0
1877	0
1878	0
1879	0
1880	0
1881	0
1882	0
1883	0
1884	0
1885	0
1886	0
1887	0
1888	0
1889	0
1890	0
1891	0
1892	0
1893	0
1894	0
1895	0
1896	0
1897	0
1898	0
1899	0
1900	0
1901	0
1902	0
1903	0
1904	0
1905	0
1906	-1
1907	0
1908	-1
1909	0
1910	0
1911	0
1912	-1
1913	0
1914	0
1915	0
1916	-1
1917	-1
1918	-1
1919	0
1920	0
1921	-1
1922	-1
1923	0
1924	0
1925	0
1926	0
1927	0
1928	-1
1929	0
1930	0
1931	-1
1932	0
1933	0
1934	0
1935	-1
1936	-1
1937	-1
1938	-1
1939	-1
1940	-1
1941	-1
1942	-1
1943	0
1944	-1
1945	-1
1946	0
1947	0
1948	0
1949	0
1950	0
1951	-1
1952	0
1953	-1
1954	0
1955	-1
1956	0
1957	0
1958	0
1959	0
1960	0
1961	0
1962	0
1963	0
1964	-1
1965	0
1966	-1
1967	0
1968	-1
1969	-1
1970	-1
1971	0
1972	-1
1973	0
1974	-1
1975	0
1976	-2
1977	0
1978	-1
1979	-1
1980	-1
1981	-1
1982	-1
1983	0
1984	-1
1985	-1
1986	-2
1987	0
1988	-2
1989	0
1990	-1
1991	0
1992	-1
1993	-1
1994	-1
1995	0
1996	-1
1997	0
1998	0
1999	0
