0	0
1	0
2	0
3	0
4	0
5	0
6	0
7	0
8	0
9	0
10	0
11	0
12	0
13	0
14	0
15	0
16	0
17	0
18	0
19	0
20	0
21	0
22	0
23	1
24	0
25	0
26	0
27	0
28	0
29	0
30	0
31	0
32	0
33	0
34	0
35	0
36	0
37	0
38	0
39	0
40	0
41	0
42	0
43	0
44	0
45	0
46	0
47	0
48	0
49	0
50	0
51	0
52	0
53	0
54	0
55	0
56	0
57	0
58	0
59	0
60	0
61	0
62	-1
63	0
64	0
65	0
66	0
67	0
68	0
69	0
70	0
71	0
72	-1
73	0
74	0
75	0
76	0
77	0
78	0
79	0
80	0
81	0
82	0
83	0
84	0
85	0
86	0
87	0
88	0
89	0
90	0
91	0
92	0
93	0
94	0
95	0
96	0
97	0
98	0
99	0
100	0
101	0
102	0
103	0
104	0
105	0
106	0
107	0
108	0
109	0
110	0
111	0
112	0
113	0
114	0
115	0
116	0
117	0
118	0
119	0
120	0
121	0
122	0
123	0
124	1
125	0
126	0
127	0
128	0
129	1
130	0
131	0
132	0
133	0
134	0
135	0
136	0
137	0
138	0
139	0
140	0
141	0
142	0
143	0
144	0
145	0
146	0
147	0
148	0
149	0
150	0
151	0
152	0
153	0
154	0
155	0
156	0
157	0
158	0
159	0
160	0
161	0
162	0
163	0
164	0
165	0
166	0
167	0
168	0
169	0
170	0
171	0
172	0
173	0
174	0
175	0
176	-1
177	0
178	0
179	0
180	0
181	0
182	0
183	0
184	0
185	0
186	0
187	0
188	0
189	0
190	0
191	0
192	0
193	0
194	0
195	0
196	0
197	0
198	0
199	0
200	0
201	0
202	0
203	0
204	0
205	0
206	0
207	0
208	0
209	0
210	0
211	0
212	0
213	0
214	0
215	0
216	0
217	0
218	0
219	1
220	0
221	0
222	0
223	0
224	0
225	1
226	0
227	0
228	0
229	0
230	0
231	0
232	0
233	0
234	1
235	0
236	0
237	0
238	0
239	1
240	0
241	0
242	0
243	0
244	0
245	0
246	0
247	0
248	0
249	0
250	0
251	0
252	0
253	0
254	0
255	0
256	0
257	0
258	0
259	0
260	0
261	0
262	0
263	0
264	0
265	0
266	0
267	0
268	0
269	0
270	0
271	0
272	0
273	0
274	0
275	0
276	0
277	0
278	0
279	0
280	1
281	1
282	0
283	0
284	0
285	0
286	0
287	0
288	0
289	0
290	0
291	0
292	0
293	0
294	0
295	0
296	0
297	0
298	0
299	0
300	0
301	0
302	-1
303	0
304	-1
305	0
306	0
307	0
308	0
309	0
310	0
311	0
312	0
313	0
314	0
315	0
316	0
317	0
318	0
319	0
320	0
321	0
322	0
323	0
324	0
325	0
326	0
327	0
328	0
329	0
330	0
331	0
332	0
333	0
334	0
335	0
336	0
337	0
338	0
339	0
340	0
341	0
342	0
343	0
344	0
345	0
346	0
347	0
348	0
349	0
350	0
351	0
352	0
353	0
354	0
355	1
356	0
357	0
358	0
359	0
360	0
361	0
362	0
363	0
364	0
365	0
366	0
367	0
368	0
369	0
370	0
371	0
372	0
373	0
374	0
375	0
376	0
377	0
378	0
379	0
380	0
381	0
382	0
383	0
384	0
385	0
386	0
387	0
388	0
389	0
390	0
391	0
392	0
393	0
394	0
395	0
396	0
397	0
398	0
399	0
400	0
401	0
402	0
403	0
404	0
405	0
406	0
407	0
408	0
409	0
410	0
411	0
412	0
413	0
414	0
415	0
416	0
417	0
418	0
419	0
420	0
421	0
422	0
423	0
424	0
425	1
426	0
427	0
428	1
429	0
430	0
431	0
432	1
433	0
434	2
435	1
436	3
437	3
438	5
439	6
440	8
441	9
442	10
443	14
444	15
445	18
446	20
447	24
448	24
449	27
450	28
451	33
452	36
453	38
454	40
455	43
456	46
457	49
458	51
459	54
460	56
461	58
462	61
463	62
464	64
465	66
466	67
467	69
468	69
469	72
470	74
471	75
472	75
473	77
474	76
475	77
476	77
477	80
478	80
479	81
480	80
481	81
482	80
483	79
484	81
485	81
486	81
487	82
488	78
489	79
490	76
491	78
492	75
493	75
494	75
495	75
496	76
497	76
498	76
499	78
500	62
501	69
502	66
503	67
504	66
505	65
506	63
507	63
508	62
509	60
510	57
511	58
512	55
513	54
514	54
515	53
516	51
517	50
518	49
519	47
520	45
521	45
522	42
523	41
524	39
525	40
526	38
527	38
528	37
529	35
530	34
531	33
532	31
533	30
534	27
535	28
536	25
537	25
538	24
539	24
540	22
541	23
542	21
543	21
544	20
545	19
546	19
547	18
548	17
549	16
550	16
551	16
552	14
553	13
554	10
555	13
556	10
557	10
558	7
559	7
560	6
561	5
562	5
563	5
564	4
565	4
566	4
567	4
568	2
569	2
570	3
571	2
572	2
573	2
574	2
575	2
576	2
577	2
578	1
579	2
580	1
581	2
582	1
583	1
584	1
585	0
586	1
587	0
588	0
589	0
590	0
591	0
592	0
593	0
594	0
595	0
596	0
597	0
598	-1
599	0
600	0
601	0
602	0
603	-1
604	-1
605	0
606	0
607	0
608	-1
609	0
610	0
611	0
612	-1
613	-1
614	0
615	0
616	0
617	0
618	0
619	0
620	0
621	0
622	0
623	0
624	-1
625	0
626	0
627	0
628	0
629	0
630	0
631	-1
632	-1
633	-1
634	-1
635	0
636	-2
637	-1
638	-1
639	0
640	-1
641	0
642	0
643	-1
644	-1
645	-1
646	-2
647	-1
648	-1
649	-2
650	-2
651	-1
652	-3
653	-1
654	-1
655	-1
656	-1
657	-2
658	-2
659	-1
660	-1
661	-1
662	-1
663	-1
664	-1
665	0
666	-1
667	0
668	0
669	-1
670	-1
671	-1
672	0
673	0
674	0
675	-1
676	0
677	0
678	0
679	-1
680	-1
681	0
682	-1
683	0
684	-1
685	0
686	-2
687	-1
688	-1
689	-1
690	-1
691	-1
692	-1
693	-1
694	-1
695	-1
696	-1
697	0
698	-2
699	-1
700	-1
701	-2
702	-1
703	-1
704	0
705	-2
706	-1
707	-1
708	-2
709	-1
710	-1
711	0
712	0
713	-1
714	-1
715	0
716	0
717	-1
718	0
719	0
720	-1
721	0
722	0
723	0
724	0
725	-1
726	0
727	0
728	-2
729	-1
730	-2
731	-2
732	-1
733	-1
734	-1
735	-2
736	-1
737	-1
738	-2
739	-2
740	-3
741	-2
742	-2
743	-1
744	-2
745	0
746	-2
747	-1
748	-1
749	-2
750	-2
751	0
752	-2
753	-1
754	-1
755	0
756	-2
757	0
758	-2
759	-2
760	-2
761	-1
762	-2
763	-1
764	-1
765	-2
766	-1
767	-1
768	-1
769	-1
770	-1
771	0
772	-3
773	-1
774	-2
775	-2
776	-2
777	0
778	-3
779	-1
780	-2
781	-2
782	-3
783	-2
784	-3
785	-2
786	-3
787	-1
788	-2
789	-1
790	0
791	-1
792	-2
793	-2
794	-1
795	-1
796	-3
797	-3
798	-3
799	-2
800	-3
801	-3
802	-2
803	-2
804	-2
805	-1
806	-4
807	0
808	-3
809	-1
810	-2
811	-2
812	-1
813	0
814	-1
815	-1
816	-2
817	-1
818	-1
819	-2
820	-3
821	-2
822	-2
823	-2
824	-4
825	-2
826	-3
827	-2
828	-3
829	-2
830	-2
831	-2
832	-2
833	-1
834	-2
835	-2
836	-3
837	-1
838	-2
839	-2
840	-3
841	-3
842	-3
843	-1
844	-3
845	-1
846	-1
847	-1
848	-2
849	-1
850	-1
851	-2
852	-1
853	-1
854	-2
855	-1
856	-2
857	-1
858	-2
859	-2
860	-2
861	-3
862	-2
863	-2
864	-2
865	-1
866	-3
867	-2
868	-2
869	-1
870	-2
871	-2
872	-2
873	-2
874	-3
875	-1
876	-3
877	-1
878	-2
879	-2
880	-2
881	-1
882	-1
883	-2
884	-2
885	-2
886	-2
887	-2
888	-2
889	-3
890	-1
891	-2
892	-2
893	-1
894	-3
895	-1
896	-3
897	-1
898	-3
899	-1
900	-2
901	-1
902	-2
903	-1
904	-1
905	-3
906	-2
907	-1
908	-1
909	-1
910	-2
911	-1
912	-2
913	0
914	-2
915	0
916	-2
917	0
918	-2
919	-1
920	-1
921	-1
922	-1
923	-1
924	-2
925	-1
926	-1
927	-2
928	-1
929	-1
930	-1
931	0
932	-1
933	0
934	-2
935	-1
936	-1
937	-2
938	-1
939	-1
940	-2
941	0
942	-2
943	-2
944	-2
945	-1
946	-1
947	-1
948	-2
949	-2
950	0
951	-2
952	-2
953	-1
954	-3
955	-3
956	-1
957	-2
958	-2
959	-2
960	-2
961	0
962	-1
963	-1
964	-3
965	-1
966	-1
967	-2
968	-3
969	-1
970	-1
971	0
972	-2
973	-1
974	-2
975	-1
976	-2
977	-2
978	-1
979	-2
980	-2
981	-1
982	-3
983	-2
984	-3
985	-3
986	-2
987	-3
988	0
989	-2
990	-2
991	-2
992	-2
993	-2
994	-2
995	-2
996	-3
997	-2
998	-2
999	-1
1000	-1
1001	-3
1002	-3
1003	-3
1004	-1
1005	-2
1006	-2
1007	-1
1008	-1
1009	-2
1010	-1
1011	-3
1012	-1
1013	-2
1014	-2
1015	-1
1016	-2
1017	-1
1018	-2
1019	-1
1020	-3
1021	-2
1022	-2
1023	-2
1024	-3
1025	-2
1026	-2
1027	-2
1028	-2
1029	-1
1030	-2
1031	-1
1032	-2
1033	-2
1034	-2
1035	-1
1036	-2
1037	-1
1038	0
1039	-1
1040	-3
1041	-1
1042	-2
1043	0
1044	-2
1045	-1
1046	-2
1047	-1
1048	-2
1049	-2
1050	-3
1051	-1
1052	-1
1053	-2
1054	-1
1055	-1
1056	0
1057	-2
1058	0
1059	-2
1060	-2
1061	-1
1062	-2
1063	-1
1064	-2
1065	-1
1066	-1
1067	-1
1068	-1
1069	-2
1070	-2
1071	-1
1072	-1
1073	0
1074	-2
1075	-1
1076	-1
1077	-2
1078	-1
1079	-1
1080	-1
1081	-1
1082	-1
1083	-1
1084	-2
1085	-1
1086	-2
1087	-2
1088	-2
1089	0
1090	-1
1091	-1
1092	-1
1093	-1
1094	-1
1095	0
1096	0
1097	-1
1098	0
1099	0
1100	-2
1101	0
1102	-1
1103	0
1104	0
1105	0
1106	0
1107	1
1108	0
1109	0
1110	0
1111	0
1112	0
1113	1
1114	0
1115	0
1116	0
1117	0
1118	1
1119	1
1120	1
1121	1
1122	0
1123	0
1124	0
1125	1
1126	0
1127	0
1128	0
1129	1
1130	0
1131	0
1132	0
1133	0
1134	0
1135	0
1136	0
1137	0
1138	0
1139	0
1140	0
1141	0
1142	0
1143	0
1144	0
1145	0
1146	0
1147	0
1148	0
1149	0
1150	0
1151	0
1152	0
1153	0
1154	-2
1155	0
1156	-1
1157	-2
1158	-2
1159	-1
1160	-1
1161	-1
1162	-2
1163	0
1164	-2
1165	0
1166	-1
1167	-1
1168	-1
1169	-2
1170	-1
1171	0
1172	0
1173	-1
1174	0
1175	0
1176	0
1177	-2
1178	0
1179	-1
1180	0
1181	0
1182	-1
1183	0
1184	-1
1185	0
1186	0
1187	0
1188	-1
1189	0
1190	-2
1191	0
1192	-1
1193	0
1194	-1
1195	0
1196	0
1197	-1
1198	-1
1199	-1
1200	-2
1201	0
1202	-1
1203	0
1204	-1
1205	-1
1206	-1
1207	0
1208	-1
1209	0
1210	-2
1211	0
1212	0
1213	0
1214	0
1215	0
1216	-1
1217	0
1218	-1
1219	-1
1220	-1
1221	0
1222	-1
1223	0
1224	-1
1225	-1
1226	-2
1227	0
1228	-1
1229	-1
1230	0
1231	-1
1232	-1
1233	-2
1234	-2
1235	-1
1236	-2
1237	-1
1238	-2
1239	-1
1240	-2
1241	-1
1242	-2
1243	0
1244	-2
1245	-1
1246	-2
1247	-1
1248	-3
1249	-1
1250	-2
1251	-2
1252	-1
1253	0
1254	-1
1255	0
1256	-2
1257	0
1258	-1
1259	-2
1260	-1
1261	-1
1262	-1
1263	-1
1264	-2
1265	-1
1266	-2
1267	-1
1268	-1
1269	-1
1270	-1
1271	0
1272	-1
1273	-1
1274	-2
1275	-2
1276	0
1277	-1
1278	-1
1279	0
1280	-1
1281	-2
1282	-2
1283	-1
1284	-1
1285	0
1286	-1
1287	0
1288	-1
1289	0
1290	0
1291	0
1292	0
1293	0
1294	-1
1295	-1
1296	-1
1297	0
1298	0
1299	0
1300	0
1301	0
1302	0
1303	0
1304	0
1305	0
1306	0
1307	0
1308	0
1309	0
1310	0
1311	0
1312	0
1313	0
1314	0
1315	0
1316	0
1317	0
1318	0
1319	0
1320	0
1321	1
1322	0
1323	0
1324	0
1325	0
1326	0
1327	0
1328	0
1329	0
1330	0
1331	0
1332	0
1333	1
1334	0
1335	1
1336	0
1337	0
1338	0
1339	0
1340	0
1341	0
1342	0
1343	0
1344	0
1345	0
1346	0
1347	0
1348	0
1349	0
1350	0
1351	0
1352	0
1353	0
1354	-1
1355	0
1356	0
1357	0
1358	0
1359	0
1360	0
1361	0
1362	0
1363	0
1364	0
1365	-1
1366	-1
1367	0
1368	0
1369	0
1370	0
1371	0
1372	-1
1373	-1
1374	0
1375	-1
1376	0
1377	-1
1378	-1
1379	-1
1380	0
1381	0
1382	-1
1383	0
1384	-1
1385	0
1386	0
1387	0
1388	-1
1389	-1
1390	-1
1391	0
1392	0
1393	0
1394	-1
1395	0
1396	-2
1397	0
1398	-1
1399	0
1400	-2
1401	-1
1402	-1
1403	-1
1404	-1
1405	0
1406	0
1407	0
1408	0
1409	0
1410	0
1411	0
1412	-1
1413	0
1414	-1
1415	0
1416	-1
1417	0
1418	0
1419	0
1420	0
1421	0
1422	-1
1423	0
1424	0
1425	0
1426	0
1427	0
1428	0
1429	0
1430	-1
1431	-1
1432	-1
1433	-1
1434	-1
1435	-1
1436	-1
1437	-2
1438	-1
1439	-2
1440	-2
1441	-1
1442	-1
1443	-1
1444	-1
1445	-1
1446	-1
1447	-1
1448	0
1449	0
1450	-1
1451	0
1452	0
1453	0
1454	0
1455	0
1456	0
1457	-1
1458	0
1459	0
1460	0
1461	0
1462	0
1463	-1
1464	0
1465	-2
1466	-1
1467	0
1468	-1
1469	-1
1470	0
1471	-1
1472	0
1473	-1
1474	-1
1475	0
1476	-1
1477	-1
1478	-1
1479	-2
1480	-1
1481	-1
1482	-2
1483	-1
1484	-2
1485	-1
1486	-2
1487	-3
1488	-3
1489	-1
1490	-1
1491	-1
1492	0
1493	0
1494	-1
1495	-1
1496	-2
1497	-1
1498	-1
1499	0
1500	-1
1501	0
1502	-2
1503	-1
1504	0
1505	-1
1506	0
1507	0
1508	0
1509	0
1510	0
1511	0
1512	0
1513	-1
1514	0
1515	-1
1516	-1
1517	-1
1518	0
1519	-1
1520	0
1521	0
1522	0
1523	-1
1524	0
1525	-1
1526	-1
1527	-1
1528	0
1529	0
1530	0
1531	0
1532	-2
1533	0
1534	-1
1535	-1
1536	-1
1537	-1
1538	-1
1539	-1
1540	0
1541	0
1542	0
1543	0
1544	-1
1545	-2
1546	0
1547	-1
1548	0
1549	-1
1550	0
1551	-1
1552	0
1553	-1
1554	0
1555	0
1556	-1
1557	-1
1558	-1
1559	0
1560	0
1561	0
1562	0
1563	0
1564	0
1565	0
1566	-1
1567	0
1568	0
1569	0
1570	0
1571	0
1572	0
1573	0
1574	-1
1575	-1
1576	-1
1577	-1
1578	0
1579	0
1580	0
1581	0
1582	-1
1583	0
1584	-1
1585	-1
1586	0
1587	0
1588	-1
1589	-1
1590	0
1591	0
1592	0
1593	-1
1594	0
1595	0
1596	-1
1597	0
1598	-1
1599	0
1600	0
1601	0
1602	0
1603	-1
1604	0
1605	0
1606	0
1607	0
1608	0
1609	-1
1610	-1
1611	-1
1612	-1
1613	0
1614	0
1615	0
1616	0
1617	0
1618	0
1619	0
1620	-1
1621	0
1622	0
1623	0
1624	-1
1625	0
1626	0
1627	0
1628	-1
1629	0
1630	-1
1631	0
1632	-1
1633	-1
1634	-1
1635	0
1636	0
1637	0
1638	-1
1639	-1
1640	0
1641	0
1642	0
1643	0
1644	0
1645	0
1646	0
1647	0
1648	-1
1649	0
1650	0
1651	-1
1652	-1
1653	0
1654	-1
1655	-1
1656	-1
1657	-1
1658	-1
1659	0
1660	-2
1661	0
1662	0
1663	0
1664	-1
1665	0
1666	0
1667	0
1668	-1
1669	-1
1670	0
1671	0
1672	0
1673	-1
1674	-1
1675	0
1676	0
1677	-2
1678	0
1679	0
1680	0
1681	0
1682	-1
1683	0
1684	0
1685	-1
1686	0
1687	0
1688	0
1689	0
1690	0
1691	0
1692	0
1693	-1
1694	-1
1695	0
1696	-1
1697	0
1698	0
1699	0
1700	0
1701	0
1702	0
1703	0
1704	0
1705	0
1706	0
1707	0
1708	0
1709	0
1710	-1
1711	0
1712	0
1713	0
1714	0
1715	-1
1716	0
1717	0
1718	0
1719	0
1720	0
1721	0
1722	0
1723	0
1724	0
1725	0
1726	0
1727	0
1728	0
1729	0
1730	0
1731	0
1732	0
1733	0
1734	0
1735	-1
1736	0
1737	0
1738	-1
1739	0
1740	0
1741	0
1742	-1
1743	-1
1744	-1
1745	0
1746	0
1747	-1
1748	0
1749	-1
1750	0
1751	0
1752	0
1753	0
1754	0
1755	0
1756	0
1757	0
1758	0
1759	0
1760	0
1761	0
1762	0
1763	0
1764	0
1765	0
1766	0
1767	0
1768	0
1769	0
1770	0
1771	0
1772	0
1773	0
1774	0
1775	-1
1776	0
1777	0
1778	-1
1779	0
1780	0
1781	0
1782	-2
1783	-1
1784	0
1785	-1
1786	-1
1787	0
1788	-1
1789	0
1790	0
1791	0
1792	-1
1793	0
1794	0
1795	-1
1796	-1
1797	-1
1798	-1
1799	-1
1800	-1
1801	0
1802	0
1803	0
1804	0
1805	0
1806	0
1807	0
1808	0
1809	0
1810	0
1811	-1
1812	0
1813	-1
1814	0
1815	-1
1816	0
1817	0
1818	0
1819	0
1820	-1
1821	0
1822	0
1823	0
1824	0
1825	0
1826	0
1827	0
1828	0
1829	0
1830	0
1831	0
1832	0
1833	0
1834	0
1835	0
1836	0
1837	0
1838	-1
1839	0
1840	0
1841	0
1842	0
1843	-1
1844	-1
1845	0
1846	0
1847	-1
1848	0
1849	-1
1850	0
1851	0
1852	0
1853	0
1854	-1
1855	0
1856	-1
1857	0
1858	0
1859	-1
1860	0
1861	0
1862	0
1863	0
1864	0
1865	0
1866	0
1867	0
1868	0
1869	0
1870	0
1871	0
1872	0
1873	0
1874	0
1875	0
1876	0
1877	0
1878	0
1879	0
1880	0
1881	0
1882	0
1883	0
1884	0
1885	0
1886	0
1887	0
1888	0
1889	0
1890	0
1891	0
1892	0
1893	0
1894	0
1895	0
1896	0
1897	0
1898	-1
1899	0
1900	0
1901	0
1902	0
1903	0
1904	0
1905	0
1906	0
1907	0
1908	0
1909	-1
1910	0
1911	0
1912	-1
1913	0
1914	0
1915	0
1916	0
1917	0
1918	0
1919	-1
1920	0
1921	0
1922	0
1923	0
1924	-1
1925	0
1926	-1
1927	0
1928	-1
1929	0
1930	-1
1931	0
1932	0
1933	0
1934	-1
1935	-1
1936	0
1937	0
1938	-1
1939	0
1940	-2
1941	0
1942	0
1943	0
1944	0
1945	0
1946	0
1947	-1
1948	0
1949	0
1950	0
1951	0
1952	0
1953	0
1954	0
1955	0
1956	0
1957	0
1958	0
1959	0
1960	0
1961	0
1962	0
1963	0
1964	-1
1965	0
1966	0
1967	0
1968	0
1969	0
1970	0
1971	0
1972	0
1973	0
1974	0
1975	0
1976	0
1977	0
1978	0
1979	0
1980	0
1981	0
1982	0
1983	0
1984	0
1985	0
1986	0
1987	0
1988	0
1989	0
1990	0
1991	0
1992	0
1993	0
1994	0
1995	0
1996	0
1997	0
1998	0
1999	-1
