0	0
1	0
2	0
3	1
4	0
5	0
6	0
7	0
8	0
9	1
10	0
11	1
12	1
13	1
14	0
15	2
16	0
17	0
18	0
19	1
20	0
21	1
22	1
23	1
24	0
25	1
26	0
27	0
28	0
29	1
30	0
31	1
32	1
33	0
34	0
35	1
36	0
37	1
38	0
39	0
40	0
41	1
42	0
43	1
44	0
45	0
46	0
47	1
48	1
49	0
50	1
51	0
52	0
53	0
54	0
55	1
56	0
57	0
58	0
59	0
60	0
61	0
62	0
63	0
64	0
65	0
66	0
67	0
68	0
69	0
70	0
71	0
72	0
73	0
74	0
75	0
76	0
77	0
78	0
79	0
80	0
81	0
82	0
83	0
84	0
85	0
86	0
87	0
88	0
89	0
90	0
91	1
92	0
93	0
94	0
95	0
96	0
97	0
98	0
99	0
100	0
101	0
102	0
103	0
104	0
105	0
106	0
107	0
108	0
109	0
110	0
111	0
112	0
113	0
114	0
115	0
116	0
117	0
118	0
119	1
120	0
121	0
122	1
123	1
124	0
125	0
126	0
127	0
128	0
129	1
130	0
131	2
132	0
133	0
134	0
135	1
136	1
137	2
138	0
139	0
140	0
141	0
142	0
143	0
144	0
145	0
146	0
147	0
148	0
149	0
150	0
151	0
152	0
153	0
154	0
155	0
156	0
157	0
158	0
159	1
160	0
161	1
162	0
163	1
164	0
165	0
166	0
167	0
168	0
169	0
170	0
171	0
172	0
173	0
174	0
175	0
176	0
177	0
178	0
179	1
180	1
181	0
182	0
183	0
184	0
185	0
186	0
187	0
188	0
189	0
190	0
191	0
192	-1
193	0
194	0
195	0
196	0
197	-1
198	0
199	-1
200	0
201	0
202	-1
203	0
204	0
205	0
206	0
207	0
208	0
209	0
210	0
211	0
212	-1
213	0
214	0
215	0
216	0
217	0
218	0
219	0
220	0
221	0
222	1
223	0
224	0
225	0
226	0
227	0
228	0
229	0
230	0
231	0
232	0
233	0
234	0
235	0
236	0
237	0
238	0
239	0
240	0
241	0
242	0
243	0
244	0
245	0
246	0
247	0
248	0
249	0
250	0
251	0
252	0
253	0
254	0
255	0
256	0
257	0
258	0
259	0
260	0
261	0
262	0
263	0
264	0
265	1
266	0
267	0
268	0
269	0
270	1
271	0
272	1
273	1
274	1
275	1
276	0
277	1
278	1
279	1
280	0
281	0
282	0
283	1
284	0
285	1
286	0
287	0
288	0
289	0
290	0
291	0
292	0
293	0
294	0
295	0
296	0
297	0
298	0
299	0
300	-1
301	0
302	0
303	0
304	0
305	0
306	0
307	0
308	0
309	0
310	0
311	0
312	0
313	0
314	0
315	0
316	0
317	0
318	0
319	0
320	0
321	0
322	0
323	0
324	0
325	0
326	0
327	0
328	0
329	0
330	1
331	0
332	1
333	0
334	0
335	0
336	1
337	1
338	1
339	2
340	1
341	0
342	2
343	0
344	1
345	1
346	0
347	0
348	0
349	1
350	1
351	1
352	0
353	1
354	1
355	1
356	1
357	1
358	0
359	0
360	0
361	1
362	0
363	0
364	0
365	0
366	0
367	1
368	0
369	0
370	0
371	0
372	1
373	1
374	0
375	0
376	0
377	1
378	0
379	0
380	0
381	0
382	0
383	0
384	0
385	0
386	0
387	0
388	0
389	0
390	0
391	0
392	0
393	0
394	0
395	0
396	0
397	0
398	0
399	0
400	0
401	0
402	0
403	0
404	0
405	0
406	0
407	0
408	0
409	0
410	0
411	0
412	0
413	0
414	0
415	1
416	0
417	2
418	1
419	5
420	2
421	7
422	8
423	11
424	11
425	16
426	18
427	21
428	23
429	27
430	30
431	35
432	37
433	42
434	45
435	51
436	52
437	57
438	61
439	65
440	68
441	71
442	75
443	80
444	83
445	88
446	90
447	94
448	97
449	101
450	103
451	107
452	109
453	110
454	113
455	117
456	117
457	121
458	122
459	123
460	123
461	125
462	126
463	126
464	126
465	126
466	125
467	127
468	124
469	125
470	124
471	125
472	120
473	119
474	117
475	117
476	114
477	113
478	110
479	109
480	107
481	107
482	103
483	102
484	99
485	99
486	96
487	95
488	90
489	90
490	86
491	86
492	85
493	83
494	79
495	78
496	75
497	76
498	76
499	78
500	62
501	68
502	64
503	65
504	65
505	62
506	61
507	61
508	56
509	56
510	53
511	53
512	52
513	50
514	49
515	48
516	44
517	44
518	43
519	42
520	39
521	39
522	38
523	37
524	36
525	35
526	33
527	34
528	30
529	29
530	27
531	28
532	27
533	25
534	25
535	23
536	23
537	22
538	19
539	19
540	16
541	17
542	13
543	16
544	13
545	13
546	11
547	12
548	11
549	11
550	8
551	10
552	8
553	8
554	7
555	8
556	6
557	5
558	5
559	6
560	4
561	3
562	2
563	4
564	3
565	3
566	2
567	1
568	0
569	0
570	0
571	0
572	-1
573	0
574	-3
575	-2
576	-4
577	-3
578	-6
579	-4
580	-5
581	-5
582	-5
583	-6
584	-7
585	-7
586	-7
587	-6
588	-7
589	-8
590	-6
591	-7
592	-7
593	-6
594	-9
595	-7
596	-8
597	-8
598	-9
599	-9
600	-9
601	-9
602	-8
603	-9
604	-10
605	-11
606	-10
607	-11
608	-11
609	-10
610	-11
611	-11
612	-11
613	-11
614	-11
615	-11
616	-10
617	-11
618	-12
619	-11
620	-13
621	-11
622	-11
623	-11
624	-10
625	-10
626	-11
627	-10
628	-9
629	-8
630	-10
631	-11
632	-10
633	-10
634	-10
635	-9
636	-9
637	-10
638	-10
639	-8
640	-10
641	-8
642	-9
643	-7
644	-9
645	-8
646	-9
647	-7
648	-7
649	-7
650	-7
651	-7
652	-7
653	-6
654	-7
655	-7
656	-7
657	-7
658	-8
659	-8
660	-9
661	-7
662	-9
663	-9
664	-10
665	-8
666	-10
667	-8
668	-8
669	-9
670	-8
671	-8
672	-9
673	-8
674	-8
675	-9
676	-8
677	-8
678	-9
679	-9
680	-9
681	-8
682	-9
683	-8
684	-8
685	-8
686	-9
687	-8
688	-9
689	-8
690	-9
691	-8
692	-10
693	-8
694	-11
695	-9
696	-11
697	-8
698	-9
699	-8
700	-10
701	-8
702	-10
703	-8
704	-10
705	-9
706	-11
707	-10
708	-11
709	-9
710	-10
711	-9
712	-10
713	-9
714	-9
715	-9
716	-11
717	-8
718	-11
719	-10
720	-11
721	-10
722	-11
723	-11
724	-11
725	-10
726	-11
727	-10
728	-11
729	-9
730	-11
731	-10
732	-11
733	-11
734	-10
735	-11
736	-10
737	-12
738	-12
739	-11
740	-11
741	-11
742	-11
743	-11
744	-13
745	-10
746	-12
747	-10
748	-12
749	-11
750	-12
751	-11
752	-12
753	-12
754	-11
755	-12
756	-12
757	-12
758	-12
759	-12
760	-12
761	-11
762	-13
763	-12
764	-13
765	-13
766	-12
767	-12
768	-12
769	-10
770	-12
771	-10
772	-13
773	-11
774	-12
775	-11
776	-12
777	-11
778	-11
779	-11
780	-12
781	-12
782	-11
783	-11
784	-12
785	-12
786	-12
787	-9
788	-12
789	-11
790	-13
791	-11
792	-12
793	-11
794	-11
795	-10
796	-12
797	-11
798	-11
799	-11
800	-12
801	-11
802	-11
803	-12
804	-12
805	-10
806	-12
807	-10
808	-11
809	-11
810	-11
811	-11
812	-9
813	-11
814	-10
815	-10
816	-11
817	-10
818	-11
819	-9
820	-8
821	-9
822	-9
823	-10
824	-8
825	-9
826	-9
827	-9
828	-11
829	-8
830	-10
831	-10
832	-9
833	-7
834	-9
835	-7
836	-9
837	-9
838	-10
839	-8
840	-10
841	-8
842	-9
843	-8
844	-7
845	-7
846	-8
847	-6
848	-6
849	-7
850	-7
851	-7
852	-9
853	-5
854	-7
855	-5
856	-8
857	-4
858	-7
859	-5
860	-6
861	-4
862	-7
863	-7
864	-6
865	-7
866	-6
867	-5
868	-6
869	-5
870	-6
871	-6
872	-6
873	-6
874	-6
875	-6
876	-5
877	-6
878	-6
879	-5
880	-6
881	-5
882	-6
883	-4
884	-5
885	-5
886	-5
887	-5
888	-6
889	-6
890	-6
891	-5
892	-6
893	-6
894	-6
895	-6
896	-6
897	-7
898	-7
899	-6
900	-6
901	-8
902	-6
903	-6
904	-8
905	-5
906	-7
907	-6
908	-8
909	-8
910	-8
911	-8
912	-10
913	-9
914	-10
915	-8
916	-8
917	-8
918	-9
919	-8
920	-8
921	-8
922	-9
923	-6
924	-8
925	-6
926	-7
927	-8
928	-9
929	-7
930	-9
931	-7
932	-9
933	-5
934	-7
935	-6
936	-7
937	-8
938	-7
939	-8
940	-8
941	-8
942	-9
943	-7
944	-11
945	-8
946	-8
947	-10
948	-10
949	-8
950	-10
951	-10
952	-10
953	-9
954	-11
955	-9
956	-11
957	-9
958	-11
959	-10
960	-11
961	-11
962	-10
963	-9
964	-10
965	-11
966	-10
967	-9
968	-9
969	-9
970	-10
971	-10
972	-9
973	-7
974	-8
975	-7
976	-9
977	-6
978	-8
979	-6
980	-7
981	-6
982	-7
983	-5
984	-6
985	-5
986	-6
987	-6
988	-5
989	-6
990	-6
991	-7
992	-7
993	-5
994	-6
995	-4
996	-5
997	-6
998	-7
999	-7
1000	-7
1001	-4
1002	-8
1003	-6
1004	-5
1005	-6
1006	-8
1007	-7
1008	-8
1009	-7
1010	-8
1011	-6
1012	-8
1013	-7
1014	-7
1015	-5
1016	-8
1017	-6
1018	-7
1019	-7
1020	-5
1021	-6
1022	-5
1023	-7
1024	-9
1025	-7
1026	-8
1027	-8
1028	-7
1029	-6
1030	-6
1031	-7
1032	-8
1033	-6
1034	-8
1035	-7
1036	-8
1037	-7
1038	-5
1039	-9
1040	-6
1041	-6
1042	-8
1043	-7
1044	-9
1045	-8
1046	-8
1047	-8
1048	-8
1049	-8
1050	-9
1051	-8
1052	-8
1053	-9
1054	-7
1055	-8
1056	-10
1057	-7
1058	-8
1059	-9
1060	-8
1061	-7
1062	-7
1063	-7
1064	-7
1065	-7
1066	-6
1067	-7
1068	-7
1069	-5
1070	-6
1071	-4
1072	-7
1073	-5
1074	-6
1075	-5
1076	-6
1077	-5
1078	-5
1079	-4
1080	-5
1081	-5
1082	-6
1083	-4
1084	-6
1085	-5
1086	-6
1087	-4
1088	-6
1089	-5
1090	-6
1091	-4
1092	-5
1093	-6
1094	-5
1095	-6
1096	-6
1097	-5
1098	-4
1099	-4
1100	-5
1101	-4
1102	-3
1103	-4
1104	-3
1105	-4
1106	-4
1107	-2
1108	-4
1109	-2
1110	-2
1111	-2
1112	-3
1113	-4
1114	-4
1115	-3
1116	-4
1117	-3
1118	-2
1119	-2
1120	-4
1121	-3
1122	-4
1123	-4
1124	-4
1125	-4
1126	-5
1127	-5
1128	-5
1129	-4
1130	-5
1131	-3
1132	-5
1133	-5
1134	-4
1135	-6
1136	-4
1137	-4
1138	-5
1139	-4
1140	-4
1141	-3
1142	-5
1143	-4
1144	-5
1145	-4
1146	-6
1147	-3
1148	-6
1149	-3
1150	-5
1151	-3
1152	-6
1153	-4
1154	-5
1155	-6
1156	-5
1157	-4
1158	-6
1159	-4
1160	-7
1161	-4
1162	-6
1163	-6
1164	-6
1165	-5
1166	-6
1167	-5
1168	-5
1169	-4
1170	-6
1171	-5
1172	-5
1173	-5
1174	-7
1175	-5
1176	-7
1177	-7
1178	-7
1179	-5
1180	-5
1181	-4
1182	-5
1183	-4
1184	-5
1185	-4
1186	-6
1187	-4
1188	-3
1189	-3
1190	-3
1191	-3
1192	-4
1193	-2
1194	-2
1195	-3
1196	-3
1197	-2
1198	-2
1199	-4
1200	-4
1201	-3
1202	-4
1203	-2
1204	-4
1205	-2
1206	-4
1207	-1
1208	-5
1209	-1
1210	-3
1211	-2
1212	-4
1213	-3
1214	-4
1215	-3
1216	-5
1217	-3
1218	-3
1219	-4
1220	-3
1221	-3
1222	-4
1223	-4
1224	-3
1225	-4
1226	-4
1227	-4
1228	-4
1229	-3
1230	-4
1231	-3
1232	-3
1233	-4
1234	-2
1235	-4
1236	-3
1237	-2
1238	-2
1239	-2
1240	-2
1241	-2
1242	-3
1243	-3
1244	-3
1245	-2
1246	-3
1247	-3
1248	-3
1249	-4
1250	-3
1251	-3
1252	-4
1253	-3
1254	-4
1255	-1
1256	-3
1257	-4
1258	-4
1259	-3
1260	-3
1261	-2
1262	-4
1263	-1
1264	-3
1265	-3
1266	-4
1267	-3
1268	-4
1269	-2
1270	-5
1271	-3
1272	-2
1273	-2
1274	-3
1275	-3
1276	-3
1277	-2
1278	-2
1279	-3
1280	-4
1281	-3
1282	-3
1283	-5
1284	-3
1285	-3
1286	-3
1287	-3
1288	-4
1289	-3
1290	-4
1291	-4
1292	-3
1293	-2
1294	-3
1295	-2
1296	-3
1297	-3
1298	-4
1299	-2
1300	-4
1301	-3
1302	-3
1303	-2
1304	-3
1305	-3
1306	-2
1307	-2
1308	-3
1309	-4
1310	-3
1311	-2
1312	-2
1313	-2
1314	-2
1315	-2
1316	-3
1317	-2
1318	-2
1319	0
1320	-2
1321	-1
1322	-3
1323	-2
1324	-2
1325	-2
1326	-1
1327	-3
1328	-2
1329	-2
1330	-2
1331	-2
1332	-2
1333	-2
1334	-2
1335	-1
1336	-3
1337	-3
1338	-3
1339	-2
1340	-3
1341	-3
1342	-3
1343	-3
1344	-3
1345	-3
1346	-2
1347	-2
1348	-3
1349	-3
1350	-3
1351	-4
1352	-2
1353	-2
1354	-3
1355	-2
1356	-3
1357	-1
1358	-1
1359	-1
1360	-2
1361	-1
1362	-2
1363	-1
1364	-2
1365	-1
1366	-1
1367	-1
1368	-1
1369	0
1370	-1
1371	0
1372	-2
1373	0
1374	-1
1375	-1
1376	-1
1377	-1
1378	-2
1379	-1
1380	-2
1381	0
1382	-2
1383	-1
1384	-2
1385	-2
1386	-3
1387	-2
1388	-3
1389	-2
1390	-4
1391	-3
1392	-3
1393	-2
1394	-4
1395	-2
1396	-3
1397	-2
1398	-3
1399	-1
1400	-2
1401	-1
1402	-2
1403	0
1404	-2
1405	0
1406	-1
1407	0
1408	0
1409	0
1410	0
1411	0
1412	0
1413	0
1414	0
1415	1
1416	0
1417	1
1418	1
1419	1
1420	0
1421	1
1422	1
1423	1
1424	0
1425	1
1426	0
1427	1
1428	0
1429	1
1430	0
1431	0
1432	0
1433	0
1434	0
1435	0
1436	0
1437	0
1438	0
1439	0
1440	0
1441	0
1442	0
1443	0
1444	0
1445	0
1446	0
1447	0
1448	0
1449	-1
1450	0
1451	0
1452	0
1453	0
1454	0
1455	0
1456	0
1457	0
1458	0
1459	0
1460	0
1461	0
1462	0
1463	0
1464	0
1465	0
1466	0
1467	0
1468	0
1469	0
1470	0
1471	0
1472	0
1473	0
1474	0
1475	0
1476	-1
1477	0
1478	-1
1479	-1
1480	-2
1481	-1
1482	-1
1483	-2
1484	-1
1485	-1
1486	-1
1487	-2
1488	-2
1489	-1
1490	-1
1491	-1
1492	-2
1493	-1
1494	-2
1495	-1
1496	-2
1497	-1
1498	-1
1499	-1
1500	0
1501	-1
1502	0
1503	0
1504	0
1505	0
1506	-1
1507	0
1508	-1
1509	0
1510	0
1511	0
1512	0
1513	0
1514	0
1515	0
1516	-1
1517	0
1518	0
1519	0
1520	0
1521	0
1522	0
1523	0
1524	-1
1525	0
1526	-1
1527	0
1528	-1
1529	0
1530	-2
1531	-1
1532	-2
1533	-1
1534	-1
1535	-1
1536	-1
1537	-2
1538	-1
1539	-2
1540	-2
1541	-1
1542	-1
1543	-1
1544	-1
1545	0
1546	-2
1547	-1
1548	-1
1549	-1
1550	0
1551	-1
1552	0
1553	0
1554	-1
1555	0
1556	0
1557	0
1558	-1
1559	0
1560	-1
1561	0
1562	-1
1563	0
1564	-2
1565	-1
1566	-1
1567	0
1568	-1
1569	-1
1570	-1
1571	-1
1572	-2
1573	-1
1574	-1
1575	-1
1576	-1
1577	-1
1578	-1
1579	-1
1580	-1
1581	-1
1582	0
1583	-1
1584	-1
1585	-1
1586	-1
1587	-1
1588	-1
1589	-1
1590	0
1591	0
1592	0
1593	-1
1594	0
1595	0
1596	0
1597	0
1598	-1
1599	0
1600	-1
1601	0
1602	0
1603	0
1604	0
1605	-1
1606	-1
1607	0
1608	-2
1609	-1
1610	-1
1611	0
1612	-2
1613	0
1614	-2
1615	-1
1616	-2
1617	-1
1618	-3
1619	-1
1620	-1
1621	0
1622	0
1623	0
1624	-1
1625	-1
1626	-2
1627	-1
1628	-1
1629	-1
1630	-1
1631	-1
1632	-1
1633	0
1634	-1
1635	0
1636	-1
1637	-1
1638	-1
1639	0
1640	0
1641	0
1642	0
1643	0
1644	-1
1645	-1
1646	-1
1647	0
1648	0
1649	0
1650	0
1651	0
1652	-1
1653	0
1654	0
1655	0
1656	0
1657	0
1658	0
1659	0
1660	-1
1661	0
1662	0
1663	0
1664	0
1665	0
1666	0
1667	0
1668	0
1669	0
1670	-1
1671	0
1672	0
1673	0
1674	0
1675	0
1676	0
1677	0
1678	-1
1679	0
1680	-2
1681	-1
1682	-1
1683	-1
1684	-1
1685	-1
1686	-1
1687	0
1688	-1
1689	-1
1690	-1
1691	-1
1692	-1
1693	-2
1694	-1
1695	-2
1696	-1
1697	-1
1698	-1
1699	-1
1700	-1
1701	0
1702	-1
1703	0
1704	0
1705	-1
1706	-1
1707	-1
1708	-1
1709	0
1710	-1
1711	0
1712	-1
1713	0
1714	0
1715	0
1716	0
1717	0
1718	0
1719	0
1720	0
1721	0
1722	0
1723	0
1724	0
1725	0
1726	0
1727	0
1728	-1
1729	0
1730	0
1731	0
1732	0
1733	0
1734	-1
1735	-1
1736	0
1737	-1
1738	0
1739	-1
1740	-1
1741	0
1742	-1
1743	-1
1744	-1
1745	-1
1746	-2
1747	0
1748	-1
1749	0
1750	-2
1751	0
1752	-1
1753	-1
1754	-1
1755	-1
1756	-1
1757	0
1758	0
1759	0
1760	0
1761	0
1762	0
1763	0
1764	0
1765	0
1766	0
1767	0
1768	0
1769	0
1770	0
1771	0
1772	0
1773	0
1774	0
1775	0
1776	0
1777	0
1778	0
1779	0
1780	0
1781	0
1782	0
1783	0
1784	0
1785	0
1786	0
1787	0
1788	-1
1789	0
1790	0
1791	0
1792	0
1793	0
1794	-1
1795	0
1796	0
1797	0
1798	0
1799	0
1800	0
1801	0
1802	0
1803	0
1804	0
1805	0
1806	0
1807	0
1808	0
1809	0
1810	0
1811	0
1812	0
1813	0
1814	0
1815	0
1816	0
1817	0
1818	0
1819	0
1820	0
1821	0
1822	0
1823	0
1824	-1
1825	0
1826	-1
1827	0
1828	-1
1829	0
1830	-1
1831	0
1832	-1
1833	0
1834	-1
1835	0
1836	0
1837	0
1838	-1
1839	0
1840	0
1841	0
1842	0
1843	0
1844	0
1845	0
1846	-1
1847	0
1848	0
1849	0
1850	0
1851	0
1852	-1
1853	1
1854	0
1855	0
1856	0
1857	0
1858	0
1859	0
1860	-1
1861	0
1862	-1
1863	0
1864	0
1865	0
1866	0
1867	0
1868	0
1869	0
1870	0
1871	0
1872	0
1873	0
1874	0
1875	0
1876	0
1877	0
1878	0
1879	0
1880	0
1881	0
1882	0
1883	0
1884	0
1885	0
1886	0
1887	0
1888	-1
1889	-1
1890	-1
1891	-1
1892	0
1893	0
1894	0
1895	0
1896	-1
1897	0
1898	-1
1899	0
1900	-1
1901	0
1902	-1
1903	0
1904	-1
1905	0
1906	0
1907	0
1908	0
1909	0
1910	0
1911	0
1912	0
1913	0
1914	0
1915	0
1916	0
1917	0
1918	0
1919	0
1920	0
1921	0
1922	0
1923	0
1924	0
1925	0
1926	0
1927	0
1928	0
1929	0
1930	0
1931	0
1932	0
1933	0
1934	0
1935	0
1936	0
1937	0
1938	-1
1939	0
1940	-1
1941	0
1942	-1
1943	0
1944	-1
1945	0
1946	0
1947	0
1948	0
1949	0
1950	0
1951	0
1952	0
1953	0
1954	0
1955	0
1956	0
1957	0
1958	0
1959	0
1960	0
1961	0
1962	0
1963	0
1964	0
1965	0
1966	0
1967	0
1968	0
1969	0
1970	0
1971	0
1972	0
1973	0
1974	0
1975	0
1976	0
1977	0
1978	0
1979	0
1980	0
1981	0
1982	0
1983	-1
1984	0
1985	0
1986	0
1987	0
1988	-1
1989	0
1990	-1
1991	-1
1992	-1
1993	-1
1994	-1
1995	0
1996	0
1997	0
1998	0
1999	0
