0	0
1	0
2	0
3	0
4	0
5	0
6	0
7	0
8	0
9	0
10	0
11	0
12	0
13	0
14	0
15	0
16	0
17	0
18	0
19	0
20	0
21	0
22	0
23	0
24	0
25	0
26	0
27	0
28	0
29	0
30	0
31	0
32	0
33	0
34	-1
35	0
36	-1
37	0
38	0
39	0
40	0
41	0
42	0
43	0
44	1
45	1
46	0
47	0
48	0
49	0
50	0
51	0
52	0
53	0
54	0
55	0
56	0
57	0
58	0
59	0
60	0
61	0
62	0
63	1
64	0
65	0
66	0
67	0
68	0
69	0
70	0
71	0
72	0
73	0
74	0
75	0
76	0
77	0
78	0
79	0
80	0
81	0
82	0
83	0
84	0
85	0
86	0
87	0
88	0
89	0
90	0
91	0
92	0
93	0
94	0
95	0
96	0
97	0
98	0
99	0
100	0
101	0
102	0
103	0
104	0
105	0
106	0
107	0
108	0
109	0
110	0
111	0
112	0
113	0
114	0
115	0
116	0
117	0
118	0
119	0
120	0
121	0
122	0
123	0
124	0
125	0
126	0
127	0
128	0
129	0
130	0
131	0
132	0
133	0
134	-1
135	0
136	0
137	0
138	0
139	0
140	-1
141	0
142	0
143	0
144	0
145	0
146	0
147	0
148	0
149	0
150	0
151	-1
152	0
153	0
154	0
155	0
156	0
157	0
158	0
159	0
160	0
161	1
162	0
163	1
164	0
165	1
166	0
167	1
168	0
169	1
170	1
171	0
172	0
173	1
174	1
175	1
176	1
177	0
178	0
179	0
180	0
181	0
182	0
183	1
184	0
185	0
186	0
187	0
188	0
189	0
190	0
191	0
192	1
193	1
194	0
195	0
196	1
197	0
198	0
199	0
200	0
201	0
202	1
203	0
204	0
205	0
206	1
207	0
208	0
209	0
210	0
211	0
212	0
213	0
214	0
215	0
216	-1
217	0
218	0
219	0
220	-1
221	0
222	-1
223	0
224	-1
225	0
226	0
227	0
228	0
229	0
230	0
231	0
232	-1
233	0
234	0
235	0
236	0
237	0
238	0
239	0
240	0
241	0
242	0
243	0
244	0
245	0
246	0
247	0
248	0
249	0
250	0
251	0
252	0
253	0
254	0
255	0
256	0
257	0
258	0
259	0
260	0
261	0
262	0
263	0
264	0
265	0
266	0
267	0
268	0
269	0
270	0
271	0
272	0
273	0
274	0
275	0
276	0
277	0
278	0
279	1
280	0
281	0
282	0
283	0
284	0
285	0
286	0
287	0
288	0
289	0
290	0
291	0
292	0
293	1
294	0
295	0
296	0
297	0
298	0
299	0
300	0
301	0
302	0
303	0
304	0
305	0
306	1
307	0
308	1
309	0
310	0
311	0
312	0
313	0
314	0
315	0
316	0
317	0
318	0
319	0
320	0
321	0
322	0
323	0
324	0
325	0
326	-1
327	0
328	0
329	0
330	-1
331	0
332	-1
333	0
334	0
335	0
336	0
337	0
338	0
339	0
340	0
341	0
342	0
343	0
344	0
345	0
346	0
347	0
348	0
349	0
350	0
351	0
352	0
353	0
354	0
355	0
356	0
357	0
358	0
359	0
360	0
361	0
362	0
363	0
364	0
365	0
366	0
367	0
368	0
369	0
370	0
371	0
372	0
373	0
374	0
375	0
376	0
377	0
378	0
379	0
380	0
381	0
382	0
383	0
384	0
385	0
386	0
387	0
388	0
389	0
390	0
391	0
392	0
393	0
394	0
395	0
396	0
397	0
398	0
399	0
400	0
401	0
402	0
403	0
404	0
405	0
406	0
407	0
408	0
409	0
410	0
411	0
412	0
413	0
414	0
415	0
416	0
417	0
418	0
419	0
420	0
421	2
422	2
423	5
424	7
425	10
426	10
427	15
428	17
429	21
430	24
431	29
432	30
433	37
434	39
435	45
436	48
437	55
438	57
439	63
440	67
441	73
442	76
443	82
444	85
445	89
446	94
447	100
448	101
449	108
450	109
451	114
452	116
453	120
454	122
455	127
456	128
457	133
458	132
459	136
460	135
461	139
462	139
463	140
464	140
465	140
466	140
467	140
468	139
469	141
470	137
471	137
472	136
473	134
474	132
475	131
476	128
477	128
478	123
479	120
480	119
481	118
482	113
483	115
484	108
485	108
486	105
487	103
488	98
489	98
490	94
491	93
492	90
493	88
494	83
495	82
496	78
497	78
498	78
499	78
500	62
501	67
502	63
503	63
504	60
505	59
506	54
507	55
508	50
509	51
510	48
511	47
512	43
513	43
514	38
515	39
516	35
517	35
518	33
519	32
520	31
521	30
522	27
523	26
524	23
525	23
526	20
527	21
528	19
529	20
530	16
531	17
532	15
533	16
534	13
535	13
536	10
537	10
538	7
539	9
540	6
541	6
542	4
543	5
544	4
545	4
546	2
547	3
548	2
549	3
550	1
551	3
552	1
553	0
554	0
555	0
556	-1
557	0
558	-2
559	-1
560	-4
561	-2
562	-4
563	-5
564	-5
565	-4
566	-7
567	-5
568	-6
569	-6
570	-8
571	-6
572	-7
573	-8
574	-9
575	-9
576	-9
577	-7
578	-11
579	-9
580	-11
581	-9
582	-11
583	-10
584	-11
585	-9
586	-9
587	-11
588	-10
589	-11
590	-11
591	-10
592	-11
593	-10
594	-11
595	-11
596	-12
597	-10
598	-11
599	-10
600	-11
601	-9
602	-11
603	-9
604	-11
605	-11
606	-10
607	-10
608	-10
609	-11
610	-11
611	-11
612	-12
613	-11
614	-12
615	-11
616	-11
617	-11
618	-13
619	-11
620	-14
621	-11
622	-13
623	-11
624	-13
625	-11
626	-13
627	-11
628	-13
629	-11
630	-12
631	-11
632	-11
633	-11
634	-13
635	-10
636	-13
637	-13
638	-13
639	-11
640	-12
641	-11
642	-12
643	-10
644	-13
645	-11
646	-13
647	-13
648	-14
649	-11
650	-13
651	-12
652	-13
653	-11
654	-11
655	-11
656	-12
657	-11
658	-11
659	-12
660	-13
661	-12
662	-13
663	-11
664	-13
665	-11
666	-12
667	-11
668	-11
669	-11
670	-11
671	-10
672	-11
673	-11
674	-11
675	-10
676	-11
677	-10
678	-11
679	-11
680	-11
681	-11
682	-11
683	-10
684	-13
685	-11
686	-12
687	-11
688	-12
689	-11
690	-12
691	-11
692	-12
693	-10
694	-12
695	-11
696	-13
697	-11
698	-11
699	-11
700	-13
701	-13
702	-13
703	-12
704	-13
705	-13
706	-13
707	-12
708	-12
709	-11
710	-12
711	-11
712	-12
713	-11
714	-11
715	-11
716	-13
717	-11
718	-11
719	-10
720	-12
721	-12
722	-11
723	-11
724	-11
725	-10
726	-11
727	-11
728	-11
729	-11
730	-10
731	-11
732	-11
733	-12
734	-12
735	-11
736	-12
737	-12
738	-12
739	-12
740	-12
741	-11
742	-12
743	-11
744	-13
745	-11
746	-12
747	-10
748	-11
749	-9
750	-11
751	-11
752	-11
753	-10
754	-11
755	-8
756	-10
757	-8
758	-9
759	-9
760	-9
761	-9
762	-10
763	-7
764	-10
765	-8
766	-10
767	-9
768	-10
769	-9
770	-9
771	-9
772	-10
773	-7
774	-9
775	-10
776	-10
777	-9
778	-11
779	-9
780	-11
781	-10
782	-11
783	-9
784	-11
785	-11
786	-11
787	-11
788	-12
789	-10
790	-11
791	-10
792	-11
793	-10
794	-11
795	-10
796	-11
797	-10
798	-11
799	-10
800	-10
801	-9
802	-10
803	-9
804	-9
805	-10
806	-10
807	-9
808	-9
809	-9
810	-10
811	-9
812	-10
813	-9
814	-11
815	-10
816	-11
817	-10
818	-11
819	-9
820	-11
821	-10
822	-10
823	-10
824	-11
825	-11
826	-12
827	-10
828	-10
829	-11
830	-12
831	-11
832	-12
833	-11
834	-13
835	-10
836	-12
837	-11
838	-12
839	-11
840	-13
841	-11
842	-12
843	-11
844	-12
845	-11
846	-12
847	-11
848	-12
849	-12
850	-12
851	-11
852	-11
853	-11
854	-10
855	-11
856	-10
857	-10
858	-11
859	-9
860	-9
861	-9
862	-9
863	-7
864	-10
865	-8
866	-10
867	-9
868	-11
869	-10
870	-10
871	-9
872	-11
873	-8
874	-10
875	-9
876	-11
877	-9
878	-11
879	-11
880	-12
881	-10
882	-11
883	-9
884	-12
885	-9
886	-12
887	-10
888	-11
889	-11
890	-11
891	-12
892	-12
893	-11
894	-11
895	-11
896	-11
897	-12
898	-10
899	-11
900	-11
901	-11
902	-13
903	-12
904	-13
905	-11
906	-12
907	-10
908	-13
909	-11
910	-12
911	-11
912	-11
913	-10
914	-12
915	-10
916	-12
917	-9
918	-12
919	-8
920	-12
921	-9
922	-9
923	-8
924	-8
925	-6
926	-10
927	-9
928	-9
929	-7
930	-8
931	-8
932	-9
933	-7
934	-10
935	-7
936	-8
937	-9
938	-8
939	-8
940	-10
941	-9
942	-10
943	-8
944	-9
945	-8
946	-11
947	-10
948	-9
949	-10
950	-10
951	-8
952	-9
953	-8
954	-9
955	-8
956	-9
957	-8
958	-9
959	-9
960	-10
961	-7
962	-10
963	-8
964	-8
965	-8
966	-8
967	-7
968	-10
969	-6
970	-11
971	-8
972	-10
973	-7
974	-8
975	-7
976	-11
977	-7
978	-10
979	-8
980	-10
981	-9
982	-10
983	-7
984	-10
985	-7
986	-11
987	-8
988	-10
989	-8
990	-11
991	-8
992	-11
993	-8
994	-10
995	-9
996	-11
997	-9
998	-10
999	-8
1000	-9
1001	-8
1002	-8
1003	-7
1004	-9
1005	-8
1006	-10
1007	-9
1008	-10
1009	-7
1010	-11
1011	-7
1012	-9
1013	-6
1014	-8
1015	-8
1016	-10
1017	-7
1018	-10
1019	-8
1020	-9
1021	-8
1022	-8
1023	-6
1024	-8
1025	-6
1026	-7
1027	-7
1028	-7
1029	-6
1030	-6
1031	-5
1032	-6
1033	-5
1034	-8
1035	-6
1036	-8
1037	-6
1038	-6
1039	-4
1040	-7
1041	-4
1042	-8
1043	-6
1044	-8
1045	-4
1046	-8
1047	-4
1048	-9
1049	-5
1050	-7
1051	-6
1052	-7
1053	-7
1054	-7
1055	-7
1056	-8
1057	-7
1058	-8
1059	-7
1060	-8
1061	-6
1062	-6
1063	-5
1064	-6
1065	-4
1066	-6
1067	-4
1068	-5
1069	-3
1070	-4
1071	-4
1072	-4
1073	-4
1074	-4
1075	-3
1076	-4
1077	-4
1078	-4
1079	-4
1080	-4
1081	-4
1082	-4
1083	-4
1084	-5
1085	-5
1086	-5
1087	-4
1088	-6
1089	-4
1090	-6
1091	-5
1092	-6
1093	-7
1094	-5
1095	-4
1096	-7
1097	-5
1098	-6
1099	-5
1100	-6
1101	-5
1102	-6
1103	-5
1104	-8
1105	-4
1106	-6
1107	-5
1108	-6
1109	-5
1110	-6
1111	-4
1112	-5
1113	-6
1114	-7
1115	-4
1116	-5
1117	-4
1118	-5
1119	-4
1120	-5
1121	-3
1122	-4
1123	-2
1124	-3
1125	-2
1126	-4
1127	-3
1128	-4
1129	-2
1130	-4
1131	-1
1132	-4
1133	-3
1134	-2
1135	-2
1136	-2
1137	-1
1138	-3
1139	0
1140	-2
1141	0
1142	-2
1143	0
1144	-2
1145	0
1146	-2
1147	-1
1148	-3
1149	-2
1150	-3
1151	-2
1152	-3
1153	-1
1154	-3
1155	-2
1156	-4
1157	-2
1158	-2
1159	-2
1160	-3
1161	-2
1162	-4
1163	-2
1164	-4
1165	-2
1166	-4
1167	-3
1168	-4
1169	-2
1170	-3
1171	-4
1172	-2
1173	-2
1174	-2
1175	-2
1176	-2
1177	-3
1178	-2
1179	0
1180	-2
1181	-1
1182	-2
1183	-1
1184	-1
1185	-2
1186	-3
1187	-1
1188	-2
1189	-1
1190	-5
1191	-2
1192	-3
1193	-3
1194	-4
1195	-3
1196	-5
1197	-3
1198	-4
1199	-4
1200	-4
1201	-4
1202	-4
1203	-3
1204	-5
1205	-4
1206	-5
1207	-4
1208	-4
1209	-4
1210	-5
1211	-4
1212	-5
1213	-3
1214	-5
1215	-3
1216	-4
1217	-4
1218	-4
1219	-4
1220	-4
1221	-3
1222	-4
1223	-3
1224	-4
1225	-4
1226	-3
1227	-4
1228	-4
1229	-3
1230	-4
1231	-5
1232	-5
1233	-3
1234	-4
1235	-4
1236	-5
1237	-3
1238	-3
1239	-5
1240	-4
1241	-3
1242	-5
1243	-3
1244	-4
1245	-3
1246	-4
1247	-3
1248	-6
1249	-3
1250	-4
1251	-3
1252	-4
1253	-3
1254	-3
1255	-3
1256	-5
1257	-3
1258	-4
1259	-2
1260	-3
1261	-3
1262	-3
1263	-2
1264	-4
1265	-3
1266	-3
1267	-3
1268	-4
1269	-3
1270	-4
1271	-2
1272	-3
1273	-4
1274	-3
1275	-3
1276	-3
1277	-3
1278	-3
1279	-3
1280	-3
1281	-2
1282	-3
1283	-1
1284	-3
1285	-3
1286	-2
1287	-2
1288	-2
1289	-3
1290	-1
1291	-1
1292	-2
1293	-1
1294	-3
1295	-2
1296	-3
1297	-2
1298	-4
1299	-2
1300	-4
1301	-2
1302	-4
1303	-3
1304	-3
1305	-2
1306	-4
1307	-2
1308	-2
1309	-2
1310	-3
1311	-3
1312	-3
1313	-1
1314	-3
1315	-2
1316	-3
1317	-3
1318	-3
1319	-2
1320	-3
1321	-1
1322	-3
1323	-1
1324	-3
1325	-1
1326	-3
1327	-1
1328	-4
1329	-2
1330	-5
1331	-2
1332	-5
1333	-3
1334	-4
1335	-2
1336	-2
1337	-2
1338	-3
1339	-3
1340	-3
1341	-2
1342	-3
1343	-4
1344	-4
1345	-3
1346	-4
1347	-3
1348	-4
1349	-3
1350	-3
1351	-2
1352	-4
1353	-2
1354	-4
1355	-2
1356	-3
1357	-2
1358	-3
1359	-1
1360	-3
1361	-2
1362	-3
1363	-1
1364	-2
1365	-3
1366	-3
1367	-1
1368	-2
1369	-3
1370	-3
1371	-2
1372	-1
1373	-1
1374	-2
1375	-1
1376	-3
1377	0
1378	-3
1379	-1
1380	-4
1381	0
1382	-2
1383	0
1384	-3
1385	-1
1386	-3
1387	-2
1388	-3
1389	-2
1390	-3
1391	-1
1392	-2
1393	-2
1394	-1
1395	0
1396	-2
1397	-1
1398	-1
1399	-1
1400	-1
1401	0
1402	-2
1403	0
1404	-1
1405	-1
1406	-2
1407	-2
1408	-3
1409	-1
1410	-3
1411	-1
1412	-3
1413	-2
1414	-4
1415	-1
1416	-4
1417	-2
1418	-4
1419	-3
1420	-3
1421	-4
1422	-4
1423	-3
1424	-4
1425	-3
1426	-3
1427	-2
1428	-2
1429	-2
1430	-2
1431	-1
1432	-1
1433	-2
1434	-2
1435	-2
1436	-2
1437	-2
1438	-2
1439	-1
1440	-3
1441	-1
1442	-3
1443	-1
1444	-2
1445	0
1446	-2
1447	-1
1448	-2
1449	-1
1450	-2
1451	-1
1452	-2
1453	-1
1454	-1
1455	0
1456	-2
1457	-2
1458	-2
1459	-1
1460	-2
1461	-1
1462	-2
1463	-1
1464	-4
1465	-2
1466	-3
1467	-2
1468	-2
1469	-3
1470	-3
1471	-2
1472	-3
1473	-2
1474	-2
1475	-1
1476	-3
1477	-1
1478	-2
1479	-1
1480	-2
1481	-1
1482	-2
1483	-2
1484	-1
1485	-2
1486	-2
1487	-1
1488	-2
1489	-1
1490	0
1491	-1
1492	-1
1493	-1
1494	-1
1495	-1
1496	-1
1497	0
1498	-2
1499	-1
1500	0
1501	0
1502	-1
1503	0
1504	-1
1505	0
1506	0
1507	0
1508	0
1509	0
1510	0
1511	0
1512	0
1513	0
1514	0
1515	0
1516	0
1517	0
1518	0
1519	1
1520	0
1521	1
1522	0
1523	1
1524	1
1525	1
1526	1
1527	2
1528	1
1529	1
1530	0
1531	1
1532	0
1533	1
1534	0
1535	2
1536	0
1537	1
1538	0
1539	2
1540	0
1541	1
1542	0
1543	0
1544	0
1545	1
1546	-1
1547	0
1548	0
1549	1
1550	0
1551	0
1552	0
1553	0
1554	-1
1555	0
1556	0
1557	0
1558	0
1559	0
1560	0
1561	0
1562	0
1563	0
1564	-2
1565	0
1566	-1
1567	0
1568	-1
1569	0
1570	0
1571	0
1572	0
1573	0
1574	0
1575	0
1576	0
1577	0
1578	0
1579	0
1580	0
1581	0
1582	0
1583	0
1584	0
1585	0
1586	0
1587	0
1588	-1
1589	0
1590	0
1591	0
1592	0
1593	0
1594	-1
1595	0
1596	0
1597	0
1598	0
1599	0
1600	0
1601	0
1602	0
1603	0
1604	-1
1605	0
1606	-1
1607	0
1608	-2
1609	0
1610	-1
1611	-1
1612	-2
1613	-1
1614	-2
1615	-1
1616	-2
1617	0
1618	-1
1619	0
1620	-2
1621	0
1622	-1
1623	0
1624	-1
1625	-1
1626	-1
1627	-1
1628	-1
1629	-1
1630	-2
1631	0
1632	-1
1633	0
1634	-1
1635	-1
1636	-1
1637	-1
1638	-1
1639	0
1640	0
1641	0
1642	-1
1643	0
1644	-1
1645	-1
1646	-1
1647	0
1648	-1
1649	-1
1650	-2
1651	-1
1652	-1
1653	0
1654	-1
1655	-1
1656	-1
1657	0
1658	-2
1659	0
1660	-1
1661	0
1662	-1
1663	0
1664	-1
1665	-1
1666	-1
1667	0
1668	-1
1669	0
1670	-1
1671	-1
1672	-2
1673	-2
1674	-3
1675	-1
1676	-2
1677	-2
1678	-3
1679	-2
1680	-2
1681	-2
1682	-3
1683	-1
1684	-2
1685	-1
1686	-2
1687	0
1688	-2
1689	0
1690	-1
1691	-1
1692	-1
1693	0
1694	-1
1695	0
1696	-1
1697	0
1698	-1
1699	0
1700	-1
1701	0
1702	0
1703	0
1704	-1
1705	0
1706	-1
1707	0
1708	-1
1709	0
1710	0
1711	0
1712	-1
1713	0
1714	-1
1715	0
1716	0
1717	0
1718	0
1719	0
1720	0
1721	0
1722	-1
1723	0
1724	-1
1725	-1
1726	-1
1727	-1
1728	-1
1729	0
1730	0
1731	0
1732	0
1733	0
1734	0
1735	0
1736	0
1737	1
1738	0
1739	0
1740	0
1741	0
1742	0
1743	0
1744	0
1745	1
1746	0
1747	1
1748	1
1749	0
1750	1
1751	2
1752	1
1753	1
1754	0
1755	1
1756	1
1757	1
1758	0
1759	1
1760	0
1761	1
1762	0
1763	1
1764	0
1765	1
1766	0
1767	1
1768	0
1769	1
1770	0
1771	0
1772	0
1773	1
1774	0
1775	1
1776	0
1777	0
1778	0
1779	1
1780	0
1781	1
1782	0
1783	0
1784	0
1785	0
1786	0
1787	0
1788	0
1789	0
1790	0
1791	1
1792	0
1793	1
1794	0
1795	0
1796	0
1797	0
1798	0
1799	0
1800	0
1801	0
1802	0
1803	0
1804	0
1805	0
1806	0
1807	0
1808	-1
1809	0
1810	0
1811	0
1812	0
1813	0
1814	-2
1815	0
1816	0
1817	0
1818	0
1819	0
1820	0
1821	0
1822	0
1823	0
1824	0
1825	0
1826	0
1827	0
1828	0
1829	0
1830	0
1831	0
1832	0
1833	0
1834	0
1835	0
1836	0
1837	0
1838	0
1839	1
1840	0
1841	0
1842	0
1843	1
1844	1
1845	1
1846	1
1847	2
1848	1
1849	2
1850	1
1851	2
1852	1
1853	1
1854	1
1855	2
1856	2
1857	3
1858	3
1859	4
1860	3
1861	4
1862	3
1863	4
1864	4
1865	5
1866	4
1867	4
1868	4
1869	6
1870	5
1871	7
1872	5
1873	7
1874	7
1875	7
1876	7
1877	6
1878	5
1879	6
1880	7
1881	6
1882	7
1883	7
1884	7
1885	7
1886	7
1887	6
1888	6
1889	6
1890	5
1891	7
1892	5
1893	5
1894	6
1895	5
1896	5
1897	6
1898	4
1899	5
1900	5
1901	5
1902	4
1903	4
1904	4
1905	4
1906	4
1907	3
1908	3
1909	4
1910	3
1911	4
1912	3
1913	4
1914	3
1915	3
1916	2
1917	3
1918	2
1919	3
1920	2
1921	3
1922	1
1923	2
1924	0
1925	2
1926	1
1927	3
1928	1
1929	2
1930	1
1931	1
1932	0
1933	1
1934	0
1935	1
1936	0
1937	1
1938	0
1939	0
1940	0
1941	0
1942	0
1943	0
1944	0
1945	0
1946	0
1947	0
1948	0
1949	0
1950	0
1951	0
1952	0
1953	0
1954	0
1955	0
1956	0
1957	0
1958	0
1959	0
1960	-1
1961	0
1962	-1
1963	-1
1964	-1
1965	-1
1966	-1
1967	-1
1968	-2
1969	-1
1970	-2
1971	-1
1972	-2
1973	-1
1974	-2
1975	-1
1976	-4
1977	-1
1978	-3
1979	-1
1980	-3
1981	-1
1982	-2
1983	-2
1984	-3
1985	-1
1986	-3
1987	-1
1988	-2
1989	0
1990	-2
1991	-2
1992	-2
1993	-1
1994	-1
1995	-1
1996	-2
1997	0
1998	-1
1999	0
