0	0
1	1
2	0
3	0
4	0
5	1
6	1
7	0
8	0
9	1
10	0
11	0
12	0
13	0
14	0
15	0
16	0
17	0
18	0
19	0
20	0
21	0
22	0
23	0
24	0
25	0
26	-1
27	-1
28	0
29	0
30	0
31	0
32	0
33	0
34	0
35	0
36	0
37	0
38	0
39	0
40	0
41	0
42	0
43	0
44	0
45	0
46	0
47	0
48	0
49	0
50	0
51	0
52	0
53	0
54	0
55	0
56	0
57	0
58	0
59	0
60	0
61	0
62	0
63	0
64	0
65	0
66	0
67	0
68	0
69	0
70	0
71	0
72	0
73	0
74	0
75	0
76	-1
77	0
78	-1
79	0
80	0
81	0
82	0
83	0
84	0
85	0
86	0
87	0
88	0
89	0
90	0
91	0
92	0
93	0
94	0
95	0
96	0
97	0
98	0
99	0
100	0
101	0
102	0
103	0
104	0
105	0
106	0
107	0
108	0
109	0
110	-1
111	0
112	0
113	0
114	0
115	0
116	0
117	0
118	0
119	0
120	0
121	0
122	0
123	0
124	0
125	0
126	0
127	0
128	0
129	0
130	0
131	0
132	0
133	0
134	0
135	0
136	0
137	0
138	0
139	0
140	0
141	0
142	0
143	0
144	0
145	0
146	0
147	0
148	0
149	0
150	0
151	0
152	0
153	0
154	0
155	0
156	0
157	0
158	0
159	0
160	0
161	0
162	0
163	0
164	0
165	0
166	0
167	0
168	0
169	0
170	0
171	0
172	0
173	0
174	0
175	0
176	0
177	0
178	0
179	0
180	0
181	0
182	0
183	0
184	0
185	0
186	0
187	0
188	0
189	0
190	0
191	0
192	0
193	0
194	0
195	0
196	0
197	0
198	0
199	0
200	0
201	-1
202	0
203	0
204	0
205	0
206	-1
207	0
208	0
209	0
210	0
211	0
212	0
213	0
214	0
215	0
216	0
217	0
218	0
219	0
220	0
221	0
222	0
223	0
224	0
225	0
226	0
227	0
228	0
229	0
230	0
231	0
232	0
233	0
234	0
235	0
236	0
237	0
238	0
239	-1
240	0
241	0
242	0
243	0
244	0
245	0
246	0
247	0
248	-1
249	0
250	0
251	0
252	0
253	0
254	0
255	0
256	0
257	0
258	0
259	0
260	0
261	0
262	0
263	0
264	0
265	0
266	0
267	0
268	0
269	0
270	0
271	0
272	0
273	0
274	0
275	0
276	0
277	0
278	0
279	0
280	0
281	0
282	0
283	0
284	0
285	0
286	0
287	0
288	0
289	0
290	0
291	0
292	0
293	1
294	0
295	0
296	1
297	0
298	0
299	0
300	0
301	0
302	1
303	0
304	0
305	0
306	0
307	0
308	0
309	0
310	0
311	0
312	0
313	0
314	0
315	0
316	0
317	0
318	0
319	0
320	-1
321	0
322	-1
323	0
324	0
325	0
326	0
327	0
328	0
329	0
330	0
331	0
332	0
333	0
334	-1
335	0
336	0
337	0
338	0
339	0
340	0
341	0
342	0
343	0
344	0
345	0
346	0
347	0
348	0
349	0
350	0
351	0
352	0
353	0
354	0
355	0
356	0
357	0
358	0
359	0
360	0
361	0
362	0
363	0
364	-1
365	0
366	0
367	0
368	-1
369	0
370	0
371	0
372	0
373	0
374	0
375	-1
376	-1
377	0
378	0
379	-1
380	0
381	-1
382	0
383	0
384	0
385	-1
386	0
387	-1
388	0
389	-1
390	-1
391	0
392	0
393	0
394	0
395	0
396	0
397	0
398	0
399	0
400	-1
401	0
402	0
403	0
404	0
405	0
406	0
407	0
408	0
409	0
410	0
411	0
412	0
413	0
414	0
415	0
416	-1
417	0
418	-1
419	-1
420	0
421	-1
422	0
423	-1
424	0
425	0
426	0
427	0
428	1
429	3
430	4
431	7
432	8
433	11
434	15
435	18
436	23
437	25
438	29
439	33
440	37
441	41
442	46
443	50
444	55
445	59
446	63
447	67
448	72
449	76
450	79
451	84
452	88
453	92
454	96
455	98
456	101
457	104
458	106
459	110
460	111
461	114
462	115
463	118
464	119
465	119
466	120
467	121
468	121
469	120
470	121
471	120
472	120
473	120
474	120
475	119
476	118
477	117
478	116
479	114
480	113
481	109
482	108
483	108
484	106
485	104
486	102
487	98
488	96
489	92
490	92
491	90
492	89
493	87
494	82
495	80
496	78
497	78
498	78
499	78
500	62
501	67
502	64
503	63
504	62
505	59
506	57
507	52
508	52
509	49
510	47
511	47
512	45
513	45
514	43
515	40
516	36
517	35
518	33
519	32
520	32
521	30
522	30
523	27
524	27
525	25
526	23
527	22
528	20
529	20
530	19
531	18
532	19
533	16
534	17
535	17
536	16
537	14
538	15
539	12
540	13
541	10
542	9
543	8
544	7
545	7
546	5
547	6
548	5
549	4
550	3
551	4
552	3
553	2
554	1
555	2
556	1
557	2
558	1
559	1
560	0
561	0
562	1
563	1
564	1
565	0
566	0
567	0
568	-1
569	-1
570	-1
571	-2
572	0
573	-2
574	-1
575	-2
576	-1
577	-3
578	-1
579	-1
580	-1
581	-4
582	-4
583	-3
584	-4
585	-3
586	-4
587	-4
588	-5
589	-4
590	-6
591	-5
592	-7
593	-5
594	-6
595	-5
596	-6
597	-6
598	-7
599	-8
600	-7
601	-8
602	-9
603	-8
604	-9
605	-10
606	-9
607	-10
608	-8
609	-10
610	-10
611	-9
612	-11
613	-9
614	-10
615	-9
616	-8
617	-9
618	-9
619	-8
620	-9
621	-7
622	-10
623	-8
624	-8
625	-9
626	-9
627	-7
628	-7
629	-7
630	-7
631	-7
632	-7
633	-5
634	-6
635	-6
636	-6
637	-6
638	-6
639	-6
640	-5
641	-5
642	-4
643	-4
644	-5
645	-3
646	-6
647	-5
648	-4
649	-6
650	-5
651	-5
652	-4
653	-6
654	-5
655	-7
656	-5
657	-6
658	-6
659	-7
660	-5
661	-8
662	-7
663	-6
664	-6
665	-5
666	-6
667	-7
668	-8
669	-6
670	-6
671	-8
672	-6
673	-8
674	-7
675	-6
676	-8
677	-7
678	-8
679	-8
680	-7
681	-8
682	-8
683	-8
684	-7
685	-8
686	-7
687	-7
688	-7
689	-7
690	-7
691	-7
692	-8
693	-6
694	-6
695	-6
696	-6
697	-6
698	-5
699	-6
700	-6
701	-7
702	-6
703	-7
704	-7
705	-7
706	-6
707	-8
708	-6
709	-6
710	-6
711	-8
712	-6
713	-7
714	-6
715	-8
716	-6
717	-6
718	-6
719	-8
720	-6
721	-8
722	-6
723	-10
724	-7
725	-7
726	-7
727	-7
728	-9
729	-9
730	-7
731	-10
732	-9
733	-10
734	-11
735	-10
736	-10
737	-11
738	-10
739	-11
740	-9
741	-11
742	-11
743	-10
744	-9
745	-10
746	-9
747	-9
748	-10
749	-10
750	-9
751	-8
752	-11
753	-10
754	-9
755	-9
756	-7
757	-9
758	-8
759	-10
760	-8
761	-7
762	-7
763	-8
764	-8
765	-7
766	-8
767	-7
768	-7
769	-8
770	-7
771	-8
772	-6
773	-10
774	-8
775	-11
776	-8
777	-8
778	-7
779	-7
780	-8
781	-7
782	-8
783	-7
784	-8
785	-8
786	-8
787	-8
788	-9
789	-8
790	-8
791	-7
792	-9
793	-7
794	-8
795	-8
796	-5
797	-7
798	-5
799	-6
800	-7
801	-6
802	-5
803	-8
804	-7
805	-9
806	-7
807	-9
808	-8
809	-8
810	-8
811	-10
812	-8
813	-9
814	-7
815	-9
816	-7
817	-9
818	-9
819	-8
820	-10
821	-8
822	-9
823	-9
824	-9
825	-10
826	-7
827	-12
828	-9
829	-9
830	-10
831	-11
832	-10
833	-9
834	-11
835	-11
836	-11
837	-9
838	-10
839	-10
840	-8
841	-10
842	-9
843	-8
844	-8
845	-8
846	-7
847	-9
848	-8
849	-8
850	-9
851	-9
852	-10
853	-8
854	-9
855	-6
856	-9
857	-8
858	-8
859	-8
860	-9
861	-7
862	-8
863	-7
864	-8
865	-8
866	-9
867	-8
868	-8
869	-8
870	-8
871	-9
872	-10
873	-7
874	-10
875	-9
876	-9
877	-8
878	-9
879	-8
880	-8
881	-8
882	-8
883	-7
884	-9
885	-8
886	-7
887	-7
888	-6
889	-6
890	-7
891	-6
892	-7
893	-5
894	-7
895	-4
896	-5
897	-4
898	-4
899	-5
900	-4
901	-3
902	-4
903	-4
904	-4
905	-2
906	-3
907	-4
908	-2
909	-3
910	-3
911	-4
912	-2
913	-3
914	-4
915	-4
916	-4
917	-5
918	-3
919	-4
920	-4
921	-4
922	-4
923	-6
924	-5
925	-6
926	-6
927	-5
928	-6
929	-5
930	-6
931	-6
932	-6
933	-7
934	-7
935	-6
936	-7
937	-5
938	-7
939	-7
940	-6
941	-6
942	-8
943	-6
944	-6
945	-7
946	-5
947	-7
948	-6
949	-6
950	-6
951	-5
952	-5
953	-4
954	-5
955	-5
956	-6
957	-7
958	-7
959	-6
960	-8
961	-6
962	-8
963	-7
964	-8
965	-7
966	-7
967	-5
968	-7
969	-4
970	-5
971	-5
972	-5
973	-4
974	-6
975	-4
976	-6
977	-4
978	-7
979	-5
980	-4
981	-5
982	-6
983	-4
984	-4
985	-4
986	-7
987	-5
988	-6
989	-5
990	-6
991	-5
992	-6
993	-7
994	-5
995	-5
996	-6
997	-6
998	-5
999	-5
1000	-6
1001	-5
1002	-7
1003	-6
1004	-7
1005	-5
1006	-6
1007	-5
1008	-6
1009	-6
1010	-6
1011	-6
1012	-7
1013	-7
1014	-6
1015	-7
1016	-6
1017	-6
1018	-7
1019	-6
1020	-6
1021	-5
1022	-6
1023	-5
1024	-6
1025	-6
1026	-5
1027	-5
1028	-7
1029	-6
1030	-8
1031	-7
1032	-6
1033	-6
1034	-7
1035	-7
1036	-7
1037	-8
1038	-8
1039	-7
1040	-6
1041	-6
1042	-7
1043	-7
1044	-6
1045	-6
1046	-6
1047	-5
1048	-6
1049	-5
1050	-4
1051	-5
1052	-5
1053	-5
1054	-6
1055	-7
1056	-4
1057	-6
1058	-5
1059	-7
1060	-5
1061	-6
1062	-6
1063	-6
1064	-5
1065	-5
1066	-5
1067	-4
1068	-4
1069	-4
1070	-6
1071	-5
1072	-4
1073	-5
1074	-6
1075	-5
1076	-5
1077	-5
1078	-5
1079	-4
1080	-5
1081	-3
1082	-5
1083	-4
1084	-4
1085	-4
1086	-4
1087	-4
1088	-5
1089	-5
1090	-5
1091	-5
1092	-5
1093	-4
1094	-4
1095	-4
1096	-4
1097	-4
1098	-6
1099	-5
1100	-5
1101	-5
1102	-4
1103	-5
1104	-4
1105	-4
1106	-5
1107	-6
1108	-5
1109	-5
1110	-4
1111	-4
1112	-4
1113	-4
1114	-5
1115	-4
1116	-5
1117	-4
1118	-4
1119	-4
1120	-5
1121	-3
1122	-5
1123	-4
1124	-4
1125	-5
1126	-4
1127	-4
1128	-4
1129	-3
1130	-5
1131	-4
1132	-6
1133	-4
1134	-4
1135	-6
1136	-5
1137	-5
1138	-5
1139	-4
1140	-4
1141	-4
1142	-4
1143	-4
1144	-4
1145	-4
1146	-5
1147	-5
1148	-4
1149	-4
1150	-5
1151	-5
1152	-3
1153	-4
1154	-4
1155	-5
1156	-4
1157	-4
1158	-5
1159	-4
1160	-4
1161	-4
1162	-5
1163	-3
1164	-6
1165	-5
1166	-4
1167	-4
1168	-4
1169	-3
1170	-5
1171	-4
1172	-5
1173	-3
1174	-4
1175	-5
1176	-3
1177	-3
1178	-5
1179	-4
1180	-3
1181	-4
1182	-4
1183	-4
1184	-4
1185	-3
1186	-4
1187	-3
1188	-2
1189	-3
1190	-3
1191	-4
1192	-3
1193	-3
1194	-3
1195	-2
1196	-3
1197	-4
1198	-3
1199	-2
1200	-3
1201	-4
1202	-2
1203	-3
1204	-4
1205	-3
1206	-2
1207	-3
1208	-3
1209	-2
1210	-3
1211	-3
1212	-3
1213	-3
1214	-2
1215	-4
1216	-5
1217	-3
1218	-3
1219	-2
1220	-4
1221	-4
1222	-4
1223	-2
1224	-2
1225	-2
1226	-3
1227	-4
1228	-3
1229	-2
1230	-2
1231	-2
1232	-4
1233	-4
1234	-5
1235	-3
1236	-4
1237	-4
1238	-4
1239	-4
1240	-5
1241	-5
1242	-4
1243	-3
1244	-4
1245	-4
1246	-3
1247	-4
1248	-4
1249	-4
1250	-4
1251	-4
1252	-4
1253	-4
1254	-4
1255	-5
1256	-5
1257	-4
1258	-3
1259	-3
1260	-5
1261	-3
1262	-2
1263	-4
1264	-3
1265	-5
1266	-3
1267	-4
1268	-3
1269	-4
1270	-4
1271	-2
1272	-4
1273	-3
1274	-4
1275	-3
1276	-3
1277	-3
1278	-2
1279	-4
1280	-3
1281	-4
1282	-4
1283	-3
1284	-3
1285	-4
1286	-3
1287	-4
1288	-2
1289	-3
1290	-2
1291	-3
1292	-3
1293	-2
1294	-3
1295	-3
1296	-3
1297	-3
1298	-3
1299	-2
1300	-3
1301	-3
1302	-2
1303	-2
1304	-3
1305	-1
1306	-2
1307	-2
1308	-3
1309	-3
1310	-3
1311	-1
1312	-3
1313	-1
1314	-1
1315	0
1316	-2
1317	-2
1318	-3
1319	-3
1320	-3
1321	-2
1322	-2
1323	-2
1324	-2
1325	-2
1326	-3
1327	-2
1328	-3
1329	-4
1330	-4
1331	-2
1332	-4
1333	-3
1334	-2
1335	-2
1336	-3
1337	-2
1338	-2
1339	-1
1340	-2
1341	0
1342	-2
1343	0
1344	-4
1345	-1
1346	-3
1347	-1
1348	-3
1349	-1
1350	-1
1351	-2
1352	-2
1353	-2
1354	-2
1355	-4
1356	-2
1357	-3
1358	-2
1359	-3
1360	-3
1361	-3
1362	-4
1363	-4
1364	-3
1365	-3
1366	-3
1367	-4
1368	-3
1369	-3
1370	-3
1371	-1
1372	-4
1373	-2
1374	-3
1375	-3
1376	-1
1377	-3
1378	-3
1379	-3
1380	-2
1381	-3
1382	-3
1383	-2
1384	-2
1385	-2
1386	-2
1387	-2
1388	-2
1389	-2
1390	-3
1391	-2
1392	-1
1393	-1
1394	-2
1395	-2
1396	0
1397	0
1398	-1
1399	0
1400	0
1401	-2
1402	0
1403	0
1404	-1
1405	-1
1406	-1
1407	0
1408	-1
1409	-1
1410	0
1411	0
1412	-1
1413	0
1414	-2
1415	-1
1416	0
1417	-1
1418	-2
1419	0
1420	-1
1421	0
1422	0
1423	0
1424	0
1425	0
1426	0
1427	0
1428	0
1429	0
1430	0
1431	0
1432	0
1433	0
1434	0
1435	0
1436	0
1437	0
1438	0
1439	0
1440	1
1441	0
1442	0
1443	0
1444	1
1445	0
1446	0
1447	0
1448	0
1449	1
1450	0
1451	0
1452	0
1453	0
1454	0
1455	0
1456	0
1457	0
1458	0
1459	-1
1460	0
1461	-1
1462	0
1463	0
1464	-1
1465	-2
1466	-1
1467	-1
1468	-2
1469	-1
1470	-1
1471	-2
1472	-3
1473	-1
1474	-3
1475	-1
1476	-2
1477	-1
1478	0
1479	-1
1480	0
1481	-1
1482	-2
1483	0
1484	-1
1485	0
1486	-1
1487	-1
1488	0
1489	-1
1490	-1
1491	0
1492	0
1493	0
1494	0
1495	0
1496	0
1497	0
1498	0
1499	1
1500	0
1501	0
1502	0
1503	0
1504	0
1505	0
1506	0
1507	0
1508	0
1509	0
1510	0
1511	0
1512	0
1513	-2
1514	0
1515	-1
1516	-1
1517	-2
1518	-2
1519	-2
1520	-1
1521	-1
1522	-2
1523	-1
1524	-2
1525	-1
1526	-1
1527	-2
1528	-2
1529	-2
1530	-1
1531	-2
1532	-2
1533	-2
1534	-1
1535	-2
1536	-2
1537	-1
1538	-1
1539	-1
1540	-2
1541	-2
1542	-1
1543	-1
1544	-2
1545	-1
1546	-2
1547	-1
1548	-2
1549	0
1550	-1
1551	-2
1552	-1
1553	-1
1554	0
1555	-1
1556	0
1557	-1
1558	-1
1559	-1
1560	0
1561	-1
1562	-1
1563	0
1564	-1
1565	-2
1566	-1
1567	-2
1568	-1
1569	-2
1570	0
1571	-1
1572	-1
1573	-3
1574	-3
1575	-3
1576	-3
1577	-2
1578	-1
1579	-3
1580	-2
1581	-1
1582	-2
1583	-3
1584	-2
1585	-2
1586	-3
1587	-1
1588	-2
1589	-1
1590	-2
1591	-2
1592	-1
1593	-1
1594	-2
1595	-1
1596	-1
1597	-2
1598	-1
1599	-1
1600	-1
1601	-1
1602	-2
1603	-1
1604	-1
1605	-1
1606	-2
1607	-1
1608	-1
1609	-2
1610	-1
1611	-1
1612	0
1613	-1
1614	-1
1615	-2
1616	-1
1617	-2
1618	-1
1619	-2
1620	-1
1621	-2
1622	-1
1623	-1
1624	-1
1625	-1
1626	-2
1627	-2
1628	-2
1629	-2
1630	-2
1631	-2
1632	-2
1633	-2
1634	-1
1635	-1
1636	-2
1637	-1
1638	-1
1639	-1
1640	-1
1641	0
1642	-2
1643	0
1644	-1
1645	0
1646	-1
1647	0
1648	-1
1649	0
1650	0
1651	0
1652	0
1653	0
1654	0
1655	0
1656	0
1657	-1
1658	-1
1659	-1
1660	0
1661	-2
1662	0
1663	-1
1664	0
1665	-1
1666	0
1667	-1
1668	-2
1669	-1
1670	0
1671	0
1672	-1
1673	0
1674	-1
1675	-2
1676	-1
1677	-1
1678	-1
1679	-2
1680	0
1681	-1
1682	0
1683	-2
1684	-2
1685	-1
1686	-1
1687	-1
1688	-1
1689	-1
1690	0
1691	-1
1692	-1
1693	-2
1694	-1
1695	-2
1696	-1
1697	-1
1698	0
1699	-1
1700	-1
1701	-1
1702	-1
1703	-1
1704	-1
1705	-2
1706	0
1707	-1
1708	-1
1709	-1
1710	-1
1711	-1
1712	-1
1713	-1
1714	-1
1715	0
1716	-2
1717	0
1718	0
1719	-1
1720	-1
1721	-2
1722	-2
1723	-2
1724	-2
1725	0
1726	0
1727	-2
1728	0
1729	-1
1730	-1
1731	-1
1732	-1
1733	-1
1734	-1
1735	-2
1736	-3
1737	-2
1738	-2
1739	-2
1740	-3
1741	0
1742	-1
1743	0
1744	-1
1745	-1
1746	-1
1747	-2
1748	-2
1749	-2
1750	-1
1751	-1
1752	-1
1753	-1
1754	-1
1755	-2
1756	0
1757	-2
1758	-1
1759	-1
1760	-1
1761	-1
1762	0
1763	-1
1764	0
1765	0
1766	-1
1767	0
1768	0
1769	0
1770	0
1771	0
1772	0
1773	0
1774	0
1775	0
1776	-1
1777	0
1778	0
1779	0
1780	-1
1781	0
1782	-1
1783	-1
1784	-1
1785	0
1786	0
1787	-1
1788	0
1789	-1
1790	0
1791	-1
1792	0
1793	-1
1794	-2
1795	-3
1796	-3
1797	-2
1798	-1
1799	0
1800	-1
1801	-1
1802	-1
1803	-1
1804	-2
1805	-2
1806	0
1807	-2
1808	-1
1809	-3
1810	-1
1811	-2
1812	0
1813	-1
1814	-1
1815	-1
1816	-1
1817	-1
1818	-2
1819	-1
1820	0
1821	0
1822	0
1823	-1
1824	-1
1825	-1
1826	-1
1827	0
1828	0
1829	0
1830	0
1831	0
1832	-1
1833	0
1834	0
1835	-1
1836	0
1837	-1
1838	-2
1839	0
1840	-1
1841	0
1842	-1
1843	-1
1844	-1
1845	-1
1846	-1
1847	-1
1848	-1
1849	-1
1850	-1
1851	0
1852	-1
1853	-1
1854	-1
1855	-1
1856	0
1857	-1
1858	0
1859	0
1860	0
1861	-1
1862	0
1863	-1
1864	0
1865	-1
1866	0
1867	0
1868	0
1869	0
1870	0
1871	0
1872	0
1873	0
1874	0
1875	0
1876	0
1877	0
1878	0
1879	-1
1880	0
1881	0
1882	0
1883	0
1884	0
1885	0
1886	0
1887	0
1888	0
1889	0
1890	0
1891	0
1892	0
1893	-1
1894	0
1895	-1
1896	-1
1897	-1
1898	0
1899	0
1900	0
1901	0
1902	0
1903	0
1904	-1
1905	0
1906	0
1907	0
1908	0
1909	0
1910	0
1911	0
1912	0
1913	0
1914	-1
1915	0
1916	0
1917	0
1918	0
1919	0
1920	0
1921	0
1922	0
1923	0
1924	-1
1925	0
1926	-1
1927	-1
1928	-1
1929	-1
1930	-1
1931	0
1932	-1
1933	0
1934	-2
1935	-1
1936	-1
1937	-1
1938	-2
1939	0
1940	-1
1941	-2
1942	-1
1943	-2
1944	-1
1945	-1
1946	-2
1947	-1
1948	-1
1949	-1
1950	-1
1951	-1
1952	0
1953	-1
1954	-1
1955	0
1956	-1
1957	0
1958	-1
1959	-1
1960	0
1961	-1
1962	0
1963	0
1964	0
1965	-1
1966	0
1967	0
1968	0
1969	0
1970	0
1971	-1
1972	0
1973	-1
1974	0
1975	0
1976	0
1977	0
1978	0
1979	0
1980	0
1981	0
1982	0
1983	-1
1984	0
1985	0
1986	0
1987	-1
1988	0
1989	0
1990	0
1991	0
1992	0
1993	0
1994	-1
1995	0
1996	0
1997	0
1998	0
1999	0
