0	0
1	0
2	0
3	0
4	0
5	0
6	1
7	0
8	0
9	0
10	0
11	0
12	0
13	1
14	0
15	0
16	0
17	0
18	0
19	0
20	0
21	0
22	0
23	0
24	0
25	0
26	0
27	0
28	0
29	0
30	0
31	0
32	0
33	0
34	0
35	0
36	0
37	0
38	0
39	0
40	0
41	0
42	0
43	0
44	0
45	0
46	0
47	0
48	-1
49	0
50	0
51	0
52	0
53	0
54	0
55	0
56	0
57	0
58	0
59	0
60	0
61	0
62	0
63	0
64	0
65	1
66	0
67	0
68	0
69	0
70	0
71	1
72	0
73	0
74	0
75	1
76	0
77	0
78	0
79	0
80	0
81	1
82	0
83	0
84	0
85	0
86	0
87	0
88	0
89	0
90	0
91	0
92	0
93	0
94	0
95	0
96	0
97	0
98	0
99	0
100	0
101	0
102	0
103	0
104	0
105	0
106	0
107	0
108	0
109	1
110	0
111	0
112	0
113	0
114	0
115	0
116	-1
117	0
118	-1
119	0
120	-1
121	0
122	0
123	0
124	0
125	0
126	-1
127	0
128	-1
129	0
130	-1
131	0
132	0
133	0
134	0
135	0
136	0
137	0
138	0
139	0
140	0
141	0
142	0
143	0
144	0
145	0
146	0
147	0
148	0
149	0
150	0
151	0
152	0
153	0
154	0
155	0
156	0
157	0
158	0
159	0
160	0
161	0
162	0
163	0
164	0
165	0
166	0
167	0
168	0
169	0
170	0
171	0
172	-1
173	0
174	-1
175	0
176	0
177	1
178	0
179	0
180	-1
181	0
182	0
183	0
184	0
185	0
186	0
187	0
188	0
189	0
190	0
191	1
192	0
193	0
194	0
195	0
196	0
197	0
198	0
199	0
200	0
201	0
202	0
203	0
204	0
205	0
206	0
207	0
208	0
209	0
210	0
211	0
212	0
213	0
214	0
215	0
216	0
217	0
218	0
219	0
220	0
221	0
222	0
223	1
224	0
225	1
226	0
227	0
228	0
229	0
230	0
231	0
232	0
233	0
234	0
235	0
236	0
237	0
238	0
239	0
240	0
241	0
242	0
243	0
244	0
245	0
246	0
247	0
248	0
249	0
250	0
251	0
252	0
253	0
254	0
255	0
256	0
257	0
258	0
259	0
260	0
261	0
262	0
263	1
264	0
265	0
266	0
267	0
268	0
269	0
270	0
271	0
272	0
273	0
274	0
275	0
276	0
277	0
278	0
279	0
280	0
281	0
282	-1
283	0
284	-1
285	0
286	0
287	0
288	0
289	0
290	0
291	0
292	0
293	0
294	0
295	0
296	0
297	0
298	0
299	0
300	0
301	0
302	0
303	0
304	0
305	1
306	0
307	0
308	0
309	0
310	0
311	1
312	0
313	0
314	0
315	2
316	1
317	1
318	1
319	1
320	1
321	2
322	0
323	1
324	0
325	0
326	0
327	0
328	1
329	0
330	0
331	0
332	0
333	0
334	0
335	0
336	1
337	0
338	0
339	0
340	0
341	0
342	0
343	0
344	0
345	0
346	0
347	0
348	0
349	0
350	0
351	0
352	0
353	1
354	0
355	0
356	0
357	0
358	0
359	1
360	0
361	0
362	0
363	0
364	0
365	0
366	0
367	0
368	-1
369	0
370	0
371	0
372	0
373	0
374	-1
375	0
376	-1
377	-1
378	0
379	0
380	0
381	0
382	-1
383	0
384	-1
385	0
386	0
387	0
388	0
389	0
390	0
391	0
392	0
393	0
394	0
395	0
396	0
397	0
398	0
399	1
400	0
401	1
402	1
403	2
404	1
405	2
406	0
407	1
408	0
409	1
410	1
411	1
412	0
413	1
414	0
415	1
416	0
417	1
418	0
419	0
420	0
421	1
422	0
423	2
424	1
425	2
426	4
427	7
428	7
429	11
430	11
431	14
432	16
433	20
434	22
435	26
436	27
437	34
438	34
439	38
440	41
441	47
442	47
443	51
444	54
445	58
446	60
447	64
448	66
449	70
450	71
451	75
452	77
453	82
454	81
455	85
456	86
457	89
458	90
459	92
460	92
461	96
462	94
463	97
464	96
465	98
466	97
467	99
468	96
469	98
470	96
471	98
472	97
473	97
474	94
475	95
476	94
477	93
478	92
479	92
480	91
481	91
482	88
483	91
484	85
485	88
486	84
487	84
488	81
489	83
490	82
491	81
492	78
493	78
494	74
495	74
496	74
497	75
498	75
499	78
500	62
501	69
502	66
503	67
504	66
505	67
506	63
507	62
508	58
509	59
510	56
511	57
512	54
513	56
514	52
515	53
516	50
517	48
518	46
519	46
520	45
521	45
522	43
523	43
524	40
525	43
526	38
527	40
528	33
529	35
530	32
531	32
532	31
533	31
534	29
535	30
536	28
537	29
538	25
539	27
540	24
541	25
542	23
543	24
544	20
545	20
546	16
547	18
548	16
549	16
550	13
551	14
552	11
553	12
554	11
555	11
556	10
557	10
558	7
559	9
560	6
561	7
562	6
563	7
564	5
565	6
566	5
567	5
568	4
569	4
570	3
571	4
572	3
573	3
574	2
575	3
576	1
577	3
578	0
579	2
580	0
581	1
582	0
583	0
584	0
585	1
586	0
587	0
588	-2
589	0
590	0
591	-1
592	-2
593	0
594	-2
595	-1
596	0
597	0
598	0
599	-1
600	0
601	0
602	-1
603	-1
604	-2
605	-1
606	-2
607	-1
608	-2
609	-1
610	-2
611	0
612	-3
613	-1
614	-1
615	0
616	-3
617	-1
618	-2
619	-2
620	-2
621	-2
622	-2
623	-3
624	-3
625	-2
626	-4
627	-2
628	-5
629	-2
630	-4
631	-1
632	-4
633	-1
634	-3
635	-2
636	-4
637	-2
638	-4
639	-4
640	-5
641	-4
642	-5
643	-3
644	-6
645	-3
646	-5
647	-5
648	-6
649	-4
650	-8
651	-5
652	-5
653	-4
654	-4
655	-4
656	-5
657	-4
658	-6
659	-4
660	-7
661	-4
662	-6
663	-5
664	-4
665	-4
666	-5
667	-4
668	-5
669	-4
670	-5
671	-3
672	-4
673	-3
674	-4
675	-4
676	-4
677	-3
678	-4
679	-5
680	-5
681	-5
682	-5
683	-4
684	-5
685	-4
686	-6
687	-6
688	-6
689	-4
690	-7
691	-5
692	-8
693	-4
694	-6
695	-5
696	-5
697	-4
698	-6
699	-4
700	-5
701	-4
702	-6
703	-4
704	-6
705	-6
706	-6
707	-6
708	-6
709	-4
710	-5
711	-4
712	-5
713	-5
714	-7
715	-6
716	-6
717	-6
718	-6
719	-7
720	-5
721	-6
722	-6
723	-6
724	-7
725	-4
726	-8
727	-5
728	-8
729	-5
730	-6
731	-7
732	-7
733	-8
734	-7
735	-6
736	-6
737	-6
738	-7
739	-7
740	-7
741	-7
742	-6
743	-6
744	-6
745	-6
746	-7
747	-5
748	-6
749	-4
750	-7
751	-6
752	-7
753	-6
754	-6
755	-7
756	-6
757	-6
758	-7
759	-5
760	-7
761	-7
762	-7
763	-8
764	-8
765	-6
766	-8
767	-8
768	-7
769	-6
770	-8
771	-8
772	-8
773	-8
774	-8
775	-5
776	-9
777	-6
778	-10
779	-7
780	-10
781	-9
782	-10
783	-8
784	-9
785	-7
786	-8
787	-9
788	-7
789	-7
790	-8
791	-7
792	-8
793	-6
794	-9
795	-6
796	-10
797	-7
798	-10
799	-6
800	-9
801	-6
802	-8
803	-6
804	-7
805	-5
806	-7
807	-5
808	-7
809	-4
810	-9
811	-6
812	-7
813	-6
814	-5
815	-6
816	-6
817	-6
818	-8
819	-5
820	-7
821	-6
822	-6
823	-4
824	-8
825	-6
826	-8
827	-7
828	-7
829	-7
830	-6
831	-4
832	-6
833	-5
834	-7
835	-6
836	-5
837	-5
838	-5
839	-5
840	-7
841	-5
842	-6
843	-4
844	-5
845	-4
846	-5
847	-1
848	-5
849	-4
850	-4
851	-4
852	-4
853	-1
854	-3
855	-2
856	-4
857	-3
858	-4
859	-4
860	-4
861	-3
862	-4
863	-2
864	-3
865	-2
866	-4
867	-2
868	-5
869	-1
870	-5
871	-1
872	-4
873	-2
874	-4
875	-1
876	-3
877	-2
878	-2
879	-1
880	-2
881	-1
882	-3
883	-1
884	-3
885	-3
886	-2
887	0
888	-3
889	0
890	-2
891	-1
892	-3
893	-2
894	-4
895	-1
896	-4
897	-3
898	-5
899	-3
900	-4
901	-2
902	-3
903	-3
904	-4
905	-2
906	-5
907	-3
908	-3
909	-3
910	-4
911	-4
912	-4
913	-3
914	-4
915	-2
916	-5
917	-4
918	-5
919	-2
920	-6
921	-3
922	-7
923	-3
924	-7
925	-4
926	-5
927	-5
928	-6
929	-6
930	-5
931	-5
932	-4
933	-4
934	-5
935	-4
936	-6
937	-4
938	-5
939	-4
940	-4
941	-3
942	-6
943	-6
944	-6
945	-5
946	-7
947	-4
948	-7
949	-4
950	-7
951	-5
952	-7
953	-6
954	-8
955	-4
956	-5
957	-4
958	-7
959	-4
960	-5
961	-4
962	-7
963	-4
964	-5
965	-5
966	-5
967	-2
968	-5
969	-4
970	-4
971	-4
972	-4
973	-3
974	-5
975	-4
976	-6
977	-3
978	-4
979	-4
980	-4
981	-5
982	-4
983	-4
984	-4
985	-6
986	-4
987	-4
988	-6
989	-5
990	-5
991	-5
992	-5
993	-5
994	-7
995	-5
996	-7
997	-6
998	-6
999	-6
1000	-7
1001	-5
1002	-7
1003	-5
1004	-8
1005	-5
1006	-5
1007	-4
1008	-6
1009	-4
1010	-5
1011	-5
1012	-5
1013	-5
1014	-7
1015	-4
1016	-5
1017	-6
1018	-5
1019	-4
1020	-6
1021	-4
1022	-7
1023	-4
1024	-7
1025	-5
1026	-6
1027	-4
1028	-4
1029	-3
1030	-5
1031	-4
1032	-5
1033	-4
1034	-5
1035	-4
1036	-3
1037	-4
1038	-3
1039	-2
1040	-4
1041	-2
1042	-4
1043	-2
1044	-3
1045	-3
1046	-4
1047	-3
1048	-5
1049	-2
1050	-5
1051	-2
1052	-5
1053	-3
1054	-4
1055	-3
1056	-5
1057	-4
1058	-5
1059	-3
1060	-4
1061	-4
1062	-5
1063	-4
1064	-5
1065	-5
1066	-6
1067	-4
1068	-5
1069	-3
1070	-5
1071	-3
1072	-4
1073	-4
1074	-4
1075	-3
1076	-4
1077	-4
1078	-4
1079	-4
1080	-4
1081	-4
1082	-4
1083	-4
1084	-4
1085	-5
1086	-5
1087	-4
1088	-4
1089	-4
1090	-4
1091	-5
1092	-3
1093	-4
1094	-5
1095	-4
1096	-4
1097	-3
1098	-3
1099	-3
1100	-5
1101	-4
1102	-3
1103	-5
1104	-4
1105	-4
1106	-4
1107	-4
1108	-4
1109	-3
1110	-3
1111	-4
1112	-4
1113	-4
1114	-5
1115	-4
1116	-5
1117	-3
1118	-4
1119	-3
1120	-4
1121	-4
1122	-3
1123	-4
1124	-4
1125	-3
1126	-3
1127	-2
1128	-4
1129	-3
1130	-3
1131	-3
1132	-3
1133	-2
1134	-3
1135	-3
1136	-4
1137	-3
1138	-3
1139	-3
1140	-3
1141	-2
1142	-3
1143	-2
1144	-4
1145	-3
1146	-4
1147	-3
1148	-3
1149	-2
1150	-4
1151	-2
1152	-4
1153	-2
1154	-4
1155	-2
1156	-4
1157	-3
1158	-6
1159	-3
1160	-5
1161	-2
1162	-4
1163	-3
1164	-4
1165	-3
1166	-4
1167	-3
1168	-4
1169	-3
1170	-4
1171	-3
1172	-4
1173	-2
1174	-4
1175	-2
1176	-5
1177	-2
1178	-3
1179	-2
1180	-4
1181	-2
1182	-6
1183	-3
1184	-5
1185	-4
1186	-4
1187	-3
1188	-4
1189	-4
1190	-6
1191	-4
1192	-4
1193	-4
1194	-4
1195	-4
1196	-4
1197	-2
1198	-4
1199	-3
1200	-4
1201	-2
1202	-5
1203	-3
1204	-3
1205	-3
1206	-4
1207	-3
1208	-4
1209	-3
1210	-4
1211	-2
1212	-4
1213	-3
1214	-3
1215	-2
1216	-3
1217	-2
1218	-4
1219	-2
1220	-3
1221	-2
1222	-2
1223	-1
1224	-2
1225	-1
1226	-3
1227	-2
1228	-4
1229	-1
1230	-1
1231	-1
1232	-2
1233	-1
1234	-2
1235	-2
1236	-3
1237	-3
1238	-4
1239	-1
1240	-2
1241	-1
1242	-2
1243	-2
1244	-2
1245	-2
1246	-2
1247	-2
1248	-3
1249	-1
1250	-3
1251	-1
1252	-3
1253	-2
1254	-2
1255	-2
1256	-3
1257	-2
1258	-1
1259	-1
1260	-2
1261	0
1262	-1
1263	0
1264	-3
1265	0
1266	-1
1267	-1
1268	-2
1269	-1
1270	0
1271	0
1272	-1
1273	-1
1274	-2
1275	0
1276	-3
1277	-1
1278	-1
1279	0
1280	-1
1281	-1
1282	-1
1283	-1
1284	-1
1285	0
1286	-2
1287	-1
1288	-2
1289	-1
1290	0
1291	-1
1292	-2
1293	-1
1294	0
1295	0
1296	-1
1297	-1
1298	-1
1299	0
1300	-1
1301	0
1302	-1
1303	0
1304	-1
1305	-1
1306	-1
1307	0
1308	-2
1309	-1
1310	-1
1311	-2
1312	-1
1313	0
1314	-1
1315	-1
1316	-2
1317	0
1318	-2
1319	0
1320	0
1321	-1
1322	-2
1323	-1
1324	-1
1325	0
1326	0
1327	0
1328	0
1329	0
1330	-1
1331	0
1332	0
1333	0
1334	0
1335	0
1336	-1
1337	0
1338	0
1339	0
1340	-1
1341	0
1342	0
1343	0
1344	-2
1345	-1
1346	0
1347	0
1348	-1
1349	0
1350	-2
1351	0
1352	-1
1353	0
1354	-1
1355	0
1356	-2
1357	-1
1358	-2
1359	-1
1360	-2
1361	0
1362	-1
1363	-1
1364	-2
1365	-2
1366	-1
1367	-1
1368	-1
1369	-1
1370	-1
1371	0
1372	-2
1373	-1
1374	-2
1375	-1
1376	-1
1377	-1
1378	-1
1379	-2
1380	-2
1381	0
1382	-2
1383	-1
1384	-2
1385	-1
1386	-2
1387	-1
1388	-3
1389	-2
1390	-1
1391	-2
1392	-2
1393	-1
1394	-2
1395	-1
1396	-2
1397	-1
1398	-1
1399	-1
1400	-1
1401	-1
1402	-1
1403	-2
1404	-2
1405	-2
1406	-1
1407	-1
1408	-3
1409	-2
1410	-3
1411	-1
1412	-1
1413	0
1414	-1
1415	0
1416	-2
1417	0
1418	-2
1419	0
1420	0
1421	0
1422	0
1423	0
1424	-1
1425	0
1426	-1
1427	0
1428	-1
1429	0
1430	0
1431	0
1432	0
1433	0
1434	0
1435	0
1436	0
1437	0
1438	0
1439	-1
1440	0
1441	0
1442	-1
1443	-1
1444	-1
1445	0
1446	-1
1447	0
1448	0
1449	0
1450	0
1451	0
1452	0
1453	0
1454	-1
1455	0
1456	0
1457	0
1458	0
1459	0
1460	0
1461	0
1462	0
1463	0
1464	0
1465	0
1466	0
1467	1
1468	0
1469	0
1470	0
1471	0
1472	0
1473	0
1474	0
1475	0
1476	0
1477	0
1478	-1
1479	0
1480	0
1481	0
1482	0
1483	0
1484	0
1485	0
1486	-1
1487	0
1488	0
1489	0
1490	0
1491	0
1492	0
1493	0
1494	0
1495	0
1496	0
1497	0
1498	0
1499	0
1500	0
1501	0
1502	0
1503	0
1504	0
1505	0
1506	0
1507	0
1508	0
1509	0
1510	0
1511	0
1512	0
1513	0
1514	-2
1515	-1
1516	-1
1517	0
1518	0
1519	-1
1520	-1
1521	-1
1522	0
1523	0
1524	0
1525	0
1526	0
1527	0
1528	0
1529	0
1530	0
1531	0
1532	-1
1533	0
1534	0
1535	0
1536	0
1537	0
1538	0
1539	0
1540	0
1541	0
1542	0
1543	0
1544	0
1545	1
1546	0
1547	1
1548	0
1549	1
1550	0
1551	1
1552	0
1553	1
1554	0
1555	1
1556	0
1557	1
1558	0
1559	1
1560	0
1561	1
1562	1
1563	1
1564	0
1565	1
1566	0
1567	2
1568	1
1569	2
1570	1
1571	1
1572	0
1573	1
1574	0
1575	1
1576	0
1577	1
1578	1
1579	0
1580	0
1581	2
1582	1
1583	0
1584	0
1585	1
1586	0
1587	1
1588	0
1589	0
1590	0
1591	1
1592	0
1593	2
1594	0
1595	2
1596	0
1597	0
1598	0
1599	0
1600	0
1601	0
1602	0
1603	0
1604	0
1605	0
1606	0
1607	1
1608	0
1609	1
1610	0
1611	0
1612	0
1613	0
1614	0
1615	0
1616	0
1617	0
1618	0
1619	0
1620	0
1621	0
1622	0
1623	0
1624	0
1625	0
1626	0
1627	0
1628	0
1629	0
1630	0
1631	0
1632	0
1633	0
1634	0
1635	0
1636	0
1637	0
1638	0
1639	0
1640	0
1641	0
1642	0
1643	0
1644	0
1645	0
1646	0
1647	-1
1648	0
1649	0
1650	0
1651	0
1652	-1
1653	0
1654	0
1655	0
1656	0
1657	0
1658	0
1659	0
1660	-1
1661	-1
1662	0
1663	0
1664	-1
1665	-1
1666	-1
1667	-1
1668	-1
1669	0
1670	-1
1671	0
1672	0
1673	0
1674	0
1675	-1
1676	-1
1677	-1
1678	-1
1679	-1
1680	-1
1681	-1
1682	-1
1683	0
1684	-2
1685	-1
1686	-2
1687	-1
1688	-1
1689	-1
1690	-3
1691	-1
1692	-1
1693	-2
1694	-1
1695	-1
1696	-3
1697	-2
1698	-1
1699	0
1700	-2
1701	-1
1702	-1
1703	-1
1704	-2
1705	0
1706	-1
1707	-1
1708	-1
1709	0
1710	-2
1711	-1
1712	-1
1713	0
1714	-1
1715	0
1716	0
1717	0
1718	-1
1719	-1
1720	-1
1721	0
1722	-1
1723	-1
1724	0
1725	0
1726	-2
1727	-1
1728	0
1729	0
1730	0
1731	0
1732	0
1733	-1
1734	-1
1735	0
1736	-2
1737	0
1738	0
1739	-1
1740	-1
1741	0
1742	-1
1743	-1
1744	-1
1745	0
1746	-2
1747	-1
1748	-1
1749	-1
1750	-2
1751	-2
1752	-1
1753	-2
1754	-1
1755	-2
1756	-1
1757	-1
1758	-2
1759	0
1760	-1
1761	-1
1762	-2
1763	-1
1764	-2
1765	-1
1766	-1
1767	-1
1768	-2
1769	-1
1770	-2
1771	-1
1772	-1
1773	-1
1774	-2
1775	-1
1776	-1
1777	-1
1778	-1
1779	-1
1780	-2
1781	-1
1782	-1
1783	-1
1784	-2
1785	-1
1786	-1
1787	0
1788	-1
1789	0
1790	0
1791	-1
1792	0
1793	0
1794	0
1795	0
1796	0
1797	0
1798	0
1799	0
1800	-1
1801	0
1802	0
1803	0
1804	0
1805	0
1806	0
1807	1
1808	0
1809	0
1810	0
1811	0
1812	-1
1813	0
1814	0
1815	0
1816	-1
1817	0
1818	0
1819	0
1820	-1
1821	0
1822	-1
1823	-1
1824	-1
1825	-1
1826	-2
1827	-1
1828	-2
1829	0
1830	-2
1831	-1
1832	-2
1833	-1
1834	-2
1835	0
1836	-2
1837	-1
1838	-1
1839	-2
1840	-2
1841	0
1842	-1
1843	0
1844	-1
1845	0
1846	-2
1847	-1
1848	-2
1849	-1
1850	-1
1851	0
1852	-1
1853	0
1854	0
1855	0
1856	0
1857	-1
1858	-1
1859	0
1860	-1
1861	0
1862	-1
1863	0
1864	-1
1865	0
1866	-1
1867	0
1868	-1
1869	0
1870	-1
1871	-1
1872	-2
1873	-1
1874	-2
1875	0
1876	-1
1877	0
1878	-1
1879	-1
1880	-1
1881	-1
1882	-2
1883	-1
1884	-2
1885	-2
1886	-2
1887	0
1888	-1
1889	-1
1890	-1
1891	-1
1892	0
1893	0
1894	-1
1895	-1
1896	-1
1897	0
1898	0
1899	0
1900	-1
1901	0
1902	-1
1903	0
1904	-1
1905	-1
1906	-1
1907	0
1908	0
1909	0
1910	-1
1911	0
1912	0
1913	0
1914	0
1915	0
1916	0
1917	0
1918	0
1919	0
1920	0
1921	0
1922	-1
1923	0
1924	0
1925	0
1926	0
1927	0
1928	0
1929	0
1930	0
1931	0
1932	0
1933	0
1934	0
1935	0
1936	0
1937	0
1938	0
1939	0
1940	0
1941	0
1942	0
1943	1
1944	0
1945	0
1946	0
1947	0
1948	0
1949	0
1950	0
1951	0
1952	0
1953	0
1954	0
1955	0
1956	0
1957	0
1958	0
1959	0
1960	0
1961	0
1962	0
1963	0
1964	0
1965	0
1966	0
1967	0
1968	0
1969	0
1970	0
1971	0
1972	0
1973	0
1974	0
1975	1
1976	0
1977	0
1978	0
1979	0
1980	0
1981	1
1982	0
1983	0
1984	0
1985	0
1986	0
1987	0
1988	-1
1989	0
1990	0
1991	0
1992	0
1993	0
1994	0
1995	0
1996	0
1997	0
1998	0
1999	0
