0	-1
1	0
2	0
3	0
4	0
5	0
6	0
7	0
8	0
9	0
10	0
11	0
12	0
13	0
14	0
15	0
16	0
17	0
18	0
19	0
20	0
21	0
22	0
23	1
24	0
25	0
26	0
27	0
28	0
29	0
30	-1
31	0
32	-1
33	0
34	0
35	0
36	0
37	0
38	0
39	0
40	0
41	0
42	-1
43	0
44	0
45	0
46	0
47	0
48	0
49	0
50	0
51	0
52	0
53	0
54	0
55	2
56	0
57	2
58	0
59	2
60	0
61	1
62	1
63	0
64	1
65	0
66	1
67	0
68	0
69	1
70	0
71	0
72	0
73	1
74	0
75	0
76	-1
77	0
78	0
79	0
80	-1
81	-1
82	-1
83	0
84	-2
85	0
86	-2
87	0
88	-1
89	0
90	0
91	0
92	0
93	0
94	0
95	1
96	0
97	1
98	0
99	2
100	0
101	2
102	0
103	2
104	0
105	0
106	1
107	0
108	0
109	2
110	0
111	1
112	0
113	2
114	0
115	2
116	0
117	1
118	0
119	0
120	0
121	0
122	0
123	0
124	0
125	0
126	0
127	0
128	0
129	0
130	0
131	0
132	0
133	0
134	0
135	1
136	0
137	0
138	0
139	0
140	0
141	1
142	0
143	1
144	0
145	1
146	0
147	0
148	0
149	0
150	0
151	0
152	0
153	0
154	0
155	1
156	0
157	0
158	0
159	0
160	0
161	0
162	0
163	0
164	0
165	0
166	0
167	2
168	0
169	2
170	1
171	2
172	0
173	1
174	1
175	2
176	1
177	2
178	0
179	1
180	1
181	0
182	0
183	0
184	0
185	0
186	0
187	1
188	0
189	0
190	0
191	1
192	0
193	0
194	0
195	1
196	0
197	0
198	0
199	1
200	0
201	1
202	0
203	2
204	0
205	1
206	0
207	1
208	1
209	1
210	0
211	3
212	1
213	2
214	2
215	3
216	1
217	3
218	1
219	2
220	1
221	0
222	0
223	1
224	0
225	0
226	0
227	1
228	0
229	0
230	0
231	1
232	0
233	0
234	0
235	0
236	0
237	0
238	0
239	0
240	0
241	0
242	0
243	0
244	0
245	-1
246	0
247	0
248	0
249	0
250	0
251	1
252	0
253	0
254	0
255	0
256	0
257	0
258	0
259	1
260	0
261	1
262	0
263	0
264	0
265	0
266	-1
267	0
268	0
269	0
270	0
271	0
272	0
273	1
274	-1
275	0
276	0
277	0
278	0
279	0
280	0
281	0
282	0
283	0
284	0
285	0
286	0
287	0
288	0
289	0
290	0
291	1
292	0
293	1
294	0
295	1
296	0
297	1
298	0
299	1
300	0
301	1
302	0
303	1
304	0
305	1
306	1
307	2
308	0
309	0
310	0
311	0
312	0
313	0
314	0
315	0
316	0
317	0
318	0
319	0
320	0
321	0
322	0
323	0
324	-1
325	0
326	0
327	0
328	0
329	0
330	-1
331	0
332	0
333	0
334	0
335	0
336	0
337	0
338	0
339	0
340	0
341	1
342	0
343	1
344	0
345	2
346	0
347	2
348	0
349	1
350	1
351	1
352	1
353	3
354	1
355	2
356	1
357	2
358	1
359	2
360	1
361	2
362	1
363	1
364	0
365	1
366	0
367	1
368	1
369	1
370	1
371	1
372	1
373	0
374	0
375	2
376	1
377	2
378	1
379	2
380	2
381	3
382	1
383	4
384	3
385	5
386	4
387	5
388	4
389	4
390	3
391	5
392	4
393	6
394	4
395	5
396	4
397	4
398	3
399	5
400	3
401	4
402	2
403	4
404	2
405	4
406	2
407	4
408	2
409	2
410	2
411	4
412	2
413	4
414	5
415	7
416	9
417	12
418	13
419	17
420	22
421	25
422	27
423	33
424	34
425	42
426	45
427	51
428	53
429	58
430	63
431	70
432	72
433	79
434	82
435	88
436	92
437	98
438	101
439	108
440	111
441	116
442	120
443	125
444	127
445	134
446	136
447	142
448	142
449	149
450	150
451	155
452	154
453	159
454	160
455	162
456	160
457	164
458	163
459	164
460	163
461	164
462	163
463	164
464	162
465	162
466	159
467	159
468	156
469	154
470	150
471	150
472	147
473	145
474	141
475	141
476	136
477	135
478	130
479	129
480	124
481	124
482	120
483	119
484	113
485	113
486	108
487	106
488	102
489	101
490	96
491	95
492	90
493	90
494	84
495	82
496	79
497	78
498	78
499	78
500	62
501	67
502	62
503	62
504	59
505	58
506	52
507	52
508	47
509	49
510	45
511	45
512	41
513	41
514	37
515	38
516	35
517	35
518	32
519	31
520	29
521	29
522	26
523	27
524	25
525	27
526	22
527	23
528	21
529	22
530	20
531	20
532	17
533	18
534	16
535	16
536	15
537	14
538	12
539	14
540	11
541	13
542	10
543	8
544	7
545	7
546	5
547	5
548	4
549	3
550	0
551	1
552	0
553	0
554	-1
555	0
556	-3
557	-2
558	-4
559	-4
560	-5
561	-5
562	-6
563	-5
564	-7
565	-5
566	-8
567	-6
568	-9
569	-6
570	-9
571	-8
572	-9
573	-8
574	-8
575	-8
576	-9
577	-9
578	-10
579	-9
580	-10
581	-10
582	-10
583	-9
584	-11
585	-10
586	-11
587	-10
588	-11
589	-11
590	-12
591	-12
592	-12
593	-12
594	-13
595	-12
596	-13
597	-13
598	-14
599	-13
600	-13
601	-13
602	-15
603	-14
604	-16
605	-15
606	-15
607	-14
608	-15
609	-14
610	-15
611	-15
612	-15
613	-15
614	-15
615	-16
616	-15
617	-14
618	-15
619	-15
620	-14
621	-14
622	-15
623	-14
624	-15
625	-14
626	-15
627	-15
628	-15
629	-14
630	-14
631	-14
632	-14
633	-14
634	-14
635	-13
636	-14
637	-13
638	-14
639	-13
640	-14
641	-14
642	-14
643	-14
644	-15
645	-15
646	-14
647	-13
648	-14
649	-14
650	-13
651	-12
652	-13
653	-13
654	-14
655	-14
656	-13
657	-14
658	-13
659	-14
660	-14
661	-14
662	-14
663	-14
664	-15
665	-15
666	-16
667	-16
668	-16
669	-16
670	-16
671	-16
672	-16
673	-16
674	-17
675	-16
676	-17
677	-17
678	-18
679	-17
680	-18
681	-17
682	-18
683	-17
684	-17
685	-17
686	-18
687	-17
688	-17
689	-17
690	-19
691	-17
692	-18
693	-17
694	-16
695	-16
696	-17
697	-15
698	-16
699	-16
700	-16
701	-16
702	-16
703	-15
704	-16
705	-15
706	-16
707	-16
708	-16
709	-14
710	-16
711	-15
712	-15
713	-15
714	-16
715	-16
716	-16
717	-14
718	-16
719	-15
720	-15
721	-16
722	-15
723	-15
724	-15
725	-15
726	-16
727	-15
728	-15
729	-16
730	-16
731	-15
732	-16
733	-15
734	-16
735	-15
736	-17
737	-16
738	-16
739	-15
740	-16
741	-15
742	-15
743	-15
744	-16
745	-16
746	-16
747	-15
748	-16
749	-14
750	-16
751	-15
752	-16
753	-15
754	-15
755	-15
756	-15
757	-14
758	-16
759	-15
760	-15
761	-15
762	-15
763	-13
764	-15
765	-14
766	-16
767	-15
768	-15
769	-15
770	-16
771	-15
772	-15
773	-14
774	-15
775	-15
776	-15
777	-15
778	-15
779	-14
780	-16
781	-15
782	-15
783	-12
784	-14
785	-13
786	-14
787	-13
788	-15
789	-14
790	-15
791	-14
792	-15
793	-14
794	-15
795	-14
796	-14
797	-14
798	-14
799	-15
800	-15
801	-15
802	-16
803	-14
804	-16
805	-15
806	-15
807	-15
808	-16
809	-15
810	-16
811	-15
812	-16
813	-15
814	-15
815	-16
816	-16
817	-15
818	-16
819	-16
820	-16
821	-16
822	-15
823	-15
824	-15
825	-13
826	-15
827	-13
828	-15
829	-14
830	-15
831	-14
832	-15
833	-14
834	-14
835	-14
836	-15
837	-15
838	-16
839	-15
840	-16
841	-15
842	-16
843	-15
844	-17
845	-15
846	-17
847	-14
848	-16
849	-14
850	-15
851	-14
852	-16
853	-14
854	-16
855	-14
856	-15
857	-14
858	-16
859	-14
860	-15
861	-14
862	-14
863	-14
864	-14
865	-13
866	-14
867	-12
868	-13
869	-11
870	-14
871	-11
872	-14
873	-12
874	-13
875	-12
876	-13
877	-11
878	-13
879	-11
880	-13
881	-10
882	-12
883	-11
884	-12
885	-11
886	-12
887	-12
888	-12
889	-12
890	-13
891	-11
892	-14
893	-12
894	-14
895	-12
896	-13
897	-13
898	-15
899	-12
900	-14
901	-12
902	-14
903	-13
904	-13
905	-11
906	-13
907	-12
908	-13
909	-11
910	-13
911	-11
912	-13
913	-11
914	-13
915	-11
916	-13
917	-11
918	-12
919	-11
920	-12
921	-10
922	-11
923	-12
924	-12
925	-11
926	-11
927	-12
928	-12
929	-12
930	-13
931	-12
932	-13
933	-11
934	-14
935	-12
936	-14
937	-12
938	-14
939	-11
940	-14
941	-12
942	-13
943	-13
944	-14
945	-13
946	-14
947	-13
948	-15
949	-12
950	-14
951	-13
952	-14
953	-12
954	-14
955	-12
956	-13
957	-11
958	-13
959	-11
960	-11
961	-11
962	-12
963	-9
964	-12
965	-9
966	-11
967	-9
968	-11
969	-9
970	-10
971	-10
972	-11
973	-11
974	-10
975	-9
976	-11
977	-9
978	-11
979	-8
980	-12
981	-7
982	-10
983	-9
984	-12
985	-10
986	-11
987	-9
988	-11
989	-10
990	-11
991	-9
992	-12
993	-9
994	-9
995	-8
996	-11
997	-8
998	-9
999	-7
1000	-9
1001	-9
1002	-9
1003	-7
1004	-10
1005	-6
1006	-8
1007	-7
1008	-10
1009	-8
1010	-9
1011	-8
1012	-9
1013	-9
1014	-9
1015	-9
1016	-10
1017	-8
1018	-8
1019	-7
1020	-8
1021	-8
1022	-8
1023	-7
1024	-9
1025	-6
1026	-9
1027	-6
1028	-10
1029	-5
1030	-10
1031	-6
1032	-9
1033	-7
1034	-8
1035	-6
1036	-9
1037	-7
1038	-9
1039	-7
1040	-8
1041	-7
1042	-9
1043	-6
1044	-9
1045	-8
1046	-9
1047	-7
1048	-9
1049	-7
1050	-10
1051	-7
1052	-9
1053	-6
1054	-8
1055	-6
1056	-9
1057	-5
1058	-7
1059	-7
1060	-6
1061	-5
1062	-6
1063	-6
1064	-6
1065	-5
1066	-7
1067	-7
1068	-7
1069	-7
1070	-7
1071	-7
1072	-8
1073	-7
1074	-8
1075	-6
1076	-8
1077	-6
1078	-7
1079	-5
1080	-8
1081	-6
1082	-7
1083	-8
1084	-8
1085	-7
1086	-7
1087	-8
1088	-8
1089	-6
1090	-8
1091	-6
1092	-8
1093	-6
1094	-9
1095	-6
1096	-9
1097	-7
1098	-8
1099	-6
1100	-8
1101	-5
1102	-8
1103	-5
1104	-6
1105	-5
1106	-8
1107	-6
1108	-6
1109	-4
1110	-7
1111	-5
1112	-6
1113	-3
1114	-5
1115	-5
1116	-4
1117	-5
1118	-6
1119	-4
1120	-4
1121	-4
1122	-5
1123	-5
1124	-6
1125	-5
1126	-6
1127	-6
1128	-5
1129	-4
1130	-6
1131	-4
1132	-6
1133	-4
1134	-4
1135	-4
1136	-6
1137	-4
1138	-5
1139	-4
1140	-6
1141	-3
1142	-6
1143	-3
1144	-6
1145	-3
1146	-6
1147	-4
1148	-6
1149	-4
1150	-6
1151	-4
1152	-4
1153	-4
1154	-5
1155	-3
1156	-5
1157	-2
1158	-3
1159	-3
1160	-2
1161	-3
1162	-4
1163	-3
1164	-4
1165	-4
1166	-3
1167	-3
1168	-4
1169	-2
1170	-3
1171	-2
1172	-4
1173	-2
1174	-4
1175	-2
1176	-5
1177	-3
1178	-4
1179	-3
1180	-4
1181	-3
1182	-5
1183	-3
1184	-6
1185	-4
1186	-5
1187	-2
1188	-5
1189	-4
1190	-6
1191	-4
1192	-6
1193	-5
1194	-4
1195	-4
1196	-7
1197	-5
1198	-6
1199	-4
1200	-6
1201	-4
1202	-5
1203	-3
1204	-5
1205	-4
1206	-5
1207	-3
1208	-4
1209	-2
1210	-3
1211	-1
1212	-3
1213	-2
1214	-4
1215	-2
1216	-3
1217	-2
1218	-3
1219	-2
1220	-4
1221	0
1222	-4
1223	0
1224	-3
1225	-2
1226	-4
1227	-1
1228	-3
1229	-2
1230	-2
1231	-2
1232	-3
1233	-4
1234	-4
1235	-3
1236	-4
1237	-2
1238	-5
1239	-2
1240	-4
1241	-2
1242	-4
1243	-2
1244	-4
1245	-3
1246	-4
1247	-2
1248	-2
1249	-3
1250	-3
1251	-4
1252	-4
1253	-2
1254	-5
1255	-3
1256	-4
1257	-2
1258	-3
1259	-2
1260	-5
1261	-3
1262	-4
1263	-3
1264	-5
1265	-3
1266	-4
1267	-3
1268	-4
1269	-3
1270	-4
1271	-3
1272	-3
1273	-3
1274	-3
1275	-2
1276	-3
1277	-3
1278	-3
1279	-2
1280	-2
1281	-2
1282	-3
1283	-3
1284	-3
1285	-2
1286	-2
1287	-1
1288	-2
1289	-1
1290	-2
1291	0
1292	-2
1293	-1
1294	-2
1295	0
1296	0
1297	0
1298	-2
1299	0
1300	-2
1301	0
1302	-2
1303	-1
1304	0
1305	-1
1306	-1
1307	-1
1308	-1
1309	0
1310	-2
1311	-1
1312	-3
1313	-1
1314	-2
1315	-1
1316	-3
1317	-1
1318	-2
1319	-2
1320	-3
1321	-2
1322	-2
1323	-3
1324	-4
1325	-3
1326	-3
1327	-3
1328	-4
1329	-3
1330	-3
1331	-2
1332	-2
1333	-3
1334	-3
1335	-2
1336	-4
1337	-2
1338	-3
1339	-1
1340	-3
1341	-1
1342	-2
1343	-1
1344	-3
1345	-1
1346	-2
1347	-2
1348	-2
1349	-1
1350	-2
1351	-1
1352	0
1353	-1
1354	-2
1355	-1
1356	-2
1357	0
1358	-1
1359	0
1360	-2
1361	-1
1362	-2
1363	-1
1364	-1
1365	-1
1366	-2
1367	-3
1368	-2
1369	-3
1370	-3
1371	-2
1372	-3
1373	-2
1374	-2
1375	-2
1376	-2
1377	-2
1378	-3
1379	-3
1380	-3
1381	-3
1382	-2
1383	-1
1384	-3
1385	-3
1386	-3
1387	-1
1388	-3
1389	-1
1390	-2
1391	0
1392	-1
1393	-1
1394	-1
1395	0
1396	-1
1397	0
1398	-1
1399	0
1400	-1
1401	0
1402	-1
1403	0
1404	-2
1405	0
1406	-1
1407	-1
1408	-2
1409	0
1410	-1
1411	-1
1412	-1
1413	0
1414	0
1415	0
1416	-1
1417	0
1418	-1
1419	-1
1420	0
1421	0
1422	0
1423	0
1424	0
1425	0
1426	0
1427	0
1428	0
1429	0
1430	0
1431	0
1432	-1
1433	0
1434	-2
1435	0
1436	-1
1437	0
1438	0
1439	0
1440	-2
1441	0
1442	-1
1443	-1
1444	-1
1445	0
1446	-1
1447	0
1448	0
1449	0
1450	-2
1451	-1
1452	-1
1453	-1
1454	-1
1455	-1
1456	-1
1457	-2
1458	-1
1459	0
1460	-2
1461	-1
1462	-1
1463	-2
1464	-1
1465	0
1466	-1
1467	0
1468	-2
1469	-1
1470	-1
1471	0
1472	-1
1473	0
1474	-2
1475	0
1476	-3
1477	0
1478	-1
1479	0
1480	-1
1481	0
1482	-1
1483	0
1484	0
1485	0
1486	0
1487	0
1488	-1
1489	0
1490	-2
1491	-1
1492	-2
1493	0
1494	-2
1495	-1
1496	-1
1497	0
1498	-2
1499	-1
1500	-3
1501	-2
1502	-3
1503	-2
1504	-2
1505	-1
1506	-3
1507	-1
1508	-3
1509	-1
1510	-1
1511	0
1512	0
1513	-1
1514	-2
1515	0
1516	-1
1517	0
1518	-1
1519	0
1520	0
1521	0
1522	0
1523	1
1524	0
1525	1
1526	0
1527	1
1528	0
1529	2
1530	0
1531	1
1532	0
1533	1
1534	0
1535	0
1536	0
1537	0
1538	0
1539	0
1540	0
1541	0
1542	0
1543	0
1544	-1
1545	0
1546	0
1547	0
1548	-1
1549	0
1550	-1
1551	-1
1552	-2
1553	0
1554	-1
1555	0
1556	-2
1557	-1
1558	-2
1559	-1
1560	0
1561	-1
1562	-1
1563	0
1564	-1
1565	0
1566	-1
1567	-1
1568	-1
1569	-1
1570	0
1571	0
1572	0
1573	0
1574	0
1575	0
1576	-1
1577	0
1578	-1
1579	0
1580	0
1581	-1
1582	0
1583	0
1584	0
1585	0
1586	0
1587	-1
1588	0
1589	-1
1590	0
1591	0
1592	0
1593	0
1594	-1
1595	0
1596	-2
1597	0
1598	-1
1599	0
1600	-1
1601	-1
1602	-1
1603	0
1604	-2
1605	0
1606	0
1607	-1
1608	0
1609	0
1610	0
1611	0
1612	0
1613	0
1614	0
1615	1
1616	0
1617	2
1618	0
1619	1
1620	0
1621	0
1622	0
1623	1
1624	0
1625	0
1626	1
1627	0
1628	0
1629	0
1630	0
1631	0
1632	0
1633	0
1634	0
1635	0
1636	0
1637	0
1638	0
1639	0
1640	-1
1641	0
1642	-1
1643	0
1644	-1
1645	0
1646	0
1647	0
1648	0
1649	0
1650	0
1651	0
1652	0
1653	0
1654	0
1655	0
1656	0
1657	1
1658	-1
1659	0
1660	-1
1661	0
1662	0
1663	0
1664	0
1665	0
1666	-1
1667	0
1668	0
1669	0
1670	0
1671	0
1672	-1
1673	0
1674	0
1675	0
1676	-1
1677	0
1678	0
1679	0
1680	0
1681	0
1682	0
1683	0
1684	-1
1685	0
1686	0
1687	0
1688	0
1689	0
1690	0
1691	0
1692	-1
1693	0
1694	0
1695	0
1696	0
1697	0
1698	0
1699	0
1700	0
1701	1
1702	0
1703	1
1704	1
1705	1
1706	1
1707	2
1708	2
1709	1
1710	2
1711	2
1712	2
1713	3
1714	2
1715	2
1716	1
1717	2
1718	2
1719	3
1720	2
1721	3
1722	2
1723	2
1724	2
1725	2
1726	2
1727	3
1728	2
1729	2
1730	1
1731	1
1732	1
1733	1
1734	2
1735	2
1736	2
1737	2
1738	1
1739	3
1740	1
1741	1
1742	2
1743	1
1744	1
1745	2
1746	1
1747	2
1748	1
1749	2
1750	1
1751	1
1752	0
1753	2
1754	0
1755	3
1756	2
1757	2
1758	1
1759	2
1760	1
1761	1
1762	1
1763	2
1764	0
1765	1
1766	0
1767	1
1768	0
1769	1
1770	0
1771	1
1772	0
1773	1
1774	0
1775	0
1776	0
1777	0
1778	0
1779	0
1780	0
1781	0
1782	0
1783	0
1784	0
1785	0
1786	0
1787	0
1788	0
1789	0
1790	-1
1791	0
1792	0
1793	0
1794	-1
1795	0
1796	0
1797	0
1798	-1
1799	0
1800	0
1801	0
1802	0
1803	0
1804	0
1805	0
1806	0
1807	0
1808	0
1809	0
1810	0
1811	0
1812	0
1813	0
1814	0
1815	0
1816	-1
1817	0
1818	0
1819	0
1820	0
1821	0
1822	0
1823	0
1824	-1
1825	0
1826	0
1827	0
1828	-1
1829	0
1830	0
1831	0
1832	-1
1833	0
1834	-1
1835	0
1836	0
1837	-1
1838	-1
1839	0
1840	0
1841	0
1842	0
1843	0
1844	0
1845	0
1846	0
1847	0
1848	0
1849	0
1850	0
1851	0
1852	0
1853	0
1854	0
1855	0
1856	0
1857	0
1858	0
1859	0
1860	0
1861	0
1862	0
1863	0
1864	0
1865	0
1866	0
1867	0
1868	0
1869	0
1870	0
1871	0
1872	0
1873	0
1874	0
1875	0
1876	0
1877	0
1878	0
1879	0
1880	0
1881	0
1882	0
1883	0
1884	0
1885	0
1886	0
1887	0
1888	-1
1889	0
1890	-1
1891	-1
1892	-1
1893	0
1894	-1
1895	0
1896	-1
1897	0
1898	-2
1899	-1
1900	-2
1901	0
1902	-1
1903	-1
1904	0
1905	0
1906	-1
1907	-1
1908	0
1909	-1
1910	-1
1911	-1
1912	-1
1913	-1
1914	-1
1915	-1
1916	0
1917	-1
1918	-1
1919	-1
1920	0
1921	0
1922	-1
1923	0
1924	0
1925	0
1926	0
1927	0
1928	0
1929	-1
1930	0
1931	0
1932	0
1933	0
1934	-1
1935	0
1936	0
1937	0
1938	0
1939	0
1940	0
1941	0
1942	0
1943	0
1944	-1
1945	0
1946	0
1947	0
1948	0
1949	0
1950	0
1951	0
1952	0
1953	0
1954	0
1955	0
1956	0
1957	0
1958	0
1959	1
1960	0
1961	1
1962	1
1963	1
1964	0
1965	1
1966	0
1967	0
1968	0
1969	1
1970	0
1971	1
1972	0
1973	0
1974	0
1975	0
1976	-1
1977	0
1978	-1
1979	0
1980	0
1981	0
1982	-1
1983	0
1984	-1
1985	-1
1986	-2
1987	0
1988	-1
1989	0
1990	-2
1991	0
1992	-1
1993	0
1994	-2
1995	-1
1996	-1
1997	-1
1998	0
1999	0
