0	0
1	0
2	0
3	0
4	0
5	0
6	0
7	0
8	0
9	0
10	0
11	0
12	0
13	0
14	0
15	0
16	0
17	0
18	0
19	0
20	0
21	0
22	0
23	0
24	0
25	0
26	0
27	0
28	0
29	0
30	0
31	0
32	0
33	0
34	0
35	0
36	0
37	0
38	0
39	0
40	0
41	0
42	0
43	0
44	0
45	0
46	0
47	0
48	0
49	0
50	0
51	0
52	0
53	0
54	0
55	0
56	0
57	1
58	0
59	0
60	0
61	0
62	0
63	0
64	0
65	0
66	0
67	0
68	0
69	0
70	0
71	1
72	0
73	0
74	0
75	0
76	0
77	0
78	0
79	0
80	0
81	0
82	0
83	0
84	0
85	0
86	0
87	0
88	0
89	0
90	0
91	0
92	0
93	0
94	0
95	0
96	0
97	0
98	0
99	0
100	0
101	0
102	0
103	0
104	0
105	0
106	0
107	0
108	0
109	0
110	0
111	0
112	0
113	0
114	0
115	0
116	0
117	0
118	0
119	0
120	0
121	0
122	0
123	1
124	1
125	0
126	0
127	0
128	0
129	0
130	0
131	0
132	0
133	0
134	0
135	0
136	0
137	0
138	0
139	0
140	0
141	0
142	0
143	0
144	0
145	0
146	0
147	0
148	0
149	0
150	0
151	0
152	0
153	0
154	0
155	0
156	0
157	0
158	0
159	0
160	0
161	0
162	0
163	0
164	0
165	0
166	0
167	0
168	0
169	-1
170	0
171	0
172	0
173	0
174	-1
175	-1
176	-1
177	0
178	-1
179	0
180	-1
181	0
182	0
183	0
184	0
185	0
186	0
187	0
188	0
189	0
190	0
191	1
192	0
193	0
194	0
195	0
196	0
197	0
198	0
199	0
200	0
201	0
202	0
203	0
204	0
205	0
206	0
207	0
208	0
209	0
210	0
211	0
212	0
213	0
214	0
215	0
216	0
217	0
218	0
219	0
220	0
221	0
222	0
223	0
224	0
225	0
226	0
227	0
228	-1
229	0
230	0
231	0
232	0
233	0
234	0
235	-1
236	0
237	0
238	0
239	0
240	0
241	0
242	0
243	0
244	0
245	0
246	0
247	0
248	0
249	0
250	0
251	0
252	0
253	0
254	0
255	0
256	0
257	0
258	0
259	0
260	0
261	0
262	0
263	0
264	0
265	0
266	0
267	0
268	0
269	0
270	0
271	0
272	0
273	0
274	0
275	0
276	0
277	0
278	0
279	0
280	0
281	0
282	0
283	0
284	0
285	0
286	0
287	0
288	0
289	0
290	0
291	0
292	0
293	0
294	0
295	0
296	0
297	0
298	0
299	0
300	0
301	0
302	0
303	0
304	0
305	0
306	0
307	0
308	0
309	0
310	0
311	0
312	0
313	0
314	0
315	0
316	0
317	0
318	0
319	1
320	0
321	0
322	0
323	0
324	0
325	0
326	0
327	0
328	0
329	0
330	0
331	0
332	0
333	0
334	0
335	0
336	0
337	0
338	0
339	0
340	0
341	0
342	0
343	0
344	0
345	0
346	0
347	0
348	0
349	0
350	0
351	0
352	0
353	0
354	0
355	0
356	0
357	0
358	0
359	0
360	0
361	0
362	-1
363	0
364	0
365	0
366	0
367	0
368	0
369	0
370	0
371	0
372	0
373	-1
374	-1
375	-1
376	-1
377	0
378	0
379	0
380	-1
381	0
382	-1
383	0
384	0
385	0
386	0
387	0
388	0
389	0
390	0
391	0
392	0
393	0
394	0
395	0
396	0
397	0
398	0
399	0
400	0
401	0
402	0
403	0
404	0
405	0
406	0
407	0
408	0
409	0
410	0
411	0
412	0
413	0
414	0
415	0
416	0
417	0
418	0
419	0
420	0
421	-1
422	0
423	0
424	0
425	0
426	0
427	0
428	0
429	0
430	0
431	0
432	0
433	0
434	0
435	1
436	1
437	4
438	4
439	8
440	10
441	12
442	15
443	18
444	21
445	25
446	28
447	32
448	34
449	39
450	43
451	47
452	49
453	53
454	56
455	59
456	62
457	67
458	69
459	72
460	75
461	77
462	79
463	81
464	84
465	87
466	89
467	90
468	90
469	91
470	91
471	94
472	94
473	94
474	93
475	94
476	94
477	94
478	94
479	94
480	93
481	92
482	91
483	91
484	90
485	89
486	87
487	86
488	85
489	86
490	83
491	83
492	80
493	81
494	76
495	76
496	75
497	76
498	76
499	78
500	62
501	68
502	64
503	64
504	64
505	64
506	61
507	60
508	58
509	55
510	53
511	53
512	51
513	50
514	50
515	48
516	47
517	45
518	42
519	43
520	40
521	41
522	39
523	39
524	38
525	36
526	34
527	32
528	29
529	31
530	26
531	28
532	25
533	25
534	24
535	25
536	23
537	22
538	22
539	22
540	20
541	20
542	18
543	17
544	16
545	17
546	14
547	14
548	11
549	12
550	9
551	10
552	7
553	9
554	7
555	7
556	6
557	5
558	5
559	4
560	4
561	3
562	3
563	2
564	3
565	2
566	3
567	2
568	2
569	2
570	1
571	3
572	1
573	1
574	1
575	1
576	1
577	2
578	1
579	1
580	1
581	0
582	1
583	0
584	0
585	0
586	0
587	0
588	0
589	0
590	-1
591	0
592	0
593	0
594	-1
595	-2
596	-2
597	-2
598	-2
599	-1
600	-3
601	-1
602	-3
603	-2
604	-4
605	-4
606	-4
607	-3
608	-3
609	-3
610	-3
611	-3
612	-4
613	-4
614	-3
615	-3
616	-4
617	-2
618	-3
619	-2
620	-4
621	-2
622	-4
623	-1
624	-4
625	-2
626	-3
627	-3
628	-3
629	-2
630	-3
631	-1
632	-2
633	-1
634	-3
635	-1
636	-4
637	-1
638	-2
639	-1
640	-2
641	-1
642	-2
643	-1
644	-2
645	-2
646	-4
647	-2
648	-3
649	-2
650	-3
651	-3
652	-3
653	-2
654	-2
655	-2
656	-2
657	-2
658	-2
659	-3
660	-3
661	-1
662	-2
663	-1
664	-3
665	-2
666	-3
667	-2
668	-3
669	-2
670	-3
671	-3
672	-5
673	-3
674	-4
675	-3
676	-3
677	-4
678	-5
679	-2
680	-3
681	-4
682	-5
683	-3
684	-4
685	-3
686	-4
687	-3
688	-4
689	-3
690	-4
691	-2
692	-4
693	-2
694	-4
695	-4
696	-4
697	-3
698	-3
699	-3
700	-4
701	-3
702	-4
703	-1
704	-3
705	-2
706	-4
707	-1
708	-4
709	-2
710	-3
711	-2
712	-3
713	-2
714	-3
715	-2
716	-4
717	-3
718	-3
719	-2
720	-3
721	-1
722	-2
723	-3
724	-2
725	-3
726	-3
727	-1
728	-3
729	-3
730	-2
731	-4
732	-3
733	-3
734	-4
735	-3
736	-4
737	-3
738	-5
739	-2
740	-4
741	-3
742	-4
743	-4
744	-5
745	-3
746	-4
747	-4
748	-4
749	-4
750	-3
751	-3
752	-5
753	-4
754	-4
755	-3
756	-4
757	-5
758	-3
759	-3
760	-4
761	-3
762	-3
763	-3
764	-3
765	-3
766	-6
767	-4
768	-5
769	-3
770	-4
771	-4
772	-4
773	-4
774	-3
775	-4
776	-2
777	-4
778	-4
779	-2
780	-4
781	-4
782	-4
783	-2
784	-4
785	-3
786	-4
787	-4
788	-5
789	-4
790	-4
791	-4
792	-5
793	-4
794	-2
795	-4
796	-5
797	-4
798	-5
799	-2
800	-4
801	-2
802	-4
803	-3
804	-3
805	-2
806	-4
807	-4
808	-4
809	-5
810	-4
811	-3
812	-3
813	-4
814	-5
815	-5
816	-5
817	-5
818	-5
819	-5
820	-5
821	-5
822	-4
823	-5
824	-5
825	-4
826	-6
827	-6
828	-6
829	-5
830	-4
831	-4
832	-4
833	-3
834	-4
835	-3
836	-4
837	-3
838	-4
839	-5
840	-4
841	-4
842	-4
843	-5
844	-4
845	-4
846	-6
847	-4
848	-5
849	-3
850	-3
851	-3
852	-4
853	-4
854	-6
855	-5
856	-5
857	-5
858	-5
859	-3
860	-5
861	-5
862	-4
863	-3
864	-5
865	-4
866	-4
867	-2
868	-3
869	-2
870	-4
871	-2
872	-3
873	-3
874	-2
875	-4
876	-2
877	-3
878	-4
879	-2
880	-3
881	-3
882	-3
883	-2
884	-4
885	-1
886	-3
887	-2
888	-4
889	-4
890	-4
891	-4
892	-4
893	-5
894	-5
895	-3
896	-5
897	-3
898	-5
899	-3
900	-6
901	-4
902	-5
903	-4
904	-5
905	-4
906	-6
907	-5
908	-6
909	-5
910	-6
911	-5
912	-6
913	-6
914	-5
915	-5
916	-6
917	-4
918	-6
919	-4
920	-5
921	-6
922	-6
923	-4
924	-5
925	-4
926	-3
927	-4
928	-4
929	-3
930	-3
931	-3
932	-3
933	-3
934	-5
935	-3
936	-4
937	-2
938	-4
939	-2
940	-4
941	-4
942	-4
943	-5
944	-6
945	-4
946	-3
947	-4
948	-4
949	-3
950	-4
951	-3
952	-3
953	-4
954	-3
955	-4
956	-4
957	-4
958	-4
959	-2
960	-6
961	-3
962	-4
963	-5
964	-5
965	-4
966	-5
967	-4
968	-4
969	-3
970	-4
971	-4
972	-3
973	-4
974	-6
975	-4
976	-6
977	-4
978	-4
979	-4
980	-2
981	-4
982	-3
983	-4
984	-3
985	-4
986	-3
987	-4
988	-2
989	-4
990	-4
991	-4
992	-4
993	-4
994	-5
995	-4
996	-4
997	-3
998	-4
999	-3
1000	-5
1001	-3
1002	-5
1003	-4
1004	-5
1005	-4
1006	-4
1007	-4
1008	-6
1009	-3
1010	-5
1011	-5
1012	-4
1013	-3
1014	-4
1015	-2
1016	-4
1017	-4
1018	-4
1019	-4
1020	-4
1021	-2
1022	-6
1023	-3
1024	-5
1025	-3
1026	-4
1027	-3
1028	-4
1029	-3
1030	-4
1031	-3
1032	-4
1033	-4
1034	-4
1035	-4
1036	-2
1037	-3
1038	-3
1039	-3
1040	-5
1041	-2
1042	-4
1043	-2
1044	-2
1045	-3
1046	-1
1047	-1
1048	-2
1049	-1
1050	-3
1051	-2
1052	-2
1053	0
1054	-1
1055	0
1056	-2
1057	0
1058	-2
1059	0
1060	-1
1061	0
1062	-2
1063	0
1064	-1
1065	0
1066	-2
1067	0
1068	-2
1069	0
1070	-2
1071	0
1072	-2
1073	-1
1074	0
1075	-1
1076	-2
1077	0
1078	0
1079	0
1080	-2
1081	-1
1082	-4
1083	0
1084	-2
1085	-1
1086	-2
1087	0
1088	-3
1089	-3
1090	-1
1091	-3
1092	-1
1093	-3
1094	-3
1095	-3
1096	-3
1097	-2
1098	-3
1099	-1
1100	-4
1101	-2
1102	-3
1103	-2
1104	-3
1105	-3
1106	-2
1107	-2
1108	-4
1109	-2
1110	-4
1111	-2
1112	-4
1113	-2
1114	-4
1115	-3
1116	-2
1117	-3
1118	-2
1119	-2
1120	-3
1121	-3
1122	-4
1123	-3
1124	-3
1125	-3
1126	-4
1127	-2
1128	-3
1129	-2
1130	-3
1131	-3
1132	-2
1133	-2
1134	-2
1135	-1
1136	-2
1137	-1
1138	-2
1139	-1
1140	-2
1141	-2
1142	-1
1143	-1
1144	-2
1145	-2
1146	-1
1147	-2
1148	-2
1149	-3
1150	-4
1151	-3
1152	-4
1153	-2
1154	-3
1155	-2
1156	-4
1157	-3
1158	-5
1159	-2
1160	-4
1161	-3
1162	-4
1163	-2
1164	-3
1165	-2
1166	-4
1167	-4
1168	-4
1169	-3
1170	-4
1171	-3
1172	-4
1173	-2
1174	-2
1175	-2
1176	-3
1177	-2
1178	-3
1179	-2
1180	-3
1181	-2
1182	-3
1183	-1
1184	-2
1185	-2
1186	-2
1187	-2
1188	-2
1189	-3
1190	-2
1191	-2
1192	-4
1193	-3
1194	-3
1195	-3
1196	-3
1197	-2
1198	-3
1199	-3
1200	-4
1201	-2
1202	-3
1203	-3
1204	-3
1205	-4
1206	-5
1207	-2
1208	-5
1209	-2
1210	-3
1211	-4
1212	-3
1213	-3
1214	-4
1215	-3
1216	-5
1217	-4
1218	-6
1219	-2
1220	-5
1221	-3
1222	-4
1223	-3
1224	-3
1225	-5
1226	-4
1227	-3
1228	-5
1229	-4
1230	-3
1231	-2
1232	-2
1233	-2
1234	-2
1235	-2
1236	-4
1237	-1
1238	-3
1239	-1
1240	-1
1241	-1
1242	-1
1243	-2
1244	-2
1245	-2
1246	-2
1247	-1
1248	-2
1249	-2
1250	-3
1251	-2
1252	-3
1253	-1
1254	-2
1255	-1
1256	-1
1257	-1
1258	-2
1259	-1
1260	-1
1261	-1
1262	-1
1263	-2
1264	-3
1265	-3
1266	-3
1267	-3
1268	-3
1269	-2
1270	-4
1271	-2
1272	-3
1273	-3
1274	-4
1275	-4
1276	-2
1277	-2
1278	-3
1279	-1
1280	-2
1281	-1
1282	-2
1283	-2
1284	-2
1285	-2
1286	-2
1287	-1
1288	-2
1289	-2
1290	-3
1291	-2
1292	-3
1293	-1
1294	-3
1295	-2
1296	-2
1297	-2
1298	-2
1299	-2
1300	-2
1301	-2
1302	-2
1303	-2
1304	-2
1305	-1
1306	-2
1307	-1
1308	-2
1309	-2
1310	-2
1311	-1
1312	-1
1313	-1
1314	-2
1315	-1
1316	-2
1317	-2
1318	-2
1319	0
1320	-1
1321	-2
1322	-2
1323	-1
1324	-1
1325	-1
1326	-3
1327	-2
1328	-1
1329	-1
1330	-1
1331	-1
1332	-1
1333	-1
1334	-3
1335	-1
1336	-2
1337	-1
1338	-1
1339	-1
1340	-1
1341	-1
1342	-2
1343	-1
1344	-1
1345	-1
1346	-2
1347	-2
1348	-2
1349	-2
1350	-2
1351	-1
1352	-1
1353	0
1354	-2
1355	-1
1356	-2
1357	0
1358	-3
1359	-1
1360	-2
1361	-2
1362	-1
1363	-1
1364	-2
1365	-1
1366	-1
1367	-1
1368	-2
1369	0
1370	-2
1371	0
1372	-2
1373	-1
1374	-2
1375	-2
1376	-1
1377	-1
1378	-2
1379	-2
1380	-2
1381	-1
1382	-4
1383	-1
1384	-3
1385	-2
1386	-2
1387	-2
1388	-3
1389	-1
1390	-3
1391	-1
1392	-3
1393	-1
1394	-2
1395	-1
1396	-3
1397	-2
1398	-2
1399	-1
1400	-1
1401	-1
1402	-1
1403	-1
1404	-1
1405	0
1406	-2
1407	-1
1408	-1
1409	0
1410	-1
1411	0
1412	-2
1413	0
1414	0
1415	0
1416	0
1417	0
1418	0
1419	0
1420	0
1421	0
1422	0
1423	0
1424	0
1425	0
1426	0
1427	0
1428	0
1429	0
1430	0
1431	0
1432	-1
1433	0
1434	-2
1435	0
1436	0
1437	0
1438	-1
1439	0
1440	-1
1441	0
1442	-1
1443	0
1444	-1
1445	0
1446	-1
1447	0
1448	-1
1449	0
1450	-1
1451	0
1452	-2
1453	0
1454	-1
1455	0
1456	-1
1457	0
1458	0
1459	0
1460	0
1461	0
1462	0
1463	0
1464	0
1465	0
1466	0
1467	0
1468	0
1469	0
1470	0
1471	0
1472	0
1473	0
1474	0
1475	0
1476	0
1477	0
1478	-1
1479	0
1480	0
1481	-2
1482	0
1483	0
1484	0
1485	0
1486	-2
1487	0
1488	-2
1489	-2
1490	0
1491	-1
1492	-2
1493	-1
1494	-2
1495	0
1496	-2
1497	-1
1498	-1
1499	0
1500	-2
1501	-1
1502	-2
1503	-1
1504	-1
1505	-1
1506	-4
1507	-2
1508	-3
1509	-1
1510	-2
1511	-2
1512	-3
1513	-2
1514	-2
1515	-1
1516	-1
1517	-2
1518	-1
1519	-1
1520	-2
1521	-2
1522	-2
1523	-1
1524	-2
1525	-1
1526	-1
1527	-1
1528	-2
1529	-2
1530	-1
1531	-1
1532	-2
1533	-1
1534	-1
1535	-1
1536	-1
1537	-1
1538	-1
1539	-1
1540	-1
1541	-1
1542	-1
1543	-1
1544	0
1545	-2
1546	0
1547	-1
1548	0
1549	-1
1550	0
1551	0
1552	-1
1553	-2
1554	-1
1555	-1
1556	-1
1557	0
1558	-1
1559	0
1560	-1
1561	-2
1562	0
1563	-1
1564	0
1565	-2
1566	-1
1567	-1
1568	-3
1569	-1
1570	-2
1571	-3
1572	-2
1573	-2
1574	-2
1575	-3
1576	-3
1577	-3
1578	-4
1579	-4
1580	-3
1581	-4
1582	-3
1583	-2
1584	-3
1585	-1
1586	-3
1587	-2
1588	-3
1589	-1
1590	-4
1591	-1
1592	-2
1593	-1
1594	-1
1595	-2
1596	-1
1597	-1
1598	-1
1599	0
1600	-1
1601	-1
1602	-1
1603	-1
1604	-1
1605	0
1606	0
1607	-1
1608	0
1609	0
1610	-1
1611	-1
1612	-2
1613	0
1614	-1
1615	0
1616	-1
1617	-1
1618	-1
1619	0
1620	0
1621	0
1622	-1
1623	0
1624	-1
1625	-2
1626	-1
1627	-1
1628	-2
1629	-1
1630	-2
1631	-2
1632	-2
1633	-2
1634	-2
1635	-2
1636	-2
1637	-1
1638	-2
1639	0
1640	-2
1641	-2
1642	-1
1643	-2
1644	-2
1645	-1
1646	-2
1647	-2
1648	-1
1649	-2
1650	-1
1651	-1
1652	-2
1653	0
1654	-2
1655	-1
1656	-1
1657	0
1658	0
1659	0
1660	-2
1661	-1
1662	-1
1663	0
1664	-1
1665	0
1666	0
1667	0
1668	0
1669	0
1670	0
1671	0
1672	-1
1673	0
1674	0
1675	0
1676	0
1677	0
1678	-1
1679	-1
1680	-1
1681	-1
1682	-1
1683	0
1684	-1
1685	-1
1686	-1
1687	-1
1688	-1
1689	0
1690	-1
1691	0
1692	-1
1693	0
1694	-1
1695	0
1696	-3
1697	-1
1698	-2
1699	0
1700	-1
1701	-1
1702	-3
1703	-2
1704	-2
1705	-2
1706	-2
1707	-1
1708	-2
1709	-2
1710	-2
1711	-1
1712	-2
1713	-2
1714	-2
1715	-2
1716	-2
1717	-1
1718	-2
1719	-2
1720	-1
1721	-2
1722	-1
1723	-2
1724	-1
1725	-1
1726	-1
1727	-1
1728	-1
1729	-1
1730	-2
1731	-2
1732	-2
1733	-1
1734	-2
1735	-1
1736	-2
1737	-1
1738	-1
1739	-1
1740	-1
1741	-2
1742	-1
1743	0
1744	-1
1745	-1
1746	0
1747	-1
1748	-1
1749	0
1750	0
1751	0
1752	-2
1753	0
1754	0
1755	-1
1756	-1
1757	-1
1758	-1
1759	0
1760	-1
1761	0
1762	0
1763	0
1764	0
1765	0
1766	0
1767	0
1768	0
1769	0
1770	0
1771	-1
1772	0
1773	0
1774	0
1775	0
1776	0
1777	0
1778	-1
1779	0
1780	0
1781	0
1782	0
1783	-1
1784	0
1785	-1
1786	0
1787	0
1788	-1
1789	-1
1790	0
1791	0
1792	-1
1793	0
1794	0
1795	0
1796	0
1797	-1
1798	-1
1799	0
1800	-1
1801	0
1802	-1
1803	-2
1804	-2
1805	-3
1806	-2
1807	-2
1808	-2
1809	-3
1810	-1
1811	-1
1812	-1
1813	-1
1814	-1
1815	-2
1816	-1
1817	-1
1818	-1
1819	-2
1820	-1
1821	-2
1822	-2
1823	-1
1824	-2
1825	-1
1826	-1
1827	-2
1828	-2
1829	-2
1830	-2
1831	-1
1832	-2
1833	-1
1834	-1
1835	-2
1836	-2
1837	-1
1838	-2
1839	-1
1840	-1
1841	0
1842	-2
1843	-1
1844	-1
1845	-1
1846	-1
1847	-1
1848	-1
1849	-1
1850	0
1851	0
1852	-1
1853	0
1854	0
1855	0
1856	-1
1857	0
1858	0
1859	0
1860	0
1861	0
1862	0
1863	0
1864	0
1865	0
1866	0
1867	0
1868	-1
1869	0
1870	0
1871	-1
1872	-1
1873	0
1874	-1
1875	0
1876	-1
1877	0
1878	0
1879	0
1880	-2
1881	0
1882	-2
1883	0
1884	0
1885	0
1886	0
1887	0
1888	-1
1889	-1
1890	-1
1891	0
1892	-1
1893	0
1894	-1
1895	0
1896	-1
1897	-1
1898	-1
1899	-1
1900	-2
1901	-1
1902	-2
1903	-1
1904	-1
1905	-1
1906	-1
1907	0
1908	0
1909	0
1910	-1
1911	-1
1912	-1
1913	0
1914	0
1915	0
1916	-1
1917	-1
1918	-1
1919	-1
1920	-2
1921	0
1922	-1
1923	0
1924	-1
1925	0
1926	0
1927	-1
1928	-1
1929	-1
1930	-1
1931	-1
1932	-1
1933	-1
1934	-1
1935	0
1936	-2
1937	0
1938	-1
1939	0
1940	0
1941	0
1942	-1
1943	-1
1944	-1
1945	0
1946	0
1947	0
1948	-1
1949	0
1950	-1
1951	0
1952	0
1953	0
1954	0
1955	0
1956	0
1957	-1
1958	0
1959	0
1960	0
1961	0
1962	0
1963	0
1964	-1
1965	0
1966	0
1967	0
1968	-2
1969	0
1970	0
1971	0
1972	-1
1973	0
1974	0
1975	0
1976	0
1977	0
1978	0
1979	0
1980	0
1981	0
1982	-1
1983	0
1984	-1
1985	0
1986	-1
1987	0
1988	-1
1989	-1
1990	-2
1991	0
1992	-1
1993	-1
1994	-1
1995	0
1996	-2
1997	-1
1998	-1
1999	-1
