0	0
1	0
2	0
3	0
4	0
5	0
6	0
7	0
8	0
9	0
10	0
11	0
12	0
13	0
14	0
15	0
16	0
17	0
18	0
19	0
20	0
21	0
22	0
23	0
24	0
25	0
26	0
27	0
28	-1
29	0
30	-1
31	0
32	-1
33	-1
34	-1
35	0
36	-1
37	0
38	0
39	0
40	-1
41	0
42	-1
43	0
44	-1
45	0
46	0
47	0
48	0
49	-1
50	0
51	0
52	-1
53	0
54	0
55	0
56	0
57	0
58	0
59	0
60	0
61	0
62	0
63	0
64	0
65	0
66	0
67	0
68	0
69	1
70	0
71	0
72	0
73	0
74	0
75	0
76	0
77	0
78	0
79	0
80	0
81	0
82	0
83	0
84	0
85	0
86	0
87	0
88	0
89	0
90	0
91	0
92	0
93	0
94	0
95	0
96	0
97	0
98	0
99	0
100	0
101	0
102	0
103	0
104	0
105	0
106	0
107	0
108	0
109	0
110	0
111	0
112	0
113	0
114	0
115	0
116	0
117	0
118	0
119	0
120	0
121	0
122	0
123	0
124	0
125	0
126	0
127	0
128	-1
129	0
130	0
131	0
132	-1
133	0
134	0
135	0
136	0
137	0
138	0
139	0
140	0
141	0
142	0
143	0
144	0
145	0
146	0
147	0
148	0
149	0
150	0
151	0
152	0
153	0
154	0
155	0
156	0
157	0
158	0
159	0
160	0
161	0
162	0
163	0
164	0
165	0
166	1
167	0
168	0
169	0
170	0
171	0
172	0
173	0
174	0
175	0
176	0
177	0
178	0
179	0
180	0
181	0
182	0
183	0
184	0
185	0
186	0
187	0
188	0
189	1
190	0
191	0
192	0
193	0
194	0
195	0
196	0
197	0
198	0
199	0
200	0
201	0
202	0
203	0
204	0
205	0
206	0
207	0
208	0
209	0
210	0
211	0
212	0
213	0
214	0
215	0
216	0
217	0
218	0
219	0
220	0
221	0
222	0
223	0
224	0
225	0
226	0
227	0
228	0
229	-1
230	0
231	0
232	0
233	0
234	0
235	0
236	0
237	0
238	0
239	0
240	0
241	0
242	0
243	0
244	0
245	0
246	0
247	-1
248	0
249	0
250	0
251	0
252	0
253	0
254	0
255	0
256	0
257	0
258	0
259	0
260	0
261	0
262	1
263	0
264	0
265	0
266	0
267	0
268	0
269	0
270	0
271	0
272	0
273	0
274	0
275	0
276	0
277	1
278	0
279	0
280	0
281	0
282	0
283	0
284	-1
285	0
286	0
287	0
288	0
289	0
290	0
291	0
292	0
293	0
294	0
295	0
296	0
297	0
298	0
299	0
300	0
301	0
302	0
303	0
304	0
305	0
306	0
307	0
308	0
309	0
310	0
311	0
312	0
313	1
314	0
315	0
316	0
317	0
318	0
319	0
320	0
321	0
322	0
323	0
324	0
325	0
326	0
327	0
328	0
329	0
330	0
331	0
332	0
333	0
334	0
335	0
336	0
337	0
338	0
339	0
340	-1
341	0
342	0
343	0
344	-1
345	0
346	0
347	0
348	0
349	0
350	0
351	0
352	0
353	0
354	0
355	0
356	0
357	0
358	0
359	0
360	0
361	0
362	0
363	1
364	0
365	0
366	0
367	0
368	0
369	0
370	0
371	0
372	0
373	-1
374	0
375	0
376	0
377	0
378	0
379	0
380	0
381	0
382	0
383	0
384	0
385	0
386	0
387	0
388	0
389	0
390	0
391	0
392	0
393	0
394	0
395	0
396	0
397	0
398	0
399	0
400	0
401	0
402	0
403	0
404	0
405	1
406	0
407	0
408	0
409	0
410	0
411	1
412	0
413	0
414	0
415	0
416	0
417	0
418	2
419	2
420	4
421	4
422	7
423	10
424	12
425	15
426	15
427	22
428	24
429	27
430	32
431	35
432	39
433	45
434	48
435	53
436	57
437	63
438	66
439	71
440	75
441	80
442	85
443	88
444	92
445	97
446	102
447	105
448	108
449	112
450	115
451	120
452	121
453	126
454	129
455	130
456	132
457	135
458	136
459	138
460	138
461	142
462	141
463	144
464	142
465	144
466	141
467	142
468	141
469	141
470	139
471	139
472	137
473	136
474	134
475	132
476	129
477	129
478	126
479	125
480	121
481	120
482	116
483	116
484	111
485	110
486	108
487	105
488	102
489	99
490	94
491	92
492	91
493	89
494	85
495	83
496	79
497	78
498	78
499	78
500	62
501	67
502	63
503	63
504	62
505	59
506	55
507	54
508	50
509	49
510	47
511	46
512	43
513	41
514	39
515	38
516	34
517	35
518	32
519	32
520	30
521	28
522	27
523	25
524	22
525	22
526	21
527	20
528	18
529	18
530	16
531	17
532	15
533	15
534	11
535	11
536	9
537	9
538	7
539	7
540	5
541	4
542	4
543	2
544	2
545	2
546	0
547	2
548	0
549	0
550	0
551	-1
552	-3
553	-1
554	-3
555	-3
556	-4
557	-3
558	-4
559	-3
560	-6
561	-6
562	-7
563	-8
564	-8
565	-7
566	-9
567	-8
568	-10
569	-8
570	-10
571	-11
572	-11
573	-10
574	-12
575	-9
576	-11
577	-9
578	-12
579	-11
580	-14
581	-11
582	-13
583	-11
584	-13
585	-11
586	-13
587	-12
588	-13
589	-13
590	-14
591	-12
592	-13
593	-12
594	-13
595	-11
596	-13
597	-12
598	-12
599	-11
600	-12
601	-12
602	-11
603	-12
604	-11
605	-11
606	-11
607	-11
608	-12
609	-10
610	-10
611	-11
612	-10
613	-12
614	-12
615	-11
616	-11
617	-10
618	-11
619	-11
620	-11
621	-11
622	-10
623	-10
624	-11
625	-12
626	-11
627	-13
628	-12
629	-12
630	-13
631	-13
632	-13
633	-13
634	-15
635	-15
636	-14
637	-13
638	-13
639	-13
640	-14
641	-12
642	-14
643	-13
644	-13
645	-13
646	-12
647	-12
648	-12
649	-12
650	-13
651	-12
652	-12
653	-11
654	-11
655	-11
656	-12
657	-11
658	-12
659	-11
660	-12
661	-11
662	-11
663	-11
664	-11
665	-10
666	-11
667	-12
668	-12
669	-11
670	-11
671	-12
672	-11
673	-11
674	-12
675	-13
676	-12
677	-12
678	-12
679	-12
680	-13
681	-12
682	-13
683	-11
684	-13
685	-11
686	-13
687	-12
688	-12
689	-12
690	-11
691	-11
692	-12
693	-11
694	-12
695	-11
696	-11
697	-11
698	-12
699	-10
700	-12
701	-10
702	-13
703	-11
704	-11
705	-11
706	-11
707	-11
708	-12
709	-11
710	-12
711	-13
712	-12
713	-11
714	-12
715	-12
716	-14
717	-11
718	-13
719	-11
720	-14
721	-13
722	-12
723	-13
724	-12
725	-13
726	-12
727	-13
728	-12
729	-13
730	-13
731	-13
732	-13
733	-13
734	-13
735	-13
736	-12
737	-12
738	-11
739	-13
740	-13
741	-14
742	-13
743	-12
744	-12
745	-11
746	-12
747	-12
748	-12
749	-11
750	-14
751	-12
752	-13
753	-11
754	-12
755	-12
756	-12
757	-13
758	-14
759	-13
760	-13
761	-13
762	-13
763	-13
764	-13
765	-12
766	-13
767	-12
768	-13
769	-12
770	-13
771	-12
772	-13
773	-11
774	-12
775	-13
776	-11
777	-12
778	-12
779	-11
780	-13
781	-11
782	-13
783	-11
784	-12
785	-12
786	-12
787	-11
788	-12
789	-12
790	-11
791	-12
792	-12
793	-11
794	-12
795	-12
796	-12
797	-11
798	-13
799	-11
800	-12
801	-12
802	-12
803	-11
804	-13
805	-12
806	-13
807	-13
808	-13
809	-12
810	-12
811	-11
812	-11
813	-11
814	-12
815	-12
816	-11
817	-11
818	-13
819	-13
820	-13
821	-13
822	-14
823	-13
824	-14
825	-13
826	-14
827	-12
828	-13
829	-12
830	-14
831	-12
832	-13
833	-13
834	-12
835	-12
836	-12
837	-14
838	-11
839	-14
840	-13
841	-12
842	-13
843	-12
844	-13
845	-12
846	-13
847	-12
848	-11
849	-12
850	-12
851	-13
852	-12
853	-13
854	-11
855	-12
856	-12
857	-12
858	-12
859	-11
860	-11
861	-11
862	-12
863	-11
864	-11
865	-11
866	-10
867	-11
868	-10
869	-10
870	-10
871	-9
872	-10
873	-8
874	-11
875	-10
876	-10
877	-9
878	-9
879	-10
880	-11
881	-11
882	-11
883	-11
884	-11
885	-11
886	-11
887	-10
888	-11
889	-11
890	-12
891	-11
892	-10
893	-11
894	-11
895	-10
896	-10
897	-11
898	-9
899	-11
900	-11
901	-11
902	-11
903	-12
904	-11
905	-10
906	-10
907	-9
908	-11
909	-9
910	-9
911	-10
912	-9
913	-9
914	-9
915	-10
916	-10
917	-10
918	-9
919	-9
920	-11
921	-8
922	-11
923	-9
924	-10
925	-8
926	-10
927	-9
928	-9
929	-9
930	-10
931	-10
932	-11
933	-9
934	-10
935	-10
936	-11
937	-10
938	-10
939	-11
940	-11
941	-10
942	-10
943	-11
944	-12
945	-10
946	-11
947	-11
948	-11
949	-10
950	-10
951	-9
952	-9
953	-9
954	-9
955	-9
956	-11
957	-11
958	-9
959	-9
960	-9
961	-9
962	-7
963	-10
964	-8
965	-9
966	-10
967	-9
968	-8
969	-8
970	-10
971	-9
972	-7
973	-8
974	-8
975	-9
976	-10
977	-9
978	-8
979	-9
980	-9
981	-7
982	-7
983	-8
984	-8
985	-9
986	-8
987	-8
988	-8
989	-9
990	-9
991	-8
992	-8
993	-9
994	-8
995	-8
996	-7
997	-7
998	-7
999	-7
1000	-8
1001	-6
1002	-8
1003	-7
1004	-8
1005	-8
1006	-8
1007	-8
1008	-9
1009	-8
1010	-9
1011	-9
1012	-8
1013	-7
1014	-11
1015	-9
1016	-9
1017	-8
1018	-10
1019	-9
1020	-8
1021	-7
1022	-7
1023	-8
1024	-9
1025	-6
1026	-7
1027	-6
1028	-8
1029	-5
1030	-6
1031	-5
1032	-5
1033	-5
1034	-7
1035	-4
1036	-6
1037	-2
1038	-5
1039	-4
1040	-7
1041	-3
1042	-5
1043	-2
1044	-2
1045	-3
1046	-4
1047	-3
1048	-4
1049	-3
1050	-3
1051	-4
1052	-3
1053	-3
1054	-4
1055	-4
1056	-3
1057	-4
1058	-3
1059	-4
1060	-5
1061	-4
1062	-4
1063	-4
1064	-4
1065	-4
1066	-3
1067	-5
1068	-2
1069	-4
1070	-4
1071	-5
1072	-3
1073	-5
1074	-6
1075	-4
1076	-5
1077	-5
1078	-5
1079	-2
1080	-4
1081	-4
1082	-5
1083	-4
1084	-5
1085	-4
1086	-3
1087	-5
1088	-4
1089	-4
1090	-2
1091	-3
1092	-3
1093	-3
1094	-4
1095	-4
1096	-4
1097	-3
1098	-4
1099	-3
1100	-5
1101	-4
1102	-4
1103	-6
1104	-5
1105	-4
1106	-6
1107	-4
1108	-6
1109	-5
1110	-6
1111	-4
1112	-6
1113	-5
1114	-6
1115	-5
1116	-5
1117	-6
1118	-6
1119	-6
1120	-4
1121	-6
1122	-5
1123	-5
1124	-6
1125	-5
1126	-7
1127	-5
1128	-6
1129	-4
1130	-8
1131	-4
1132	-5
1133	-6
1134	-5
1135	-5
1136	-6
1137	-4
1138	-5
1139	-6
1140	-7
1141	-4
1142	-7
1143	-7
1144	-8
1145	-6
1146	-5
1147	-7
1148	-6
1149	-6
1150	-6
1151	-8
1152	-7
1153	-8
1154	-7
1155	-7
1156	-7
1157	-7
1158	-7
1159	-7
1160	-5
1161	-7
1162	-5
1163	-6
1164	-6
1165	-5
1166	-4
1167	-5
1168	-4
1169	-4
1170	-5
1171	-5
1172	-4
1173	-3
1174	-5
1175	-4
1176	-4
1177	-4
1178	-4
1179	-4
1180	-5
1181	-3
1182	-4
1183	-2
1184	-4
1185	-3
1186	-2
1187	-2
1188	-2
1189	-2
1190	-3
1191	-2
1192	-4
1193	-2
1194	-3
1195	-4
1196	-3
1197	-2
1198	-3
1199	-2
1200	-5
1201	-2
1202	-3
1203	-4
1204	-4
1205	-4
1206	-3
1207	-2
1208	-5
1209	-3
1210	-5
1211	-4
1212	-5
1213	-4
1214	-6
1215	-4
1216	-6
1217	-3
1218	-4
1219	-4
1220	-3
1221	-5
1222	-4
1223	-4
1224	-4
1225	-4
1226	-5
1227	-3
1228	-4
1229	-3
1230	-2
1231	-3
1232	-4
1233	-3
1234	-3
1235	-3
1236	-3
1237	-3
1238	-3
1239	-1
1240	-4
1241	-2
1242	-3
1243	0
1244	-1
1245	-1
1246	-2
1247	-1
1248	-2
1249	-1
1250	-2
1251	-1
1252	-2
1253	-2
1254	-1
1255	-3
1256	-1
1257	-1
1258	-2
1259	-2
1260	-2
1261	-1
1262	-2
1263	0
1264	-1
1265	-1
1266	-1
1267	-1
1268	-2
1269	0
1270	0
1271	0
1272	-1
1273	0
1274	0
1275	0
1276	0
1277	-1
1278	0
1279	0
1280	0
1281	-1
1282	0
1283	-1
1284	0
1285	0
1286	0
1287	0
1288	-1
1289	0
1290	0
1291	0
1292	-1
1293	0
1294	0
1295	0
1296	0
1297	0
1298	0
1299	0
1300	0
1301	0
1302	0
1303	0
1304	0
1305	0
1306	-1
1307	-1
1308	-2
1309	0
1310	-1
1311	0
1312	-1
1313	-1
1314	0
1315	-2
1316	-1
1317	-2
1318	-1
1319	-2
1320	-2
1321	-2
1322	-1
1323	-1
1324	-2
1325	-1
1326	-2
1327	-2
1328	-3
1329	-1
1330	-3
1331	-2
1332	-3
1333	-2
1334	-2
1335	-2
1336	-1
1337	-2
1338	-2
1339	-2
1340	-2
1341	-3
1342	-3
1343	-3
1344	-2
1345	-3
1346	-4
1347	-2
1348	-3
1349	-2
1350	-2
1351	-1
1352	-3
1353	-1
1354	-2
1355	-1
1356	-2
1357	-2
1358	-1
1359	-2
1360	-3
1361	-2
1362	-3
1363	-2
1364	-3
1365	-2
1366	-3
1367	-3
1368	-3
1369	-3
1370	-4
1371	-3
1372	-2
1373	-3
1374	-2
1375	-3
1376	-3
1377	-3
1378	-3
1379	-3
1380	-3
1381	-3
1382	-3
1383	-2
1384	-3
1385	-3
1386	-5
1387	-3
1388	-3
1389	-2
1390	-4
1391	-4
1392	-3
1393	-3
1394	-2
1395	-3
1396	-2
1397	-2
1398	-3
1399	-1
1400	-3
1401	-2
1402	-3
1403	-2
1404	-2
1405	-1
1406	-3
1407	-1
1408	-2
1409	-2
1410	-1
1411	0
1412	-1
1413	0
1414	-1
1415	0
1416	-1
1417	-1
1418	0
1419	-1
1420	-1
1421	0
1422	-2
1423	0
1424	-2
1425	-1
1426	-2
1427	0
1428	-3
1429	-2
1430	-3
1431	-1
1432	-1
1433	-1
1434	-1
1435	-1
1436	-1
1437	-1
1438	-2
1439	-2
1440	-3
1441	-1
1442	-2
1443	-1
1444	-2
1445	-1
1446	-2
1447	-2
1448	-2
1449	-1
1450	-1
1451	-2
1452	-1
1453	-3
1454	-2
1455	-1
1456	-1
1457	-1
1458	-2
1459	-2
1460	-3
1461	-2
1462	-2
1463	-2
1464	-4
1465	-2
1466	-3
1467	-2
1468	-3
1469	-3
1470	-3
1471	-2
1472	-3
1473	-3
1474	-3
1475	-3
1476	-3
1477	-3
1478	-3
1479	-4
1480	-2
1481	-3
1482	-3
1483	-3
1484	-3
1485	-3
1486	-3
1487	-4
1488	-3
1489	-1
1490	-3
1491	-1
1492	-1
1493	-1
1494	-2
1495	-3
1496	-2
1497	-2
1498	-2
1499	-1
1500	0
1501	0
1502	0
1503	-1
1504	-1
1505	0
1506	0
1507	-1
1508	-1
1509	-1
1510	-1
1511	-1
1512	-1
1513	-1
1514	-1
1515	-1
1516	0
1517	-1
1518	-1
1519	-1
1520	-2
1521	-1
1522	-2
1523	0
1524	-2
1525	-1
1526	-1
1527	-1
1528	-2
1529	-2
1530	-3
1531	-1
1532	-1
1533	0
1534	-2
1535	-2
1536	-2
1537	-2
1538	-2
1539	-2
1540	-1
1541	-1
1542	-1
1543	-1
1544	-1
1545	-2
1546	-1
1547	-1
1548	-1
1549	-1
1550	-1
1551	-1
1552	0
1553	-1
1554	0
1555	-1
1556	-1
1557	-2
1558	-1
1559	-1
1560	-1
1561	0
1562	0
1563	-1
1564	0
1565	-2
1566	-1
1567	-1
1568	-2
1569	-1
1570	-1
1571	-1
1572	-1
1573	-1
1574	0
1575	-2
1576	-1
1577	-3
1578	-2
1579	-1
1580	-1
1581	-2
1582	-2
1583	0
1584	-1
1585	-1
1586	0
1587	-1
1588	-1
1589	-1
1590	-1
1591	-1
1592	-1
1593	-1
1594	0
1595	-2
1596	0
1597	-2
1598	0
1599	-1
1600	-2
1601	-1
1602	-1
1603	0
1604	0
1605	0
1606	-1
1607	0
1608	-1
1609	-1
1610	0
1611	0
1612	0
1613	0
1614	0
1615	-1
1616	0
1617	0
1618	-1
1619	0
1620	0
1621	0
1622	0
1623	1
1624	0
1625	1
1626	0
1627	0
1628	1
1629	1
1630	1
1631	1
1632	1
1633	1
1634	1
1635	0
1636	0
1637	2
1638	1
1639	1
1640	2
1641	2
1642	2
1643	2
1644	1
1645	2
1646	1
1647	2
1648	1
1649	3
1650	1
1651	2
1652	2
1653	1
1654	2
1655	1
1656	1
1657	2
1658	1
1659	2
1660	1
1661	1
1662	1
1663	1
1664	1
1665	1
1666	1
1667	2
1668	1
1669	1
1670	1
1671	1
1672	2
1673	1
1674	1
1675	2
1676	2
1677	2
1678	2
1679	3
1680	3
1681	3
1682	2
1683	2
1684	3
1685	2
1686	2
1687	1
1688	1
1689	2
1690	1
1691	1
1692	0
1693	1
1694	0
1695	1
1696	0
1697	0
1698	0
1699	0
1700	0
1701	0
1702	0
1703	0
1704	0
1705	0
1706	0
1707	0
1708	0
1709	0
1710	0
1711	0
1712	0
1713	0
1714	0
1715	0
1716	0
1717	0
1718	0
1719	0
1720	0
1721	0
1722	1
1723	0
1724	0
1725	0
1726	0
1727	0
1728	0
1729	0
1730	0
1731	0
1732	0
1733	0
1734	0
1735	0
1736	0
1737	0
1738	0
1739	0
1740	0
1741	0
1742	0
1743	0
1744	0
1745	0
1746	0
1747	1
1748	0
1749	0
1750	0
1751	0
1752	0
1753	0
1754	0
1755	0
1756	-1
1757	0
1758	-1
1759	-1
1760	0
1761	-1
1762	-1
1763	0
1764	0
1765	0
1766	-1
1767	0
1768	-1
1769	0
1770	-1
1771	0
1772	0
1773	0
1774	0
1775	0
1776	0
1777	0
1778	0
1779	0
1780	-1
1781	0
1782	0
1783	0
1784	-1
1785	-2
1786	-1
1787	-1
1788	-2
1789	0
1790	-1
1791	-1
1792	-1
1793	-1
1794	-1
1795	0
1796	-1
1797	0
1798	-1
1799	0
1800	-1
1801	-1
1802	-1
1803	-1
1804	-2
1805	0
1806	-1
1807	0
1808	-2
1809	0
1810	-2
1811	0
1812	0
1813	0
1814	0
1815	0
1816	0
1817	0
1818	0
1819	0
1820	-1
1821	0
1822	0
1823	0
1824	0
1825	0
1826	-1
1827	-1
1828	-1
1829	-1
1830	-1
1831	-1
1832	-1
1833	0
1834	0
1835	0
1836	0
1837	0
1838	0
1839	0
1840	0
1841	1
1842	0
1843	0
1844	0
1845	0
1846	0
1847	0
1848	0
1849	0
1850	1
1851	1
1852	0
1853	1
1854	0
1855	0
1856	0
1857	1
1858	0
1859	0
1860	0
1861	0
1862	0
1863	0
1864	0
1865	0
1866	0
1867	0
1868	0
1869	0
1870	0
1871	0
1872	0
1873	0
1874	0
1875	0
1876	-1
1877	0
1878	0
1879	0
1880	0
1881	0
1882	0
1883	0
1884	0
1885	0
1886	0
1887	0
1888	0
1889	0
1890	0
1891	1
1892	1
1893	0
1894	0
1895	0
1896	0
1897	0
1898	0
1899	0
1900	0
1901	0
1902	0
1903	0
1904	1
1905	0
1906	1
1907	0
1908	0
1909	0
1910	1
1911	0
1912	0
1913	0
1914	0
1915	0
1916	0
1917	0
1918	0
1919	0
1920	0
1921	0
1922	0
1923	0
1924	0
1925	0
1926	0
1927	0
1928	0
1929	0
1930	0
1931	0
1932	0
1933	0
1934	0
1935	0
1936	-1
1937	0
1938	-1
1939	-1
1940	0
1941	-1
1942	-1
1943	-1
1944	-1
1945	-1
1946	-1
1947	-1
1948	-2
1949	-1
1950	0
1951	-1
1952	-2
1953	-1
1954	-1
1955	-1
1956	-2
1957	-1
1958	-2
1959	-1
1960	-1
1961	-1
1962	-2
1963	-1
1964	-1
1965	-1
1966	-1
1967	-2
1968	-1
1969	-1
1970	-1
1971	-1
1972	-2
1973	-2
1974	-2
1975	-2
1976	-2
1977	-2
1978	-2
1979	-2
1980	-2
1981	-2
1982	-2
1983	-2
1984	-2
1985	-2
1986	-1
1987	-2
1988	-2
1989	-2
1990	-3
1991	-3
1992	-2
1993	-2
1994	-2
1995	-2
1996	-2
1997	-2
1998	-1
1999	-1
