0	0
1	0
2	0
3	0
4	0
5	0
6	0
7	0
8	0
9	0
10	0
11	0
12	0
13	0
14	0
15	0
16	0
17	0
18	0
19	0
20	0
21	0
22	0
23	0
24	0
25	0
26	0
27	0
28	0
29	0
30	0
31	1
32	0
33	0
34	0
35	0
36	0
37	0
38	0
39	0
40	0
41	0
42	0
43	0
44	0
45	0
46	0
47	0
48	0
49	0
50	0
51	0
52	0
53	0
54	0
55	0
56	0
57	0
58	0
59	0
60	0
61	0
62	0
63	0
64	0
65	1
66	0
67	0
68	0
69	0
70	0
71	0
72	0
73	0
74	0
75	0
76	0
77	0
78	0
79	0
80	0
81	0
82	1
83	0
84	1
85	0
86	0
87	0
88	0
89	0
90	0
91	0
92	0
93	0
94	0
95	0
96	0
97	0
98	0
99	1
100	0
101	0
102	0
103	0
104	0
105	0
106	0
107	0
108	0
109	0
110	0
111	0
112	0
113	0
114	0
115	0
116	0
117	0
118	0
119	0
120	0
121	0
122	0
123	0
124	0
125	0
126	0
127	0
128	0
129	0
130	0
131	0
132	0
133	0
134	0
135	0
136	0
137	0
138	0
139	0
140	0
141	0
142	0
143	0
144	0
145	0
146	0
147	0
148	0
149	0
150	0
151	0
152	-1
153	1
154	0
155	0
156	0
157	0
158	0
159	0
160	0
161	0
162	0
163	0
164	0
165	0
166	0
167	0
168	0
169	1
170	0
171	0
172	0
173	0
174	0
175	0
176	0
177	0
178	0
179	0
180	0
181	0
182	0
183	1
184	0
185	0
186	0
187	0
188	0
189	0
190	0
191	0
192	0
193	0
194	0
195	0
196	0
197	0
198	0
199	0
200	0
201	0
202	0
203	1
204	0
205	0
206	0
207	0
208	0
209	0
210	0
211	0
212	0
213	0
214	0
215	0
216	0
217	0
218	0
219	0
220	0
221	0
222	0
223	0
224	0
225	0
226	0
227	0
228	0
229	1
230	0
231	1
232	0
233	0
234	0
235	0
236	0
237	0
238	0
239	1
240	0
241	0
242	0
243	0
244	0
245	0
246	0
247	0
248	0
249	0
250	0
251	0
252	0
253	0
254	0
255	0
256	0
257	0
258	0
259	0
260	0
261	1
262	0
263	0
264	0
265	0
266	0
267	0
268	0
269	0
270	0
271	0
272	0
273	0
274	0
275	0
276	0
277	0
278	0
279	0
280	0
281	1
282	0
283	1
284	0
285	1
286	0
287	0
288	0
289	0
290	0
291	0
292	0
293	0
294	0
295	0
296	0
297	0
298	0
299	1
300	0
301	1
302	0
303	0
304	0
305	1
306	1
307	1
308	0
309	0
310	0
311	1
312	0
313	0
314	1
315	0
316	1
317	0
318	0
319	0
320	0
321	0
322	0
323	0
324	1
325	0
326	0
327	0
328	0
329	0
330	0
331	0
332	0
333	0
334	0
335	0
336	0
337	0
338	0
339	0
340	0
341	0
342	0
343	0
344	0
345	0
346	0
347	0
348	0
349	0
350	0
351	0
352	0
353	0
354	0
355	0
356	0
357	0
358	0
359	0
360	0
361	0
362	0
363	0
364	0
365	0
366	0
367	0
368	1
369	0
370	0
371	0
372	0
373	0
374	1
375	0
376	0
377	0
378	0
379	0
380	0
381	0
382	0
383	0
384	0
385	0
386	0
387	0
388	0
389	0
390	0
391	0
392	0
393	0
394	1
395	0
396	0
397	0
398	0
399	0
400	0
401	0
402	0
403	0
404	1
405	0
406	1
407	1
408	0
409	1
410	0
411	1
412	1
413	1
414	1
415	1
416	0
417	1
418	0
419	1
420	0
421	1
422	0
423	0
424	0
425	1
426	1
427	3
428	3
429	5
430	5
431	7
432	8
433	9
434	11
435	15
436	15
437	17
438	20
439	22
440	24
441	26
442	27
443	33
444	33
445	37
446	38
447	45
448	45
449	47
450	49
451	53
452	53
453	58
454	59
455	61
456	63
457	65
458	66
459	69
460	70
461	73
462	73
463	75
464	75
465	77
466	78
467	80
468	78
469	81
470	79
471	79
472	80
473	80
474	81
475	80
476	81
477	80
478	79
479	81
480	79
481	79
482	80
483	79
484	77
485	79
486	79
487	79
488	77
489	76
490	74
491	76
492	73
493	73
494	72
495	74
496	74
497	75
498	75
499	78
500	62
501	68
502	67
503	67
504	66
505	66
506	65
507	66
508	64
509	62
510	60
511	59
512	59
513	57
514	58
515	57
516	55
517	56
518	52
519	52
520	49
521	50
522	47
523	48
524	46
525	46
526	44
527	46
528	42
529	43
530	39
531	40
532	36
533	37
534	34
535	34
536	32
537	31
538	31
539	31
540	29
541	29
542	28
543	27
544	26
545	27
546	23
547	24
548	22
549	22
550	19
551	19
552	18
553	17
554	16
555	15
556	14
557	16
558	12
559	13
560	12
561	12
562	10
563	11
564	9
565	9
566	8
567	10
568	8
569	8
570	8
571	7
572	6
573	7
574	5
575	6
576	4
577	5
578	4
579	4
580	3
581	3
582	2
583	3
584	2
585	2
586	3
587	2
588	1
589	1
590	1
591	1
592	0
593	1
594	0
595	1
596	0
597	0
598	0
599	0
600	-2
601	0
602	0
603	-1
604	-1
605	0
606	0
607	0
608	-1
609	0
610	-2
611	0
612	0
613	0
614	-2
615	0
616	-1
617	-1
618	-1
619	0
620	0
621	0
622	-1
623	0
624	-3
625	-3
626	-2
627	-2
628	-3
629	-2
630	-2
631	0
632	-2
633	-1
634	-1
635	-2
636	-1
637	-3
638	-1
639	-2
640	-2
641	-3
642	-1
643	-2
644	-3
645	-2
646	-1
647	-2
648	-1
649	-2
650	-1
651	-2
652	-2
653	-1
654	-1
655	-1
656	-2
657	-2
658	0
659	-2
660	-1
661	0
662	-1
663	-1
664	-2
665	-3
666	-1
667	-2
668	-2
669	-2
670	-1
671	-1
672	-1
673	-1
674	-2
675	-1
676	-1
677	-2
678	-2
679	-2
680	-1
681	-2
682	-2
683	-1
684	-1
685	-1
686	-2
687	-2
688	-1
689	-1
690	-2
691	-2
692	-2
693	-2
694	-1
695	-1
696	-2
697	-1
698	-1
699	-1
700	-1
701	-1
702	-2
703	0
704	-1
705	-2
706	-1
707	-1
708	-2
709	-3
710	-3
711	-2
712	-4
713	-1
714	-3
715	-2
716	-3
717	-3
718	-3
719	-2
720	-2
721	-2
722	-4
723	-3
724	-3
725	-1
726	-2
727	-1
728	-3
729	-1
730	-3
731	-2
732	-2
733	-2
734	-3
735	-1
736	-2
737	-1
738	-3
739	0
740	-3
741	-2
742	-3
743	-2
744	-2
745	-2
746	-2
747	-1
748	-2
749	-3
750	-1
751	-3
752	-3
753	-1
754	-3
755	-2
756	-2
757	-2
758	-1
759	-2
760	-2
761	-1
762	-3
763	-1
764	-1
765	-1
766	-1
767	-1
768	-2
769	-2
770	-3
771	-2
772	-3
773	-3
774	-4
775	-3
776	-2
777	-3
778	-2
779	-3
780	-2
781	-2
782	-2
783	-2
784	-3
785	-4
786	-3
787	-3
788	-2
789	-3
790	-3
791	-2
792	-3
793	-3
794	-3
795	-2
796	-4
797	-4
798	-4
799	-3
800	-5
801	-4
802	-3
803	-4
804	-4
805	-4
806	-4
807	-4
808	-4
809	-4
810	-4
811	-2
812	-6
813	-3
814	-5
815	-3
816	-3
817	-1
818	-4
819	-1
820	-4
821	-2
822	-2
823	-1
824	-3
825	-2
826	-2
827	-2
828	-2
829	-3
830	-4
831	-2
832	-2
833	-3
834	-2
835	-2
836	-3
837	-3
838	-2
839	-4
840	-3
841	-3
842	-2
843	-3
844	-2
845	-2
846	-4
847	-3
848	-3
849	-3
850	-3
851	-3
852	-4
853	-3
854	-4
855	-3
856	-4
857	-3
858	-5
859	-4
860	-4
861	-2
862	-5
863	-4
864	-3
865	-3
866	-4
867	-4
868	-4
869	-4
870	-4
871	-3
872	-4
873	-2
874	-2
875	-2
876	-3
877	-2
878	-3
879	-2
880	-3
881	-2
882	-3
883	-1
884	-3
885	-2
886	-4
887	-1
888	-4
889	-3
890	-3
891	-2
892	-2
893	-3
894	-3
895	-2
896	-3
897	-3
898	-3
899	-2
900	-1
901	-4
902	-2
903	-5
904	-4
905	-1
906	-3
907	-4
908	-5
909	-3
910	-4
911	-2
912	-4
913	-1
914	-3
915	-2
916	-3
917	-3
918	-4
919	-1
920	-2
921	-2
922	-3
923	-2
924	-2
925	-3
926	-3
927	-3
928	-3
929	-3
930	-3
931	-3
932	-3
933	-3
934	-2
935	-4
936	-2
937	-3
938	-2
939	-4
940	-2
941	-3
942	-3
943	-3
944	-1
945	-3
946	-3
947	-3
948	-5
949	-2
950	-4
951	-4
952	-3
953	-3
954	-3
955	-1
956	-1
957	-3
958	-2
959	-1
960	-2
961	0
962	-3
963	0
964	-2
965	-1
966	0
967	-1
968	-1
969	0
970	-1
971	0
972	-1
973	0
974	-1
975	0
976	-1
977	0
978	-1
979	-1
980	-3
981	0
982	0
983	0
984	0
985	0
986	0
987	0
988	0
989	0
990	0
991	-1
992	0
993	-1
994	0
995	0
996	-1
997	0
998	0
999	0
1000	-1
1001	0
1002	-1
1003	0
1004	-1
1005	0
1006	-1
1007	-1
1008	-1
1009	0
1010	-2
1011	0
1012	-1
1013	-1
1014	-2
1015	-1
1016	-1
1017	-1
1018	-1
1019	0
1020	-1
1021	0
1022	-2
1023	-1
1024	-1
1025	-2
1026	0
1027	-1
1028	0
1029	0
1030	0
1031	0
1032	-1
1033	-1
1034	-2
1035	0
1036	-1
1037	0
1038	-2
1039	-2
1040	-2
1041	0
1042	-1
1043	-1
1044	-2
1045	-1
1046	-2
1047	-1
1048	0
1049	-3
1050	-3
1051	-1
1052	-2
1053	-2
1054	-2
1055	-1
1056	-2
1057	0
1058	-2
1059	-2
1060	-3
1061	-1
1062	-3
1063	0
1064	-2
1065	-1
1066	-1
1067	-1
1068	-2
1069	-1
1070	-2
1071	-1
1072	-2
1073	0
1074	0
1075	0
1076	-2
1077	-1
1078	-2
1079	-1
1080	-1
1081	-1
1082	-1
1083	-2
1084	-1
1085	-1
1086	-1
1087	-1
1088	-2
1089	-1
1090	0
1091	-1
1092	-1
1093	0
1094	-1
1095	-1
1096	-2
1097	-2
1098	-1
1099	-1
1100	-1
1101	-1
1102	-3
1103	-2
1104	-1
1105	-1
1106	-2
1107	-1
1108	-3
1109	-2
1110	-2
1111	-1
1112	0
1113	-1
1114	-2
1115	-1
1116	-1
1117	0
1118	-1
1119	0
1120	0
1121	0
1122	-2
1123	0
1124	-1
1125	0
1126	-1
1127	0
1128	-1
1129	0
1130	-1
1131	0
1132	0
1133	0
1134	0
1135	0
1136	0
1137	0
1138	-1
1139	0
1140	0
1141	0
1142	0
1143	0
1144	0
1145	0
1146	0
1147	0
1148	0
1149	-1
1150	-1
1151	-1
1152	0
1153	0
1154	-2
1155	0
1156	0
1157	0
1158	0
1159	-1
1160	0
1161	0
1162	0
1163	0
1164	0
1165	0
1166	0
1167	0
1168	0
1169	0
1170	-1
1171	0
1172	0
1173	0
1174	0
1175	0
1176	0
1177	0
1178	0
1179	0
1180	0
1181	0
1182	0
1183	0
1184	0
1185	0
1186	0
1187	0
1188	0
1189	-1
1190	-1
1191	0
1192	-1
1193	-1
1194	-1
1195	-1
1196	-1
1197	-1
1198	-2
1199	-1
1200	-3
1201	-2
1202	-2
1203	-2
1204	-1
1205	-3
1206	-2
1207	-2
1208	-2
1209	-1
1210	-2
1211	-2
1212	-2
1213	-1
1214	-2
1215	-2
1216	-1
1217	-1
1218	-2
1219	-1
1220	-2
1221	-2
1222	-1
1223	-2
1224	-1
1225	-1
1226	-1
1227	-1
1228	-3
1229	-1
1230	-2
1231	-2
1232	-2
1233	-3
1234	-1
1235	-2
1236	-2
1237	-1
1238	-2
1239	-2
1240	-2
1241	-2
1242	-2
1243	-2
1244	-1
1245	-1
1246	-2
1247	-2
1248	-3
1249	-1
1250	-3
1251	-1
1252	-1
1253	-1
1254	-2
1255	-2
1256	-3
1257	-2
1258	-2
1259	-1
1260	-1
1261	-1
1262	-1
1263	0
1264	-2
1265	-1
1266	-1
1267	-1
1268	-2
1269	-2
1270	-2
1271	-2
1272	-2
1273	-1
1274	-2
1275	0
1276	-1
1277	-1
1278	0
1279	0
1280	-2
1281	0
1282	0
1283	0
1284	0
1285	0
1286	0
1287	0
1288	0
1289	0
1290	0
1291	0
1292	0
1293	0
1294	0
1295	0
1296	-1
1297	0
1298	0
1299	0
1300	0
1301	0
1302	0
1303	-1
1304	0
1305	0
1306	0
1307	0
1308	0
1309	0
1310	0
1311	0
1312	0
1313	0
1314	-1
1315	0
1316	0
1317	0
1318	0
1319	0
1320	-1
1321	0
1322	0
1323	-1
1324	-1
1325	0
1326	-2
1327	0
1328	-1
1329	0
1330	0
1331	-1
1332	-1
1333	-1
1334	0
1335	-1
1336	0
1337	-2
1338	0
1339	-1
1340	0
1341	0
1342	0
1343	0
1344	0
1345	-1
1346	0
1347	0
1348	0
1349	-1
1350	0
1351	-1
1352	-1
1353	-1
1354	-1
1355	-1
1356	-2
1357	-1
1358	-1
1359	0
1360	-3
1361	-2
1362	-1
1363	-2
1364	-2
1365	-1
1366	-1
1367	-2
1368	-4
1369	-1
1370	-2
1371	-1
1372	-1
1373	0
1374	-1
1375	-1
1376	-3
1377	-1
1378	-2
1379	-1
1380	-2
1381	-1
1382	-1
1383	-2
1384	-2
1385	-1
1386	-2
1387	0
1388	-1
1389	0
1390	-1
1391	0
1392	-1
1393	0
1394	0
1395	0
1396	-1
1397	0
1398	-1
1399	0
1400	-1
1401	-1
1402	-1
1403	-1
1404	0
1405	0
1406	-1
1407	-2
1408	-1
1409	-1
1410	-2
1411	0
1412	-1
1413	-1
1414	-1
1415	0
1416	-2
1417	-1
1418	-2
1419	-1
1420	-1
1421	0
1422	-1
1423	0
1424	-1
1425	-2
1426	-2
1427	-1
1428	-1
1429	-1
1430	-1
1431	-1
1432	-1
1433	-1
1434	-2
1435	-2
1436	-1
1437	-1
1438	0
1439	-1
1440	0
1441	-1
1442	-2
1443	-1
1444	-1
1445	-1
1446	0
1447	-1
1448	0
1449	0
1450	0
1451	-1
1452	-1
1453	-1
1454	-2
1455	0
1456	-1
1457	0
1458	0
1459	-1
1460	-1
1461	-2
1462	-1
1463	0
1464	-1
1465	-1
1466	-2
1467	-1
1468	0
1469	0
1470	0
1471	0
1472	0
1473	0
1474	-1
1475	0
1476	-1
1477	0
1478	-1
1479	0
1480	0
1481	0
1482	0
1483	0
1484	0
1485	0
1486	-1
1487	0
1488	0
1489	0
1490	0
1491	0
1492	0
1493	0
1494	0
1495	0
1496	0
1497	0
1498	1
1499	0
1500	0
1501	0
1502	0
1503	1
1504	0
1505	0
1506	0
1507	0
1508	0
1509	0
1510	0
1511	0
1512	0
1513	0
1514	0
1515	0
1516	0
1517	0
1518	0
1519	0
1520	0
1521	0
1522	0
1523	0
1524	0
1525	0
1526	0
1527	0
1528	0
1529	1
1530	0
1531	0
1532	0
1533	1
1534	0
1535	0
1536	0
1537	0
1538	1
1539	0
1540	0
1541	0
1542	1
1543	1
1544	0
1545	0
1546	0
1547	0
1548	0
1549	1
1550	0
1551	0
1552	0
1553	0
1554	0
1555	0
1556	-1
1557	0
1558	0
1559	0
1560	0
1561	0
1562	0
1563	0
1564	-1
1565	0
1566	0
1567	0
1568	-1
1569	0
1570	-2
1571	-1
1572	-1
1573	-1
1574	-1
1575	0
1576	-1
1577	-1
1578	-2
1579	-2
1580	-1
1581	-1
1582	-1
1583	-1
1584	-2
1585	0
1586	-2
1587	-1
1588	0
1589	0
1590	-1
1591	-1
1592	-1
1593	0
1594	0
1595	0
1596	0
1597	-1
1598	-1
1599	0
1600	-1
1601	0
1602	0
1603	0
1604	0
1605	0
1606	0
1607	0
1608	0
1609	0
1610	0
1611	0
1612	0
1613	0
1614	0
1615	0
1616	0
1617	0
1618	0
1619	0
1620	0
1621	0
1622	0
1623	0
1624	0
1625	0
1626	0
1627	0
1628	0
1629	0
1630	0
1631	0
1632	0
1633	0
1634	0
1635	0
1636	0
1637	0
1638	0
1639	0
1640	0
1641	0
1642	0
1643	0
1644	0
1645	0
1646	0
1647	0
1648	0
1649	0
1650	0
1651	0
1652	0
1653	0
1654	0
1655	0
1656	0
1657	0
1658	0
1659	0
1660	-1
1661	0
1662	0
1663	0
1664	0
1665	0
1666	0
1667	-1
1668	0
1669	0
1670	0
1671	0
1672	0
1673	0
1674	0
1675	0
1676	0
1677	0
1678	0
1679	0
1680	0
1681	0
1682	0
1683	0
1684	0
1685	0
1686	-1
1687	0
1688	0
1689	0
1690	0
1691	0
1692	0
1693	0
1694	0
1695	0
1696	0
1697	0
1698	0
1699	0
1700	0
1701	0
1702	0
1703	0
1704	0
1705	0
1706	0
1707	0
1708	0
1709	0
1710	0
1711	0
1712	0
1713	0
1714	0
1715	0
1716	0
1717	0
1718	1
1719	1
1720	0
1721	1
1722	0
1723	1
1724	0
1725	1
1726	1
1727	1
1728	1
1729	1
1730	0
1731	2
1732	1
1733	1
1734	1
1735	1
1736	1
1737	0
1738	1
1739	1
1740	1
1741	1
1742	1
1743	1
1744	0
1745	0
1746	0
1747	0
1748	0
1749	1
1750	0
1751	0
1752	1
1753	1
1754	0
1755	1
1756	0
1757	1
1758	0
1759	1
1760	0
1761	1
1762	0
1763	1
1764	0
1765	0
1766	1
1767	0
1768	0
1769	1
1770	0
1771	0
1772	0
1773	1
1774	1
1775	0
1776	0
1777	0
1778	0
1779	1
1780	0
1781	0
1782	0
1783	0
1784	0
1785	0
1786	0
1787	0
1788	0
1789	0
1790	0
1791	0
1792	0
1793	0
1794	0
1795	0
1796	0
1797	0
1798	0
1799	0
1800	0
1801	-1
1802	0
1803	-1
1804	0
1805	-1
1806	0
1807	0
1808	-1
1809	0
1810	-1
1811	0
1812	-1
1813	0
1814	-1
1815	0
1816	-1
1817	0
1818	-1
1819	0
1820	0
1821	0
1822	0
1823	0
1824	0
1825	0
1826	0
1827	0
1828	0
1829	0
1830	0
1831	0
1832	0
1833	0
1834	0
1835	0
1836	0
1837	0
1838	0
1839	0
1840	0
1841	0
1842	0
1843	0
1844	0
1845	0
1846	0
1847	0
1848	0
1849	0
1850	0
1851	0
1852	0
1853	0
1854	0
1855	0
1856	0
1857	0
1858	0
1859	0
1860	0
1861	0
1862	0
1863	0
1864	-1
1865	0
1866	0
1867	0
1868	0
1869	-1
1870	-1
1871	-1
1872	-1
1873	-1
1874	0
1875	0
1876	0
1877	0
1878	0
1879	0
1880	0
1881	0
1882	0
1883	0
1884	0
1885	0
1886	0
1887	0
1888	0
1889	0
1890	0
1891	0
1892	0
1893	0
1894	0
1895	0
1896	0
1897	0
1898	0
1899	0
1900	0
1901	0
1902	0
1903	0
1904	0
1905	0
1906	0
1907	-1
1908	0
1909	0
1910	0
1911	0
1912	0
1913	0
1914	0
1915	0
1916	-1
1917	-1
1918	0
1919	-1
1920	-1
1921	-1
1922	0
1923	0
1924	0
1925	-1
1926	0
1927	0
1928	-1
1929	0
1930	-1
1931	0
1932	-1
1933	0
1934	-1
1935	0
1936	0
1937	0
1938	0
1939	0
1940	0
1941	0
1942	0
1943	0
1944	0
1945	0
1946	0
1947	0
1948	0
1949	0
1950	0
1951	0
1952	0
1953	0
1954	0
1955	0
1956	0
1957	0
1958	0
1959	0
1960	0
1961	0
1962	0
1963	0
1964	0
1965	0
1966	0
1967	0
1968	0
1969	0
1970	0
1971	0
1972	0
1973	0
1974	0
1975	0
1976	0
1977	0
1978	0
1979	0
1980	0
1981	0
1982	0
1983	0
1984	0
1985	0
1986	-1
1987	0
1988	0
1989	0
1990	-1
1991	0
1992	0
1993	-1
1994	0
1995	-1
1996	0
1997	0
1998	0
1999	0
