0	2
1	3
2	2
3	4
4	1
5	3
6	1
7	3
8	2
9	3
10	1
11	2
12	2
13	4
14	1
15	3
16	1
17	4
18	2
19	2
20	2
21	2
22	1
23	3
24	2
25	4
26	2
27	5
28	1
29	3
30	2
31	3
32	1
33	4
34	1
35	4
36	1
37	5
38	1
39	3
40	2
41	3
42	1
43	3
44	1
45	3
46	1
47	3
48	2
49	2
50	2
51	4
52	1
53	2
54	2
55	4
56	2
57	3
58	2
59	1
60	2
61	2
62	2
63	2
64	1
65	4
66	2
67	4
68	2
69	4
70	2
71	4
72	2
73	3
74	2
75	2
76	1
77	3
78	2
79	4
80	2
81	4
82	2
83	3
84	1
85	3
86	1
87	2
88	0
89	3
90	2
91	2
92	1
93	3
94	1
95	6
96	2
97	4
98	0
99	4
100	2
101	3
102	2
103	2
104	2
105	4
106	1
107	3
108	3
109	4
110	3
111	4
112	1
113	4
114	0
115	4
116	2
117	5
118	3
119	3
120	3
121	4
122	2
123	5
124	2
125	4
126	2
127	4
128	1
129	4
130	2
131	3
132	2
133	1
134	1
135	3
136	2
137	3
138	2
139	3
140	1
141	4
142	1
143	3
144	1
145	2
146	2
147	4
148	1
149	3
150	1
151	4
152	2
153	6
154	2
155	4
156	2
157	3
158	3
159	4
160	1
161	4
162	2
163	4
164	2
165	2
166	1
167	3
168	2
169	3
170	2
171	2
172	1
173	3
174	1
175	3
176	2
177	4
178	1
179	4
180	1
181	3
182	2
183	2
184	1
185	4
186	1
187	4
188	0
189	5
190	1
191	2
192	0
193	2
194	1
195	4
196	2
197	3
198	2
199	3
200	2
201	2
202	3
203	5
204	2
205	3
206	3
207	4
208	2
209	4
210	2
211	4
212	3
213	5
214	2
215	4
216	2
217	4
218	1
219	4
220	3
221	3
222	2
223	4
224	2
225	5
226	2
227	4
228	1
229	3
230	3
231	2
232	3
233	3
234	1
235	3
236	1
237	3
238	0
239	3
240	2
241	3
242	2
243	4
244	0
245	4
246	2
247	4
248	1
249	4
250	2
251	2
252	2
253	5
254	2
255	4
256	2
257	2
258	1
259	4
260	0
261	4
262	1
263	5
264	0
265	3
266	4
267	4
268	3
269	3
270	1
271	4
272	1
273	3
274	2
275	4
276	1
277	3
278	2
279	3
280	2
281	4
282	2
283	4
284	0
285	2
286	1
287	4
288	1
289	4
290	2
291	4
292	2
293	2
294	1
295	4
296	3
297	3
298	2
299	4
300	1
301	3
302	1
303	3
304	1
305	3
306	1
307	4
308	2
309	2
310	2
311	3
312	2
313	2
314	2
315	3
316	2
317	3
318	1
319	4
320	1
321	2
322	2
323	3
324	4
325	4
326	0
327	4
328	2
329	3
330	1
331	2
332	1
333	4
334	2
335	2
336	1
337	2
338	2
339	4
340	1
341	4
342	1
343	4
344	2
345	4
346	2
347	3
348	2
349	2
350	0
351	2
352	1
353	3
354	2
355	2
356	2
357	3
358	1
359	4
360	3
361	3
362	2
363	4
364	2
365	2
366	0
367	3
368	2
369	2
370	2
371	4
372	2
373	3
374	2
375	4
376	1
377	4
378	1
379	4
380	2
381	3
382	1
383	3
384	2
385	4
386	2
387	4
388	1
389	3
390	3
391	4
392	2
393	3
394	2
395	4
396	2
397	4
398	2
399	5
400	2
401	4
402	2
403	4
404	4
405	5
406	2
407	4
408	3
409	3
410	3
411	4
412	1
413	3
414	3
415	4
416	2
417	4
418	1
419	4
420	2
421	2
422	3
423	2
424	1
425	3
426	1
427	2
428	1
429	2
430	1
431	3
432	1
433	3
434	0
435	4
436	0
437	3
438	1
439	6
440	3
441	6
442	4
443	5
444	5
445	7
446	5
447	9
448	7
449	9
450	9
451	11
452	9
453	12
454	11
455	13
456	13
457	17
458	16
459	17
460	18
461	21
462	20
463	22
464	25
465	25
466	24
467	28
468	28
469	31
470	31
471	34
472	35
473	38
474	39
475	42
476	43
477	43
478	45
479	49
480	48
481	50
482	52
483	54
484	54
485	58
486	57
487	59
488	61
489	62
490	64
491	65
492	66
493	67
494	68
495	68
496	69
497	69
498	70
499	78
500	62
501	75
502	70
503	73
504	71
505	71
506	70
507	72
508	70
509	71
510	70
511	70
512	68
513	68
514	67
515	66
516	65
517	64
518	63
519	64
520	62
521	62
522	61
523	61
524	59
525	60
526	56
527	56
528	53
529	55
530	51
531	50
532	50
533	48
534	46
535	47
536	45
537	46
538	44
539	43
540	42
541	40
542	40
543	39
544	36
545	35
546	35
547	34
548	32
549	31
550	31
551	29
552	29
553	28
554	26
555	26
556	26
557	26
558	25
559	24
560	23
561	23
562	22
563	22
564	19
565	21
566	20
567	19
568	19
569	19
570	18
571	18
572	15
573	16
574	14
575	15
576	13
577	15
578	11
579	15
580	12
581	14
582	11
583	13
584	11
585	13
586	11
587	12
588	9
589	10
590	8
591	10
592	8
593	10
594	6
595	8
596	6
597	10
598	6
599	8
600	6
601	8
602	6
603	8
604	5
605	8
606	4
607	6
608	4
609	6
610	4
611	6
612	3
613	6
614	3
615	4
616	4
617	4
618	3
619	3
620	3
621	3
622	4
623	3
624	4
625	3
626	2
627	2
628	3
629	3
630	2
631	3
632	1
633	2
634	1
635	3
636	1
637	3
638	1
639	2
640	1
641	1
642	2
643	2
644	1
645	1
646	1
647	1
648	2
649	1
650	1
651	1
652	1
653	1
654	1
655	2
656	1
657	0
658	0
659	1
660	0
661	0
662	0
663	0
664	0
665	2
666	0
667	2
668	0
669	2
670	0
671	3
672	1
673	0
674	0
675	1
676	1
677	1
678	0
679	1
680	0
681	1
682	0
683	1
684	0
685	1
686	1
687	2
688	0
689	3
690	0
691	0
692	0
693	1
694	1
695	1
696	0
697	1
698	0
699	0
700	0
701	1
702	1
703	1
704	1
705	1
706	0
707	2
708	1
709	1
710	0
711	1
712	0
713	1
714	0
715	0
716	0
717	0
718	0
719	1
720	0
721	1
722	0
723	1
724	0
725	2
726	0
727	1
728	0
729	0
730	1
731	0
732	1
733	1
734	0
735	1
736	0
737	1
738	0
739	1
740	0
741	1
742	0
743	1
744	0
745	0
746	0
747	1
748	1
749	0
750	1
751	0
752	0
753	0
754	0
755	1
756	0
757	1
758	0
759	1
760	0
761	0
762	0
763	0
764	0
765	0
766	0
767	1
768	0
769	0
770	0
771	1
772	0
773	0
774	0
775	0
776	0
777	1
778	0
779	1
780	0
781	1
782	0
783	0
784	0
785	0
786	0
787	0
788	0
789	1
790	0
791	0
792	0
793	0
794	0
795	0
796	0
797	0
798	0
799	1
800	0
801	1
802	0
803	0
804	0
805	1
806	0
807	1
808	0
809	0
810	0
811	0
812	0
813	0
814	0
815	0
816	0
817	0
818	0
819	0
820	0
821	0
822	0
823	0
824	0
825	0
826	0
827	0
828	0
829	0
830	0
831	0
832	0
833	0
834	0
835	0
836	0
837	1
838	0
839	1
840	0
841	1
842	1
843	1
844	1
845	1
846	1
847	1
848	0
849	1
850	1
851	1
852	1
853	1
854	0
855	2
856	1
857	1
858	1
859	1
860	1
861	2
862	1
863	2
864	2
865	1
866	2
867	2
868	2
869	2
870	2
871	2
872	2
873	3
874	2
875	2
876	2
877	1
878	2
879	3
880	2
881	3
882	2
883	3
884	2
885	3
886	2
887	2
888	2
889	2
890	2
891	2
892	1
893	1
894	1
895	1
896	0
897	1
898	1
899	1
900	1
901	1
902	1
903	1
904	0
905	1
906	0
907	1
908	0
909	1
910	0
911	1
912	0
913	1
914	0
915	2
916	0
917	1
918	0
919	0
920	0
921	1
922	1
923	1
924	0
925	0
926	0
927	0
928	0
929	1
930	0
931	0
932	0
933	0
934	0
935	1
936	0
937	0
938	0
939	0
940	0
941	0
942	0
943	1
944	0
945	1
946	0
947	1
948	0
949	0
950	0
951	0
952	0
953	1
954	0
955	1
956	0
957	1
958	0
959	2
960	1
961	1
962	1
963	1
964	1
965	1
966	2
967	1
968	1
969	1
970	1
971	1
972	2
973	1
974	1
975	2
976	1
977	1
978	1
979	1
980	1
981	1
982	1
983	1
984	1
985	2
986	1
987	1
988	1
989	1
990	1
991	2
992	0
993	2
994	0
995	2
996	1
997	2
998	0
999	1
1000	1
1001	3
1002	2
1003	1
1004	2
1005	1
1006	2
1007	2
1008	1
1009	3
1010	1
1011	2
1012	1
1013	2
1014	1
1015	3
1016	1
1017	2
1018	1
1019	3
1020	2
1021	4
1022	2
1023	2
1024	2
1025	2
1026	2
1027	2
1028	2
1029	3
1030	2
1031	3
1032	2
1033	3
1034	2
1035	3
1036	2
1037	3
1038	2
1039	3
1040	2
1041	2
1042	2
1043	2
1044	2
1045	2
1046	2
1047	4
1048	3
1049	3
1050	3
1051	3
1052	2
1053	4
1054	2
1055	3
1056	2
1057	3
1058	2
1059	3
1060	2
1061	3
1062	2
1063	3
1064	2
1065	2
1066	2
1067	2
1068	2
1069	3
1070	2
1071	3
1072	2
1073	3
1074	2
1075	3
1076	2
1077	3
1078	2
1079	3
1080	3
1081	3
1082	2
1083	3
1084	1
1085	3
1086	1
1087	2
1088	1
1089	1
1090	0
1091	2
1092	1
1093	3
1094	1
1095	1
1096	1
1097	1
1098	1
1099	1
1100	0
1101	1
1102	1
1103	1
1104	1
1105	1
1106	1
1107	1
1108	0
1109	1
1110	0
1111	1
1112	1
1113	0
1114	1
1115	1
1116	0
1117	1
1118	0
1119	0
1120	0
1121	0
1122	0
1123	0
1124	0
1125	0
1126	0
1127	1
1128	0
1129	0
1130	0
1131	0
1132	0
1133	1
1134	0
1135	0
1136	0
1137	0
1138	0
1139	1
1140	0
1141	0
1142	0
1143	0
1144	0
1145	0
1146	0
1147	0
1148	0
1149	0
1150	0
1151	0
1152	0
1153	0
1154	0
1155	1
1156	0
1157	1
1158	0
1159	0
1160	0
1161	1
1162	0
1163	0
1164	0
1165	1
1166	0
1167	1
1168	0
1169	1
1170	0
1171	0
1172	0
1173	0
1174	0
1175	0
1176	0
1177	1
1178	0
1179	0
1180	0
1181	0
1182	0
1183	0
1184	0
1185	0
1186	0
1187	0
1188	0
1189	0
1190	0
1191	1
1192	0
1193	0
1194	0
1195	0
1196	0
1197	0
1198	0
1199	0
1200	0
1201	0
1202	0
1203	0
1204	0
1205	0
1206	0
1207	0
1208	0
1209	0
1210	0
1211	0
1212	0
1213	0
1214	0
1215	0
1216	0
1217	0
1218	0
1219	0
1220	0
1221	0
1222	0
1223	0
1224	0
1225	0
1226	0
1227	1
1228	0
1229	0
1230	0
1231	0
1232	0
1233	0
1234	0
1235	0
1236	0
1237	0
1238	0
1239	0
1240	0
1241	0
1242	0
1243	0
1244	0
1245	0
1246	0
1247	0
1248	0
1249	0
1250	0
1251	0
1252	0
1253	0
1254	0
1255	1
1256	0
1257	0
1258	0
1259	0
1260	0
1261	1
1262	0
1263	1
1264	0
1265	1
1266	0
1267	0
1268	1
1269	0
1270	1
1271	0
1272	0
1273	0
1274	1
1275	1
1276	1
1277	1
1278	1
1279	0
1280	0
1281	1
1282	0
1283	1
1284	0
1285	1
1286	1
1287	2
1288	1
1289	1
1290	1
1291	1
1292	1
1293	1
1294	1
1295	1
1296	1
1297	2
1298	1
1299	2
1300	1
1301	2
1302	1
1303	1
1304	1
1305	1
1306	2
1307	2
1308	1
1309	2
1310	1
1311	1
1312	1
1313	1
1314	2
1315	2
1316	1
1317	2
1318	1
1319	1
1320	1
1321	2
1322	1
1323	1
1324	1
1325	1
1326	3
1327	2
1328	2
1329	1
1330	1
1331	2
1332	1
1333	2
1334	2
1335	2
1336	1
1337	1
1338	1
1339	2
1340	1
1341	1
1342	1
1343	2
1344	1
1345	2
1346	1
1347	1
1348	1
1349	1
1350	0
1351	1
1352	1
1353	2
1354	1
1355	1
1356	1
1357	2
1358	1
1359	2
1360	1
1361	1
1362	2
1363	2
1364	0
1365	2
1366	1
1367	2
1368	1
1369	2
1370	1
1371	1
1372	1
1373	2
1374	1
1375	1
1376	1
1377	1
1378	1
1379	1
1380	0
1381	1
1382	0
1383	1
1384	0
1385	0
1386	0
1387	1
1388	1
1389	2
1390	0
1391	1
1392	1
1393	1
1394	0
1395	0
1396	0
1397	1
1398	0
1399	1
1400	1
1401	1
1402	0
1403	0
1404	0
1405	0
1406	0
1407	1
1408	0
1409	0
1410	0
1411	0
1412	0
1413	1
1414	0
1415	0
1416	0
1417	1
1418	0
1419	0
1420	1
1421	1
1422	1
1423	1
1424	0
1425	2
1426	0
1427	0
1428	0
1429	0
1430	1
1431	0
1432	0
1433	0
1434	0
1435	0
1436	0
1437	0
1438	0
1439	0
1440	0
1441	0
1442	0
1443	0
1444	0
1445	1
1446	1
1447	0
1448	1
1449	1
1450	0
1451	0
1452	0
1453	0
1454	0
1455	0
1456	0
1457	0
1458	0
1459	1
1460	0
1461	0
1462	0
1463	1
1464	1
1465	1
1466	0
1467	1
1468	0
1469	1
1470	0
1471	2
1472	0
1473	1
1474	0
1475	1
1476	0
1477	1
1478	0
1479	1
1480	0
1481	1
1482	0
1483	1
1484	0
1485	0
1486	0
1487	0
1488	0
1489	0
1490	0
1491	1
1492	0
1493	0
1494	0
1495	0
1496	0
1497	0
1498	0
1499	0
1500	0
1501	1
1502	0
1503	0
1504	0
1505	0
1506	0
1507	0
1508	0
1509	0
1510	0
1511	0
1512	0
1513	1
1514	0
1515	0
1516	0
1517	0
1518	0
1519	1
1520	0
1521	0
1522	0
1523	0
1524	0
1525	1
1526	0
1527	0
1528	0
1529	0
1530	0
1531	1
1532	0
1533	1
1534	0
1535	0
1536	0
1537	1
1538	0
1539	0
1540	1
1541	0
1542	0
1543	0
1544	0
1545	1
1546	0
1547	0
1548	0
1549	1
1550	0
1551	1
1552	0
1553	0
1554	0
1555	0
1556	0
1557	1
1558	0
1559	0
1560	0
1561	0
1562	0
1563	0
1564	0
1565	0
1566	0
1567	0
1568	0
1569	0
1570	0
1571	0
1572	0
1573	0
1574	0
1575	0
1576	0
1577	0
1578	0
1579	0
1580	1
1581	0
1582	0
1583	0
1584	0
1585	0
1586	0
1587	0
1588	0
1589	1
1590	0
1591	1
1592	0
1593	1
1594	0
1595	0
1596	0
1597	0
1598	0
1599	1
1600	0
1601	0
1602	0
1603	0
1604	0
1605	0
1606	0
1607	1
1608	0
1609	1
1610	0
1611	2
1612	0
1613	2
1614	0
1615	2
1616	0
1617	0
1618	0
1619	1
1620	0
1621	0
1622	0
1623	1
1624	1
1625	0
1626	0
1627	1
1628	0
1629	1
1630	1
1631	0
1632	0
1633	1
1634	0
1635	1
1636	0
1637	1
1638	0
1639	1
1640	0
1641	1
1642	0
1643	0
1644	0
1645	1
1646	0
1647	1
1648	0
1649	0
1650	0
1651	1
1652	0
1653	1
1654	1
1655	2
1656	0
1657	0
1658	0
1659	1
1660	1
1661	1
1662	0
1663	1
1664	0
1665	0
1666	0
1667	1
1668	1
1669	2
1670	0
1671	1
1672	1
1673	2
1674	1
1675	1
1676	0
1677	2
1678	0
1679	1
1680	0
1681	1
1682	0
1683	0
1684	0
1685	0
1686	0
1687	0
1688	0
1689	0
1690	0
1691	1
1692	0
1693	0
1694	0
1695	0
1696	0
1697	0
1698	0
1699	1
1700	0
1701	1
1702	0
1703	1
1704	0
1705	0
1706	0
1707	0
1708	0
1709	1
1710	0
1711	2
1712	0
1713	1
1714	0
1715	0
1716	0
1717	0
1718	0
1719	0
1720	0
1721	1
1722	0
1723	1
1724	0
1725	0
1726	0
1727	0
1728	0
1729	1
1730	0
1731	1
1732	0
1733	1
1734	0
1735	0
1736	0
1737	1
1738	1
1739	1
1740	0
1741	0
1742	1
1743	2
1744	1
1745	1
1746	1
1747	1
1748	2
1749	1
1750	1
1751	1
1752	0
1753	1
1754	0
1755	0
1756	1
1757	1
1758	0
1759	2
1760	0
1761	2
1762	0
1763	1
1764	0
1765	0
1766	0
1767	2
1768	0
1769	1
1770	0
1771	1
1772	0
1773	1
1774	0
1775	1
1776	0
1777	1
1778	1
1779	0
1780	0
1781	0
1782	0
1783	1
1784	0
1785	1
1786	0
1787	0
1788	0
1789	0
1790	1
1791	1
1792	0
1793	0
1794	0
1795	0
1796	0
1797	1
1798	0
1799	1
1800	0
1801	1
1802	0
1803	1
1804	0
1805	1
1806	1
1807	1
1808	0
1809	1
1810	1
1811	1
1812	0
1813	1
1814	0
1815	0
1816	0
1817	1
1818	0
1819	0
1820	0
1821	1
1822	0
1823	1
1824	0
1825	1
1826	1
1827	1
1828	0
1829	0
1830	0
1831	1
1832	0
1833	2
1834	0
1835	1
1836	0
1837	0
1838	0
1839	1
1840	0
1841	1
1842	0
1843	1
1844	1
1845	0
1846	1
1847	0
1848	0
1849	1
1850	0
1851	0
1852	0
1853	0
1854	0
1855	0
1856	1
1857	0
1858	0
1859	0
1860	1
1861	0
1862	0
1863	2
1864	0
1865	1
1866	0
1867	1
1868	0
1869	1
1870	0
1871	1
1872	1
1873	1
1874	0
1875	1
1876	1
1877	0
1878	1
1879	1
1880	0
1881	1
1882	0
1883	1
1884	0
1885	1
1886	0
1887	0
1888	0
1889	1
1890	0
1891	1
1892	0
1893	1
1894	0
1895	1
1896	0
1897	1
1898	0
1899	1
1900	0
1901	0
1902	1
1903	1
1904	0
1905	0
1906	0
1907	0
1908	0
1909	1
1910	0
1911	1
1912	1
1913	2
1914	0
1915	1
1916	0
1917	2
1918	0
1919	1
1920	0
1921	0
1922	0
1923	1
1924	0
1925	0
1926	0
1927	0
1928	0
1929	1
1930	0
1931	1
1932	1
1933	0
1934	0
1935	1
1936	1
1937	1
1938	0
1939	0
1940	0
1941	1
1942	0
1943	1
1944	0
1945	2
1946	0
1947	1
1948	0
1949	2
1950	0
1951	2
1952	0
1953	1
1954	0
1955	1
1956	0
1957	1
1958	1
1959	2
1960	0
1961	0
1962	0
1963	0
1964	0
1965	0
1966	0
1967	0
1968	0
1969	0
1970	0
1971	1
1972	0
1973	1
1974	0
1975	1
1976	1
1977	1
1978	0
1979	1
1980	1
1981	1
1982	0
1983	1
1984	0
1985	0
1986	1
1987	0
1988	0
1989	1
1990	0
1991	1
1992	0
1993	0
1994	0
1995	1
1996	0
1997	0
1998	0
1999	1
