0	0
1	0
2	1
3	0
4	0
5	0
6	0
7	1
8	0
9	0
10	0
11	0
12	0
13	0
14	0
15	1
16	1
17	0
18	0
19	1
20	0
21	0
22	0
23	0
24	0
25	1
26	1
27	1
28	1
29	1
30	1
31	0
32	1
33	0
34	0
35	1
36	0
37	1
38	0
39	0
40	0
41	0
42	0
43	0
44	0
45	0
46	0
47	0
48	0
49	0
50	0
51	0
52	0
53	0
54	0
55	0
56	0
57	0
58	0
59	0
60	0
61	0
62	0
63	0
64	0
65	0
66	0
67	0
68	0
69	1
70	0
71	1
72	0
73	0
74	0
75	0
76	0
77	0
78	0
79	0
80	0
81	0
82	0
83	0
84	1
85	1
86	1
87	0
88	1
89	0
90	0
91	0
92	1
93	0
94	0
95	1
96	0
97	0
98	0
99	0
100	0
101	0
102	0
103	0
104	0
105	0
106	0
107	0
108	0
109	0
110	0
111	0
112	0
113	0
114	0
115	0
116	0
117	0
118	0
119	0
120	0
121	0
122	0
123	0
124	0
125	0
126	0
127	1
128	0
129	0
130	0
131	1
132	0
133	0
134	0
135	0
136	0
137	0
138	1
139	0
140	0
141	1
142	1
143	1
144	1
145	1
146	1
147	1
148	0
149	0
150	0
151	1
152	0
153	2
154	0
155	0
156	0
157	0
158	0
159	1
160	1
161	1
162	0
163	0
164	0
165	1
166	0
167	0
168	0
169	0
170	0
171	0
172	0
173	0
174	0
175	0
176	0
177	0
178	0
179	0
180	0
181	0
182	0
183	0
184	0
185	0
186	-1
187	0
188	0
189	1
190	0
191	0
192	0
193	0
194	0
195	0
196	0
197	0
198	0
199	0
200	0
201	0
202	0
203	0
204	0
205	0
206	0
207	1
208	0
209	1
210	0
211	0
212	0
213	0
214	0
215	1
216	1
217	0
218	0
219	1
220	0
221	1
222	0
223	0
224	1
225	0
226	0
227	1
228	0
229	1
230	0
231	0
232	0
233	0
234	1
235	0
236	1
237	0
238	0
239	0
240	0
241	0
242	0
243	0
244	0
245	0
246	0
247	0
248	0
249	0
250	0
251	0
252	0
253	0
254	0
255	0
256	0
257	0
258	0
259	0
260	0
261	0
262	0
263	0
264	0
265	0
266	0
267	0
268	0
269	0
270	0
271	0
272	0
273	0
274	0
275	0
276	0
277	0
278	0
279	1
280	0
281	0
282	0
283	0
284	0
285	1
286	0
287	0
288	0
289	0
290	0
291	1
292	0
293	0
294	0
295	0
296	0
297	0
298	0
299	0
300	0
301	1
302	0
303	0
304	0
305	0
306	0
307	1
308	0
309	1
310	0
311	0
312	0
313	1
314	0
315	0
316	0
317	0
318	0
319	0
320	0
321	0
322	0
323	0
324	0
325	0
326	0
327	0
328	0
329	0
330	0
331	0
332	0
333	0
334	0
335	0
336	0
337	0
338	0
339	1
340	0
341	0
342	0
343	0
344	0
345	0
346	0
347	0
348	0
349	0
350	0
351	0
352	0
353	0
354	0
355	0
356	0
357	0
358	0
359	0
360	0
361	0
362	0
363	0
364	0
365	0
366	0
367	0
368	0
369	0
370	0
371	0
372	0
373	0
374	0
375	0
376	0
377	0
378	0
379	0
380	0
381	0
382	0
383	0
384	0
385	0
386	0
387	0
388	0
389	0
390	1
391	0
392	0
393	0
394	0
395	1
396	1
397	1
398	0
399	1
400	1
401	0
402	0
403	1
404	0
405	1
406	0
407	0
408	0
409	0
410	0
411	0
412	0
413	0
414	0
415	0
416	0
417	0
418	0
419	0
420	0
421	0
422	1
423	2
424	2
425	4
426	4
427	7
428	9
429	11
430	13
431	17
432	17
433	22
434	22
435	28
436	30
437	34
438	37
439	40
440	42
441	47
442	51
443	54
444	57
445	62
446	64
447	67
448	70
449	74
450	75
451	79
452	81
453	84
454	85
455	90
456	90
457	92
458	94
459	96
460	96
461	99
462	100
463	100
464	103
465	102
466	104
467	103
468	104
469	103
470	104
471	103
472	102
473	103
474	101
475	100
476	100
477	99
478	97
479	96
480	95
481	94
482	95
483	92
484	91
485	90
486	87
487	86
488	85
489	85
490	84
491	82
492	80
493	79
494	77
495	75
496	75
497	76
498	76
499	78
500	62
501	69
502	65
503	65
504	63
505	65
506	62
507	61
508	58
509	57
510	54
511	54
512	53
513	53
514	52
515	51
516	47
517	47
518	43
519	44
520	42
521	43
522	41
523	41
524	38
525	39
526	35
527	35
528	33
529	31
530	31
531	29
532	28
533	28
534	26
535	27
536	26
537	25
538	23
539	23
540	23
541	23
542	21
543	21
544	18
545	18
546	17
547	15
548	14
549	13
550	11
551	11
552	9
553	10
554	9
555	9
556	7
557	8
558	6
559	5
560	6
561	6
562	5
563	4
564	4
565	5
566	3
567	4
568	2
569	3
570	3
571	1
572	0
573	3
574	1
575	2
576	0
577	1
578	-1
579	1
580	0
581	0
582	0
583	0
584	0
585	0
586	0
587	-2
588	-2
589	-2
590	-1
591	-1
592	-1
593	-1
594	-1
595	-1
596	-2
597	-1
598	-3
599	-2
600	-3
601	-3
602	-3
603	-3
604	-4
605	-5
606	-4
607	-3
608	-4
609	-5
610	-5
611	-5
612	-4
613	-4
614	-4
615	-6
616	-5
617	-4
618	-4
619	-3
620	-6
621	-5
622	-5
623	-4
624	-5
625	-4
626	-4
627	-4
628	-4
629	-3
630	-5
631	-4
632	-4
633	-4
634	-5
635	-3
636	-5
637	-3
638	-5
639	-4
640	-5
641	-4
642	-6
643	-4
644	-4
645	-5
646	-5
647	-5
648	-6
649	-5
650	-5
651	-4
652	-5
653	-3
654	-6
655	-4
656	-6
657	-4
658	-5
659	-3
660	-5
661	-4
662	-4
663	-4
664	-5
665	-4
666	-4
667	-4
668	-4
669	-2
670	-4
671	-4
672	-4
673	-5
674	-4
675	-4
676	-5
677	-4
678	-7
679	-6
680	-5
681	-4
682	-5
683	-4
684	-5
685	-5
686	-5
687	-4
688	-5
689	-6
690	-6
691	-6
692	-7
693	-4
694	-6
695	-4
696	-7
697	-5
698	-4
699	-5
700	-5
701	-4
702	-5
703	-4
704	-6
705	-5
706	-6
707	-6
708	-4
709	-5
710	-6
711	-4
712	-5
713	-5
714	-4
715	-6
716	-5
717	-5
718	-6
719	-6
720	-7
721	-5
722	-7
723	-3
724	-7
725	-5
726	-6
727	-5
728	-5
729	-6
730	-5
731	-6
732	-5
733	-5
734	-6
735	-3
736	-5
737	-6
738	-6
739	-7
740	-5
741	-5
742	-6
743	-5
744	-6
745	-4
746	-4
747	-4
748	-6
749	-6
750	-7
751	-4
752	-7
753	-5
754	-7
755	-5
756	-7
757	-5
758	-5
759	-5
760	-6
761	-5
762	-4
763	-6
764	-4
765	-7
766	-5
767	-6
768	-5
769	-6
770	-5
771	-6
772	-6
773	-6
774	-7
775	-7
776	-7
777	-6
778	-6
779	-6
780	-7
781	-6
782	-6
783	-6
784	-6
785	-7
786	-5
787	-5
788	-8
789	-6
790	-7
791	-8
792	-7
793	-5
794	-7
795	-8
796	-8
797	-8
798	-9
799	-8
800	-7
801	-7
802	-6
803	-6
804	-6
805	-7
806	-7
807	-6
808	-6
809	-5
810	-6
811	-5
812	-6
813	-6
814	-6
815	-5
816	-6
817	-5
818	-6
819	-6
820	-6
821	-5
822	-4
823	-5
824	-6
825	-7
826	-7
827	-6
828	-7
829	-5
830	-7
831	-6
832	-7
833	-5
834	-6
835	-5
836	-7
837	-4
838	-7
839	-5
840	-5
841	-3
842	-7
843	-6
844	-8
845	-6
846	-6
847	-6
848	-7
849	-6
850	-6
851	-7
852	-6
853	-5
854	-5
855	-5
856	-6
857	-6
858	-6
859	-5
860	-5
861	-5
862	-6
863	-6
864	-4
865	-4
866	-4
867	-5
868	-4
869	-6
870	-3
871	-3
872	-3
873	-4
874	-5
875	-5
876	-6
877	-4
878	-4
879	-3
880	-4
881	-3
882	-4
883	-5
884	-6
885	-4
886	-5
887	-4
888	-7
889	-5
890	-6
891	-6
892	-5
893	-4
894	-5
895	-4
896	-7
897	-4
898	-6
899	-5
900	-7
901	-5
902	-6
903	-6
904	-7
905	-5
906	-6
907	-6
908	-6
909	-6
910	-7
911	-5
912	-9
913	-6
914	-6
915	-7
916	-5
917	-6
918	-6
919	-5
920	-7
921	-5
922	-6
923	-6
924	-6
925	-5
926	-5
927	-5
928	-7
929	-5
930	-6
931	-5
932	-6
933	-5
934	-7
935	-5
936	-7
937	-4
938	-6
939	-6
940	-7
941	-5
942	-7
943	-6
944	-8
945	-5
946	-8
947	-6
948	-6
949	-6
950	-7
951	-5
952	-6
953	-5
954	-5
955	-6
956	-5
957	-4
958	-4
959	-4
960	-4
961	-4
962	-5
963	-4
964	-5
965	-4
966	-4
967	-3
968	-4
969	-3
970	-6
971	-4
972	-5
973	-2
974	-5
975	-3
976	-4
977	-4
978	-4
979	-4
980	-4
981	-3
982	-4
983	-3
984	-6
985	-3
986	-4
987	-2
988	-4
989	-3
990	-4
991	-2
992	-6
993	-3
994	-4
995	-2
996	-5
997	-3
998	-5
999	-4
1000	-4
1001	-4
1002	-4
1003	-4
1004	-5
1005	-3
1006	-4
1007	-3
1008	-4
1009	-4
1010	-3
1011	-3
1012	-4
1013	-2
1014	-5
1015	-3
1016	-5
1017	-4
1018	-3
1019	-4
1020	-3
1021	-2
1022	-4
1023	-1
1024	-4
1025	-3
1026	-4
1027	-3
1028	-4
1029	-4
1030	-3
1031	-1
1032	-2
1033	-2
1034	-3
1035	-2
1036	-3
1037	-3
1038	-4
1039	-2
1040	-3
1041	-4
1042	-2
1043	-4
1044	-3
1045	-3
1046	-3
1047	-3
1048	-2
1049	-3
1050	-3
1051	-2
1052	-3
1053	-2
1054	-4
1055	-3
1056	-3
1057	-4
1058	-3
1059	-3
1060	-4
1061	-2
1062	-5
1063	-3
1064	-5
1065	-2
1066	-4
1067	-2
1068	-5
1069	-4
1070	-7
1071	-5
1072	-5
1073	-3
1074	-6
1075	-3
1076	-5
1077	-3
1078	-5
1079	-2
1080	-4
1081	-5
1082	-3
1083	-2
1084	-3
1085	-3
1086	-3
1087	-4
1088	-3
1089	-3
1090	-4
1091	-3
1092	-4
1093	-4
1094	-3
1095	-4
1096	-4
1097	-4
1098	-3
1099	-2
1100	-4
1101	-3
1102	-3
1103	-1
1104	-2
1105	-3
1106	-3
1107	-2
1108	-2
1109	-2
1110	-1
1111	-1
1112	-2
1113	-1
1114	-3
1115	-2
1116	-1
1117	-1
1118	-2
1119	0
1120	0
1121	-2
1122	-3
1123	-2
1124	-3
1125	-2
1126	-3
1127	-1
1128	-3
1129	-2
1130	-4
1131	-1
1132	-3
1133	-2
1134	-2
1135	-1
1136	-2
1137	-1
1138	-3
1139	-1
1140	-3
1141	-2
1142	-2
1143	-3
1144	-1
1145	-1
1146	-1
1147	-2
1148	-2
1149	-2
1150	-2
1151	-1
1152	-2
1153	-1
1154	-2
1155	-1
1156	-2
1157	-1
1158	-2
1159	-2
1160	-3
1161	-3
1162	-3
1163	-3
1164	-2
1165	-1
1166	-3
1167	0
1168	-1
1169	-1
1170	-1
1171	0
1172	-2
1173	-1
1174	-4
1175	-1
1176	-4
1177	0
1178	-1
1179	-1
1180	-1
1181	0
1182	-2
1183	-1
1184	-1
1185	-1
1186	-1
1187	-1
1188	-1
1189	-2
1190	-3
1191	-2
1192	-2
1193	-2
1194	-2
1195	-3
1196	-2
1197	-3
1198	-3
1199	-2
1200	-4
1201	-2
1202	-3
1203	-2
1204	-1
1205	0
1206	-2
1207	-2
1208	-2
1209	-3
1210	-1
1211	-1
1212	-1
1213	-1
1214	0
1215	-1
1216	-1
1217	-1
1218	-1
1219	-1
1220	0
1221	0
1222	-2
1223	0
1224	-1
1225	-3
1226	-1
1227	-1
1228	-2
1229	0
1230	-2
1231	-1
1232	-2
1233	0
1234	-2
1235	-2
1236	-2
1237	-2
1238	-2
1239	-1
1240	-1
1241	-2
1242	-1
1243	0
1244	0
1245	-1
1246	0
1247	-1
1248	0
1249	-1
1250	-1
1251	-1
1252	0
1253	0
1254	-1
1255	0
1256	-1
1257	-1
1258	-2
1259	0
1260	-1
1261	0
1262	0
1263	0
1264	-1
1265	-1
1266	0
1267	0
1268	-1
1269	-1
1270	-1
1271	0
1272	-1
1273	-2
1274	-2
1275	-1
1276	-1
1277	-1
1278	-1
1279	-1
1280	-1
1281	0
1282	0
1283	0
1284	0
1285	-1
1286	-1
1287	-1
1288	-1
1289	-1
1290	-1
1291	-1
1292	-1
1293	0
1294	-1
1295	-1
1296	-1
1297	-1
1298	-1
1299	-1
1300	-2
1301	0
1302	-2
1303	-2
1304	0
1305	-1
1306	-1
1307	-1
1308	0
1309	0
1310	-1
1311	-1
1312	-1
1313	-1
1314	-1
1315	-2
1316	-1
1317	-1
1318	-1
1319	-1
1320	0
1321	-1
1322	-1
1323	-1
1324	-1
1325	0
1326	-1
1327	0
1328	-1
1329	0
1330	-1
1331	0
1332	0
1333	0
1334	0
1335	0
1336	0
1337	-1
1338	-1
1339	0
1340	-1
1341	0
1342	0
1343	0
1344	0
1345	0
1346	0
1347	0
1348	0
1349	0
1350	0
1351	0
1352	0
1353	0
1354	0
1355	0
1356	0
1357	0
1358	0
1359	0
1360	0
1361	0
1362	0
1363	0
1364	-1
1365	0
1366	0
1367	0
1368	-1
1369	0
1370	0
1371	0
1372	-1
1373	0
1374	0
1375	0
1376	0
1377	0
1378	-1
1379	0
1380	0
1381	0
1382	-1
1383	0
1384	0
1385	0
1386	0
1387	0
1388	0
1389	0
1390	0
1391	0
1392	0
1393	0
1394	0
1395	0
1396	0
1397	0
1398	0
1399	0
1400	0
1401	0
1402	0
1403	0
1404	0
1405	0
1406	0
1407	0
1408	0
1409	0
1410	0
1411	0
1412	0
1413	0
1414	0
1415	0
1416	-1
1417	0
1418	-1
1419	-1
1420	-1
1421	-1
1422	-1
1423	-1
1424	-1
1425	-1
1426	-1
1427	-1
1428	-1
1429	-1
1430	-1
1431	-1
1432	-1
1433	-1
1434	-1
1435	-1
1436	0
1437	-2
1438	-1
1439	-1
1440	-1
1441	0
1442	0
1443	0
1444	-1
1445	0
1446	0
1447	-1
1448	0
1449	0
1450	-1
1451	-1
1452	0
1453	0
1454	0
1455	0
1456	0
1457	0
1458	0
1459	0
1460	0
1461	0
1462	0
1463	0
1464	0
1465	0
1466	0
1467	0
1468	0
1469	0
1470	0
1471	0
1472	0
1473	0
1474	0
1475	0
1476	0
1477	1
1478	0
1479	0
1480	0
1481	0
1482	0
1483	1
1484	0
1485	0
1486	0
1487	1
1488	1
1489	0
1490	0
1491	1
1492	1
1493	1
1494	2
1495	1
1496	1
1497	1
1498	1
1499	1
1500	0
1501	0
1502	1
1503	1
1504	1
1505	1
1506	2
1507	0
1508	0
1509	1
1510	1
1511	2
1512	0
1513	1
1514	0
1515	0
1516	1
1517	0
1518	1
1519	1
1520	0
1521	0
1522	0
1523	0
1524	0
1525	0
1526	0
1527	1
1528	0
1529	0
1530	0
1531	0
1532	0
1533	0
1534	0
1535	0
1536	0
1537	0
1538	0
1539	0
1540	0
1541	0
1542	0
1543	0
1544	0
1545	0
1546	0
1547	0
1548	0
1549	0
1550	-1
1551	0
1552	0
1553	0
1554	0
1555	0
1556	0
1557	0
1558	0
1559	0
1560	0
1561	-1
1562	0
1563	0
1564	0
1565	-1
1566	-1
1567	0
1568	-1
1569	-1
1570	0
1571	-1
1572	0
1573	-1
1574	-1
1575	0
1576	0
1577	0
1578	0
1579	0
1580	-1
1581	0
1582	0
1583	0
1584	0
1585	-1
1586	0
1587	0
1588	0
1589	0
1590	-1
1591	0
1592	-1
1593	0
1594	0
1595	0
1596	-1
1597	-1
1598	-2
1599	0
1600	-1
1601	0
1602	0
1603	0
1604	0
1605	0
1606	-1
1607	-1
1608	0
1609	0
1610	0
1611	-1
1612	-1
1613	0
1614	-1
1615	0
1616	-1
1617	0
1618	0
1619	0
1620	0
1621	0
1622	-1
1623	0
1624	-1
1625	0
1626	-1
1627	0
1628	0
1629	-1
1630	0
1631	0
1632	-1
1633	0
1634	0
1635	0
1636	-1
1637	0
1638	-1
1639	0
1640	-1
1641	0
1642	-1
1643	0
1644	0
1645	0
1646	0
1647	0
1648	0
1649	0
1650	0
1651	0
1652	0
1653	0
1654	0
1655	0
1656	0
1657	0
1658	0
1659	0
1660	-1
1661	0
1662	-1
1663	-1
1664	-1
1665	0
1666	-1
1667	-1
1668	0
1669	0
1670	-1
1671	0
1672	0
1673	-1
1674	0
1675	0
1676	0
1677	-1
1678	-1
1679	0
1680	-1
1681	0
1682	0
1683	0
1684	0
1685	0
1686	0
1687	0
1688	0
1689	-1
1690	-1
1691	0
1692	-1
1693	-1
1694	0
1695	-1
1696	0
1697	0
1698	0
1699	0
1700	0
1701	0
1702	0
1703	-1
1704	0
1705	0
1706	-1
1707	-1
1708	0
1709	0
1710	0
1711	0
1712	-1
1713	0
1714	0
1715	0
1716	0
1717	0
1718	-1
1719	0
1720	0
1721	0
1722	0
1723	0
1724	0
1725	0
1726	0
1727	0
1728	0
1729	0
1730	-1
1731	-1
1732	0
1733	0
1734	0
1735	0
1736	0
1737	0
1738	0
1739	0
1740	0
1741	0
1742	0
1743	0
1744	0
1745	0
1746	0
1747	0
1748	0
1749	-1
1750	-1
1751	0
1752	0
1753	0
1754	0
1755	0
1756	0
1757	0
1758	0
1759	0
1760	0
1761	0
1762	0
1763	0
1764	0
1765	0
1766	0
1767	0
1768	0
1769	0
1770	0
1771	0
1772	0
1773	0
1774	0
1775	0
1776	0
1777	0
1778	0
1779	0
1780	0
1781	0
1782	0
1783	0
1784	0
1785	0
1786	0
1787	0
1788	0
1789	0
1790	0
1791	0
1792	0
1793	0
1794	0
1795	0
1796	-1
1797	0
1798	0
1799	0
1800	-1
1801	0
1802	0
1803	-1
1804	0
1805	0
1806	0
1807	0
1808	0
1809	0
1810	0
1811	0
1812	0
1813	0
1814	0
1815	-1
1816	0
1817	0
1818	0
1819	0
1820	-1
1821	0
1822	0
1823	0
1824	0
1825	0
1826	0
1827	0
1828	-1
1829	0
1830	-1
1831	0
1832	0
1833	0
1834	0
1835	0
1836	0
1837	0
1838	-1
1839	0
1840	0
1841	0
1842	0
1843	0
1844	0
1845	0
1846	0
1847	0
1848	0
1849	0
1850	0
1851	0
1852	0
1853	0
1854	0
1855	0
1856	0
1857	0
1858	0
1859	0
1860	0
1861	0
1862	0
1863	0
1864	0
1865	0
1866	0
1867	0
1868	0
1869	0
1870	0
1871	0
1872	0
1873	0
1874	0
1875	0
1876	0
1877	0
1878	0
1879	0
1880	0
1881	0
1882	0
1883	0
1884	0
1885	0
1886	0
1887	0
1888	0
1889	0
1890	0
1891	1
1892	0
1893	0
1894	0
1895	1
1896	0
1897	1
1898	0
1899	1
1900	0
1901	0
1902	0
1903	1
1904	0
1905	0
1906	0
1907	1
1908	0
1909	1
1910	0
1911	0
1912	0
1913	0
1914	0
1915	1
1916	0
1917	1
1918	0
1919	0
1920	0
1921	0
1922	0
1923	0
1924	0
1925	0
1926	0
1927	1
1928	0
1929	0
1930	0
1931	0
1932	0
1933	0
1934	0
1935	0
1936	0
1937	0
1938	0
1939	0
1940	0
1941	0
1942	0
1943	0
1944	0
1945	0
1946	0
1947	0
1948	0
1949	0
1950	0
1951	0
1952	0
1953	0
1954	0
1955	0
1956	0
1957	0
1958	0
1959	0
1960	0
1961	0
1962	0
1963	0
1964	0
1965	0
1966	0
1967	0
1968	0
1969	0
1970	0
1971	0
1972	0
1973	0
1974	0
1975	0
1976	0
1977	0
1978	0
1979	0
1980	0
1981	0
1982	0
1983	0
1984	0
1985	0
1986	0
1987	0
1988	0
1989	0
1990	0
1991	0
1992	0
1993	0
1994	0
1995	0
1996	0
1997	0
1998	0
1999	0
