0	0
1	0
2	0
3	0
4	0
5	0
6	0
7	0
8	0
9	0
10	0
11	1
12	0
13	0
14	0
15	0
16	0
17	0
18	0
19	0
20	0
21	0
22	0
23	0
24	0
25	-1
26	0
27	0
28	0
29	0
30	0
31	0
32	0
33	0
34	0
35	0
36	0
37	0
38	0
39	0
40	0
41	0
42	0
43	0
44	0
45	0
46	0
47	0
48	0
49	0
50	0
51	0
52	0
53	0
54	0
55	0
56	0
57	0
58	0
59	0
60	0
61	0
62	0
63	0
64	0
65	0
66	0
67	1
68	0
69	1
70	0
71	1
72	0
73	1
74	0
75	1
76	0
77	0
78	0
79	0
80	0
81	0
82	0
83	0
84	0
85	0
86	0
87	0
88	0
89	0
90	0
91	0
92	0
93	0
94	0
95	0
96	0
97	0
98	0
99	0
100	0
101	0
102	0
103	0
104	0
105	0
106	0
107	0
108	0
109	0
110	0
111	0
112	0
113	0
114	0
115	0
116	0
117	0
118	-1
119	0
120	0
121	0
122	0
123	0
124	0
125	0
126	0
127	0
128	0
129	0
130	0
131	0
132	0
133	0
134	0
135	0
136	0
137	0
138	0
139	0
140	0
141	0
142	0
143	2
144	0
145	0
146	0
147	0
148	0
149	0
150	0
151	1
152	0
153	1
154	0
155	0
156	0
157	0
158	0
159	0
160	0
161	0
162	0
163	0
164	0
165	0
166	0
167	0
168	0
169	0
170	0
171	0
172	0
173	0
174	0
175	0
176	0
177	0
178	0
179	0
180	0
181	0
182	0
183	0
184	0
185	0
186	0
187	0
188	0
189	0
190	0
191	0
192	0
193	0
194	0
195	0
196	0
197	0
198	0
199	0
200	0
201	0
202	0
203	0
204	0
205	0
206	0
207	0
208	0
209	0
210	0
211	0
212	0
213	0
214	0
215	0
216	0
217	0
218	0
219	0
220	0
221	0
222	0
223	0
224	0
225	0
226	0
227	0
228	0
229	0
230	0
231	0
232	0
233	0
234	0
235	0
236	0
237	0
238	0
239	0
240	0
241	0
242	0
243	0
244	0
245	0
246	0
247	0
248	0
249	0
250	0
251	0
252	0
253	0
254	0
255	0
256	0
257	0
258	0
259	0
260	0
261	0
262	0
263	0
264	0
265	0
266	0
267	0
268	0
269	0
270	0
271	0
272	0
273	0
274	0
275	0
276	0
277	0
278	0
279	0
280	0
281	0
282	0
283	1
284	0
285	0
286	0
287	0
288	0
289	0
290	0
291	0
292	0
293	0
294	0
295	0
296	0
297	1
298	1
299	0
300	0
301	0
302	0
303	0
304	1
305	0
306	1
307	1
308	0
309	0
310	0
311	0
312	0
313	0
314	0
315	0
316	0
317	0
318	0
319	0
320	0
321	0
322	0
323	0
324	0
325	0
326	0
327	0
328	0
329	0
330	0
331	0
332	0
333	0
334	0
335	0
336	0
337	0
338	0
339	0
340	0
341	0
342	0
343	0
344	0
345	0
346	0
347	0
348	0
349	0
350	0
351	0
352	0
353	0
354	0
355	0
356	0
357	0
358	0
359	0
360	0
361	0
362	0
363	0
364	0
365	0
366	0
367	0
368	0
369	0
370	0
371	0
372	0
373	0
374	0
375	0
376	0
377	0
378	0
379	0
380	0
381	0
382	0
383	0
384	0
385	0
386	0
387	0
388	0
389	0
390	0
391	0
392	0
393	0
394	0
395	0
396	0
397	0
398	0
399	0
400	0
401	0
402	0
403	0
404	0
405	0
406	0
407	0
408	0
409	0
410	0
411	0
412	0
413	1
414	0
415	0
416	0
417	0
418	0
419	0
420	0
421	1
422	0
423	0
424	0
425	0
426	0
427	1
428	1
429	1
430	1
431	2
432	1
433	1
434	1
435	3
436	2
437	3
438	3
439	4
440	6
441	8
442	10
443	13
444	14
445	17
446	17
447	22
448	23
449	27
450	28
451	31
452	33
453	37
454	39
455	43
456	44
457	49
458	50
459	52
460	54
461	57
462	58
463	61
464	63
465	66
466	66
467	68
468	68
469	70
470	72
471	72
472	72
473	74
474	73
475	76
476	74
477	76
478	75
479	76
480	73
481	76
482	75
483	75
484	74
485	76
486	76
487	76
488	75
489	76
490	74
491	75
492	72
493	74
494	71
495	73
496	73
497	74
498	74
499	78
500	62
501	70
502	66
503	67
504	66
505	67
506	66
507	66
508	63
509	64
510	61
511	60
512	58
513	60
514	56
515	57
516	56
517	55
518	52
519	51
520	47
521	48
522	45
523	46
524	44
525	44
526	43
527	42
528	40
529	40
530	36
531	38
532	34
533	33
534	31
535	31
536	29
537	28
538	27
539	28
540	27
541	27
542	26
543	27
544	24
545	25
546	22
547	22
548	21
549	22
550	19
551	20
552	16
553	17
554	15
555	14
556	12
557	14
558	11
559	12
560	10
561	9
562	9
563	8
564	9
565	7
566	9
567	7
568	7
569	6
570	4
571	5
572	4
573	4
574	4
575	4
576	3
577	3
578	3
579	2
580	2
581	2
582	1
583	3
584	2
585	2
586	3
587	3
588	1
589	2
590	0
591	2
592	0
593	1
594	0
595	0
596	0
597	1
598	0
599	0
600	0
601	0
602	0
603	1
604	0
605	0
606	0
607	0
608	0
609	0
610	0
611	0
612	0
613	0
614	0
615	0
616	0
617	0
618	-1
619	0
620	0
621	-1
622	0
623	0
624	0
625	0
626	0
627	0
628	0
629	0
630	0
631	0
632	0
633	0
634	0
635	0
636	0
637	0
638	0
639	0
640	0
641	0
642	0
643	0
644	0
645	0
646	-1
647	0
648	-1
649	0
650	-1
651	0
652	-1
653	0
654	-1
655	0
656	-3
657	-1
658	-1
659	-2
660	-2
661	0
662	0
663	-1
664	-1
665	0
666	-2
667	-1
668	-2
669	0
670	-1
671	0
672	-1
673	-1
674	-1
675	0
676	-1
677	0
678	-1
679	0
680	-1
681	0
682	0
683	-1
684	-2
685	-1
686	-1
687	0
688	-1
689	-1
690	0
691	0
692	-2
693	0
694	-1
695	-1
696	0
697	-1
698	-1
699	-1
700	-2
701	-1
702	-1
703	-2
704	-3
705	-1
706	-2
707	-2
708	-1
709	0
710	-1
711	0
712	0
713	-1
714	0
715	-1
716	0
717	0
718	0
719	0
720	0
721	-2
722	-1
723	-2
724	0
725	-1
726	-1
727	0
728	0
729	0
730	0
731	-1
732	-1
733	-1
734	-1
735	0
736	-1
737	0
738	-1
739	0
740	-1
741	0
742	-1
743	0
744	-1
745	-1
746	0
747	0
748	-1
749	-1
750	-2
751	-1
752	-1
753	-2
754	-1
755	0
756	-2
757	0
758	-2
759	0
760	-1
761	-1
762	-1
763	0
764	-1
765	0
766	-2
767	0
768	-3
769	0
770	-2
771	-1
772	-3
773	-1
774	-1
775	-1
776	0
777	0
778	-2
779	-1
780	-2
781	0
782	-4
783	0
784	-1
785	0
786	-2
787	-1
788	-1
789	-1
790	-1
791	-1
792	-1
793	-2
794	-3
795	-2
796	-4
797	0
798	-2
799	-1
800	-2
801	-1
802	-2
803	-1
804	-1
805	0
806	-1
807	0
808	-1
809	-1
810	-1
811	-1
812	-1
813	-1
814	-2
815	-1
816	-2
817	0
818	-1
819	-1
820	-2
821	-1
822	-3
823	-1
824	-2
825	-1
826	-3
827	-1
828	-3
829	-2
830	-4
831	-1
832	-3
833	-1
834	-3
835	-1
836	-2
837	-1
838	-1
839	-1
840	-2
841	-1
842	-2
843	-2
844	-3
845	-1
846	-2
847	-1
848	-1
849	-1
850	-4
851	0
852	-2
853	-1
854	-2
855	0
856	-2
857	-1
858	-1
859	-2
860	-2
861	0
862	-2
863	0
864	-2
865	0
866	-1
867	-1
868	-1
869	-1
870	-1
871	-1
872	-1
873	0
874	-2
875	-1
876	-2
877	-1
878	-1
879	0
880	0
881	0
882	-1
883	0
884	-2
885	-1
886	-1
887	-1
888	-3
889	0
890	-1
891	-1
892	-2
893	-1
894	-2
895	-1
896	-1
897	0
898	0
899	0
900	-2
901	-1
902	-1
903	-1
904	-1
905	0
906	-1
907	0
908	0
909	0
910	-1
911	0
912	-1
913	0
914	0
915	0
916	-2
917	0
918	0
919	0
920	0
921	0
922	0
923	0
924	0
925	0
926	0
927	0
928	0
929	0
930	-2
931	-1
932	-1
933	0
934	-1
935	0
936	-2
937	-2
938	-2
939	-1
940	-3
941	0
942	-3
943	0
944	-3
945	-1
946	-3
947	-2
948	-3
949	-2
950	-3
951	-1
952	-3
953	-1
954	-2
955	-1
956	-2
957	-1
958	-2
959	0
960	-3
961	-1
962	-1
963	0
964	-1
965	0
966	-2
967	0
968	-2
969	-2
970	-2
971	0
972	-3
973	0
974	-2
975	-2
976	-2
977	-1
978	-3
979	-1
980	-2
981	-1
982	-2
983	-1
984	-2
985	-1
986	-2
987	-1
988	-2
989	0
990	-2
991	-1
992	-2
993	-1
994	-1
995	-2
996	-1
997	-2
998	-3
999	-1
1000	-3
1001	-1
1002	-1
1003	0
1004	-1
1005	-1
1006	-1
1007	0
1008	-3
1009	-2
1010	-2
1011	-1
1012	-1
1013	-1
1014	-1
1015	-1
1016	-1
1017	-1
1018	-1
1019	-1
1020	0
1021	0
1022	0
1023	0
1024	-1
1025	0
1026	-1
1027	0
1028	-1
1029	-1
1030	-2
1031	0
1032	-1
1033	-1
1034	-1
1035	-1
1036	-1
1037	-1
1038	-1
1039	-1
1040	-2
1041	-1
1042	-2
1043	-1
1044	-1
1045	-1
1046	-1
1047	-1
1048	-2
1049	-1
1050	-2
1051	-1
1052	-2
1053	-2
1054	-1
1055	0
1056	-1
1057	-1
1058	-1
1059	-1
1060	0
1061	0
1062	-1
1063	0
1064	0
1065	0
1066	-2
1067	0
1068	0
1069	0
1070	0
1071	0
1072	-1
1073	0
1074	0
1075	0
1076	0
1077	0
1078	0
1079	0
1080	0
1081	0
1082	0
1083	0
1084	0
1085	0
1086	0
1087	0
1088	0
1089	0
1090	0
1091	0
1092	-1
1093	0
1094	-1
1095	-1
1096	-2
1097	0
1098	-2
1099	0
1100	-1
1101	0
1102	-1
1103	0
1104	0
1105	0
1106	0
1107	0
1108	0
1109	0
1110	-1
1111	1
1112	0
1113	0
1114	-1
1115	0
1116	0
1117	0
1118	0
1119	0
1120	0
1121	0
1122	-1
1123	0
1124	-1
1125	-1
1126	-1
1127	0
1128	0
1129	0
1130	0
1131	-1
1132	0
1133	0
1134	0
1135	0
1136	0
1137	0
1138	0
1139	0
1140	0
1141	0
1142	0
1143	0
1144	0
1145	0
1146	-1
1147	0
1148	-2
1149	0
1150	0
1151	0
1152	0
1153	0
1154	-1
1155	0
1156	-1
1157	0
1158	-1
1159	-1
1160	-1
1161	0
1162	-2
1163	-1
1164	-2
1165	-1
1166	-2
1167	-1
1168	-1
1169	0
1170	0
1171	0
1172	0
1173	-1
1174	-1
1175	-1
1176	0
1177	0
1178	0
1179	0
1180	-1
1181	0
1182	-1
1183	0
1184	0
1185	0
1186	0
1187	0
1188	0
1189	0
1190	0
1191	0
1192	0
1193	0
1194	0
1195	0
1196	0
1197	0
1198	-2
1199	0
1200	0
1201	0
1202	0
1203	0
1204	0
1205	0
1206	0
1207	0
1208	0
1209	0
1210	0
1211	0
1212	-1
1213	0
1214	0
1215	-1
1216	-1
1217	0
1218	0
1219	0
1220	-1
1221	0
1222	-1
1223	0
1224	-2
1225	0
1226	-2
1227	-1
1228	0
1229	0
1230	0
1231	0
1232	0
1233	0
1234	-1
1235	0
1236	0
1237	0
1238	0
1239	0
1240	0
1241	1
1242	0
1243	1
1244	0
1245	0
1246	0
1247	0
1248	0
1249	0
1250	0
1251	0
1252	0
1253	1
1254	0
1255	1
1256	0
1257	0
1258	0
1259	0
1260	0
1261	0
1262	0
1263	1
1264	0
1265	0
1266	0
1267	0
1268	0
1269	0
1270	0
1271	0
1272	0
1273	0
1274	0
1275	0
1276	0
1277	0
1278	0
1279	0
1280	0
1281	0
1282	0
1283	1
1284	0
1285	0
1286	0
1287	0
1288	0
1289	0
1290	0
1291	0
1292	0
1293	0
1294	0
1295	0
1296	-1
1297	0
1298	0
1299	0
1300	0
1301	0
1302	0
1303	0
1304	0
1305	0
1306	0
1307	0
1308	0
1309	0
1310	0
1311	0
1312	0
1313	0
1314	-1
1315	-1
1316	0
1317	0
1318	-3
1319	0
1320	-1
1321	0
1322	0
1323	0
1324	0
1325	-1
1326	0
1327	0
1328	-1
1329	-1
1330	-1
1331	-1
1332	-1
1333	0
1334	-2
1335	0
1336	-1
1337	0
1338	0
1339	-1
1340	0
1341	0
1342	-1
1343	0
1344	-1
1345	0
1346	-1
1347	-1
1348	0
1349	-1
1350	0
1351	0
1352	-2
1353	-1
1354	-2
1355	-1
1356	-2
1357	-1
1358	-1
1359	0
1360	-2
1361	-1
1362	-1
1363	0
1364	-1
1365	0
1366	-1
1367	0
1368	-1
1369	0
1370	-1
1371	-1
1372	-1
1373	0
1374	0
1375	0
1376	0
1377	-2
1378	-1
1379	0
1380	-1
1381	0
1382	0
1383	0
1384	-1
1385	0
1386	-1
1387	0
1388	-2
1389	0
1390	0
1391	0
1392	-2
1393	0
1394	-1
1395	0
1396	-2
1397	0
1398	-2
1399	-1
1400	-1
1401	-1
1402	-1
1403	-1
1404	-1
1405	-2
1406	-2
1407	-1
1408	-1
1409	-2
1410	-3
1411	-2
1412	-2
1413	-2
1414	-2
1415	-1
1416	-2
1417	-1
1418	-2
1419	-2
1420	-2
1421	-2
1422	-2
1423	-1
1424	-2
1425	-1
1426	0
1427	-1
1428	-2
1429	-1
1430	0
1431	-1
1432	-2
1433	0
1434	-1
1435	-1
1436	-2
1437	-2
1438	-1
1439	-1
1440	-1
1441	-1
1442	-1
1443	0
1444	0
1445	0
1446	0
1447	0
1448	-1
1449	-1
1450	-1
1451	0
1452	-1
1453	0
1454	0
1455	-2
1456	0
1457	-1
1458	-1
1459	0
1460	0
1461	-1
1462	0
1463	-1
1464	-1
1465	-1
1466	-2
1467	0
1468	-2
1469	-1
1470	-2
1471	-1
1472	-1
1473	-1
1474	-1
1475	-1
1476	-1
1477	0
1478	-2
1479	-1
1480	-2
1481	-1
1482	-1
1483	0
1484	-1
1485	0
1486	-1
1487	0
1488	-1
1489	0
1490	-2
1491	-2
1492	0
1493	-1
1494	0
1495	-1
1496	-1
1497	0
1498	0
1499	0
1500	-1
1501	0
1502	0
1503	0
1504	0
1505	0
1506	0
1507	0
1508	0
1509	0
1510	0
1511	-1
1512	0
1513	0
1514	0
1515	-1
1516	0
1517	-1
1518	0
1519	-1
1520	-1
1521	-2
1522	-1
1523	0
1524	-1
1525	0
1526	-2
1527	0
1528	-2
1529	-1
1530	-1
1531	0
1532	-1
1533	-1
1534	-1
1535	-1
1536	-2
1537	-1
1538	-2
1539	-1
1540	-2
1541	-1
1542	-2
1543	-1
1544	-2
1545	0
1546	-2
1547	-1
1548	-1
1549	-2
1550	-1
1551	-1
1552	-1
1553	-1
1554	-2
1555	0
1556	-1
1557	-1
1558	-1
1559	-1
1560	-1
1561	-1
1562	-1
1563	-1
1564	0
1565	-1
1566	0
1567	0
1568	0
1569	-1
1570	0
1571	0
1572	0
1573	0
1574	0
1575	0
1576	0
1577	0
1578	0
1579	0
1580	0
1581	0
1582	0
1583	0
1584	0
1585	0
1586	0
1587	0
1588	0
1589	0
1590	0
1591	0
1592	0
1593	0
1594	0
1595	0
1596	0
1597	0
1598	-1
1599	0
1600	-1
1601	0
1602	-1
1603	-1
1604	-1
1605	-1
1606	0
1607	-1
1608	-1
1609	-1
1610	-1
1611	-1
1612	-1
1613	0
1614	-1
1615	-1
1616	-1
1617	-1
1618	0
1619	-1
1620	-1
1621	0
1622	0
1623	0
1624	-1
1625	0
1626	0
1627	0
1628	0
1629	0
1630	0
1631	0
1632	0
1633	0
1634	0
1635	0
1636	0
1637	1
1638	0
1639	1
1640	1
1641	1
1642	2
1643	1
1644	0
1645	0
1646	1
1647	1
1648	1
1649	1
1650	0
1651	0
1652	0
1653	1
1654	0
1655	2
1656	0
1657	2
1658	1
1659	2
1660	0
1661	1
1662	0
1663	1
1664	1
1665	0
1666	0
1667	0
1668	1
1669	0
1670	0
1671	1
1672	0
1673	0
1674	0
1675	0
1676	0
1677	0
1678	0
1679	0
1680	0
1681	0
1682	0
1683	0
1684	0
1685	0
1686	0
1687	0
1688	-1
1689	0
1690	0
1691	0
1692	0
1693	0
1694	0
1695	0
1696	0
1697	0
1698	0
1699	0
1700	-1
1701	0
1702	0
1703	0
1704	0
1705	0
1706	0
1707	0
1708	0
1709	0
1710	0
1711	0
1712	0
1713	0
1714	0
1715	0
1716	-1
1717	-1
1718	0
1719	0
1720	0
1721	0
1722	0
1723	0
1724	0
1725	0
1726	0
1727	0
1728	0
1729	0
1730	0
1731	0
1732	0
1733	-1
1734	0
1735	-1
1736	0
1737	0
1738	-1
1739	0
1740	0
1741	0
1742	-1
1743	-1
1744	0
1745	-1
1746	-1
1747	-1
1748	-2
1749	-1
1750	-2
1751	0
1752	0
1753	-1
1754	0
1755	0
1756	0
1757	0
1758	-1
1759	-1
1760	-1
1761	0
1762	0
1763	0
1764	0
1765	0
1766	0
1767	0
1768	0
1769	0
1770	0
1771	0
1772	0
1773	0
1774	0
1775	0
1776	0
1777	0
1778	0
1779	0
1780	0
1781	0
1782	0
1783	0
1784	0
1785	1
1786	0
1787	0
1788	0
1789	1
1790	0
1791	1
1792	1
1793	1
1794	1
1795	1
1796	1
1797	1
1798	1
1799	1
1800	1
1801	1
1802	0
1803	1
1804	0
1805	1
1806	0
1807	0
1808	0
1809	0
1810	0
1811	0
1812	1
1813	0
1814	1
1815	0
1816	0
1817	0
1818	0
1819	0
1820	0
1821	0
1822	0
1823	0
1824	0
1825	0
1826	0
1827	1
1828	0
1829	0
1830	0
1831	0
1832	0
1833	0
1834	0
1835	0
1836	0
1837	0
1838	0
1839	0
1840	0
1841	0
1842	0
1843	0
1844	0
1845	0
1846	-1
1847	0
1848	-1
1849	0
1850	-1
1851	0
1852	-1
1853	-1
1854	0
1855	-1
1856	0
1857	-1
1858	-1
1859	-1
1860	-1
1861	0
1862	0
1863	0
1864	-1
1865	0
1866	0
1867	0
1868	0
1869	-1
1870	0
1871	0
1872	0
1873	0
1874	0
1875	0
1876	0
1877	0
1878	0
1879	0
1880	0
1881	0
1882	0
1883	0
1884	0
1885	1
1886	0
1887	1
1888	0
1889	0
1890	1
1891	1
1892	1
1893	1
1894	1
1895	0
1896	1
1897	0
1898	1
1899	1
1900	1
1901	1
1902	1
1903	1
1904	1
1905	1
1906	0
1907	2
1908	1
1909	1
1910	1
1911	1
1912	0
1913	1
1914	0
1915	1
1916	1
1917	1
1918	0
1919	0
1920	0
1921	0
1922	0
1923	0
1924	0
1925	0
1926	0
1927	0
1928	0
1929	0
1930	0
1931	0
1932	0
1933	0
1934	0
1935	0
1936	0
1937	0
1938	0
1939	0
1940	0
1941	0
1942	0
1943	0
1944	0
1945	0
1946	0
1947	0
1948	0
1949	0
1950	0
1951	0
1952	-1
1953	0
1954	0
1955	0
1956	-1
1957	0
1958	-1
1959	0
1960	-1
1961	0
1962	0
1963	0
1964	0
1965	0
1966	0
1967	0
1968	-1
1969	0
1970	-1
1971	0
1972	0
1973	-1
1974	-1
1975	0
1976	-1
1977	0
1978	0
1979	0
1980	-1
1981	0
1982	0
1983	0
1984	0
1985	-1
1986	0
1987	-1
1988	0
1989	0
1990	0
1991	0
1992	0
1993	0
1994	0
1995	0
1996	0
1997	0
1998	0
1999	0
