0	0
1	0
2	0
3	0
4	0
5	0
6	0
7	0
8	0
9	0
10	0
11	0
12	0
13	0
14	0
15	0
16	0
17	0
18	0
19	0
20	0
21	0
22	0
23	0
24	0
25	0
26	0
27	0
28	0
29	0
30	0
31	0
32	0
33	0
34	0
35	0
36	0
37	0
38	0
39	0
40	0
41	0
42	0
43	0
44	0
45	0
46	0
47	0
48	0
49	0
50	0
51	0
52	0
53	0
54	0
55	0
56	0
57	0
58	0
59	0
60	0
61	1
62	0
63	0
64	0
65	0
66	0
67	0
68	0
69	0
70	0
71	0
72	0
73	0
74	0
75	0
76	0
77	0
78	0
79	0
80	0
81	0
82	0
83	0
84	0
85	0
86	0
87	0
88	0
89	0
90	0
91	0
92	0
93	0
94	0
95	0
96	0
97	0
98	0
99	0
100	0
101	0
102	0
103	0
104	0
105	0
106	0
107	0
108	0
109	0
110	0
111	0
112	0
113	0
114	0
115	0
116	0
117	1
118	0
119	0
120	0
121	0
122	0
123	0
124	0
125	0
126	0
127	0
128	0
129	0
130	0
131	0
132	0
133	0
134	0
135	0
136	0
137	0
138	0
139	0
140	0
141	0
142	0
143	0
144	0
145	0
146	0
147	0
148	0
149	0
150	0
151	0
152	0
153	0
154	0
155	0
156	0
157	0
158	0
159	0
160	0
161	0
162	0
163	1
164	0
165	0
166	0
167	0
168	0
169	0
170	0
171	0
172	0
173	0
174	0
175	0
176	0
177	0
178	0
179	0
180	0
181	0
182	0
183	0
184	0
185	0
186	0
187	0
188	0
189	0
190	0
191	0
192	0
193	0
194	0
195	0
196	0
197	0
198	0
199	0
200	0
201	0
202	0
203	0
204	1
205	0
206	0
207	0
208	0
209	0
210	0
211	0
212	0
213	0
214	0
215	0
216	0
217	0
218	0
219	0
220	0
221	0
222	1
223	0
224	0
225	0
226	0
227	0
228	0
229	0
230	0
231	0
232	0
233	0
234	0
235	0
236	0
237	0
238	0
239	0
240	0
241	0
242	0
243	0
244	0
245	0
246	0
247	0
248	0
249	0
250	0
251	0
252	0
253	0
254	0
255	0
256	0
257	0
258	0
259	0
260	0
261	0
262	0
263	0
264	0
265	0
266	0
267	0
268	0
269	0
270	0
271	0
272	0
273	0
274	0
275	0
276	0
277	0
278	0
279	0
280	0
281	0
282	0
283	0
284	0
285	0
286	0
287	0
288	0
289	0
290	0
291	0
292	0
293	0
294	0
295	0
296	0
297	1
298	0
299	0
300	0
301	0
302	0
303	0
304	0
305	0
306	0
307	0
308	0
309	0
310	0
311	0
312	0
313	0
314	0
315	0
316	0
317	0
318	0
319	0
320	0
321	0
322	0
323	0
324	0
325	0
326	0
327	0
328	0
329	1
330	0
331	0
332	0
333	0
334	0
335	0
336	0
337	0
338	1
339	0
340	0
341	0
342	0
343	1
344	0
345	0
346	0
347	0
348	0
349	0
350	0
351	0
352	0
353	0
354	0
355	0
356	0
357	0
358	0
359	0
360	0
361	0
362	0
363	0
364	0
365	0
366	0
367	0
368	0
369	0
370	0
371	0
372	0
373	0
374	0
375	0
376	0
377	0
378	0
379	0
380	0
381	0
382	0
383	0
384	0
385	0
386	0
387	0
388	0
389	0
390	0
391	0
392	0
393	0
394	0
395	0
396	0
397	0
398	0
399	0
400	0
401	0
402	0
403	0
404	0
405	0
406	0
407	0
408	0
409	0
410	0
411	0
412	0
413	0
414	0
415	0
416	0
417	0
418	0
419	0
420	0
421	0
422	0
423	0
424	0
425	0
426	0
427	0
428	0
429	0
430	0
431	0
432	0
433	0
434	0
435	0
436	0
437	0
438	0
439	0
440	0
441	0
442	1
443	3
444	4
445	4
446	5
447	7
448	8
449	11
450	12
451	14
452	18
453	18
454	20
455	22
456	25
457	28
458	30
459	32
460	34
461	36
462	40
463	41
464	43
465	46
466	46
467	49
468	51
469	53
470	54
471	56
472	57
473	60
474	59
475	60
476	62
477	63
478	64
479	67
480	66
481	67
482	69
483	70
484	70
485	71
486	71
487	72
488	70
489	72
490	72
491	72
492	71
493	71
494	73
495	74
496	74
497	74
498	75
499	78
500	62
501	69
502	67
503	67
504	67
505	67
506	66
507	66
508	64
509	64
510	61
511	60
512	59
513	58
514	57
515	56
516	56
517	55
518	53
519	53
520	52
521	51
522	49
523	48
524	46
525	45
526	43
527	44
528	42
529	41
530	40
531	39
532	39
533	38
534	34
535	33
536	33
537	32
538	29
539	29
540	27
541	27
542	26
543	26
544	24
545	24
546	23
547	22
548	22
549	21
550	20
551	19
552	18
553	17
554	17
555	16
556	17
557	17
558	13
559	12
560	11
561	11
562	10
563	11
564	10
565	9
566	8
567	8
568	7
569	7
570	7
571	7
572	5
573	6
574	5
575	6
576	5
577	5
578	5
579	5
580	4
581	4
582	4
583	5
584	4
585	4
586	3
587	4
588	3
589	4
590	3
591	4
592	2
593	2
594	2
595	1
596	2
597	2
598	1
599	2
600	1
601	1
602	1
603	1
604	0
605	0
606	0
607	1
608	0
609	0
610	0
611	0
612	0
613	0
614	0
615	0
616	0
617	0
618	0
619	0
620	0
621	0
622	0
623	0
624	0
625	0
626	0
627	0
628	0
629	0
630	0
631	0
632	0
633	0
634	0
635	0
636	0
637	0
638	0
639	0
640	0
641	0
642	0
643	0
644	0
645	0
646	0
647	0
648	0
649	0
650	0
651	0
652	0
653	0
654	0
655	0
656	0
657	0
658	0
659	0
660	0
661	0
662	0
663	0
664	0
665	0
666	0
667	0
668	0
669	0
670	0
671	0
672	0
673	0
674	0
675	0
676	0
677	0
678	0
679	0
680	0
681	0
682	0
683	0
684	0
685	0
686	0
687	0
688	0
689	0
690	-1
691	0
692	-1
693	0
694	-1
695	0
696	-1
697	0
698	-1
699	0
700	-1
701	-1
702	0
703	0
704	0
705	0
706	-1
707	0
708	-1
709	0
710	0
711	0
712	0
713	-1
714	0
715	0
716	0
717	0
718	0
719	0
720	-1
721	0
722	0
723	0
724	0
725	0
726	-2
727	0
728	0
729	0
730	0
731	-1
732	-1
733	0
734	-1
735	0
736	-1
737	-1
738	0
739	0
740	-1
741	0
742	0
743	-1
744	-1
745	-1
746	0
747	0
748	0
749	0
750	0
751	0
752	0
753	0
754	0
755	-1
756	-1
757	0
758	0
759	0
760	0
761	0
762	0
763	-1
764	-1
765	0
766	-1
767	-1
768	-1
769	0
770	0
771	0
772	0
773	0
774	0
775	0
776	0
777	0
778	0
779	0
780	0
781	0
782	0
783	0
784	0
785	0
786	0
787	0
788	0
789	-1
790	-2
791	0
792	0
793	-1
794	-1
795	0
796	-1
797	0
798	-1
799	0
800	-1
801	-1
802	-1
803	-1
804	-1
805	-1
806	0
807	-1
808	0
809	-1
810	-1
811	-2
812	-1
813	-1
814	0
815	0
816	0
817	0
818	0
819	-1
820	-1
821	-1
822	-1
823	-1
824	-1
825	-1
826	-2
827	-1
828	-2
829	-1
830	0
831	-1
832	0
833	-1
834	0
835	-1
836	0
837	0
838	-1
839	-1
840	0
841	0
842	0
843	-1
844	0
845	-1
846	0
847	0
848	0
849	0
850	-1
851	0
852	0
853	0
854	0
855	-1
856	-1
857	0
858	0
859	-2
860	-1
861	-1
862	-1
863	0
864	0
865	-1
866	0
867	0
868	-1
869	0
870	0
871	0
872	-1
873	0
874	-1
875	0
876	-2
877	0
878	0
879	-1
880	-1
881	-1
882	-1
883	-1
884	-1
885	-1
886	0
887	-1
888	-1
889	0
890	-1
891	-1
892	-1
893	-1
894	0
895	-1
896	0
897	-1
898	0
899	0
900	0
901	-1
902	-1
903	-1
904	-1
905	0
906	-1
907	0
908	-2
909	-1
910	-1
911	-2
912	-2
913	-1
914	-2
915	-1
916	-2
917	-2
918	-2
919	-1
920	-1
921	-2
922	-2
923	-3
924	-2
925	-1
926	-3
927	-1
928	-3
929	-2
930	-2
931	-1
932	-3
933	-2
934	-1
935	-2
936	-1
937	-1
938	-1
939	0
940	-1
941	0
942	-1
943	-1
944	-1
945	0
946	-1
947	-1
948	-1
949	-1
950	-1
951	0
952	0
953	0
954	0
955	0
956	-1
957	0
958	-1
959	0
960	-1
961	-1
962	0
963	-1
964	0
965	-1
966	-2
967	0
968	-1
969	-2
970	-1
971	-1
972	-1
973	-1
974	-1
975	-1
976	-1
977	0
978	0
979	0
980	-1
981	-1
982	0
983	-1
984	-1
985	0
986	-1
987	0
988	-1
989	0
990	0
991	-1
992	-1
993	-1
994	0
995	0
996	-1
997	0
998	-1
999	-1
1000	-1
1001	-1
1002	0
1003	-1
1004	-1
1005	0
1006	-2
1007	0
1008	-1
1009	-1
1010	-1
1011	-1
1012	-1
1013	-1
1014	0
1015	0
1016	0
1017	0
1018	-1
1019	0
1020	0
1021	0
1022	-1
1023	0
1024	0
1025	0
1026	0
1027	0
1028	0
1029	-1
1030	-1
1031	0
1032	-2
1033	-1
1034	-1
1035	-1
1036	-2
1037	-2
1038	-1
1039	-1
1040	-1
1041	-2
1042	-1
1043	-3
1044	-2
1045	-1
1046	-1
1047	-3
1048	-1
1049	-1
1050	-1
1051	-1
1052	0
1053	-1
1054	-1
1055	-2
1056	-2
1057	0
1058	0
1059	-2
1060	0
1061	-1
1062	0
1063	0
1064	-1
1065	0
1066	0
1067	-1
1068	-1
1069	-1
1070	0
1071	-1
1072	-1
1073	0
1074	-1
1075	0
1076	-1
1077	0
1078	-1
1079	0
1080	0
1081	-1
1082	0
1083	0
1084	0
1085	0
1086	-1
1087	-1
1088	-1
1089	-1
1090	-1
1091	0
1092	-1
1093	-1
1094	-1
1095	-1
1096	-1
1097	-2
1098	-1
1099	-1
1100	-1
1101	-1
1102	-1
1103	0
1104	-1
1105	0
1106	-1
1107	0
1108	-2
1109	0
1110	0
1111	0
1112	0
1113	0
1114	-1
1115	0
1116	0
1117	0
1118	0
1119	-1
1120	0
1121	0
1122	0
1123	-1
1124	-1
1125	-2
1126	0
1127	-1
1128	-1
1129	0
1130	-1
1131	-1
1132	-1
1133	-1
1134	-1
1135	-1
1136	-1
1137	0
1138	0
1139	-1
1140	0
1141	-1
1142	0
1143	-1
1144	-1
1145	0
1146	-1
1147	0
1148	0
1149	0
1150	0
1151	0
1152	0
1153	0
1154	-1
1155	-1
1156	-1
1157	-2
1158	-1
1159	-1
1160	-1
1161	0
1162	-1
1163	0
1164	0
1165	0
1166	-1
1167	0
1168	-2
1169	0
1170	-1
1171	0
1172	0
1173	0
1174	0
1175	0
1176	0
1177	0
1178	0
1179	0
1180	-1
1181	0
1182	-1
1183	0
1184	-1
1185	-1
1186	-1
1187	0
1188	-2
1189	0
1190	0
1191	-1
1192	-1
1193	-2
1194	-2
1195	-2
1196	-2
1197	-1
1198	-1
1199	-1
1200	-2
1201	-1
1202	-1
1203	-1
1204	-1
1205	-1
1206	-1
1207	-1
1208	0
1209	0
1210	-1
1211	-1
1212	0
1213	-1
1214	0
1215	0
1216	0
1217	0
1218	-1
1219	0
1220	-1
1221	-1
1222	-1
1223	0
1224	-1
1225	-1
1226	-2
1227	-1
1228	-1
1229	0
1230	-2
1231	-1
1232	-1
1233	-1
1234	-2
1235	-1
1236	0
1237	-1
1238	-2
1239	-3
1240	-1
1241	-2
1242	-1
1243	-1
1244	-1
1245	-1
1246	-1
1247	-1
1248	-1
1249	0
1250	-1
1251	0
1252	-2
1253	0
1254	0
1255	0
1256	0
1257	0
1258	0
1259	0
1260	0
1261	0
1262	0
1263	0
1264	0
1265	0
1266	0
1267	0
1268	0
1269	0
1270	0
1271	1
1272	1
1273	0
1274	0
1275	1
1276	1
1277	0
1278	0
1279	0
1280	0
1281	0
1282	0
1283	0
1284	1
1285	0
1286	0
1287	0
1288	0
1289	0
1290	0
1291	1
1292	0
1293	0
1294	0
1295	0
1296	0
1297	0
1298	0
1299	-1
1300	0
1301	0
1302	0
1303	0
1304	0
1305	0
1306	0
1307	0
1308	-1
1309	0
1310	-1
1311	0
1312	-1
1313	0
1314	-2
1315	0
1316	0
1317	0
1318	-1
1319	0
1320	0
1321	0
1322	0
1323	0
1324	0
1325	0
1326	0
1327	0
1328	0
1329	0
1330	0
1331	0
1332	0
1333	0
1334	0
1335	0
1336	0
1337	0
1338	0
1339	-1
1340	0
1341	-1
1342	0
1343	0
1344	0
1345	0
1346	-1
1347	0
1348	-1
1349	-1
1350	-1
1351	0
1352	0
1353	0
1354	-1
1355	-1
1356	-1
1357	-1
1358	-1
1359	-1
1360	-2
1361	0
1362	0
1363	0
1364	-1
1365	-1
1366	0
1367	0
1368	-1
1369	0
1370	-1
1371	0
1372	0
1373	0
1374	0
1375	0
1376	-1
1377	0
1378	-1
1379	-1
1380	0
1381	0
1382	0
1383	0
1384	0
1385	0
1386	0
1387	0
1388	0
1389	0
1390	0
1391	0
1392	0
1393	0
1394	0
1395	0
1396	-1
1397	0
1398	0
1399	-1
1400	0
1401	0
1402	0
1403	0
1404	0
1405	0
1406	-1
1407	0
1408	0
1409	0
1410	0
1411	0
1412	0
1413	0
1414	0
1415	0
1416	0
1417	0
1418	0
1419	0
1420	0
1421	0
1422	0
1423	0
1424	0
1425	0
1426	0
1427	0
1428	1
1429	0
1430	0
1431	0
1432	0
1433	0
1434	0
1435	1
1436	0
1437	1
1438	1
1439	0
1440	0
1441	0
1442	0
1443	0
1444	0
1445	0
1446	0
1447	0
1448	0
1449	0
1450	0
1451	0
1452	0
1453	0
1454	0
1455	0
1456	0
1457	0
1458	0
1459	0
1460	0
1461	0
1462	0
1463	0
1464	0
1465	0
1466	0
1467	0
1468	0
1469	0
1470	0
1471	0
1472	0
1473	0
1474	0
1475	0
1476	0
1477	0
1478	0
1479	0
1480	0
1481	0
1482	0
1483	0
1484	0
1485	0
1486	0
1487	0
1488	0
1489	0
1490	0
1491	0
1492	0
1493	0
1494	0
1495	0
1496	0
1497	0
1498	0
1499	0
1500	0
1501	0
1502	0
1503	0
1504	0
1505	0
1506	0
1507	-1
1508	0
1509	-1
1510	0
1511	0
1512	0
1513	-1
1514	0
1515	0
1516	0
1517	-1
1518	0
1519	0
1520	-1
1521	-1
1522	0
1523	-1
1524	0
1525	-1
1526	0
1527	-1
1528	0
1529	0
1530	0
1531	0
1532	0
1533	0
1534	0
1535	0
1536	0
1537	0
1538	1
1539	1
1540	0
1541	1
1542	0
1543	1
1544	1
1545	1
1546	0
1547	1
1548	0
1549	1
1550	1
1551	1
1552	0
1553	1
1554	1
1555	1
1556	1
1557	0
1558	1
1559	0
1560	0
1561	1
1562	0
1563	0
1564	0
1565	0
1566	0
1567	0
1568	0
1569	0
1570	0
1571	1
1572	0
1573	0
1574	0
1575	1
1576	1
1577	0
1578	0
1579	0
1580	0
1581	0
1582	0
1583	0
1584	0
1585	0
1586	0
1587	0
1588	0
1589	0
1590	0
1591	0
1592	0
1593	0
1594	0
1595	0
1596	0
1597	0
1598	0
1599	0
1600	0
1601	0
1602	0
1603	0
1604	0
1605	0
1606	0
1607	0
1608	0
1609	-1
1610	0
1611	0
1612	0
1613	-1
1614	0
1615	-1
1616	0
1617	0
1618	-1
1619	0
1620	0
1621	0
1622	0
1623	-1
1624	-1
1625	0
1626	0
1627	0
1628	-1
1629	0
1630	0
1631	0
1632	0
1633	0
1634	-1
1635	0
1636	0
1637	0
1638	0
1639	0
1640	0
1641	0
1642	0
1643	0
1644	0
1645	0
1646	-1
1647	0
1648	0
1649	0
1650	0
1651	0
1652	0
1653	0
1654	0
1655	0
1656	-1
1657	0
1658	-1
1659	0
1660	0
1661	0
1662	-1
1663	0
1664	0
1665	0
1666	0
1667	0
1668	0
1669	0
1670	0
1671	0
1672	0
1673	-1
1674	0
1675	0
1676	0
1677	0
1678	-1
1679	0
1680	-1
1681	0
1682	0
1683	0
1684	0
1685	0
1686	0
1687	0
1688	0
1689	0
1690	-1
1691	0
1692	-1
1693	0
1694	0
1695	-1
1696	0
1697	0
1698	-1
1699	0
1700	0
1701	0
1702	0
1703	0
1704	0
1705	0
1706	0
1707	0
1708	0
1709	0
1710	-1
1711	-1
1712	-1
1713	0
1714	0
1715	-1
1716	-1
1717	-1
1718	-1
1719	-1
1720	0
1721	0
1722	-2
1723	0
1724	-2
1725	0
1726	0
1727	0
1728	-1
1729	-1
1730	0
1731	0
1732	0
1733	-1
1734	-1
1735	0
1736	0
1737	-1
1738	-1
1739	-1
1740	-1
1741	0
1742	-1
1743	0
1744	0
1745	0
1746	0
1747	0
1748	0
1749	0
1750	0
1751	0
1752	0
1753	0
1754	0
1755	0
1756	0
1757	0
1758	0
1759	0
1760	0
1761	0
1762	0
1763	0
1764	0
1765	0
1766	-1
1767	0
1768	0
1769	0
1770	-1
1771	0
1772	0
1773	0
1774	0
1775	0
1776	0
1777	0
1778	0
1779	-1
1780	0
1781	-1
1782	-1
1783	0
1784	-1
1785	0
1786	-1
1787	0
1788	0
1789	0
1790	0
1791	-1
1792	-1
1793	0
1794	0
1795	0
1796	-1
1797	0
1798	0
1799	0
1800	0
1801	0
1802	0
1803	-1
1804	0
1805	0
1806	0
1807	0
1808	-1
1809	0
1810	0
1811	0
1812	-1
1813	0
1814	-1
1815	0
1816	0
1817	0
1818	0
1819	0
1820	0
1821	0
1822	-1
1823	0
1824	0
1825	0
1826	-1
1827	-1
1828	-2
1829	-1
1830	-1
1831	-1
1832	-1
1833	0
1834	0
1835	0
1836	-1
1837	-1
1838	-1
1839	-1
1840	0
1841	-1
1842	-1
1843	0
1844	-1
1845	0
1846	0
1847	-1
1848	0
1849	0
1850	0
1851	0
1852	0
1853	0
1854	0
1855	0
1856	0
1857	0
1858	0
1859	0
1860	0
1861	0
1862	0
1863	0
1864	0
1865	0
1866	0
1867	0
1868	0
1869	0
1870	0
1871	0
1872	0
1873	0
1874	0
1875	0
1876	0
1877	0
1878	0
1879	0
1880	0
1881	0
1882	0
1883	0
1884	0
1885	-1
1886	-1
1887	0
1888	-1
1889	0
1890	0
1891	0
1892	0
1893	0
1894	0
1895	0
1896	0
1897	-1
1898	0
1899	0
1900	0
1901	0
1902	0
1903	0
1904	0
1905	0
1906	0
1907	0
1908	0
1909	0
1910	0
1911	0
1912	0
1913	0
1914	0
1915	0
1916	0
1917	0
1918	0
1919	0
1920	-1
1921	0
1922	0
1923	-1
1924	0
1925	-1
1926	0
1927	0
1928	0
1929	0
1930	-2
1931	-1
1932	-2
1933	0
1934	-1
1935	0
1936	-1
1937	-1
1938	-1
1939	-1
1940	-1
1941	-1
1942	0
1943	0
1944	0
1945	0
1946	-1
1947	0
1948	0
1949	-1
1950	0
1951	0
1952	0
1953	-1
1954	-1
1955	-1
1956	0
1957	0
1958	-1
1959	0
1960	0
1961	0
1962	0
1963	0
1964	0
1965	0
1966	0
1967	0
1968	-1
1969	0
1970	0
1971	0
1972	0
1973	0
1974	0
1975	0
1976	0
1977	0
1978	0
1979	0
1980	0
1981	0
1982	0
1983	0
1984	0
1985	0
1986	-1
1987	0
1988	-1
1989	0
1990	0
1991	0
1992	0
1993	0
1994	0
1995	0
1996	0
1997	0
1998	0
1999	0
