0	0
1	0
2	0
3	0
4	0
5	0
6	0
7	0
8	0
9	0
10	0
11	0
12	0
13	1
14	0
15	0
16	0
17	1
18	0
19	1
20	0
21	0
22	0
23	0
24	0
25	0
26	0
27	0
28	0
29	0
30	0
31	0
32	0
33	0
34	0
35	0
36	0
37	0
38	0
39	0
40	0
41	-1
42	0
43	0
44	0
45	0
46	-1
47	0
48	-1
49	0
50	0
51	0
52	-1
53	0
54	-1
55	0
56	0
57	0
58	-1
59	0
60	0
61	0
62	0
63	0
64	0
65	0
66	0
67	0
68	0
69	0
70	0
71	0
72	0
73	0
74	0
75	0
76	0
77	0
78	0
79	0
80	0
81	0
82	0
83	0
84	-1
85	-1
86	-1
87	0
88	-1
89	0
90	-1
91	-1
92	-1
93	-1
94	0
95	0
96	0
97	-1
98	0
99	0
100	0
101	0
102	0
103	0
104	0
105	0
106	0
107	0
108	0
109	-1
110	0
111	0
112	0
113	0
114	0
115	0
116	0
117	0
118	0
119	0
120	0
121	0
122	0
123	-1
124	0
125	0
126	0
127	0
128	0
129	0
130	-1
131	0
132	0
133	0
134	-1
135	0
136	0
137	0
138	0
139	0
140	0
141	0
142	0
143	0
144	0
145	0
146	0
147	0
148	0
149	0
150	0
151	0
152	0
153	1
154	0
155	0
156	0
157	0
158	0
159	0
160	0
161	0
162	0
163	0
164	0
165	0
166	0
167	0
168	0
169	0
170	0
171	-1
172	0
173	0
174	0
175	0
176	0
177	0
178	0
179	0
180	-1
181	0
182	-1
183	0
184	0
185	0
186	0
187	0
188	-1
189	0
190	0
191	0
192	0
193	0
194	0
195	0
196	0
197	0
198	0
199	0
200	0
201	0
202	0
203	0
204	0
205	0
206	0
207	0
208	0
209	0
210	0
211	0
212	0
213	0
214	0
215	0
216	0
217	0
218	-1
219	0
220	-1
221	0
222	0
223	0
224	0
225	0
226	0
227	-1
228	0
229	0
230	-1
231	0
232	-1
233	0
234	0
235	0
236	0
237	-1
238	0
239	0
240	0
241	0
242	0
243	0
244	0
245	0
246	0
247	0
248	0
249	0
250	0
251	0
252	-1
253	-1
254	0
255	-1
256	0
257	0
258	0
259	-1
260	0
261	0
262	-1
263	-1
264	-1
265	-1
266	-2
267	0
268	-2
269	-1
270	-1
271	-1
272	0
273	0
274	-1
275	0
276	0
277	0
278	-1
279	0
280	0
281	0
282	0
283	0
284	0
285	0
286	0
287	0
288	0
289	1
290	0
291	1
292	0
293	0
294	0
295	0
296	0
297	0
298	0
299	0
300	0
301	0
302	0
303	0
304	0
305	0
306	0
307	0
308	0
309	0
310	-1
311	-1
312	0
313	0
314	0
315	0
316	0
317	0
318	-1
319	0
320	0
321	0
322	0
323	0
324	0
325	0
326	0
327	0
328	-1
329	0
330	-1
331	0
332	0
333	0
334	0
335	0
336	0
337	0
338	0
339	-1
340	0
341	0
342	0
343	0
344	0
345	0
346	0
347	0
348	0
349	0
350	0
351	0
352	0
353	0
354	0
355	0
356	0
357	0
358	0
359	0
360	-1
361	0
362	0
363	0
364	0
365	0
366	0
367	0
368	0
369	0
370	0
371	0
372	-1
373	0
374	0
375	0
376	0
377	0
378	-1
379	0
380	-1
381	0
382	0
383	0
384	-1
385	0
386	-1
387	0
388	0
389	0
390	-1
391	0
392	-1
393	-2
394	-2
395	-2
396	-1
397	-1
398	-2
399	-1
400	-2
401	-1
402	-1
403	-2
404	-2
405	-1
406	-3
407	0
408	-1
409	0
410	0
411	0
412	0
413	0
414	0
415	0
416	1
417	0
418	1
419	1
420	2
421	3
422	4
423	6
424	7
425	10
426	11
427	15
428	17
429	20
430	23
431	27
432	30
433	33
434	38
435	42
436	46
437	50
438	54
439	59
440	63
441	66
442	72
443	75
444	78
445	83
446	87
447	92
448	93
449	97
450	101
451	105
452	107
453	110
454	113
455	115
456	118
457	121
458	122
459	123
460	124
461	124
462	126
463	126
464	126
465	128
466	126
467	126
468	125
469	125
470	124
471	123
472	121
473	120
474	119
475	116
476	115
477	113
478	111
479	111
480	108
481	107
482	104
483	103
484	100
485	100
486	97
487	95
488	93
489	90
490	89
491	87
492	86
493	83
494	80
495	77
496	76
497	76
498	76
499	78
500	62
501	67
502	65
503	64
504	62
505	61
506	57
507	56
508	53
509	52
510	50
511	49
512	48
513	46
514	43
515	42
516	40
517	41
518	39
519	38
520	37
521	37
522	33
523	34
524	32
525	31
526	29
527	29
528	28
529	29
530	27
531	26
532	25
533	25
534	23
535	22
536	22
537	21
538	19
539	18
540	16
541	16
542	15
543	14
544	13
545	13
546	12
547	12
548	11
549	10
550	8
551	10
552	7
553	6
554	5
555	5
556	4
557	4
558	3
559	4
560	1
561	2
562	1
563	0
564	-1
565	0
566	-2
567	0
568	-4
569	-2
570	-5
571	-4
572	-4
573	-4
574	-5
575	-5
576	-6
577	-6
578	-6
579	-7
580	-7
581	-5
582	-5
583	-6
584	-6
585	-6
586	-7
587	-7
588	-7
589	-7
590	-7
591	-7
592	-7
593	-7
594	-7
595	-9
596	-7
597	-9
598	-8
599	-7
600	-9
601	-9
602	-10
603	-10
604	-9
605	-10
606	-9
607	-11
608	-10
609	-11
610	-10
611	-11
612	-11
613	-11
614	-12
615	-12
616	-11
617	-11
618	-12
619	-11
620	-12
621	-10
622	-11
623	-10
624	-12
625	-11
626	-12
627	-11
628	-13
629	-11
630	-11
631	-10
632	-11
633	-11
634	-12
635	-11
636	-12
637	-12
638	-12
639	-12
640	-11
641	-13
642	-12
643	-12
644	-12
645	-11
646	-12
647	-11
648	-12
649	-13
650	-14
651	-12
652	-13
653	-13
654	-13
655	-12
656	-12
657	-13
658	-13
659	-13
660	-12
661	-14
662	-12
663	-12
664	-12
665	-12
666	-11
667	-12
668	-13
669	-11
670	-11
671	-11
672	-11
673	-12
674	-11
675	-11
676	-11
677	-9
678	-11
679	-10
680	-11
681	-11
682	-11
683	-10
684	-9
685	-11
686	-11
687	-12
688	-11
689	-11
690	-12
691	-12
692	-11
693	-11
694	-12
695	-11
696	-12
697	-12
698	-13
699	-11
700	-13
701	-12
702	-12
703	-11
704	-13
705	-13
706	-12
707	-13
708	-12
709	-13
710	-13
711	-12
712	-14
713	-11
714	-13
715	-12
716	-12
717	-13
718	-12
719	-12
720	-11
721	-12
722	-13
723	-12
724	-13
725	-11
726	-12
727	-13
728	-12
729	-11
730	-12
731	-12
732	-12
733	-14
734	-12
735	-12
736	-11
737	-12
738	-13
739	-13
740	-12
741	-12
742	-11
743	-12
744	-12
745	-11
746	-12
747	-11
748	-12
749	-11
750	-14
751	-11
752	-13
753	-11
754	-12
755	-13
756	-13
757	-12
758	-14
759	-13
760	-13
761	-13
762	-13
763	-12
764	-13
765	-12
766	-13
767	-13
768	-12
769	-12
770	-12
771	-11
772	-11
773	-11
774	-11
775	-11
776	-11
777	-11
778	-12
779	-11
780	-11
781	-11
782	-12
783	-11
784	-10
785	-11
786	-11
787	-10
788	-11
789	-10
790	-11
791	-9
792	-11
793	-8
794	-11
795	-10
796	-9
797	-10
798	-10
799	-11
800	-10
801	-9
802	-10
803	-9
804	-9
805	-9
806	-9
807	-10
808	-9
809	-9
810	-9
811	-9
812	-9
813	-7
814	-11
815	-9
816	-9
817	-9
818	-9
819	-7
820	-10
821	-9
822	-7
823	-8
824	-7
825	-7
826	-8
827	-7
828	-8
829	-8
830	-8
831	-9
832	-8
833	-9
834	-11
835	-10
836	-11
837	-10
838	-10
839	-10
840	-10
841	-9
842	-10
843	-10
844	-10
845	-12
846	-11
847	-11
848	-11
849	-11
850	-12
851	-11
852	-11
853	-11
854	-12
855	-11
856	-12
857	-12
858	-12
859	-11
860	-12
861	-11
862	-12
863	-11
864	-12
865	-9
866	-10
867	-10
868	-11
869	-9
870	-11
871	-10
872	-10
873	-11
874	-9
875	-11
876	-11
877	-10
878	-9
879	-10
880	-11
881	-11
882	-11
883	-10
884	-11
885	-10
886	-11
887	-10
888	-11
889	-10
890	-11
891	-10
892	-11
893	-9
894	-11
895	-12
896	-9
897	-11
898	-11
899	-10
900	-10
901	-11
902	-11
903	-10
904	-10
905	-10
906	-10
907	-10
908	-10
909	-9
910	-11
911	-10
912	-10
913	-9
914	-10
915	-9
916	-11
917	-9
918	-10
919	-10
920	-10
921	-10
922	-10
923	-11
924	-10
925	-10
926	-11
927	-10
928	-10
929	-10
930	-10
931	-9
932	-11
933	-10
934	-11
935	-10
936	-11
937	-11
938	-11
939	-11
940	-12
941	-10
942	-11
943	-10
944	-11
945	-11
946	-12
947	-11
948	-11
949	-10
950	-11
951	-11
952	-11
953	-11
954	-12
955	-11
956	-13
957	-10
958	-12
959	-11
960	-12
961	-10
962	-11
963	-11
964	-11
965	-11
966	-11
967	-10
968	-12
969	-11
970	-10
971	-10
972	-10
973	-10
974	-11
975	-8
976	-10
977	-9
978	-10
979	-10
980	-9
981	-9
982	-7
983	-9
984	-10
985	-9
986	-11
987	-10
988	-11
989	-10
990	-10
991	-10
992	-11
993	-10
994	-10
995	-10
996	-10
997	-9
998	-10
999	-10
1000	-11
1001	-9
1002	-10
1003	-7
1004	-8
1005	-8
1006	-9
1007	-9
1008	-7
1009	-7
1010	-8
1011	-9
1012	-8
1013	-5
1014	-7
1015	-7
1016	-7
1017	-7
1018	-6
1019	-6
1020	-6
1021	-6
1022	-5
1023	-5
1024	-7
1025	-6
1026	-7
1027	-7
1028	-8
1029	-7
1030	-8
1031	-7
1032	-8
1033	-8
1034	-9
1035	-9
1036	-9
1037	-7
1038	-8
1039	-9
1040	-9
1041	-7
1042	-10
1043	-7
1044	-9
1045	-7
1046	-10
1047	-8
1048	-10
1049	-8
1050	-9
1051	-7
1052	-8
1053	-8
1054	-8
1055	-8
1056	-9
1057	-8
1058	-8
1059	-7
1060	-7
1061	-8
1062	-7
1063	-8
1064	-8
1065	-8
1066	-9
1067	-8
1068	-9
1069	-9
1070	-8
1071	-8
1072	-7
1073	-9
1074	-9
1075	-7
1076	-6
1077	-7
1078	-7
1079	-7
1080	-6
1081	-7
1082	-8
1083	-6
1084	-9
1085	-7
1086	-8
1087	-6
1088	-9
1089	-5
1090	-8
1091	-7
1092	-7
1093	-6
1094	-7
1095	-7
1096	-8
1097	-7
1098	-6
1099	-7
1100	-7
1101	-6
1102	-6
1103	-6
1104	-5
1105	-5
1106	-5
1107	-5
1108	-4
1109	-4
1110	-5
1111	-4
1112	-5
1113	-5
1114	-5
1115	-4
1116	-4
1117	-4
1118	-4
1119	-3
1120	-4
1121	-4
1122	-4
1123	-5
1124	-5
1125	-4
1126	-4
1127	-4
1128	-4
1129	-4
1130	-4
1131	-4
1132	-4
1133	-3
1134	-5
1135	-2
1136	-4
1137	-5
1138	-6
1139	-4
1140	-6
1141	-3
1142	-5
1143	-4
1144	-6
1145	-3
1146	-6
1147	-5
1148	-5
1149	-4
1150	-5
1151	-5
1152	-6
1153	-4
1154	-7
1155	-6
1156	-7
1157	-6
1158	-5
1159	-4
1160	-5
1161	-5
1162	-7
1163	-7
1164	-4
1165	-6
1166	-7
1167	-5
1168	-7
1169	-4
1170	-8
1171	-6
1172	-8
1173	-6
1174	-7
1175	-7
1176	-7
1177	-5
1178	-8
1179	-6
1180	-7
1181	-8
1182	-7
1183	-6
1184	-6
1185	-6
1186	-7
1187	-5
1188	-6
1189	-6
1190	-6
1191	-5
1192	-6
1193	-4
1194	-7
1195	-5
1196	-6
1197	-6
1198	-7
1199	-4
1200	-5
1201	-3
1202	-4
1203	-4
1204	-5
1205	-2
1206	-3
1207	-4
1208	-5
1209	-3
1210	-3
1211	-4
1212	-4
1213	-4
1214	-5
1215	-4
1216	-3
1217	-4
1218	-6
1219	-3
1220	-5
1221	-4
1222	-4
1223	-4
1224	-4
1225	-4
1226	-5
1227	-6
1228	-4
1229	-5
1230	-5
1231	-5
1232	-5
1233	-4
1234	-4
1235	-4
1236	-2
1237	-4
1238	-3
1239	-3
1240	-4
1241	-3
1242	-2
1243	-4
1244	-3
1245	-2
1246	-3
1247	-2
1248	-3
1249	-3
1250	-2
1251	-4
1252	-3
1253	-2
1254	-3
1255	-2
1256	-2
1257	-3
1258	-4
1259	-2
1260	-5
1261	-4
1262	-5
1263	-4
1264	-4
1265	-4
1266	-6
1267	-3
1268	-4
1269	-4
1270	-4
1271	-5
1272	-4
1273	-5
1274	-4
1275	-6
1276	-4
1277	-4
1278	-5
1279	-4
1280	-4
1281	-4
1282	-4
1283	-4
1284	-4
1285	-4
1286	-4
1287	-4
1288	-3
1289	-3
1290	-3
1291	-4
1292	-3
1293	-3
1294	-3
1295	-3
1296	-2
1297	-2
1298	-3
1299	-3
1300	-3
1301	-3
1302	-4
1303	-4
1304	-3
1305	-2
1306	-4
1307	-4
1308	-5
1309	-4
1310	-5
1311	-4
1312	-6
1313	-5
1314	-6
1315	-4
1316	-4
1317	-4
1318	-6
1319	-5
1320	-5
1321	-6
1322	-4
1323	-4
1324	-5
1325	-4
1326	-4
1327	-3
1328	-4
1329	-3
1330	-3
1331	-3
1332	-2
1333	-3
1334	-3
1335	-2
1336	-1
1337	-1
1338	-1
1339	-1
1340	-1
1341	-1
1342	-3
1343	-2
1344	-2
1345	-1
1346	-1
1347	-1
1348	-2
1349	-2
1350	-2
1351	-4
1352	-3
1353	-3
1354	-3
1355	-3
1356	-3
1357	-2
1358	-3
1359	-2
1360	-2
1361	-3
1362	-3
1363	-3
1364	-4
1365	-2
1366	-4
1367	-3
1368	-3
1369	-3
1370	-3
1371	-3
1372	-4
1373	-1
1374	-3
1375	-2
1376	-3
1377	-2
1378	-2
1379	-2
1380	-2
1381	-2
1382	-2
1383	-1
1384	-1
1385	-1
1386	-3
1387	-1
1388	-3
1389	-1
1390	-2
1391	-1
1392	-3
1393	-2
1394	-2
1395	-1
1396	-2
1397	-1
1398	-2
1399	-2
1400	-2
1401	-2
1402	-2
1403	-1
1404	0
1405	-1
1406	-2
1407	-1
1408	0
1409	-1
1410	-1
1411	-1
1412	0
1413	-1
1414	-1
1415	-1
1416	-1
1417	-2
1418	0
1419	0
1420	0
1421	-1
1422	-1
1423	0
1424	0
1425	0
1426	0
1427	0
1428	0
1429	0
1430	0
1431	1
1432	0
1433	0
1434	-1
1435	0
1436	0
1437	0
1438	-1
1439	0
1440	0
1441	0
1442	-1
1443	0
1444	0
1445	0
1446	0
1447	0
1448	0
1449	0
1450	0
1451	0
1452	0
1453	0
1454	-1
1455	0
1456	0
1457	0
1458	0
1459	0
1460	0
1461	0
1462	0
1463	0
1464	0
1465	0
1466	0
1467	0
1468	0
1469	0
1470	0
1471	0
1472	0
1473	0
1474	0
1475	0
1476	0
1477	0
1478	0
1479	0
1480	0
1481	0
1482	0
1483	0
1484	-1
1485	0
1486	-1
1487	-1
1488	-1
1489	-1
1490	-1
1491	-2
1492	-2
1493	-2
1494	-2
1495	-1
1496	-2
1497	0
1498	-1
1499	-1
1500	-1
1501	-1
1502	-2
1503	-1
1504	0
1505	-1
1506	-2
1507	-2
1508	-2
1509	-2
1510	0
1511	0
1512	-2
1513	-1
1514	-1
1515	-1
1516	-1
1517	0
1518	-1
1519	-2
1520	-1
1521	-2
1522	-2
1523	-2
1524	-1
1525	-2
1526	-2
1527	-1
1528	-3
1529	-2
1530	-2
1531	-2
1532	-3
1533	-3
1534	-3
1535	-4
1536	-3
1537	-3
1538	-3
1539	-2
1540	-3
1541	-2
1542	-4
1543	-2
1544	-2
1545	-3
1546	-2
1547	-1
1548	-2
1549	0
1550	-1
1551	-1
1552	-1
1553	-1
1554	-1
1555	-1
1556	-2
1557	-1
1558	-2
1559	0
1560	-2
1561	0
1562	-1
1563	0
1564	-1
1565	0
1566	-1
1567	0
1568	0
1569	0
1570	-1
1571	-1
1572	-2
1573	-1
1574	-1
1575	-1
1576	-1
1577	-2
1578	-1
1579	-1
1580	-2
1581	0
1582	-1
1583	0
1584	-2
1585	-1
1586	-2
1587	-2
1588	-3
1589	-2
1590	-3
1591	-1
1592	-2
1593	-2
1594	-2
1595	-2
1596	-2
1597	-3
1598	-2
1599	-2
1600	-2
1601	-2
1602	-2
1603	-2
1604	-2
1605	-3
1606	-3
1607	-3
1608	-1
1609	-2
1610	-2
1611	-2
1612	-2
1613	-1
1614	-2
1615	-1
1616	-2
1617	-2
1618	-4
1619	-2
1620	-2
1621	-2
1622	-3
1623	-2
1624	-2
1625	-2
1626	-2
1627	-2
1628	-2
1629	-2
1630	-2
1631	-3
1632	-2
1633	-2
1634	-2
1635	-2
1636	-1
1637	-1
1638	-1
1639	-1
1640	-1
1641	0
1642	0
1643	0
1644	-1
1645	-1
1646	0
1647	-1
1648	0
1649	-1
1650	-1
1651	0
1652	0
1653	0
1654	0
1655	0
1656	-2
1657	-1
1658	-2
1659	-1
1660	-2
1661	-3
1662	-2
1663	-2
1664	-2
1665	-3
1666	-2
1667	-2
1668	-1
1669	-3
1670	-1
1671	-2
1672	-2
1673	-2
1674	-2
1675	-3
1676	-1
1677	-2
1678	-1
1679	0
1680	-1
1681	-1
1682	-1
1683	-1
1684	-1
1685	-1
1686	-1
1687	-1
1688	-2
1689	-2
1690	-2
1691	-1
1692	-2
1693	0
1694	-2
1695	-1
1696	-1
1697	0
1698	-2
1699	-1
1700	-1
1701	-1
1702	-3
1703	-1
1704	-3
1705	-1
1706	-2
1707	-2
1708	-3
1709	-1
1710	-3
1711	-1
1712	-3
1713	-1
1714	-3
1715	-2
1716	-2
1717	-2
1718	-1
1719	0
1720	-2
1721	-1
1722	-1
1723	-1
1724	-1
1725	0
1726	-1
1727	0
1728	-1
1729	0
1730	-1
1731	0
1732	-1
1733	0
1734	-1
1735	0
1736	-1
1737	0
1738	-1
1739	0
1740	-1
1741	-1
1742	-2
1743	-2
1744	-2
1745	-1
1746	-2
1747	-2
1748	-1
1749	-2
1750	-1
1751	-2
1752	-1
1753	-2
1754	-1
1755	0
1756	0
1757	0
1758	0
1759	0
1760	0
1761	0
1762	0
1763	0
1764	0
1765	0
1766	0
1767	0
1768	-1
1769	0
1770	0
1771	0
1772	0
1773	-1
1774	0
1775	0
1776	0
1777	0
1778	-2
1779	0
1780	-1
1781	-1
1782	-1
1783	0
1784	-1
1785	0
1786	-2
1787	-1
1788	-1
1789	0
1790	-1
1791	-1
1792	-2
1793	0
1794	-2
1795	0
1796	-1
1797	0
1798	-1
1799	0
1800	-1
1801	-1
1802	-1
1803	-2
1804	-1
1805	0
1806	0
1807	0
1808	-1
1809	0
1810	0
1811	0
1812	0
1813	0
1814	0
1815	0
1816	0
1817	0
1818	0
1819	1
1820	0
1821	0
1822	0
1823	0
1824	0
1825	0
1826	0
1827	0
1828	-1
1829	0
1830	0
1831	0
1832	0
1833	0
1834	0
1835	0
1836	0
1837	-1
1838	0
1839	-1
1840	0
1841	-1
1842	-1
1843	-1
1844	-2
1845	-2
1846	-2
1847	-2
1848	-3
1849	-3
1850	-3
1851	-3
1852	-2
1853	-2
1854	-3
1855	-2
1856	-2
1857	-2
1858	-2
1859	0
1860	0
1861	0
1862	-1
1863	0
1864	0
1865	0
1866	0
1867	1
1868	0
1869	0
1870	0
1871	0
1872	0
1873	1
1874	1
1875	1
1876	2
1877	2
1878	1
1879	2
1880	1
1881	1
1882	2
1883	2
1884	1
1885	2
1886	2
1887	2
1888	2
1889	2
1890	2
1891	3
1892	3
1893	2
1894	2
1895	1
1896	2
1897	2
1898	1
1899	2
1900	1
1901	2
1902	1
1903	1
1904	1
1905	1
1906	1
1907	1
1908	0
1909	1
1910	1
1911	0
1912	1
1913	1
1914	0
1915	1
1916	1
1917	1
1918	1
1919	0
1920	1
1921	1
1922	1
1923	2
1924	2
1925	0
1926	2
1927	1
1928	2
1929	2
1930	0
1931	2
1932	1
1933	2
1934	3
1935	1
1936	1
1937	2
1938	1
1939	2
1940	2
1941	2
1942	2
1943	3
1944	2
1945	2
1946	2
1947	3
1948	1
1949	2
1950	1
1951	2
1952	2
1953	2
1954	1
1955	2
1956	0
1957	1
1958	2
1959	1
1960	2
1961	1
1962	1
1963	2
1964	0
1965	0
1966	0
1967	2
1968	1
1969	1
1970	0
1971	1
1972	1
1973	1
1974	0
1975	1
1976	1
1977	1
1978	1
1979	1
1980	3
1981	2
1982	2
1983	2
1984	2
1985	3
1986	3
1987	3
1988	3
1989	1
1990	2
1991	2
1992	2
1993	2
1994	3
1995	2
1996	3
1997	2
1998	3
1999	3
