0	0
1	0
2	0
3	0
4	0
5	0
6	0
7	1
8	0
9	1
10	0
11	1
12	0
13	1
14	0
15	1
16	0
17	0
18	0
19	0
20	0
21	0
22	0
23	1
24	0
25	0
26	0
27	1
28	0
29	1
30	0
31	0
32	0
33	1
34	0
35	0
36	0
37	0
38	0
39	1
40	0
41	0
42	0
43	0
44	0
45	1
46	0
47	1
48	0
49	0
50	0
51	0
52	0
53	0
54	0
55	0
56	0
57	0
58	0
59	0
60	0
61	1
62	0
63	1
64	0
65	0
66	0
67	0
68	0
69	1
70	0
71	0
72	0
73	0
74	0
75	0
76	0
77	0
78	0
79	0
80	0
81	1
82	0
83	0
84	0
85	0
86	0
87	0
88	0
89	0
90	0
91	-1
92	0
93	0
94	0
95	0
96	0
97	0
98	0
99	0
100	0
101	0
102	0
103	0
104	0
105	0
106	0
107	0
108	0
109	0
110	0
111	0
112	0
113	0
114	0
115	0
116	0
117	0
118	0
119	2
120	0
121	2
122	1
123	2
124	0
125	2
126	1
127	1
128	1
129	1
130	0
131	1
132	0
133	1
134	0
135	0
136	0
137	0
138	0
139	0
140	-1
141	0
142	-1
143	0
144	0
145	0
146	0
147	-1
148	0
149	0
150	0
151	0
152	0
153	1
154	0
155	1
156	0
157	2
158	0
159	2
160	1
161	1
162	0
163	0
164	1
165	0
166	0
167	0
168	1
169	0
170	0
171	1
172	0
173	2
174	1
175	0
176	0
177	1
178	1
179	2
180	0
181	2
182	0
183	1
184	0
185	1
186	0
187	1
188	0
189	0
190	0
191	0
192	0
193	0
194	0
195	0
196	0
197	1
198	0
199	0
200	0
201	0
202	0
203	0
204	0
205	0
206	0
207	0
208	0
209	0
210	0
211	1
212	0
213	1
214	0
215	1
216	0
217	1
218	0
219	1
220	1
221	0
222	2
223	2
224	1
225	0
226	0
227	1
228	0
229	1
230	0
231	0
232	0
233	0
234	0
235	0
236	0
237	-1
238	-1
239	0
240	-1
241	0
242	0
243	0
244	0
245	0
246	0
247	0
248	0
249	1
250	0
251	0
252	0
253	1
254	0
255	0
256	0
257	0
258	0
259	0
260	0
261	1
262	1
263	0
264	1
265	0
266	1
267	0
268	1
269	1
270	1
271	0
272	0
273	0
274	0
275	0
276	0
277	0
278	0
279	0
280	0
281	0
282	0
283	0
284	0
285	0
286	0
287	0
288	-1
289	0
290	0
291	0
292	0
293	0
294	0
295	0
296	-1
297	1
298	0
299	0
300	0
301	0
302	0
303	0
304	0
305	0
306	0
307	0
308	0
309	1
310	0
311	1
312	1
313	0
314	1
315	0
316	0
317	0
318	0
319	0
320	0
321	1
322	0
323	1
324	0
325	0
326	0
327	0
328	0
329	0
330	0
331	0
332	0
333	0
334	0
335	0
336	0
337	0
338	0
339	0
340	0
341	0
342	0
343	1
344	0
345	0
346	0
347	0
348	0
349	1
350	0
351	0
352	0
353	1
354	0
355	0
356	0
357	0
358	1
359	0
360	1
361	1
362	0
363	0
364	0
365	0
366	0
367	0
368	0
369	0
370	0
371	0
372	0
373	0
374	0
375	0
376	0
377	0
378	0
379	0
380	0
381	0
382	0
383	0
384	0
385	0
386	0
387	0
388	0
389	1
390	0
391	0
392	0
393	0
394	0
395	0
396	0
397	0
398	0
399	1
400	0
401	0
402	0
403	0
404	0
405	0
406	0
407	0
408	0
409	1
410	0
411	2
412	1
413	2
414	2
415	4
416	4
417	7
418	8
419	14
420	15
421	20
422	22
423	26
424	31
425	37
426	39
427	45
428	50
429	56
430	61
431	67
432	70
433	76
434	79
435	86
436	91
437	97
438	102
439	108
440	111
441	118
442	121
443	128
444	131
445	136
446	141
447	145
448	151
449	154
450	159
451	161
452	163
453	167
454	171
455	171
456	173
457	176
458	175
459	176
460	176
461	176
462	177
463	176
464	176
465	175
466	173
467	171
468	169
469	167
470	164
471	162
472	159
473	157
474	153
475	151
476	145
477	145
478	139
479	138
480	133
481	131
482	125
483	123
484	119
485	116
486	112
487	109
488	106
489	103
490	100
491	96
492	91
493	90
494	87
495	84
496	79
497	78
498	77
499	78
500	62
501	66
502	64
503	63
504	58
505	56
506	53
507	51
508	50
509	47
510	46
511	44
512	39
513	39
514	38
515	37
516	33
517	34
518	32
519	31
520	28
521	27
522	26
523	26
524	23
525	25
526	22
527	22
528	21
529	20
530	18
531	16
532	14
533	14
534	14
535	14
536	13
537	12
538	11
539	11
540	9
541	7
542	8
543	6
544	6
545	5
546	5
547	4
548	1
549	3
550	0
551	2
552	0
553	0
554	-1
555	0
556	-2
557	-2
558	-3
559	-4
560	-4
561	-5
562	-4
563	-5
564	-7
565	-6
566	-7
567	-7
568	-9
569	-8
570	-9
571	-8
572	-9
573	-10
574	-10
575	-11
576	-10
577	-11
578	-11
579	-11
580	-11
581	-11
582	-12
583	-12
584	-12
585	-12
586	-13
587	-12
588	-13
589	-13
590	-13
591	-12
592	-13
593	-12
594	-12
595	-12
596	-14
597	-13
598	-14
599	-13
600	-14
601	-14
602	-14
603	-13
604	-14
605	-14
606	-14
607	-15
608	-14
609	-13
610	-14
611	-12
612	-14
613	-13
614	-14
615	-13
616	-14
617	-14
618	-15
619	-15
620	-15
621	-14
622	-16
623	-14
624	-15
625	-15
626	-15
627	-15
628	-15
629	-15
630	-16
631	-14
632	-16
633	-15
634	-16
635	-15
636	-15
637	-15
638	-15
639	-14
640	-15
641	-14
642	-15
643	-14
644	-16
645	-15
646	-14
647	-14
648	-15
649	-14
650	-14
651	-13
652	-14
653	-14
654	-14
655	-14
656	-15
657	-14
658	-14
659	-14
660	-15
661	-15
662	-15
663	-14
664	-15
665	-15
666	-15
667	-14
668	-16
669	-15
670	-15
671	-15
672	-15
673	-15
674	-16
675	-16
676	-16
677	-15
678	-15
679	-15
680	-16
681	-14
682	-15
683	-15
684	-15
685	-16
686	-15
687	-16
688	-16
689	-15
690	-15
691	-15
692	-16
693	-15
694	-15
695	-15
696	-15
697	-14
698	-15
699	-15
700	-13
701	-15
702	-15
703	-14
704	-15
705	-15
706	-14
707	-14
708	-15
709	-14
710	-16
711	-14
712	-15
713	-14
714	-16
715	-15
716	-15
717	-15
718	-16
719	-16
720	-16
721	-16
722	-17
723	-17
724	-16
725	-17
726	-16
727	-16
728	-16
729	-16
730	-16
731	-15
732	-16
733	-14
734	-16
735	-14
736	-16
737	-14
738	-13
739	-14
740	-13
741	-14
742	-14
743	-14
744	-14
745	-13
746	-13
747	-13
748	-14
749	-13
750	-13
751	-14
752	-14
753	-14
754	-14
755	-14
756	-14
757	-14
758	-15
759	-15
760	-15
761	-15
762	-15
763	-15
764	-14
765	-15
766	-15
767	-15
768	-15
769	-15
770	-15
771	-15
772	-15
773	-15
774	-16
775	-15
776	-16
777	-15
778	-16
779	-14
780	-16
781	-15
782	-16
783	-15
784	-16
785	-15
786	-16
787	-15
788	-16
789	-15
790	-15
791	-15
792	-16
793	-15
794	-16
795	-16
796	-15
797	-15
798	-15
799	-16
800	-14
801	-15
802	-15
803	-14
804	-15
805	-14
806	-15
807	-14
808	-15
809	-14
810	-15
811	-15
812	-15
813	-15
814	-15
815	-14
816	-15
817	-14
818	-15
819	-14
820	-13
821	-14
822	-14
823	-15
824	-13
825	-14
826	-14
827	-14
828	-13
829	-13
830	-14
831	-13
832	-13
833	-14
834	-14
835	-13
836	-12
837	-13
838	-13
839	-14
840	-15
841	-15
842	-13
843	-13
844	-14
845	-14
846	-14
847	-13
848	-15
849	-13
850	-13
851	-12
852	-13
853	-13
854	-14
855	-13
856	-13
857	-12
858	-14
859	-13
860	-13
861	-12
862	-15
863	-12
864	-14
865	-12
866	-14
867	-12
868	-14
869	-13
870	-14
871	-12
872	-13
873	-12
874	-14
875	-10
876	-13
877	-12
878	-12
879	-11
880	-12
881	-11
882	-12
883	-11
884	-12
885	-12
886	-14
887	-11
888	-14
889	-12
890	-13
891	-12
892	-13
893	-11
894	-12
895	-11
896	-13
897	-11
898	-13
899	-13
900	-12
901	-13
902	-12
903	-11
904	-12
905	-12
906	-12
907	-13
908	-14
909	-12
910	-13
911	-13
912	-12
913	-12
914	-13
915	-12
916	-12
917	-11
918	-12
919	-12
920	-12
921	-13
922	-12
923	-14
924	-12
925	-12
926	-12
927	-13
928	-13
929	-12
930	-14
931	-11
932	-12
933	-12
934	-11
935	-11
936	-11
937	-14
938	-12
939	-11
940	-11
941	-11
942	-11
943	-11
944	-10
945	-10
946	-11
947	-10
948	-11
949	-9
950	-10
951	-10
952	-10
953	-11
954	-10
955	-10
956	-8
957	-10
958	-10
959	-10
960	-11
961	-9
962	-10
963	-9
964	-10
965	-8
966	-9
967	-8
968	-11
969	-8
970	-9
971	-9
972	-9
973	-7
974	-9
975	-9
976	-9
977	-8
978	-9
979	-7
980	-8
981	-8
982	-9
983	-9
984	-9
985	-9
986	-9
987	-9
988	-9
989	-9
990	-9
991	-9
992	-10
993	-10
994	-10
995	-9
996	-8
997	-9
998	-9
999	-9
1000	-10
1001	-10
1002	-10
1003	-9
1004	-8
1005	-10
1006	-9
1007	-8
1008	-10
1009	-8
1010	-9
1011	-8
1012	-10
1013	-8
1014	-9
1015	-9
1016	-9
1017	-8
1018	-9
1019	-8
1020	-10
1021	-9
1022	-9
1023	-8
1024	-9
1025	-8
1026	-9
1027	-9
1028	-8
1029	-8
1030	-7
1031	-8
1032	-8
1033	-8
1034	-8
1035	-9
1036	-9
1037	-8
1038	-9
1039	-8
1040	-8
1041	-7
1042	-9
1043	-7
1044	-8
1045	-6
1046	-8
1047	-5
1048	-8
1049	-6
1050	-8
1051	-6
1052	-7
1053	-6
1054	-7
1055	-6
1056	-7
1057	-7
1058	-7
1059	-6
1060	-5
1061	-5
1062	-5
1063	-4
1064	-5
1065	-4
1066	-5
1067	-4
1068	-4
1069	-3
1070	-4
1071	-3
1072	-4
1073	-3
1074	-4
1075	-2
1076	-3
1077	-1
1078	-3
1079	-1
1080	-2
1081	-1
1082	-1
1083	0
1084	-1
1085	0
1086	0
1087	0
1088	-2
1089	0
1090	-1
1091	0
1092	-1
1093	0
1094	0
1095	0
1096	-1
1097	0
1098	-1
1099	0
1100	0
1101	-1
1102	-1
1103	0
1104	-1
1105	0
1106	-1
1107	-2
1108	-3
1109	0
1110	-2
1111	-2
1112	-3
1113	-2
1114	-4
1115	-4
1116	-5
1117	-4
1118	-5
1119	-4
1120	-5
1121	-3
1122	-5
1123	-4
1124	-5
1125	-4
1126	-6
1127	-5
1128	-6
1129	-4
1130	-7
1131	-4
1132	-6
1133	-4
1134	-4
1135	-2
1136	-6
1137	-3
1138	-5
1139	-4
1140	-4
1141	-1
1142	-2
1143	-2
1144	-3
1145	-3
1146	-4
1147	-3
1148	-2
1149	-1
1150	-2
1151	-1
1152	0
1153	-1
1154	-2
1155	0
1156	0
1157	0
1158	0
1159	0
1160	0
1161	0
1162	-1
1163	0
1164	0
1165	0
1166	-1
1167	0
1168	-1
1169	0
1170	-1
1171	0
1172	0
1173	0
1174	0
1175	0
1176	0
1177	1
1178	-1
1179	0
1180	0
1181	0
1182	0
1183	2
1184	0
1185	1
1186	0
1187	0
1188	0
1189	1
1190	1
1191	2
1192	0
1193	1
1194	0
1195	1
1196	0
1197	2
1198	2
1199	2
1200	1
1201	1
1202	1
1203	1
1204	1
1205	1
1206	0
1207	1
1208	0
1209	0
1210	-1
1211	-1
1212	-1
1213	-1
1214	-3
1215	-2
1216	-4
1217	-2
1218	-3
1219	-3
1220	-4
1221	-4
1222	-4
1223	-3
1224	-4
1225	-2
1226	-3
1227	-4
1228	-4
1229	-4
1230	-4
1231	-3
1232	-4
1233	-4
1234	-3
1235	-3
1236	-4
1237	-2
1238	-3
1239	-3
1240	-3
1241	-3
1242	-3
1243	-2
1244	-3
1245	-2
1246	-4
1247	-4
1248	-4
1249	-4
1250	-4
1251	-3
1252	-4
1253	-4
1254	-6
1255	-3
1256	-4
1257	-4
1258	-5
1259	-5
1260	-4
1261	-5
1262	-5
1263	-4
1264	-4
1265	-5
1266	-6
1267	-5
1268	-6
1269	-6
1270	-6
1271	-5
1272	-5
1273	-4
1274	-5
1275	-4
1276	-5
1277	-5
1278	-5
1279	-4
1280	-3
1281	-3
1282	-3
1283	-2
1284	-3
1285	-3
1286	-3
1287	-3
1288	-3
1289	-3
1290	-3
1291	-2
1292	-3
1293	-3
1294	-1
1295	-1
1296	-1
1297	-1
1298	-3
1299	-2
1300	-2
1301	-1
1302	-2
1303	-1
1304	-2
1305	0
1306	-3
1307	0
1308	-3
1309	-1
1310	0
1311	0
1312	0
1313	-1
1314	0
1315	-1
1316	-1
1317	-2
1318	-1
1319	-1
1320	0
1321	0
1322	0
1323	-1
1324	-1
1325	0
1326	-1
1327	0
1328	0
1329	0
1330	-1
1331	0
1332	-2
1333	-2
1334	-1
1335	-1
1336	-3
1337	-2
1338	-4
1339	-3
1340	-3
1341	-3
1342	-4
1343	-3
1344	-3
1345	-4
1346	-5
1347	-3
1348	-4
1349	-4
1350	-5
1351	-5
1352	-5
1353	-3
1354	-5
1355	-4
1356	-5
1357	-4
1358	-5
1359	-5
1360	-4
1361	-5
1362	-5
1363	-3
1364	-5
1365	-3
1366	-4
1367	-2
1368	-4
1369	-3
1370	-3
1371	-4
1372	-3
1373	-4
1374	-4
1375	-3
1376	-3
1377	-2
1378	-3
1379	-4
1380	-4
1381	-2
1382	-4
1383	-3
1384	-3
1385	-3
1386	-3
1387	-2
1388	-3
1389	-3
1390	-3
1391	-3
1392	-3
1393	-3
1394	-3
1395	-3
1396	-3
1397	-2
1398	-3
1399	-4
1400	-2
1401	-2
1402	-3
1403	-3
1404	-2
1405	-2
1406	-2
1407	-2
1408	-1
1409	0
1410	0
1411	0
1412	0
1413	0
1414	0
1415	-1
1416	-1
1417	-1
1418	0
1419	0
1420	-1
1421	0
1422	-1
1423	0
1424	0
1425	0
1426	-1
1427	-1
1428	-2
1429	-1
1430	0
1431	0
1432	-2
1433	-1
1434	-2
1435	-1
1436	-1
1437	-1
1438	0
1439	-1
1440	-1
1441	0
1442	0
1443	0
1444	-1
1445	0
1446	0
1447	0
1448	-1
1449	0
1450	-1
1451	-1
1452	-2
1453	-2
1454	-1
1455	-1
1456	-2
1457	-1
1458	-1
1459	-1
1460	-1
1461	-1
1462	-2
1463	-2
1464	-2
1465	-1
1466	-2
1467	-1
1468	-2
1469	-2
1470	-3
1471	-2
1472	-2
1473	-2
1474	-2
1475	-2
1476	-3
1477	-3
1478	-3
1479	-2
1480	-2
1481	-3
1482	-3
1483	-2
1484	-2
1485	-3
1486	-3
1487	-2
1488	-3
1489	-1
1490	-3
1491	-1
1492	-2
1493	-2
1494	-2
1495	-2
1496	-2
1497	-2
1498	-3
1499	-2
1500	-2
1501	-2
1502	-1
1503	-2
1504	-1
1505	-2
1506	-1
1507	-1
1508	-2
1509	-1
1510	-3
1511	-1
1512	-2
1513	-1
1514	-2
1515	0
1516	-2
1517	-1
1518	-1
1519	-3
1520	0
1521	-1
1522	-1
1523	-1
1524	-1
1525	0
1526	0
1527	-1
1528	-1
1529	-1
1530	-1
1531	0
1532	-1
1533	0
1534	0
1535	0
1536	0
1537	0
1538	-1
1539	0
1540	0
1541	0
1542	-1
1543	0
1544	-1
1545	-1
1546	-1
1547	0
1548	-1
1549	0
1550	-1
1551	-1
1552	0
1553	0
1554	-1
1555	-1
1556	-1
1557	-1
1558	-1
1559	0
1560	-2
1561	0
1562	-3
1563	-1
1564	-2
1565	-1
1566	-3
1567	-2
1568	-2
1569	-2
1570	-2
1571	-1
1572	-1
1573	-1
1574	-2
1575	0
1576	-2
1577	-1
1578	-1
1579	-1
1580	-1
1581	-1
1582	-1
1583	-2
1584	-1
1585	-2
1586	0
1587	-1
1588	-1
1589	-1
1590	-1
1591	-1
1592	0
1593	0
1594	-1
1595	-1
1596	-1
1597	-1
1598	0
1599	-2
1600	-2
1601	-2
1602	-2
1603	-2
1604	-1
1605	-1
1606	-1
1607	-1
1608	-2
1609	-1
1610	-1
1611	0
1612	-2
1613	-1
1614	-1
1615	0
1616	0
1617	-1
1618	0
1619	0
1620	-1
1621	0
1622	0
1623	-1
1624	0
1625	0
1626	0
1627	0
1628	0
1629	0
1630	-2
1631	0
1632	-1
1633	0
1634	-2
1635	0
1636	-1
1637	0
1638	-1
1639	0
1640	-2
1641	0
1642	-1
1643	0
1644	-1
1645	0
1646	-1
1647	0
1648	-1
1649	0
1650	-1
1651	0
1652	-1
1653	0
1654	-2
1655	0
1656	-1
1657	0
1658	-1
1659	0
1660	-1
1661	0
1662	-1
1663	0
1664	-1
1665	0
1666	-1
1667	-2
1668	-1
1669	-1
1670	-2
1671	-1
1672	-1
1673	-1
1674	-1
1675	0
1676	0
1677	-1
1678	0
1679	-1
1680	0
1681	-1
1682	0
1683	0
1684	-1
1685	0
1686	0
1687	0
1688	0
1689	0
1690	0
1691	0
1692	-1
1693	0
1694	0
1695	0
1696	-1
1697	0
1698	0
1699	0
1700	0
1701	0
1702	-1
1703	0
1704	-1
1705	0
1706	-1
1707	0
1708	0
1709	0
1710	-1
1711	0
1712	-2
1713	0
1714	-2
1715	0
1716	-1
1717	-1
1718	-1
1719	-1
1720	-1
1721	-2
1722	-1
1723	-1
1724	0
1725	0
1726	-1
1727	0
1728	0
1729	0
1730	-1
1731	0
1732	0
1733	0
1734	0
1735	0
1736	0
1737	1
1738	0
1739	0
1740	0
1741	1
1742	0
1743	1
1744	0
1745	0
1746	0
1747	1
1748	0
1749	0
1750	-1
1751	0
1752	-1
1753	0
1754	0
1755	0
1756	0
1757	-1
1758	0
1759	0
1760	0
1761	0
1762	0
1763	0
1764	0
1765	0
1766	-1
1767	0
1768	0
1769	0
1770	-1
1771	-1
1772	-1
1773	0
1774	-1
1775	0
1776	-1
1777	0
1778	0
1779	0
1780	0
1781	0
1782	0
1783	0
1784	-2
1785	0
1786	-2
1787	0
1788	-1
1789	0
1790	0
1791	0
1792	0
1793	0
1794	0
1795	0
1796	0
1797	0
1798	0
1799	0
1800	-1
1801	0
1802	0
1803	0
1804	0
1805	0
1806	0
1807	0
1808	0
1809	0
1810	0
1811	0
1812	0
1813	0
1814	0
1815	-1
1816	0
1817	0
1818	0
1819	-1
1820	-1
1821	0
1822	0
1823	-1
1824	-1
1825	-1
1826	-1
1827	-1
1828	-1
1829	0
1830	-1
1831	0
1832	0
1833	0
1834	-1
1835	-1
1836	0
1837	-1
1838	0
1839	0
1840	0
1841	1
1842	0
1843	1
1844	0
1845	1
1846	1
1847	0
1848	1
1849	1
1850	1
1851	0
1852	0
1853	0
1854	0
1855	0
1856	1
1857	0
1858	0
1859	0
1860	0
1861	0
1862	0
1863	0
1864	0
1865	0
1866	0
1867	0
1868	0
1869	0
1870	0
1871	0
1872	0
1873	0
1874	0
1875	0
1876	-2
1877	-1
1878	0
1879	0
1880	-1
1881	0
1882	0
1883	-1
1884	0
1885	-1
1886	-1
1887	0
1888	0
1889	0
1890	0
1891	0
1892	0
1893	-1
1894	0
1895	0
1896	0
1897	0
1898	0
1899	0
1900	-1
1901	0
1902	0
1903	-1
1904	0
1905	0
1906	0
1907	-1
1908	0
1909	0
1910	-1
1911	0
1912	0
1913	0
1914	-1
1915	0
1916	0
1917	0
1918	-1
1919	-1
1920	0
1921	-1
1922	-1
1923	-1
1924	-1
1925	0
1926	-1
1927	0
1928	-1
1929	-2
1930	0
1931	0
1932	-2
1933	-1
1934	-2
1935	-1
1936	0
1937	0
1938	-1
1939	0
1940	-1
1941	-1
1942	0
1943	0
1944	0
1945	0
1946	0
1947	0
1948	-1
1949	0
1950	0
1951	0
1952	0
1953	0
1954	-1
1955	0
1956	0
1957	0
1958	0
1959	0
1960	-1
1961	0
1962	0
1963	1
1964	0
1965	1
1966	0
1967	0
1968	0
1969	1
1970	0
1971	1
1972	0
1973	0
1974	0
1975	0
1976	0
1977	0
1978	0
1979	0
1980	0
1981	0
1982	0
1983	0
1984	0
1985	0
1986	0
1987	0
1988	0
1989	0
1990	0
1991	0
1992	0
1993	0
1994	0
1995	0
1996	-1
1997	0
1998	0
1999	0
