0	0
1	0
2	0
3	0
4	0
5	0
6	0
7	0
8	0
9	0
10	0
11	0
12	0
13	0
14	0
15	0
16	0
17	0
18	0
19	0
20	0
21	0
22	0
23	0
24	0
25	0
26	0
27	0
28	0
29	0
30	0
31	0
32	0
33	0
34	0
35	0
36	0
37	0
38	0
39	0
40	0
41	0
42	0
43	0
44	0
45	0
46	0
47	0
48	0
49	0
50	0
51	0
52	0
53	0
54	0
55	0
56	0
57	0
58	0
59	0
60	-1
61	0
62	0
63	0
64	0
65	0
66	0
67	0
68	0
69	0
70	0
71	0
72	0
73	0
74	0
75	0
76	0
77	0
78	0
79	0
80	0
81	0
82	0
83	0
84	0
85	0
86	0
87	0
88	0
89	0
90	0
91	0
92	0
93	0
94	0
95	0
96	0
97	0
98	0
99	0
100	0
101	0
102	0
103	0
104	0
105	0
106	0
107	0
108	0
109	0
110	0
111	0
112	0
113	0
114	0
115	0
116	0
117	0
118	0
119	0
120	0
121	0
122	0
123	0
124	0
125	0
126	0
127	0
128	0
129	0
130	0
131	0
132	0
133	0
134	0
135	0
136	0
137	0
138	0
139	0
140	0
141	0
142	0
143	0
144	0
145	0
146	0
147	0
148	0
149	0
150	0
151	0
152	0
153	0
154	0
155	0
156	0
157	0
158	0
159	0
160	0
161	0
162	0
163	0
164	0
165	0
166	0
167	0
168	0
169	0
170	0
171	0
172	0
173	0
174	0
175	0
176	0
177	0
178	0
179	0
180	0
181	0
182	0
183	0
184	0
185	0
186	0
187	0
188	0
189	0
190	0
191	0
192	0
193	0
194	0
195	0
196	0
197	0
198	0
199	0
200	0
201	0
202	0
203	0
204	0
205	0
206	0
207	0
208	0
209	0
210	0
211	0
212	0
213	0
214	0
215	0
216	0
217	0
218	0
219	0
220	0
221	0
222	0
223	0
224	0
225	0
226	0
227	0
228	0
229	0
230	0
231	0
232	0
233	0
234	0
235	0
236	0
237	0
238	0
239	0
240	0
241	0
242	0
243	0
244	0
245	0
246	0
247	0
248	0
249	0
250	0
251	0
252	-1
253	0
254	0
255	0
256	0
257	0
258	0
259	0
260	0
261	0
262	0
263	0
264	0
265	0
266	0
267	0
268	0
269	0
270	0
271	0
272	0
273	0
274	0
275	0
276	0
277	0
278	0
279	0
280	0
281	0
282	0
283	0
284	0
285	0
286	0
287	0
288	0
289	0
290	0
291	0
292	0
293	0
294	0
295	0
296	0
297	0
298	0
299	0
300	0
301	0
302	0
303	0
304	0
305	0
306	0
307	0
308	0
309	0
310	0
311	0
312	0
313	0
314	0
315	0
316	0
317	1
318	0
319	0
320	0
321	0
322	0
323	0
324	0
325	0
326	0
327	0
328	0
329	0
330	0
331	0
332	0
333	0
334	0
335	0
336	0
337	0
338	0
339	0
340	0
341	0
342	0
343	0
344	0
345	0
346	0
347	0
348	0
349	0
350	0
351	0
352	0
353	0
354	0
355	0
356	0
357	0
358	0
359	0
360	0
361	0
362	0
363	0
364	0
365	0
366	0
367	0
368	0
369	0
370	0
371	0
372	0
373	0
374	0
375	0
376	0
377	0
378	0
379	0
380	0
381	0
382	0
383	0
384	-1
385	0
386	0
387	0
388	0
389	0
390	0
391	0
392	0
393	0
394	0
395	0
396	0
397	0
398	0
399	0
400	0
401	0
402	0
403	0
404	0
405	0
406	0
407	0
408	-1
409	0
410	0
411	-1
412	-1
413	0
414	0
415	0
416	0
417	1
418	0
419	0
420	0
421	0
422	0
423	0
424	0
425	0
426	0
427	0
428	0
429	0
430	1
431	0
432	1
433	1
434	1
435	1
436	2
437	2
438	1
439	2
440	2
441	1
442	1
443	2
444	3
445	3
446	3
447	6
448	5
449	8
450	10
451	11
452	14
453	16
454	16
455	19
456	19
457	23
458	25
459	29
460	29
461	33
462	35
463	39
464	40
465	44
466	45
467	48
468	50
469	52
470	55
471	56
472	58
473	59
474	62
475	62
476	64
477	67
478	67
479	68
480	67
481	70
482	71
483	73
484	72
485	75
486	73
487	75
488	73
489	75
490	73
491	74
492	73
493	74
494	73
495	74
496	74
497	75
498	75
499	78
500	62
501	70
502	67
503	67
504	66
505	65
506	63
507	63
508	59
509	62
510	56
511	57
512	55
513	53
514	52
515	50
516	48
517	48
518	44
519	44
520	42
521	40
522	40
523	38
524	35
525	35
526	30
527	32
528	29
529	30
530	27
531	27
532	26
533	25
534	22
535	21
536	21
537	21
538	17
539	18
540	14
541	16
542	11
543	13
544	10
545	10
546	9
547	8
548	7
549	6
550	6
551	6
552	5
553	5
554	4
555	4
556	3
557	3
558	2
559	3
560	0
561	1
562	0
563	0
564	-1
565	0
566	-2
567	0
568	-2
569	-2
570	-4
571	-3
572	-4
573	-4
574	-5
575	-3
576	-4
577	-4
578	-4
579	-3
580	-4
581	-4
582	-5
583	-6
584	-6
585	-5
586	-6
587	-4
588	-5
589	-7
590	-6
591	-5
592	-6
593	-5
594	-5
595	-4
596	-6
597	-4
598	-6
599	-4
600	-5
601	-4
602	-6
603	-3
604	-6
605	-3
606	-6
607	-3
608	-5
609	-3
610	-6
611	-3
612	-4
613	-2
614	-4
615	-3
616	-5
617	-3
618	-4
619	-2
620	-5
621	-1
622	-5
623	-3
624	-3
625	-2
626	-2
627	-2
628	-4
629	-3
630	-2
631	-1
632	-3
633	-1
634	-4
635	-2
636	-2
637	-2
638	-2
639	0
640	-2
641	-1
642	-3
643	-2
644	-2
645	0
646	-2
647	0
648	-2
649	0
650	-2
651	-1
652	-3
653	0
654	-1
655	0
656	-1
657	0
658	-1
659	-1
660	-1
661	-1
662	0
663	0
664	0
665	0
666	-1
667	0
668	0
669	0
670	-1
671	0
672	0
673	0
674	-1
675	0
676	-1
677	0
678	0
679	0
680	0
681	0
682	0
683	0
684	0
685	0
686	0
687	0
688	0
689	0
690	0
691	0
692	0
693	0
694	0
695	0
696	0
697	0
698	0
699	0
700	0
701	0
702	0
703	1
704	0
705	0
706	0
707	1
708	0
709	1
710	1
711	1
712	1
713	1
714	1
715	1
716	0
717	1
718	0
719	1
720	0
721	1
722	1
723	1
724	0
725	1
726	0
727	1
728	0
729	1
730	1
731	0
732	0
733	1
734	0
735	1
736	1
737	1
738	1
739	2
740	1
741	1
742	1
743	2
744	1
745	1
746	1
747	1
748	0
749	1
750	0
751	1
752	0
753	1
754	0
755	1
756	0
757	1
758	0
759	1
760	0
761	1
762	0
763	1
764	1
765	1
766	1
767	2
768	0
769	2
770	0
771	1
772	1
773	1
774	0
775	1
776	0
777	1
778	2
779	1
780	1
781	1
782	1
783	0
784	0
785	1
786	0
787	0
788	0
789	0
790	0
791	0
792	0
793	0
794	0
795	0
796	0
797	0
798	-1
799	0
800	0
801	0
802	0
803	0
804	0
805	0
806	0
807	0
808	-1
809	0
810	0
811	0
812	-1
813	0
814	-1
815	0
816	-2
817	0
818	-1
819	0
820	-2
821	0
822	0
823	0
824	0
825	-1
826	0
827	0
828	0
829	0
830	0
831	0
832	0
833	0
834	0
835	0
836	0
837	0
838	-1
839	0
840	-1
841	0
842	-1
843	0
844	-1
845	0
846	0
847	0
848	-1
849	0
850	-1
851	0
852	0
853	0
854	0
855	-1
856	0
857	0
858	-1
859	0
860	-1
861	-1
862	0
863	0
864	-1
865	0
866	-2
867	0
868	-1
869	0
870	-2
871	-1
872	-3
873	0
874	-1
875	0
876	-1
877	-1
878	-3
879	0
880	-1
881	0
882	-2
883	-1
884	-1
885	0
886	-1
887	0
888	0
889	0
890	-1
891	0
892	-1
893	0
894	-1
895	0
896	0
897	0
898	0
899	0
900	0
901	-1
902	0
903	0
904	0
905	0
906	-1
907	-1
908	0
909	0
910	-1
911	-1
912	-1
913	0
914	-1
915	0
916	-1
917	0
918	0
919	0
920	-2
921	0
922	-2
923	0
924	-2
925	0
926	-2
927	-1
928	-2
929	-1
930	0
931	-1
932	-2
933	0
934	-2
935	0
936	-1
937	0
938	-1
939	-1
940	0
941	-1
942	0
943	-1
944	-1
945	-1
946	-1
947	0
948	0
949	0
950	0
951	0
952	0
953	0
954	0
955	0
956	0
957	0
958	-1
959	0
960	0
961	0
962	0
963	0
964	0
965	0
966	0
967	0
968	0
969	0
970	0
971	0
972	0
973	0
974	0
975	0
976	-2
977	0
978	-1
979	0
980	0
981	0
982	-1
983	0
984	0
985	-1
986	0
987	-1
988	0
989	-1
990	0
991	0
992	0
993	0
994	-1
995	0
996	0
997	-1
998	0
999	0
1000	0
1001	0
1002	-1
1003	0
1004	0
1005	-1
1006	0
1007	0
1008	0
1009	-1
1010	-1
1011	-1
1012	0
1013	-1
1014	-1
1015	0
1016	0
1017	0
1018	-1
1019	0
1020	0
1021	0
1022	-1
1023	0
1024	-1
1025	0
1026	-2
1027	0
1028	0
1029	0
1030	0
1031	-1
1032	0
1033	0
1034	-1
1035	0
1036	-2
1037	0
1038	-1
1039	0
1040	-1
1041	0
1042	-1
1043	0
1044	-1
1045	0
1046	-1
1047	0
1048	-2
1049	0
1050	-1
1051	-1
1052	-3
1053	0
1054	-1
1055	0
1056	0
1057	0
1058	-1
1059	0
1060	-1
1061	0
1062	0
1063	0
1064	0
1065	0
1066	-1
1067	0
1068	-1
1069	0
1070	0
1071	0
1072	-1
1073	0
1074	0
1075	0
1076	-1
1077	0
1078	-1
1079	0
1080	0
1081	0
1082	0
1083	0
1084	0
1085	0
1086	0
1087	0
1088	0
1089	0
1090	0
1091	0
1092	0
1093	0
1094	0
1095	0
1096	0
1097	0
1098	-1
1099	0
1100	-1
1101	0
1102	-1
1103	0
1104	0
1105	0
1106	0
1107	0
1108	-1
1109	0
1110	0
1111	0
1112	0
1113	-1
1114	0
1115	0
1116	-1
1117	0
1118	0
1119	0
1120	-1
1121	0
1122	-1
1123	0
1124	0
1125	0
1126	-1
1127	0
1128	-1
1129	0
1130	-1
1131	0
1132	0
1133	0
1134	0
1135	0
1136	0
1137	0
1138	-1
1139	0
1140	-1
1141	0
1142	0
1143	-1
1144	0
1145	0
1146	0
1147	-1
1148	0
1149	0
1150	-1
1151	0
1152	-2
1153	0
1154	-1
1155	0
1156	-1
1157	0
1158	-1
1159	0
1160	-2
1161	0
1162	-1
1163	0
1164	-1
1165	0
1166	-1
1167	0
1168	0
1169	0
1170	-1
1171	0
1172	0
1173	0
1174	0
1175	0
1176	0
1177	0
1178	0
1179	0
1180	0
1181	0
1182	0
1183	0
1184	0
1185	0
1186	0
1187	0
1188	0
1189	0
1190	-1
1191	0
1192	-1
1193	0
1194	0
1195	0
1196	0
1197	0
1198	0
1199	0
1200	-1
1201	0
1202	-1
1203	0
1204	-1
1205	0
1206	0
1207	0
1208	-1
1209	-1
1210	-1
1211	0
1212	-1
1213	0
1214	-1
1215	0
1216	-2
1217	0
1218	-2
1219	0
1220	0
1221	0
1222	0
1223	0
1224	0
1225	0
1226	0
1227	0
1228	0
1229	0
1230	0
1231	0
1232	0
1233	-1
1234	0
1235	0
1236	-1
1237	0
1238	-2
1239	-1
1240	-2
1241	-1
1242	-1
1243	-1
1244	-1
1245	-1
1246	-1
1247	0
1248	-2
1249	-1
1250	-2
1251	-1
1252	-1
1253	-1
1254	-1
1255	-1
1256	-1
1257	-1
1258	-1
1259	-1
1260	-1
1261	-1
1262	-2
1263	-1
1264	-1
1265	0
1266	-1
1267	-2
1268	-1
1269	-1
1270	-2
1271	0
1272	-1
1273	0
1274	-1
1275	0
1276	-1
1277	0
1278	-1
1279	0
1280	0
1281	-1
1282	0
1283	-1
1284	0
1285	0
1286	-1
1287	0
1288	-1
1289	0
1290	-1
1291	0
1292	-1
1293	0
1294	-1
1295	0
1296	0
1297	0
1298	-2
1299	0
1300	-1
1301	0
1302	-1
1303	0
1304	0
1305	0
1306	-1
1307	0
1308	-1
1309	0
1310	0
1311	0
1312	-1
1313	0
1314	0
1315	0
1316	-1
1317	-1
1318	-1
1319	0
1320	0
1321	0
1322	0
1323	0
1324	-1
1325	0
1326	-1
1327	0
1328	0
1329	0
1330	0
1331	0
1332	0
1333	0
1334	-1
1335	0
1336	-1
1337	0
1338	0
1339	0
1340	0
1341	-1
1342	-1
1343	0
1344	-2
1345	0
1346	-1
1347	0
1348	-2
1349	0
1350	-1
1351	0
1352	-1
1353	0
1354	-1
1355	0
1356	-2
1357	-1
1358	-1
1359	0
1360	-2
1361	0
1362	-1
1363	0
1364	-2
1365	0
1366	-1
1367	0
1368	-1
1369	-1
1370	-1
1371	0
1372	0
1373	-1
1374	-2
1375	0
1376	-2
1377	0
1378	-1
1379	0
1380	0
1381	0
1382	0
1383	0
1384	-1
1385	0
1386	0
1387	0
1388	0
1389	0
1390	0
1391	0
1392	-1
1393	0
1394	0
1395	0
1396	0
1397	0
1398	0
1399	0
1400	-1
1401	0
1402	-1
1403	0
1404	-1
1405	0
1406	-1
1407	0
1408	-1
1409	0
1410	0
1411	0
1412	0
1413	0
1414	-2
1415	-1
1416	-1
1417	0
1418	-1
1419	-1
1420	-1
1421	0
1422	-1
1423	-1
1424	-2
1425	0
1426	-1
1427	0
1428	-1
1429	0
1430	-2
1431	0
1432	-1
1433	0
1434	-1
1435	0
1436	0
1437	0
1438	-1
1439	0
1440	-2
1441	0
1442	-1
1443	0
1444	-2
1445	0
1446	-1
1447	0
1448	-1
1449	0
1450	-1
1451	0
1452	-1
1453	-1
1454	-2
1455	-1
1456	-2
1457	-2
1458	-2
1459	-1
1460	-2
1461	0
1462	-2
1463	-1
1464	-2
1465	-1
1466	-2
1467	-1
1468	-2
1469	-1
1470	-1
1471	0
1472	0
1473	0
1474	-1
1475	0
1476	-1
1477	0
1478	0
1479	0
1480	0
1481	0
1482	0
1483	0
1484	0
1485	0
1486	0
1487	0
1488	0
1489	0
1490	0
1491	0
1492	0
1493	0
1494	0
1495	0
1496	0
1497	0
1498	0
1499	0
1500	0
1501	0
1502	0
1503	0
1504	0
1505	0
1506	-2
1507	0
1508	-1
1509	0
1510	-1
1511	-1
1512	-1
1513	0
1514	0
1515	-1
1516	-1
1517	0
1518	-1
1519	-1
1520	-2
1521	0
1522	-2
1523	-1
1524	-1
1525	0
1526	-1
1527	0
1528	0
1529	0
1530	-1
1531	0
1532	0
1533	0
1534	-2
1535	0
1536	-1
1537	0
1538	0
1539	0
1540	0
1541	0
1542	-1
1543	0
1544	-2
1545	-1
1546	-1
1547	-1
1548	-1
1549	-1
1550	-1
1551	0
1552	0
1553	-1
1554	-1
1555	0
1556	-2
1557	-1
1558	-2
1559	-1
1560	-1
1561	-1
1562	-1
1563	0
1564	-1
1565	-2
1566	-2
1567	-1
1568	-1
1569	0
1570	-1
1571	0
1572	0
1573	0
1574	-1
1575	-1
1576	0
1577	0
1578	0
1579	-1
1580	-1
1581	0
1582	-1
1583	0
1584	0
1585	0
1586	0
1587	0
1588	0
1589	0
1590	0
1591	0
1592	0
1593	0
1594	0
1595	0
1596	0
1597	0
1598	0
1599	0
1600	1
1601	1
1602	0
1603	1
1604	1
1605	1
1606	1
1607	1
1608	0
1609	0
1610	0
1611	1
1612	0
1613	1
1614	0
1615	0
1616	0
1617	1
1618	0
1619	0
1620	1
1621	1
1622	0
1623	1
1624	0
1625	1
1626	0
1627	1
1628	0
1629	1
1630	0
1631	0
1632	0
1633	0
1634	0
1635	1
1636	0
1637	0
1638	0
1639	0
1640	0
1641	0
1642	0
1643	-1
1644	0
1645	0
1646	0
1647	0
1648	0
1649	0
1650	0
1651	0
1652	-1
1653	0
1654	0
1655	0
1656	-1
1657	0
1658	0
1659	0
1660	0
1661	0
1662	0
1663	0
1664	0
1665	0
1666	0
1667	0
1668	0
1669	0
1670	0
1671	0
1672	0
1673	0
1674	-1
1675	0
1676	0
1677	0
1678	0
1679	0
1680	0
1681	0
1682	0
1683	-1
1684	0
1685	0
1686	0
1687	0
1688	-1
1689	0
1690	-1
1691	0
1692	-1
1693	0
1694	-1
1695	-1
1696	-1
1697	0
1698	-1
1699	0
1700	-1
1701	0
1702	0
1703	0
1704	-1
1705	0
1706	-1
1707	0
1708	0
1709	0
1710	0
1711	0
1712	-1
1713	-1
1714	0
1715	-1
1716	0
1717	0
1718	0
1719	0
1720	-1
1721	0
1722	-1
1723	0
1724	0
1725	0
1726	0
1727	0
1728	0
1729	-1
1730	-1
1731	0
1732	-1
1733	0
1734	0
1735	0
1736	0
1737	0
1738	0
1739	0
1740	-1
1741	0
1742	0
1743	0
1744	0
1745	0
1746	-1
1747	0
1748	0
1749	0
1750	0
1751	0
1752	0
1753	0
1754	0
1755	-1
1756	0
1757	0
1758	-1
1759	0
1760	-1
1761	-1
1762	-2
1763	0
1764	0
1765	-1
1766	-1
1767	-1
1768	-1
1769	0
1770	-3
1771	0
1772	-1
1773	0
1774	0
1775	-1
1776	0
1777	0
1778	-1
1779	0
1780	0
1781	0
1782	0
1783	0
1784	-1
1785	0
1786	-2
1787	0
1788	0
1789	0
1790	0
1791	0
1792	0
1793	0
1794	0
1795	0
1796	0
1797	0
1798	0
1799	0
1800	0
1801	0
1802	0
1803	0
1804	0
1805	0
1806	-1
1807	0
1808	-1
1809	-1
1810	-1
1811	-1
1812	-1
1813	0
1814	-1
1815	0
1816	-1
1817	-1
1818	-1
1819	-1
1820	-1
1821	0
1822	-1
1823	0
1824	0
1825	0
1826	-1
1827	0
1828	0
1829	0
1830	-1
1831	0
1832	0
1833	0
1834	0
1835	0
1836	0
1837	0
1838	0
1839	0
1840	0
1841	0
1842	0
1843	0
1844	0
1845	0
1846	0
1847	0
1848	0
1849	0
1850	0
1851	0
1852	-1
1853	0
1854	0
1855	0
1856	0
1857	0
1858	-1
1859	0
1860	-1
1861	0
1862	0
1863	0
1864	0
1865	0
1866	0
1867	0
1868	-1
1869	0
1870	-1
1871	0
1872	-1
1873	0
1874	-1
1875	0
1876	0
1877	0
1878	0
1879	-1
1880	0
1881	0
1882	0
1883	0
1884	0
1885	0
1886	0
1887	0
1888	0
1889	0
1890	0
1891	0
1892	-1
1893	0
1894	0
1895	0
1896	0
1897	0
1898	-1
1899	-1
1900	0
1901	0
1902	-1
1903	0
1904	-1
1905	0
1906	0
1907	-1
1908	0
1909	0
1910	0
1911	0
1912	0
1913	0
1914	-2
1915	0
1916	-1
1917	0
1918	0
1919	0
1920	0
1921	0
1922	0
1923	0
1924	0
1925	0
1926	-1
1927	0
1928	-1
1929	0
1930	0
1931	0
1932	0
1933	0
1934	0
1935	0
1936	0
1937	0
1938	-1
1939	0
1940	0
1941	0
1942	0
1943	0
1944	0
1945	0
1946	0
1947	0
1948	0
1949	-1
1950	-1
1951	-1
1952	-1
1953	0
1954	-1
1955	0
1956	0
1957	0
1958	0
1959	0
1960	0
1961	0
1962	0
1963	0
1964	0
1965	0
1966	-1
1967	0
1968	0
1969	0
1970	0
1971	0
1972	0
1973	0
1974	0
1975	0
1976	0
1977	0
1978	0
1979	0
1980	0
1981	0
1982	0
1983	0
1984	0
1985	0
1986	0
1987	0
1988	-1
1989	0
1990	-1
1991	0
1992	-1
1993	0
1994	-1
1995	0
1996	-1
1997	0
1998	0
1999	0
