0	-2
1	-1
2	-1
3	0
4	-2
5	0
6	-2
7	-2
8	-2
9	-2
10	-3
11	-1
12	-3
13	-1
14	-2
15	0
16	-1
17	-1
18	-2
19	-1
20	0
21	0
22	0
23	0
24	0
25	0
26	0
27	0
28	0
29	0
30	0
31	0
32	0
33	0
34	0
35	0
36	0
37	0
38	0
39	0
40	0
41	0
42	0
43	0
44	-1
45	0
46	0
47	-1
48	0
49	0
50	0
51	0
52	-1
53	0
54	0
55	0
56	0
57	0
58	0
59	0
60	0
61	0
62	0
63	0
64	0
65	0
66	0
67	0
68	0
69	0
70	0
71	1
72	0
73	0
74	0
75	1
76	0
77	1
78	0
79	1
80	0
81	0
82	1
83	0
84	0
85	0
86	0
87	0
88	0
89	0
90	0
91	0
92	0
93	0
94	0
95	0
96	0
97	0
98	-2
99	0
100	-1
101	0
102	-1
103	0
104	-1
105	-1
106	-1
107	0
108	0
109	0
110	0
111	0
112	0
113	0
114	0
115	0
116	0
117	0
118	-1
119	0
120	0
121	0
122	0
123	-1
124	0
125	0
126	0
127	0
128	0
129	-1
130	0
131	0
132	0
133	0
134	-1
135	0
136	0
137	0
138	-1
139	0
140	-1
141	0
142	0
143	0
144	0
145	0
146	0
147	0
148	0
149	0
150	0
151	0
152	0
153	0
154	0
155	0
156	0
157	0
158	0
159	0
160	0
161	0
162	0
163	0
164	0
165	0
166	0
167	0
168	0
169	0
170	0
171	0
172	-1
173	0
174	0
175	0
176	0
177	0
178	0
179	0
180	0
181	1
182	0
183	0
184	0
185	0
186	0
187	2
188	0
189	1
190	0
191	1
192	0
193	0
194	0
195	0
196	0
197	0
198	0
199	0
200	0
201	0
202	0
203	0
204	0
205	0
206	0
207	0
208	0
209	0
210	0
211	0
212	0
213	0
214	0
215	0
216	0
217	-1
218	-1
219	0
220	-1
221	0
222	-1
223	0
224	0
225	0
226	-2
227	0
228	-1
229	0
230	-1
231	0
232	-1
233	0
234	-1
235	-1
236	0
237	-1
238	0
239	0
240	0
241	0
242	-1
243	0
244	0
245	0
246	0
247	0
248	0
249	0
250	0
251	0
252	0
253	0
254	1
255	1
256	1
257	0
258	1
259	1
260	0
261	1
262	0
263	0
264	1
265	0
266	0
267	0
268	0
269	0
270	0
271	0
272	0
273	0
274	0
275	0
276	0
277	0
278	0
279	0
280	0
281	0
282	0
283	0
284	0
285	0
286	-1
287	0
288	0
289	0
290	0
291	0
292	-1
293	0
294	-1
295	0
296	0
297	0
298	0
299	-1
300	0
301	0
302	0
303	0
304	0
305	0
306	0
307	0
308	0
309	0
310	0
311	0
312	0
313	0
314	0
315	0
316	0
317	0
318	0
319	0
320	0
321	0
322	0
323	0
324	0
325	0
326	-1
327	-1
328	-1
329	0
330	0
331	0
332	-1
333	-1
334	0
335	-1
336	0
337	0
338	-1
339	-1
340	0
341	0
342	-1
343	0
344	0
345	0
346	0
347	0
348	0
349	0
350	0
351	0
352	0
353	0
354	-1
355	0
356	-1
357	0
358	0
359	0
360	0
361	0
362	0
363	-1
364	0
365	0
366	0
367	0
368	0
369	0
370	0
371	0
372	1
373	0
374	0
375	1
376	0
377	1
378	0
379	0
380	0
381	0
382	0
383	0
384	0
385	0
386	0
387	0
388	0
389	0
390	0
391	0
392	0
393	0
394	-1
395	-1
396	0
397	0
398	0
399	-1
400	0
401	0
402	0
403	0
404	-1
405	0
406	0
407	0
408	0
409	0
410	0
411	0
412	0
413	0
414	-1
415	0
416	0
417	0
418	0
419	0
420	0
421	0
422	0
423	-1
424	0
425	0
426	-1
427	0
428	0
429	0
430	0
431	0
432	0
433	1
434	2
435	4
436	6
437	10
438	11
439	16
440	19
441	23
442	25
443	32
444	35
445	40
446	44
447	49
448	55
449	60
450	66
451	70
452	74
453	81
454	83
455	90
456	95
457	102
458	105
459	112
460	114
461	120
462	123
463	127
464	130
465	135
466	137
467	141
468	143
469	148
470	147
471	150
472	150
473	152
474	150
475	153
476	149
477	150
478	148
479	146
480	144
481	144
482	138
483	136
484	131
485	130
486	125
487	123
488	119
489	116
490	109
491	108
492	102
493	99
494	92
495	89
496	82
497	81
498	78
499	78
500	62
501	63
502	59
503	56
504	49
505	47
506	43
507	39
508	34
509	31
510	26
511	24
512	19
513	16
514	13
515	11
516	8
517	4
518	1
519	0
520	-3
521	-5
522	-8
523	-10
524	-14
525	-14
526	-16
527	-17
528	-19
529	-22
530	-23
531	-24
532	-27
533	-27
534	-29
535	-28
536	-29
537	-30
538	-32
539	-31
540	-33
541	-31
542	-33
543	-34
544	-35
545	-35
546	-35
547	-37
548	-36
549	-37
550	-37
551	-37
552	-38
553	-36
554	-37
555	-36
556	-37
557	-35
558	-37
559	-37
560	-38
561	-36
562	-36
563	-35
564	-36
565	-33
566	-37
567	-34
568	-36
569	-33
570	-35
571	-33
572	-33
573	-31
574	-33
575	-31
576	-33
577	-31
578	-33
579	-31
580	-31
581	-31
582	-31
583	-31
584	-31
585	-30
586	-31
587	-28
588	-30
589	-28
590	-29
591	-27
592	-28
593	-28
594	-27
595	-26
596	-26
597	-24
598	-24
599	-23
600	-23
601	-22
602	-22
603	-20
604	-20
605	-19
606	-20
607	-18
608	-18
609	-19
610	-17
611	-18
612	-18
613	-17
614	-17
615	-16
616	-17
617	-16
618	-17
619	-16
620	-17
621	-15
622	-18
623	-16
624	-17
625	-16
626	-16
627	-15
628	-16
629	-15
630	-14
631	-14
632	-15
633	-11
634	-13
635	-11
636	-11
637	-12
638	-11
639	-10
640	-10
641	-8
642	-7
643	-7
644	-9
645	-6
646	-7
647	-6
648	-6
649	-4
650	-5
651	-3
652	-4
653	-3
654	-3
655	-3
656	-2
657	-2
658	-3
659	-2
660	-1
661	0
662	-2
663	0
664	-2
665	0
666	0
667	0
668	0
669	0
670	0
671	0
672	-1
673	0
674	-2
675	-1
676	-1
677	0
678	0
679	0
680	0
681	0
682	0
683	0
684	0
685	0
686	0
687	1
688	1
689	1
690	0
691	0
692	0
693	0
694	2
695	1
696	1
697	2
698	1
699	2
700	1
701	2
702	2
703	2
704	1
705	3
706	2
707	4
708	3
709	3
710	2
711	3
712	0
713	3
714	2
715	2
716	2
717	3
718	2
719	3
720	3
721	3
722	3
723	3
724	2
725	3
726	3
727	3
728	2
729	4
730	3
731	4
732	3
733	4
734	4
735	5
736	4
737	5
738	4
739	6
740	3
741	5
742	4
743	6
744	4
745	5
746	4
747	4
748	3
749	5
750	3
751	4
752	2
753	3
754	2
755	3
756	2
757	3
758	1
759	3
760	2
761	2
762	1
763	1
764	0
765	2
766	1
767	1
768	1
769	2
770	0
771	1
772	0
773	1
774	0
775	0
776	0
777	0
778	0
779	0
780	0
781	0
782	-1
783	0
784	0
785	0
786	0
787	0
788	-2
789	-1
790	-1
791	0
792	-1
793	-1
794	-1
795	-1
796	-2
797	-1
798	-2
799	-1
800	-3
801	-1
802	-3
803	-2
804	-3
805	-2
806	-4
807	-2
808	-1
809	-3
810	-4
811	-4
812	-4
813	-4
814	-3
815	-4
816	-3
817	-4
818	-4
819	-4
820	-5
821	-4
822	-4
823	-4
824	-4
825	-5
826	-4
827	-4
828	-4
829	-4
830	-4
831	-4
832	-5
833	-3
834	-4
835	-3
836	-4
837	-4
838	-4
839	-3
840	-4
841	-4
842	-3
843	-3
844	-4
845	-3
846	-4
847	-3
848	-3
849	-3
850	-3
851	-3
852	-4
853	-3
854	-3
855	-3
856	-4
857	-2
858	-3
859	-2
860	-3
861	-3
862	-1
863	-1
864	-2
865	-2
866	-2
867	-1
868	-3
869	-1
870	-3
871	-2
872	-3
873	-2
874	-2
875	-1
876	-3
877	0
878	-2
879	-2
880	-2
881	-3
882	-2
883	-2
884	-3
885	-3
886	-2
887	-2
888	-3
889	-2
890	-3
891	-2
892	-3
893	-3
894	-3
895	-3
896	-4
897	-2
898	-4
899	-3
900	-4
901	-3
902	-3
903	-3
904	-4
905	-3
906	-3
907	-2
908	-3
909	-2
910	-2
911	-3
912	-2
913	-2
914	-2
915	-2
916	-2
917	-2
918	-3
919	-2
920	-2
921	-2
922	-2
923	-2
924	-3
925	-2
926	-2
927	-3
928	-2
929	-2
930	-3
931	-2
932	-2
933	-3
934	-1
935	-2
936	-1
937	-2
938	-1
939	-2
940	-1
941	-2
942	-2
943	-2
944	-2
945	-1
946	-3
947	-1
948	-3
949	-2
950	-3
951	-3
952	-2
953	-1
954	-2
955	-1
956	-1
957	-1
958	-1
959	-1
960	-2
961	-1
962	-1
963	-2
964	-2
965	-1
966	-2
967	0
968	-1
969	-1
970	0
971	-1
972	-2
973	0
974	-1
975	0
976	0
977	0
978	-1
979	0
980	-1
981	0
982	-2
983	0
984	-1
985	0
986	0
987	0
988	0
989	0
990	0
991	0
992	0
993	-1
994	0
995	0
996	0
997	0
998	0
999	-1
1000	0
1001	0
1002	-1
1003	0
1004	0
1005	-1
1006	-1
1007	0
1008	-1
1009	-1
1010	-1
1011	-2
1012	-2
1013	-1
1014	-1
1015	0
1016	-3
1017	-3
1018	-4
1019	-2
1020	-4
1021	-2
1022	-4
1023	-3
1024	-2
1025	-3
1026	-2
1027	-3
1028	-2
1029	-2
1030	-4
1031	-2
1032	-2
1033	-2
1034	-1
1035	-2
1036	-2
1037	-2
1038	-2
1039	-2
1040	-2
1041	-2
1042	-3
1043	-1
1044	-3
1045	-2
1046	-2
1047	-1
1048	-3
1049	0
1050	-2
1051	-1
1052	-2
1053	-2
1054	-2
1055	-2
1056	-2
1057	-1
1058	-1
1059	-1
1060	-1
1061	-1
1062	-2
1063	0
1064	-3
1065	0
1066	0
1067	0
1068	-1
1069	0
1070	-1
1071	0
1072	-1
1073	-1
1074	-2
1075	-2
1076	-2
1077	-2
1078	-2
1079	-2
1080	-2
1081	-4
1082	-4
1083	-3
1084	-3
1085	-2
1086	-3
1087	-2
1088	-3
1089	-2
1090	-2
1091	-3
1092	-2
1093	-2
1094	-1
1095	-1
1096	-1
1097	-2
1098	0
1099	-1
1100	-1
1101	-3
1102	-2
1103	-2
1104	-1
1105	-1
1106	-1
1107	-1
1108	0
1109	0
1110	-1
1111	0
1112	0
1113	-1
1114	0
1115	0
1116	0
1117	0
1118	0
1119	0
1120	0
1121	1
1122	1
1123	0
1124	0
1125	0
1126	0
1127	0
1128	-1
1129	0
1130	-1
1131	0
1132	-1
1133	0
1134	0
1135	0
1136	-1
1137	-1
1138	-1
1139	-1
1140	-2
1141	-1
1142	-1
1143	-1
1144	-2
1145	-2
1146	-2
1147	-3
1148	-2
1149	-2
1150	-2
1151	-3
1152	-3
1153	-3
1154	-3
1155	-2
1156	-3
1157	-2
1158	-3
1159	-4
1160	-3
1161	-3
1162	-2
1163	-2
1164	-1
1165	-3
1166	-2
1167	-2
1168	-1
1169	0
1170	0
1171	0
1172	0
1173	0
1174	0
1175	0
1176	0
1177	1
1178	1
1179	1
1180	1
1181	2
1182	1
1183	2
1184	1
1185	3
1186	2
1187	2
1188	1
1189	1
1190	0
1191	0
1192	1
1193	0
1194	0
1195	0
1196	1
1197	0
1198	0
1199	0
1200	0
1201	0
1202	0
1203	0
1204	0
1205	0
1206	0
1207	0
1208	0
1209	0
1210	0
1211	0
1212	0
1213	0
1214	-1
1215	0
1216	0
1217	0
1218	0
1219	0
1220	0
1221	0
1222	-1
1223	0
1224	0
1225	0
1226	0
1227	0
1228	0
1229	0
1230	0
1231	0
1232	-1
1233	-1
1234	0
1235	-2
1236	-1
1237	-3
1238	-2
1239	-1
1240	-2
1241	-1
1242	-1
1243	-2
1244	-2
1245	-2
1246	-2
1247	-1
1248	-3
1249	-2
1250	-2
1251	-1
1252	-4
1253	-1
1254	-3
1255	-2
1256	-3
1257	-3
1258	-4
1259	-3
1260	-3
1261	-2
1262	-3
1263	-3
1264	-4
1265	-3
1266	-3
1267	-2
1268	-3
1269	-3
1270	-3
1271	-4
1272	-3
1273	-2
1274	-4
1275	-2
1276	-3
1277	-2
1278	-3
1279	-1
1280	-2
1281	-2
1282	-2
1283	-2
1284	-1
1285	-2
1286	-2
1287	-1
1288	-2
1289	-1
1290	-2
1291	-2
1292	-3
1293	-3
1294	-3
1295	-2
1296	-3
1297	-3
1298	-3
1299	-3
1300	-2
1301	-3
1302	-3
1303	-2
1304	-3
1305	-2
1306	-2
1307	-2
1308	-3
1309	-1
1310	-1
1311	-2
1312	-1
1313	-2
1314	-2
1315	-2
1316	-1
1317	-1
1318	-1
1319	0
1320	0
1321	-1
1322	-2
1323	-1
1324	-3
1325	-2
1326	-2
1327	-2
1328	-2
1329	-1
1330	-3
1331	-2
1332	-3
1333	-2
1334	-3
1335	-2
1336	-3
1337	-2
1338	-1
1339	-1
1340	-1
1341	-1
1342	-2
1343	-1
1344	-1
1345	0
1346	0
1347	-1
1348	-2
1349	0
1350	-1
1351	0
1352	-1
1353	0
1354	0
1355	0
1356	0
1357	0
1358	-1
1359	0
1360	-2
1361	0
1362	-1
1363	-1
1364	-1
1365	-1
1366	-1
1367	0
1368	-2
1369	-2
1370	-2
1371	-1
1372	-2
1373	-2
1374	-2
1375	-3
1376	-2
1377	-2
1378	-2
1379	-1
1380	-2
1381	-2
1382	-1
1383	-3
1384	-2
1385	-1
1386	-2
1387	-1
1388	-2
1389	0
1390	-1
1391	-1
1392	-2
1393	-1
1394	-1
1395	-1
1396	-1
1397	-1
1398	-1
1399	0
1400	0
1401	0
1402	-2
1403	0
1404	0
1405	0
1406	0
1407	-1
1408	-1
1409	-2
1410	-1
1411	-2
1412	-1
1413	-1
1414	-1
1415	-2
1416	-2
1417	-1
1418	-2
1419	-1
1420	-2
1421	-1
1422	-1
1423	-2
1424	-2
1425	-2
1426	-2
1427	-1
1428	0
1429	-1
1430	-1
1431	-1
1432	-1
1433	-2
1434	-1
1435	-2
1436	-1
1437	-2
1438	-1
1439	-2
1440	-2
1441	-1
1442	0
1443	0
1444	0
1445	0
1446	-1
1447	0
1448	-1
1449	0
1450	0
1451	-1
1452	-1
1453	0
1454	-1
1455	0
1456	-1
1457	-2
1458	-1
1459	-2
1460	-2
1461	-1
1462	-1
1463	-1
1464	-1
1465	-1
1466	0
1467	0
1468	-2
1469	0
1470	-1
1471	0
1472	0
1473	0
1474	-1
1475	0
1476	0
1477	0
1478	0
1479	0
1480	-1
1481	-1
1482	-1
1483	-2
1484	-2
1485	-1
1486	-2
1487	-2
1488	-2
1489	-1
1490	-2
1491	-2
1492	-2
1493	-1
1494	-1
1495	-2
1496	-2
1497	-1
1498	-1
1499	-1
1500	-2
1501	-1
1502	-2
1503	-2
1504	-2
1505	-2
1506	-3
1507	-2
1508	-2
1509	-1
1510	-1
1511	-1
1512	-1
1513	0
1514	0
1515	0
1516	-2
1517	0
1518	-2
1519	-1
1520	-1
1521	-1
1522	-1
1523	-2
1524	-1
1525	-1
1526	-2
1527	0
1528	-1
1529	-1
1530	-1
1531	0
1532	-1
1533	-1
1534	-1
1535	-1
1536	-1
1537	-2
1538	0
1539	0
1540	0
1541	-1
1542	-1
1543	0
1544	-1
1545	-1
1546	0
1547	0
1548	0
1549	0
1550	-1
1551	0
1552	-1
1553	0
1554	-1
1555	0
1556	-1
1557	0
1558	-1
1559	-1
1560	-1
1561	-1
1562	-1
1563	0
1564	0
1565	0
1566	0
1567	0
1568	0
1569	0
1570	0
1571	0
1572	-1
1573	0
1574	-1
1575	0
1576	-2
1577	0
1578	-1
1579	0
1580	-1
1581	-1
1582	-1
1583	0
1584	0
1585	0
1586	-1
1587	-1
1588	-3
1589	0
1590	-2
1591	0
1592	-2
1593	0
1594	-2
1595	-1
1596	-3
1597	-1
1598	-2
1599	-2
1600	-2
1601	-1
1602	-1
1603	0
1604	-2
1605	0
1606	-1
1607	0
1608	-1
1609	0
1610	0
1611	0
1612	0
1613	0
1614	0
1615	0
1616	0
1617	0
1618	0
1619	0
1620	0
1621	0
1622	0
1623	0
1624	0
1625	1
1626	0
1627	0
1628	0
1629	1
1630	1
1631	1
1632	0
1633	1
1634	1
1635	1
1636	1
1637	1
1638	2
1639	2
1640	1
1641	1
1642	2
1643	3
1644	3
1645	2
1646	3
1647	1
1648	2
1649	2
1650	2
1651	2
1652	1
1653	2
1654	0
1655	3
1656	1
1657	1
1658	0
1659	0
1660	2
1661	0
1662	0
1663	0
1664	0
1665	0
1666	0
1667	0
1668	0
1669	0
1670	-1
1671	-1
1672	-1
1673	-1
1674	-1
1675	-1
1676	-2
1677	-1
1678	-1
1679	-2
1680	-1
1681	-2
1682	-2
1683	-2
1684	-3
1685	-1
1686	-3
1687	-2
1688	-2
1689	-1
1690	-2
1691	-2
1692	-2
1693	-1
1694	-1
1695	0
1696	-1
1697	-1
1698	-1
1699	0
1700	-1
1701	0
1702	-1
1703	0
1704	0
1705	0
1706	0
1707	0
1708	0
1709	0
1710	-1
1711	0
1712	0
1713	-1
1714	-2
1715	0
1716	-2
1717	0
1718	-3
1719	0
1720	0
1721	-2
1722	-2
1723	-2
1724	-2
1725	-2
1726	-2
1727	-2
1728	-1
1729	-2
1730	-2
1731	-1
1732	-2
1733	-1
1734	-3
1735	-1
1736	-2
1737	-2
1738	-1
1739	-2
1740	-3
1741	-1
1742	-2
1743	-1
1744	-2
1745	-2
1746	-2
1747	-2
1748	-1
1749	-1
1750	-2
1751	-2
1752	-2
1753	-2
1754	-2
1755	-1
1756	-2
1757	-2
1758	-1
1759	-1
1760	-1
1761	-1
1762	-1
1763	-2
1764	-2
1765	0
1766	-2
1767	-1
1768	-1
1769	-1
1770	-1
1771	-2
1772	0
1773	-1
1774	-1
1775	-2
1776	0
1777	-1
1778	0
1779	-2
1780	-1
1781	-1
1782	0
1783	0
1784	0
1785	-1
1786	0
1787	-1
1788	0
1789	0
1790	0
1791	-1
1792	0
1793	0
1794	0
1795	0
1796	0
1797	0
1798	-1
1799	-1
1800	-1
1801	0
1802	-2
1803	-1
1804	-2
1805	0
1806	-2
1807	-1
1808	-1
1809	-1
1810	0
1811	-2
1812	-1
1813	-2
1814	-3
1815	-1
1816	-1
1817	-1
1818	-3
1819	-1
1820	0
1821	-1
1822	-3
1823	-1
1824	-2
1825	-1
1826	-1
1827	-1
1828	-2
1829	-1
1830	-2
1831	-2
1832	-1
1833	0
1834	-1
1835	-1
1836	-1
1837	0
1838	-1
1839	-1
1840	-3
1841	-1
1842	-2
1843	-1
1844	-3
1845	0
1846	-1
1847	-1
1848	-2
1849	0
1850	-2
1851	-2
1852	-2
1853	-1
1854	-2
1855	-1
1856	-1
1857	-1
1858	-1
1859	-1
1860	-1
1861	0
1862	-1
1863	-1
1864	0
1865	-1
1866	-1
1867	0
1868	-1
1869	0
1870	-1
1871	-1
1872	0
1873	0
1874	0
1875	0
1876	-1
1877	0
1878	-1
1879	-1
1880	0
1881	0
1882	0
1883	0
1884	-1
1885	-1
1886	-2
1887	-2
1888	-1
1889	-2
1890	-1
1891	-1
1892	-3
1893	-1
1894	-2
1895	0
1896	-2
1897	0
1898	-2
1899	0
1900	-1
1901	-1
1902	-1
1903	0
1904	-1
1905	0
1906	0
1907	0
1908	0
1909	0
1910	0
1911	0
1912	0
1913	0
1914	-1
1915	0
1916	0
1917	0
1918	0
1919	0
1920	0
1921	0
1922	0
1923	0
1924	-1
1925	-1
1926	-1
1927	0
1928	-1
1929	0
1930	-1
1931	-1
1932	0
1933	-1
1934	0
1935	0
1936	-1
1937	0
1938	-2
1939	0
1940	-1
1941	0
1942	0
1943	0
1944	0
1945	0
1946	-1
1947	0
1948	-1
1949	0
1950	0
1951	1
1952	0
1953	2
1954	-1
1955	1
1956	0
1957	0
1958	0
1959	0
1960	0
1961	0
1962	0
1963	0
1964	0
1965	0
1966	0
1967	0
1968	1
1969	0
1970	0
1971	0
1972	0
1973	2
1974	1
1975	2
1976	3
1977	1
1978	2
1979	2
1980	2
1981	2
1982	2
1983	1
1984	1
1985	2
1986	1
1987	1
1988	1
1989	0
1990	0
1991	1
1992	0
1993	1
1994	0
1995	0
1996	0
1997	0
1998	0
1999	0
