0	0
1	0
2	0
3	0
4	0
5	0
6	0
7	0
8	0
9	0
10	0
11	0
12	0
13	0
14	0
15	0
16	0
17	0
18	0
19	0
20	0
21	0
22	0
23	0
24	0
25	0
26	0
27	0
28	0
29	0
30	0
31	0
32	-1
33	0
34	0
35	0
36	-1
37	-1
38	0
39	0
40	0
41	-1
42	-1
43	-1
44	0
45	0
46	0
47	0
48	0
49	0
50	0
51	0
52	0
53	0
54	1
55	0
56	1
57	0
58	0
59	0
60	0
61	0
62	0
63	0
64	0
65	0
66	1
67	0
68	0
69	0
70	0
71	0
72	0
73	1
74	1
75	0
76	0
77	0
78	0
79	0
80	0
81	0
82	0
83	0
84	0
85	0
86	0
87	0
88	0
89	0
90	0
91	0
92	0
93	0
94	0
95	0
96	0
97	0
98	0
99	0
100	0
101	0
102	0
103	0
104	0
105	0
106	0
107	0
108	0
109	0
110	0
111	0
112	0
113	0
114	0
115	0
116	0
117	0
118	0
119	1
120	0
121	0
122	0
123	0
124	0
125	0
126	0
127	0
128	1
129	0
130	0
131	0
132	0
133	0
134	0
135	0
136	0
137	0
138	0
139	0
140	0
141	0
142	0
143	0
144	0
145	0
146	0
147	0
148	0
149	0
150	0
151	0
152	0
153	0
154	0
155	0
156	0
157	0
158	0
159	0
160	0
161	0
162	0
163	0
164	0
165	-1
166	0
167	0
168	0
169	0
170	-1
171	0
172	0
173	0
174	0
175	0
176	0
177	0
178	0
179	0
180	0
181	0
182	0
183	0
184	0
185	0
186	0
187	0
188	0
189	0
190	0
191	0
192	0
193	0
194	0
195	0
196	0
197	0
198	0
199	0
200	0
201	0
202	0
203	0
204	0
205	0
206	0
207	0
208	0
209	0
210	0
211	0
212	0
213	0
214	0
215	0
216	0
217	0
218	0
219	0
220	0
221	0
222	1
223	0
224	0
225	1
226	1
227	0
228	1
229	1
230	1
231	1
232	0
233	0
234	0
235	0
236	0
237	0
238	0
239	0
240	0
241	0
242	0
243	0
244	-1
245	0
246	-1
247	0
248	0
249	0
250	0
251	-1
252	-1
253	-1
254	0
255	-1
256	0
257	0
258	0
259	0
260	0
261	0
262	0
263	0
264	0
265	1
266	0
267	0
268	0
269	0
270	0
271	0
272	0
273	0
274	0
275	0
276	0
277	0
278	0
279	0
280	-1
281	0
282	0
283	0
284	0
285	0
286	0
287	0
288	0
289	-1
290	0
291	-1
292	0
293	-1
294	-1
295	-1
296	0
297	0
298	0
299	0
300	0
301	0
302	0
303	0
304	0
305	0
306	0
307	0
308	0
309	0
310	0
311	0
312	0
313	1
314	0
315	0
316	0
317	0
318	0
319	0
320	0
321	0
322	0
323	0
324	0
325	0
326	0
327	0
328	0
329	1
330	0
331	1
332	0
333	1
334	0
335	0
336	0
337	1
338	0
339	0
340	1
341	0
342	0
343	0
344	0
345	0
346	0
347	0
348	0
349	0
350	0
351	0
352	0
353	0
354	0
355	0
356	0
357	0
358	0
359	0
360	0
361	0
362	0
363	0
364	0
365	0
366	0
367	0
368	0
369	0
370	0
371	0
372	0
373	0
374	0
375	0
376	0
377	0
378	0
379	0
380	0
381	0
382	0
383	0
384	0
385	0
386	0
387	0
388	0
389	0
390	0
391	0
392	-1
393	0
394	0
395	0
396	0
397	0
398	0
399	0
400	0
401	0
402	0
403	0
404	0
405	0
406	0
407	0
408	0
409	0
410	0
411	0
412	0
413	0
414	0
415	0
416	0
417	0
418	0
419	0
420	0
421	0
422	0
423	0
424	0
425	0
426	0
427	0
428	0
429	0
430	0
431	0
432	1
433	2
434	4
435	5
436	8
437	13
438	12
439	16
440	18
441	22
442	25
443	29
444	32
445	39
446	43
447	47
448	52
449	56
450	59
451	64
452	69
453	73
454	76
455	82
456	87
457	90
458	94
459	97
460	100
461	105
462	106
463	110
464	114
465	115
466	117
467	119
468	122
469	122
470	124
471	125
472	126
473	127
474	125
475	125
476	126
477	125
478	123
479	123
480	119
481	119
482	117
483	116
484	113
485	111
486	109
487	106
488	103
489	102
490	98
491	93
492	91
493	90
494	87
495	83
496	78
497	78
498	78
499	78
500	62
501	64
502	62
503	61
504	57
505	53
506	49
507	49
508	44
509	41
510	37
511	36
512	33
513	32
514	26
515	22
516	22
517	19
518	19
519	17
520	12
521	9
522	7
523	5
524	2
525	3
526	0
527	0
528	-4
529	-5
530	-8
531	-8
532	-10
533	-10
534	-11
535	-12
536	-13
537	-13
538	-14
539	-15
540	-17
541	-16
542	-19
543	-19
544	-20
545	-20
546	-21
547	-23
548	-23
549	-23
550	-24
551	-24
552	-25
553	-24
554	-25
555	-24
556	-24
557	-24
558	-26
559	-26
560	-26
561	-27
562	-27
563	-27
564	-27
565	-27
566	-27
567	-27
568	-27
569	-27
570	-27
571	-27
572	-27
573	-27
574	-27
575	-28
576	-28
577	-27
578	-27
579	-27
580	-27
581	-27
582	-26
583	-27
584	-25
585	-25
586	-24
587	-23
588	-24
589	-23
590	-21
591	-23
592	-21
593	-23
594	-22
595	-21
596	-22
597	-20
598	-21
599	-20
600	-20
601	-19
602	-19
603	-19
604	-19
605	-18
606	-18
607	-18
608	-17
609	-17
610	-17
611	-17
612	-18
613	-17
614	-17
615	-16
616	-16
617	-16
618	-16
619	-16
620	-17
621	-16
622	-16
623	-16
624	-16
625	-15
626	-15
627	-15
628	-15
629	-15
630	-15
631	-13
632	-13
633	-14
634	-12
635	-11
636	-12
637	-13
638	-12
639	-12
640	-12
641	-11
642	-11
643	-10
644	-11
645	-11
646	-11
647	-10
648	-12
649	-9
650	-11
651	-10
652	-11
653	-7
654	-8
655	-6
656	-10
657	-6
658	-8
659	-7
660	-7
661	-5
662	-6
663	-6
664	-8
665	-6
666	-7
667	-7
668	-7
669	-6
670	-6
671	-4
672	-5
673	-4
674	-6
675	-5
676	-5
677	-5
678	-5
679	-4
680	-3
681	-5
682	-4
683	-5
684	-4
685	-3
686	-4
687	-3
688	-3
689	-2
690	-4
691	-2
692	-4
693	-1
694	-2
695	-1
696	-3
697	0
698	-2
699	-1
700	-1
701	-1
702	-1
703	-2
704	-2
705	-1
706	0
707	0
708	-1
709	0
710	-1
711	-1
712	-1
713	-1
714	-1
715	-1
716	-1
717	-1
718	-1
719	-1
720	-2
721	-2
722	-2
723	-1
724	-2
725	-2
726	-3
727	-2
728	-2
729	-2
730	-1
731	-2
732	-1
733	-2
734	-2
735	-2
736	-2
737	-3
738	-2
739	-1
740	-2
741	-2
742	-2
743	-1
744	-1
745	-1
746	-1
747	0
748	-1
749	-1
750	-2
751	-1
752	-2
753	-1
754	0
755	0
756	0
757	0
758	-2
759	0
760	-1
761	0
762	-1
763	0
764	0
765	-1
766	-1
767	-1
768	-1
769	-1
770	0
771	-1
772	-1
773	-2
774	-1
775	-1
776	-2
777	-2
778	-1
779	-1
780	-1
781	-2
782	-1
783	-3
784	-1
785	-1
786	-2
787	-1
788	0
789	0
790	-1
791	0
792	0
793	0
794	0
795	0
796	0
797	0
798	0
799	0
800	0
801	0
802	0
803	0
804	0
805	0
806	0
807	0
808	-1
809	0
810	-1
811	-1
812	-1
813	0
814	-2
815	0
816	-2
817	-1
818	-1
819	-1
820	-1
821	0
822	-1
823	0
824	0
825	-1
826	-2
827	0
828	-1
829	0
830	-2
831	-1
832	-1
833	0
834	-1
835	-1
836	-1
837	0
838	-1
839	0
840	-1
841	-1
842	-1
843	0
844	-1
845	0
846	-1
847	-1
848	-1
849	-1
850	-1
851	-1
852	0
853	-1
854	0
855	-1
856	0
857	0
858	0
859	-1
860	0
861	-1
862	0
863	0
864	0
865	0
866	0
867	-1
868	0
869	0
870	0
871	0
872	0
873	0
874	0
875	0
876	0
877	0
878	0
879	0
880	0
881	0
882	-1
883	0
884	0
885	0
886	0
887	0
888	0
889	0
890	-1
891	0
892	-1
893	0
894	-1
895	0
896	0
897	0
898	0
899	0
900	-1
901	-1
902	-1
903	-1
904	-1
905	-1
906	-1
907	-1
908	-1
909	-1
910	-1
911	-1
912	-2
913	-1
914	-1
915	0
916	0
917	-1
918	-1
919	-1
920	0
921	-1
922	0
923	-1
924	-1
925	0
926	0
927	-1
928	0
929	0
930	0
931	0
932	-1
933	0
934	0
935	-1
936	-1
937	-2
938	-1
939	-1
940	-1
941	-2
942	-1
943	-1
944	-2
945	-1
946	-2
947	-1
948	-1
949	-1
950	0
951	0
952	0
953	-2
954	0
955	-1
956	-1
957	0
958	0
959	0
960	0
961	0
962	0
963	0
964	0
965	0
966	-1
967	0
968	0
969	0
970	0
971	0
972	-1
973	0
974	0
975	0
976	0
977	0
978	0
979	0
980	0
981	0
982	-1
983	0
984	-2
985	0
986	0
987	-1
988	-1
989	-1
990	-1
991	-1
992	-2
993	-1
994	0
995	-1
996	0
997	-1
998	0
999	-1
1000	0
1001	0
1002	0
1003	0
1004	0
1005	0
1006	0
1007	0
1008	0
1009	0
1010	0
1011	0
1012	0
1013	0
1014	0
1015	-1
1016	0
1017	-1
1018	0
1019	-1
1020	0
1021	-1
1022	-1
1023	0
1024	-1
1025	0
1026	-1
1027	-1
1028	-2
1029	-1
1030	-1
1031	-1
1032	-2
1033	-2
1034	-2
1035	-2
1036	-2
1037	-2
1038	-2
1039	-2
1040	-2
1041	-2
1042	-2
1043	-1
1044	-2
1045	-1
1046	-1
1047	-1
1048	-1
1049	0
1050	-1
1051	0
1052	-1
1053	0
1054	0
1055	0
1056	0
1057	-1
1058	0
1059	0
1060	-1
1061	-1
1062	-1
1063	-1
1064	0
1065	0
1066	0
1067	0
1068	0
1069	0
1070	0
1071	0
1072	0
1073	-1
1074	0
1075	-1
1076	-1
1077	0
1078	0
1079	-1
1080	0
1081	0
1082	0
1083	0
1084	0
1085	0
1086	0
1087	0
1088	0
1089	0
1090	0
1091	0
1092	0
1093	0
1094	0
1095	0
1096	0
1097	0
1098	0
1099	-1
1100	0
1101	0
1102	-1
1103	0
1104	-1
1105	0
1106	0
1107	0
1108	-1
1109	-1
1110	-1
1111	-1
1112	0
1113	-1
1114	0
1115	-1
1116	-1
1117	-1
1118	0
1119	-2
1120	-1
1121	-1
1122	-1
1123	0
1124	0
1125	-1
1126	0
1127	-1
1128	-2
1129	0
1130	-1
1131	0
1132	0
1133	0
1134	0
1135	0
1136	0
1137	0
1138	0
1139	0
1140	0
1141	0
1142	0
1143	0
1144	0
1145	0
1146	0
1147	0
1148	0
1149	0
1150	0
1151	0
1152	0
1153	0
1154	0
1155	0
1156	-1
1157	0
1158	0
1159	0
1160	-1
1161	0
1162	0
1163	0
1164	1
1165	0
1166	1
1167	0
1168	1
1169	1
1170	1
1171	1
1172	1
1173	0
1174	2
1175	1
1176	1
1177	1
1178	1
1179	1
1180	1
1181	1
1182	1
1183	0
1184	1
1185	0
1186	0
1187	1
1188	1
1189	1
1190	0
1191	0
1192	0
1193	0
1194	0
1195	0
1196	0
1197	0
1198	0
1199	0
1200	0
1201	0
1202	0
1203	0
1204	0
1205	0
1206	-1
1207	0
1208	0
1209	0
1210	0
1211	0
1212	0
1213	0
1214	0
1215	-1
1216	0
1217	0
1218	0
1219	0
1220	0
1221	0
1222	0
1223	0
1224	0
1225	0
1226	-1
1227	0
1228	0
1229	0
1230	-1
1231	0
1232	-1
1233	0
1234	0
1235	0
1236	-1
1237	-1
1238	-1
1239	-1
1240	-1
1241	0
1242	-1
1243	-1
1244	-1
1245	-1
1246	-1
1247	-2
1248	0
1249	-1
1250	-2
1251	-1
1252	-1
1253	-1
1254	-1
1255	-2
1256	-1
1257	-2
1258	0
1259	-1
1260	-1
1261	-1
1262	-1
1263	-1
1264	-1
1265	-1
1266	0
1267	0
1268	0
1269	0
1270	0
1271	0
1272	-2
1273	0
1274	-1
1275	0
1276	0
1277	0
1278	-1
1279	0
1280	-2
1281	-1
1282	-1
1283	-1
1284	-1
1285	-2
1286	-1
1287	0
1288	-1
1289	-2
1290	-2
1291	-1
1292	-2
1293	0
1294	-1
1295	-1
1296	-1
1297	-2
1298	-1
1299	0
1300	-1
1301	0
1302	-1
1303	-1
1304	-1
1305	0
1306	-1
1307	0
1308	-1
1309	0
1310	-1
1311	-1
1312	-2
1313	-1
1314	-1
1315	-1
1316	-1
1317	0
1318	-1
1319	-1
1320	-2
1321	-1
1322	-3
1323	-2
1324	-3
1325	-2
1326	-2
1327	-3
1328	-3
1329	-2
1330	-2
1331	-2
1332	-2
1333	-3
1334	-3
1335	-2
1336	-2
1337	-2
1338	-2
1339	0
1340	0
1341	-1
1342	0
1343	0
1344	-1
1345	0
1346	0
1347	-1
1348	0
1349	0
1350	0
1351	-1
1352	0
1353	0
1354	-1
1355	0
1356	0
1357	0
1358	0
1359	-1
1360	0
1361	0
1362	0
1363	0
1364	0
1365	0
1366	0
1367	0
1368	0
1369	0
1370	0
1371	0
1372	0
1373	0
1374	0
1375	-1
1376	-1
1377	0
1378	0
1379	0
1380	0
1381	0
1382	-1
1383	-1
1384	0
1385	-1
1386	-1
1387	-1
1388	0
1389	-2
1390	-1
1391	-1
1392	0
1393	-1
1394	-1
1395	0
1396	0
1397	-1
1398	0
1399	0
1400	0
1401	-1
1402	0
1403	-1
1404	-1
1405	-1
1406	-1
1407	0
1408	0
1409	-1
1410	0
1411	-1
1412	0
1413	-1
1414	0
1415	0
1416	0
1417	-1
1418	-1
1419	-1
1420	-1
1421	0
1422	-1
1423	0
1424	-1
1425	0
1426	-1
1427	-1
1428	-1
1429	0
1430	-2
1431	-1
1432	-1
1433	-1
1434	-1
1435	-1
1436	-1
1437	-1
1438	-1
1439	0
1440	0
1441	0
1442	0
1443	0
1444	0
1445	-1
1446	0
1447	0
1448	0
1449	0
1450	0
1451	0
1452	0
1453	-1
1454	0
1455	0
1456	0
1457	0
1458	0
1459	0
1460	0
1461	0
1462	0
1463	0
1464	-1
1465	0
1466	-1
1467	0
1468	0
1469	0
1470	0
1471	0
1472	-1
1473	0
1474	0
1475	0
1476	0
1477	0
1478	0
1479	0
1480	0
1481	0
1482	0
1483	0
1484	0
1485	0
1486	-1
1487	0
1488	-1
1489	-1
1490	-2
1491	0
1492	-1
1493	0
1494	-1
1495	0
1496	0
1497	0
1498	-1
1499	-1
1500	-1
1501	-1
1502	-1
1503	0
1504	-1
1505	0
1506	-1
1507	0
1508	0
1509	0
1510	-1
1511	0
1512	0
1513	0
1514	-1
1515	0
1516	-1
1517	0
1518	-1
1519	0
1520	0
1521	0
1522	0
1523	-1
1524	-1
1525	0
1526	0
1527	0
1528	0
1529	-1
1530	-1
1531	-1
1532	-1
1533	-1
1534	0
1535	0
1536	-1
1537	-1
1538	0
1539	-1
1540	-1
1541	0
1542	0
1543	-1
1544	-1
1545	-1
1546	-1
1547	-1
1548	-1
1549	0
1550	0
1551	0
1552	0
1553	0
1554	-1
1555	0
1556	-1
1557	0
1558	0
1559	0
1560	0
1561	0
1562	0
1563	0
1564	0
1565	0
1566	0
1567	0
1568	0
1569	0
1570	0
1571	0
1572	0
1573	0
1574	0
1575	0
1576	0
1577	0
1578	0
1579	0
1580	0
1581	0
1582	0
1583	0
1584	0
1585	0
1586	0
1587	-1
1588	0
1589	0
1590	-1
1591	0
1592	0
1593	0
1594	0
1595	0
1596	0
1597	0
1598	0
1599	0
1600	0
1601	0
1602	0
1603	0
1604	0
1605	0
1606	0
1607	-1
1608	0
1609	-1
1610	0
1611	0
1612	-1
1613	0
1614	0
1615	0
1616	0
1617	0
1618	0
1619	0
1620	0
1621	0
1622	0
1623	0
1624	0
1625	0
1626	0
1627	0
1628	0
1629	1
1630	0
1631	1
1632	0
1633	1
1634	0
1635	0
1636	1
1637	0
1638	1
1639	1
1640	0
1641	1
1642	2
1643	1
1644	1
1645	2
1646	0
1647	1
1648	1
1649	2
1650	1
1651	1
1652	1
1653	1
1654	0
1655	1
1656	0
1657	1
1658	1
1659	0
1660	1
1661	0
1662	0
1663	0
1664	1
1665	0
1666	0
1667	0
1668	0
1669	1
1670	0
1671	0
1672	0
1673	0
1674	0
1675	1
1676	1
1677	1
1678	1
1679	1
1680	2
1681	1
1682	1
1683	1
1684	2
1685	1
1686	2
1687	2
1688	3
1689	3
1690	3
1691	3
1692	3
1693	2
1694	3
1695	2
1696	3
1697	3
1698	4
1699	2
1700	3
1701	4
1702	4
1703	3
1704	3
1705	2
1706	3
1707	2
1708	2
1709	1
1710	2
1711	1
1712	2
1713	1
1714	2
1715	1
1716	1
1717	0
1718	0
1719	0
1720	0
1721	0
1722	0
1723	0
1724	0
1725	0
1726	0
1727	0
1728	0
1729	0
1730	0
1731	0
1732	0
1733	0
1734	0
1735	0
1736	0
1737	-1
1738	0
1739	-1
1740	-2
1741	-1
1742	0
1743	0
1744	0
1745	-1
1746	0
1747	-1
1748	-1
1749	-1
1750	-1
1751	-1
1752	-1
1753	-1
1754	-1
1755	-1
1756	-1
1757	-2
1758	-1
1759	-1
1760	0
1761	-1
1762	-1
1763	-1
1764	-1
1765	-1
1766	-1
1767	-1
1768	-1
1769	-3
1770	-1
1771	-2
1772	0
1773	-2
1774	-1
1775	-1
1776	0
1777	-1
1778	-2
1779	-1
1780	-2
1781	-1
1782	-1
1783	-1
1784	0
1785	-1
1786	-1
1787	-1
1788	-1
1789	0
1790	0
1791	-1
1792	-1
1793	-1
1794	0
1795	0
1796	-1
1797	-1
1798	0
1799	0
1800	0
1801	-1
1802	-1
1803	-1
1804	0
1805	0
1806	0
1807	-1
1808	0
1809	-1
1810	-1
1811	-1
1812	0
1813	0
1814	0
1815	0
1816	-1
1817	0
1818	0
1819	-1
1820	0
1821	0
1822	-1
1823	-1
1824	0
1825	-2
1826	-1
1827	-1
1828	-1
1829	-1
1830	-1
1831	0
1832	-1
1833	-1
1834	-1
1835	-1
1836	0
1837	-1
1838	0
1839	0
1840	-1
1841	0
1842	0
1843	0
1844	-1
1845	-1
1846	-1
1847	0
1848	-1
1849	-2
1850	-2
1851	-2
1852	-2
1853	-1
1854	-3
1855	-2
1856	-2
1857	-2
1858	-2
1859	-2
1860	-1
1861	-2
1862	-2
1863	-1
1864	-1
1865	-1
1866	-1
1867	-1
1868	-1
1869	-1
1870	-1
1871	-1
1872	-1
1873	-1
1874	-1
1875	-2
1876	-2
1877	-2
1878	0
1879	0
1880	0
1881	-1
1882	-1
1883	0
1884	-1
1885	0
1886	0
1887	0
1888	-1
1889	0
1890	-1
1891	0
1892	-1
1893	-1
1894	0
1895	0
1896	0
1897	0
1898	0
1899	0
1900	0
1901	0
1902	0
1903	0
1904	0
1905	0
1906	0
1907	0
1908	0
1909	0
1910	0
1911	0
1912	0
1913	0
1914	0
1915	0
1916	0
1917	0
1918	-2
1919	0
1920	-1
1921	0
1922	0
1923	0
1924	-1
1925	0
1926	-1
1927	-1
1928	-2
1929	-1
1930	0
1931	-1
1932	0
1933	-1
1934	-1
1935	-1
1936	-1
1937	0
1938	-1
1939	-1
1940	-1
1941	-1
1942	-1
1943	-1
1944	-1
1945	-2
1946	-1
1947	-1
1948	0
1949	0
1950	-1
1951	-1
1952	-2
1953	0
1954	-1
1955	0
1956	-1
1957	0
1958	-1
1959	0
1960	0
1961	0
1962	0
1963	0
1964	-1
1965	0
1966	0
1967	0
1968	0
1969	0
1970	-2
1971	-1
1972	-1
1973	-1
1974	-2
1975	-1
1976	-2
1977	-1
1978	-1
1979	-2
1980	-1
1981	0
1982	-1
1983	-1
1984	-1
1985	-1
1986	-1
1987	-1
1988	0
1989	0
1990	-1
1991	-1
1992	-1
1993	-1
1994	-1
1995	-1
1996	-1
1997	-1
1998	0
1999	0
