0	0
1	0
2	0
3	0
4	0
5	0
6	0
7	0
8	0
9	-1
10	0
11	0
12	0
13	0
14	0
15	0
16	0
17	0
18	0
19	0
20	0
21	0
22	0
23	1
24	1
25	1
26	1
27	1
28	1
29	1
30	1
31	1
32	0
33	0
34	2
35	0
36	0
37	0
38	1
39	0
40	1
41	0
42	0
43	0
44	0
45	0
46	0
47	0
48	0
49	0
50	0
51	0
52	0
53	0
54	0
55	0
56	0
57	0
58	0
59	0
60	0
61	0
62	0
63	0
64	0
65	0
66	0
67	0
68	0
69	0
70	0
71	0
72	0
73	0
74	0
75	0
76	0
77	0
78	0
79	0
80	0
81	0
82	0
83	0
84	-1
85	-1
86	-1
87	-1
88	0
89	0
90	0
91	-1
92	-1
93	0
94	0
95	-1
96	-1
97	0
98	0
99	0
100	0
101	0
102	0
103	0
104	0
105	0
106	0
107	0
108	0
109	0
110	0
111	0
112	0
113	0
114	0
115	0
116	1
117	0
118	0
119	0
120	0
121	0
122	0
123	0
124	-1
125	0
126	0
127	0
128	0
129	0
130	0
131	0
132	0
133	0
134	0
135	0
136	0
137	0
138	0
139	0
140	0
141	0
142	0
143	0
144	0
145	0
146	0
147	0
148	0
149	0
150	0
151	0
152	0
153	0
154	1
155	0
156	0
157	0
158	1
159	0
160	0
161	0
162	0
163	0
164	1
165	2
166	0
167	0
168	0
169	0
170	0
171	0
172	0
173	0
174	0
175	0
176	0
177	0
178	0
179	0
180	0
181	0
182	0
183	0
184	0
185	0
186	0
187	-1
188	1
189	-1
190	0
191	0
192	0
193	-1
194	0
195	-1
196	0
197	-1
198	0
199	-1
200	0
201	0
202	0
203	0
204	0
205	-1
206	0
207	-1
208	0
209	0
210	0
211	0
212	0
213	0
214	0
215	0
216	0
217	0
218	0
219	0
220	0
221	0
222	0
223	0
224	0
225	0
226	0
227	0
228	0
229	0
230	0
231	0
232	1
233	0
234	1
235	1
236	2
237	0
238	2
239	0
240	1
241	2
242	1
243	2
244	1
245	1
246	0
247	1
248	1
249	0
250	1
251	1
252	0
253	0
254	0
255	0
256	0
257	-1
258	0
259	0
260	0
261	0
262	0
263	0
264	0
265	-1
266	0
267	0
268	0
269	0
270	0
271	0
272	-1
273	0
274	-1
275	0
276	0
277	0
278	0
279	0
280	1
281	0
282	0
283	0
284	0
285	0
286	0
287	0
288	0
289	0
290	0
291	0
292	0
293	0
294	0
295	0
296	0
297	-2
298	-1
299	0
300	-1
301	-1
302	-1
303	-2
304	-1
305	-1
306	0
307	-2
308	-1
309	0
310	-2
311	0
312	-1
313	0
314	-1
315	0
316	0
317	0
318	0
319	0
320	0
321	0
322	0
323	0
324	0
325	0
326	1
327	1
328	1
329	0
330	1
331	1
332	2
333	1
334	2
335	0
336	1
337	1
338	1
339	1
340	1
341	2
342	1
343	1
344	1
345	1
346	0
347	0
348	0
349	0
350	0
351	0
352	0
353	0
354	1
355	0
356	0
357	0
358	0
359	0
360	0
361	0
362	0
363	0
364	0
365	-1
366	0
367	0
368	0
369	0
370	0
371	0
372	0
373	0
374	0
375	0
376	0
377	0
378	0
379	0
380	0
381	0
382	0
383	0
384	0
385	0
386	0
387	0
388	0
389	-1
390	0
391	0
392	0
393	0
394	0
395	-1
396	-1
397	0
398	0
399	0
400	0
401	-1
402	0
403	-1
404	0
405	-1
406	0
407	-1
408	-1
409	0
410	0
411	0
412	0
413	0
414	0
415	0
416	0
417	-1
418	0
419	0
420	0
421	0
422	0
423	0
424	0
425	0
426	0
427	1
428	1
429	1
430	1
431	0
432	1
433	1
434	2
435	2
436	4
437	4
438	7
439	8
440	11
441	14
442	17
443	18
444	22
445	25
446	29
447	33
448	36
449	40
450	45
451	49
452	54
453	57
454	61
455	68
456	71
457	76
458	80
459	84
460	88
461	92
462	98
463	101
464	105
465	106
466	112
467	115
468	116
469	117
470	120
471	123
472	125
473	127
474	128
475	130
476	128
477	128
478	129
479	128
480	126
481	125
482	124
483	120
484	119
485	116
486	116
487	113
488	109
489	107
490	104
491	99
492	95
493	92
494	90
495	86
496	80
497	78
498	78
499	78
500	62
501	64
502	62
503	58
504	56
505	49
506	48
507	46
508	40
509	37
510	35
511	33
512	32
513	27
514	24
515	21
516	20
517	16
518	13
519	12
520	9
521	4
522	4
523	1
524	1
525	0
526	-1
527	-4
528	-6
529	-8
530	-8
531	-10
532	-11
533	-13
534	-13
535	-16
536	-16
537	-17
538	-17
539	-20
540	-20
541	-21
542	-22
543	-22
544	-23
545	-23
546	-23
547	-25
548	-25
549	-25
550	-25
551	-26
552	-25
553	-25
554	-25
555	-25
556	-25
557	-25
558	-26
559	-26
560	-25
561	-27
562	-26
563	-26
564	-26
565	-25
566	-25
567	-26
568	-26
569	-26
570	-26
571	-25
572	-24
573	-25
574	-25
575	-24
576	-25
577	-24
578	-24
579	-24
580	-22
581	-23
582	-21
583	-21
584	-20
585	-21
586	-20
587	-20
588	-17
589	-18
590	-16
591	-18
592	-16
593	-17
594	-16
595	-16
596	-16
597	-17
598	-16
599	-16
600	-16
601	-16
602	-16
603	-15
604	-15
605	-15
606	-15
607	-15
608	-15
609	-16
610	-14
611	-15
612	-14
613	-14
614	-14
615	-13
616	-12
617	-14
618	-13
619	-13
620	-11
621	-14
622	-11
623	-12
624	-10
625	-12
626	-10
627	-10
628	-8
629	-10
630	-7
631	-8
632	-8
633	-8
634	-7
635	-7
636	-5
637	-5
638	-4
639	-5
640	-3
641	-4
642	-3
643	-4
644	-3
645	-3
646	-3
647	-3
648	-2
649	-3
650	-1
651	-1
652	-1
653	-1
654	-1
655	-1
656	-1
657	0
658	0
659	0
660	0
661	0
662	0
663	0
664	0
665	0
666	0
667	-1
668	0
669	0
670	0
671	0
672	0
673	0
674	1
675	0
676	1
677	0
678	1
679	1
680	2
681	1
682	2
683	1
684	1
685	2
686	0
687	3
688	1
689	2
690	2
691	2
692	3
693	3
694	3
695	3
696	3
697	3
698	3
699	3
700	3
701	3
702	2
703	2
704	2
705	0
706	0
707	0
708	1
709	0
710	1
711	0
712	0
713	0
714	0
715	0
716	0
717	0
718	0
719	0
720	-1
721	0
722	0
723	-1
724	-1
725	-1
726	-1
727	0
728	-1
729	0
730	-1
731	0
732	-1
733	0
734	-1
735	0
736	0
737	0
738	0
739	0
740	-1
741	0
742	-1
743	0
744	-1
745	0
746	0
747	0
748	-2
749	-1
750	-1
751	-2
752	-2
753	-1
754	-1
755	-1
756	-1
757	-1
758	-2
759	-2
760	-1
761	-2
762	-2
763	-1
764	-2
765	0
766	-1
767	0
768	-1
769	0
770	0
771	0
772	0
773	-2
774	0
775	0
776	0
777	0
778	0
779	-1
780	0
781	-1
782	-1
783	-2
784	-1
785	-1
786	-1
787	-2
788	-2
789	-2
790	-1
791	-2
792	-2
793	-4
794	-3
795	-3
796	-3
797	-3
798	-3
799	-3
800	-2
801	-3
802	-2
803	-3
804	-3
805	-2
806	-3
807	-2
808	-2
809	-3
810	-1
811	-2
812	-3
813	-3
814	-3
815	-3
816	-2
817	-1
818	-1
819	-2
820	-2
821	-2
822	-1
823	-1
824	-1
825	-1
826	-2
827	-1
828	-2
829	-1
830	-1
831	-1
832	-2
833	-1
834	-2
835	-1
836	-1
837	-1
838	-1
839	-2
840	-1
841	-3
842	-1
843	-2
844	-1
845	-1
846	-1
847	-1
848	-1
849	-1
850	-2
851	-3
852	-2
853	-3
854	-1
855	-2
856	-1
857	-2
858	-1
859	-1
860	0
861	-1
862	0
863	0
864	0
865	0
866	0
867	0
868	0
869	0
870	0
871	0
872	0
873	0
874	0
875	0
876	0
877	0
878	0
879	0
880	0
881	0
882	0
883	0
884	0
885	0
886	0
887	0
888	0
889	0
890	0
891	-1
892	-1
893	-1
894	0
895	-2
896	0
897	0
898	-1
899	-1
900	-1
901	-1
902	-1
903	-1
904	-1
905	0
906	-1
907	0
908	0
909	0
910	-2
911	0
912	-2
913	-1
914	-1
915	-2
916	-1
917	-1
918	-1
919	-1
920	-1
921	-1
922	-2
923	-2
924	-1
925	-1
926	-1
927	-2
928	-2
929	-2
930	-2
931	-2
932	-2
933	-2
934	-2
935	-2
936	-2
937	-1
938	-3
939	-3
940	-2
941	-1
942	-2
943	-2
944	-1
945	-1
946	-1
947	-2
948	-1
949	-1
950	-1
951	-1
952	0
953	0
954	0
955	0
956	-1
957	-1
958	-1
959	-1
960	0
961	-1
962	0
963	-1
964	0
965	-1
966	0
967	-2
968	-1
969	-2
970	0
971	-2
972	0
973	-2
974	-1
975	-1
976	-2
977	-1
978	-1
979	-2
980	-1
981	-1
982	-1
983	-3
984	-2
985	-1
986	-1
987	0
988	-2
989	-1
990	-1
991	0
992	-1
993	0
994	0
995	0
996	0
997	0
998	0
999	0
1000	0
1001	0
1002	0
1003	0
1004	0
1005	0
1006	0
1007	0
1008	0
1009	-1
1010	0
1011	-1
1012	0
1013	-1
1014	0
1015	-1
1016	0
1017	-1
1018	-1
1019	-2
1020	-1
1021	-1
1022	-2
1023	-2
1024	-1
1025	-2
1026	-2
1027	-2
1028	-1
1029	-4
1030	-1
1031	-2
1032	0
1033	-3
1034	-1
1035	-3
1036	-1
1037	-2
1038	-1
1039	-2
1040	-1
1041	-1
1042	-1
1043	-1
1044	-1
1045	0
1046	0
1047	-1
1048	0
1049	0
1050	0
1051	0
1052	-1
1053	-1
1054	-1
1055	-1
1056	-1
1057	-2
1058	-1
1059	-1
1060	-2
1061	-1
1062	-2
1063	-2
1064	-1
1065	-1
1066	-3
1067	-3
1068	-2
1069	-1
1070	-2
1071	-2
1072	-2
1073	-3
1074	-2
1075	-2
1076	-1
1077	-2
1078	-2
1079	-1
1080	-1
1081	-1
1082	-1
1083	0
1084	0
1085	0
1086	0
1087	0
1088	0
1089	0
1090	0
1091	1
1092	0
1093	0
1094	0
1095	1
1096	1
1097	2
1098	0
1099	2
1100	1
1101	2
1102	3
1103	1
1104	1
1105	0
1106	0
1107	0
1108	1
1109	0
1110	1
1111	0
1112	1
1113	0
1114	0
1115	0
1116	1
1117	1
1118	1
1119	0
1120	1
1121	1
1122	1
1123	1
1124	1
1125	1
1126	1
1127	1
1128	0
1129	0
1130	1
1131	0
1132	1
1133	0
1134	1
1135	0
1136	1
1137	1
1138	1
1139	0
1140	1
1141	0
1142	1
1143	0
1144	1
1145	0
1146	0
1147	0
1148	0
1149	-1
1150	0
1151	-1
1152	0
1153	-1
1154	-1
1155	-1
1156	-2
1157	-2
1158	-1
1159	-2
1160	-2
1161	-4
1162	-2
1163	-3
1164	-3
1165	-2
1166	-3
1167	-3
1168	-4
1169	-3
1170	-3
1171	-2
1172	-4
1173	-3
1174	-2
1175	-3
1176	-2
1177	-2
1178	-3
1179	-2
1180	-2
1181	-1
1182	-1
1183	-1
1184	-1
1185	-1
1186	-1
1187	-1
1188	-1
1189	0
1190	0
1191	0
1192	0
1193	-2
1194	-1
1195	-1
1196	-2
1197	-1
1198	0
1199	0
1200	-1
1201	-1
1202	-2
1203	-1
1204	-1
1205	-1
1206	-1
1207	0
1208	0
1209	-1
1210	0
1211	-1
1212	-2
1213	-1
1214	-2
1215	-1
1216	-2
1217	-1
1218	-1
1219	-1
1220	-1
1221	-1
1222	-2
1223	-1
1224	-2
1225	-1
1226	-2
1227	-1
1228	-1
1229	0
1230	-1
1231	-1
1232	-1
1233	-1
1234	0
1235	-2
1236	-1
1237	-1
1238	-2
1239	-2
1240	-2
1241	-1
1242	-1
1243	-1
1244	-1
1245	-1
1246	0
1247	-1
1248	-1
1249	-2
1250	-1
1251	-1
1252	-1
1253	0
1254	0
1255	0
1256	-1
1257	-1
1258	-1
1259	-1
1260	-1
1261	-1
1262	-1
1263	-2
1264	-1
1265	-1
1266	-1
1267	-1
1268	-1
1269	0
1270	-1
1271	0
1272	-1
1273	0
1274	-2
1275	0
1276	-1
1277	-2
1278	0
1279	-2
1280	-1
1281	-2
1282	-1
1283	-2
1284	-1
1285	-2
1286	-1
1287	-1
1288	-1
1289	-3
1290	-1
1291	-2
1292	0
1293	-2
1294	-1
1295	-1
1296	0
1297	-1
1298	-1
1299	-1
1300	-1
1301	0
1302	0
1303	-1
1304	-1
1305	0
1306	-1
1307	-1
1308	-1
1309	0
1310	-1
1311	-1
1312	0
1313	-2
1314	0
1315	-1
1316	0
1317	-1
1318	-1
1319	-1
1320	-1
1321	-2
1322	-1
1323	-1
1324	-2
1325	-2
1326	-1
1327	-1
1328	-2
1329	-1
1330	-1
1331	-3
1332	-2
1333	-1
1334	-2
1335	-1
1336	-2
1337	-2
1338	-1
1339	-2
1340	0
1341	-1
1342	0
1343	-1
1344	0
1345	-1
1346	0
1347	0
1348	0
1349	0
1350	0
1351	0
1352	0
1353	0
1354	0
1355	0
1356	0
1357	0
1358	0
1359	0
1360	0
1361	0
1362	0
1363	0
1364	0
1365	0
1366	0
1367	0
1368	0
1369	0
1370	0
1371	0
1372	0
1373	0
1374	-1
1375	0
1376	0
1377	0
1378	-1
1379	-1
1380	-2
1381	-1
1382	-2
1383	-1
1384	-1
1385	-1
1386	-2
1387	-2
1388	-2
1389	-1
1390	-2
1391	-2
1392	-1
1393	-2
1394	-2
1395	-2
1396	-2
1397	-2
1398	-1
1399	-2
1400	-2
1401	-1
1402	0
1403	-1
1404	-1
1405	-1
1406	-1
1407	0
1408	0
1409	-1
1410	-1
1411	-2
1412	0
1413	0
1414	-1
1415	0
1416	-1
1417	0
1418	-1
1419	-1
1420	-1
1421	-1
1422	-1
1423	-2
1424	-1
1425	-2
1426	-2
1427	-2
1428	-1
1429	0
1430	-1
1431	-1
1432	-2
1433	-2
1434	-1
1435	-2
1436	-2
1437	-2
1438	-2
1439	-2
1440	-2
1441	-3
1442	-2
1443	-2
1444	-2
1445	-2
1446	-2
1447	-2
1448	-2
1449	-2
1450	0
1451	-2
1452	-1
1453	-2
1454	-1
1455	-2
1456	-1
1457	-2
1458	-1
1459	0
1460	-1
1461	-2
1462	-1
1463	-1
1464	-1
1465	-1
1466	0
1467	-1
1468	-1
1469	-1
1470	0
1471	-1
1472	0
1473	-1
1474	0
1475	-1
1476	0
1477	0
1478	0
1479	0
1480	0
1481	0
1482	0
1483	0
1484	0
1485	-1
1486	0
1487	-1
1488	0
1489	-1
1490	0
1491	-1
1492	-1
1493	-1
1494	-2
1495	0
1496	-2
1497	-1
1498	-1
1499	-1
1500	-2
1501	-2
1502	-2
1503	-2
1504	-2
1505	-1
1506	-1
1507	-2
1508	-2
1509	-1
1510	-1
1511	-2
1512	-1
1513	0
1514	-1
1515	-1
1516	-1
1517	-1
1518	0
1519	-1
1520	0
1521	0
1522	0
1523	0
1524	0
1525	0
1526	0
1527	0
1528	-1
1529	0
1530	0
1531	0
1532	0
1533	-1
1534	-1
1535	-2
1536	-1
1537	-1
1538	-1
1539	-2
1540	-2
1541	-2
1542	-1
1543	-1
1544	0
1545	-1
1546	-1
1547	-1
1548	-1
1549	-1
1550	-1
1551	-1
1552	-1
1553	-1
1554	-1
1555	0
1556	0
1557	0
1558	0
1559	-2
1560	0
1561	-1
1562	0
1563	-1
1564	-1
1565	-1
1566	-1
1567	-1
1568	0
1569	0
1570	-1
1571	0
1572	0
1573	0
1574	-1
1575	-1
1576	-1
1577	-1
1578	-1
1579	0
1580	-1
1581	0
1582	0
1583	-1
1584	0
1585	-1
1586	-1
1587	-1
1588	-1
1589	0
1590	-1
1591	0
1592	-1
1593	-1
1594	-1
1595	0
1596	-1
1597	0
1598	0
1599	0
1600	0
1601	-1
1602	0
1603	0
1604	0
1605	0
1606	-1
1607	0
1608	-1
1609	0
1610	0
1611	0
1612	0
1613	0
1614	0
1615	-1
1616	-1
1617	-1
1618	0
1619	-1
1620	-1
1621	-1
1622	-1
1623	-2
1624	-1
1625	-2
1626	-2
1627	-2
1628	-2
1629	-2
1630	-2
1631	-1
1632	-2
1633	-2
1634	-2
1635	-2
1636	-3
1637	-1
1638	-2
1639	-2
1640	-2
1641	-2
1642	-1
1643	-1
1644	-1
1645	-2
1646	-1
1647	0
1648	-1
1649	-1
1650	-1
1651	0
1652	0
1653	-1
1654	0
1655	0
1656	0
1657	0
1658	0
1659	0
1660	0
1661	0
1662	0
1663	0
1664	0
1665	0
1666	0
1667	0
1668	0
1669	0
1670	0
1671	0
1672	0
1673	0
1674	0
1675	-1
1676	0
1677	0
1678	0
1679	0
1680	0
1681	0
1682	0
1683	-1
1684	0
1685	0
1686	0
1687	-1
1688	0
1689	-1
1690	0
1691	-2
1692	0
1693	-1
1694	-1
1695	-1
1696	0
1697	-1
1698	-1
1699	-1
1700	-1
1701	0
1702	-1
1703	-1
1704	-2
1705	-1
1706	-1
1707	-1
1708	-1
1709	-2
1710	-1
1711	-1
1712	-1
1713	-1
1714	0
1715	-2
1716	-1
1717	-2
1718	-1
1719	-1
1720	-2
1721	-2
1722	-1
1723	-3
1724	-2
1725	-3
1726	-1
1727	-1
1728	-2
1729	-2
1730	-1
1731	-1
1732	-1
1733	-2
1734	-1
1735	-1
1736	-1
1737	-3
1738	-1
1739	-2
1740	-2
1741	-2
1742	-2
1743	-1
1744	-1
1745	-1
1746	-1
1747	-1
1748	0
1749	-1
1750	-1
1751	-1
1752	0
1753	0
1754	0
1755	0
1756	-1
1757	-1
1758	0
1759	-1
1760	0
1761	-1
1762	0
1763	0
1764	0
1765	0
1766	0
1767	0
1768	0
1769	-1
1770	0
1771	0
1772	0
1773	0
1774	0
1775	0
1776	0
1777	0
1778	0
1779	0
1780	0
1781	-1
1782	-1
1783	-1
1784	0
1785	-1
1786	0
1787	-1
1788	0
1789	-1
1790	-1
1791	-1
1792	0
1793	-1
1794	0
1795	0
1796	0
1797	0
1798	0
1799	-1
1800	0
1801	-2
1802	-1
1803	-2
1804	-2
1805	-2
1806	-1
1807	-1
1808	-2
1809	-2
1810	-1
1811	-2
1812	-2
1813	-2
1814	-1
1815	-2
1816	-2
1817	-1
1818	-1
1819	-3
1820	-1
1821	-2
1822	-1
1823	-1
1824	-1
1825	-1
1826	-1
1827	-1
1828	-1
1829	-2
1830	-1
1831	-1
1832	-2
1833	-1
1834	0
1835	0
1836	-2
1837	-1
1838	-1
1839	0
1840	0
1841	0
1842	0
1843	0
1844	0
1845	0
1846	0
1847	-1
1848	0
1849	-1
1850	0
1851	0
1852	0
1853	-1
1854	0
1855	0
1856	0
1857	0
1858	0
1859	-1
1860	0
1861	0
1862	0
1863	0
1864	0
1865	0
1866	0
1867	0
1868	0
1869	0
1870	0
1871	0
1872	0
1873	0
1874	0
1875	0
1876	0
1877	0
1878	0
1879	0
1880	0
1881	0
1882	0
1883	0
1884	0
1885	-1
1886	0
1887	0
1888	-1
1889	0
1890	-1
1891	0
1892	0
1893	0
1894	0
1895	0
1896	0
1897	0
1898	0
1899	0
1900	0
1901	0
1902	1
1903	0
1904	0
1905	0
1906	0
1907	0
1908	0
1909	1
1910	0
1911	0
1912	0
1913	0
1914	0
1915	0
1916	0
1917	0
1918	0
1919	0
1920	0
1921	0
1922	0
1923	0
1924	1
1925	1
1926	0
1927	1
1928	0
1929	0
1930	1
1931	0
1932	0
1933	0
1934	0
1935	0
1936	0
1937	1
1938	0
1939	1
1940	1
1941	2
1942	1
1943	1
1944	1
1945	0
1946	0
1947	0
1948	0
1949	0
1950	1
1951	0
1952	0
1953	1
1954	0
1955	0
1956	0
1957	0
1958	0
1959	0
1960	0
1961	0
1962	0
1963	0
1964	0
1965	0
1966	0
1967	0
1968	-1
1969	-1
1970	0
1971	-1
1972	0
1973	-1
1974	-1
1975	0
1976	0
1977	0
1978	-1
1979	-1
1980	-1
1981	0
1982	-1
1983	-1
1984	0
1985	0
1986	0
1987	0
1988	0
1989	-1
1990	-1
1991	0
1992	0
1993	0
1994	0
1995	0
1996	0
1997	0
1998	0
1999	0
