0	0
1	0
2	0
3	0
4	0
5	0
6	0
7	0
8	0
9	0
10	0
11	0
12	0
13	0
14	0
15	0
16	0
17	0
18	0
19	0
20	0
21	0
22	0
23	0
24	0
25	0
26	0
27	0
28	0
29	0
30	-1
31	0
32	0
33	0
34	0
35	0
36	0
37	0
38	0
39	0
40	0
41	0
42	1
43	0
44	0
45	0
46	0
47	0
48	0
49	0
50	0
51	0
52	0
53	0
54	0
55	0
56	0
57	0
58	0
59	0
60	0
61	0
62	0
63	0
64	0
65	0
66	0
67	0
68	0
69	0
70	0
71	0
72	0
73	0
74	0
75	0
76	0
77	0
78	0
79	0
80	0
81	0
82	0
83	0
84	0
85	0
86	0
87	0
88	0
89	0
90	0
91	0
92	0
93	0
94	0
95	0
96	0
97	0
98	0
99	0
100	0
101	0
102	0
103	0
104	0
105	0
106	0
107	0
108	0
109	0
110	0
111	0
112	0
113	0
114	0
115	0
116	0
117	0
118	0
119	0
120	0
121	0
122	0
123	0
124	0
125	0
126	0
127	0
128	0
129	0
130	0
131	0
132	0
133	0
134	-1
135	0
136	0
137	0
138	0
139	0
140	0
141	0
142	0
143	0
144	0
145	0
146	0
147	0
148	0
149	0
150	0
151	0
152	0
153	0
154	0
155	0
156	0
157	0
158	0
159	0
160	0
161	0
162	0
163	0
164	0
165	0
166	0
167	0
168	0
169	0
170	0
171	0
172	0
173	0
174	0
175	0
176	0
177	0
178	0
179	0
180	0
181	0
182	0
183	0
184	0
185	0
186	0
187	0
188	0
189	0
190	0
191	0
192	0
193	0
194	0
195	0
196	0
197	0
198	0
199	0
200	0
201	0
202	0
203	0
204	0
205	0
206	0
207	0
208	0
209	0
210	0
211	0
212	0
213	0
214	0
215	0
216	0
217	0
218	0
219	0
220	0
221	0
222	0
223	0
224	0
225	0
226	0
227	0
228	0
229	0
230	0
231	0
232	0
233	0
234	0
235	0
236	0
237	0
238	0
239	0
240	0
241	0
242	0
243	0
244	0
245	0
246	0
247	0
248	0
249	0
250	0
251	0
252	0
253	0
254	0
255	0
256	-1
257	0
258	0
259	0
260	0
261	-1
262	0
263	0
264	0
265	0
266	0
267	0
268	0
269	0
270	0
271	0
272	0
273	0
274	0
275	0
276	0
277	0
278	0
279	0
280	0
281	1
282	0
283	0
284	0
285	0
286	0
287	0
288	0
289	0
290	0
291	1
292	0
293	0
294	0
295	0
296	0
297	0
298	0
299	0
300	0
301	0
302	0
303	0
304	0
305	0
306	0
307	0
308	0
309	0
310	0
311	0
312	0
313	0
314	-1
315	0
316	0
317	0
318	0
319	0
320	0
321	0
322	0
323	0
324	0
325	0
326	0
327	0
328	0
329	0
330	0
331	0
332	0
333	0
334	0
335	0
336	0
337	0
338	0
339	0
340	0
341	-1
342	0
343	0
344	-1
345	0
346	0
347	0
348	0
349	0
350	0
351	0
352	0
353	0
354	0
355	0
356	0
357	0
358	0
359	0
360	0
361	1
362	0
363	0
364	0
365	0
366	0
367	0
368	0
369	0
370	0
371	0
372	0
373	0
374	0
375	0
376	0
377	0
378	0
379	0
380	0
381	0
382	0
383	0
384	0
385	0
386	0
387	0
388	0
389	0
390	0
391	0
392	0
393	0
394	0
395	0
396	0
397	0
398	0
399	0
400	0
401	0
402	0
403	0
404	0
405	0
406	0
407	1
408	0
409	0
410	0
411	0
412	0
413	0
414	0
415	0
416	0
417	0
418	0
419	0
420	0
421	0
422	0
423	0
424	0
425	0
426	0
427	0
428	0
429	0
430	0
431	0
432	0
433	0
434	0
435	0
436	0
437	0
438	0
439	0
440	0
441	2
442	2
443	3
444	4
445	6
446	8
447	10
448	12
449	15
450	19
451	21
452	23
453	25
454	27
455	33
456	34
457	38
458	41
459	44
460	46
461	51
462	53
463	56
464	60
465	61
466	64
467	67
468	69
469	70
470	74
471	74
472	78
473	79
474	80
475	81
476	81
477	83
478	85
479	84
480	83
481	86
482	85
483	85
484	85
485	84
486	85
487	85
488	84
489	85
490	83
491	81
492	80
493	79
494	75
495	77
496	76
497	77
498	76
499	78
500	62
501	68
502	65
503	66
504	64
505	62
506	60
507	59
508	56
509	55
510	54
511	52
512	51
513	48
514	45
515	43
516	41
517	39
518	38
519	39
520	35
521	34
522	29
523	29
524	28
525	27
526	26
527	25
528	23
529	21
530	19
531	19
532	15
533	14
534	11
535	12
536	11
537	9
538	8
539	8
540	6
541	6
542	5
543	2
544	2
545	1
546	0
547	0
548	-2
549	-2
550	-4
551	-4
552	-6
553	-5
554	-7
555	-7
556	-8
557	-8
558	-9
559	-9
560	-9
561	-9
562	-10
563	-10
564	-11
565	-10
566	-11
567	-11
568	-11
569	-12
570	-12
571	-13
572	-12
573	-12
574	-12
575	-13
576	-12
577	-13
578	-11
579	-12
580	-12
581	-12
582	-13
583	-13
584	-13
585	-12
586	-15
587	-13
588	-14
589	-14
590	-15
591	-15
592	-14
593	-15
594	-14
595	-15
596	-15
597	-14
598	-14
599	-14
600	-15
601	-14
602	-13
603	-14
604	-14
605	-13
606	-14
607	-14
608	-13
609	-12
610	-12
611	-11
612	-11
613	-11
614	-12
615	-10
616	-10
617	-11
618	-9
619	-8
620	-10
621	-7
622	-8
623	-6
624	-7
625	-7
626	-9
627	-7
628	-8
629	-7
630	-6
631	-6
632	-7
633	-6
634	-7
635	-6
636	-8
637	-5
638	-4
639	-6
640	-6
641	-5
642	-5
643	-5
644	-6
645	-4
646	-5
647	-3
648	-4
649	-4
650	-4
651	-3
652	-3
653	-3
654	-4
655	-3
656	-4
657	-3
658	-4
659	-3
660	-3
661	-1
662	-2
663	-2
664	-2
665	0
666	-1
667	0
668	-1
669	0
670	-1
671	-1
672	0
673	0
674	-1
675	0
676	0
677	0
678	-1
679	0
680	0
681	0
682	0
683	0
684	0
685	0
686	0
687	0
688	-1
689	0
690	0
691	0
692	0
693	0
694	0
695	0
696	-1
697	-1
698	0
699	0
700	0
701	0
702	-1
703	0
704	-1
705	-1
706	-1
707	-1
708	-1
709	0
710	-1
711	-1
712	-1
713	0
714	-1
715	-1
716	0
717	0
718	0
719	0
720	0
721	0
722	0
723	0
724	0
725	0
726	0
727	0
728	0
729	0
730	0
731	0
732	0
733	0
734	0
735	0
736	0
737	0
738	0
739	0
740	0
741	0
742	0
743	-1
744	0
745	-1
746	-1
747	0
748	-1
749	0
750	-1
751	-1
752	0
753	0
754	-2
755	-1
756	-1
757	-1
758	-1
759	-1
760	-1
761	-1
762	0
763	-1
764	-1
765	-1
766	-1
767	-2
768	-2
769	-1
770	-1
771	0
772	-1
773	0
774	0
775	-1
776	0
777	0
778	-1
779	0
780	0
781	0
782	0
783	0
784	0
785	0
786	0
787	0
788	0
789	0
790	0
791	0
792	0
793	0
794	0
795	-1
796	0
797	0
798	0
799	0
800	0
801	-1
802	0
803	-1
804	0
805	0
806	-1
807	0
808	-1
809	0
810	0
811	0
812	0
813	0
814	0
815	-1
816	0
817	0
818	-1
819	0
820	0
821	0
822	0
823	0
824	0
825	0
826	0
827	0
828	0
829	0
830	0
831	0
832	0
833	0
834	-1
835	0
836	-1
837	0
838	-1
839	0
840	-1
841	0
842	0
843	-1
844	0
845	-1
846	-1
847	-1
848	-1
849	0
850	-2
851	-1
852	-1
853	0
854	-1
855	-1
856	-1
857	0
858	-2
859	-1
860	-2
861	0
862	-1
863	0
864	0
865	0
866	-1
867	0
868	-1
869	0
870	-1
871	-1
872	-1
873	0
874	0
875	0
876	0
877	0
878	0
879	0
880	0
881	-1
882	0
883	0
884	0
885	0
886	-1
887	0
888	-2
889	0
890	-1
891	-1
892	-2
893	0
894	-1
895	0
896	-1
897	0
898	-1
899	-1
900	0
901	-1
902	-1
903	-1
904	-1
905	0
906	-1
907	0
908	-1
909	0
910	-1
911	0
912	0
913	-1
914	0
915	0
916	0
917	0
918	0
919	0
920	0
921	0
922	0
923	0
924	0
925	0
926	0
927	0
928	-1
929	-1
930	-1
931	0
932	0
933	0
934	0
935	0
936	0
937	0
938	0
939	0
940	0
941	0
942	0
943	0
944	-1
945	0
946	0
947	-1
948	-1
949	0
950	-1
951	0
952	-1
953	-1
954	0
955	-1
956	-1
957	0
958	-1
959	-1
960	-1
961	0
962	-1
963	-1
964	-1
965	-1
966	-1
967	0
968	-1
969	-2
970	-1
971	-1
972	-1
973	0
974	-1
975	-1
976	-1
977	0
978	0
979	0
980	-1
981	0
982	0
983	0
984	0
985	0
986	0
987	0
988	-1
989	0
990	0
991	0
992	0
993	0
994	-1
995	0
996	0
997	0
998	-1
999	0
1000	-1
1001	-1
1002	0
1003	0
1004	0
1005	-1
1006	0
1007	0
1008	0
1009	0
1010	0
1011	0
1012	0
1013	0
1014	-1
1015	0
1016	0
1017	0
1018	0
1019	0
1020	0
1021	0
1022	0
1023	0
1024	0
1025	0
1026	0
1027	0
1028	-1
1029	0
1030	0
1031	0
1032	0
1033	0
1034	0
1035	0
1036	0
1037	0
1038	-1
1039	-1
1040	-1
1041	-1
1042	0
1043	-1
1044	-1
1045	0
1046	0
1047	-1
1048	0
1049	-1
1050	0
1051	0
1052	-1
1053	0
1054	-1
1055	0
1056	-1
1057	0
1058	-1
1059	0
1060	-1
1061	0
1062	0
1063	-1
1064	0
1065	-1
1066	0
1067	-1
1068	-1
1069	-1
1070	-1
1071	-1
1072	-1
1073	-1
1074	-1
1075	0
1076	-1
1077	0
1078	-1
1079	-1
1080	-1
1081	0
1082	0
1083	0
1084	0
1085	-1
1086	-1
1087	0
1088	0
1089	0
1090	-1
1091	0
1092	0
1093	0
1094	-1
1095	0
1096	0
1097	0
1098	0
1099	0
1100	-1
1101	0
1102	0
1103	0
1104	-1
1105	0
1106	-1
1107	0
1108	-1
1109	-1
1110	0
1111	0
1112	0
1113	0
1114	0
1115	0
1116	0
1117	0
1118	-1
1119	0
1120	0
1121	0
1122	0
1123	0
1124	-1
1125	-1
1126	-1
1127	-1
1128	-1
1129	-2
1130	-1
1131	-1
1132	-1
1133	-1
1134	-1
1135	-1
1136	0
1137	0
1138	0
1139	0
1140	-1
1141	0
1142	-1
1143	-1
1144	-1
1145	0
1146	-1
1147	0
1148	-1
1149	0
1150	-2
1151	0
1152	-1
1153	0
1154	-1
1155	-1
1156	0
1157	0
1158	0
1159	-1
1160	0
1161	0
1162	0
1163	0
1164	-1
1165	0
1166	0
1167	0
1168	0
1169	-1
1170	-1
1171	-1
1172	-1
1173	-1
1174	-1
1175	-1
1176	-1
1177	0
1178	-1
1179	-1
1180	-1
1181	-1
1182	-1
1183	-1
1184	-1
1185	-1
1186	-1
1187	-1
1188	-1
1189	-1
1190	-1
1191	-1
1192	0
1193	0
1194	0
1195	0
1196	0
1197	0
1198	0
1199	0
1200	0
1201	0
1202	0
1203	0
1204	0
1205	0
1206	-1
1207	0
1208	-1
1209	0
1210	0
1211	0
1212	0
1213	-1
1214	-1
1215	-1
1216	0
1217	0
1218	0
1219	0
1220	0
1221	0
1222	-1
1223	0
1224	0
1225	0
1226	-1
1227	-1
1228	-1
1229	0
1230	0
1231	0
1232	0
1233	0
1234	-1
1235	0
1236	0
1237	0
1238	0
1239	-1
1240	-1
1241	-1
1242	-1
1243	-1
1244	-1
1245	-1
1246	-1
1247	-1
1248	0
1249	0
1250	0
1251	0
1252	0
1253	0
1254	-2
1255	0
1256	-1
1257	0
1258	-1
1259	0
1260	0
1261	0
1262	-1
1263	-1
1264	0
1265	0
1266	0
1267	-1
1268	-1
1269	-1
1270	-1
1271	-1
1272	-1
1273	0
1274	-1
1275	0
1276	0
1277	-1
1278	-1
1279	0
1280	0
1281	-1
1282	-1
1283	-1
1284	0
1285	0
1286	0
1287	0
1288	0
1289	-1
1290	-1
1291	-1
1292	-1
1293	-1
1294	0
1295	0
1296	0
1297	-1
1298	-2
1299	0
1300	0
1301	0
1302	0
1303	0
1304	0
1305	0
1306	0
1307	0
1308	0
1309	0
1310	0
1311	0
1312	0
1313	0
1314	0
1315	0
1316	0
1317	0
1318	0
1319	0
1320	0
1321	0
1322	0
1323	0
1324	0
1325	0
1326	0
1327	0
1328	0
1329	0
1330	0
1331	0
1332	-1
1333	0
1334	0
1335	0
1336	-1
1337	0
1338	-1
1339	-1
1340	-1
1341	-2
1342	0
1343	-1
1344	0
1345	-1
1346	-1
1347	-1
1348	0
1349	-1
1350	-1
1351	-1
1352	-1
1353	0
1354	-1
1355	0
1356	-1
1357	0
1358	0
1359	-1
1360	-1
1361	-1
1362	-1
1363	-1
1364	-1
1365	-1
1366	-2
1367	-2
1368	-2
1369	0
1370	-1
1371	0
1372	-2
1373	0
1374	-2
1375	-1
1376	-2
1377	-1
1378	0
1379	0
1380	-1
1381	0
1382	-1
1383	-1
1384	-1
1385	-1
1386	-1
1387	-1
1388	0
1389	0
1390	-1
1391	0
1392	-1
1393	0
1394	0
1395	-1
1396	0
1397	0
1398	0
1399	-1
1400	0
1401	0
1402	0
1403	0
1404	0
1405	0
1406	0
1407	0
1408	0
1409	0
1410	0
1411	0
1412	0
1413	0
1414	0
1415	0
1416	0
1417	0
1418	0
1419	0
1420	0
1421	0
1422	0
1423	0
1424	0
1425	0
1426	0
1427	0
1428	0
1429	0
1430	-1
1431	-1
1432	0
1433	0
1434	0
1435	0
1436	0
1437	0
1438	-1
1439	-1
1440	0
1441	0
1442	-1
1443	0
1444	-1
1445	-1
1446	0
1447	0
1448	0
1449	0
1450	-1
1451	0
1452	-1
1453	0
1454	0
1455	0
1456	0
1457	0
1458	-1
1459	0
1460	0
1461	0
1462	0
1463	0
1464	0
1465	0
1466	0
1467	0
1468	0
1469	0
1470	0
1471	0
1472	0
1473	0
1474	0
1475	0
1476	0
1477	0
1478	0
1479	0
1480	0
1481	0
1482	0
1483	0
1484	0
1485	1
1486	1
1487	1
1488	0
1489	1
1490	0
1491	0
1492	0
1493	0
1494	0
1495	1
1496	0
1497	1
1498	0
1499	1
1500	0
1501	1
1502	0
1503	1
1504	1
1505	0
1506	0
1507	1
1508	1
1509	1
1510	1
1511	2
1512	1
1513	2
1514	1
1515	2
1516	1
1517	3
1518	2
1519	1
1520	1
1521	2
1522	1
1523	2
1524	0
1525	2
1526	2
1527	1
1528	2
1529	2
1530	1
1531	2
1532	0
1533	1
1534	1
1535	1
1536	1
1537	1
1538	1
1539	1
1540	0
1541	1
1542	0
1543	0
1544	0
1545	0
1546	0
1547	0
1548	0
1549	0
1550	0
1551	0
1552	0
1553	0
1554	0
1555	0
1556	0
1557	0
1558	0
1559	0
1560	0
1561	0
1562	0
1563	-1
1564	-1
1565	-2
1566	-1
1567	0
1568	0
1569	0
1570	0
1571	0
1572	0
1573	0
1574	0
1575	0
1576	-1
1577	0
1578	0
1579	0
1580	0
1581	0
1582	0
1583	-1
1584	0
1585	0
1586	0
1587	0
1588	-1
1589	-1
1590	-1
1591	-1
1592	-1
1593	-1
1594	-2
1595	-1
1596	-1
1597	-2
1598	-1
1599	-2
1600	-2
1601	-2
1602	-1
1603	-1
1604	-1
1605	-1
1606	0
1607	-2
1608	-1
1609	-1
1610	-1
1611	-1
1612	-1
1613	0
1614	-1
1615	0
1616	0
1617	-1
1618	0
1619	0
1620	-1
1621	0
1622	0
1623	0
1624	0
1625	-1
1626	0
1627	-1
1628	0
1629	0
1630	0
1631	0
1632	0
1633	0
1634	0
1635	-1
1636	0
1637	0
1638	0
1639	-1
1640	-1
1641	-1
1642	-2
1643	-1
1644	-1
1645	-1
1646	-1
1647	-1
1648	-2
1649	-1
1650	-2
1651	-1
1652	-1
1653	-2
1654	-2
1655	-3
1656	-2
1657	-1
1658	-1
1659	0
1660	-2
1661	-1
1662	-1
1663	0
1664	0
1665	0
1666	-1
1667	0
1668	-2
1669	-1
1670	-1
1671	0
1672	0
1673	0
1674	-1
1675	-1
1676	0
1677	-1
1678	0
1679	-1
1680	0
1681	0
1682	0
1683	0
1684	-1
1685	-1
1686	0
1687	-1
1688	-1
1689	0
1690	0
1691	-1
1692	-1
1693	0
1694	0
1695	0
1696	0
1697	0
1698	0
1699	0
1700	0
1701	0
1702	0
1703	0
1704	0
1705	0
1706	0
1707	0
1708	0
1709	0
1710	0
1711	0
1712	0
1713	0
1714	0
1715	0
1716	0
1717	0
1718	0
1719	0
1720	0
1721	1
1722	0
1723	0
1724	0
1725	0
1726	0
1727	0
1728	0
1729	0
1730	0
1731	0
1732	0
1733	0
1734	0
1735	0
1736	0
1737	0
1738	0
1739	-1
1740	0
1741	-1
1742	-1
1743	-1
1744	0
1745	-1
1746	-1
1747	-1
1748	-1
1749	-1
1750	-1
1751	-1
1752	-1
1753	-1
1754	0
1755	-1
1756	-1
1757	0
1758	0
1759	0
1760	0
1761	0
1762	0
1763	0
1764	0
1765	0
1766	0
1767	0
1768	0
1769	0
1770	-1
1771	0
1772	0
1773	-1
1774	0
1775	0
1776	0
1777	0
1778	0
1779	-1
1780	-1
1781	-1
1782	-1
1783	-1
1784	-1
1785	-2
1786	-1
1787	-1
1788	0
1789	-1
1790	-2
1791	0
1792	0
1793	-1
1794	-2
1795	-1
1796	0
1797	0
1798	-1
1799	0
1800	0
1801	0
1802	0
1803	0
1804	0
1805	0
1806	0
1807	0
1808	0
1809	0
1810	0
1811	0
1812	0
1813	0
1814	0
1815	0
1816	0
1817	0
1818	0
1819	0
1820	0
1821	0
1822	0
1823	0
1824	0
1825	0
1826	0
1827	0
1828	0
1829	0
1830	0
1831	0
1832	0
1833	0
1834	0
1835	0
1836	0
1837	0
1838	0
1839	0
1840	0
1841	0
1842	0
1843	0
1844	-1
1845	0
1846	-1
1847	0
1848	0
1849	-1
1850	-2
1851	-1
1852	0
1853	0
1854	-1
1855	0
1856	0
1857	0
1858	-1
1859	0
1860	0
1861	0
1862	-1
1863	0
1864	0
1865	0
1866	0
1867	0
1868	-1
1869	0
1870	0
1871	0
1872	0
1873	0
1874	-1
1875	-1
1876	0
1877	0
1878	-1
1879	0
1880	0
1881	0
1882	0
1883	0
1884	0
1885	-1
1886	0
1887	0
1888	0
1889	0
1890	0
1891	0
1892	-1
1893	0
1894	0
1895	0
1896	0
1897	0
1898	0
1899	0
1900	0
1901	-1
1902	0
1903	0
1904	0
1905	0
1906	0
1907	0
1908	0
1909	0
1910	0
1911	0
1912	0
1913	0
1914	0
1915	0
1916	0
1917	0
1918	0
1919	0
1920	-1
1921	0
1922	0
1923	0
1924	-1
1925	-1
1926	-1
1927	-1
1928	-1
1929	0
1930	0
1931	0
1932	0
1933	0
1934	0
1935	0
1936	0
1937	0
1938	0
1939	0
1940	0
1941	0
1942	0
1943	0
1944	0
1945	0
1946	0
1947	0
1948	0
1949	0
1950	-1
1951	0
1952	-1
1953	0
1954	0
1955	0
1956	0
1957	0
1958	0
1959	0
1960	0
1961	0
1962	0
1963	0
1964	0
1965	0
1966	0
1967	0
1968	0
1969	0
1970	0
1971	0
1972	0
1973	0
1974	0
1975	0
1976	-1
1977	0
1978	0
1979	0
1980	0
1981	0
1982	0
1983	0
1984	0
1985	0
1986	0
1987	0
1988	0
1989	0
1990	0
1991	0
1992	0
1993	0
1994	0
1995	0
1996	0
1997	0
1998	0
1999	0
