0	0
1	0
2	0
3	0
4	0
5	0
6	0
7	0
8	0
9	0
10	0
11	0
12	0
13	0
14	-1
15	0
16	0
17	0
18	0
19	0
20	0
21	0
22	0
23	0
24	0
25	0
26	0
27	0
28	0
29	0
30	0
31	0
32	0
33	0
34	0
35	0
36	0
37	0
38	0
39	0
40	-1
41	0
42	0
43	0
44	-1
45	0
46	0
47	0
48	0
49	0
50	-1
51	0
52	0
53	0
54	0
55	0
56	0
57	0
58	0
59	0
60	0
61	0
62	0
63	0
64	0
65	0
66	0
67	0
68	0
69	0
70	0
71	0
72	0
73	0
74	0
75	0
76	0
77	0
78	0
79	0
80	0
81	0
82	0
83	0
84	0
85	0
86	0
87	0
88	0
89	0
90	0
91	0
92	0
93	0
94	0
95	0
96	0
97	0
98	0
99	0
100	0
101	0
102	0
103	0
104	0
105	0
106	0
107	0
108	0
109	0
110	0
111	0
112	0
113	0
114	0
115	0
116	0
117	0
118	0
119	0
120	0
121	0
122	0
123	0
124	0
125	0
126	0
127	0
128	0
129	0
130	0
131	0
132	0
133	0
134	0
135	0
136	0
137	0
138	0
139	0
140	0
141	0
142	0
143	0
144	0
145	0
146	0
147	0
148	0
149	0
150	0
151	0
152	0
153	0
154	0
155	0
156	0
157	0
158	0
159	0
160	0
161	0
162	0
163	0
164	0
165	0
166	0
167	0
168	0
169	0
170	0
171	0
172	0
173	0
174	0
175	0
176	0
177	0
178	0
179	0
180	0
181	0
182	0
183	0
184	0
185	0
186	0
187	0
188	0
189	0
190	0
191	0
192	0
193	0
194	0
195	0
196	0
197	0
198	0
199	0
200	0
201	0
202	0
203	0
204	0
205	0
206	0
207	0
208	0
209	0
210	0
211	0
212	0
213	0
214	0
215	0
216	0
217	0
218	0
219	0
220	0
221	0
222	0
223	0
224	0
225	0
226	0
227	0
228	0
229	0
230	0
231	0
232	0
233	0
234	0
235	0
236	0
237	0
238	0
239	0
240	0
241	0
242	0
243	0
244	0
245	0
246	0
247	0
248	0
249	0
250	0
251	0
252	0
253	0
254	0
255	0
256	0
257	0
258	0
259	0
260	0
261	0
262	0
263	0
264	0
265	0
266	0
267	0
268	1
269	0
270	0
271	0
272	0
273	0
274	0
275	0
276	0
277	0
278	0
279	0
280	0
281	0
282	0
283	0
284	0
285	0
286	0
287	0
288	0
289	0
290	0
291	0
292	0
293	0
294	0
295	0
296	0
297	0
298	0
299	0
300	0
301	0
302	0
303	0
304	0
305	0
306	0
307	0
308	0
309	0
310	0
311	0
312	0
313	0
314	0
315	0
316	0
317	0
318	0
319	0
320	0
321	0
322	0
323	0
324	0
325	0
326	0
327	0
328	0
329	0
330	0
331	0
332	0
333	0
334	0
335	0
336	0
337	0
338	0
339	0
340	0
341	0
342	0
343	0
344	0
345	0
346	0
347	0
348	0
349	0
350	0
351	0
352	0
353	0
354	-1
355	0
356	0
357	0
358	0
359	-1
360	0
361	0
362	0
363	0
364	0
365	0
366	0
367	0
368	0
369	0
370	0
371	0
372	0
373	0
374	1
375	0
376	0
377	0
378	0
379	0
380	0
381	0
382	0
383	0
384	0
385	0
386	0
387	0
388	0
389	0
390	0
391	0
392	0
393	0
394	0
395	0
396	0
397	0
398	0
399	0
400	0
401	0
402	-1
403	0
404	0
405	0
406	0
407	-1
408	-1
409	-1
410	-1
411	0
412	-1
413	-2
414	-1
415	0
416	0
417	0
418	0
419	0
420	0
421	0
422	0
423	0
424	0
425	0
426	0
427	0
428	0
429	0
430	0
431	0
432	0
433	0
434	0
435	0
436	0
437	0
438	0
439	0
440	0
441	0
442	0
443	0
444	0
445	1
446	1
447	2
448	1
449	5
450	7
451	10
452	10
453	13
454	16
455	19
456	22
457	26
458	27
459	33
460	35
461	39
462	43
463	46
464	49
465	51
466	56
467	61
468	62
469	66
470	67
471	71
472	72
473	75
474	74
475	78
476	79
477	81
478	81
479	81
480	83
481	83
482	84
483	85
484	86
485	85
486	85
487	86
488	86
489	83
490	84
491	82
492	80
493	79
494	76
495	77
496	76
497	77
498	77
499	78
500	62
501	68
502	64
503	65
504	63
505	63
506	58
507	57
508	54
509	53
510	51
511	50
512	50
513	48
514	45
515	43
516	40
517	40
518	37
519	37
520	34
521	33
522	31
523	30
524	26
525	26
526	23
527	23
528	21
529	21
530	18
531	17
532	15
533	15
534	12
535	12
536	10
537	9
538	7
539	7
540	6
541	5
542	5
543	4
544	4
545	3
546	2
547	3
548	0
549	1
550	0
551	0
552	-1
553	-1
554	-3
555	-4
556	-6
557	-6
558	-6
559	-6
560	-9
561	-8
562	-8
563	-8
564	-8
565	-10
566	-10
567	-9
568	-11
569	-9
570	-12
571	-11
572	-11
573	-11
574	-12
575	-11
576	-10
577	-10
578	-11
579	-10
580	-10
581	-11
582	-11
583	-10
584	-11
585	-11
586	-11
587	-11
588	-10
589	-9
590	-11
591	-10
592	-12
593	-11
594	-11
595	-11
596	-10
597	-11
598	-11
599	-12
600	-12
601	-11
602	-12
603	-11
604	-12
605	-11
606	-13
607	-11
608	-13
609	-11
610	-12
611	-9
612	-11
613	-10
614	-11
615	-10
616	-11
617	-11
618	-12
619	-9
620	-11
621	-9
622	-11
623	-8
624	-10
625	-8
626	-9
627	-9
628	-9
629	-8
630	-6
631	-5
632	-7
633	-6
634	-5
635	-6
636	-4
637	-5
638	-6
639	-6
640	-4
641	-5
642	-7
643	-5
644	-6
645	-5
646	-4
647	-4
648	-5
649	-3
650	-5
651	-4
652	-4
653	-4
654	-4
655	-3
656	-4
657	-2
658	-4
659	-2
660	-4
661	-2
662	-3
663	-2
664	-3
665	-1
666	-4
667	-1
668	-3
669	-1
670	-3
671	-1
672	-4
673	-1
674	-3
675	0
676	-3
677	0
678	-3
679	0
680	-3
681	0
682	-2
683	-1
684	-3
685	-1
686	-2
687	0
688	-1
689	0
690	-1
691	0
692	-2
693	0
694	0
695	0
696	-1
697	0
698	0
699	0
700	0
701	0
702	-2
703	0
704	0
705	0
706	-1
707	0
708	-1
709	0
710	-1
711	0
712	-1
713	-1
714	-1
715	0
716	-2
717	0
718	-1
719	0
720	-1
721	0
722	-1
723	0
724	0
725	0
726	-1
727	0
728	0
729	0
730	-1
731	-2
732	-2
733	0
734	-1
735	-1
736	-2
737	0
738	-2
739	-1
740	-2
741	-1
742	-2
743	0
744	0
745	0
746	-1
747	-1
748	-1
749	-2
750	-1
751	0
752	-1
753	-1
754	-1
755	-2
756	0
757	-1
758	-1
759	-1
760	-1
761	-1
762	-2
763	0
764	0
765	0
766	-1
767	0
768	0
769	0
770	0
771	0
772	0
773	-1
774	-1
775	-1
776	-1
777	-1
778	-1
779	0
780	-1
781	-1
782	-1
783	0
784	0
785	0
786	0
787	0
788	0
789	0
790	0
791	0
792	0
793	0
794	-1
795	0
796	0
797	0
798	-2
799	0
800	0
801	0
802	-1
803	-1
804	-1
805	-1
806	-1
807	0
808	-2
809	-2
810	-2
811	-1
812	-2
813	-1
814	-2
815	-1
816	-1
817	0
818	-2
819	-1
820	-2
821	0
822	-1
823	0
824	0
825	0
826	-1
827	-1
828	0
829	0
830	0
831	0
832	-1
833	0
834	-1
835	0
836	0
837	0
838	0
839	0
840	0
841	0
842	0
843	0
844	0
845	0
846	0
847	0
848	-1
849	0
850	0
851	0
852	0
853	-1
854	0
855	0
856	0
857	0
858	-1
859	0
860	-1
861	0
862	-1
863	0
864	0
865	-1
866	0
867	0
868	-1
869	0
870	-1
871	0
872	-1
873	-1
874	-1
875	0
876	-1
877	0
878	-1
879	0
880	-1
881	0
882	0
883	0
884	0
885	0
886	0
887	-1
888	-1
889	-1
890	-2
891	-1
892	0
893	0
894	0
895	0
896	-1
897	0
898	-1
899	-1
900	0
901	-1
902	-1
903	-1
904	-1
905	-1
906	-1
907	0
908	0
909	0
910	0
911	0
912	0
913	0
914	-1
915	0
916	0
917	-1
918	-1
919	0
920	0
921	-1
922	0
923	0
924	0
925	0
926	-1
927	-1
928	0
929	0
930	0
931	0
932	0
933	0
934	0
935	0
936	0
937	0
938	0
939	0
940	-1
941	0
942	0
943	0
944	0
945	0
946	0
947	0
948	-1
949	0
950	0
951	0
952	-1
953	0
954	-1
955	0
956	-1
957	0
958	0
959	0
960	0
961	0
962	0
963	0
964	-1
965	0
966	0
967	0
968	-2
969	0
970	-1
971	-1
972	-1
973	-1
974	-1
975	0
976	0
977	-1
978	0
979	-1
980	0
981	0
982	-1
983	-1
984	-2
985	-1
986	-2
987	-1
988	-2
989	-1
990	-2
991	0
992	-1
993	0
994	-2
995	0
996	-1
997	-1
998	-1
999	0
1000	-1
1001	0
1002	0
1003	0
1004	0
1005	-1
1006	0
1007	0
1008	0
1009	0
1010	-1
1011	0
1012	0
1013	0
1014	-1
1015	0
1016	0
1017	0
1018	0
1019	-1
1020	-2
1021	0
1022	-1
1023	0
1024	-1
1025	0
1026	-1
1027	0
1028	-1
1029	0
1030	0
1031	-1
1032	0
1033	0
1034	-1
1035	0
1036	0
1037	0
1038	0
1039	0
1040	0
1041	0
1042	-1
1043	0
1044	-1
1045	0
1046	0
1047	0
1048	-2
1049	0
1050	-1
1051	0
1052	-1
1053	0
1054	0
1055	-1
1056	0
1057	0
1058	0
1059	-1
1060	-1
1061	-1
1062	-2
1063	0
1064	-2
1065	0
1066	0
1067	0
1068	0
1069	0
1070	-1
1071	0
1072	0
1073	0
1074	0
1075	0
1076	0
1077	0
1078	0
1079	0
1080	-1
1081	0
1082	0
1083	0
1084	0
1085	0
1086	0
1087	0
1088	-1
1089	0
1090	-1
1091	0
1092	-1
1093	0
1094	-1
1095	0
1096	-1
1097	0
1098	-1
1099	0
1100	-1
1101	0
1102	-1
1103	-1
1104	0
1105	0
1106	-1
1107	-1
1108	-1
1109	0
1110	0
1111	0
1112	0
1113	-1
1114	0
1115	0
1116	0
1117	0
1118	0
1119	0
1120	0
1121	0
1122	0
1123	0
1124	0
1125	0
1126	0
1127	0
1128	0
1129	0
1130	-1
1131	0
1132	0
1133	0
1134	0
1135	0
1136	0
1137	0
1138	0
1139	0
1140	0
1141	-1
1142	-1
1143	0
1144	-1
1145	0
1146	0
1147	-1
1148	-1
1149	-1
1150	0
1151	-1
1152	0
1153	-1
1154	-1
1155	-1
1156	-1
1157	0
1158	-1
1159	0
1160	0
1161	-1
1162	0
1163	0
1164	-1
1165	0
1166	-1
1167	0
1168	0
1169	-1
1170	-1
1171	0
1172	0
1173	0
1174	-1
1175	0
1176	0
1177	0
1178	0
1179	0
1180	-1
1181	0
1182	0
1183	0
1184	0
1185	0
1186	0
1187	0
1188	0
1189	0
1190	-1
1191	0
1192	0
1193	0
1194	-1
1195	0
1196	0
1197	0
1198	0
1199	-1
1200	-1
1201	-1
1202	-1
1203	0
1204	-1
1205	-1
1206	-2
1207	0
1208	-1
1209	0
1210	-1
1211	0
1212	-1
1213	0
1214	-1
1215	-1
1216	-1
1217	-1
1218	0
1219	0
1220	0
1221	0
1222	0
1223	0
1224	0
1225	0
1226	0
1227	1
1228	0
1229	0
1230	0
1231	0
1232	1
1233	1
1234	0
1235	1
1236	0
1237	0
1238	0
1239	1
1240	0
1241	1
1242	0
1243	0
1244	0
1245	0
1246	0
1247	0
1248	0
1249	0
1250	0
1251	0
1252	0
1253	0
1254	0
1255	0
1256	0
1257	1
1258	0
1259	0
1260	0
1261	1
1262	1
1263	1
1264	0
1265	1
1266	0
1267	0
1268	0
1269	0
1270	0
1271	0
1272	0
1273	-1
1274	-1
1275	0
1276	0
1277	-1
1278	-2
1279	0
1280	-1
1281	-1
1282	-1
1283	0
1284	-2
1285	0
1286	-2
1287	0
1288	0
1289	0
1290	0
1291	0
1292	0
1293	0
1294	0
1295	0
1296	0
1297	0
1298	0
1299	0
1300	0
1301	0
1302	0
1303	-1
1304	0
1305	0
1306	-1
1307	0
1308	0
1309	0
1310	0
1311	0
1312	-1
1313	0
1314	0
1315	0
1316	0
1317	0
1318	-1
1319	0
1320	0
1321	0
1322	0
1323	0
1324	0
1325	0
1326	0
1327	0
1328	0
1329	0
1330	0
1331	0
1332	-1
1333	0
1334	0
1335	0
1336	0
1337	0
1338	0
1339	0
1340	-1
1341	0
1342	-1
1343	-1
1344	0
1345	-1
1346	-2
1347	-1
1348	-2
1349	-1
1350	-2
1351	-1
1352	-1
1353	-2
1354	-1
1355	-1
1356	-1
1357	0
1358	0
1359	0
1360	-1
1361	-2
1362	-2
1363	-1
1364	0
1365	0
1366	-1
1367	0
1368	-1
1369	0
1370	-1
1371	-1
1372	-1
1373	0
1374	-1
1375	0
1376	-1
1377	-1
1378	-1
1379	0
1380	-1
1381	0
1382	-1
1383	0
1384	-1
1385	0
1386	0
1387	-1
1388	-1
1389	0
1390	-1
1391	0
1392	-1
1393	0
1394	0
1395	-1
1396	-1
1397	-1
1398	-1
1399	-1
1400	-1
1401	0
1402	-1
1403	-1
1404	0
1405	-2
1406	-2
1407	-1
1408	-1
1409	-1
1410	-2
1411	0
1412	0
1413	0
1414	0
1415	0
1416	-1
1417	0
1418	-1
1419	0
1420	0
1421	0
1422	0
1423	0
1424	0
1425	0
1426	0
1427	0
1428	0
1429	0
1430	0
1431	0
1432	-1
1433	0
1434	-1
1435	0
1436	-1
1437	0
1438	0
1439	0
1440	-1
1441	0
1442	0
1443	0
1444	0
1445	0
1446	-1
1447	0
1448	-1
1449	0
1450	-1
1451	0
1452	0
1453	0
1454	0
1455	-1
1456	0
1457	0
1458	-1
1459	0
1460	-1
1461	0
1462	0
1463	0
1464	0
1465	-1
1466	0
1467	0
1468	0
1469	0
1470	-1
1471	0
1472	-1
1473	0
1474	-1
1475	0
1476	-1
1477	-1
1478	-1
1479	-1
1480	0
1481	-1
1482	-2
1483	-1
1484	-2
1485	-1
1486	-1
1487	-2
1488	0
1489	-1
1490	-1
1491	-1
1492	-2
1493	-1
1494	-2
1495	0
1496	-1
1497	-1
1498	-1
1499	0
1500	-2
1501	0
1502	0
1503	-1
1504	-1
1505	-1
1506	0
1507	0
1508	0
1509	0
1510	0
1511	0
1512	0
1513	0
1514	0
1515	-1
1516	-1
1517	0
1518	-1
1519	-1
1520	-1
1521	-1
1522	0
1523	-1
1524	0
1525	0
1526	-1
1527	0
1528	-2
1529	0
1530	-1
1531	0
1532	-1
1533	0
1534	-1
1535	0
1536	-1
1537	0
1538	-1
1539	0
1540	0
1541	0
1542	0
1543	0
1544	0
1545	0
1546	0
1547	-1
1548	0
1549	0
1550	0
1551	0
1552	0
1553	0
1554	0
1555	0
1556	0
1557	0
1558	0
1559	0
1560	-2
1561	0
1562	-2
1563	0
1564	-1
1565	-1
1566	-2
1567	0
1568	-1
1569	0
1570	0
1571	-1
1572	-2
1573	0
1574	0
1575	0
1576	0
1577	0
1578	-1
1579	0
1580	0
1581	0
1582	0
1583	0
1584	-1
1585	0
1586	-1
1587	0
1588	-2
1589	0
1590	-1
1591	0
1592	-1
1593	0
1594	0
1595	0
1596	-1
1597	0
1598	0
1599	0
1600	0
1601	0
1602	-1
1603	0
1604	-1
1605	-1
1606	0
1607	0
1608	-1
1609	0
1610	-1
1611	0
1612	0
1613	0
1614	-1
1615	-1
1616	-2
1617	-1
1618	-1
1619	0
1620	-1
1621	0
1622	-1
1623	0
1624	0
1625	0
1626	-1
1627	0
1628	0
1629	-1
1630	-1
1631	-1
1632	-2
1633	-1
1634	-1
1635	0
1636	-1
1637	0
1638	0
1639	0
1640	0
1641	0
1642	0
1643	0
1644	0
1645	0
1646	0
1647	0
1648	-1
1649	0
1650	0
1651	0
1652	0
1653	0
1654	0
1655	-1
1656	-1
1657	0
1658	-1
1659	0
1660	-2
1661	-1
1662	-2
1663	-1
1664	-2
1665	0
1666	-1
1667	-1
1668	-1
1669	0
1670	-1
1671	-1
1672	-1
1673	-1
1674	-2
1675	0
1676	-1
1677	-1
1678	0
1679	-1
1680	0
1681	-1
1682	0
1683	0
1684	0
1685	0
1686	0
1687	0
1688	0
1689	0
1690	0
1691	0
1692	0
1693	0
1694	0
1695	0
1696	0
1697	0
1698	0
1699	0
1700	0
1701	0
1702	0
1703	0
1704	0
1705	0
1706	0
1707	0
1708	0
1709	0
1710	-1
1711	0
1712	0
1713	0
1714	-1
1715	0
1716	0
1717	0
1718	-1
1719	0
1720	-1
1721	0
1722	0
1723	-1
1724	-1
1725	-2
1726	0
1727	0
1728	-1
1729	0
1730	-2
1731	-1
1732	-2
1733	0
1734	-1
1735	-1
1736	-1
1737	0
1738	-1
1739	0
1740	0
1741	0
1742	0
1743	0
1744	-1
1745	0
1746	-1
1747	0
1748	0
1749	0
1750	0
1751	0
1752	-1
1753	0
1754	-1
1755	-1
1756	-1
1757	0
1758	-2
1759	0
1760	-1
1761	-1
1762	-2
1763	-1
1764	-2
1765	0
1766	-1
1767	-1
1768	-3
1769	-1
1770	-2
1771	-1
1772	-3
1773	-1
1774	-1
1775	0
1776	-3
1777	-1
1778	-1
1779	-1
1780	-1
1781	0
1782	0
1783	0
1784	0
1785	0
1786	0
1787	0
1788	0
1789	0
1790	0
1791	0
1792	0
1793	0
1794	-1
1795	0
1796	0
1797	0
1798	0
1799	0
1800	0
1801	0
1802	0
1803	0
1804	0
1805	0
1806	0
1807	0
1808	0
1809	0
1810	0
1811	0
1812	-1
1813	0
1814	0
1815	0
1816	0
1817	-1
1818	-1
1819	0
1820	0
1821	0
1822	0
1823	0
1824	0
1825	0
1826	0
1827	0
1828	0
1829	0
1830	0
1831	0
1832	0
1833	0
1834	0
1835	1
1836	0
1837	1
1838	0
1839	1
1840	0
1841	0
1842	0
1843	1
1844	0
1845	1
1846	1
1847	1
1848	1
1849	1
1850	0
1851	1
1852	1
1853	1
1854	0
1855	1
1856	0
1857	1
1858	0
1859	0
1860	0
1861	0
1862	1
1863	0
1864	0
1865	0
1866	0
1867	0
1868	0
1869	0
1870	0
1871	0
1872	-1
1873	0
1874	0
1875	0
1876	0
1877	0
1878	0
1879	0
1880	0
1881	0
1882	1
1883	0
1884	0
1885	0
1886	0
1887	0
1888	0
1889	0
1890	0
1891	0
1892	0
1893	0
1894	0
1895	0
1896	0
1897	0
1898	0
1899	0
1900	0
1901	0
1902	0
1903	0
1904	0
1905	-1
1906	0
1907	-1
1908	0
1909	-1
1910	0
1911	0
1912	-1
1913	-1
1914	-1
1915	-1
1916	-1
1917	0
1918	-1
1919	0
1920	0
1921	0
1922	-1
1923	0
1924	-1
1925	0
1926	0
1927	0
1928	0
1929	0
1930	0
1931	0
1932	0
1933	0
1934	0
1935	0
1936	0
1937	0
1938	0
1939	0
1940	0
1941	1
1942	0
1943	0
1944	0
1945	0
1946	0
1947	0
1948	0
1949	0
1950	0
1951	0
1952	0
1953	0
1954	0
1955	0
1956	0
1957	0
1958	0
1959	0
1960	0
1961	0
1962	0
1963	0
1964	0
1965	0
1966	0
1967	0
1968	0
1969	0
1970	0
1971	0
1972	0
1973	0
1974	0
1975	0
1976	0
1977	0
1978	0
1979	0
1980	0
1981	0
1982	0
1983	0
1984	0
1985	0
1986	0
1987	0
1988	0
1989	0
1990	0
1991	0
1992	0
1993	0
1994	0
1995	0
1996	0
1997	0
1998	0
1999	0
