0	-1
1	0
2	0
3	0
4	0
5	0
6	0
7	0
8	0
9	0
10	0
11	0
12	0
13	0
14	0
15	-1
16	0
17	0
18	-1
19	-1
20	0
21	0
22	0
23	0
24	0
25	0
26	0
27	0
28	0
29	0
30	0
31	0
32	0
33	0
34	0
35	0
36	0
37	0
38	0
39	0
40	0
41	0
42	0
43	0
44	0
45	0
46	0
47	0
48	0
49	0
50	0
51	0
52	0
53	0
54	0
55	0
56	0
57	1
58	0
59	0
60	0
61	0
62	0
63	0
64	0
65	1
66	0
67	0
68	0
69	1
70	0
71	0
72	0
73	0
74	0
75	0
76	0
77	0
78	0
79	0
80	0
81	0
82	-1
83	0
84	-2
85	0
86	0
87	0
88	0
89	0
90	0
91	-1
92	-1
93	0
94	0
95	0
96	0
97	0
98	0
99	0
100	0
101	0
102	0
103	0
104	0
105	0
106	0
107	0
108	0
109	0
110	0
111	0
112	0
113	0
114	0
115	0
116	0
117	0
118	0
119	0
120	0
121	0
122	0
123	0
124	0
125	0
126	0
127	0
128	0
129	0
130	0
131	0
132	0
133	0
134	0
135	0
136	0
137	0
138	0
139	0
140	0
141	0
142	0
143	0
144	0
145	0
146	0
147	0
148	0
149	0
150	0
151	0
152	0
153	0
154	0
155	0
156	0
157	0
158	0
159	0
160	0
161	0
162	0
163	0
164	0
165	0
166	0
167	0
168	0
169	0
170	0
171	0
172	0
173	0
174	0
175	0
176	0
177	0
178	0
179	0
180	0
181	0
182	0
183	0
184	0
185	0
186	0
187	0
188	0
189	0
190	0
191	0
192	0
193	0
194	0
195	0
196	0
197	0
198	0
199	0
200	0
201	0
202	0
203	0
204	0
205	0
206	0
207	0
208	0
209	0
210	0
211	0
212	0
213	0
214	0
215	0
216	0
217	0
218	0
219	0
220	0
221	0
222	0
223	0
224	0
225	0
226	0
227	0
228	0
229	0
230	0
231	0
232	0
233	0
234	0
235	0
236	0
237	0
238	0
239	0
240	0
241	0
242	0
243	0
244	0
245	0
246	0
247	0
248	0
249	0
250	0
251	0
252	0
253	0
254	0
255	0
256	0
257	0
258	0
259	0
260	0
261	0
262	0
263	0
264	0
265	0
266	0
267	0
268	0
269	0
270	0
271	0
272	0
273	0
274	0
275	0
276	0
277	0
278	0
279	0
280	0
281	0
282	0
283	0
284	0
285	0
286	0
287	0
288	0
289	0
290	0
291	0
292	0
293	0
294	0
295	1
296	0
297	0
298	0
299	0
300	0
301	0
302	0
303	0
304	0
305	0
306	0
307	0
308	0
309	0
310	0
311	0
312	0
313	0
314	0
315	0
316	0
317	0
318	0
319	0
320	0
321	0
322	0
323	0
324	-1
325	0
326	-1
327	0
328	-1
329	0
330	0
331	0
332	0
333	0
334	-1
335	0
336	0
337	0
338	0
339	0
340	0
341	0
342	0
343	0
344	0
345	0
346	0
347	0
348	0
349	0
350	0
351	1
352	0
353	0
354	0
355	0
356	0
357	0
358	0
359	0
360	0
361	0
362	0
363	0
364	0
365	0
366	0
367	0
368	0
369	0
370	0
371	0
372	0
373	0
374	0
375	0
376	0
377	0
378	0
379	0
380	0
381	0
382	0
383	0
384	0
385	0
386	0
387	0
388	0
389	0
390	0
391	0
392	0
393	0
394	0
395	0
396	1
397	0
398	0
399	0
400	0
401	0
402	0
403	0
404	0
405	0
406	0
407	0
408	0
409	0
410	0
411	0
412	-1
413	0
414	0
415	0
416	0
417	0
418	0
419	1
420	0
421	1
422	0
423	0
424	0
425	0
426	0
427	0
428	0
429	0
430	0
431	0
432	0
433	1
434	0
435	1
436	1
437	1
438	3
439	3
440	4
441	5
442	7
443	10
444	12
445	13
446	16
447	21
448	23
449	26
450	29
451	34
452	38
453	40
454	45
455	49
456	53
457	56
458	59
459	65
460	67
461	72
462	74
463	79
464	81
465	84
466	86
467	90
468	93
469	95
470	96
471	99
472	100
473	101
474	103
475	103
476	104
477	106
478	104
479	105
480	104
481	104
482	103
483	104
484	102
485	101
486	100
487	99
488	96
489	95
490	90
491	90
492	86
493	85
494	83
495	79
496	76
497	76
498	76
499	78
500	62
501	65
502	63
503	63
504	59
505	56
506	53
507	52
508	49
509	47
510	44
511	43
512	40
513	37
514	35
515	32
516	31
517	29
518	27
519	26
520	22
521	21
522	18
523	17
524	16
525	15
526	13
527	12
528	9
529	9
530	6
531	8
532	4
533	4
534	1
535	0
536	-1
537	-2
538	-3
539	-2
540	-3
541	-4
542	-5
543	-4
544	-6
545	-5
546	-6
547	-5
548	-6
549	-8
550	-8
551	-8
552	-8
553	-8
554	-7
555	-9
556	-10
557	-9
558	-10
559	-10
560	-11
561	-11
562	-10
563	-11
564	-12
565	-11
566	-12
567	-11
568	-12
569	-11
570	-11
571	-12
572	-12
573	-13
574	-13
575	-14
576	-14
577	-14
578	-14
579	-14
580	-14
581	-14
582	-14
583	-14
584	-15
585	-15
586	-15
587	-15
588	-14
589	-16
590	-15
591	-14
592	-15
593	-14
594	-15
595	-14
596	-14
597	-13
598	-14
599	-12
600	-12
601	-12
602	-13
603	-11
604	-11
605	-10
606	-11
607	-8
608	-10
609	-10
610	-9
611	-8
612	-9
613	-7
614	-9
615	-6
616	-6
617	-6
618	-7
619	-5
620	-7
621	-6
622	-6
623	-5
624	-6
625	-7
626	-6
627	-4
628	-6
629	-4
630	-5
631	-3
632	-5
633	-6
634	-4
635	-4
636	-4
637	-2
638	-4
639	-3
640	-4
641	-1
642	-4
643	-2
644	-2
645	-2
646	-2
647	-2
648	-1
649	0
650	-2
651	0
652	-1
653	-1
654	-1
655	-1
656	-2
657	-1
658	-1
659	-1
660	-1
661	-1
662	0
663	-1
664	-1
665	0
666	0
667	0
668	-1
669	0
670	-1
671	0
672	0
673	0
674	0
675	0
676	0
677	0
678	-2
679	0
680	0
681	0
682	0
683	0
684	0
685	0
686	-2
687	-1
688	0
689	-1
690	-1
691	-2
692	-1
693	-1
694	-2
695	-2
696	-1
697	-1
698	-1
699	-1
700	-2
701	-1
702	-1
703	-1
704	-2
705	-2
706	-1
707	-1
708	-2
709	-1
710	-1
711	-1
712	0
713	-2
714	-1
715	-2
716	-2
717	-1
718	0
719	-1
720	0
721	-1
722	0
723	0
724	-1
725	0
726	0
727	0
728	0
729	0
730	0
731	0
732	0
733	-1
734	0
735	0
736	0
737	0
738	0
739	-1
740	-1
741	-1
742	0
743	-1
744	0
745	0
746	-1
747	-1
748	-1
749	0
750	0
751	0
752	-1
753	0
754	-1
755	-1
756	-2
757	-1
758	-3
759	-1
760	-2
761	-1
762	-2
763	-1
764	-2
765	-1
766	-2
767	0
768	-1
769	-2
770	-1
771	0
772	-2
773	-1
774	-1
775	-1
776	-1
777	0
778	-1
779	0
780	0
781	-1
782	-1
783	0
784	-1
785	0
786	0
787	0
788	-1
789	0
790	-1
791	-1
792	-1
793	0
794	-2
795	-1
796	-1
797	-1
798	-1
799	-2
800	-1
801	-2
802	-3
803	-3
804	-1
805	-2
806	-1
807	-2
808	-1
809	-2
810	-1
811	-1
812	-1
813	-1
814	0
815	-1
816	-1
817	0
818	-1
819	-1
820	-1
821	-1
822	-1
823	-1
824	0
825	-1
826	0
827	0
828	-1
829	0
830	0
831	0
832	-1
833	0
834	-2
835	0
836	0
837	0
838	0
839	0
840	0
841	1
842	0
843	0
844	0
845	0
846	0
847	0
848	-1
849	0
850	0
851	0
852	0
853	0
854	0
855	0
856	0
857	1
858	0
859	1
860	0
861	1
862	0
863	1
864	0
865	0
866	0
867	0
868	0
869	0
870	0
871	1
872	0
873	0
874	0
875	0
876	0
877	0
878	0
879	0
880	0
881	0
882	0
883	0
884	-1
885	0
886	-1
887	0
888	0
889	0
890	0
891	-1
892	-1
893	0
894	-1
895	-1
896	-2
897	0
898	-1
899	-1
900	0
901	0
902	-1
903	0
904	-2
905	0
906	-1
907	-1
908	-1
909	-1
910	-1
911	0
912	-1
913	-1
914	-1
915	-1
916	0
917	-1
918	0
919	-1
920	0
921	-1
922	-2
923	-1
924	-1
925	0
926	-1
927	0
928	0
929	0
930	-1
931	-1
932	-1
933	-1
934	-2
935	0
936	-1
937	-1
938	-1
939	-1
940	0
941	0
942	0
943	-1
944	-1
945	-1
946	-2
947	-1
948	-1
949	0
950	-1
951	-1
952	0
953	-1
954	-1
955	-1
956	-1
957	-2
958	-2
959	-2
960	-3
961	-1
962	-3
963	-2
964	-1
965	-1
966	-3
967	-1
968	-2
969	0
970	0
971	0
972	0
973	-2
974	-1
975	-1
976	-2
977	-2
978	-2
979	-2
980	-2
981	-1
982	-1
983	0
984	-1
985	-1
986	-1
987	-2
988	-1
989	-1
990	-1
991	-1
992	0
993	-1
994	-2
995	-1
996	-1
997	0
998	-1
999	-1
1000	-3
1001	-1
1002	-2
1003	-1
1004	-2
1005	0
1006	-2
1007	-1
1008	-1
1009	-1
1010	-3
1011	-2
1012	-1
1013	-2
1014	-1
1015	-1
1016	-2
1017	-1
1018	-2
1019	-2
1020	0
1021	-2
1022	0
1023	-1
1024	-1
1025	0
1026	-1
1027	0
1028	-1
1029	0
1030	0
1031	0
1032	-1
1033	0
1034	-1
1035	-1
1036	0
1037	-1
1038	-2
1039	0
1040	0
1041	-1
1042	-1
1043	0
1044	-2
1045	0
1046	-1
1047	0
1048	-1
1049	-1
1050	-1
1051	-2
1052	-1
1053	-2
1054	-2
1055	-2
1056	0
1057	-1
1058	0
1059	-1
1060	-1
1061	-1
1062	-1
1063	0
1064	-1
1065	0
1066	-1
1067	0
1068	-2
1069	-1
1070	-1
1071	-2
1072	-2
1073	-1
1074	-1
1075	-1
1076	-1
1077	-1
1078	-2
1079	-1
1080	-1
1081	-2
1082	-1
1083	-1
1084	-2
1085	-2
1086	-2
1087	-1
1088	-2
1089	-2
1090	-2
1091	-2
1092	-2
1093	-3
1094	-2
1095	-2
1096	-2
1097	-2
1098	-2
1099	-2
1100	-2
1101	-3
1102	-2
1103	-1
1104	-1
1105	-3
1106	-1
1107	-1
1108	-1
1109	-1
1110	-3
1111	-2
1112	-2
1113	-1
1114	-3
1115	0
1116	-1
1117	-1
1118	-2
1119	-1
1120	-2
1121	0
1122	-2
1123	0
1124	0
1125	0
1126	-1
1127	0
1128	0
1129	0
1130	0
1131	0
1132	0
1133	0
1134	0
1135	0
1136	0
1137	0
1138	0
1139	0
1140	0
1141	0
1142	0
1143	0
1144	0
1145	0
1146	0
1147	0
1148	0
1149	1
1150	0
1151	1
1152	0
1153	0
1154	0
1155	0
1156	0
1157	0
1158	0
1159	0
1160	0
1161	0
1162	1
1163	1
1164	0
1165	0
1166	0
1167	0
1168	0
1169	0
1170	0
1171	0
1172	0
1173	0
1174	0
1175	0
1176	-1
1177	0
1178	0
1179	0
1180	0
1181	0
1182	-1
1183	0
1184	0
1185	0
1186	0
1187	0
1188	0
1189	0
1190	0
1191	0
1192	-2
1193	0
1194	0
1195	-1
1196	-1
1197	-2
1198	-1
1199	-1
1200	0
1201	0
1202	0
1203	-1
1204	-1
1205	-1
1206	-1
1207	0
1208	-3
1209	-1
1210	-1
1211	0
1212	0
1213	-1
1214	-1
1215	-1
1216	-2
1217	-2
1218	-1
1219	-2
1220	-1
1221	-2
1222	-1
1223	-2
1224	-2
1225	-1
1226	-1
1227	0
1228	-2
1229	-2
1230	-1
1231	-1
1232	-1
1233	-2
1234	-1
1235	0
1236	-1
1237	0
1238	-2
1239	-1
1240	-2
1241	-1
1242	-2
1243	-1
1244	-1
1245	-1
1246	-2
1247	-2
1248	-2
1249	-1
1250	-1
1251	-2
1252	-2
1253	0
1254	-2
1255	-1
1256	-2
1257	-1
1258	-3
1259	-2
1260	-2
1261	-1
1262	-3
1263	-2
1264	-3
1265	-2
1266	-3
1267	-2
1268	-2
1269	-3
1270	-3
1271	-1
1272	-2
1273	-2
1274	-3
1275	-2
1276	-3
1277	-4
1278	-2
1279	-2
1280	-2
1281	-1
1282	-2
1283	-2
1284	-1
1285	-2
1286	-2
1287	-1
1288	0
1289	-1
1290	-1
1291	-2
1292	-2
1293	0
1294	-1
1295	-1
1296	-2
1297	-1
1298	-1
1299	-1
1300	-2
1301	-1
1302	-3
1303	-1
1304	-1
1305	-1
1306	-3
1307	-1
1308	-3
1309	-1
1310	-2
1311	-2
1312	-3
1313	-1
1314	-2
1315	0
1316	-2
1317	-1
1318	-1
1319	-2
1320	-1
1321	-2
1322	0
1323	-1
1324	-3
1325	0
1326	-2
1327	0
1328	-1
1329	0
1330	-1
1331	-1
1332	-2
1333	-1
1334	-1
1335	-1
1336	-1
1337	0
1338	-1
1339	0
1340	-1
1341	0
1342	-1
1343	0
1344	0
1345	0
1346	0
1347	-1
1348	0
1349	0
1350	0
1351	-1
1352	0
1353	-1
1354	-1
1355	0
1356	-1
1357	0
1358	0
1359	0
1360	0
1361	-1
1362	0
1363	-2
1364	0
1365	0
1366	-1
1367	-1
1368	-1
1369	-2
1370	-2
1371	-2
1372	-3
1373	-2
1374	-3
1375	-3
1376	-3
1377	-2
1378	-3
1379	-4
1380	-2
1381	-2
1382	-3
1383	-2
1384	-3
1385	-3
1386	-3
1387	-2
1388	-1
1389	-1
1390	-2
1391	-2
1392	-2
1393	-2
1394	-2
1395	-2
1396	-2
1397	-1
1398	-1
1399	-1
1400	-1
1401	0
1402	-1
1403	0
1404	-2
1405	0
1406	-1
1407	-1
1408	-1
1409	0
1410	-1
1411	0
1412	-1
1413	-1
1414	-1
1415	0
1416	-1
1417	-1
1418	-1
1419	-1
1420	-1
1421	0
1422	-1
1423	-1
1424	-1
1425	0
1426	-1
1427	-2
1428	0
1429	-1
1430	-1
1431	-1
1432	-2
1433	-1
1434	-3
1435	0
1436	-1
1437	0
1438	-1
1439	0
1440	0
1441	0
1442	0
1443	-1
1444	0
1445	0
1446	0
1447	0
1448	-1
1449	0
1450	0
1451	0
1452	-1
1453	0
1454	0
1455	0
1456	0
1457	0
1458	-1
1459	0
1460	0
1461	0
1462	-1
1463	0
1464	-1
1465	0
1466	-1
1467	0
1468	-1
1469	-1
1470	0
1471	0
1472	-1
1473	0
1474	-1
1475	-2
1476	-2
1477	0
1478	-2
1479	-1
1480	-1
1481	-2
1482	-2
1483	-2
1484	-1
1485	0
1486	-1
1487	0
1488	0
1489	0
1490	0
1491	0
1492	0
1493	0
1494	0
1495	0
1496	0
1497	0
1498	0
1499	0
1500	-1
1501	0
1502	-1
1503	0
1504	0
1505	-1
1506	-1
1507	-1
1508	0
1509	-1
1510	-1
1511	-1
1512	-1
1513	-2
1514	-1
1515	-1
1516	-1
1517	-2
1518	-2
1519	-2
1520	-2
1521	-2
1522	-2
1523	-1
1524	-2
1525	-2
1526	-2
1527	-1
1528	-1
1529	-1
1530	-2
1531	0
1532	-1
1533	0
1534	-1
1535	0
1536	0
1537	0
1538	-1
1539	0
1540	0
1541	0
1542	0
1543	0
1544	0
1545	-1
1546	0
1547	-1
1548	-1
1549	0
1550	-1
1551	-1
1552	0
1553	0
1554	-1
1555	0
1556	-1
1557	0
1558	0
1559	0
1560	0
1561	-1
1562	-1
1563	0
1564	-1
1565	0
1566	-1
1567	0
1568	0
1569	0
1570	0
1571	0
1572	-1
1573	0
1574	-1
1575	0
1576	0
1577	0
1578	0
1579	0
1580	0
1581	0
1582	0
1583	0
1584	0
1585	0
1586	0
1587	0
1588	1
1589	1
1590	1
1591	1
1592	1
1593	1
1594	2
1595	1
1596	0
1597	0
1598	1
1599	1
1600	1
1601	1
1602	1
1603	0
1604	1
1605	1
1606	0
1607	1
1608	0
1609	0
1610	0
1611	0
1612	0
1613	0
1614	0
1615	0
1616	0
1617	1
1618	2
1619	1
1620	1
1621	1
1622	1
1623	1
1624	1
1625	1
1626	1
1627	1
1628	1
1629	1
1630	0
1631	1
1632	0
1633	0
1634	1
1635	0
1636	0
1637	0
1638	-2
1639	0
1640	0
1641	0
1642	-1
1643	0
1644	0
1645	-1
1646	0
1647	0
1648	-1
1649	-1
1650	-2
1651	-1
1652	-1
1653	-1
1654	-1
1655	-2
1656	-1
1657	-1
1658	-2
1659	-2
1660	-1
1661	-2
1662	-1
1663	-1
1664	-1
1665	-1
1666	-2
1667	-1
1668	-1
1669	-1
1670	-1
1671	0
1672	-2
1673	-1
1674	-1
1675	0
1676	0
1677	0
1678	0
1679	0
1680	0
1681	0
1682	0
1683	0
1684	0
1685	0
1686	0
1687	0
1688	0
1689	0
1690	0
1691	0
1692	0
1693	0
1694	0
1695	-1
1696	-1
1697	0
1698	-1
1699	-1
1700	0
1701	0
1702	-1
1703	-2
1704	0
1705	-2
1706	-1
1707	-1
1708	-1
1709	-2
1710	-1
1711	-2
1712	-2
1713	-3
1714	-1
1715	-1
1716	-2
1717	-1
1718	-1
1719	-1
1720	0
1721	-1
1722	-2
1723	0
1724	-1
1725	0
1726	-2
1727	-1
1728	-1
1729	0
1730	-1
1731	-1
1732	-1
1733	-1
1734	0
1735	0
1736	-1
1737	0
1738	0
1739	-1
1740	-1
1741	-1
1742	-1
1743	-1
1744	-1
1745	0
1746	-2
1747	-1
1748	-1
1749	-2
1750	-3
1751	-1
1752	-1
1753	0
1754	-1
1755	-1
1756	-2
1757	-1
1758	-2
1759	-1
1760	-1
1761	0
1762	-1
1763	-1
1764	-1
1765	-1
1766	-2
1767	-1
1768	0
1769	-1
1770	0
1771	-1
1772	0
1773	-1
1774	-1
1775	-1
1776	-1
1777	0
1778	-1
1779	0
1780	0
1781	-1
1782	0
1783	0
1784	-1
1785	0
1786	-1
1787	0
1788	-1
1789	0
1790	-1
1791	0
1792	-1
1793	0
1794	0
1795	0
1796	0
1797	0
1798	0
1799	0
1800	-1
1801	0
1802	-1
1803	0
1804	0
1805	0
1806	0
1807	0
1808	-1
1809	0
1810	-1
1811	0
1812	0
1813	-1
1814	-1
1815	-1
1816	0
1817	-1
1818	-1
1819	-1
1820	-1
1821	-1
1822	-1
1823	0
1824	-1
1825	0
1826	0
1827	0
1828	-1
1829	0
1830	0
1831	0
1832	0
1833	0
1834	0
1835	-1
1836	0
1837	0
1838	0
1839	0
1840	0
1841	0
1842	-2
1843	0
1844	0
1845	0
1846	0
1847	-1
1848	-1
1849	-1
1850	-1
1851	0
1852	-1
1853	-1
1854	-1
1855	0
1856	-1
1857	-1
1858	-2
1859	-2
1860	-1
1861	0
1862	-1
1863	-1
1864	-1
1865	-1
1866	0
1867	-1
1868	-1
1869	-1
1870	-1
1871	-1
1872	0
1873	0
1874	0
1875	0
1876	0
1877	0
1878	0
1879	0
1880	0
1881	0
1882	0
1883	0
1884	0
1885	0
1886	0
1887	0
1888	-1
1889	0
1890	-1
1891	0
1892	0
1893	0
1894	-1
1895	0
1896	-1
1897	0
1898	-1
1899	0
1900	0
1901	-1
1902	-1
1903	-1
1904	-1
1905	-2
1906	-1
1907	-2
1908	-1
1909	-1
1910	0
1911	0
1912	0
1913	0
1914	0
1915	-1
1916	0
1917	0
1918	0
1919	0
1920	0
1921	0
1922	0
1923	0
1924	0
1925	-1
1926	0
1927	-1
1928	0
1929	0
1930	0
1931	0
1932	0
1933	0
1934	0
1935	0
1936	0
1937	0
1938	0
1939	0
1940	0
1941	0
1942	0
1943	0
1944	0
1945	0
1946	0
1947	0
1948	-1
1949	-1
1950	-1
1951	0
1952	-1
1953	-1
1954	-1
1955	-1
1956	0
1957	-1
1958	0
1959	-1
1960	0
1961	0
1962	0
1963	-1
1964	0
1965	-1
1966	0
1967	-1
1968	0
1969	0
1970	0
1971	0
1972	0
1973	0
1974	0
1975	0
1976	0
1977	0
1978	0
1979	0
1980	-1
1981	0
1982	0
1983	0
1984	0
1985	0
1986	0
1987	0
1988	0
1989	0
1990	-1
1991	-1
1992	0
1993	-1
1994	0
1995	-1
1996	0
1997	-1
1998	0
1999	0
