0	0
1	0
2	0
3	0
4	1
5	0
6	0
7	0
8	0
9	0
10	1
11	0
12	0
13	0
14	0
15	0
16	0
17	0
18	0
19	0
20	0
21	0
22	0
23	0
24	0
25	0
26	-1
27	0
28	0
29	0
30	0
31	0
32	0
33	0
34	0
35	0
36	0
37	-1
38	0
39	0
40	-1
41	0
42	-1
43	0
44	0
45	0
46	0
47	0
48	0
49	-1
50	0
51	0
52	0
53	0
54	0
55	0
56	0
57	0
58	0
59	0
60	0
61	0
62	0
63	0
64	0
65	0
66	0
67	-1
68	0
69	0
70	0
71	0
72	0
73	0
74	0
75	0
76	0
77	0
78	0
79	0
80	0
81	0
82	0
83	0
84	0
85	0
86	0
87	0
88	0
89	0
90	-1
91	-1
92	-2
93	0
94	0
95	-1
96	0
97	-1
98	0
99	0
100	0
101	0
102	0
103	-1
104	0
105	0
106	0
107	0
108	0
109	0
110	0
111	0
112	0
113	1
114	0
115	0
116	0
117	0
118	0
119	0
120	0
121	0
122	0
123	0
124	0
125	0
126	0
127	0
128	0
129	0
130	0
131	0
132	0
133	0
134	0
135	0
136	0
137	0
138	0
139	0
140	0
141	0
142	0
143	0
144	0
145	0
146	0
147	0
148	0
149	0
150	0
151	0
152	0
153	0
154	0
155	1
156	1
157	1
158	0
159	1
160	0
161	0
162	0
163	0
164	0
165	0
166	0
167	0
168	0
169	0
170	0
171	0
172	0
173	0
174	-1
175	0
176	-1
177	0
178	0
179	0
180	-1
181	-1
182	-1
183	0
184	0
185	-1
186	0
187	0
188	0
189	-1
190	-1
191	-1
192	0
193	0
194	0
195	0
196	0
197	0
198	0
199	0
200	0
201	0
202	0
203	0
204	0
205	0
206	0
207	0
208	0
209	0
210	0
211	0
212	0
213	0
214	0
215	0
216	0
217	0
218	0
219	0
220	0
221	0
222	0
223	0
224	0
225	0
226	0
227	0
228	-1
229	0
230	-1
231	0
232	0
233	0
234	0
235	0
236	-1
237	-1
238	0
239	-1
240	-1
241	-1
242	0
243	0
244	0
245	0
246	0
247	0
248	0
249	0
250	0
251	0
252	0
253	0
254	0
255	1
256	0
257	1
258	0
259	0
260	0
261	1
262	0
263	0
264	0
265	0
266	1
267	0
268	1
269	1
270	1
271	0
272	0
273	1
274	0
275	0
276	0
277	0
278	0
279	0
280	0
281	0
282	0
283	0
284	0
285	0
286	0
287	0
288	-1
289	0
290	0
291	0
292	0
293	0
294	-1
295	0
296	0
297	0
298	0
299	0
300	0
301	0
302	0
303	0
304	-1
305	0
306	-1
307	0
308	-1
309	0
310	-1
311	0
312	0
313	0
314	-1
315	0
316	0
317	0
318	-1
319	0
320	-1
321	-1
322	0
323	0
324	0
325	-1
326	-1
327	0
328	-1
329	0
330	0
331	0
332	-1
333	0
334	0
335	0
336	0
337	0
338	-1
339	0
340	-1
341	0
342	0
343	0
344	0
345	0
346	-1
347	0
348	0
349	0
350	0
351	0
352	-1
353	-1
354	0
355	0
356	0
357	0
358	0
359	0
360	0
361	0
362	0
363	0
364	0
365	0
366	0
367	1
368	0
369	1
370	0
371	1
372	0
373	0
374	0
375	0
376	0
377	0
378	0
379	0
380	0
381	0
382	0
383	0
384	0
385	0
386	0
387	0
388	0
389	0
390	0
391	0
392	0
393	0
394	0
395	0
396	0
397	0
398	0
399	0
400	-1
401	0
402	0
403	0
404	0
405	0
406	0
407	0
408	0
409	0
410	-1
411	0
412	0
413	0
414	-1
415	0
416	-1
417	0
418	-1
419	0
420	-1
421	-1
422	-1
423	0
424	-1
425	0
426	-2
427	0
428	-1
429	0
430	-1
431	0
432	-1
433	0
434	0
435	0
436	-1
437	0
438	0
439	0
440	2
441	2
442	3
443	7
444	8
445	11
446	12
447	16
448	19
449	24
450	27
451	30
452	32
453	39
454	41
455	46
456	50
457	53
458	58
459	63
460	66
461	69
462	72
463	76
464	79
465	83
466	84
467	89
468	90
469	94
470	95
471	97
472	98
473	101
474	101
475	103
476	103
477	104
478	103
479	104
480	103
481	103
482	102
483	102
484	99
485	100
486	96
487	98
488	94
489	92
490	89
491	90
492	87
493	86
494	81
495	78
496	77
497	77
498	77
499	78
500	62
501	66
502	64
503	64
504	60
505	58
506	53
507	53
508	49
509	48
510	44
511	43
512	40
513	38
514	34
515	34
516	30
517	29
518	27
519	25
520	24
521	21
522	21
523	18
524	16
525	14
526	12
527	11
528	10
529	8
530	7
531	6
532	4
533	4
534	3
535	2
536	1
537	0
538	-2
539	-3
540	-5
541	-5
542	-6
543	-7
544	-8
545	-9
546	-9
547	-9
548	-10
549	-11
550	-11
551	-11
552	-12
553	-11
554	-12
555	-12
556	-12
557	-13
558	-13
559	-14
560	-14
561	-14
562	-14
563	-14
564	-15
565	-14
566	-15
567	-14
568	-16
569	-15
570	-15
571	-15
572	-15
573	-16
574	-16
575	-15
576	-15
577	-14
578	-15
579	-14
580	-15
581	-15
582	-15
583	-15
584	-15
585	-15
586	-15
587	-15
588	-14
589	-15
590	-15
591	-15
592	-15
593	-15
594	-14
595	-14
596	-14
597	-14
598	-15
599	-14
600	-15
601	-14
602	-14
603	-14
604	-14
605	-14
606	-13
607	-13
608	-14
609	-13
610	-14
611	-12
612	-11
613	-12
614	-12
615	-11
616	-10
617	-12
618	-10
619	-10
620	-11
621	-10
622	-11
623	-9
624	-11
625	-7
626	-10
627	-10
628	-8
629	-9
630	-7
631	-8
632	-8
633	-7
634	-8
635	-6
636	-7
637	-6
638	-6
639	-4
640	-8
641	-5
642	-7
643	-5
644	-6
645	-5
646	-6
647	-5
648	-5
649	-5
650	-4
651	-5
652	-5
653	-5
654	-4
655	-3
656	-4
657	-4
658	-5
659	-3
660	-3
661	-3
662	-4
663	-3
664	-3
665	-2
666	-4
667	-2
668	-3
669	-3
670	-4
671	-1
672	-2
673	-1
674	-1
675	-1
676	-2
677	-1
678	-1
679	-1
680	-1
681	0
682	-1
683	0
684	-1
685	0
686	-1
687	0
688	0
689	0
690	-1
691	0
692	-1
693	-1
694	-1
695	0
696	0
697	-1
698	0
699	0
700	-1
701	0
702	0
703	-1
704	0
705	-1
706	0
707	0
708	-1
709	0
710	-1
711	-1
712	-1
713	0
714	-1
715	0
716	-1
717	-1
718	-1
719	0
720	0
721	0
722	0
723	-1
724	-1
725	-1
726	-1
727	0
728	-1
729	0
730	-1
731	0
732	-1
733	-1
734	0
735	0
736	-1
737	0
738	-1
739	0
740	-2
741	0
742	-1
743	-1
744	-1
745	0
746	-1
747	0
748	-1
749	0
750	-1
751	0
752	0
753	-1
754	-1
755	0
756	-1
757	0
758	0
759	-1
760	0
761	-1
762	0
763	0
764	-1
765	-1
766	-1
767	-1
768	-2
769	0
770	-1
771	-1
772	-2
773	0
774	-2
775	-1
776	-1
777	-1
778	0
779	-1
780	-1
781	-1
782	-1
783	-1
784	-1
785	-1
786	0
787	0
788	0
789	-1
790	0
791	0
792	0
793	0
794	0
795	0
796	0
797	-1
798	0
799	0
800	-1
801	-1
802	0
803	-1
804	-1
805	-2
806	-1
807	-1
808	-2
809	0
810	-2
811	-1
812	-1
813	-1
814	-2
815	-1
816	-1
817	-1
818	0
819	-1
820	0
821	0
822	0
823	-2
824	-1
825	-1
826	-1
827	-1
828	-1
829	-1
830	-1
831	0
832	0
833	-1
834	0
835	-1
836	-1
837	-1
838	0
839	-1
840	-1
841	0
842	-1
843	0
844	0
845	0
846	0
847	-1
848	0
849	0
850	-1
851	0
852	0
853	0
854	0
855	0
856	0
857	0
858	0
859	0
860	0
861	0
862	0
863	0
864	0
865	0
866	0
867	0
868	-1
869	-1
870	-1
871	0
872	-1
873	-1
874	0
875	-1
876	0
877	-1
878	-2
879	-1
880	-2
881	-2
882	-2
883	-1
884	-2
885	-2
886	-2
887	-1
888	-2
889	-2
890	0
891	-2
892	-1
893	0
894	-2
895	-1
896	-2
897	-1
898	-2
899	0
900	-2
901	0
902	-2
903	-1
904	-1
905	-1
906	-2
907	0
908	-1
909	0
910	-1
911	0
912	0
913	0
914	-1
915	0
916	-1
917	0
918	-1
919	-1
920	-1
921	0
922	-1
923	-1
924	-1
925	-1
926	-1
927	-1
928	0
929	0
930	-2
931	0
932	-1
933	0
934	-2
935	-1
936	-2
937	-1
938	-2
939	-1
940	-1
941	-2
942	-1
943	-1
944	-1
945	-2
946	-2
947	-1
948	-2
949	-1
950	-1
951	-1
952	-1
953	0
954	-1
955	-2
956	-1
957	0
958	0
959	0
960	0
961	-1
962	0
963	0
964	-1
965	0
966	-1
967	0
968	-1
969	0
970	0
971	-1
972	0
973	0
974	-1
975	-1
976	-1
977	0
978	-1
979	0
980	-1
981	0
982	-1
983	-1
984	-1
985	-1
986	0
987	-1
988	0
989	0
990	0
991	-1
992	0
993	-1
994	0
995	-1
996	0
997	-1
998	0
999	-2
1000	-2
1001	0
1002	-1
1003	-1
1004	-1
1005	-1
1006	-1
1007	0
1008	-1
1009	0
1010	-1
1011	0
1012	-2
1013	0
1014	-1
1015	-1
1016	0
1017	0
1018	-1
1019	-1
1020	-1
1021	0
1022	-2
1023	0
1024	-1
1025	-1
1026	-1
1027	-1
1028	-2
1029	0
1030	0
1031	-1
1032	-1
1033	-1
1034	-1
1035	-1
1036	-2
1037	-1
1038	-1
1039	0
1040	-1
1041	0
1042	-1
1043	0
1044	-2
1045	0
1046	0
1047	0
1048	0
1049	0
1050	0
1051	0
1052	-1
1053	0
1054	0
1055	0
1056	-1
1057	0
1058	-1
1059	0
1060	0
1061	0
1062	-1
1063	0
1064	-1
1065	-1
1066	-1
1067	-1
1068	-2
1069	-1
1070	-1
1071	-1
1072	-1
1073	-1
1074	-2
1075	-1
1076	-2
1077	-2
1078	-1
1079	-1
1080	-2
1081	-2
1082	-1
1083	-2
1084	0
1085	-1
1086	-1
1087	-1
1088	-2
1089	-1
1090	0
1091	-1
1092	-1
1093	-1
1094	0
1095	0
1096	-1
1097	-1
1098	-1
1099	-2
1100	-1
1101	-2
1102	-1
1103	-1
1104	-2
1105	-1
1106	-2
1107	-1
1108	-2
1109	-1
1110	-2
1111	0
1112	-1
1113	-2
1114	-1
1115	-1
1116	-1
1117	0
1118	0
1119	-1
1120	-1
1121	-1
1122	0
1123	0
1124	0
1125	0
1126	0
1127	0
1128	-1
1129	0
1130	0
1131	0
1132	0
1133	0
1134	0
1135	0
1136	0
1137	0
1138	0
1139	0
1140	0
1141	-1
1142	0
1143	0
1144	0
1145	0
1146	0
1147	0
1148	0
1149	0
1150	-1
1151	0
1152	0
1153	-1
1154	-1
1155	0
1156	-2
1157	0
1158	0
1159	-1
1160	0
1161	-1
1162	-1
1163	0
1164	-2
1165	0
1166	-2
1167	-1
1168	-2
1169	0
1170	-1
1171	0
1172	-2
1173	0
1174	-2
1175	-1
1176	-1
1177	-1
1178	-2
1179	-1
1180	-1
1181	-2
1182	-2
1183	-2
1184	-1
1185	-1
1186	-1
1187	-2
1188	-2
1189	-1
1190	0
1191	-1
1192	0
1193	-1
1194	0
1195	0
1196	-1
1197	0
1198	0
1199	0
1200	0
1201	0
1202	-2
1203	0
1204	0
1205	-1
1206	-1
1207	-1
1208	-1
1209	-1
1210	-1
1211	0
1212	0
1213	0
1214	-1
1215	0
1216	-1
1217	-1
1218	0
1219	0
1220	-1
1221	-1
1222	0
1223	-1
1224	-1
1225	-1
1226	-1
1227	-1
1228	-2
1229	-1
1230	-1
1231	-2
1232	-1
1233	-1
1234	-2
1235	-2
1236	-1
1237	-1
1238	-2
1239	-2
1240	-1
1241	-2
1242	-3
1243	-1
1244	-1
1245	0
1246	-1
1247	0
1248	-2
1249	0
1250	-2
1251	0
1252	0
1253	-1
1254	0
1255	-1
1256	0
1257	0
1258	0
1259	0
1260	0
1261	0
1262	-1
1263	0
1264	0
1265	0
1266	0
1267	0
1268	0
1269	0
1270	0
1271	0
1272	0
1273	0
1274	0
1275	0
1276	0
1277	0
1278	-1
1279	0
1280	0
1281	0
1282	-1
1283	-1
1284	-1
1285	-1
1286	-1
1287	-1
1288	-1
1289	-1
1290	-1
1291	-1
1292	-1
1293	-1
1294	-2
1295	-1
1296	-2
1297	-2
1298	-3
1299	-2
1300	-1
1301	-2
1302	-2
1303	-2
1304	-2
1305	-3
1306	-2
1307	-1
1308	0
1309	-1
1310	-1
1311	-2
1312	-1
1313	0
1314	-1
1315	0
1316	-2
1317	0
1318	-1
1319	-1
1320	-1
1321	0
1322	-2
1323	-2
1324	-1
1325	-1
1326	0
1327	0
1328	0
1329	0
1330	0
1331	0
1332	0
1333	0
1334	0
1335	0
1336	0
1337	0
1338	0
1339	1
1340	0
1341	0
1342	0
1343	1
1344	0
1345	1
1346	0
1347	0
1348	0
1349	1
1350	0
1351	1
1352	0
1353	0
1354	0
1355	1
1356	1
1357	1
1358	1
1359	1
1360	1
1361	1
1362	1
1363	2
1364	1
1365	1
1366	0
1367	1
1368	0
1369	0
1370	0
1371	0
1372	0
1373	0
1374	0
1375	0
1376	0
1377	0
1378	0
1379	0
1380	-1
1381	0
1382	-1
1383	0
1384	0
1385	0
1386	0
1387	0
1388	-1
1389	0
1390	0
1391	-1
1392	-1
1393	0
1394	-1
1395	-1
1396	0
1397	0
1398	0
1399	0
1400	-1
1401	0
1402	0
1403	0
1404	0
1405	0
1406	0
1407	0
1408	0
1409	0
1410	-1
1411	0
1412	0
1413	0
1414	0
1415	0
1416	-1
1417	-2
1418	-1
1419	-2
1420	-2
1421	-2
1422	-1
1423	-1
1424	-2
1425	-1
1426	-1
1427	-2
1428	-2
1429	-1
1430	-2
1431	-1
1432	-1
1433	-2
1434	-1
1435	-1
1436	-1
1437	-1
1438	-2
1439	-2
1440	-2
1441	-1
1442	-2
1443	-2
1444	-2
1445	-2
1446	-2
1447	-1
1448	-2
1449	-1
1450	-2
1451	-2
1452	-2
1453	-1
1454	-2
1455	-1
1456	-1
1457	0
1458	0
1459	-1
1460	-1
1461	0
1462	0
1463	0
1464	0
1465	0
1466	-1
1467	0
1468	0
1469	0
1470	0
1471	0
1472	0
1473	0
1474	0
1475	0
1476	0
1477	0
1478	0
1479	-1
1480	0
1481	0
1482	0
1483	0
1484	0
1485	0
1486	0
1487	-1
1488	-1
1489	-1
1490	-1
1491	-2
1492	-2
1493	-1
1494	-1
1495	-2
1496	-1
1497	-1
1498	-2
1499	-2
1500	-2
1501	-1
1502	-1
1503	-2
1504	-1
1505	-2
1506	-1
1507	-1
1508	-1
1509	-1
1510	-1
1511	-1
1512	-1
1513	0
1514	-1
1515	-1
1516	-1
1517	-1
1518	0
1519	-1
1520	0
1521	0
1522	0
1523	0
1524	-1
1525	0
1526	-1
1527	0
1528	0
1529	0
1530	-1
1531	0
1532	-1
1533	0
1534	-1
1535	-2
1536	-1
1537	-1
1538	0
1539	0
1540	0
1541	0
1542	0
1543	0
1544	0
1545	0
1546	0
1547	0
1548	-1
1549	-1
1550	0
1551	0
1552	0
1553	-1
1554	0
1555	-1
1556	0
1557	-1
1558	-1
1559	-1
1560	-1
1561	0
1562	-1
1563	0
1564	0
1565	0
1566	0
1567	0
1568	0
1569	-1
1570	0
1571	0
1572	-1
1573	-1
1574	0
1575	-1
1576	-2
1577	-1
1578	0
1579	-1
1580	-1
1581	-1
1582	-2
1583	-1
1584	-1
1585	-1
1586	-1
1587	-1
1588	-1
1589	-1
1590	-1
1591	0
1592	0
1593	0
1594	-1
1595	-1
1596	-1
1597	0
1598	0
1599	0
1600	-1
1601	0
1602	0
1603	0
1604	0
1605	0
1606	0
1607	0
1608	0
1609	0
1610	0
1611	0
1612	0
1613	-1
1614	-1
1615	0
1616	-1
1617	-1
1618	-1
1619	-1
1620	-1
1621	-1
1622	-1
1623	0
1624	0
1625	0
1626	-1
1627	-2
1628	0
1629	0
1630	-1
1631	-1
1632	-1
1633	-1
1634	-2
1635	-2
1636	-1
1637	0
1638	-2
1639	0
1640	-1
1641	0
1642	-2
1643	0
1644	-1
1645	-1
1646	-2
1647	-1
1648	0
1649	-1
1650	-1
1651	-1
1652	-1
1653	0
1654	-1
1655	0
1656	-1
1657	0
1658	-1
1659	-1
1660	0
1661	-1
1662	0
1663	0
1664	0
1665	0
1666	0
1667	0
1668	0
1669	-1
1670	0
1671	-1
1672	-1
1673	-1
1674	-1
1675	-2
1676	-2
1677	-1
1678	-1
1679	-2
1680	-2
1681	-1
1682	-1
1683	-2
1684	-2
1685	-2
1686	-1
1687	-1
1688	0
1689	-1
1690	-1
1691	-2
1692	0
1693	-1
1694	0
1695	0
1696	0
1697	-1
1698	0
1699	0
1700	-1
1701	0
1702	-1
1703	0
1704	-1
1705	0
1706	0
1707	0
1708	-1
1709	0
1710	-1
1711	0
1712	0
1713	0
1714	0
1715	0
1716	0
1717	-1
1718	-1
1719	0
1720	0
1721	0
1722	-1
1723	0
1724	-1
1725	0
1726	-1
1727	0
1728	0
1729	0
1730	0
1731	0
1732	0
1733	0
1734	-1
1735	-1
1736	0
1737	-1
1738	-1
1739	0
1740	0
1741	0
1742	0
1743	0
1744	0
1745	-1
1746	0
1747	-1
1748	0
1749	-1
1750	-1
1751	0
1752	-1
1753	0
1754	-1
1755	0
1756	0
1757	0
1758	0
1759	-1
1760	-1
1761	-1
1762	0
1763	-1
1764	-1
1765	-1
1766	0
1767	0
1768	-1
1769	-1
1770	0
1771	0
1772	0
1773	0
1774	-1
1775	-1
1776	-1
1777	0
1778	0
1779	-1
1780	-1
1781	0
1782	-2
1783	-1
1784	0
1785	0
1786	0
1787	0
1788	0
1789	0
1790	0
1791	0
1792	-1
1793	0
1794	-1
1795	-1
1796	-1
1797	0
1798	0
1799	-1
1800	-1
1801	-1
1802	-1
1803	-1
1804	-1
1805	-2
1806	-3
1807	-1
1808	-2
1809	-1
1810	-2
1811	-2
1812	-1
1813	-1
1814	-1
1815	-1
1816	0
1817	0
1818	0
1819	0
1820	-1
1821	0
1822	0
1823	0
1824	-1
1825	0
1826	0
1827	0
1828	-1
1829	0
1830	0
1831	0
1832	0
1833	0
1834	0
1835	0
1836	0
1837	0
1838	-1
1839	0
1840	-1
1841	-2
1842	0
1843	0
1844	0
1845	0
1846	0
1847	0
1848	-1
1849	0
1850	-1
1851	0
1852	-1
1853	0
1854	0
1855	0
1856	0
1857	-1
1858	0
1859	0
1860	0
1861	0
1862	-1
1863	-1
1864	0
1865	0
1866	-1
1867	0
1868	-1
1869	0
1870	0
1871	0
1872	-1
1873	0
1874	0
1875	0
1876	0
1877	0
1878	0
1879	0
1880	0
1881	0
1882	-1
1883	-1
1884	-2
1885	-1
1886	-1
1887	-1
1888	-1
1889	-1
1890	-1
1891	0
1892	-1
1893	-1
1894	0
1895	0
1896	0
1897	0
1898	0
1899	0
1900	0
1901	0
1902	0
1903	0
1904	0
1905	0
1906	0
1907	0
1908	0
1909	0
1910	0
1911	0
1912	0
1913	0
1914	0
1915	0
1916	-1
1917	0
1918	0
1919	-1
1920	0
1921	0
1922	-1
1923	0
1924	-1
1925	0
1926	-1
1927	-1
1928	-1
1929	0
1930	0
1931	-2
1932	-1
1933	-1
1934	-2
1935	-1
1936	-1
1937	-1
1938	-2
1939	-1
1940	-2
1941	-1
1942	-1
1943	0
1944	0
1945	-1
1946	0
1947	0
1948	0
1949	0
1950	0
1951	0
1952	0
1953	0
1954	0
1955	0
1956	0
1957	0
1958	0
1959	0
1960	0
1961	0
1962	0
1963	0
1964	0
1965	0
1966	0
1967	-1
1968	0
1969	-1
1970	-1
1971	-1
1972	-1
1973	-1
1974	-1
1975	0
1976	-1
1977	-1
1978	0
1979	-1
1980	0
1981	-1
1982	0
1983	0
1984	0
1985	0
1986	0
1987	0
1988	0
1989	0
1990	0
1991	0
1992	0
1993	0
1994	0
1995	0
1996	0
1997	-1
1998	0
1999	-1
