0	0
1	0
2	0
3	0
4	0
5	0
6	0
7	0
8	-1
9	0
10	0
11	0
12	0
13	0
14	0
15	0
16	0
17	0
18	0
19	0
20	0
21	0
22	0
23	0
24	1
25	0
26	0
27	0
28	0
29	0
30	0
31	0
32	0
33	0
34	0
35	0
36	0
37	0
38	0
39	0
40	0
41	0
42	0
43	0
44	0
45	1
46	0
47	0
48	0
49	0
50	0
51	0
52	0
53	0
54	0
55	0
56	0
57	0
58	0
59	0
60	0
61	0
62	0
63	0
64	0
65	0
66	0
67	0
68	0
69	0
70	0
71	0
72	0
73	0
74	0
75	0
76	0
77	0
78	0
79	0
80	0
81	0
82	0
83	0
84	0
85	0
86	0
87	0
88	0
89	0
90	0
91	0
92	0
93	0
94	0
95	0
96	0
97	0
98	0
99	0
100	0
101	0
102	0
103	0
104	0
105	0
106	0
107	0
108	0
109	0
110	0
111	0
112	0
113	0
114	0
115	0
116	0
117	0
118	0
119	0
120	0
121	0
122	0
123	0
124	0
125	0
126	0
127	0
128	0
129	0
130	0
131	0
132	0
133	0
134	0
135	0
136	0
137	0
138	0
139	0
140	0
141	0
142	0
143	0
144	0
145	0
146	0
147	0
148	0
149	0
150	0
151	0
152	0
153	0
154	0
155	0
156	0
157	0
158	0
159	0
160	0
161	0
162	0
163	0
164	0
165	0
166	0
167	0
168	0
169	0
170	0
171	0
172	0
173	0
174	0
175	0
176	0
177	0
178	0
179	0
180	0
181	0
182	0
183	0
184	0
185	0
186	0
187	0
188	0
189	0
190	0
191	0
192	0
193	-1
194	0
195	0
196	0
197	0
198	0
199	0
200	-1
201	0
202	0
203	0
204	0
205	0
206	0
207	0
208	0
209	0
210	0
211	0
212	0
213	0
214	0
215	0
216	0
217	0
218	0
219	0
220	0
221	0
222	0
223	0
224	0
225	0
226	0
227	0
228	0
229	0
230	0
231	0
232	0
233	0
234	0
235	0
236	0
237	0
238	0
239	0
240	0
241	0
242	0
243	0
244	0
245	0
246	0
247	0
248	0
249	0
250	0
251	0
252	1
253	0
254	0
255	0
256	0
257	0
258	0
259	0
260	0
261	0
262	0
263	0
264	0
265	0
266	0
267	0
268	0
269	0
270	0
271	0
272	0
273	0
274	0
275	0
276	0
277	0
278	0
279	0
280	0
281	0
282	0
283	0
284	0
285	0
286	0
287	0
288	-1
289	0
290	0
291	0
292	0
293	0
294	0
295	0
296	0
297	0
298	0
299	0
300	0
301	0
302	0
303	0
304	0
305	0
306	0
307	0
308	0
309	0
310	0
311	0
312	1
313	0
314	0
315	1
316	0
317	0
318	0
319	0
320	0
321	0
322	0
323	0
324	0
325	0
326	0
327	0
328	0
329	0
330	0
331	0
332	0
333	0
334	0
335	0
336	0
337	0
338	0
339	0
340	0
341	0
342	0
343	-1
344	0
345	0
346	0
347	0
348	0
349	0
350	0
351	0
352	0
353	0
354	0
355	0
356	0
357	0
358	0
359	0
360	0
361	0
362	0
363	0
364	0
365	0
366	0
367	0
368	0
369	0
370	0
371	0
372	0
373	0
374	0
375	0
376	0
377	0
378	0
379	0
380	0
381	0
382	0
383	0
384	0
385	0
386	0
387	0
388	0
389	0
390	0
391	0
392	0
393	0
394	0
395	0
396	0
397	0
398	0
399	0
400	0
401	0
402	0
403	0
404	0
405	0
406	-1
407	0
408	0
409	0
410	0
411	0
412	0
413	0
414	0
415	0
416	-1
417	0
418	-1
419	0
420	0
421	0
422	0
423	0
424	0
425	0
426	0
427	0
428	0
429	0
430	0
431	0
432	0
433	0
434	0
435	0
436	0
437	0
438	0
439	1
440	0
441	0
442	0
443	0
444	0
445	0
446	0
447	0
448	0
449	0
450	0
451	0
452	1
453	1
454	1
455	3
456	3
457	4
458	6
459	7
460	9
461	12
462	14
463	15
464	17
465	22
466	22
467	26
468	27
469	31
470	33
471	35
472	36
473	41
474	42
475	45
476	46
477	49
478	52
479	52
480	55
481	57
482	60
483	61
484	63
485	62
486	66
487	66
488	68
489	67
490	68
491	69
492	71
493	70
494	71
495	73
496	73
497	73
498	74
499	78
500	62
501	69
502	68
503	68
504	67
505	65
506	65
507	63
508	60
509	59
510	56
511	57
512	55
513	55
514	51
515	51
516	49
517	47
518	45
519	44
520	42
521	42
522	39
523	39
524	36
525	34
526	34
527	31
528	30
529	28
530	26
531	26
532	24
533	23
534	22
535	21
536	19
537	17
538	15
539	15
540	11
541	12
542	10
543	9
544	9
545	8
546	7
547	6
548	6
549	6
550	4
551	4
552	4
553	2
554	4
555	2
556	2
557	0
558	1
559	0
560	1
561	-1
562	0
563	-1
564	-2
565	-3
566	-4
567	-2
568	-3
569	-3
570	-3
571	-3
572	-4
573	-4
574	-4
575	-5
576	-5
577	-3
578	-5
579	-5
580	-5
581	-4
582	-5
583	-6
584	-4
585	-5
586	-4
587	-7
588	-7
589	-6
590	-6
591	-7
592	-5
593	-7
594	-4
595	-5
596	-5
597	-7
598	-7
599	-5
600	-6
601	-5
602	-6
603	-7
604	-5
605	-5
606	-6
607	-4
608	-6
609	-6
610	-5
611	-6
612	-5
613	-4
614	-6
615	-4
616	-5
617	-5
618	-4
619	-4
620	-4
621	-4
622	-3
623	-3
624	-4
625	-3
626	-4
627	-3
628	-2
629	-3
630	-2
631	-3
632	-2
633	-3
634	-2
635	-2
636	-1
637	-1
638	-2
639	-2
640	-2
641	-1
642	0
643	0
644	-1
645	-1
646	0
647	0
648	0
649	0
650	0
651	0
652	0
653	0
654	-1
655	0
656	0
657	1
658	1
659	0
660	2
661	1
662	2
663	0
664	1
665	1
666	2
667	1
668	1
669	1
670	2
671	2
672	1
673	2
674	2
675	1
676	2
677	1
678	1
679	1
680	1
681	1
682	0
683	0
684	0
685	0
686	0
687	0
688	0
689	0
690	0
691	0
692	0
693	0
694	-1
695	0
696	0
697	0
698	0
699	0
700	0
701	0
702	0
703	0
704	0
705	0
706	0
707	0
708	0
709	0
710	0
711	0
712	0
713	0
714	0
715	0
716	0
717	0
718	0
719	0
720	0
721	0
722	0
723	0
724	0
725	1
726	0
727	0
728	0
729	0
730	0
731	0
732	0
733	0
734	0
735	0
736	0
737	0
738	0
739	0
740	0
741	0
742	0
743	-1
744	0
745	-1
746	0
747	0
748	0
749	0
750	0
751	0
752	0
753	0
754	0
755	0
756	0
757	0
758	0
759	0
760	1
761	1
762	1
763	1
764	0
765	1
766	1
767	1
768	1
769	1
770	1
771	1
772	0
773	0
774	0
775	0
776	0
777	0
778	0
779	0
780	0
781	0
782	0
783	0
784	-1
785	0
786	0
787	-1
788	0
789	0
790	0
791	0
792	0
793	-1
794	0
795	0
796	0
797	-1
798	-1
799	0
800	0
801	0
802	0
803	0
804	0
805	0
806	0
807	-1
808	0
809	0
810	0
811	0
812	0
813	0
814	0
815	0
816	0
817	0
818	0
819	0
820	0
821	0
822	0
823	0
824	0
825	0
826	0
827	0
828	0
829	0
830	0
831	0
832	-1
833	0
834	0
835	0
836	0
837	0
838	0
839	-1
840	-1
841	-1
842	0
843	0
844	0
845	0
846	-1
847	-1
848	0
849	-1
850	0
851	0
852	0
853	0
854	-1
855	-1
856	-1
857	0
858	0
859	-1
860	0
861	-1
862	0
863	0
864	0
865	0
866	0
867	0
868	-1
869	0
870	0
871	0
872	-1
873	0
874	0
875	0
876	-1
877	0
878	-1
879	-1
880	-1
881	0
882	0
883	0
884	0
885	0
886	0
887	0
888	0
889	0
890	0
891	0
892	0
893	0
894	0
895	0
896	0
897	0
898	0
899	0
900	0
901	0
902	0
903	0
904	-1
905	0
906	0
907	0
908	0
909	0
910	0
911	0
912	0
913	0
914	0
915	0
916	0
917	0
918	0
919	0
920	0
921	0
922	0
923	-1
924	0
925	-1
926	-1
927	-1
928	-1
929	0
930	-1
931	0
932	-1
933	-2
934	0
935	0
936	0
937	0
938	0
939	0
940	0
941	0
942	-1
943	0
944	0
945	0
946	0
947	0
948	0
949	0
950	0
951	0
952	0
953	0
954	0
955	0
956	0
957	0
958	0
959	0
960	0
961	0
962	0
963	0
964	-1
965	0
966	-1
967	-1
968	0
969	-1
970	0
971	0
972	0
973	0
974	0
975	0
976	0
977	0
978	-1
979	-1
980	0
981	0
982	0
983	0
984	0
985	0
986	0
987	0
988	0
989	0
990	0
991	0
992	0
993	0
994	0
995	0
996	0
997	0
998	0
999	0
1000	0
1001	0
1002	0
1003	0
1004	0
1005	0
1006	0
1007	0
1008	0
1009	0
1010	0
1011	0
1012	0
1013	0
1014	0
1015	0
1016	0
1017	0
1018	0
1019	0
1020	0
1021	0
1022	0
1023	0
1024	0
1025	0
1026	0
1027	0
1028	0
1029	-1
1030	0
1031	0
1032	0
1033	0
1034	-1
1035	0
1036	-1
1037	0
1038	-1
1039	0
1040	-1
1041	0
1042	0
1043	0
1044	0
1045	0
1046	0
1047	0
1048	0
1049	0
1050	0
1051	0
1052	0
1053	0
1054	0
1055	-1
1056	-1
1057	-1
1058	0
1059	0
1060	0
1061	0
1062	0
1063	0
1064	0
1065	0
1066	0
1067	0
1068	0
1069	0
1070	0
1071	0
1072	0
1073	0
1074	0
1075	0
1076	0
1077	0
1078	0
1079	0
1080	0
1081	0
1082	0
1083	0
1084	0
1085	0
1086	0
1087	0
1088	0
1089	-1
1090	0
1091	-1
1092	0
1093	0
1094	0
1095	0
1096	0
1097	0
1098	0
1099	0
1100	-1
1101	0
1102	-2
1103	0
1104	0
1105	0
1106	0
1107	0
1108	0
1109	0
1110	-1
1111	-1
1112	0
1113	0
1114	-1
1115	0
1116	0
1117	0
1118	0
1119	0
1120	0
1121	0
1122	0
1123	0
1124	0
1125	0
1126	0
1127	0
1128	0
1129	0
1130	0
1131	0
1132	0
1133	0
1134	0
1135	0
1136	0
1137	0
1138	0
1139	0
1140	0
1141	0
1142	0
1143	0
1144	0
1145	0
1146	0
1147	-1
1148	0
1149	0
1150	0
1151	0
1152	0
1153	-1
1154	0
1155	0
1156	0
1157	0
1158	0
1159	0
1160	0
1161	0
1162	0
1163	-1
1164	0
1165	0
1166	-1
1167	0
1168	0
1169	0
1170	0
1171	0
1172	0
1173	0
1174	0
1175	0
1176	0
1177	0
1178	0
1179	0
1180	0
1181	0
1182	0
1183	0
1184	0
1185	-1
1186	0
1187	0
1188	0
1189	-1
1190	0
1191	0
1192	0
1193	0
1194	0
1195	0
1196	0
1197	0
1198	0
1199	0
1200	0
1201	0
1202	0
1203	0
1204	0
1205	0
1206	0
1207	0
1208	-1
1209	0
1210	0
1211	0
1212	0
1213	0
1214	0
1215	0
1216	0
1217	0
1218	0
1219	0
1220	0
1221	0
1222	-1
1223	0
1224	-1
1225	-1
1226	-1
1227	-1
1228	0
1229	0
1230	0
1231	0
1232	0
1233	-1
1234	0
1235	-1
1236	0
1237	-1
1238	-1
1239	-1
1240	0
1241	0
1242	-1
1243	0
1244	0
1245	0
1246	0
1247	0
1248	0
1249	0
1250	0
1251	0
1252	-1
1253	0
1254	0
1255	0
1256	-1
1257	0
1258	0
1259	0
1260	0
1261	0
1262	-1
1263	0
1264	0
1265	0
1266	0
1267	0
1268	0
1269	0
1270	0
1271	0
1272	0
1273	0
1274	0
1275	0
1276	0
1277	0
1278	-1
1279	0
1280	-1
1281	0
1282	0
1283	0
1284	0
1285	0
1286	0
1287	0
1288	0
1289	0
1290	-1
1291	0
1292	-1
1293	0
1294	0
1295	0
1296	0
1297	0
1298	0
1299	0
1300	0
1301	0
1302	-1
1303	0
1304	-1
1305	0
1306	0
1307	0
1308	0
1309	0
1310	0
1311	0
1312	0
1313	0
1314	0
1315	0
1316	0
1317	0
1318	0
1319	0
1320	0
1321	0
1322	0
1323	0
1324	0
1325	0
1326	0
1327	-1
1328	0
1329	0
1330	0
1331	0
1332	0
1333	0
1334	-1
1335	-1
1336	0
1337	0
1338	0
1339	-1
1340	0
1341	-1
1342	0
1343	0
1344	0
1345	0
1346	-1
1347	-1
1348	0
1349	0
1350	-1
1351	0
1352	-1
1353	0
1354	-1
1355	0
1356	0
1357	0
1358	0
1359	0
1360	0
1361	0
1362	0
1363	0
1364	0
1365	0
1366	0
1367	-1
1368	0
1369	0
1370	0
1371	0
1372	0
1373	0
1374	0
1375	0
1376	0
1377	0
1378	0
1379	0
1380	0
1381	0
1382	0
1383	0
1384	0
1385	0
1386	0
1387	0
1388	0
1389	-1
1390	0
1391	0
1392	0
1393	0
1394	0
1395	0
1396	0
1397	0
1398	0
1399	0
1400	0
1401	0
1402	-1
1403	-2
1404	-2
1405	-1
1406	-1
1407	0
1408	0
1409	-1
1410	-1
1411	0
1412	-1
1413	0
1414	-1
1415	0
1416	0
1417	-1
1418	0
1419	0
1420	0
1421	0
1422	0
1423	0
1424	0
1425	0
1426	0
1427	0
1428	0
1429	0
1430	0
1431	0
1432	0
1433	0
1434	0
1435	0
1436	0
1437	0
1438	0
1439	0
1440	0
1441	0
1442	0
1443	0
1444	0
1445	0
1446	-1
1447	0
1448	-1
1449	0
1450	-1
1451	0
1452	-1
1453	-1
1454	-1
1455	0
1456	0
1457	0
1458	-1
1459	0
1460	-1
1461	0
1462	0
1463	0
1464	0
1465	0
1466	0
1467	0
1468	0
1469	0
1470	0
1471	0
1472	0
1473	0
1474	0
1475	0
1476	0
1477	1
1478	1
1479	1
1480	1
1481	2
1482	1
1483	1
1484	2
1485	1
1486	1
1487	1
1488	0
1489	0
1490	0
1491	0
1492	0
1493	0
1494	0
1495	0
1496	0
1497	0
1498	0
1499	0
1500	0
1501	0
1502	0
1503	0
1504	0
1505	0
1506	0
1507	0
1508	0
1509	-1
1510	-1
1511	0
1512	-1
1513	-1
1514	-1
1515	0
1516	-1
1517	0
1518	-1
1519	0
1520	-1
1521	0
1522	0
1523	0
1524	0
1525	0
1526	0
1527	0
1528	0
1529	0
1530	0
1531	0
1532	0
1533	1
1534	0
1535	1
1536	0
1537	0
1538	1
1539	1
1540	0
1541	0
1542	0
1543	0
1544	0
1545	0
1546	0
1547	0
1548	0
1549	0
1550	0
1551	0
1552	0
1553	0
1554	0
1555	0
1556	0
1557	0
1558	-1
1559	-1
1560	0
1561	-1
1562	0
1563	-1
1564	-1
1565	-1
1566	-1
1567	-1
1568	-1
1569	-1
1570	-2
1571	-1
1572	-2
1573	-1
1574	-2
1575	-1
1576	-1
1577	0
1578	-1
1579	0
1580	0
1581	-1
1582	-1
1583	0
1584	0
1585	0
1586	0
1587	-1
1588	0
1589	-1
1590	0
1591	-1
1592	0
1593	0
1594	0
1595	0
1596	0
1597	0
1598	0
1599	0
1600	0
1601	0
1602	0
1603	0
1604	0
1605	-1
1606	-2
1607	0
1608	0
1609	0
1610	0
1611	0
1612	0
1613	-1
1614	0
1615	-1
1616	0
1617	0
1618	0
1619	-1
1620	-1
1621	-1
1622	-2
1623	-1
1624	-2
1625	-1
1626	-1
1627	0
1628	-1
1629	0
1630	0
1631	-1
1632	-1
1633	-1
1634	-1
1635	0
1636	-1
1637	0
1638	-1
1639	0
1640	0
1641	0
1642	0
1643	0
1644	0
1645	0
1646	0
1647	0
1648	0
1649	0
1650	0
1651	0
1652	0
1653	0
1654	0
1655	0
1656	0
1657	0
1658	0
1659	0
1660	0
1661	0
1662	0
1663	0
1664	0
1665	0
1666	-1
1667	0
1668	0
1669	0
1670	-1
1671	0
1672	0
1673	-1
1674	-1
1675	-1
1676	0
1677	-1
1678	0
1679	0
1680	0
1681	0
1682	0
1683	0
1684	0
1685	0
1686	0
1687	0
1688	0
1689	0
1690	0
1691	0
1692	0
1693	0
1694	0
1695	0
1696	0
1697	0
1698	0
1699	0
1700	0
1701	0
1702	0
1703	0
1704	0
1705	0
1706	0
1707	0
1708	0
1709	0
1710	0
1711	0
1712	0
1713	0
1714	0
1715	0
1716	0
1717	0
1718	0
1719	0
1720	0
1721	-1
1722	0
1723	0
1724	0
1725	-1
1726	-1
1727	0
1728	0
1729	0
1730	0
1731	0
1732	0
1733	0
1734	-1
1735	0
1736	0
1737	0
1738	0
1739	0
1740	0
1741	0
1742	0
1743	0
1744	0
1745	0
1746	0
1747	-1
1748	0
1749	0
1750	0
1751	0
1752	0
1753	0
1754	0
1755	0
1756	0
1757	0
1758	0
1759	0
1760	0
1761	0
1762	0
1763	0
1764	0
1765	0
1766	0
1767	0
1768	0
1769	0
1770	1
1771	1
1772	0
1773	1
1774	0
1775	1
1776	1
1777	0
1778	1
1779	1
1780	1
1781	0
1782	1
1783	1
1784	1
1785	0
1786	0
1787	0
1788	0
1789	0
1790	0
1791	1
1792	0
1793	0
1794	0
1795	0
1796	0
1797	0
1798	1
1799	0
1800	0
1801	0
1802	0
1803	0
1804	0
1805	0
1806	0
1807	0
1808	0
1809	0
1810	0
1811	0
1812	0
1813	0
1814	0
1815	0
1816	0
1817	0
1818	0
1819	0
1820	0
1821	0
1822	0
1823	0
1824	0
1825	0
1826	0
1827	-1
1828	0
1829	0
1830	0
1831	0
1832	-1
1833	0
1834	0
1835	0
1836	0
1837	0
1838	0
1839	0
1840	0
1841	0
1842	-1
1843	0
1844	-1
1845	0
1846	0
1847	0
1848	-1
1849	-1
1850	-1
1851	-1
1852	0
1853	-1
1854	-1
1855	-1
1856	0
1857	0
1858	0
1859	-1
1860	0
1861	-1
1862	0
1863	-1
1864	0
1865	-1
1866	0
1867	0
1868	0
1869	0
1870	0
1871	0
1872	0
1873	0
1874	0
1875	0
1876	0
1877	0
1878	0
1879	0
1880	0
1881	0
1882	0
1883	0
1884	-1
1885	0
1886	0
1887	0
1888	0
1889	0
1890	-1
1891	0
1892	-1
1893	0
1894	0
1895	0
1896	0
1897	0
1898	0
1899	0
1900	0
1901	0
1902	0
1903	0
1904	0
1905	0
1906	0
1907	0
1908	-1
1909	0
1910	0
1911	0
1912	0
1913	0
1914	0
1915	0
1916	0
1917	-1
1918	0
1919	0
1920	-1
1921	0
1922	-1
1923	0
1924	0
1925	0
1926	0
1927	0
1928	0
1929	0
1930	-1
1931	0
1932	-1
1933	0
1934	0
1935	0
1936	0
1937	-1
1938	0
1939	0
1940	0
1941	0
1942	0
1943	0
1944	0
1945	0
1946	0
1947	-1
1948	-1
1949	0
1950	0
1951	0
1952	0
1953	0
1954	0
1955	0
1956	0
1957	0
1958	-1
1959	-1
1960	0
1961	-1
1962	-1
1963	0
1964	0
1965	-1
1966	-1
1967	-1
1968	-1
1969	-1
1970	-1
1971	-1
1972	0
1973	-1
1974	-1
1975	0
1976	0
1977	0
1978	0
1979	0
1980	0
1981	0
1982	-1
1983	0
1984	0
1985	0
1986	-1
1987	0
1988	0
1989	0
1990	0
1991	0
1992	0
1993	0
1994	0
1995	0
1996	0
1997	0
1998	0
1999	0
