0	0
1	0
2	0
3	0
4	0
5	0
6	0
7	0
8	0
9	0
10	0
11	0
12	0
13	0
14	0
15	0
16	0
17	0
18	0
19	0
20	-1
21	0
22	0
23	0
24	0
25	0
26	-1
27	0
28	0
29	0
30	0
31	0
32	-1
33	0
34	0
35	0
36	-1
37	0
38	0
39	0
40	0
41	0
42	0
43	0
44	0
45	-1
46	0
47	0
48	0
49	0
50	0
51	0
52	-1
53	0
54	0
55	0
56	0
57	0
58	0
59	0
60	0
61	0
62	0
63	0
64	0
65	0
66	0
67	0
68	0
69	0
70	0
71	0
72	0
73	0
74	0
75	0
76	0
77	0
78	-1
79	0
80	0
81	0
82	-1
83	-1
84	0
85	0
86	0
87	0
88	0
89	0
90	0
91	0
92	0
93	0
94	0
95	0
96	0
97	0
98	0
99	0
100	0
101	0
102	0
103	0
104	0
105	0
106	0
107	0
108	0
109	0
110	0
111	0
112	0
113	0
114	0
115	0
116	0
117	0
118	0
119	0
120	0
121	-1
122	-1
123	0
124	-1
125	0
126	0
127	0
128	0
129	0
130	0
131	0
132	0
133	0
134	0
135	0
136	0
137	0
138	0
139	0
140	0
141	0
142	0
143	0
144	0
145	0
146	0
147	0
148	0
149	0
150	0
151	0
152	0
153	0
154	0
155	0
156	0
157	0
158	0
159	0
160	0
161	0
162	0
163	0
164	0
165	0
166	0
167	0
168	-1
169	0
170	0
171	0
172	0
173	0
174	-1
175	0
176	-1
177	0
178	-1
179	0
180	0
181	0
182	-1
183	0
184	0
185	0
186	0
187	0
188	0
189	0
190	0
191	0
192	-1
193	0
194	-1
195	0
196	0
197	0
198	0
199	0
200	0
201	0
202	0
203	0
204	0
205	0
206	0
207	0
208	0
209	0
210	0
211	0
212	0
213	0
214	0
215	0
216	0
217	0
218	0
219	0
220	0
221	0
222	0
223	0
224	0
225	0
226	-1
227	0
228	0
229	0
230	0
231	0
232	-1
233	0
234	-2
235	-1
236	0
237	0
238	0
239	0
240	0
241	0
242	-1
243	0
244	0
245	0
246	0
247	0
248	0
249	0
250	0
251	-1
252	0
253	0
254	0
255	0
256	0
257	0
258	0
259	0
260	0
261	0
262	-1
263	0
264	0
265	0
266	0
267	0
268	0
269	0
270	0
271	0
272	0
273	0
274	0
275	0
276	0
277	0
278	-1
279	0
280	-1
281	0
282	0
283	0
284	0
285	0
286	-1
287	0
288	0
289	0
290	0
291	0
292	0
293	0
294	0
295	0
296	-1
297	0
298	-1
299	0
300	0
301	0
302	0
303	0
304	-1
305	0
306	0
307	0
308	0
309	0
310	0
311	0
312	0
313	0
314	0
315	0
316	0
317	0
318	0
319	0
320	0
321	0
322	0
323	0
324	-1
325	0
326	0
327	0
328	0
329	0
330	0
331	0
332	0
333	0
334	0
335	0
336	0
337	0
338	-1
339	0
340	0
341	0
342	0
343	0
344	-1
345	0
346	-1
347	0
348	0
349	0
350	0
351	0
352	0
353	0
354	0
355	0
356	0
357	0
358	0
359	0
360	0
361	0
362	0
363	0
364	0
365	0
366	0
367	0
368	0
369	0
370	0
371	0
372	0
373	0
374	0
375	0
376	0
377	0
378	0
379	0
380	0
381	0
382	0
383	0
384	0
385	0
386	0
387	0
388	-1
389	0
390	0
391	0
392	0
393	0
394	-1
395	0
396	0
397	0
398	0
399	0
400	0
401	0
402	0
403	0
404	0
405	0
406	0
407	0
408	0
409	0
410	0
411	0
412	0
413	0
414	0
415	0
416	0
417	0
418	0
419	0
420	0
421	0
422	0
423	0
424	0
425	0
426	0
427	0
428	0
429	0
430	0
431	0
432	0
433	0
434	0
435	0
436	0
437	0
438	0
439	0
440	0
441	0
442	0
443	0
444	0
445	0
446	0
447	0
448	0
449	0
450	0
451	0
452	0
453	0
454	0
455	2
456	1
457	1
458	1
459	4
460	4
461	4
462	5
463	7
464	7
465	9
466	10
467	12
468	14
469	16
470	17
471	20
472	20
473	23
474	26
475	28
476	29
477	33
478	35
479	41
480	40
481	44
482	44
483	48
484	50
485	53
486	54
487	57
488	58
489	61
490	62
491	64
492	64
493	66
494	66
495	68
496	69
497	69
498	69
499	78
500	62
501	74
502	70
503	72
504	69
505	70
506	71
507	70
508	68
509	68
510	65
511	66
512	62
513	64
514	62
515	61
516	60
517	59
518	57
519	57
520	53
521	54
522	50
523	49
524	47
525	46
526	44
527	44
528	41
529	41
530	37
531	37
532	34
533	34
534	30
535	31
536	29
537	29
538	27
539	28
540	27
541	25
542	22
543	22
544	20
545	20
546	17
547	18
548	16
549	16
550	14
551	16
552	13
553	13
554	11
555	12
556	10
557	10
558	9
559	9
560	7
561	7
562	5
563	7
564	4
565	5
566	3
567	3
568	4
569	2
570	1
571	0
572	0
573	0
574	0
575	0
576	0
577	0
578	0
579	0
580	0
581	-1
582	-1
583	0
584	-3
585	-1
586	-4
587	-1
588	-3
589	-2
590	-3
591	-2
592	-4
593	-3
594	-4
595	-3
596	-6
597	-4
598	-5
599	-5
600	-4
601	-5
602	-5
603	-4
604	-7
605	-4
606	-6
607	-5
608	-5
609	-6
610	-5
611	-6
612	-6
613	-4
614	-6
615	-4
616	-8
617	-5
618	-7
619	-4
620	-7
621	-5
622	-6
623	-5
624	-6
625	-4
626	-4
627	-4
628	-5
629	-5
630	-4
631	-4
632	-4
633	-3
634	-4
635	-3
636	-6
637	-3
638	-4
639	-2
640	-3
641	-2
642	-4
643	-3
644	-3
645	-4
646	-2
647	-2
648	-3
649	-1
650	-2
651	-1
652	-3
653	-1
654	-2
655	-2
656	-3
657	-1
658	-4
659	-2
660	-2
661	-2
662	-2
663	-2
664	-2
665	-2
666	-2
667	0
668	-1
669	-2
670	-3
671	-1
672	-3
673	-1
674	-4
675	0
676	-2
677	-1
678	-2
679	-2
680	-2
681	-1
682	-3
683	-3
684	-2
685	-1
686	-1
687	-1
688	-1
689	0
690	-1
691	0
692	-1
693	0
694	0
695	-1
696	0
697	0
698	0
699	0
700	-1
701	-1
702	-2
703	0
704	-1
705	0
706	-1
707	0
708	0
709	0
710	-1
711	0
712	0
713	0
714	-1
715	0
716	-1
717	0
718	-1
719	-1
720	-1
721	0
722	-1
723	0
724	-2
725	0
726	0
727	0
728	0
729	0
730	-1
731	0
732	0
733	0
734	0
735	0
736	0
737	0
738	0
739	0
740	0
741	0
742	0
743	0
744	-1
745	0
746	-1
747	0
748	0
749	0
750	-1
751	0
752	0
753	0
754	0
755	0
756	-1
757	0
758	0
759	0
760	0
761	0
762	0
763	0
764	0
765	0
766	0
767	0
768	0
769	0
770	0
771	0
772	0
773	0
774	0
775	0
776	0
777	0
778	0
779	0
780	-1
781	0
782	-1
783	0
784	0
785	-1
786	0
787	0
788	-1
789	0
790	0
791	0
792	-1
793	0
794	-1
795	0
796	-1
797	0
798	-1
799	0
800	-1
801	-1
802	0
803	0
804	-1
805	0
806	0
807	0
808	-1
809	-1
810	-1
811	0
812	-1
813	0
814	-1
815	0
816	0
817	0
818	0
819	0
820	0
821	0
822	0
823	0
824	0
825	0
826	0
827	0
828	0
829	0
830	0
831	0
832	0
833	0
834	0
835	0
836	0
837	0
838	0
839	0
840	0
841	0
842	0
843	0
844	0
845	0
846	0
847	0
848	-1
849	0
850	-1
851	0
852	0
853	0
854	-1
855	0
856	0
857	0
858	0
859	0
860	0
861	0
862	-1
863	0
864	-1
865	0
866	0
867	0
868	-2
869	-1
870	-1
871	0
872	0
873	-1
874	-1
875	-1
876	-1
877	0
878	0
879	0
880	-2
881	0
882	-1
883	0
884	-1
885	0
886	0
887	0
888	-1
889	0
890	0
891	-1
892	-1
893	0
894	-1
895	0
896	0
897	0
898	0
899	0
900	-1
901	0
902	-1
903	0
904	0
905	0
906	0
907	0
908	0
909	0
910	0
911	0
912	0
913	0
914	0
915	-1
916	0
917	0
918	0
919	0
920	0
921	0
922	0
923	0
924	0
925	0
926	0
927	0
928	0
929	0
930	-1
931	0
932	-1
933	0
934	-1
935	0
936	-1
937	0
938	-1
939	-1
940	-1
941	0
942	-1
943	0
944	-2
945	0
946	-2
947	0
948	-1
949	0
950	-2
951	0
952	-1
953	0
954	-2
955	0
956	-2
957	0
958	-1
959	0
960	-1
961	0
962	0
963	0
964	-1
965	0
966	0
967	0
968	-1
969	0
970	0
971	0
972	0
973	0
974	0
975	0
976	0
977	0
978	0
979	0
980	-1
981	0
982	-1
983	0
984	-1
985	0
986	-1
987	0
988	0
989	-1
990	-1
991	0
992	-2
993	-1
994	-1
995	0
996	0
997	-1
998	0
999	0
1000	-1
1001	0
1002	-1
1003	0
1004	-1
1005	0
1006	-1
1007	0
1008	-2
1009	0
1010	-1
1011	0
1012	-3
1013	0
1014	0
1015	0
1016	0
1017	0
1018	0
1019	0
1020	0
1021	-1
1022	-1
1023	-1
1024	-1
1025	-1
1026	-1
1027	0
1028	-1
1029	0
1030	-1
1031	-1
1032	-2
1033	-2
1034	-1
1035	-1
1036	-1
1037	-2
1038	-1
1039	-1
1040	-1
1041	-1
1042	0
1043	-1
1044	0
1045	0
1046	-1
1047	0
1048	-1
1049	0
1050	0
1051	0
1052	0
1053	0
1054	0
1055	0
1056	0
1057	0
1058	0
1059	0
1060	0
1061	0
1062	0
1063	0
1064	-1
1065	0
1066	-1
1067	-1
1068	-1
1069	-1
1070	-1
1071	-1
1072	0
1073	0
1074	-1
1075	0
1076	-1
1077	-1
1078	-2
1079	-1
1080	-2
1081	-1
1082	-2
1083	-1
1084	-3
1085	-2
1086	-2
1087	-1
1088	-1
1089	0
1090	-2
1091	-1
1092	-1
1093	-1
1094	-2
1095	0
1096	-2
1097	-1
1098	-1
1099	0
1100	0
1101	0
1102	0
1103	0
1104	0
1105	0
1106	0
1107	0
1108	0
1109	0
1110	0
1111	0
1112	0
1113	0
1114	0
1115	0
1116	0
1117	0
1118	-1
1119	0
1120	-1
1121	0
1122	-1
1123	0
1124	-1
1125	0
1126	-3
1127	0
1128	-1
1129	-1
1130	-1
1131	0
1132	-2
1133	0
1134	0
1135	0
1136	0
1137	0
1138	-3
1139	0
1140	-2
1141	-1
1142	-1
1143	-1
1144	-1
1145	-1
1146	-1
1147	-1
1148	-2
1149	-1
1150	-2
1151	-1
1152	-2
1153	-2
1154	-2
1155	-1
1156	-2
1157	-1
1158	-1
1159	0
1160	-2
1161	0
1162	-1
1163	0
1164	0
1165	0
1166	-1
1167	0
1168	0
1169	0
1170	-1
1171	0
1172	-1
1173	0
1174	0
1175	-1
1176	-1
1177	0
1178	0
1179	0
1180	-1
1181	0
1182	0
1183	0
1184	0
1185	0
1186	-1
1187	0
1188	-1
1189	0
1190	0
1191	0
1192	-1
1193	0
1194	0
1195	0
1196	0
1197	0
1198	0
1199	0
1200	0
1201	0
1202	0
1203	0
1204	-2
1205	0
1206	0
1207	0
1208	0
1209	-1
1210	0
1211	0
1212	0
1213	0
1214	-1
1215	0
1216	-2
1217	-1
1218	-1
1219	-1
1220	-1
1221	-1
1222	-1
1223	0
1224	-1
1225	0
1226	-1
1227	0
1228	0
1229	0
1230	-1
1231	0
1232	-1
1233	0
1234	0
1235	0
1236	0
1237	0
1238	0
1239	0
1240	0
1241	0
1242	0
1243	0
1244	0
1245	0
1246	0
1247	0
1248	-1
1249	0
1250	0
1251	0
1252	-1
1253	0
1254	-1
1255	0
1256	-1
1257	0
1258	0
1259	0
1260	0
1261	0
1262	-1
1263	0
1264	0
1265	0
1266	-1
1267	0
1268	0
1269	0
1270	0
1271	0
1272	0
1273	0
1274	0
1275	0
1276	0
1277	-1
1278	-1
1279	0
1280	-1
1281	0
1282	0
1283	0
1284	-1
1285	0
1286	-1
1287	-1
1288	-1
1289	-1
1290	-1
1291	0
1292	-1
1293	-1
1294	-1
1295	0
1296	-1
1297	0
1298	-1
1299	0
1300	-2
1301	-1
1302	-1
1303	0
1304	-1
1305	0
1306	-1
1307	0
1308	0
1309	0
1310	0
1311	0
1312	-1
1313	-1
1314	-1
1315	0
1316	-1
1317	-1
1318	0
1319	0
1320	-1
1321	0
1322	-1
1323	-1
1324	-1
1325	0
1326	-1
1327	0
1328	-1
1329	0
1330	0
1331	0
1332	-1
1333	0
1334	-1
1335	0
1336	0
1337	0
1338	0
1339	0
1340	0
1341	1
1342	0
1343	0
1344	0
1345	0
1346	0
1347	0
1348	0
1349	0
1350	0
1351	0
1352	0
1353	0
1354	0
1355	0
1356	0
1357	0
1358	0
1359	0
1360	0
1361	1
1362	0
1363	1
1364	0
1365	1
1366	0
1367	1
1368	0
1369	0
1370	0
1371	0
1372	0
1373	0
1374	0
1375	0
1376	0
1377	0
1378	0
1379	0
1380	-1
1381	0
1382	0
1383	0
1384	0
1385	0
1386	0
1387	0
1388	0
1389	0
1390	0
1391	-1
1392	0
1393	0
1394	-1
1395	0
1396	0
1397	0
1398	0
1399	0
1400	0
1401	0
1402	-1
1403	0
1404	0
1405	0
1406	0
1407	0
1408	0
1409	0
1410	0
1411	0
1412	0
1413	0
1414	0
1415	0
1416	0
1417	0
1418	0
1419	0
1420	0
1421	0
1422	0
1423	-1
1424	0
1425	0
1426	0
1427	0
1428	-1
1429	0
1430	-1
1431	-1
1432	0
1433	0
1434	0
1435	-1
1436	-1
1437	0
1438	-1
1439	0
1440	-1
1441	0
1442	-2
1443	0
1444	-1
1445	0
1446	-1
1447	0
1448	-2
1449	-1
1450	0
1451	0
1452	-1
1453	0
1454	-1
1455	0
1456	-1
1457	-1
1458	-1
1459	0
1460	-2
1461	-1
1462	-1
1463	-1
1464	-1
1465	-1
1466	0
1467	-2
1468	-1
1469	-1
1470	-2
1471	-1
1472	-1
1473	0
1474	-2
1475	-1
1476	0
1477	0
1478	-2
1479	-1
1480	-2
1481	0
1482	-1
1483	0
1484	-2
1485	-1
1486	-1
1487	0
1488	-1
1489	0
1490	-1
1491	0
1492	-1
1493	0
1494	0
1495	0
1496	-1
1497	-1
1498	-1
1499	0
1500	-1
1501	0
1502	0
1503	0
1504	0
1505	0
1506	-1
1507	0
1508	-1
1509	0
1510	-1
1511	-1
1512	-1
1513	0
1514	-1
1515	0
1516	0
1517	0
1518	0
1519	0
1520	0
1521	0
1522	0
1523	0
1524	0
1525	0
1526	-1
1527	0
1528	-2
1529	0
1530	-1
1531	0
1532	0
1533	0
1534	0
1535	0
1536	0
1537	-1
1538	-1
1539	-1
1540	-1
1541	0
1542	-2
1543	-1
1544	-2
1545	0
1546	-1
1547	0
1548	-1
1549	0
1550	-1
1551	0
1552	-1
1553	0
1554	-1
1555	0
1556	-1
1557	-1
1558	-1
1559	0
1560	-1
1561	0
1562	-1
1563	0
1564	0
1565	-1
1566	-1
1567	0
1568	0
1569	-1
1570	-1
1571	0
1572	-2
1573	0
1574	0
1575	0
1576	0
1577	0
1578	-1
1579	0
1580	-1
1581	0
1582	0
1583	0
1584	0
1585	0
1586	0
1587	0
1588	0
1589	0
1590	-1
1591	-1
1592	-1
1593	-1
1594	-1
1595	0
1596	0
1597	0
1598	0
1599	0
1600	-1
1601	0
1602	0
1603	0
1604	0
1605	0
1606	0
1607	0
1608	0
1609	0
1610	0
1611	0
1612	0
1613	0
1614	0
1615	0
1616	0
1617	0
1618	0
1619	0
1620	0
1621	0
1622	-1
1623	0
1624	0
1625	0
1626	0
1627	0
1628	0
1629	0
1630	0
1631	0
1632	-1
1633	0
1634	0
1635	0
1636	0
1637	0
1638	-1
1639	-1
1640	-1
1641	0
1642	-1
1643	0
1644	-2
1645	-1
1646	-1
1647	0
1648	-1
1649	0
1650	-1
1651	0
1652	0
1653	0
1654	-2
1655	0
1656	0
1657	0
1658	0
1659	0
1660	-1
1661	0
1662	0
1663	0
1664	0
1665	0
1666	0
1667	0
1668	-1
1669	0
1670	0
1671	0
1672	-1
1673	0
1674	-1
1675	0
1676	0
1677	-1
1678	0
1679	0
1680	-1
1681	-1
1682	0
1683	-1
1684	-2
1685	0
1686	-1
1687	0
1688	-1
1689	0
1690	0
1691	0
1692	0
1693	0
1694	0
1695	0
1696	-1
1697	0
1698	-1
1699	-2
1700	-1
1701	-1
1702	-2
1703	0
1704	-1
1705	0
1706	-1
1707	-1
1708	0
1709	0
1710	-1
1711	0
1712	0
1713	0
1714	-1
1715	0
1716	0
1717	0
1718	-1
1719	0
1720	-1
1721	0
1722	0
1723	0
1724	-1
1725	0
1726	0
1727	0
1728	0
1729	0
1730	-1
1731	0
1732	-1
1733	0
1734	-1
1735	-1
1736	-1
1737	-1
1738	-1
1739	-1
1740	-2
1741	-1
1742	-1
1743	0
1744	-1
1745	0
1746	-1
1747	0
1748	0
1749	0
1750	0
1751	0
1752	0
1753	-1
1754	0
1755	0
1756	0
1757	0
1758	0
1759	0
1760	0
1761	0
1762	0
1763	0
1764	0
1765	0
1766	0
1767	0
1768	-1
1769	0
1770	-2
1771	0
1772	-1
1773	0
1774	-1
1775	0
1776	-1
1777	0
1778	-1
1779	0
1780	-1
1781	0
1782	-1
1783	0
1784	0
1785	0
1786	0
1787	0
1788	0
1789	0
1790	0
1791	0
1792	0
1793	0
1794	0
1795	0
1796	0
1797	0
1798	0
1799	0
1800	0
1801	0
1802	0
1803	0
1804	-1
1805	0
1806	0
1807	0
1808	0
1809	0
1810	0
1811	0
1812	0
1813	0
1814	0
1815	0
1816	0
1817	0
1818	0
1819	0
1820	-1
1821	0
1822	-1
1823	0
1824	0
1825	0
1826	-1
1827	0
1828	-1
1829	0
1830	-1
1831	-1
1832	0
1833	0
1834	-1
1835	0
1836	-1
1837	0
1838	-1
1839	0
1840	-1
1841	0
1842	-1
1843	-1
1844	0
1845	-1
1846	-1
1847	-1
1848	-2
1849	0
1850	-1
1851	0
1852	-1
1853	0
1854	0
1855	0
1856	0
1857	0
1858	-1
1859	0
1860	-1
1861	0
1862	-1
1863	-1
1864	-1
1865	0
1866	0
1867	0
1868	0
1869	0
1870	0
1871	0
1872	0
1873	0
1874	0
1875	0
1876	0
1877	0
1878	0
1879	0
1880	0
1881	0
1882	0
1883	0
1884	0
1885	0
1886	0
1887	0
1888	0
1889	0
1890	0
1891	0
1892	0
1893	0
1894	-1
1895	0
1896	0
1897	0
1898	0
1899	0
1900	0
1901	0
1902	0
1903	0
1904	0
1905	0
1906	0
1907	0
1908	0
1909	0
1910	-1
1911	0
1912	-1
1913	0
1914	-1
1915	0
1916	0
1917	0
1918	0
1919	0
1920	-1
1921	-1
1922	0
1923	0
1924	-1
1925	-1
1926	-1
1927	-1
1928	-1
1929	0
1930	0
1931	0
1932	0
1933	0
1934	-1
1935	0
1936	-1
1937	0
1938	-1
1939	0
1940	0
1941	0
1942	-1
1943	0
1944	0
1945	0
1946	0
1947	0
1948	0
1949	0
1950	0
1951	0
1952	0
1953	0
1954	0
1955	-1
1956	0
1957	0
1958	-1
1959	0
1960	-1
1961	0
1962	-1
1963	-1
1964	-1
1965	-1
1966	-1
1967	-1
1968	-1
1969	0
1970	-1
1971	-1
1972	-1
1973	-1
1974	-1
1975	0
1976	-1
1977	-1
1978	-1
1979	-1
1980	-1
1981	0
1982	-1
1983	0
1984	0
1985	0
1986	0
1987	0
1988	0
1989	0
1990	0
1991	0
1992	0
1993	0
1994	-1
1995	0
1996	0
1997	0
1998	0
1999	0
