0	0
1	0
2	0
3	0
4	0
5	0
6	0
7	0
8	0
9	-1
10	0
11	0
12	0
13	0
14	0
15	0
16	0
17	0
18	0
19	0
20	0
21	0
22	0
23	0
24	0
25	0
26	0
27	0
28	0
29	0
30	0
31	0
32	0
33	0
34	0
35	0
36	0
37	0
38	0
39	0
40	0
41	0
42	0
43	0
44	0
45	0
46	0
47	0
48	0
49	0
50	0
51	0
52	0
53	0
54	0
55	0
56	0
57	0
58	0
59	0
60	0
61	0
62	0
63	0
64	0
65	0
66	0
67	0
68	0
69	0
70	1
71	0
72	0
73	0
74	0
75	0
76	0
77	0
78	0
79	0
80	0
81	0
82	0
83	0
84	0
85	0
86	0
87	0
88	1
89	0
90	0
91	0
92	0
93	0
94	0
95	0
96	0
97	0
98	1
99	0
100	0
101	0
102	0
103	0
104	0
105	0
106	0
107	0
108	0
109	0
110	0
111	0
112	0
113	0
114	0
115	0
116	0
117	-1
118	-1
119	0
120	-1
121	-1
122	0
123	0
124	0
125	0
126	0
127	-1
128	0
129	0
130	0
131	0
132	0
133	0
134	0
135	0
136	0
137	0
138	0
139	1
140	0
141	0
142	0
143	0
144	0
145	0
146	0
147	0
148	0
149	0
150	0
151	0
152	0
153	0
154	0
155	0
156	0
157	0
158	0
159	0
160	0
161	0
162	0
163	0
164	0
165	0
166	0
167	0
168	0
169	0
170	0
171	0
172	0
173	0
174	0
175	0
176	0
177	0
178	0
179	0
180	0
181	0
182	0
183	0
184	0
185	0
186	0
187	0
188	0
189	0
190	0
191	0
192	0
193	0
194	0
195	0
196	0
197	0
198	0
199	0
200	0
201	0
202	0
203	0
204	0
205	0
206	0
207	0
208	0
209	0
210	0
211	0
212	0
213	0
214	0
215	0
216	0
217	0
218	0
219	0
220	0
221	0
222	0
223	1
224	0
225	0
226	0
227	1
228	0
229	1
230	0
231	0
232	0
233	0
234	1
235	0
236	0
237	0
238	0
239	0
240	0
241	0
242	0
243	0
244	0
245	0
246	0
247	0
248	0
249	0
250	-1
251	0
252	0
253	0
254	-1
255	-1
256	-1
257	0
258	-1
259	0
260	0
261	0
262	0
263	0
264	0
265	0
266	0
267	0
268	0
269	0
270	0
271	1
272	1
273	1
274	0
275	1
276	0
277	2
278	1
279	1
280	1
281	1
282	1
283	1
284	0
285	1
286	1
287	1
288	0
289	0
290	0
291	0
292	1
293	0
294	0
295	0
296	0
297	0
298	0
299	0
300	0
301	0
302	0
303	0
304	0
305	0
306	0
307	-1
308	0
309	0
310	0
311	0
312	0
313	0
314	0
315	-1
316	0
317	0
318	0
319	0
320	0
321	0
322	0
323	0
324	0
325	0
326	0
327	0
328	0
329	0
330	0
331	0
332	0
333	0
334	0
335	0
336	0
337	0
338	0
339	0
340	0
341	0
342	0
343	0
344	0
345	0
346	0
347	0
348	0
349	0
350	-1
351	0
352	0
353	0
354	0
355	0
356	0
357	0
358	0
359	0
360	0
361	0
362	0
363	0
364	0
365	0
366	0
367	1
368	0
369	0
370	0
371	0
372	0
373	0
374	0
375	0
376	0
377	0
378	0
379	0
380	0
381	0
382	0
383	0
384	1
385	1
386	0
387	0
388	0
389	0
390	0
391	0
392	0
393	0
394	0
395	0
396	0
397	0
398	0
399	0
400	0
401	0
402	0
403	0
404	-1
405	0
406	0
407	0
408	-1
409	-1
410	0
411	0
412	0
413	0
414	0
415	0
416	0
417	0
418	0
419	0
420	0
421	0
422	0
423	0
424	0
425	0
426	0
427	0
428	0
429	1
430	1
431	1
432	1
433	3
434	5
435	6
436	9
437	12
438	14
439	16
440	19
441	23
442	26
443	29
444	34
445	37
446	42
447	45
448	49
449	54
450	57
451	63
452	67
453	71
454	74
455	78
456	83
457	88
458	91
459	94
460	98
461	101
462	105
463	107
464	110
465	113
466	114
467	117
468	118
469	120
470	121
471	123
472	124
473	124
474	124
475	124
476	123
477	125
478	123
479	122
480	121
481	121
482	119
483	117
484	115
485	114
486	111
487	108
488	106
489	103
490	100
491	95
492	94
493	92
494	89
495	85
496	79
497	79
498	78
499	78
500	62
501	65
502	62
503	60
504	56
505	53
506	50
507	47
508	44
509	40
510	37
511	34
512	33
513	31
514	27
515	23
516	20
517	19
518	17
519	16
520	12
521	11
522	7
523	4
524	5
525	4
526	1
527	0
528	-1
529	-3
530	-7
531	-9
532	-10
533	-11
534	-11
535	-12
536	-13
537	-13
538	-13
539	-15
540	-15
541	-16
542	-18
543	-18
544	-19
545	-22
546	-23
547	-22
548	-23
549	-23
550	-24
551	-25
552	-26
553	-26
554	-27
555	-27
556	-27
557	-28
558	-28
559	-28
560	-28
561	-29
562	-30
563	-29
564	-29
565	-29
566	-29
567	-28
568	-29
569	-28
570	-29
571	-29
572	-29
573	-29
574	-28
575	-28
576	-28
577	-28
578	-27
579	-27
580	-26
581	-27
582	-26
583	-27
584	-25
585	-23
586	-23
587	-26
588	-22
589	-24
590	-23
591	-22
592	-22
593	-22
594	-22
595	-21
596	-21
597	-21
598	-20
599	-20
600	-19
601	-19
602	-19
603	-17
604	-18
605	-18
606	-19
607	-17
608	-18
609	-17
610	-17
611	-17
612	-16
613	-17
614	-16
615	-16
616	-16
617	-15
618	-15
619	-15
620	-15
621	-15
622	-15
623	-15
624	-15
625	-14
626	-14
627	-14
628	-14
629	-14
630	-13
631	-13
632	-14
633	-14
634	-14
635	-13
636	-14
637	-14
638	-14
639	-12
640	-14
641	-12
642	-13
643	-11
644	-13
645	-11
646	-12
647	-12
648	-11
649	-11
650	-11
651	-9
652	-10
653	-10
654	-10
655	-11
656	-9
657	-8
658	-9
659	-8
660	-8
661	-7
662	-7
663	-5
664	-6
665	-4
666	-5
667	-6
668	-5
669	-6
670	-4
671	-5
672	-4
673	-3
674	-4
675	-4
676	-3
677	-5
678	-4
679	-4
680	-3
681	-4
682	-4
683	-3
684	-3
685	-2
686	-4
687	-3
688	-3
689	-3
690	-1
691	-2
692	-1
693	-2
694	-1
695	-1
696	0
697	0
698	0
699	0
700	-1
701	0
702	0
703	0
704	0
705	0
706	2
707	0
708	2
709	1
710	1
711	2
712	2
713	1
714	1
715	2
716	1
717	2
718	2
719	1
720	1
721	2
722	1
723	1
724	1
725	1
726	1
727	1
728	0
729	1
730	0
731	1
732	0
733	1
734	0
735	0
736	0
737	-1
738	0
739	0
740	0
741	0
742	-1
743	0
744	0
745	0
746	0
747	-1
748	0
749	-2
750	0
751	-1
752	0
753	0
754	-1
755	-1
756	0
757	0
758	-1
759	-1
760	-2
761	-1
762	-1
763	-1
764	-1
765	0
766	0
767	0
768	0
769	-1
770	0
771	0
772	0
773	-1
774	-1
775	0
776	0
777	0
778	-2
779	-2
780	-2
781	-2
782	-2
783	-2
784	-2
785	-2
786	-2
787	-3
788	-3
789	-2
790	-2
791	-1
792	-1
793	-1
794	-2
795	-2
796	-2
797	-1
798	-2
799	-2
800	-2
801	-1
802	-1
803	-1
804	-1
805	-1
806	-1
807	-1
808	-1
809	-1
810	-1
811	0
812	-1
813	0
814	-1
815	-1
816	-2
817	0
818	-1
819	-1
820	0
821	0
822	0
823	-3
824	-2
825	-2
826	-1
827	-1
828	-2
829	-1
830	-1
831	-1
832	-1
833	-1
834	0
835	-1
836	-1
837	-1
838	-1
839	0
840	0
841	-1
842	0
843	-1
844	0
845	-1
846	0
847	0
848	0
849	0
850	0
851	0
852	-1
853	0
854	0
855	0
856	0
857	0
858	0
859	0
860	0
861	0
862	0
863	0
864	0
865	0
866	0
867	0
868	0
869	-1
870	-1
871	0
872	0
873	-1
874	-1
875	-1
876	-1
877	-1
878	-1
879	-1
880	-1
881	-1
882	-1
883	-1
884	-1
885	-1
886	-1
887	-1
888	-1
889	-1
890	0
891	0
892	0
893	0
894	0
895	-2
896	0
897	-1
898	-1
899	0
900	-1
901	0
902	0
903	0
904	0
905	0
906	-1
907	0
908	-1
909	0
910	-1
911	-1
912	-2
913	0
914	-1
915	-1
916	-1
917	-2
918	-2
919	-1
920	-2
921	-1
922	-1
923	-1
924	-1
925	-1
926	-3
927	-1
928	-1
929	0
930	-1
931	-1
932	0
933	-1
934	-1
935	-1
936	0
937	0
938	0
939	-1
940	0
941	0
942	0
943	-1
944	-1
945	0
946	-1
947	-1
948	0
949	0
950	0
951	0
952	-1
953	0
954	0
955	-1
956	-1
957	-1
958	0
959	-1
960	-1
961	-1
962	-1
963	0
964	0
965	0
966	-2
967	-1
968	-2
969	-1
970	-2
971	0
972	-1
973	-1
974	-1
975	-1
976	-2
977	0
978	-1
979	-1
980	-1
981	-2
982	0
983	0
984	0
985	0
986	0
987	0
988	0
989	0
990	0
991	0
992	-1
993	-1
994	-1
995	-1
996	-1
997	-1
998	0
999	-1
1000	-1
1001	0
1002	-1
1003	-1
1004	-1
1005	-1
1006	-1
1007	0
1008	-1
1009	0
1010	0
1011	0
1012	0
1013	0
1014	0
1015	0
1016	0
1017	0
1018	0
1019	0
1020	0
1021	0
1022	0
1023	0
1024	0
1025	-1
1026	0
1027	0
1028	0
1029	0
1030	0
1031	-1
1032	0
1033	0
1034	0
1035	0
1036	0
1037	0
1038	0
1039	0
1040	0
1041	-1
1042	0
1043	-1
1044	0
1045	0
1046	0
1047	-1
1048	0
1049	0
1050	0
1051	-1
1052	-1
1053	0
1054	-1
1055	0
1056	0
1057	-1
1058	-1
1059	-1
1060	-1
1061	-1
1062	0
1063	0
1064	0
1065	-1
1066	0
1067	-1
1068	-1
1069	0
1070	-1
1071	-1
1072	0
1073	-1
1074	-1
1075	-1
1076	-1
1077	0
1078	0
1079	0
1080	0
1081	0
1082	0
1083	0
1084	0
1085	-1
1086	-1
1087	0
1088	-1
1089	0
1090	-1
1091	0
1092	-1
1093	0
1094	0
1095	0
1096	0
1097	-1
1098	0
1099	0
1100	0
1101	-1
1102	0
1103	0
1104	0
1105	0
1106	0
1107	0
1108	0
1109	0
1110	0
1111	0
1112	0
1113	0
1114	0
1115	0
1116	0
1117	-1
1118	-1
1119	-1
1120	0
1121	-1
1122	-1
1123	-1
1124	-2
1125	-1
1126	-2
1127	-2
1128	-1
1129	-1
1130	-2
1131	-1
1132	-1
1133	-1
1134	-1
1135	-1
1136	-1
1137	0
1138	-1
1139	0
1140	-1
1141	-1
1142	0
1143	-1
1144	-1
1145	-2
1146	-1
1147	0
1148	-1
1149	0
1150	0
1151	0
1152	0
1153	0
1154	0
1155	0
1156	0
1157	0
1158	0
1159	0
1160	0
1161	0
1162	-1
1163	0
1164	-1
1165	0
1166	-1
1167	0
1168	-1
1169	0
1170	0
1171	0
1172	0
1173	0
1174	0
1175	0
1176	0
1177	0
1178	-1
1179	0
1180	-1
1181	-1
1182	-1
1183	-1
1184	-1
1185	0
1186	-2
1187	0
1188	-1
1189	0
1190	-1
1191	0
1192	-1
1193	0
1194	0
1195	0
1196	0
1197	0
1198	0
1199	0
1200	0
1201	0
1202	0
1203	0
1204	0
1205	0
1206	0
1207	0
1208	0
1209	0
1210	0
1211	0
1212	0
1213	0
1214	0
1215	0
1216	0
1217	0
1218	0
1219	0
1220	0
1221	-1
1222	0
1223	0
1224	0
1225	0
1226	0
1227	0
1228	0
1229	0
1230	0
1231	0
1232	0
1233	0
1234	0
1235	0
1236	0
1237	0
1238	0
1239	0
1240	0
1241	0
1242	-1
1243	0
1244	0
1245	-1
1246	0
1247	0
1248	0
1249	-1
1250	0
1251	0
1252	0
1253	0
1254	-2
1255	-1
1256	0
1257	-2
1258	-1
1259	-1
1260	-1
1261	-1
1262	0
1263	0
1264	-1
1265	-1
1266	0
1267	0
1268	0
1269	0
1270	-1
1271	0
1272	-1
1273	0
1274	-1
1275	-1
1276	0
1277	-1
1278	0
1279	-2
1280	-2
1281	-1
1282	0
1283	0
1284	0
1285	0
1286	0
1287	0
1288	0
1289	0
1290	0
1291	0
1292	0
1293	0
1294	-1
1295	0
1296	-1
1297	0
1298	0
1299	0
1300	0
1301	0
1302	-1
1303	-1
1304	0
1305	-2
1306	-1
1307	-1
1308	-1
1309	-1
1310	-2
1311	0
1312	-1
1313	-1
1314	-2
1315	-1
1316	-1
1317	0
1318	-2
1319	-1
1320	-1
1321	-1
1322	-1
1323	-1
1324	0
1325	0
1326	0
1327	0
1328	0
1329	0
1330	0
1331	0
1332	0
1333	-1
1334	0
1335	0
1336	0
1337	0
1338	0
1339	0
1340	0
1341	0
1342	0
1343	0
1344	0
1345	0
1346	0
1347	0
1348	0
1349	0
1350	0
1351	0
1352	0
1353	0
1354	0
1355	0
1356	0
1357	0
1358	0
1359	0
1360	0
1361	0
1362	-1
1363	0
1364	0
1365	0
1366	-1
1367	0
1368	0
1369	0
1370	-1
1371	0
1372	-1
1373	0
1374	-2
1375	-1
1376	-1
1377	-2
1378	-1
1379	-1
1380	-1
1381	-1
1382	-1
1383	-1
1384	-1
1385	0
1386	-1
1387	-2
1388	-2
1389	0
1390	-1
1391	-1
1392	-1
1393	-1
1394	-1
1395	-1
1396	-1
1397	0
1398	0
1399	-1
1400	-1
1401	-1
1402	-2
1403	0
1404	-2
1405	-1
1406	0
1407	0
1408	0
1409	0
1410	0
1411	0
1412	0
1413	0
1414	0
1415	0
1416	0
1417	0
1418	0
1419	0
1420	0
1421	0
1422	-1
1423	0
1424	0
1425	0
1426	0
1427	0
1428	0
1429	-1
1430	0
1431	0
1432	0
1433	0
1434	0
1435	0
1436	0
1437	0
1438	0
1439	0
1440	-1
1441	0
1442	-1
1443	0
1444	0
1445	0
1446	0
1447	0
1448	-1
1449	0
1450	0
1451	0
1452	-1
1453	0
1454	0
1455	0
1456	0
1457	0
1458	0
1459	0
1460	0
1461	0
1462	0
1463	0
1464	0
1465	0
1466	-1
1467	0
1468	0
1469	0
1470	0
1471	0
1472	0
1473	0
1474	0
1475	0
1476	0
1477	0
1478	0
1479	-1
1480	-1
1481	0
1482	0
1483	0
1484	0
1485	0
1486	0
1487	0
1488	0
1489	-1
1490	-1
1491	0
1492	-1
1493	0
1494	0
1495	0
1496	0
1497	0
1498	0
1499	-1
1500	-1
1501	0
1502	-1
1503	-1
1504	-1
1505	-1
1506	-2
1507	0
1508	-2
1509	0
1510	-1
1511	-1
1512	-1
1513	-1
1514	0
1515	-1
1516	-1
1517	-1
1518	-1
1519	-1
1520	-1
1521	0
1522	0
1523	0
1524	0
1525	0
1526	0
1527	0
1528	0
1529	0
1530	0
1531	1
1532	0
1533	0
1534	0
1535	0
1536	0
1537	0
1538	0
1539	0
1540	0
1541	0
1542	0
1543	0
1544	0
1545	0
1546	-1
1547	0
1548	0
1549	0
1550	0
1551	0
1552	0
1553	0
1554	0
1555	0
1556	-1
1557	0
1558	0
1559	0
1560	0
1561	0
1562	0
1563	0
1564	0
1565	-1
1566	-1
1567	-1
1568	0
1569	-1
1570	0
1571	0
1572	0
1573	0
1574	0
1575	0
1576	0
1577	0
1578	-1
1579	0
1580	0
1581	-1
1582	0
1583	0
1584	0
1585	-1
1586	0
1587	0
1588	0
1589	0
1590	0
1591	0
1592	0
1593	0
1594	0
1595	0
1596	0
1597	-1
1598	0
1599	-1
1600	-1
1601	-1
1602	-1
1603	-1
1604	-1
1605	-2
1606	-2
1607	-1
1608	-2
1609	-1
1610	-2
1611	-1
1612	-2
1613	-1
1614	-1
1615	-1
1616	-1
1617	-2
1618	-1
1619	-1
1620	0
1621	0
1622	0
1623	0
1624	0
1625	0
1626	0
1627	0
1628	0
1629	-1
1630	0
1631	-1
1632	0
1633	0
1634	-1
1635	0
1636	0
1637	0
1638	0
1639	0
1640	0
1641	0
1642	0
1643	0
1644	0
1645	0
1646	0
1647	0
1648	0
1649	0
1650	0
1651	0
1652	0
1653	0
1654	0
1655	0
1656	0
1657	1
1658	0
1659	1
1660	0
1661	0
1662	0
1663	0
1664	0
1665	1
1666	1
1667	0
1668	0
1669	0
1670	0
1671	0
1672	0
1673	0
1674	0
1675	0
1676	0
1677	0
1678	0
1679	0
1680	0
1681	0
1682	-1
1683	0
1684	-1
1685	-1
1686	0
1687	-1
1688	-1
1689	0
1690	-1
1691	0
1692	-1
1693	-1
1694	0
1695	0
1696	-1
1697	-1
1698	-1
1699	-2
1700	-1
1701	-1
1702	-2
1703	-2
1704	-1
1705	-2
1706	-1
1707	-1
1708	-1
1709	-1
1710	-1
1711	-1
1712	-1
1713	-1
1714	-2
1715	0
1716	-1
1717	-1
1718	-1
1719	-1
1720	0
1721	0
1722	-1
1723	0
1724	-1
1725	0
1726	0
1727	0
1728	-1
1729	0
1730	-1
1731	0
1732	-1
1733	0
1734	0
1735	0
1736	0
1737	0
1738	0
1739	0
1740	-1
1741	0
1742	-1
1743	0
1744	0
1745	0
1746	0
1747	0
1748	0
1749	0
1750	0
1751	0
1752	0
1753	0
1754	0
1755	0
1756	0
1757	0
1758	0
1759	0
1760	0
1761	0
1762	0
1763	1
1764	0
1765	0
1766	0
1767	0
1768	0
1769	1
1770	0
1771	1
1772	0
1773	0
1774	0
1775	0
1776	0
1777	1
1778	0
1779	0
1780	1
1781	0
1782	0
1783	0
1784	0
1785	0
1786	0
1787	0
1788	0
1789	0
1790	0
1791	-1
1792	-1
1793	-1
1794	-1
1795	-1
1796	-2
1797	-1
1798	-2
1799	-1
1800	-2
1801	-2
1802	-1
1803	-2
1804	-2
1805	-2
1806	-1
1807	0
1808	-1
1809	0
1810	-1
1811	0
1812	-1
1813	0
1814	-1
1815	-1
1816	-1
1817	-1
1818	0
1819	-1
1820	0
1821	0
1822	0
1823	0
1824	0
1825	0
1826	0
1827	0
1828	0
1829	0
1830	0
1831	0
1832	-1
1833	-1
1834	-1
1835	0
1836	-1
1837	0
1838	-1
1839	-1
1840	0
1841	0
1842	-2
1843	-1
1844	-1
1845	-2
1846	-1
1847	-1
1848	-1
1849	-1
1850	0
1851	-2
1852	-1
1853	-1
1854	0
1855	0
1856	0
1857	0
1858	-1
1859	-1
1860	-1
1861	0
1862	0
1863	0
1864	0
1865	0
1866	0
1867	0
1868	0
1869	-1
1870	0
1871	0
1872	0
1873	0
1874	0
1875	0
1876	0
1877	0
1878	0
1879	0
1880	0
1881	0
1882	0
1883	0
1884	0
1885	0
1886	0
1887	0
1888	0
1889	0
1890	0
1891	0
1892	0
1893	0
1894	-1
1895	0
1896	-1
1897	0
1898	-1
1899	0
1900	-1
1901	0
1902	-1
1903	-1
1904	-1
1905	-1
1906	-2
1907	0
1908	0
1909	0
1910	0
1911	0
1912	0
1913	0
1914	0
1915	0
1916	-2
1917	0
1918	0
1919	0
1920	0
1921	0
1922	0
1923	0
1924	0
1925	0
1926	0
1927	0
1928	0
1929	0
1930	0
1931	0
1932	0
1933	0
1934	0
1935	0
1936	0
1937	0
1938	-1
1939	-1
1940	0
1941	-1
1942	-1
1943	0
1944	-1
1945	-1
1946	0
1947	-1
1948	-2
1949	-1
1950	-1
1951	0
1952	-1
1953	0
1954	-1
1955	-1
1956	-1
1957	-1
1958	-1
1959	-2
1960	-1
1961	0
1962	-1
1963	0
1964	-1
1965	0
1966	0
1967	0
1968	-1
1969	0
1970	0
1971	0
1972	-1
1973	-1
1974	0
1975	0
1976	0
1977	0
1978	0
1979	0
1980	0
1981	0
1982	0
1983	0
1984	0
1985	0
1986	0
1987	0
1988	0
1989	0
1990	0
1991	0
1992	0
1993	0
1994	-1
1995	-1
1996	-2
1997	-1
1998	0
1999	-1
