0	0
1	0
2	0
3	0
4	0
5	0
6	0
7	0
8	0
9	0
10	0
11	0
12	0
13	0
14	0
15	0
16	0
17	0
18	0
19	-1
20	-1
21	0
22	0
23	0
24	0
25	-1
26	0
27	-1
28	0
29	0
30	0
31	0
32	0
33	0
34	0
35	0
36	0
37	0
38	0
39	0
40	0
41	0
42	0
43	0
44	0
45	0
46	0
47	0
48	0
49	0
50	0
51	0
52	0
53	0
54	0
55	0
56	0
57	0
58	0
59	0
60	0
61	0
62	0
63	0
64	0
65	0
66	0
67	0
68	0
69	0
70	0
71	0
72	0
73	0
74	0
75	0
76	0
77	0
78	0
79	0
80	0
81	0
82	0
83	0
84	0
85	0
86	0
87	0
88	-1
89	0
90	-1
91	0
92	0
93	0
94	0
95	0
96	0
97	0
98	0
99	0
100	0
101	0
102	0
103	0
104	0
105	0
106	0
107	0
108	0
109	0
110	0
111	0
112	0
113	0
114	0
115	0
116	0
117	0
118	-1
119	-1
120	0
121	0
122	0
123	0
124	0
125	-1
126	0
127	-1
128	0
129	0
130	0
131	0
132	0
133	0
134	0
135	0
136	0
137	0
138	0
139	0
140	0
141	0
142	0
143	-1
144	0
145	0
146	0
147	0
148	-1
149	-1
150	0
151	0
152	-1
153	0
154	0
155	0
156	0
157	-1
158	0
159	-1
160	0
161	0
162	0
163	0
164	0
165	0
166	0
167	0
168	0
169	0
170	0
171	0
172	0
173	0
174	0
175	0
176	0
177	0
178	0
179	0
180	0
181	0
182	0
183	0
184	0
185	0
186	0
187	0
188	0
189	0
190	0
191	0
192	0
193	0
194	0
195	0
196	0
197	0
198	0
199	0
200	-1
201	0
202	0
203	0
204	0
205	0
206	0
207	0
208	0
209	0
210	0
211	0
212	0
213	0
214	0
215	-1
216	0
217	0
218	-1
219	0
220	0
221	0
222	0
223	0
224	0
225	0
226	0
227	0
228	1
229	0
230	0
231	0
232	1
233	0
234	0
235	0
236	0
237	0
238	0
239	0
240	0
241	0
242	0
243	0
244	0
245	0
246	0
247	0
248	0
249	0
250	-1
251	0
252	0
253	-1
254	0
255	0
256	0
257	0
258	0
259	0
260	0
261	0
262	0
263	0
264	0
265	-1
266	0
267	-1
268	0
269	0
270	0
271	0
272	0
273	0
274	0
275	0
276	0
277	0
278	-1
279	0
280	0
281	0
282	0
283	0
284	0
285	0
286	0
287	0
288	0
289	0
290	0
291	0
292	0
293	0
294	0
295	0
296	0
297	0
298	0
299	0
300	0
301	0
302	0
303	0
304	0
305	0
306	0
307	0
308	0
309	0
310	0
311	0
312	0
313	0
314	0
315	0
316	0
317	0
318	0
319	0
320	0
321	0
322	0
323	0
324	0
325	0
326	-1
327	0
328	-1
329	0
330	0
331	0
332	-1
333	0
334	0
335	0
336	0
337	0
338	0
339	0
340	0
341	0
342	0
343	0
344	0
345	0
346	-1
347	0
348	0
349	0
350	0
351	0
352	0
353	0
354	0
355	0
356	0
357	0
358	-1
359	0
360	0
361	0
362	0
363	0
364	0
365	0
366	0
367	0
368	0
369	0
370	0
371	0
372	0
373	0
374	0
375	0
376	0
377	0
378	0
379	0
380	0
381	1
382	0
383	0
384	0
385	0
386	0
387	0
388	0
389	0
390	0
391	0
392	0
393	0
394	0
395	0
396	0
397	0
398	0
399	0
400	0
401	0
402	0
403	0
404	0
405	0
406	0
407	0
408	-1
409	0
410	0
411	0
412	0
413	0
414	-1
415	0
416	-1
417	0
418	0
419	0
420	0
421	0
422	0
423	0
424	0
425	0
426	0
427	0
428	0
429	0
430	0
431	0
432	0
433	0
434	0
435	0
436	0
437	0
438	0
439	0
440	0
441	0
442	1
443	0
444	2
445	3
446	4
447	7
448	7
449	12
450	13
451	17
452	18
453	22
454	23
455	28
456	31
457	34
458	38
459	41
460	42
461	48
462	51
463	54
464	56
465	60
466	63
467	66
468	68
469	70
470	71
471	74
472	74
473	78
474	79
475	81
476	82
477	83
478	83
479	85
480	84
481	85
482	85
483	86
484	86
485	86
486	84
487	85
488	85
489	85
490	82
491	81
492	80
493	79
494	75
495	76
496	76
497	76
498	76
499	78
500	62
501	67
502	65
503	65
504	63
505	63
506	59
507	58
508	54
509	53
510	52
511	51
512	47
513	48
514	42
515	43
516	41
517	40
518	36
519	37
520	32
521	32
522	28
523	28
524	27
525	26
526	25
527	25
528	23
529	22
530	18
531	20
532	16
533	15
534	12
535	12
536	10
537	10
538	9
539	8
540	8
541	7
542	5
543	5
544	4
545	4
546	2
547	2
548	1
549	1
550	-1
551	0
552	-3
553	-1
554	-4
555	-3
556	-6
557	-5
558	-7
559	-6
560	-8
561	-7
562	-9
563	-8
564	-9
565	-8
566	-8
567	-8
568	-11
569	-9
570	-11
571	-9
572	-11
573	-8
574	-9
575	-9
576	-10
577	-8
578	-11
579	-10
580	-10
581	-9
582	-10
583	-11
584	-9
585	-10
586	-10
587	-8
588	-9
589	-9
590	-9
591	-8
592	-10
593	-8
594	-8
595	-7
596	-8
597	-9
598	-7
599	-8
600	-7
601	-7
602	-8
603	-8
604	-9
605	-8
606	-8
607	-8
608	-8
609	-8
610	-9
611	-6
612	-7
613	-6
614	-7
615	-6
616	-8
617	-4
618	-6
619	-5
620	-5
621	-5
622	-4
623	-3
624	-4
625	-3
626	-4
627	-3
628	-6
629	-2
630	-4
631	-3
632	-4
633	-2
634	-3
635	-4
636	-2
637	-2
638	-3
639	-2
640	-2
641	-3
642	-2
643	-2
644	-2
645	-1
646	-1
647	-2
648	-2
649	-2
650	-1
651	-2
652	-1
653	-1
654	-1
655	-1
656	-1
657	-1
658	-1
659	0
660	-1
661	0
662	0
663	0
664	-1
665	0
666	-1
667	0
668	0
669	0
670	0
671	0
672	0
673	-1
674	-1
675	0
676	0
677	0
678	0
679	0
680	-2
681	0
682	-1
683	-1
684	-1
685	-1
686	-1
687	0
688	0
689	0
690	-1
691	0
692	-1
693	0
694	0
695	0
696	0
697	0
698	-1
699	0
700	0
701	0
702	-1
703	0
704	-1
705	0
706	-1
707	-1
708	-1
709	-1
710	0
711	-1
712	0
713	-1
714	0
715	-1
716	0
717	-1
718	-1
719	-1
720	-1
721	0
722	0
723	-1
724	-2
725	-1
726	0
727	-1
728	-1
729	-1
730	-1
731	-1
732	-1
733	-1
734	-1
735	0
736	-1
737	-1
738	0
739	0
740	0
741	0
742	-1
743	0
744	0
745	0
746	1
747	0
748	0
749	0
750	0
751	1
752	0
753	1
754	0
755	1
756	1
757	1
758	1
759	1
760	1
761	0
762	0
763	1
764	1
765	0
766	0
767	1
768	0
769	0
770	0
771	0
772	0
773	0
774	0
775	0
776	0
777	0
778	0
779	0
780	0
781	0
782	0
783	0
784	0
785	0
786	0
787	0
788	0
789	0
790	-1
791	0
792	0
793	0
794	0
795	0
796	0
797	0
798	0
799	0
800	0
801	0
802	-1
803	0
804	-1
805	0
806	0
807	0
808	-1
809	0
810	-1
811	-2
812	-1
813	-1
814	-2
815	-1
816	-2
817	-1
818	-1
819	-1
820	-1
821	-1
822	-2
823	-1
824	0
825	-1
826	-2
827	-1
828	-2
829	0
830	-2
831	0
832	-1
833	-1
834	-1
835	-1
836	-1
837	-1
838	-1
839	0
840	0
841	-1
842	0
843	0
844	0
845	0
846	-1
847	0
848	-1
849	0
850	-1
851	0
852	0
853	0
854	0
855	0
856	-1
857	0
858	-1
859	-1
860	-1
861	-1
862	-2
863	0
864	-2
865	-1
866	-1
867	-1
868	-2
869	-1
870	-2
871	-2
872	-2
873	-2
874	-3
875	-2
876	-2
877	-3
878	-2
879	-2
880	-2
881	-2
882	-2
883	-1
884	-2
885	-2
886	-2
887	-2
888	-1
889	-1
890	-1
891	-1
892	-1
893	-1
894	-2
895	-2
896	-2
897	-2
898	-2
899	-1
900	-2
901	-1
902	-1
903	-1
904	-2
905	-1
906	-2
907	-2
908	-2
909	-2
910	-2
911	-1
912	-1
913	-1
914	-1
915	0
916	-2
917	0
918	0
919	0
920	-1
921	0
922	0
923	0
924	0
925	0
926	0
927	0
928	0
929	0
930	0
931	0
932	0
933	0
934	0
935	0
936	0
937	0
938	0
939	0
940	0
941	0
942	0
943	0
944	0
945	0
946	0
947	0
948	0
949	0
950	0
951	1
952	0
953	0
954	0
955	1
956	0
957	0
958	0
959	0
960	0
961	0
962	0
963	1
964	0
965	0
966	0
967	0
968	0
969	0
970	0
971	0
972	0
973	-1
974	-1
975	0
976	0
977	0
978	0
979	-1
980	-1
981	0
982	-1
983	0
984	0
985	-1
986	-1
987	0
988	0
989	-1
990	0
991	0
992	0
993	-2
994	-2
995	-2
996	-1
997	-1
998	-2
999	-2
1000	-1
1001	-2
1002	-1
1003	-2
1004	-2
1005	-2
1006	-2
1007	-2
1008	-3
1009	-3
1010	-3
1011	-2
1012	-2
1013	-2
1014	-3
1015	-2
1016	-1
1017	-1
1018	-2
1019	-2
1020	-3
1021	-2
1022	-2
1023	0
1024	-1
1025	-1
1026	-2
1027	-1
1028	-2
1029	-1
1030	-2
1031	-1
1032	-3
1033	-1
1034	-2
1035	0
1036	-2
1037	-1
1038	-1
1039	-1
1040	-1
1041	-1
1042	-1
1043	0
1044	-2
1045	-1
1046	-1
1047	-1
1048	-1
1049	-1
1050	-1
1051	-1
1052	-1
1053	-2
1054	-1
1055	-1
1056	-2
1057	0
1058	0
1059	-1
1060	0
1061	-1
1062	-1
1063	0
1064	-1
1065	-1
1066	0
1067	-2
1068	-2
1069	-1
1070	-2
1071	-1
1072	-2
1073	-1
1074	-2
1075	-2
1076	-2
1077	-2
1078	-2
1079	-3
1080	-1
1081	-3
1082	-1
1083	-1
1084	-1
1085	-1
1086	-2
1087	0
1088	0
1089	-1
1090	-1
1091	-2
1092	-1
1093	-1
1094	-1
1095	-1
1096	0
1097	-1
1098	-1
1099	-1
1100	-1
1101	0
1102	-1
1103	-1
1104	-1
1105	-2
1106	-1
1107	0
1108	0
1109	0
1110	-1
1111	0
1112	-1
1113	0
1114	-1
1115	-1
1116	-1
1117	-1
1118	-1
1119	-1
1120	-1
1121	0
1122	0
1123	-1
1124	-1
1125	0
1126	-1
1127	-2
1128	0
1129	-2
1130	-1
1131	-1
1132	0
1133	0
1134	-1
1135	0
1136	0
1137	0
1138	-1
1139	0
1140	-1
1141	0
1142	0
1143	0
1144	0
1145	0
1146	0
1147	0
1148	0
1149	0
1150	0
1151	0
1152	0
1153	0
1154	0
1155	-2
1156	-1
1157	-1
1158	-1
1159	-1
1160	0
1161	-1
1162	-1
1163	-1
1164	-1
1165	-1
1166	0
1167	-1
1168	-1
1169	0
1170	0
1171	0
1172	0
1173	-1
1174	0
1175	-1
1176	0
1177	-1
1178	0
1179	-1
1180	0
1181	-1
1182	0
1183	0
1184	0
1185	0
1186	0
1187	0
1188	-1
1189	0
1190	0
1191	0
1192	-1
1193	0
1194	0
1195	0
1196	-1
1197	0
1198	-1
1199	0
1200	-2
1201	0
1202	-1
1203	0
1204	-2
1205	0
1206	-1
1207	0
1208	-1
1209	-1
1210	0
1211	-1
1212	-1
1213	-1
1214	-1
1215	0
1216	-1
1217	0
1218	-2
1219	0
1220	-1
1221	0
1222	-1
1223	0
1224	0
1225	-1
1226	0
1227	-1
1228	0
1229	-1
1230	0
1231	0
1232	0
1233	0
1234	-1
1235	0
1236	-1
1237	0
1238	-1
1239	-1
1240	0
1241	-1
1242	-1
1243	0
1244	-1
1245	-1
1246	-2
1247	0
1248	0
1249	0
1250	-1
1251	0
1252	-2
1253	-1
1254	-1
1255	-1
1256	-1
1257	-1
1258	-1
1259	-2
1260	-2
1261	0
1262	-1
1263	-1
1264	-1
1265	-1
1266	-2
1267	0
1268	-1
1269	-1
1270	-1
1271	-1
1272	-1
1273	0
1274	0
1275	-1
1276	0
1277	0
1278	-1
1279	0
1280	-1
1281	-1
1282	-1
1283	-1
1284	-1
1285	0
1286	0
1287	0
1288	-1
1289	0
1290	-1
1291	0
1292	-1
1293	-1
1294	-1
1295	0
1296	0
1297	0
1298	0
1299	-1
1300	-1
1301	0
1302	-1
1303	-1
1304	-1
1305	-1
1306	-2
1307	-1
1308	-1
1309	0
1310	-1
1311	-1
1312	0
1313	-1
1314	-1
1315	0
1316	-1
1317	0
1318	-1
1319	0
1320	0
1321	-1
1322	-1
1323	0
1324	0
1325	0
1326	-1
1327	-1
1328	-2
1329	0
1330	-1
1331	0
1332	0
1333	-1
1334	0
1335	-1
1336	-1
1337	-1
1338	-1
1339	-2
1340	-1
1341	0
1342	-1
1343	0
1344	-1
1345	-1
1346	-1
1347	-1
1348	-2
1349	0
1350	0
1351	-1
1352	-1
1353	0
1354	-1
1355	0
1356	0
1357	-1
1358	-1
1359	-1
1360	0
1361	0
1362	-1
1363	-1
1364	0
1365	0
1366	-1
1367	-1
1368	0
1369	-1
1370	-1
1371	-1
1372	-1
1373	0
1374	-1
1375	-1
1376	-3
1377	-1
1378	-1
1379	0
1380	0
1381	-1
1382	-1
1383	-2
1384	-1
1385	-1
1386	-1
1387	-1
1388	-2
1389	0
1390	-3
1391	0
1392	-2
1393	-1
1394	-2
1395	-2
1396	-1
1397	-1
1398	-1
1399	-1
1400	-1
1401	-1
1402	-1
1403	-1
1404	0
1405	-1
1406	0
1407	-1
1408	-2
1409	0
1410	-1
1411	-1
1412	-1
1413	-2
1414	0
1415	0
1416	0
1417	0
1418	0
1419	-1
1420	0
1421	0
1422	0
1423	-1
1424	0
1425	-2
1426	-1
1427	-1
1428	-1
1429	0
1430	0
1431	-1
1432	0
1433	-1
1434	-1
1435	-1
1436	-1
1437	-2
1438	-1
1439	-1
1440	-1
1441	-1
1442	-1
1443	-2
1444	-1
1445	-2
1446	0
1447	-2
1448	-1
1449	-1
1450	-1
1451	-1
1452	-1
1453	0
1454	0
1455	0
1456	-1
1457	-1
1458	-1
1459	0
1460	0
1461	0
1462	0
1463	0
1464	0
1465	0
1466	0
1467	0
1468	0
1469	0
1470	0
1471	-1
1472	0
1473	-1
1474	-1
1475	-1
1476	0
1477	-1
1478	-1
1479	-2
1480	-1
1481	-1
1482	0
1483	-1
1484	-2
1485	-1
1486	-1
1487	-2
1488	-1
1489	-1
1490	-1
1491	-2
1492	-2
1493	-1
1494	-1
1495	0
1496	-1
1497	-1
1498	-1
1499	0
1500	-1
1501	-1
1502	0
1503	-1
1504	-1
1505	0
1506	-1
1507	-1
1508	-1
1509	0
1510	-1
1511	0
1512	-1
1513	0
1514	-1
1515	0
1516	-1
1517	-1
1518	0
1519	0
1520	-1
1521	0
1522	-1
1523	-1
1524	0
1525	-1
1526	0
1527	0
1528	-1
1529	0
1530	-1
1531	-1
1532	0
1533	0
1534	-1
1535	-1
1536	-2
1537	0
1538	-1
1539	-1
1540	-1
1541	-2
1542	-1
1543	-1
1544	-2
1545	0
1546	-1
1547	-1
1548	-1
1549	-1
1550	-1
1551	-1
1552	-2
1553	-1
1554	-1
1555	0
1556	-2
1557	-1
1558	-2
1559	-1
1560	-1
1561	0
1562	-1
1563	0
1564	-1
1565	-1
1566	-1
1567	-1
1568	-1
1569	-1
1570	-1
1571	-1
1572	-1
1573	0
1574	0
1575	-1
1576	-1
1577	0
1578	-1
1579	-1
1580	-1
1581	0
1582	-1
1583	0
1584	-1
1585	0
1586	0
1587	-1
1588	-1
1589	0
1590	-1
1591	0
1592	0
1593	0
1594	0
1595	0
1596	0
1597	-1
1598	0
1599	-1
1600	0
1601	0
1602	0
1603	0
1604	0
1605	0
1606	-1
1607	0
1608	-1
1609	0
1610	-1
1611	-1
1612	-1
1613	-1
1614	0
1615	0
1616	0
1617	0
1618	0
1619	-1
1620	-1
1621	0
1622	-1
1623	0
1624	0
1625	0
1626	0
1627	-1
1628	-1
1629	0
1630	-1
1631	0
1632	0
1633	0
1634	0
1635	0
1636	0
1637	0
1638	0
1639	0
1640	0
1641	0
1642	0
1643	0
1644	0
1645	0
1646	0
1647	0
1648	-1
1649	-2
1650	0
1651	0
1652	0
1653	0
1654	-2
1655	-1
1656	-1
1657	-1
1658	0
1659	-1
1660	-1
1661	-1
1662	-1
1663	-1
1664	0
1665	-2
1666	-1
1667	-1
1668	0
1669	-1
1670	-1
1671	-1
1672	-3
1673	-1
1674	-1
1675	-1
1676	-1
1677	0
1678	-1
1679	-1
1680	-2
1681	0
1682	-2
1683	0
1684	-1
1685	-1
1686	-2
1687	0
1688	-1
1689	0
1690	0
1691	0
1692	0
1693	0
1694	-1
1695	0
1696	0
1697	0
1698	-1
1699	-1
1700	0
1701	0
1702	0
1703	0
1704	-1
1705	0
1706	-1
1707	0
1708	0
1709	-1
1710	0
1711	0
1712	-1
1713	0
1714	-1
1715	0
1716	-1
1717	0
1718	0
1719	-1
1720	0
1721	0
1722	-1
1723	0
1724	0
1725	0
1726	0
1727	0
1728	0
1729	0
1730	0
1731	0
1732	0
1733	0
1734	-1
1735	0
1736	0
1737	0
1738	-1
1739	0
1740	-1
1741	-1
1742	0
1743	0
1744	0
1745	0
1746	0
1747	0
1748	0
1749	-1
1750	0
1751	0
1752	-1
1753	0
1754	0
1755	0
1756	-1
1757	-1
1758	-1
1759	-1
1760	0
1761	0
1762	0
1763	-1
1764	-1
1765	0
1766	-1
1767	0
1768	-1
1769	-1
1770	-1
1771	-1
1772	-1
1773	0
1774	-1
1775	0
1776	-2
1777	-1
1778	0
1779	0
1780	-1
1781	0
1782	0
1783	-1
1784	-1
1785	-1
1786	-1
1787	0
1788	-3
1789	0
1790	-1
1791	-1
1792	-2
1793	0
1794	-2
1795	-1
1796	-1
1797	0
1798	-1
1799	-1
1800	-1
1801	-1
1802	-1
1803	0
1804	0
1805	0
1806	0
1807	0
1808	-1
1809	0
1810	0
1811	0
1812	0
1813	0
1814	0
1815	0
1816	1
1817	0
1818	0
1819	0
1820	0
1821	0
1822	1
1823	0
1824	1
1825	1
1826	1
1827	0
1828	0
1829	0
1830	0
1831	0
1832	1
1833	1
1834	1
1835	1
1836	1
1837	0
1838	1
1839	1
1840	1
1841	1
1842	0
1843	1
1844	1
1845	0
1846	1
1847	0
1848	1
1849	0
1850	0
1851	0
1852	0
1853	0
1854	1
1855	1
1856	0
1857	0
1858	0
1859	0
1860	0
1861	0
1862	0
1863	0
1864	0
1865	0
1866	1
1867	0
1868	0
1869	0
1870	0
1871	0
1872	0
1873	0
1874	-1
1875	0
1876	0
1877	0
1878	0
1879	0
1880	0
1881	0
1882	-1
1883	0
1884	0
1885	0
1886	0
1887	0
1888	0
1889	0
1890	0
1891	0
1892	-1
1893	-1
1894	-1
1895	-1
1896	-1
1897	-1
1898	-2
1899	-2
1900	-1
1901	-1
1902	0
1903	-1
1904	0
1905	0
1906	-1
1907	0
1908	-1
1909	-1
1910	0
1911	-1
1912	-1
1913	0
1914	0
1915	-1
1916	-1
1917	-1
1918	-1
1919	-1
1920	-2
1921	-1
1922	-1
1923	-1
1924	-1
1925	-1
1926	0
1927	-1
1928	-1
1929	-1
1930	-1
1931	-1
1932	-1
1933	0
1934	0
1935	-1
1936	0
1937	-1
1938	0
1939	0
1940	-1
1941	0
1942	-1
1943	0
1944	0
1945	0
1946	0
1947	0
1948	0
1949	0
1950	0
1951	0
1952	0
1953	0
1954	0
1955	0
1956	0
1957	0
1958	0
1959	0
1960	0
1961	0
1962	-1
1963	-1
1964	-1
1965	-1
1966	-1
1967	0
1968	0
1969	-1
1970	-1
1971	-1
1972	-1
1973	0
1974	0
1975	-1
1976	-1
1977	-1
1978	0
1979	-1
1980	-1
1981	-1
1982	-1
1983	-1
1984	-1
1985	0
1986	-1
1987	-1
1988	0
1989	-1
1990	-1
1991	-1
1992	-1
1993	-2
1994	-1
1995	-1
1996	0
1997	-1
1998	-2
1999	-1
