0	0
1	0
2	0
3	0
4	0
5	0
6	0
7	0
8	0
9	0
10	0
11	0
12	0
13	0
14	0
15	0
16	0
17	0
18	0
19	0
20	0
21	0
22	0
23	0
24	0
25	0
26	0
27	0
28	0
29	0
30	0
31	0
32	0
33	0
34	0
35	0
36	0
37	0
38	0
39	0
40	0
41	0
42	0
43	0
44	0
45	0
46	0
47	0
48	0
49	0
50	0
51	0
52	0
53	0
54	0
55	0
56	0
57	0
58	0
59	0
60	0
61	0
62	0
63	0
64	1
65	0
66	0
67	0
68	0
69	0
70	0
71	0
72	0
73	0
74	0
75	0
76	-1
77	0
78	0
79	0
80	0
81	0
82	0
83	0
84	-1
85	0
86	-2
87	-1
88	-1
89	-1
90	-1
91	0
92	-1
93	0
94	0
95	-1
96	0
97	-1
98	-1
99	0
100	0
101	0
102	0
103	0
104	0
105	0
106	-1
107	0
108	0
109	1
110	0
111	0
112	0
113	1
114	0
115	0
116	0
117	0
118	0
119	0
120	0
121	0
122	0
123	0
124	1
125	0
126	1
127	0
128	1
129	1
130	1
131	0
132	1
133	1
134	0
135	0
136	0
137	0
138	0
139	0
140	0
141	0
142	0
143	0
144	0
145	0
146	0
147	0
148	0
149	0
150	0
151	0
152	0
153	0
154	0
155	0
156	0
157	0
158	0
159	0
160	0
161	0
162	0
163	0
164	0
165	0
166	0
167	0
168	0
169	0
170	0
171	0
172	0
173	0
174	0
175	0
176	0
177	0
178	0
179	1
180	0
181	0
182	0
183	0
184	0
185	0
186	0
187	0
188	0
189	0
190	0
191	0
192	0
193	0
194	-1
195	0
196	0
197	-1
198	0
199	-1
200	-1
201	0
202	-1
203	0
204	0
205	0
206	-1
207	0
208	0
209	0
210	-1
211	0
212	0
213	0
214	0
215	0
216	0
217	0
218	0
219	0
220	0
221	0
222	0
223	0
224	0
225	0
226	0
227	1
228	0
229	1
230	0
231	0
232	0
233	0
234	0
235	0
236	0
237	0
238	0
239	0
240	0
241	0
242	0
243	0
244	0
245	0
246	0
247	0
248	0
249	0
250	0
251	0
252	0
253	0
254	0
255	0
256	0
257	0
258	0
259	0
260	0
261	0
262	0
263	0
264	0
265	0
266	0
267	0
268	0
269	1
270	0
271	0
272	0
273	0
274	0
275	0
276	0
277	0
278	0
279	0
280	0
281	0
282	0
283	0
284	0
285	0
286	0
287	0
288	0
289	0
290	0
291	0
292	0
293	0
294	0
295	0
296	0
297	0
298	0
299	0
300	0
301	0
302	0
303	0
304	0
305	0
306	0
307	0
308	0
309	0
310	0
311	0
312	0
313	0
314	0
315	0
316	0
317	0
318	0
319	0
320	0
321	0
322	-1
323	0
324	0
325	0
326	0
327	0
328	0
329	0
330	0
331	0
332	0
333	0
334	0
335	0
336	0
337	0
338	-1
339	0
340	0
341	0
342	0
343	0
344	0
345	0
346	0
347	0
348	0
349	0
350	0
351	0
352	0
353	0
354	0
355	0
356	0
357	1
358	0
359	0
360	0
361	0
362	0
363	0
364	0
365	0
366	0
367	0
368	0
369	0
370	0
371	0
372	0
373	0
374	0
375	0
376	0
377	0
378	0
379	0
380	0
381	0
382	1
383	0
384	0
385	0
386	0
387	1
388	0
389	0
390	0
391	0
392	0
393	1
394	0
395	0
396	0
397	0
398	0
399	0
400	0
401	0
402	1
403	0
404	0
405	0
406	0
407	0
408	-1
409	0
410	0
411	0
412	0
413	0
414	0
415	0
416	0
417	0
418	0
419	0
420	0
421	0
422	0
423	0
424	0
425	0
426	0
427	0
428	0
429	0
430	0
431	1
432	1
433	1
434	2
435	4
436	4
437	9
438	10
439	12
440	17
441	21
442	22
443	26
444	31
445	34
446	38
447	45
448	48
449	54
450	58
451	62
452	66
453	72
454	75
455	79
456	85
457	90
458	94
459	97
460	100
461	103
462	109
463	112
464	114
465	118
466	121
467	123
468	125
469	126
470	129
471	129
472	131
473	130
474	131
475	131
476	131
477	129
478	129
479	127
480	127
481	125
482	123
483	121
484	119
485	116
486	115
487	112
488	107
489	106
490	102
491	96
492	95
493	94
494	90
495	86
496	80
497	78
498	78
499	78
500	62
501	64
502	62
503	59
504	56
505	52
506	48
507	46
508	42
509	38
510	34
511	32
512	30
513	28
514	25
515	22
516	19
517	16
518	15
519	13
520	10
521	10
522	5
523	4
524	3
525	0
526	-1
527	-3
528	-4
529	-5
530	-7
531	-10
532	-11
533	-13
534	-13
535	-15
536	-15
537	-16
538	-17
539	-18
540	-18
541	-17
542	-22
543	-22
544	-21
545	-23
546	-25
547	-24
548	-26
549	-26
550	-25
551	-26
552	-26
553	-27
554	-29
555	-28
556	-29
557	-29
558	-29
559	-28
560	-29
561	-29
562	-30
563	-28
564	-30
565	-29
566	-29
567	-29
568	-27
569	-28
570	-28
571	-28
572	-28
573	-27
574	-28
575	-27
576	-29
577	-27
578	-25
579	-25
580	-28
581	-25
582	-27
583	-25
584	-25
585	-24
586	-26
587	-23
588	-24
589	-22
590	-22
591	-21
592	-22
593	-20
594	-20
595	-19
596	-18
597	-16
598	-18
599	-16
600	-17
601	-16
602	-16
603	-16
604	-15
605	-15
606	-16
607	-15
608	-15
609	-15
610	-15
611	-15
612	-15
613	-14
614	-14
615	-14
616	-13
617	-15
618	-15
619	-15
620	-15
621	-15
622	-14
623	-15
624	-14
625	-14
626	-15
627	-15
628	-15
629	-14
630	-14
631	-13
632	-15
633	-14
634	-14
635	-13
636	-15
637	-13
638	-13
639	-12
640	-12
641	-11
642	-13
643	-12
644	-12
645	-11
646	-12
647	-11
648	-12
649	-10
650	-11
651	-10
652	-10
653	-10
654	-10
655	-10
656	-8
657	-9
658	-8
659	-9
660	-9
661	-7
662	-7
663	-7
664	-8
665	-7
666	-7
667	-4
668	-6
669	-4
670	-6
671	-6
672	-7
673	-5
674	-6
675	-4
676	-7
677	-5
678	-7
679	-4
680	-5
681	-4
682	-4
683	-4
684	-5
685	-4
686	-4
687	-3
688	-4
689	-2
690	-3
691	-3
692	-4
693	-2
694	-3
695	-3
696	-1
697	-3
698	-1
699	-2
700	-1
701	-1
702	-2
703	-1
704	-1
705	0
706	-2
707	-1
708	0
709	-1
710	0
711	0
712	0
713	-1
714	0
715	0
716	0
717	0
718	0
719	0
720	-1
721	-1
722	-1
723	-2
724	-3
725	-1
726	-1
727	-2
728	-3
729	-2
730	-1
731	-1
732	-3
733	-1
734	-2
735	0
736	-2
737	-2
738	-2
739	-1
740	-3
741	-1
742	-1
743	-1
744	-1
745	-1
746	0
747	-1
748	-1
749	-1
750	-1
751	-1
752	0
753	-1
754	0
755	-1
756	-1
757	-2
758	-1
759	-1
760	-3
761	-2
762	-1
763	-2
764	-1
765	-2
766	-2
767	-2
768	-2
769	-2
770	-3
771	-2
772	-2
773	-3
774	-1
775	-2
776	-1
777	-2
778	-2
779	-3
780	-2
781	-3
782	-3
783	-2
784	-2
785	-2
786	-2
787	0
788	-3
789	-1
790	-1
791	0
792	-1
793	0
794	0
795	0
796	0
797	0
798	0
799	0
800	0
801	0
802	0
803	0
804	1
805	0
806	0
807	0
808	0
809	1
810	0
811	1
812	0
813	1
814	0
815	2
816	1
817	2
818	1
819	2
820	1
821	0
822	1
823	1
824	0
825	0
826	0
827	1
828	1
829	0
830	0
831	0
832	0
833	0
834	0
835	1
836	0
837	0
838	0
839	1
840	0
841	0
842	0
843	0
844	0
845	0
846	0
847	0
848	0
849	0
850	0
851	0
852	0
853	0
854	-1
855	0
856	0
857	0
858	-1
859	-1
860	-1
861	-1
862	0
863	-1
864	0
865	0
866	0
867	0
868	-1
869	0
870	-2
871	0
872	-2
873	-1
874	-1
875	-1
876	-2
877	-1
878	-2
879	-1
880	-2
881	-2
882	-1
883	-2
884	-2
885	-2
886	-2
887	-2
888	-2
889	-1
890	-1
891	-3
892	-2
893	-2
894	-2
895	-2
896	-2
897	-1
898	-1
899	0
900	-1
901	-1
902	-1
903	-1
904	-1
905	-1
906	0
907	-1
908	0
909	-1
910	0
911	-1
912	-1
913	-1
914	-2
915	-1
916	-2
917	-1
918	-1
919	-1
920	-1
921	-1
922	0
923	0
924	-1
925	-1
926	-1
927	0
928	-1
929	0
930	-1
931	0
932	-1
933	-1
934	-1
935	0
936	-1
937	-1
938	-1
939	-1
940	-1
941	-1
942	0
943	-2
944	-1
945	-2
946	-3
947	-1
948	-1
949	-1
950	-1
951	-1
952	-1
953	-2
954	-1
955	-1
956	0
957	-1
958	-2
959	-2
960	-2
961	-1
962	-1
963	-2
964	0
965	0
966	-1
967	-1
968	-2
969	-1
970	-2
971	0
972	-1
973	0
974	0
975	0
976	0
977	-1
978	0
979	-1
980	0
981	0
982	0
983	0
984	0
985	0
986	0
987	1
988	2
989	1
990	1
991	1
992	1
993	2
994	2
995	3
996	3
997	4
998	4
999	4
1000	4
1001	4
1002	3
1003	3
1004	3
1005	3
1006	4
1007	4
1008	2
1009	3
1010	3
1011	3
1012	3
1013	3
1014	3
1015	4
1016	3
1017	3
1018	2
1019	4
1020	2
1021	4
1022	2
1023	3
1024	2
1025	2
1026	3
1027	3
1028	3
1029	2
1030	2
1031	2
1032	1
1033	2
1034	1
1035	0
1036	1
1037	0
1038	1
1039	0
1040	1
1041	0
1042	0
1043	0
1044	0
1045	0
1046	0
1047	0
1048	0
1049	0
1050	0
1051	-1
1052	0
1053	-1
1054	-1
1055	0
1056	0
1057	-2
1058	-1
1059	-1
1060	-1
1061	-2
1062	-1
1063	-2
1064	-1
1065	-2
1066	-1
1067	-1
1068	-1
1069	-1
1070	-1
1071	0
1072	-1
1073	0
1074	-2
1075	0
1076	-2
1077	0
1078	-2
1079	-2
1080	-2
1081	-2
1082	-3
1083	-1
1084	-3
1085	-3
1086	-3
1087	-2
1088	-3
1089	-2
1090	-3
1091	-2
1092	-4
1093	-2
1094	-2
1095	-3
1096	-2
1097	-2
1098	-3
1099	-3
1100	-3
1101	-2
1102	-2
1103	-2
1104	-3
1105	-2
1106	-2
1107	-3
1108	-1
1109	-3
1110	-1
1111	-1
1112	-2
1113	-1
1114	-2
1115	-1
1116	-2
1117	-2
1118	-1
1119	-1
1120	-1
1121	-1
1122	-1
1123	-1
1124	-1
1125	-1
1126	-1
1127	0
1128	-1
1129	-1
1130	-1
1131	-1
1132	-1
1133	-1
1134	-1
1135	-1
1136	-1
1137	-2
1138	-4
1139	-2
1140	-2
1141	-2
1142	-2
1143	-2
1144	-2
1145	-3
1146	-2
1147	-2
1148	-2
1149	-1
1150	-1
1151	-2
1152	-2
1153	-1
1154	-2
1155	-2
1156	-1
1157	0
1158	-1
1159	-1
1160	-1
1161	-1
1162	-2
1163	-1
1164	-1
1165	-1
1166	0
1167	-1
1168	0
1169	-1
1170	-1
1171	-1
1172	-1
1173	-1
1174	-1
1175	-1
1176	-1
1177	-3
1178	-2
1179	-2
1180	-2
1181	-1
1182	-1
1183	-2
1184	-2
1185	-2
1186	-2
1187	-2
1188	-2
1189	-1
1190	-3
1191	-2
1192	-3
1193	-3
1194	-3
1195	-2
1196	-3
1197	-2
1198	-2
1199	-2
1200	-1
1201	-1
1202	-1
1203	-1
1204	-1
1205	-1
1206	-1
1207	-1
1208	0
1209	-1
1210	0
1211	0
1212	0
1213	0
1214	0
1215	0
1216	0
1217	0
1218	0
1219	0
1220	0
1221	0
1222	0
1223	0
1224	0
1225	0
1226	0
1227	0
1228	0
1229	0
1230	0
1231	0
1232	0
1233	0
1234	0
1235	0
1236	-1
1237	0
1238	-1
1239	0
1240	0
1241	0
1242	-1
1243	-1
1244	-2
1245	-1
1246	-1
1247	-2
1248	0
1249	-1
1250	-1
1251	-1
1252	0
1253	-1
1254	-1
1255	-1
1256	0
1257	-1
1258	0
1259	0
1260	0
1261	0
1262	-1
1263	0
1264	-1
1265	0
1266	0
1267	0
1268	-1
1269	-1
1270	-1
1271	-1
1272	-1
1273	0
1274	0
1275	0
1276	0
1277	0
1278	-1
1279	0
1280	-1
1281	0
1282	-1
1283	-1
1284	-1
1285	-1
1286	-2
1287	-2
1288	-2
1289	-1
1290	-3
1291	-2
1292	-4
1293	-3
1294	-3
1295	-2
1296	-3
1297	-3
1298	-4
1299	-3
1300	-4
1301	-4
1302	-3
1303	-3
1304	-4
1305	-4
1306	-4
1307	-2
1308	-3
1309	-2
1310	-2
1311	-1
1312	-1
1313	0
1314	-1
1315	0
1316	-1
1317	0
1318	0
1319	0
1320	0
1321	0
1322	0
1323	0
1324	0
1325	1
1326	1
1327	0
1328	0
1329	0
1330	0
1331	0
1332	1
1333	1
1334	0
1335	1
1336	0
1337	1
1338	1
1339	1
1340	0
1341	0
1342	0
1343	0
1344	0
1345	0
1346	-1
1347	0
1348	-1
1349	-1
1350	-1
1351	-1
1352	-1
1353	-2
1354	-1
1355	-2
1356	-1
1357	-1
1358	-4
1359	-1
1360	-4
1361	-1
1362	-2
1363	-2
1364	-2
1365	-2
1366	-1
1367	-1
1368	-2
1369	-1
1370	-1
1371	-1
1372	-1
1373	-1
1374	-1
1375	-1
1376	0
1377	0
1378	-1
1379	0
1380	0
1381	0
1382	0
1383	0
1384	0
1385	0
1386	0
1387	0
1388	-1
1389	0
1390	-1
1391	0
1392	0
1393	-1
1394	-1
1395	-1
1396	-2
1397	-1
1398	-3
1399	-3
1400	-3
1401	-3
1402	-3
1403	-1
1404	-3
1405	-1
1406	-3
1407	-2
1408	-3
1409	-2
1410	-3
1411	-2
1412	-3
1413	0
1414	-2
1415	-2
1416	-2
1417	-1
1418	0
1419	-1
1420	-1
1421	-1
1422	-1
1423	0
1424	0
1425	0
1426	0
1427	0
1428	0
1429	0
1430	0
1431	0
1432	0
1433	0
1434	-1
1435	0
1436	0
1437	0
1438	0
1439	0
1440	0
1441	-1
1442	0
1443	-1
1444	0
1445	-1
1446	0
1447	0
1448	-1
1449	0
1450	0
1451	0
1452	-1
1453	0
1454	-1
1455	0
1456	0
1457	0
1458	-1
1459	0
1460	0
1461	-1
1462	0
1463	0
1464	0
1465	0
1466	-1
1467	-1
1468	0
1469	-1
1470	0
1471	0
1472	0
1473	-1
1474	-1
1475	0
1476	0
1477	-1
1478	-1
1479	0
1480	-1
1481	-1
1482	-1
1483	-2
1484	-1
1485	0
1486	0
1487	-2
1488	0
1489	0
1490	-1
1491	-1
1492	-2
1493	-1
1494	-2
1495	-1
1496	-2
1497	-1
1498	-2
1499	-1
1500	-2
1501	-1
1502	-2
1503	-1
1504	-1
1505	0
1506	-2
1507	-1
1508	-1
1509	-1
1510	-2
1511	0
1512	0
1513	0
1514	0
1515	0
1516	0
1517	-1
1518	-1
1519	0
1520	0
1521	0
1522	0
1523	0
1524	0
1525	0
1526	0
1527	0
1528	0
1529	0
1530	-1
1531	0
1532	-2
1533	0
1534	0
1535	0
1536	0
1537	0
1538	-1
1539	0
1540	0
1541	0
1542	0
1543	0
1544	0
1545	0
1546	0
1547	0
1548	0
1549	0
1550	0
1551	0
1552	0
1553	0
1554	0
1555	0
1556	0
1557	0
1558	0
1559	0
1560	0
1561	0
1562	-1
1563	0
1564	0
1565	-2
1566	-1
1567	0
1568	0
1569	0
1570	0
1571	0
1572	0
1573	0
1574	0
1575	0
1576	-1
1577	0
1578	0
1579	0
1580	-1
1581	0
1582	0
1583	0
1584	0
1585	0
1586	0
1587	0
1588	-1
1589	0
1590	0
1591	0
1592	0
1593	-1
1594	0
1595	0
1596	0
1597	0
1598	0
1599	0
1600	0
1601	0
1602	-1
1603	0
1604	0
1605	0
1606	0
1607	-1
1608	0
1609	0
1610	-1
1611	-1
1612	-1
1613	0
1614	0
1615	-1
1616	-1
1617	-2
1618	-1
1619	-1
1620	-1
1621	-2
1622	-2
1623	-1
1624	-1
1625	0
1626	-1
1627	-1
1628	-1
1629	-1
1630	0
1631	-1
1632	0
1633	0
1634	0
1635	0
1636	0
1637	0
1638	-1
1639	0
1640	0
1641	-1
1642	0
1643	-1
1644	0
1645	-1
1646	0
1647	0
1648	-1
1649	0
1650	0
1651	0
1652	-1
1653	0
1654	0
1655	0
1656	0
1657	0
1658	-1
1659	0
1660	0
1661	0
1662	-1
1663	-1
1664	-1
1665	0
1666	-1
1667	0
1668	-2
1669	0
1670	-2
1671	-1
1672	0
1673	-2
1674	0
1675	0
1676	0
1677	0
1678	0
1679	0
1680	0
1681	0
1682	0
1683	0
1684	0
1685	0
1686	0
1687	0
1688	0
1689	0
1690	0
1691	0
1692	0
1693	-1
1694	0
1695	-1
1696	-2
1697	-1
1698	-1
1699	-1
1700	-1
1701	0
1702	-2
1703	-1
1704	0
1705	-1
1706	-1
1707	-1
1708	-1
1709	0
1710	-1
1711	-1
1712	-2
1713	-1
1714	-1
1715	-1
1716	-1
1717	-1
1718	-1
1719	0
1720	0
1721	-1
1722	0
1723	0
1724	0
1725	-1
1726	0
1727	0
1728	0
1729	-1
1730	0
1731	0
1732	0
1733	0
1734	0
1735	0
1736	0
1737	0
1738	0
1739	1
1740	0
1741	1
1742	0
1743	1
1744	2
1745	1
1746	0
1747	0
1748	0
1749	0
1750	1
1751	2
1752	2
1753	2
1754	2
1755	2
1756	2
1757	2
1758	2
1759	2
1760	1
1761	1
1762	1
1763	2
1764	2
1765	3
1766	2
1767	3
1768	2
1769	2
1770	2
1771	3
1772	3
1773	3
1774	3
1775	3
1776	2
1777	3
1778	3
1779	3
1780	3
1781	2
1782	4
1783	3
1784	2
1785	2
1786	2
1787	2
1788	2
1789	2
1790	3
1791	2
1792	2
1793	3
1794	1
1795	2
1796	1
1797	3
1798	2
1799	2
1800	3
1801	1
1802	1
1803	1
1804	2
1805	1
1806	2
1807	2
1808	2
1809	2
1810	1
1811	2
1812	1
1813	2
1814	1
1815	2
1816	0
1817	1
1818	0
1819	0
1820	0
1821	0
1822	0
1823	0
1824	0
1825	0
1826	0
1827	0
1828	0
1829	0
1830	0
1831	0
1832	0
1833	0
1834	0
1835	0
1836	0
1837	0
1838	0
1839	0
1840	0
1841	0
1842	0
1843	0
1844	0
1845	0
1846	0
1847	1
1848	1
1849	0
1850	1
1851	1
1852	0
1853	0
1854	1
1855	1
1856	1
1857	0
1858	2
1859	1
1860	1
1861	1
1862	1
1863	0
1864	1
1865	1
1866	1
1867	0
1868	1
1869	1
1870	0
1871	0
1872	0
1873	0
1874	0
1875	0
1876	0
1877	0
1878	0
1879	0
1880	0
1881	0
1882	0
1883	0
1884	0
1885	0
1886	0
1887	0
1888	0
1889	0
1890	0
1891	0
1892	0
1893	0
1894	1
1895	0
1896	0
1897	0
1898	0
1899	0
1900	0
1901	0
1902	0
1903	0
1904	0
1905	0
1906	0
1907	0
1908	0
1909	-1
1910	-1
1911	-1
1912	-2
1913	-1
1914	-1
1915	-1
1916	-1
1917	-2
1918	-1
1919	0
1920	-1
1921	-1
1922	-1
1923	-2
1924	-1
1925	-1
1926	0
1927	-1
1928	-2
1929	-2
1930	-2
1931	-2
1932	-2
1933	-3
1934	-3
1935	-3
1936	-2
1937	-3
1938	-1
1939	-2
1940	-2
1941	-1
1942	-2
1943	-2
1944	-2
1945	-1
1946	-2
1947	-2
1948	-2
1949	-1
1950	-2
1951	-1
1952	-1
1953	-2
1954	-1
1955	-2
1956	-1
1957	-1
1958	-1
1959	-1
1960	-1
1961	-1
1962	-1
1963	-1
1964	0
1965	-1
1966	-1
1967	-1
1968	-1
1969	-1
1970	-1
1971	-1
1972	0
1973	0
1974	0
1975	-1
1976	0
1977	-1
1978	0
1979	0
1980	0
1981	0
1982	0
1983	0
1984	0
1985	0
1986	0
1987	0
1988	0
1989	0
1990	1
1991	0
1992	0
1993	0
1994	0
1995	0
1996	2
1997	1
1998	2
1999	2
