0	0
1	0
2	0
3	1
4	0
5	0
6	0
7	0
8	0
9	0
10	0
11	0
12	0
13	0
14	0
15	0
16	0
17	0
18	0
19	0
20	0
21	0
22	0
23	0
24	0
25	0
26	0
27	0
28	0
29	0
30	-1
31	0
32	0
33	0
34	0
35	0
36	0
37	0
38	0
39	0
40	0
41	0
42	0
43	0
44	0
45	0
46	0
47	0
48	0
49	0
50	0
51	0
52	0
53	0
54	0
55	0
56	0
57	0
58	0
59	0
60	0
61	0
62	0
63	0
64	0
65	0
66	0
67	0
68	0
69	0
70	0
71	0
72	0
73	0
74	0
75	0
76	0
77	0
78	0
79	0
80	1
81	1
82	1
83	0
84	0
85	0
86	0
87	0
88	0
89	0
90	0
91	1
92	0
93	0
94	0
95	0
96	0
97	0
98	0
99	0
100	0
101	0
102	1
103	0
104	0
105	0
106	0
107	0
108	0
109	0
110	0
111	0
112	0
113	1
114	0
115	0
116	0
117	0
118	0
119	0
120	0
121	0
122	0
123	0
124	0
125	0
126	0
127	0
128	0
129	0
130	0
131	0
132	0
133	0
134	0
135	0
136	0
137	0
138	0
139	0
140	0
141	0
142	-1
143	-1
144	0
145	0
146	0
147	0
148	0
149	0
150	0
151	0
152	0
153	-1
154	0
155	0
156	-1
157	0
158	0
159	0
160	0
161	0
162	0
163	0
164	0
165	0
166	0
167	0
168	0
169	0
170	0
171	0
172	0
173	0
174	1
175	0
176	0
177	0
178	0
179	1
180	0
181	1
182	0
183	0
184	0
185	0
186	0
187	0
188	0
189	0
190	-1
191	0
192	-1
193	0
194	-1
195	0
196	-1
197	0
198	-1
199	0
200	-1
201	0
202	0
203	0
204	0
205	0
206	0
207	0
208	0
209	0
210	0
211	0
212	0
213	0
214	0
215	0
216	0
217	0
218	0
219	0
220	1
221	0
222	0
223	1
224	0
225	0
226	0
227	1
228	0
229	1
230	0
231	0
232	0
233	1
234	0
235	0
236	0
237	0
238	0
239	0
240	0
241	0
242	0
243	0
244	0
245	0
246	0
247	0
248	0
249	0
250	0
251	0
252	-1
253	0
254	-1
255	0
256	0
257	0
258	0
259	0
260	0
261	0
262	0
263	0
264	0
265	0
266	0
267	0
268	0
269	0
270	-1
271	0
272	0
273	0
274	-1
275	0
276	0
277	0
278	0
279	0
280	0
281	0
282	0
283	0
284	-1
285	0
286	-1
287	0
288	0
289	0
290	-2
291	0
292	-1
293	0
294	0
295	0
296	0
297	0
298	0
299	0
300	0
301	1
302	0
303	0
304	0
305	1
306	0
307	0
308	0
309	0
310	0
311	0
312	0
313	0
314	0
315	0
316	0
317	0
318	0
319	1
320	0
321	0
322	0
323	0
324	0
325	0
326	0
327	0
328	0
329	0
330	0
331	0
332	-1
333	0
334	0
335	0
336	-1
337	0
338	0
339	0
340	0
341	0
342	0
343	0
344	0
345	0
346	0
347	0
348	0
349	0
350	0
351	0
352	0
353	0
354	0
355	0
356	0
357	0
358	0
359	0
360	0
361	0
362	0
363	0
364	0
365	0
366	0
367	0
368	0
369	0
370	0
371	0
372	0
373	0
374	0
375	0
376	-1
377	0
378	-2
379	0
380	-1
381	0
382	0
383	0
384	0
385	0
386	0
387	0
388	0
389	0
390	0
391	0
392	0
393	0
394	0
395	0
396	0
397	1
398	0
399	1
400	0
401	0
402	0
403	0
404	0
405	0
406	0
407	0
408	0
409	0
410	0
411	0
412	0
413	0
414	0
415	0
416	0
417	0
418	1
419	0
420	0
421	0
422	0
423	0
424	0
425	0
426	0
427	0
428	0
429	2
430	0
431	0
432	0
433	1
434	1
435	1
436	2
437	3
438	3
439	4
440	6
441	8
442	10
443	13
444	17
445	19
446	20
447	27
448	28
449	33
450	36
451	43
452	45
453	50
454	54
455	58
456	62
457	68
458	70
459	75
460	79
461	85
462	85
463	91
464	95
465	98
466	101
467	104
468	107
469	110
470	111
471	115
472	114
473	118
474	117
475	118
476	119
477	119
478	118
479	119
480	118
481	119
482	116
483	115
484	112
485	112
486	108
487	106
488	102
489	103
490	98
491	96
492	92
493	91
494	87
495	84
496	79
497	78
498	77
499	78
500	62
501	66
502	62
503	60
504	56
505	53
506	49
507	48
508	43
509	40
510	36
511	36
512	33
513	30
514	27
515	25
516	22
517	21
518	17
519	17
520	14
521	11
522	9
523	8
524	6
525	3
526	3
527	1
528	-1
529	-2
530	-3
531	-5
532	-6
533	-8
534	-9
535	-10
536	-10
537	-10
538	-12
539	-12
540	-13
541	-13
542	-15
543	-14
544	-16
545	-15
546	-19
547	-18
548	-18
549	-18
550	-20
551	-21
552	-21
553	-21
554	-23
555	-21
556	-22
557	-21
558	-22
559	-22
560	-22
561	-22
562	-22
563	-21
564	-22
565	-20
566	-21
567	-21
568	-20
569	-19
570	-20
571	-20
572	-20
573	-21
574	-19
575	-19
576	-19
577	-19
578	-18
579	-18
580	-18
581	-17
582	-16
583	-17
584	-16
585	-16
586	-16
587	-15
588	-16
589	-15
590	-16
591	-14
592	-16
593	-14
594	-14
595	-14
596	-14
597	-14
598	-14
599	-14
600	-14
601	-12
602	-14
603	-12
604	-13
605	-11
606	-11
607	-10
608	-10
609	-10
610	-11
611	-10
612	-11
613	-10
614	-10
615	-10
616	-8
617	-8
618	-9
619	-7
620	-8
621	-6
622	-8
623	-7
624	-6
625	-5
626	-6
627	-5
628	-6
629	-5
630	-6
631	-5
632	-4
633	-4
634	-4
635	-4
636	-3
637	-4
638	-3
639	-3
640	-4
641	-2
642	-4
643	-2
644	-4
645	-2
646	-4
647	-2
648	-3
649	-2
650	-3
651	-1
652	-1
653	-1
654	-1
655	-1
656	-1
657	-1
658	-1
659	-1
660	-2
661	-1
662	-1
663	0
664	-2
665	-2
666	-1
667	-1
668	-1
669	-1
670	-1
671	-1
672	-2
673	-2
674	-1
675	0
676	0
677	-1
678	-1
679	-1
680	-1
681	0
682	0
683	0
684	0
685	0
686	0
687	0
688	0
689	0
690	0
691	0
692	0
693	0
694	0
695	0
696	0
697	0
698	0
699	0
700	0
701	0
702	-1
703	0
704	-1
705	0
706	-1
707	0
708	0
709	0
710	-1
711	-1
712	-1
713	-1
714	0
715	0
716	0
717	0
718	0
719	0
720	-1
721	0
722	0
723	0
724	-1
725	0
726	-1
727	0
728	0
729	0
730	0
731	0
732	0
733	0
734	0
735	0
736	0
737	0
738	0
739	0
740	0
741	0
742	0
743	0
744	0
745	0
746	0
747	0
748	0
749	0
750	-1
751	0
752	0
753	0
754	0
755	0
756	0
757	-1
758	-1
759	-2
760	-1
761	-2
762	-2
763	-1
764	-3
765	-1
766	-2
767	-1
768	-1
769	-2
770	-2
771	-2
772	-2
773	-1
774	-1
775	-3
776	-1
777	-2
778	-1
779	-1
780	-1
781	-1
782	-1
783	-1
784	0
785	0
786	-2
787	0
788	-1
789	-1
790	-1
791	-1
792	-1
793	0
794	0
795	0
796	0
797	0
798	0
799	0
800	-2
801	0
802	-1
803	-1
804	-1
805	-1
806	0
807	-1
808	0
809	0
810	-3
811	-1
812	-2
813	-1
814	-2
815	0
816	-2
817	0
818	-3
819	-1
820	-1
821	-2
822	-2
823	-2
824	-2
825	-1
826	-3
827	-1
828	-2
829	0
830	-2
831	0
832	-3
833	-1
834	-2
835	0
836	-1
837	0
838	-1
839	0
840	0
841	-1
842	0
843	0
844	0
845	0
846	0
847	0
848	0
849	0
850	0
851	0
852	0
853	0
854	0
855	0
856	0
857	0
858	0
859	0
860	0
861	0
862	-1
863	0
864	0
865	0
866	-2
867	-2
868	-1
869	-2
870	-1
871	-2
872	-2
873	-2
874	-2
875	-2
876	-3
877	-2
878	-2
879	-3
880	-3
881	-3
882	-2
883	-2
884	-1
885	-1
886	-2
887	-1
888	-2
889	-2
890	-1
891	-2
892	0
893	0
894	-1
895	0
896	-1
897	0
898	-1
899	-1
900	0
901	0
902	-2
903	-1
904	-1
905	-1
906	-1
907	0
908	-1
909	-1
910	-1
911	-1
912	0
913	-2
914	-1
915	-1
916	-2
917	-2
918	-1
919	-2
920	-2
921	0
922	-2
923	-1
924	-2
925	-2
926	-1
927	-3
928	-2
929	-1
930	-1
931	-2
932	-2
933	-2
934	-2
935	-1
936	-3
937	-3
938	-3
939	0
940	-2
941	-1
942	-1
943	-2
944	-2
945	-1
946	-2
947	0
948	-1
949	0
950	-1
951	0
952	-1
953	-1
954	-2
955	0
956	-1
957	0
958	0
959	0
960	0
961	0
962	0
963	0
964	0
965	0
966	0
967	0
968	-1
969	0
970	-3
971	0
972	-3
973	-1
974	-2
975	-1
976	-2
977	0
978	-1
979	0
980	-2
981	-2
982	-1
983	-2
984	-1
985	-1
986	-2
987	-2
988	-2
989	-1
990	-2
991	0
992	-1
993	0
994	-1
995	-1
996	-2
997	0
998	0
999	0
1000	0
1001	0
1002	-1
1003	0
1004	-1
1005	0
1006	-1
1007	0
1008	0
1009	-1
1010	-1
1011	0
1012	-1
1013	-1
1014	-2
1015	-1
1016	-1
1017	-1
1018	-1
1019	-1
1020	0
1021	0
1022	-1
1023	-1
1024	-1
1025	-1
1026	-1
1027	-1
1028	-1
1029	-1
1030	-2
1031	-1
1032	-2
1033	-1
1034	-1
1035	-1
1036	-2
1037	-1
1038	-2
1039	-2
1040	-2
1041	-1
1042	-1
1043	-1
1044	0
1045	-1
1046	-1
1047	-1
1048	-1
1049	-1
1050	-1
1051	-1
1052	-1
1053	-1
1054	0
1055	-2
1056	-1
1057	-1
1058	-2
1059	-1
1060	-2
1061	-1
1062	-2
1063	-1
1064	-1
1065	0
1066	-2
1067	0
1068	-1
1069	0
1070	-2
1071	0
1072	-2
1073	0
1074	-1
1075	0
1076	0
1077	0
1078	-1
1079	0
1080	0
1081	0
1082	0
1083	0
1084	0
1085	0
1086	0
1087	0
1088	0
1089	0
1090	0
1091	0
1092	0
1093	0
1094	0
1095	0
1096	0
1097	0
1098	0
1099	0
1100	-1
1101	0
1102	-1
1103	0
1104	-1
1105	0
1106	-1
1107	-1
1108	-2
1109	-1
1110	-1
1111	0
1112	-1
1113	-1
1114	-1
1115	-2
1116	-4
1117	-2
1118	-4
1119	-2
1120	-2
1121	-1
1122	-3
1123	-2
1124	-3
1125	-2
1126	-2
1127	-3
1128	-2
1129	-2
1130	-3
1131	-2
1132	0
1133	-2
1134	-1
1135	-1
1136	-1
1137	-2
1138	-1
1139	-1
1140	0
1141	-1
1142	0
1143	-1
1144	-1
1145	0
1146	-1
1147	-1
1148	0
1149	-1
1150	-1
1151	-1
1152	-1
1153	-1
1154	-3
1155	-1
1156	-2
1157	-1
1158	-1
1159	-1
1160	-2
1161	-1
1162	-1
1163	-2
1164	-2
1165	-1
1166	-2
1167	-2
1168	-2
1169	-2
1170	-1
1171	-1
1172	-2
1173	0
1174	-2
1175	0
1176	-3
1177	0
1178	-2
1179	0
1180	-1
1181	0
1182	-2
1183	-2
1184	-1
1185	0
1186	0
1187	0
1188	-2
1189	0
1190	-2
1191	0
1192	0
1193	0
1194	0
1195	0
1196	0
1197	0
1198	0
1199	0
1200	-2
1201	0
1202	0
1203	0
1204	0
1205	0
1206	0
1207	0
1208	0
1209	0
1210	-1
1211	0
1212	-1
1213	0
1214	-1
1215	-1
1216	0
1217	-1
1218	-1
1219	0
1220	-1
1221	-2
1222	-2
1223	-1
1224	-2
1225	-1
1226	-2
1227	-1
1228	-3
1229	-2
1230	-3
1231	-2
1232	-3
1233	-3
1234	-3
1235	-2
1236	-4
1237	-2
1238	-3
1239	-2
1240	-4
1241	-3
1242	-3
1243	-3
1244	-2
1245	-3
1246	-2
1247	-2
1248	-2
1249	-1
1250	-1
1251	-1
1252	-1
1253	-1
1254	-1
1255	-1
1256	-2
1257	-1
1258	-2
1259	-1
1260	-1
1261	-2
1262	-1
1263	0
1264	0
1265	0
1266	-1
1267	0
1268	-1
1269	0
1270	0
1271	-1
1272	-1
1273	0
1274	-1
1275	-1
1276	-1
1277	0
1278	0
1279	-1
1280	0
1281	0
1282	0
1283	-1
1284	0
1285	0
1286	-1
1287	0
1288	-1
1289	0
1290	0
1291	0
1292	0
1293	0
1294	0
1295	0
1296	0
1297	0
1298	0
1299	-1
1300	0
1301	0
1302	0
1303	0
1304	0
1305	-1
1306	-1
1307	0
1308	-1
1309	0
1310	0
1311	0
1312	0
1313	0
1314	-1
1315	0
1316	-1
1317	0
1318	-1
1319	0
1320	0
1321	-1
1322	-1
1323	-1
1324	-1
1325	-1
1326	-3
1327	-1
1328	-2
1329	-1
1330	-1
1331	-2
1332	-1
1333	-3
1334	-2
1335	-1
1336	-1
1337	-1
1338	-1
1339	-1
1340	-1
1341	0
1342	-1
1343	-2
1344	-2
1345	-2
1346	0
1347	0
1348	-1
1349	-1
1350	-2
1351	-1
1352	-1
1353	-2
1354	-1
1355	-2
1356	-2
1357	-1
1358	-1
1359	-1
1360	-1
1361	-1
1362	-1
1363	-1
1364	-1
1365	0
1366	-1
1367	-1
1368	-1
1369	0
1370	0
1371	0
1372	-1
1373	-1
1374	-1
1375	-1
1376	-2
1377	-1
1378	-1
1379	-2
1380	-2
1381	-1
1382	-1
1383	-1
1384	0
1385	-1
1386	-1
1387	-1
1388	0
1389	-1
1390	0
1391	-1
1392	0
1393	0
1394	0
1395	0
1396	0
1397	0
1398	0
1399	0
1400	0
1401	0
1402	0
1403	2
1404	0
1405	1
1406	1
1407	1
1408	1
1409	1
1410	1
1411	1
1412	2
1413	1
1414	0
1415	0
1416	1
1417	1
1418	0
1419	1
1420	2
1421	0
1422	1
1423	0
1424	0
1425	1
1426	0
1427	0
1428	1
1429	0
1430	1
1431	1
1432	1
1433	0
1434	0
1435	0
1436	0
1437	1
1438	0
1439	0
1440	0
1441	0
1442	0
1443	0
1444	0
1445	0
1446	-1
1447	0
1448	0
1449	0
1450	0
1451	-1
1452	0
1453	0
1454	0
1455	0
1456	-1
1457	0
1458	-1
1459	-2
1460	-2
1461	-2
1462	-1
1463	-1
1464	-2
1465	-3
1466	-1
1467	-2
1468	-3
1469	-2
1470	-3
1471	-2
1472	-4
1473	-2
1474	-2
1475	-1
1476	-2
1477	-1
1478	-1
1479	-1
1480	-2
1481	-1
1482	-4
1483	-2
1484	-1
1485	-2
1486	-1
1487	-1
1488	-1
1489	-1
1490	-1
1491	-2
1492	-1
1493	-1
1494	-1
1495	-1
1496	-2
1497	-1
1498	-1
1499	0
1500	-1
1501	0
1502	0
1503	-1
1504	0
1505	0
1506	0
1507	0
1508	0
1509	0
1510	0
1511	0
1512	0
1513	0
1514	0
1515	0
1516	0
1517	0
1518	0
1519	0
1520	-1
1521	-1
1522	-1
1523	0
1524	0
1525	0
1526	0
1527	0
1528	0
1529	0
1530	-2
1531	-1
1532	-2
1533	0
1534	-1
1535	-1
1536	-1
1537	-1
1538	-1
1539	-2
1540	-1
1541	-1
1542	-1
1543	-2
1544	-1
1545	-1
1546	-1
1547	0
1548	-2
1549	0
1550	-1
1551	0
1552	-1
1553	-1
1554	-1
1555	-1
1556	-1
1557	0
1558	-2
1559	0
1560	0
1561	-1
1562	-1
1563	0
1564	-1
1565	-1
1566	0
1567	-1
1568	-1
1569	0
1570	-1
1571	0
1572	-1
1573	0
1574	-1
1575	0
1576	-2
1577	-1
1578	-1
1579	0
1580	-1
1581	0
1582	-1
1583	0
1584	-1
1585	0
1586	-1
1587	0
1588	0
1589	0
1590	0
1591	-1
1592	-1
1593	-1
1594	0
1595	0
1596	-1
1597	-1
1598	-2
1599	0
1600	-1
1601	-1
1602	-2
1603	0
1604	0
1605	0
1606	0
1607	-1
1608	0
1609	0
1610	0
1611	-1
1612	0
1613	0
1614	0
1615	0
1616	-1
1617	0
1618	-1
1619	-1
1620	-1
1621	-1
1622	-1
1623	-1
1624	-1
1625	-1
1626	0
1627	0
1628	-1
1629	0
1630	0
1631	0
1632	0
1633	0
1634	0
1635	0
1636	-1
1637	-1
1638	-1
1639	0
1640	0
1641	0
1642	-1
1643	-2
1644	0
1645	0
1646	0
1647	-1
1648	-1
1649	-1
1650	-1
1651	0
1652	-1
1653	-1
1654	-1
1655	0
1656	-2
1657	0
1658	-1
1659	-2
1660	-1
1661	0
1662	0
1663	-1
1664	-1
1665	-1
1666	-1
1667	0
1668	-2
1669	-1
1670	-1
1671	-1
1672	-1
1673	0
1674	-2
1675	0
1676	-1
1677	-1
1678	-1
1679	0
1680	0
1681	-1
1682	0
1683	0
1684	-1
1685	0
1686	-1
1687	0
1688	0
1689	0
1690	-1
1691	0
1692	-1
1693	0
1694	-1
1695	0
1696	-1
1697	0
1698	0
1699	0
1700	-1
1701	-1
1702	0
1703	-1
1704	0
1705	0
1706	0
1707	0
1708	0
1709	0
1710	-1
1711	0
1712	-1
1713	0
1714	0
1715	0
1716	-1
1717	-1
1718	-1
1719	0
1720	0
1721	0
1722	-1
1723	0
1724	-1
1725	-2
1726	-2
1727	-1
1728	-2
1729	-1
1730	-1
1731	0
1732	-1
1733	0
1734	-1
1735	-1
1736	0
1737	-1
1738	-1
1739	0
1740	-1
1741	-1
1742	-1
1743	0
1744	-1
1745	-1
1746	-2
1747	0
1748	0
1749	0
1750	0
1751	0
1752	0
1753	0
1754	0
1755	0
1756	0
1757	0
1758	0
1759	0
1760	0
1761	0
1762	-1
1763	0
1764	0
1765	0
1766	0
1767	0
1768	0
1769	0
1770	0
1771	0
1772	0
1773	0
1774	0
1775	0
1776	0
1777	0
1778	-1
1779	0
1780	-1
1781	0
1782	-1
1783	0
1784	-1
1785	0
1786	-1
1787	0
1788	-1
1789	0
1790	0
1791	0
1792	0
1793	0
1794	-1
1795	-1
1796	0
1797	0
1798	0
1799	-1
1800	0
1801	-1
1802	0
1803	-1
1804	0
1805	-1
1806	-1
1807	0
1808	-2
1809	0
1810	-1
1811	0
1812	-1
1813	0
1814	0
1815	-1
1816	-1
1817	0
1818	-1
1819	-1
1820	-1
1821	0
1822	-1
1823	0
1824	-1
1825	-1
1826	-1
1827	0
1828	0
1829	0
1830	-1
1831	0
1832	-1
1833	0
1834	-1
1835	0
1836	0
1837	-1
1838	-1
1839	0
1840	0
1841	0
1842	0
1843	0
1844	0
1845	0
1846	0
1847	0
1848	0
1849	0
1850	0
1851	0
1852	0
1853	0
1854	0
1855	0
1856	0
1857	0
1858	-1
1859	0
1860	-1
1861	0
1862	-1
1863	0
1864	-2
1865	0
1866	-2
1867	0
1868	-2
1869	-1
1870	-2
1871	-1
1872	-3
1873	-1
1874	-2
1875	-1
1876	-1
1877	0
1878	-1
1879	0
1880	-1
1881	0
1882	0
1883	-1
1884	0
1885	0
1886	0
1887	0
1888	0
1889	0
1890	0
1891	0
1892	0
1893	0
1894	-1
1895	0
1896	-1
1897	0
1898	0
1899	0
1900	0
1901	0
1902	0
1903	0
1904	0
1905	0
1906	-1
1907	-1
1908	-1
1909	0
1910	0
1911	0
1912	-1
1913	-1
1914	-1
1915	0
1916	-1
1917	0
1918	-1
1919	-2
1920	-2
1921	0
1922	-1
1923	-1
1924	0
1925	-1
1926	-1
1927	0
1928	0
1929	-1
1930	-2
1931	0
1932	-1
1933	0
1934	0
1935	0
1936	-1
1937	0
1938	-2
1939	0
1940	0
1941	0
1942	0
1943	0
1944	0
1945	0
1946	0
1947	-1
1948	0
1949	0
1950	0
1951	0
1952	0
1953	0
1954	0
1955	0
1956	0
1957	0
1958	0
1959	0
1960	0
1961	1
1962	0
1963	0
1964	0
1965	0
1966	0
1967	0
1968	0
1969	0
1970	0
1971	0
1972	0
1973	0
1974	0
1975	0
1976	0
1977	-1
1978	0
1979	0
1980	-1
1981	0
1982	-2
1983	0
1984	-2
1985	-2
1986	-2
1987	-1
1988	-2
1989	-2
1990	-2
1991	-2
1992	-2
1993	-1
1994	-2
1995	0
1996	-2
1997	-1
1998	-1
1999	-1
