0	0
1	0
2	0
3	0
4	0
5	0
6	0
7	0
8	0
9	0
10	0
11	0
12	0
13	0
14	0
15	0
16	0
17	0
18	0
19	1
20	0
21	1
22	0
23	0
24	0
25	1
26	0
27	0
28	0
29	1
30	0
31	0
32	0
33	1
34	0
35	1
36	1
37	1
38	0
39	1
40	0
41	0
42	0
43	0
44	0
45	0
46	0
47	0
48	0
49	-1
50	0
51	0
52	0
53	0
54	0
55	0
56	0
57	0
58	0
59	0
60	0
61	0
62	0
63	1
64	0
65	3
66	1
67	1
68	1
69	2
70	1
71	2
72	1
73	2
74	2
75	1
76	0
77	2
78	0
79	1
80	0
81	1
82	0
83	0
84	0
85	0
86	0
87	0
88	0
89	0
90	0
91	0
92	0
93	0
94	-1
95	0
96	0
97	0
98	-1
99	0
100	0
101	0
102	0
103	0
104	0
105	0
106	0
107	0
108	0
109	0
110	0
111	1
112	0
113	1
114	1
115	1
116	1
117	1
118	0
119	0
120	0
121	1
122	1
123	3
124	1
125	2
126	0
127	0
128	0
129	0
130	0
131	0
132	0
133	1
134	0
135	1
136	0
137	1
138	0
139	0
140	0
141	0
142	0
143	0
144	0
145	0
146	0
147	0
148	0
149	0
150	0
151	0
152	0
153	0
154	-1
155	0
156	0
157	1
158	0
159	0
160	0
161	1
162	0
163	1
164	0
165	0
166	0
167	0
168	0
169	0
170	0
171	0
172	0
173	0
174	0
175	0
176	0
177	0
178	0
179	0
180	0
181	0
182	0
183	0
184	0
185	0
186	0
187	0
188	0
189	0
190	0
191	0
192	0
193	1
194	0
195	1
196	1
197	1
198	1
199	1
200	1
201	1
202	0
203	1
204	1
205	0
206	1
207	1
208	0
209	0
210	1
211	0
212	0
213	0
214	1
215	0
216	0
217	0
218	0
219	1
220	0
221	0
222	0
223	0
224	0
225	0
226	0
227	0
228	0
229	0
230	0
231	0
232	0
233	0
234	0
235	0
236	1
237	1
238	0
239	0
240	0
241	2
242	0
243	0
244	1
245	2
246	0
247	0
248	0
249	1
250	1
251	1
252	0
253	0
254	0
255	1
256	0
257	0
258	0
259	1
260	0
261	0
262	0
263	0
264	0
265	0
266	0
267	0
268	0
269	1
270	0
271	0
272	0
273	1
274	0
275	1
276	0
277	0
278	0
279	1
280	0
281	1
282	0
283	0
284	0
285	0
286	0
287	1
288	0
289	1
290	0
291	0
292	0
293	1
294	0
295	0
296	0
297	0
298	0
299	0
300	0
301	0
302	0
303	0
304	0
305	1
306	0
307	0
308	0
309	0
310	0
311	1
312	0
313	1
314	0
315	0
316	0
317	0
318	0
319	1
320	0
321	1
322	1
323	1
324	2
325	0
326	0
327	0
328	0
329	0
330	0
331	1
332	0
333	1
334	1
335	1
336	0
337	1
338	1
339	2
340	0
341	0
342	0
343	2
344	0
345	1
346	0
347	1
348	0
349	0
350	0
351	0
352	0
353	1
354	0
355	0
356	0
357	0
358	0
359	0
360	0
361	0
362	0
363	0
364	0
365	0
366	0
367	0
368	0
369	0
370	0
371	0
372	0
373	0
374	0
375	0
376	0
377	0
378	0
379	0
380	0
381	0
382	0
383	0
384	0
385	0
386	0
387	0
388	0
389	0
390	1
391	1
392	0
393	0
394	0
395	1
396	0
397	0
398	0
399	0
400	1
401	0
402	0
403	0
404	0
405	0
406	0
407	0
408	0
409	0
410	0
411	0
412	0
413	0
414	0
415	0
416	0
417	1
418	0
419	1
420	0
421	0
422	0
423	1
424	1
425	2
426	1
427	2
428	2
429	3
430	4
431	4
432	5
433	7
434	8
435	11
436	12
437	16
438	17
439	22
440	23
441	28
442	32
443	34
444	39
445	44
446	47
447	50
448	55
449	59
450	64
451	69
452	72
453	76
454	79
455	85
456	88
457	92
458	95
459	100
460	103
461	106
462	108
463	112
464	114
465	117
466	118
467	120
468	120
469	121
470	123
471	124
472	124
473	126
474	126
475	125
476	123
477	122
478	121
479	121
480	118
481	119
482	115
483	114
484	112
485	112
486	107
487	107
488	103
489	101
490	99
491	95
492	92
493	89
494	87
495	83
496	78
497	77
498	77
499	78
500	62
501	65
502	63
503	60
504	57
505	54
506	50
507	50
508	47
509	42
510	39
511	38
512	34
513	34
514	32
515	27
516	24
517	23
518	21
519	19
520	17
521	16
522	11
523	12
524	9
525	8
526	7
527	5
528	2
529	0
530	-1
531	-2
532	-5
533	-4
534	-6
535	-7
536	-9
537	-9
538	-11
539	-12
540	-13
541	-13
542	-15
543	-16
544	-17
545	-17
546	-19
547	-20
548	-21
549	-21
550	-22
551	-23
552	-22
553	-23
554	-24
555	-24
556	-26
557	-25
558	-26
559	-26
560	-27
561	-26
562	-26
563	-26
564	-26
565	-28
566	-27
567	-27
568	-27
569	-27
570	-28
571	-27
572	-28
573	-27
574	-27
575	-27
576	-28
577	-27
578	-26
579	-26
580	-27
581	-27
582	-28
583	-27
584	-26
585	-27
586	-26
587	-26
588	-25
589	-24
590	-25
591	-23
592	-24
593	-23
594	-24
595	-22
596	-23
597	-21
598	-22
599	-22
600	-21
601	-21
602	-19
603	-19
604	-18
605	-18
606	-19
607	-19
608	-18
609	-17
610	-18
611	-17
612	-18
613	-17
614	-17
615	-17
616	-17
617	-16
618	-17
619	-16
620	-16
621	-16
622	-16
623	-16
624	-16
625	-16
626	-16
627	-15
628	-15
629	-15
630	-16
631	-15
632	-15
633	-15
634	-15
635	-14
636	-15
637	-14
638	-15
639	-14
640	-13
641	-12
642	-13
643	-12
644	-12
645	-10
646	-11
647	-11
648	-11
649	-9
650	-11
651	-9
652	-10
653	-8
654	-8
655	-7
656	-8
657	-7
658	-8
659	-6
660	-8
661	-7
662	-9
663	-7
664	-9
665	-6
666	-8
667	-6
668	-6
669	-6
670	-6
671	-8
672	-4
673	-6
674	-7
675	-5
676	-5
677	-5
678	-6
679	-6
680	-6
681	-4
682	-6
683	-4
684	-6
685	-5
686	-6
687	-5
688	-5
689	-4
690	-4
691	-4
692	-5
693	-3
694	-3
695	-3
696	-3
697	-2
698	-2
699	-2
700	-2
701	-2
702	-2
703	-3
704	-3
705	-2
706	-1
707	-2
708	-1
709	-2
710	0
711	-2
712	-2
713	-2
714	-1
715	-1
716	-2
717	-1
718	-1
719	-1
720	-1
721	-2
722	-1
723	-2
724	-1
725	-2
726	-2
727	-1
728	-3
729	0
730	-2
731	-1
732	-1
733	-1
734	-1
735	-1
736	-1
737	-1
738	-1
739	0
740	-2
741	-1
742	-1
743	-1
744	-1
745	0
746	-1
747	-2
748	0
749	-1
750	-1
751	-1
752	-2
753	-1
754	-1
755	-1
756	-1
757	0
758	0
759	0
760	0
761	0
762	0
763	0
764	0
765	0
766	0
767	0
768	-1
769	0
770	0
771	-1
772	-1
773	0
774	-1
775	0
776	-1
777	-1
778	-2
779	-1
780	0
781	-1
782	-1
783	-1
784	-2
785	-3
786	-2
787	-1
788	-3
789	-1
790	-2
791	0
792	-2
793	-1
794	-3
795	0
796	-2
797	-1
798	-3
799	-2
800	-2
801	-1
802	-2
803	0
804	-3
805	-1
806	-1
807	-1
808	-1
809	0
810	0
811	-2
812	0
813	0
814	0
815	0
816	-1
817	-1
818	-1
819	-1
820	0
821	0
822	0
823	0
824	-1
825	0
826	0
827	0
828	0
829	-1
830	0
831	0
832	-1
833	0
834	-1
835	0
836	0
837	0
838	0
839	0
840	0
841	0
842	0
843	0
844	0
845	0
846	-1
847	0
848	0
849	0
850	0
851	0
852	-1
853	-1
854	-1
855	-2
856	0
857	-1
858	0
859	0
860	-1
861	-1
862	0
863	0
864	0
865	-1
866	0
867	0
868	-1
869	0
870	0
871	0
872	0
873	0
874	0
875	0
876	-1
877	0
878	0
879	0
880	-1
881	0
882	0
883	0
884	-1
885	0
886	0
887	0
888	0
889	0
890	0
891	0
892	0
893	0
894	0
895	0
896	0
897	0
898	0
899	-1
900	0
901	0
902	-1
903	0
904	0
905	0
906	-1
907	0
908	-1
909	0
910	-1
911	0
912	-1
913	-1
914	-1
915	-1
916	-2
917	0
918	-1
919	0
920	-1
921	0
922	0
923	-1
924	-1
925	0
926	-1
927	-1
928	0
929	0
930	-1
931	0
932	-1
933	-1
934	0
935	0
936	0
937	0
938	-2
939	0
940	0
941	0
942	0
943	0
944	0
945	0
946	0
947	0
948	0
949	0
950	0
951	1
952	0
953	1
954	1
955	0
956	0
957	0
958	0
959	1
960	2
961	1
962	1
963	1
964	2
965	2
966	1
967	1
968	2
969	1
970	1
971	2
972	1
973	1
974	1
975	2
976	1
977	3
978	2
979	1
980	1
981	2
982	2
983	2
984	2
985	2
986	2
987	2
988	2
989	1
990	2
991	2
992	1
993	2
994	2
995	1
996	2
997	2
998	1
999	2
1000	1
1001	2
1002	2
1003	1
1004	2
1005	0
1006	2
1007	2
1008	1
1009	2
1010	1
1011	1
1012	1
1013	1
1014	0
1015	1
1016	0
1017	1
1018	0
1019	0
1020	0
1021	0
1022	0
1023	0
1024	0
1025	-1
1026	0
1027	-2
1028	-1
1029	-2
1030	-3
1031	-2
1032	-1
1033	-1
1034	-2
1035	-1
1036	-2
1037	-1
1038	-1
1039	-2
1040	-2
1041	-2
1042	-2
1043	-1
1044	-1
1045	-1
1046	-2
1047	-1
1048	-1
1049	-1
1050	-1
1051	-1
1052	-1
1053	-1
1054	-1
1055	-1
1056	-2
1057	-1
1058	-2
1059	0
1060	-1
1061	0
1062	-3
1063	0
1064	-2
1065	-1
1066	-2
1067	-2
1068	-1
1069	-2
1070	-2
1071	-1
1072	-1
1073	-1
1074	-1
1075	-1
1076	-1
1077	-1
1078	-1
1079	-1
1080	-1
1081	-1
1082	0
1083	0
1084	0
1085	0
1086	0
1087	0
1088	0
1089	0
1090	0
1091	0
1092	0
1093	0
1094	0
1095	0
1096	0
1097	1
1098	0
1099	0
1100	0
1101	1
1102	0
1103	0
1104	0
1105	0
1106	0
1107	0
1108	0
1109	0
1110	0
1111	0
1112	0
1113	0
1114	0
1115	0
1116	0
1117	0
1118	0
1119	0
1120	0
1121	-1
1122	0
1123	0
1124	0
1125	-1
1126	0
1127	0
1128	-1
1129	0
1130	0
1131	0
1132	0
1133	-1
1134	0
1135	-1
1136	0
1137	-1
1138	-1
1139	-1
1140	-1
1141	-1
1142	-1
1143	-1
1144	-1
1145	0
1146	-1
1147	0
1148	-3
1149	0
1150	-2
1151	0
1152	-1
1153	-1
1154	-1
1155	-2
1156	-1
1157	-1
1158	-1
1159	-1
1160	-2
1161	-1
1162	-2
1163	-1
1164	-2
1165	-2
1166	-2
1167	-1
1168	-1
1169	-2
1170	-2
1171	-1
1172	-2
1173	-1
1174	-1
1175	0
1176	-1
1177	0
1178	-1
1179	0
1180	0
1181	0
1182	0
1183	-1
1184	0
1185	-1
1186	0
1187	0
1188	0
1189	0
1190	0
1191	0
1192	0
1193	0
1194	0
1195	0
1196	0
1197	1
1198	0
1199	0
1200	-1
1201	0
1202	-1
1203	0
1204	-1
1205	0
1206	-1
1207	0
1208	0
1209	-1
1210	0
1211	-1
1212	-1
1213	0
1214	-1
1215	0
1216	-1
1217	0
1218	0
1219	0
1220	-1
1221	0
1222	0
1223	-1
1224	0
1225	0
1226	-1
1227	0
1228	0
1229	0
1230	0
1231	0
1232	0
1233	0
1234	0
1235	0
1236	0
1237	0
1238	0
1239	0
1240	0
1241	0
1242	0
1243	0
1244	0
1245	0
1246	0
1247	0
1248	0
1249	0
1250	0
1251	0
1252	0
1253	0
1254	-1
1255	0
1256	-1
1257	0
1258	-1
1259	0
1260	-1
1261	0
1262	-1
1263	0
1264	-1
1265	0
1266	-1
1267	-1
1268	0
1269	-1
1270	0
1271	0
1272	-1
1273	-1
1274	-1
1275	0
1276	-1
1277	0
1278	0
1279	0
1280	0
1281	0
1282	-1
1283	0
1284	-1
1285	0
1286	0
1287	0
1288	0
1289	1
1290	1
1291	0
1292	0
1293	0
1294	1
1295	1
1296	2
1297	1
1298	0
1299	2
1300	2
1301	2
1302	2
1303	2
1304	1
1305	1
1306	2
1307	2
1308	1
1309	1
1310	1
1311	1
1312	1
1313	1
1314	0
1315	1
1316	0
1317	1
1318	0
1319	0
1320	0
1321	1
1322	0
1323	1
1324	0
1325	0
1326	0
1327	1
1328	1
1329	0
1330	0
1331	0
1332	0
1333	2
1334	1
1335	1
1336	1
1337	1
1338	0
1339	1
1340	0
1341	0
1342	0
1343	1
1344	0
1345	1
1346	0
1347	1
1348	1
1349	1
1350	1
1351	0
1352	0
1353	1
1354	0
1355	0
1356	0
1357	0
1358	0
1359	0
1360	0
1361	0
1362	0
1363	0
1364	0
1365	0
1366	0
1367	0
1368	0
1369	0
1370	-1
1371	0
1372	0
1373	0
1374	0
1375	-1
1376	0
1377	-1
1378	-1
1379	0
1380	0
1381	0
1382	0
1383	0
1384	-1
1385	-1
1386	0
1387	0
1388	-1
1389	-1
1390	0
1391	0
1392	0
1393	0
1394	0
1395	0
1396	0
1397	0
1398	0
1399	0
1400	-1
1401	0
1402	-1
1403	0
1404	-1
1405	0
1406	-1
1407	0
1408	0
1409	0
1410	0
1411	0
1412	0
1413	-1
1414	-1
1415	-2
1416	-1
1417	-2
1418	0
1419	0
1420	0
1421	0
1422	0
1423	-1
1424	0
1425	0
1426	-1
1427	0
1428	0
1429	0
1430	0
1431	-1
1432	0
1433	0
1434	0
1435	0
1436	0
1437	0
1438	0
1439	0
1440	0
1441	0
1442	0
1443	0
1444	0
1445	0
1446	0
1447	0
1448	0
1449	0
1450	0
1451	0
1452	0
1453	-2
1454	0
1455	0
1456	0
1457	0
1458	0
1459	-1
1460	0
1461	0
1462	0
1463	-1
1464	-1
1465	-1
1466	0
1467	-1
1468	0
1469	0
1470	-1
1471	0
1472	0
1473	0
1474	0
1475	-1
1476	0
1477	0
1478	0
1479	0
1480	0
1481	0
1482	0
1483	0
1484	-1
1485	0
1486	0
1487	0
1488	0
1489	0
1490	0
1491	0
1492	0
1493	0
1494	0
1495	0
1496	0
1497	0
1498	0
1499	0
1500	0
1501	0
1502	0
1503	0
1504	0
1505	0
1506	0
1507	0
1508	0
1509	0
1510	0
1511	0
1512	-1
1513	0
1514	-1
1515	0
1516	0
1517	0
1518	0
1519	0
1520	0
1521	0
1522	0
1523	0
1524	-1
1525	0
1526	0
1527	0
1528	0
1529	0
1530	-1
1531	0
1532	-1
1533	0
1534	0
1535	0
1536	-1
1537	0
1538	-1
1539	0
1540	0
1541	0
1542	0
1543	-1
1544	0
1545	0
1546	0
1547	0
1548	0
1549	0
1550	0
1551	0
1552	0
1553	0
1554	0
1555	0
1556	0
1557	0
1558	0
1559	0
1560	0
1561	-1
1562	0
1563	0
1564	0
1565	0
1566	0
1567	0
1568	0
1569	0
1570	0
1571	0
1572	0
1573	0
1574	0
1575	0
1576	0
1577	-1
1578	0
1579	0
1580	0
1581	0
1582	0
1583	0
1584	0
1585	0
1586	0
1587	0
1588	0
1589	0
1590	0
1591	0
1592	0
1593	0
1594	0
1595	0
1596	0
1597	0
1598	0
1599	0
1600	0
1601	0
1602	0
1603	0
1604	0
1605	0
1606	0
1607	0
1608	0
1609	0
1610	0
1611	0
1612	0
1613	0
1614	0
1615	0
1616	0
1617	0
1618	0
1619	0
1620	0
1621	0
1622	0
1623	1
1624	0
1625	0
1626	0
1627	0
1628	0
1629	0
1630	0
1631	0
1632	0
1633	0
1634	0
1635	0
1636	0
1637	0
1638	0
1639	0
1640	0
1641	0
1642	0
1643	0
1644	0
1645	0
1646	0
1647	0
1648	0
1649	0
1650	0
1651	0
1652	0
1653	-1
1654	0
1655	0
1656	0
1657	0
1658	-1
1659	-1
1660	-1
1661	0
1662	0
1663	0
1664	-1
1665	0
1666	-1
1667	-1
1668	0
1669	-1
1670	0
1671	-1
1672	0
1673	0
1674	0
1675	0
1676	0
1677	0
1678	0
1679	0
1680	0
1681	0
1682	0
1683	0
1684	0
1685	0
1686	0
1687	0
1688	0
1689	0
1690	0
1691	0
1692	0
1693	0
1694	-1
1695	0
1696	0
1697	0
1698	0
1699	0
1700	0
1701	0
1702	0
1703	0
1704	0
1705	0
1706	0
1707	0
1708	0
1709	0
1710	0
1711	0
1712	0
1713	0
1714	0
1715	0
1716	0
1717	0
1718	0
1719	0
1720	0
1721	0
1722	0
1723	0
1724	0
1725	0
1726	0
1727	0
1728	0
1729	0
1730	0
1731	0
1732	0
1733	0
1734	0
1735	0
1736	0
1737	1
1738	0
1739	1
1740	0
1741	0
1742	0
1743	0
1744	1
1745	0
1746	0
1747	1
1748	0
1749	0
1750	0
1751	0
1752	0
1753	0
1754	0
1755	1
1756	0
1757	0
1758	0
1759	0
1760	0
1761	0
1762	0
1763	0
1764	0
1765	0
1766	0
1767	0
1768	0
1769	0
1770	0
1771	0
1772	-1
1773	0
1774	0
1775	0
1776	0
1777	0
1778	0
1779	0
1780	-1
1781	0
1782	0
1783	0
1784	-1
1785	0
1786	-1
1787	0
1788	0
1789	0
1790	0
1791	0
1792	0
1793	0
1794	0
1795	0
1796	0
1797	0
1798	0
1799	0
1800	0
1801	0
1802	0
1803	0
1804	0
1805	0
1806	0
1807	0
1808	-1
1809	0
1810	0
1811	0
1812	0
1813	0
1814	0
1815	0
1816	0
1817	0
1818	0
1819	0
1820	0
1821	0
1822	0
1823	0
1824	0
1825	0
1826	0
1827	0
1828	0
1829	0
1830	0
1831	0
1832	0
1833	0
1834	0
1835	0
1836	0
1837	0
1838	1
1839	0
1840	0
1841	0
1842	0
1843	1
1844	0
1845	0
1846	0
1847	1
1848	0
1849	1
1850	0
1851	0
1852	0
1853	0
1854	0
1855	0
1856	0
1857	0
1858	0
1859	0
1860	0
1861	0
1862	0
1863	0
1864	0
1865	0
1866	0
1867	1
1868	1
1869	0
1870	1
1871	1
1872	1
1873	2
1874	1
1875	1
1876	2
1877	2
1878	2
1879	3
1880	2
1881	1
1882	1
1883	2
1884	0
1885	2
1886	1
1887	2
1888	2
1889	1
1890	1
1891	1
1892	1
1893	1
1894	1
1895	1
1896	0
1897	0
1898	1
1899	0
1900	0
1901	0
1902	0
1903	0
1904	0
1905	0
1906	0
1907	0
1908	-1
1909	0
1910	-1
1911	0
1912	-1
1913	0
1914	0
1915	-1
1916	0
1917	-1
1918	0
1919	0
1920	0
1921	0
1922	0
1923	0
1924	0
1925	0
1926	0
1927	0
1928	0
1929	0
1930	-1
1931	0
1932	0
1933	0
1934	0
1935	0
1936	0
1937	0
1938	0
1939	0
1940	-1
1941	0
1942	0
1943	0
1944	0
1945	0
1946	0
1947	0
1948	0
1949	0
1950	0
1951	-1
1952	0
1953	-1
1954	0
1955	-1
1956	-2
1957	-1
1958	-1
1959	-1
1960	-2
1961	0
1962	-2
1963	0
1964	-1
1965	0
1966	0
1967	-1
1968	0
1969	-1
1970	0
1971	0
1972	0
1973	0
1974	0
1975	0
1976	0
1977	0
1978	0
1979	1
1980	0
1981	0
1982	0
1983	0
1984	0
1985	0
1986	0
1987	1
1988	0
1989	0
1990	0
1991	0
1992	0
1993	0
1994	0
1995	0
1996	0
1997	0
1998	0
1999	0
