0	0
1	0
2	0
3	0
4	0
5	0
6	0
7	0
8	0
9	0
10	0
11	0
12	1
13	0
14	0
15	0
16	0
17	0
18	0
19	0
20	0
21	0
22	0
23	0
24	0
25	0
26	0
27	-1
28	0
29	0
30	0
31	0
32	0
33	0
34	0
35	0
36	-1
37	0
38	0
39	-1
40	0
41	0
42	0
43	0
44	-1
45	0
46	0
47	0
48	-1
49	0
50	0
51	0
52	-1
53	-1
54	0
55	-1
56	-1
57	0
58	0
59	0
60	-1
61	0
62	-1
63	0
64	-1
65	0
66	-1
67	0
68	-1
69	0
70	-1
71	-1
72	-1
73	-1
74	0
75	-1
76	0
77	-1
78	-1
79	-1
80	-1
81	-1
82	0
83	0
84	0
85	0
86	0
87	0
88	0
89	0
90	0
91	0
92	0
93	0
94	0
95	1
96	0
97	1
98	0
99	0
100	0
101	0
102	1
103	1
104	1
105	0
106	0
107	0
108	1
109	1
110	0
111	0
112	0
113	0
114	0
115	1
116	0
117	0
118	0
119	0
120	0
121	0
122	-1
123	-1
124	-1
125	-1
126	-1
127	-1
128	-2
129	0
130	-2
131	-1
132	-2
133	-2
134	-2
135	0
136	-3
137	0
138	-1
139	-1
140	0
141	0
142	0
143	0
144	-1
145	0
146	0
147	0
148	-1
149	0
150	-1
151	0
152	0
153	0
154	0
155	0
156	1
157	0
158	0
159	0
160	0
161	0
162	0
163	0
164	0
165	0
166	0
167	1
168	0
169	0
170	0
171	0
172	0
173	0
174	0
175	0
176	0
177	0
178	0
179	0
180	-1
181	0
182	0
183	0
184	-1
185	0
186	0
187	0
188	-1
189	0
190	0
191	0
192	0
193	0
194	0
195	-1
196	-2
197	0
198	-1
199	0
200	-1
201	0
202	-1
203	0
204	-1
205	0
206	-1
207	0
208	-1
209	0
210	0
211	-1
212	0
213	0
214	0
215	0
216	0
217	0
218	0
219	0
220	0
221	0
222	0
223	0
224	0
225	0
226	0
227	0
228	0
229	0
230	0
231	0
232	-1
233	0
234	0
235	0
236	0
237	0
238	0
239	0
240	0
241	0
242	0
243	0
244	0
245	0
246	0
247	0
248	0
249	0
250	-1
251	-2
252	-1
253	-2
254	0
255	-1
256	-2
257	0
258	-1
259	-1
260	-2
261	-1
262	-1
263	-1
264	-1
265	-2
266	-1
267	0
268	-1
269	0
270	0
271	0
272	0
273	0
274	0
275	0
276	0
277	0
278	0
279	0
280	0
281	0
282	0
283	0
284	0
285	0
286	0
287	0
288	1
289	0
290	1
291	0
292	1
293	0
294	1
295	1
296	0
297	0
298	0
299	0
300	0
301	0
302	0
303	0
304	0
305	0
306	-1
307	-1
308	-1
309	-1
310	-1
311	-1
312	-1
313	-1
314	-2
315	-1
316	-1
317	0
318	-1
319	-2
320	-1
321	-1
322	-1
323	-1
324	-1
325	-1
326	-1
327	0
328	-1
329	0
330	0
331	0
332	0
333	0
334	0
335	0
336	0
337	0
338	0
339	0
340	0
341	0
342	0
343	0
344	0
345	0
346	0
347	1
348	0
349	0
350	0
351	0
352	0
353	0
354	0
355	0
356	0
357	0
358	0
359	0
360	0
361	0
362	-1
363	0
364	0
365	0
366	0
367	0
368	0
369	0
370	0
371	0
372	0
373	0
374	0
375	0
376	0
377	-1
378	0
379	0
380	0
381	0
382	-1
383	0
384	0
385	-1
386	-1
387	0
388	0
389	0
390	0
391	0
392	-1
393	0
394	0
395	0
396	0
397	0
398	0
399	0
400	0
401	0
402	0
403	0
404	0
405	0
406	0
407	0
408	0
409	0
410	0
411	0
412	0
413	0
414	0
415	0
416	0
417	0
418	0
419	0
420	-1
421	0
422	0
423	0
424	0
425	0
426	-1
427	0
428	0
429	0
430	0
431	0
432	0
433	0
434	1
435	4
436	5
437	7
438	10
439	13
440	16
441	19
442	24
443	27
444	31
445	34
446	40
447	45
448	49
449	55
450	59
451	65
452	68
453	72
454	77
455	83
456	87
457	92
458	99
459	101
460	106
461	111
462	115
463	117
464	121
465	126
466	126
467	131
468	132
469	136
470	138
471	139
472	140
473	142
474	141
475	142
476	141
477	141
478	139
479	137
480	136
481	133
482	131
483	128
484	124
485	122
486	119
487	116
488	113
489	108
490	105
491	103
492	98
493	96
494	91
495	87
496	82
497	78
498	77
499	78
500	62
501	65
502	62
503	58
504	54
505	53
506	49
507	44
508	40
509	38
510	35
511	30
512	26
513	25
514	21
515	19
516	17
517	15
518	12
519	9
520	5
521	4
522	1
523	0
524	-3
525	-5
526	-7
527	-9
528	-12
529	-13
530	-14
531	-16
532	-18
533	-19
534	-20
535	-22
536	-25
537	-25
538	-25
539	-27
540	-29
541	-29
542	-31
543	-31
544	-32
545	-34
546	-35
547	-35
548	-35
549	-36
550	-37
551	-37
552	-37
553	-38
554	-37
555	-38
556	-39
557	-39
558	-38
559	-40
560	-39
561	-39
562	-40
563	-39
564	-39
565	-37
566	-38
567	-38
568	-39
569	-39
570	-39
571	-38
572	-38
573	-36
574	-36
575	-34
576	-35
577	-34
578	-35
579	-33
580	-34
581	-32
582	-31
583	-31
584	-31
585	-32
586	-31
587	-31
588	-31
589	-31
590	-31
591	-31
592	-29
593	-29
594	-30
595	-29
596	-28
597	-28
598	-29
599	-27
600	-26
601	-26
602	-26
603	-24
604	-24
605	-23
606	-22
607	-23
608	-22
609	-21
610	-21
611	-21
612	-20
613	-21
614	-19
615	-20
616	-19
617	-19
618	-19
619	-19
620	-20
621	-18
622	-19
623	-18
624	-18
625	-16
626	-17
627	-17
628	-16
629	-17
630	-16
631	-17
632	-16
633	-15
634	-16
635	-15
636	-15
637	-15
638	-15
639	-13
640	-14
641	-14
642	-13
643	-13
644	-12
645	-12
646	-11
647	-11
648	-10
649	-10
650	-8
651	-8
652	-8
653	-7
654	-8
655	-8
656	-7
657	-8
658	-6
659	-6
660	-6
661	-5
662	-5
663	-4
664	-4
665	-5
666	-4
667	-3
668	-4
669	-3
670	-4
671	-3
672	-4
673	-4
674	-4
675	-4
676	-4
677	-4
678	-4
679	-4
680	-4
681	-4
682	-4
683	-5
684	-4
685	-3
686	-4
687	-4
688	-4
689	-3
690	-4
691	-3
692	-4
693	-4
694	-3
695	-4
696	-3
697	-3
698	-3
699	-3
700	-3
701	-2
702	-2
703	-3
704	-2
705	-1
706	-2
707	-1
708	-2
709	-1
710	-2
711	-1
712	-2
713	0
714	-1
715	-1
716	-1
717	-1
718	-1
719	0
720	-2
721	0
722	-1
723	-1
724	-1
725	-1
726	-1
727	-1
728	-2
729	-1
730	-3
731	-2
732	-1
733	0
734	-2
735	-1
736	-2
737	-1
738	-1
739	-1
740	-2
741	-1
742	-3
743	-1
744	-2
745	-2
746	-3
747	-1
748	-1
749	-1
750	-1
751	-1
752	-1
753	-1
754	-2
755	-1
756	-1
757	-1
758	-2
759	-1
760	-2
761	-1
762	-2
763	-2
764	-2
765	-2
766	-3
767	-1
768	-1
769	-1
770	-1
771	-2
772	-1
773	-1
774	-1
775	0
776	-1
777	-1
778	0
779	-2
780	0
781	-1
782	-1
783	0
784	-1
785	0
786	-1
787	0
788	-2
789	-2
790	-1
791	-2
792	-1
793	-2
794	-1
795	-1
796	-1
797	-1
798	-3
799	-1
800	-2
801	-2
802	-2
803	-2
804	-2
805	-2
806	-3
807	-2
808	-3
809	-1
810	-2
811	-2
812	-3
813	-3
814	-3
815	-2
816	-2
817	-1
818	-1
819	-1
820	-1
821	0
822	-1
823	-1
824	-1
825	-1
826	-1
827	0
828	-1
829	-1
830	-2
831	-1
832	-1
833	-1
834	-2
835	-1
836	-2
837	-2
838	-1
839	-2
840	-1
841	-1
842	-2
843	0
844	-1
845	-1
846	-1
847	0
848	-2
849	-1
850	-1
851	-2
852	-2
853	-1
854	-3
855	-2
856	-2
857	-2
858	-3
859	-2
860	-3
861	-2
862	-3
863	-2
864	-2
865	-2
866	-3
867	-2
868	-2
869	-2
870	-1
871	-2
872	-3
873	-2
874	-2
875	-2
876	-2
877	-2
878	-1
879	-3
880	-2
881	-2
882	-2
883	-2
884	-1
885	-2
886	-2
887	-2
888	-1
889	-2
890	-2
891	-1
892	-2
893	-1
894	0
895	-1
896	-1
897	0
898	-2
899	0
900	-1
901	0
902	-1
903	0
904	-1
905	0
906	0
907	0
908	0
909	0
910	0
911	0
912	0
913	0
914	0
915	0
916	0
917	0
918	0
919	0
920	0
921	0
922	0
923	0
924	0
925	0
926	0
927	0
928	0
929	0
930	0
931	0
932	0
933	0
934	0
935	-1
936	-1
937	-2
938	-1
939	-3
940	-1
941	-2
942	-1
943	-1
944	-3
945	-1
946	-2
947	-2
948	-2
949	-3
950	-2
951	-3
952	-3
953	-2
954	-2
955	-2
956	-2
957	-3
958	-2
959	-2
960	-2
961	-1
962	-4
963	-2
964	-3
965	-2
966	-3
967	-1
968	-4
969	-2
970	-2
971	-2
972	-2
973	-2
974	-3
975	-3
976	-2
977	-2
978	-2
979	-2
980	0
981	-2
982	-2
983	-2
984	-2
985	-2
986	-2
987	-2
988	-2
989	0
990	-2
991	-2
992	-2
993	-1
994	-2
995	-2
996	-2
997	-2
998	-2
999	-2
1000	-3
1001	-2
1002	-2
1003	-2
1004	-3
1005	-1
1006	-2
1007	-2
1008	-2
1009	-2
1010	-2
1011	-2
1012	-1
1013	-2
1014	-1
1015	-1
1016	-2
1017	-1
1018	-2
1019	-2
1020	-1
1021	-2
1022	-1
1023	-1
1024	-1
1025	-1
1026	-1
1027	0
1028	0
1029	0
1030	0
1031	0
1032	-1
1033	0
1034	0
1035	0
1036	0
1037	0
1038	0
1039	0
1040	0
1041	0
1042	0
1043	0
1044	0
1045	0
1046	0
1047	0
1048	0
1049	0
1050	0
1051	0
1052	0
1053	0
1054	0
1055	0
1056	0
1057	-1
1058	-1
1059	-1
1060	0
1061	-1
1062	-1
1063	-1
1064	-1
1065	-2
1066	-2
1067	-2
1068	-3
1069	-3
1070	-4
1071	-3
1072	-3
1073	-3
1074	-4
1075	-4
1076	-3
1077	-3
1078	-4
1079	-3
1080	-3
1081	-4
1082	-3
1083	-3
1084	-3
1085	-4
1086	-3
1087	-5
1088	-3
1089	-3
1090	-2
1091	-2
1092	-3
1093	-2
1094	-2
1095	-1
1096	-2
1097	-1
1098	-3
1099	-2
1100	-3
1101	-2
1102	-3
1103	-3
1104	-2
1105	-3
1106	-2
1107	-2
1108	-3
1109	-3
1110	-3
1111	-3
1112	-3
1113	-2
1114	-2
1115	-1
1116	-2
1117	-1
1118	-2
1119	-1
1120	0
1121	0
1122	-1
1123	0
1124	1
1125	0
1126	1
1127	1
1128	0
1129	3
1130	2
1131	2
1132	2
1133	2
1134	2
1135	4
1136	3
1137	4
1138	4
1139	4
1140	4
1141	4
1142	3
1143	4
1144	2
1145	4
1146	3
1147	2
1148	2
1149	3
1150	1
1151	1
1152	1
1153	1
1154	1
1155	1
1156	0
1157	0
1158	0
1159	0
1160	0
1161	0
1162	0
1163	0
1164	0
1165	0
1166	0
1167	0
1168	0
1169	0
1170	0
1171	0
1172	0
1173	0
1174	0
1175	0
1176	0
1177	0
1178	0
1179	-1
1180	0
1181	-1
1182	0
1183	0
1184	-1
1185	-1
1186	0
1187	-2
1188	-1
1189	-2
1190	-2
1191	-2
1192	-3
1193	-4
1194	-3
1195	-4
1196	-3
1197	-3
1198	-2
1199	-4
1200	-2
1201	-3
1202	-3
1203	-3
1204	-3
1205	-3
1206	-3
1207	-4
1208	-3
1209	-3
1210	-2
1211	-3
1212	-3
1213	-2
1214	-4
1215	-3
1216	-3
1217	-3
1218	-3
1219	-4
1220	-4
1221	-3
1222	-3
1223	-3
1224	-3
1225	-2
1226	-4
1227	-2
1228	-3
1229	-3
1230	-3
1231	-2
1232	-4
1233	-2
1234	-3
1235	-2
1236	-3
1237	-2
1238	-2
1239	-2
1240	-2
1241	-1
1242	-3
1243	-1
1244	-2
1245	-2
1246	0
1247	-1
1248	-1
1249	-1
1250	0
1251	-1
1252	-1
1253	-1
1254	0
1255	-1
1256	0
1257	-1
1258	0
1259	0
1260	-1
1261	0
1262	0
1263	-1
1264	-1
1265	-2
1266	-1
1267	-1
1268	-2
1269	-1
1270	-1
1271	-1
1272	0
1273	0
1274	-2
1275	-1
1276	-1
1277	-2
1278	-1
1279	-1
1280	-1
1281	-2
1282	-1
1283	-1
1284	-1
1285	-1
1286	-1
1287	-2
1288	-2
1289	-3
1290	0
1291	-3
1292	-2
1293	-1
1294	0
1295	-1
1296	-1
1297	0
1298	0
1299	-1
1300	-1
1301	-1
1302	0
1303	-1
1304	0
1305	0
1306	-2
1307	-1
1308	0
1309	-1
1310	-1
1311	0
1312	-1
1313	-2
1314	-2
1315	-1
1316	-2
1317	-1
1318	-3
1319	-2
1320	-3
1321	-2
1322	-3
1323	-2
1324	-3
1325	-2
1326	-2
1327	-2
1328	-2
1329	-2
1330	-2
1331	-2
1332	-3
1333	-1
1334	-2
1335	-2
1336	-1
1337	-2
1338	-2
1339	-2
1340	-2
1341	-1
1342	-1
1343	0
1344	-1
1345	-3
1346	0
1347	-1
1348	-2
1349	0
1350	-2
1351	0
1352	-1
1353	-1
1354	-1
1355	0
1356	-1
1357	0
1358	-1
1359	0
1360	-1
1361	-1
1362	0
1363	0
1364	0
1365	0
1366	0
1367	1
1368	0
1369	0
1370	1
1371	0
1372	1
1373	1
1374	0
1375	0
1376	1
1377	1
1378	1
1379	2
1380	1
1381	1
1382	2
1383	1
1384	1
1385	1
1386	2
1387	2
1388	1
1389	1
1390	2
1391	2
1392	2
1393	1
1394	1
1395	0
1396	1
1397	1
1398	1
1399	1
1400	0
1401	0
1402	1
1403	1
1404	1
1405	1
1406	2
1407	0
1408	1
1409	1
1410	0
1411	1
1412	0
1413	0
1414	0
1415	0
1416	0
1417	1
1418	1
1419	2
1420	1
1421	1
1422	0
1423	0
1424	0
1425	0
1426	0
1427	0
1428	0
1429	0
1430	0
1431	0
1432	0
1433	-1
1434	-1
1435	-1
1436	-1
1437	-1
1438	-1
1439	-1
1440	-3
1441	-1
1442	-4
1443	-2
1444	-4
1445	-3
1446	-4
1447	-4
1448	-4
1449	-3
1450	-4
1451	-5
1452	-3
1453	-5
1454	-4
1455	-4
1456	-4
1457	-2
1458	-3
1459	-4
1460	-2
1461	-4
1462	-2
1463	-2
1464	-3
1465	-3
1466	-3
1467	-2
1468	-3
1469	-2
1470	-2
1471	-3
1472	-2
1473	-2
1474	-4
1475	-3
1476	-3
1477	-3
1478	-2
1479	-2
1480	-2
1481	-2
1482	-2
1483	-2
1484	-2
1485	-2
1486	-2
1487	-2
1488	-2
1489	-2
1490	-1
1491	-1
1492	-1
1493	-1
1494	-2
1495	0
1496	-2
1497	-1
1498	-2
1499	0
1500	-1
1501	-1
1502	0
1503	0
1504	0
1505	0
1506	0
1507	-1
1508	0
1509	-1
1510	0
1511	0
1512	0
1513	0
1514	0
1515	0
1516	0
1517	0
1518	0
1519	0
1520	0
1521	-1
1522	0
1523	0
1524	0
1525	0
1526	0
1527	0
1528	-1
1529	0
1530	-1
1531	0
1532	0
1533	0
1534	0
1535	-1
1536	-1
1537	-1
1538	-2
1539	-1
1540	-2
1541	-1
1542	-3
1543	-1
1544	-3
1545	-1
1546	-2
1547	-1
1548	-3
1549	-1
1550	-3
1551	-1
1552	-2
1553	-2
1554	-1
1555	-1
1556	0
1557	0
1558	-1
1559	-1
1560	0
1561	0
1562	0
1563	0
1564	0
1565	0
1566	0
1567	0
1568	0
1569	-1
1570	-1
1571	0
1572	-1
1573	0
1574	0
1575	0
1576	0
1577	-1
1578	0
1579	0
1580	0
1581	0
1582	0
1583	1
1584	0
1585	0
1586	0
1587	0
1588	0
1589	1
1590	0
1591	1
1592	0
1593	1
1594	1
1595	0
1596	2
1597	1
1598	1
1599	1
1600	1
1601	0
1602	1
1603	1
1604	1
1605	0
1606	2
1607	1
1608	2
1609	1
1610	1
1611	0
1612	1
1613	1
1614	0
1615	1
1616	1
1617	1
1618	1
1619	1
1620	1
1621	1
1622	1
1623	0
1624	0
1625	0
1626	0
1627	0
1628	0
1629	0
1630	0
1631	0
1632	0
1633	0
1634	0
1635	1
1636	1
1637	1
1638	0
1639	0
1640	1
1641	0
1642	1
1643	0
1644	0
1645	0
1646	0
1647	0
1648	0
1649	0
1650	0
1651	0
1652	0
1653	0
1654	0
1655	0
1656	0
1657	0
1658	0
1659	0
1660	0
1661	0
1662	-1
1663	0
1664	-1
1665	0
1666	0
1667	0
1668	0
1669	0
1670	0
1671	0
1672	0
1673	0
1674	0
1675	0
1676	0
1677	0
1678	0
1679	0
1680	0
1681	0
1682	0
1683	0
1684	0
1685	0
1686	0
1687	0
1688	0
1689	0
1690	0
1691	0
1692	0
1693	0
1694	0
1695	0
1696	0
1697	0
1698	0
1699	0
1700	0
1701	0
1702	0
1703	0
1704	0
1705	0
1706	0
1707	0
1708	0
1709	0
1710	-1
1711	-1
1712	0
1713	-1
1714	-1
1715	-2
1716	0
1717	-1
1718	0
1719	0
1720	-1
1721	-2
1722	-1
1723	-1
1724	-2
1725	-1
1726	-2
1727	-2
1728	-2
1729	-3
1730	0
1731	-2
1732	-2
1733	-1
1734	-1
1735	-2
1736	-1
1737	0
1738	-3
1739	-2
1740	-3
1741	-1
1742	-2
1743	-2
1744	-1
1745	-2
1746	-2
1747	-2
1748	-2
1749	-3
1750	-3
1751	-3
1752	-2
1753	-2
1754	-2
1755	-2
1756	-3
1757	-3
1758	-2
1759	-3
1760	-2
1761	-3
1762	-3
1763	-2
1764	-2
1765	-1
1766	-1
1767	-2
1768	-1
1769	-1
1770	-2
1771	-1
1772	0
1773	-1
1774	-2
1775	0
1776	-2
1777	-1
1778	-2
1779	-1
1780	-2
1781	-2
1782	-1
1783	-2
1784	-1
1785	-1
1786	-1
1787	-1
1788	-2
1789	-1
1790	-1
1791	-1
1792	-2
1793	0
1794	-2
1795	-2
1796	-1
1797	-2
1798	-2
1799	-2
1800	-1
1801	-1
1802	-2
1803	-2
1804	-2
1805	-1
1806	0
1807	-1
1808	-1
1809	0
1810	0
1811	-1
1812	-2
1813	0
1814	-2
1815	-1
1816	-1
1817	-1
1818	-1
1819	-1
1820	-1
1821	-1
1822	-2
1823	0
1824	-1
1825	0
1826	-1
1827	-1
1828	-1
1829	-1
1830	-1
1831	0
1832	-2
1833	-1
1834	-2
1835	-1
1836	-1
1837	-1
1838	-1
1839	-1
1840	-2
1841	-1
1842	-2
1843	-1
1844	-3
1845	-2
1846	-1
1847	-2
1848	-1
1849	-1
1850	-2
1851	-2
1852	-2
1853	-2
1854	-1
1855	-1
1856	-2
1857	0
1858	-2
1859	-2
1860	-2
1861	-1
1862	-2
1863	-2
1864	-2
1865	-3
1866	-1
1867	-1
1868	-2
1869	-1
1870	-2
1871	-3
1872	-2
1873	-1
1874	-2
1875	-1
1876	-2
1877	-1
1878	-1
1879	-1
1880	-2
1881	0
1882	-1
1883	0
1884	-1
1885	-1
1886	-1
1887	-1
1888	0
1889	-2
1890	-1
1891	0
1892	-1
1893	0
1894	0
1895	0
1896	0
1897	0
1898	0
1899	0
1900	0
1901	0
1902	0
1903	0
1904	0
1905	0
1906	0
1907	0
1908	0
1909	0
1910	0
1911	0
1912	0
1913	0
1914	0
1915	0
1916	0
1917	0
1918	0
1919	0
1920	0
1921	-1
1922	0
1923	-2
1924	-1
1925	0
1926	-1
1927	0
1928	0
1929	0
1930	0
1931	-1
1932	0
1933	-1
1934	-1
1935	-1
1936	-2
1937	-1
1938	-2
1939	-3
1940	-1
1941	-2
1942	-2
1943	-2
1944	-2
1945	-2
1946	-3
1947	-2
1948	-3
1949	-3
1950	-3
1951	-1
1952	-3
1953	-2
1954	-2
1955	-2
1956	-3
1957	-2
1958	-1
1959	-2
1960	-3
1961	-2
1962	-3
1963	-1
1964	-1
1965	-2
1966	-2
1967	-1
1968	-1
1969	-1
1970	-2
1971	-1
1972	0
1973	0
1974	0
1975	0
1976	0
1977	0
1978	0
1979	0
1980	0
1981	0
1982	0
1983	0
1984	-1
1985	0
1986	0
1987	-1
1988	0
1989	0
1990	-1
1991	0
1992	0
1993	0
1994	0
1995	0
1996	0
1997	0
1998	0
1999	0
