0	0
1	0
2	0
3	0
4	0
5	0
6	0
7	0
8	0
9	0
10	0
11	0
12	0
13	0
14	0
15	-1
16	0
17	-1
18	-1
19	-1
20	-1
21	-1
22	-1
23	-1
24	-1
25	-1
26	-1
27	-1
28	0
29	-1
30	-1
31	-1
32	-1
33	-1
34	-1
35	0
36	0
37	0
38	0
39	0
40	0
41	0
42	0
43	0
44	0
45	0
46	2
47	0
48	0
49	0
50	1
51	0
52	0
53	0
54	0
55	0
56	0
57	0
58	0
59	0
60	0
61	0
62	0
63	0
64	-1
65	0
66	-1
67	0
68	0
69	0
70	-1
71	0
72	-1
73	0
74	0
75	0
76	-1
77	0
78	0
79	0
80	0
81	0
82	0
83	0
84	0
85	0
86	0
87	0
88	0
89	0
90	0
91	1
92	0
93	0
94	0
95	0
96	0
97	0
98	0
99	0
100	0
101	0
102	0
103	0
104	0
105	0
106	-1
107	0
108	0
109	0
110	0
111	0
112	0
113	0
114	0
115	0
116	0
117	-1
118	0
119	0
120	0
121	0
122	0
123	0
124	0
125	-1
126	0
127	-1
128	0
129	-1
130	0
131	-1
132	-1
133	-1
134	-1
135	-1
136	-1
137	-1
138	-1
139	0
140	-1
141	0
142	0
143	0
144	0
145	-1
146	0
147	0
148	0
149	0
150	0
151	0
152	0
153	0
154	0
155	0
156	0
157	0
158	0
159	0
160	0
161	0
162	0
163	0
164	0
165	0
166	0
167	0
168	0
169	0
170	0
171	0
172	0
173	0
174	0
175	0
176	0
177	0
178	0
179	0
180	0
181	0
182	0
183	0
184	0
185	0
186	0
187	0
188	0
189	0
190	0
191	0
192	0
193	0
194	-1
195	0
196	0
197	-1
198	0
199	0
200	0
201	0
202	0
203	-1
204	0
205	0
206	0
207	0
208	0
209	0
210	0
211	0
212	0
213	0
214	0
215	0
216	0
217	0
218	0
219	0
220	0
221	0
222	0
223	0
224	0
225	0
226	0
227	0
228	0
229	0
230	0
231	0
232	0
233	0
234	0
235	0
236	0
237	0
238	0
239	0
240	0
241	0
242	0
243	0
244	0
245	0
246	0
247	0
248	0
249	0
250	0
251	0
252	0
253	0
254	0
255	0
256	0
257	0
258	0
259	0
260	0
261	0
262	0
263	0
264	0
265	0
266	0
267	0
268	0
269	0
270	0
271	0
272	0
273	0
274	0
275	0
276	0
277	0
278	0
279	0
280	0
281	0
282	0
283	0
284	0
285	0
286	0
287	0
288	0
289	0
290	0
291	0
292	0
293	0
294	0
295	0
296	0
297	0
298	0
299	0
300	0
301	0
302	0
303	0
304	0
305	0
306	-1
307	0
308	-1
309	0
310	0
311	0
312	0
313	0
314	0
315	0
316	0
317	0
318	-1
319	0
320	0
321	-1
322	0
323	0
324	-1
325	0
326	0
327	0
328	0
329	0
330	0
331	0
332	0
333	0
334	0
335	0
336	0
337	0
338	0
339	0
340	0
341	0
342	0
343	0
344	0
345	0
346	0
347	0
348	0
349	0
350	1
351	1
352	0
353	0
354	1
355	1
356	0
357	0
358	0
359	0
360	0
361	0
362	0
363	0
364	0
365	0
366	0
367	0
368	-1
369	0
370	-1
371	0
372	-1
373	0
374	-1
375	0
376	-1
377	0
378	-1
379	-1
380	-1
381	0
382	-1
383	0
384	0
385	0
386	0
387	0
388	0
389	0
390	0
391	0
392	0
393	0
394	0
395	0
396	0
397	0
398	0
399	0
400	0
401	0
402	0
403	0
404	0
405	0
406	0
407	0
408	0
409	0
410	0
411	0
412	0
413	0
414	0
415	0
416	0
417	0
418	0
419	0
420	0
421	0
422	0
423	0
424	0
425	0
426	0
427	0
428	0
429	0
430	0
431	0
432	0
433	0
434	0
435	0
436	0
437	0
438	0
439	0
440	0
441	1
442	4
443	6
444	8
445	9
446	13
447	16
448	18
449	22
450	26
451	29
452	32
453	37
454	39
455	45
456	47
457	50
458	55
459	59
460	62
461	65
462	67
463	72
464	75
465	78
466	79
467	83
468	84
469	86
470	88
471	91
472	91
473	94
474	91
475	94
476	93
477	95
478	95
479	95
480	95
481	94
482	93
483	93
484	93
485	92
486	90
487	89
488	86
489	86
490	85
491	85
492	83
493	83
494	79
495	77
496	75
497	76
498	76
499	78
500	62
501	68
502	65
503	64
504	63
505	60
506	56
507	56
508	54
509	53
510	50
511	49
512	45
513	43
514	42
515	40
516	39
517	38
518	35
519	33
520	32
521	30
522	28
523	27
524	27
525	24
526	21
527	19
528	18
529	17
530	16
531	15
532	13
533	13
534	11
535	9
536	9
537	8
538	6
539	5
540	5
541	2
542	0
543	0
544	0
545	-1
546	-4
547	-3
548	-5
549	-4
550	-6
551	-6
552	-6
553	-6
554	-7
555	-6
556	-8
557	-8
558	-9
559	-9
560	-9
561	-9
562	-9
563	-10
564	-10
565	-10
566	-11
567	-11
568	-11
569	-11
570	-12
571	-12
572	-12
573	-11
574	-12
575	-12
576	-12
577	-12
578	-13
579	-12
580	-12
581	-12
582	-12
583	-13
584	-14
585	-13
586	-14
587	-14
588	-14
589	-14
590	-14
591	-14
592	-14
593	-14
594	-14
595	-13
596	-14
597	-14
598	-14
599	-14
600	-14
601	-14
602	-13
603	-13
604	-13
605	-13
606	-14
607	-13
608	-13
609	-13
610	-13
611	-13
612	-12
613	-12
614	-11
615	-11
616	-11
617	-12
618	-12
619	-12
620	-13
621	-12
622	-13
623	-12
624	-12
625	-12
626	-14
627	-12
628	-13
629	-13
630	-14
631	-12
632	-13
633	-11
634	-13
635	-13
636	-12
637	-12
638	-12
639	-11
640	-13
641	-10
642	-11
643	-11
644	-11
645	-9
646	-9
647	-8
648	-9
649	-8
650	-9
651	-8
652	-9
653	-8
654	-7
655	-7
656	-6
657	-5
658	-7
659	-5
660	-5
661	-5
662	-4
663	-5
664	-5
665	-6
666	-5
667	-6
668	-5
669	-5
670	-4
671	-4
672	-4
673	-4
674	-5
675	-4
676	-4
677	-4
678	-4
679	-5
680	-4
681	-3
682	-5
683	-3
684	-3
685	-3
686	-4
687	-3
688	-3
689	-2
690	-3
691	-1
692	-1
693	-1
694	-3
695	-3
696	-4
697	-3
698	-3
699	-3
700	-2
701	-2
702	-3
703	-2
704	-2
705	-2
706	-3
707	-3
708	-2
709	-3
710	-1
711	-2
712	-4
713	-1
714	-2
715	-1
716	-2
717	-3
718	-3
719	-1
720	-2
721	-3
722	-3
723	-1
724	-3
725	-1
726	-1
727	-1
728	-3
729	-2
730	-2
731	-2
732	-1
733	-1
734	-2
735	-3
736	-1
737	-2
738	-2
739	-2
740	-3
741	-1
742	-2
743	-2
744	-1
745	-1
746	-2
747	-1
748	-2
749	-2
750	-2
751	-2
752	-3
753	-2
754	-3
755	-2
756	-2
757	-2
758	-2
759	-2
760	-2
761	-2
762	-1
763	-1
764	-1
765	-2
766	0
767	-1
768	0
769	-1
770	-1
771	0
772	-1
773	0
774	-3
775	-1
776	-1
777	0
778	-1
779	-1
780	-2
781	-1
782	0
783	0
784	0
785	0
786	0
787	0
788	-2
789	0
790	-1
791	0
792	-1
793	0
794	-1
795	0
796	-1
797	-1
798	-1
799	0
800	-1
801	-2
802	-1
803	0
804	-2
805	-1
806	-1
807	-2
808	-2
809	-2
810	0
811	-2
812	-2
813	-1
814	-2
815	-1
816	-1
817	-2
818	-3
819	-1
820	-1
821	-1
822	-1
823	0
824	-1
825	-2
826	-1
827	-2
828	-1
829	-1
830	0
831	0
832	0
833	0
834	0
835	0
836	0
837	-1
838	0
839	0
840	-1
841	-1
842	-1
843	-2
844	-2
845	-1
846	-2
847	-1
848	-2
849	-2
850	-1
851	-2
852	-1
853	-3
854	-1
855	-1
856	-1
857	-3
858	-3
859	-1
860	-2
861	-1
862	0
863	0
864	0
865	-1
866	0
867	0
868	0
869	-1
870	-1
871	-1
872	-1
873	0
874	-1
875	-2
876	-1
877	-1
878	-1
879	-1
880	-1
881	-1
882	-2
883	-1
884	-1
885	0
886	-1
887	-1
888	-2
889	0
890	0
891	0
892	0
893	0
894	-1
895	-1
896	-1
897	-1
898	-1
899	-1
900	0
901	0
902	0
903	0
904	-1
905	0
906	-1
907	0
908	-1
909	0
910	0
911	-1
912	0
913	-2
914	0
915	-1
916	-1
917	-1
918	-1
919	-1
920	-1
921	-1
922	-1
923	-1
924	-1
925	0
926	-1
927	0
928	-1
929	0
930	-1
931	-1
932	-1
933	-1
934	-1
935	0
936	-1
937	-1
938	-1
939	-1
940	-1
941	-1
942	-1
943	-1
944	-1
945	0
946	0
947	-1
948	-1
949	0
950	-1
951	0
952	-1
953	0
954	-1
955	0
956	0
957	0
958	0
959	0
960	0
961	-1
962	-1
963	-1
964	0
965	-1
966	-1
967	-1
968	-1
969	-1
970	-2
971	-1
972	-2
973	0
974	-2
975	-1
976	0
977	-1
978	-1
979	-2
980	-1
981	-2
982	-1
983	-1
984	-1
985	-1
986	-1
987	-1
988	-1
989	0
990	-1
991	0
992	-2
993	0
994	-2
995	-1
996	-2
997	-2
998	-1
999	-1
1000	0
1001	-1
1002	-2
1003	-1
1004	-2
1005	-1
1006	0
1007	-1
1008	0
1009	-1
1010	0
1011	-1
1012	0
1013	0
1014	0
1015	0
1016	0
1017	0
1018	0
1019	0
1020	0
1021	0
1022	0
1023	0
1024	0
1025	0
1026	0
1027	0
1028	0
1029	-1
1030	0
1031	-1
1032	0
1033	0
1034	0
1035	-1
1036	-1
1037	0
1038	-2
1039	0
1040	0
1041	0
1042	0
1043	0
1044	-1
1045	-1
1046	0
1047	-1
1048	-1
1049	-1
1050	-2
1051	-2
1052	-1
1053	-2
1054	-2
1055	-2
1056	-2
1057	-2
1058	-2
1059	-2
1060	-2
1061	-1
1062	-3
1063	-2
1064	-2
1065	-1
1066	-2
1067	-2
1068	-1
1069	-2
1070	-2
1071	-2
1072	-1
1073	-2
1074	-1
1075	-1
1076	-1
1077	0
1078	0
1079	-1
1080	-1
1081	-1
1082	-1
1083	-1
1084	-2
1085	-1
1086	-1
1087	0
1088	-1
1089	-1
1090	0
1091	-1
1092	-1
1093	0
1094	0
1095	0
1096	-1
1097	-1
1098	0
1099	-1
1100	0
1101	-1
1102	0
1103	0
1104	-1
1105	-1
1106	-1
1107	0
1108	-1
1109	0
1110	0
1111	0
1112	0
1113	0
1114	0
1115	0
1116	0
1117	0
1118	0
1119	0
1120	-1
1121	0
1122	0
1123	0
1124	-1
1125	0
1126	-1
1127	0
1128	-1
1129	0
1130	-1
1131	0
1132	-1
1133	-1
1134	-2
1135	0
1136	0
1137	0
1138	-1
1139	0
1140	0
1141	-1
1142	0
1143	-1
1144	-2
1145	-2
1146	-1
1147	0
1148	-1
1149	-1
1150	-1
1151	-1
1152	0
1153	0
1154	0
1155	-1
1156	-2
1157	-1
1158	0
1159	0
1160	-1
1161	-1
1162	0
1163	-1
1164	0
1165	0
1166	0
1167	0
1168	0
1169	0
1170	0
1171	0
1172	-1
1173	0
1174	0
1175	0
1176	-1
1177	-1
1178	-1
1179	0
1180	-1
1181	-1
1182	-1
1183	-1
1184	-1
1185	-1
1186	0
1187	-1
1188	0
1189	-3
1190	-2
1191	-1
1192	-1
1193	-1
1194	-1
1195	-1
1196	-2
1197	-1
1198	-2
1199	-1
1200	-1
1201	0
1202	-1
1203	-1
1204	0
1205	0
1206	-1
1207	-1
1208	0
1209	0
1210	0
1211	0
1212	0
1213	0
1214	-1
1215	0
1216	0
1217	0
1218	0
1219	0
1220	0
1221	0
1222	0
1223	0
1224	0
1225	0
1226	0
1227	0
1228	0
1229	0
1230	0
1231	0
1232	-1
1233	0
1234	-1
1235	-1
1236	0
1237	0
1238	0
1239	-1
1240	0
1241	-1
1242	-1
1243	-1
1244	-1
1245	-1
1246	-1
1247	-1
1248	-1
1249	-2
1250	-1
1251	-1
1252	-2
1253	-2
1254	-2
1255	0
1256	-3
1257	-2
1258	-4
1259	-2
1260	-3
1261	-1
1262	-2
1263	-2
1264	-2
1265	-1
1266	-3
1267	-1
1268	-3
1269	-2
1270	-1
1271	-1
1272	-1
1273	-2
1274	0
1275	-4
1276	0
1277	-1
1278	0
1279	0
1280	-1
1281	-1
1282	-1
1283	-1
1284	0
1285	-1
1286	0
1287	0
1288	-1
1289	0
1290	0
1291	0
1292	-1
1293	0
1294	0
1295	0
1296	-2
1297	0
1298	-1
1299	-1
1300	-1
1301	-1
1302	-1
1303	-1
1304	-1
1305	-1
1306	-1
1307	0
1308	-1
1309	0
1310	-1
1311	-1
1312	-1
1313	-1
1314	-3
1315	-1
1316	0
1317	-1
1318	-1
1319	-1
1320	-1
1321	-1
1322	-1
1323	-1
1324	-1
1325	-1
1326	0
1327	-1
1328	0
1329	0
1330	0
1331	-1
1332	0
1333	0
1334	0
1335	0
1336	-1
1337	0
1338	-2
1339	-1
1340	0
1341	0
1342	0
1343	-1
1344	0
1345	0
1346	0
1347	-1
1348	0
1349	0
1350	0
1351	0
1352	0
1353	0
1354	0
1355	0
1356	-1
1357	-1
1358	-1
1359	-1
1360	-1
1361	-1
1362	-1
1363	-1
1364	0
1365	0
1366	0
1367	0
1368	0
1369	0
1370	0
1371	-1
1372	0
1373	-1
1374	-1
1375	-1
1376	0
1377	-1
1378	0
1379	-2
1380	-1
1381	-2
1382	-1
1383	-1
1384	-1
1385	-1
1386	-1
1387	-2
1388	-1
1389	-1
1390	-1
1391	-1
1392	-1
1393	-1
1394	-1
1395	-1
1396	0
1397	-1
1398	0
1399	-1
1400	-2
1401	-1
1402	-1
1403	-1
1404	-1
1405	-2
1406	-1
1407	0
1408	0
1409	0
1410	-1
1411	0
1412	-1
1413	-1
1414	-1
1415	0
1416	0
1417	0
1418	-1
1419	-1
1420	-1
1421	-1
1422	-1
1423	-1
1424	-1
1425	-2
1426	-2
1427	-1
1428	-1
1429	-1
1430	0
1431	0
1432	-1
1433	0
1434	-1
1435	0
1436	-1
1437	0
1438	-1
1439	-1
1440	-1
1441	-1
1442	-2
1443	0
1444	-1
1445	-1
1446	-1
1447	-1
1448	-1
1449	0
1450	0
1451	-1
1452	-2
1453	-1
1454	-2
1455	-2
1456	-2
1457	-1
1458	-2
1459	-2
1460	-1
1461	-1
1462	-1
1463	-2
1464	-1
1465	-1
1466	-1
1467	-1
1468	0
1469	0
1470	-1
1471	0
1472	0
1473	0
1474	-1
1475	0
1476	-1
1477	0
1478	-1
1479	0
1480	-2
1481	0
1482	0
1483	0
1484	0
1485	0
1486	0
1487	0
1488	0
1489	0
1490	-1
1491	0
1492	-1
1493	0
1494	0
1495	-1
1496	-1
1497	0
1498	-1
1499	0
1500	-1
1501	0
1502	-1
1503	-1
1504	0
1505	-1
1506	-1
1507	0
1508	-1
1509	0
1510	-1
1511	0
1512	-1
1513	0
1514	-1
1515	0
1516	-1
1517	0
1518	-1
1519	0
1520	-1
1521	-1
1522	0
1523	-2
1524	0
1525	-2
1526	0
1527	-2
1528	-1
1529	-2
1530	0
1531	0
1532	-1
1533	0
1534	-1
1535	-1
1536	-1
1537	0
1538	-1
1539	0
1540	-1
1541	-1
1542	0
1543	0
1544	0
1545	-2
1546	-1
1547	-1
1548	0
1549	-1
1550	0
1551	-1
1552	0
1553	0
1554	0
1555	-1
1556	-1
1557	-2
1558	0
1559	-2
1560	-2
1561	-1
1562	0
1563	-2
1564	-1
1565	-1
1566	0
1567	-2
1568	0
1569	-1
1570	0
1571	0
1572	0
1573	0
1574	-1
1575	0
1576	0
1577	0
1578	0
1579	0
1580	0
1581	0
1582	0
1583	0
1584	0
1585	0
1586	-1
1587	0
1588	0
1589	0
1590	0
1591	0
1592	-1
1593	-1
1594	0
1595	0
1596	0
1597	0
1598	0
1599	0
1600	0
1601	-1
1602	0
1603	0
1604	0
1605	0
1606	0
1607	0
1608	0
1609	0
1610	0
1611	0
1612	0
1613	0
1614	-1
1615	0
1616	0
1617	0
1618	0
1619	0
1620	0
1621	0
1622	0
1623	-1
1624	0
1625	0
1626	-1
1627	0
1628	0
1629	0
1630	0
1631	0
1632	0
1633	0
1634	0
1635	-1
1636	0
1637	-1
1638	0
1639	-1
1640	0
1641	-1
1642	-1
1643	-1
1644	0
1645	0
1646	0
1647	0
1648	0
1649	0
1650	0
1651	0
1652	0
1653	0
1654	0
1655	0
1656	0
1657	0
1658	0
1659	0
1660	0
1661	0
1662	0
1663	0
1664	0
1665	0
1666	1
1667	0
1668	0
1669	1
1670	1
1671	1
1672	0
1673	1
1674	1
1675	1
1676	1
1677	2
1678	1
1679	1
1680	0
1681	2
1682	1
1683	2
1684	2
1685	1
1686	1
1687	1
1688	1
1689	2
1690	0
1691	1
1692	0
1693	0
1694	0
1695	0
1696	1
1697	0
1698	0
1699	0
1700	0
1701	0
1702	0
1703	0
1704	-1
1705	0
1706	0
1707	0
1708	0
1709	0
1710	-1
1711	-1
1712	0
1713	0
1714	-1
1715	0
1716	0
1717	-1
1718	-1
1719	-2
1720	0
1721	-1
1722	0
1723	0
1724	-1
1725	0
1726	0
1727	0
1728	0
1729	0
1730	0
1731	0
1732	0
1733	0
1734	-1
1735	-1
1736	0
1737	0
1738	0
1739	0
1740	-1
1741	0
1742	-1
1743	0
1744	-2
1745	-2
1746	-1
1747	-2
1748	-1
1749	-2
1750	-1
1751	-2
1752	-2
1753	-2
1754	-2
1755	-1
1756	-1
1757	-2
1758	-1
1759	-2
1760	-2
1761	-1
1762	-1
1763	-1
1764	-1
1765	-1
1766	0
1767	-2
1768	0
1769	-1
1770	0
1771	0
1772	0
1773	0
1774	0
1775	0
1776	0
1777	0
1778	0
1779	0
1780	0
1781	0
1782	0
1783	0
1784	0
1785	0
1786	0
1787	0
1788	0
1789	0
1790	0
1791	0
1792	0
1793	0
1794	0
1795	0
1796	0
1797	0
1798	0
1799	0
1800	0
1801	0
1802	0
1803	0
1804	0
1805	0
1806	0
1807	0
1808	0
1809	0
1810	0
1811	0
1812	0
1813	0
1814	0
1815	0
1816	0
1817	0
1818	-1
1819	-1
1820	-1
1821	0
1822	-1
1823	-1
1824	0
1825	-1
1826	-1
1827	-1
1828	-2
1829	-1
1830	-1
1831	-1
1832	-1
1833	-1
1834	-1
1835	0
1836	-1
1837	-1
1838	-1
1839	-1
1840	0
1841	0
1842	-1
1843	0
1844	-1
1845	0
1846	0
1847	0
1848	0
1849	0
1850	0
1851	0
1852	0
1853	0
1854	0
1855	0
1856	0
1857	0
1858	0
1859	0
1860	-1
1861	-1
1862	-1
1863	-1
1864	0
1865	-1
1866	0
1867	-1
1868	-2
1869	-1
1870	-2
1871	-2
1872	-1
1873	-2
1874	-2
1875	-1
1876	-2
1877	-1
1878	-1
1879	-2
1880	-2
1881	-3
1882	-2
1883	-2
1884	-2
1885	-2
1886	-1
1887	-1
1888	-1
1889	0
1890	-1
1891	-1
1892	0
1893	0
1894	0
1895	-1
1896	0
1897	0
1898	0
1899	0
1900	0
1901	0
1902	0
1903	0
1904	0
1905	0
1906	0
1907	0
1908	0
1909	-1
1910	0
1911	0
1912	0
1913	-1
1914	-1
1915	-2
1916	-1
1917	-1
1918	0
1919	-1
1920	-1
1921	-1
1922	-2
1923	-1
1924	-1
1925	-1
1926	-1
1927	-1
1928	-2
1929	-1
1930	0
1931	-1
1932	-1
1933	-1
1934	-1
1935	0
1936	0
1937	-1
1938	-1
1939	-2
1940	0
1941	0
1942	0
1943	0
1944	0
1945	0
1946	0
1947	0
1948	0
1949	0
1950	0
1951	0
1952	0
1953	0
1954	0
1955	0
1956	-1
1957	0
1958	-1
1959	-1
1960	-1
1961	0
1962	0
1963	0
1964	0
1965	-1
1966	-1
1967	0
1968	-1
1969	-1
1970	-2
1971	-1
1972	-2
1973	0
1974	-1
1975	-1
1976	-1
1977	-1
1978	0
1979	0
1980	0
1981	-1
1982	0
1983	0
1984	-1
1985	-1
1986	0
1987	0
1988	-1
1989	-1
1990	0
1991	0
1992	0
1993	0
1994	-1
1995	0
1996	-2
1997	0
1998	0
1999	-1
