0	-1
1	0
2	0
3	0
4	0
5	0
6	1
7	0
8	0
9	0
10	0
11	0
12	0
13	0
14	0
15	0
16	0
17	2
18	0
19	2
20	0
21	0
22	0
23	2
24	0
25	0
26	1
27	1
28	0
29	1
30	0
31	0
32	0
33	1
34	0
35	0
36	0
37	1
38	0
39	0
40	1
41	1
42	0
43	1
44	1
45	2
46	1
47	2
48	2
49	1
50	1
51	2
52	2
53	1
54	1
55	2
56	1
57	1
58	0
59	0
60	0
61	1
62	0
63	1
64	0
65	0
66	0
67	0
68	0
69	0
70	0
71	0
72	0
73	0
74	0
75	0
76	0
77	0
78	0
79	0
80	0
81	0
82	-1
83	0
84	0
85	0
86	0
87	0
88	0
89	1
90	0
91	1
92	1
93	1
94	1
95	1
96	0
97	1
98	0
99	1
100	0
101	1
102	0
103	0
104	0
105	1
106	0
107	1
108	0
109	1
110	0
111	0
112	0
113	1
114	0
115	0
116	0
117	0
118	0
119	0
120	0
121	0
122	0
123	0
124	0
125	0
126	0
127	0
128	0
129	0
130	0
131	2
132	0
133	0
134	0
135	0
136	0
137	0
138	0
139	1
140	0
141	0
142	0
143	0
144	1
145	1
146	0
147	1
148	1
149	1
150	0
151	1
152	1
153	1
154	1
155	1
156	1
157	2
158	1
159	1
160	0
161	2
162	1
163	2
164	1
165	2
166	0
167	1
168	0
169	1
170	0
171	2
172	0
173	2
174	0
175	2
176	1
177	0
178	1
179	0
180	0
181	0
182	0
183	0
184	0
185	0
186	0
187	0
188	0
189	0
190	0
191	0
192	0
193	0
194	0
195	0
196	0
197	0
198	0
199	0
200	0
201	0
202	0
203	0
204	0
205	2
206	0
207	0
208	1
209	1
210	0
211	0
212	0
213	0
214	0
215	0
216	0
217	0
218	0
219	1
220	0
221	0
222	0
223	0
224	0
225	0
226	0
227	0
228	0
229	0
230	0
231	0
232	0
233	0
234	0
235	1
236	0
237	0
238	0
239	1
240	0
241	2
242	0
243	0
244	0
245	0
246	0
247	1
248	0
249	1
250	0
251	0
252	1
253	1
254	1
255	1
256	0
257	1
258	1
259	0
260	0
261	0
262	0
263	0
264	0
265	0
266	0
267	1
268	1
269	1
270	0
271	1
272	0
273	1
274	0
275	2
276	0
277	1
278	1
279	1
280	0
281	1
282	0
283	1
284	1
285	1
286	1
287	1
288	1
289	1
290	0
291	2
292	1
293	2
294	2
295	1
296	1
297	1
298	1
299	2
300	1
301	0
302	0
303	1
304	0
305	1
306	0
307	0
308	0
309	0
310	0
311	0
312	0
313	1
314	0
315	0
316	0
317	0
318	0
319	0
320	-1
321	0
322	0
323	0
324	0
325	1
326	0
327	0
328	-1
329	0
330	0
331	0
332	0
333	0
334	0
335	0
336	0
337	0
338	0
339	1
340	0
341	1
342	0
343	0
344	0
345	2
346	0
347	1
348	0
349	0
350	0
351	0
352	0
353	1
354	0
355	1
356	1
357	1
358	1
359	1
360	1
361	1
362	1
363	1
364	2
365	2
366	2
367	1
368	1
369	2
370	3
371	2
372	2
373	2
374	1
375	1
376	1
377	2
378	0
379	2
380	1
381	1
382	0
383	1
384	2
385	2
386	1
387	2
388	1
389	1
390	0
391	1
392	0
393	1
394	0
395	3
396	0
397	2
398	0
399	2
400	0
401	1
402	0
403	0
404	1
405	1
406	1
407	2
408	0
409	1
410	0
411	1
412	0
413	1
414	0
415	1
416	0
417	0
418	0
419	1
420	0
421	0
422	0
423	0
424	0
425	1
426	1
427	1
428	2
429	2
430	2
431	4
432	6
433	7
434	10
435	14
436	16
437	20
438	23
439	28
440	33
441	39
442	42
443	48
444	53
445	59
446	64
447	70
448	74
449	81
450	85
451	90
452	96
453	101
454	107
455	111
456	115
457	120
458	125
459	131
460	135
461	138
462	142
463	147
464	150
465	151
466	155
467	159
468	160
469	162
470	164
471	164
472	164
473	164
474	163
475	162
476	162
477	160
478	160
479	155
480	152
481	151
482	148
483	145
484	140
485	136
486	131
487	126
488	124
489	120
490	115
491	111
492	106
493	101
494	95
495	92
496	85
497	80
498	78
499	78
500	62
501	63
502	58
503	53
504	48
505	47
506	39
507	35
508	32
509	28
510	24
511	20
512	15
513	15
514	9
515	6
516	2
517	1
518	-3
519	-4
520	-9
521	-11
522	-14
523	-15
524	-16
525	-21
526	-22
527	-23
528	-27
529	-27
530	-29
531	-30
532	-33
533	-32
534	-35
535	-37
536	-38
537	-38
538	-40
539	-41
540	-42
541	-43
542	-45
543	-43
544	-45
545	-45
546	-46
547	-45
548	-46
549	-46
550	-47
551	-47
552	-47
553	-46
554	-46
555	-47
556	-47
557	-47
558	-46
559	-47
560	-49
561	-46
562	-47
563	-45
564	-46
565	-44
566	-45
567	-45
568	-45
569	-45
570	-44
571	-43
572	-44
573	-42
574	-42
575	-41
576	-42
577	-41
578	-40
579	-40
580	-39
581	-40
582	-37
583	-36
584	-38
585	-36
586	-37
587	-34
588	-35
589	-34
590	-34
591	-34
592	-32
593	-31
594	-32
595	-31
596	-32
597	-30
598	-31
599	-30
600	-30
601	-29
602	-29
603	-29
604	-29
605	-28
606	-28
607	-26
608	-27
609	-24
610	-26
611	-23
612	-24
613	-22
614	-21
615	-20
616	-21
617	-19
618	-20
619	-18
620	-19
621	-18
622	-17
623	-17
624	-16
625	-16
626	-16
627	-16
628	-16
629	-16
630	-16
631	-16
632	-15
633	-15
634	-15
635	-15
636	-16
637	-15
638	-15
639	-14
640	-14
641	-14
642	-13
643	-13
644	-12
645	-12
646	-12
647	-11
648	-13
649	-11
650	-11
651	-9
652	-11
653	-9
654	-10
655	-7
656	-8
657	-6
658	-9
659	-6
660	-5
661	-4
662	-6
663	-4
664	-5
665	-4
666	-5
667	-4
668	-4
669	-4
670	-4
671	-4
672	-3
673	-4
674	-3
675	-3
676	-4
677	-2
678	-4
679	-2
680	-2
681	-2
682	-3
683	-1
684	-1
685	-2
686	-3
687	-2
688	-2
689	-2
690	-2
691	-2
692	-1
693	-2
694	-1
695	-2
696	-2
697	-2
698	-1
699	-1
700	-3
701	-2
702	-2
703	-2
704	-1
705	0
706	-2
707	-1
708	-1
709	-1
710	-1
711	-1
712	-1
713	0
714	-1
715	0
716	0
717	-1
718	-1
719	-1
720	-1
721	-1
722	-1
723	-1
724	-1
725	-1
726	-1
727	-1
728	-2
729	-2
730	-2
731	-1
732	-2
733	0
734	-2
735	-1
736	-2
737	0
738	0
739	-1
740	-1
741	0
742	-1
743	0
744	-1
745	-1
746	-1
747	-1
748	-1
749	0
750	-1
751	0
752	-2
753	-1
754	-1
755	-1
756	0
757	-1
758	-1
759	-1
760	-1
761	0
762	0
763	0
764	0
765	0
766	0
767	0
768	0
769	0
770	0
771	0
772	0
773	0
774	0
775	0
776	0
777	0
778	0
779	0
780	0
781	-1
782	0
783	-1
784	0
785	-1
786	-1
787	-1
788	0
789	-1
790	-1
791	-1
792	0
793	-1
794	0
795	0
796	-1
797	0
798	0
799	0
800	0
801	-1
802	-1
803	-1
804	-1
805	0
806	0
807	0
808	0
809	0
810	0
811	-1
812	0
813	0
814	0
815	-1
816	-1
817	0
818	0
819	0
820	0
821	0
822	0
823	0
824	0
825	0
826	0
827	0
828	0
829	0
830	0
831	0
832	0
833	0
834	0
835	0
836	-1
837	0
838	0
839	-1
840	0
841	0
842	-1
843	0
844	0
845	-1
846	-1
847	-1
848	-1
849	-1
850	0
851	0
852	0
853	0
854	0
855	0
856	0
857	0
858	0
859	0
860	0
861	0
862	0
863	0
864	0
865	0
866	0
867	0
868	0
869	0
870	-1
871	-1
872	-1
873	-1
874	-2
875	-1
876	0
877	0
878	0
879	-2
880	-1
881	-2
882	-1
883	-1
884	-1
885	-1
886	-1
887	-1
888	0
889	0
890	-1
891	0
892	-1
893	-1
894	0
895	0
896	0
897	0
898	0
899	0
900	0
901	0
902	0
903	0
904	0
905	0
906	0
907	0
908	0
909	0
910	0
911	0
912	0
913	0
914	0
915	0
916	0
917	0
918	0
919	0
920	0
921	-1
922	0
923	0
924	0
925	0
926	0
927	0
928	0
929	0
930	0
931	0
932	0
933	0
934	0
935	0
936	0
937	0
938	0
939	0
940	0
941	0
942	0
943	0
944	0
945	0
946	0
947	0
948	0
949	1
950	0
951	1
952	0
953	0
954	0
955	0
956	1
957	1
958	0
959	0
960	0
961	0
962	0
963	0
964	-1
965	0
966	0
967	1
968	-1
969	0
970	0
971	-1
972	-1
973	-1
974	-1
975	0
976	-1
977	0
978	0
979	0
980	0
981	0
982	0
983	0
984	0
985	-1
986	0
987	0
988	-1
989	0
990	-1
991	0
992	0
993	0
994	0
995	0
996	0
997	0
998	-1
999	0
1000	-1
1001	0
1002	0
1003	0
1004	0
1005	-1
1006	0
1007	0
1008	-1
1009	0
1010	0
1011	0
1012	0
1013	0
1014	0
1015	0
1016	0
1017	-1
1018	-2
1019	-2
1020	-2
1021	-2
1022	-1
1023	-1
1024	-1
1025	-1
1026	-1
1027	-1
1028	0
1029	-2
1030	-2
1031	-1
1032	-1
1033	0
1034	-1
1035	0
1036	0
1037	0
1038	0
1039	0
1040	0
1041	0
1042	0
1043	0
1044	0
1045	0
1046	-1
1047	0
1048	0
1049	0
1050	0
1051	0
1052	0
1053	0
1054	0
1055	0
1056	0
1057	0
1058	0
1059	0
1060	0
1061	0
1062	0
1063	0
1064	0
1065	0
1066	0
1067	0
1068	0
1069	0
1070	0
1071	0
1072	0
1073	0
1074	-1
1075	0
1076	0
1077	0
1078	-2
1079	-1
1080	-1
1081	0
1082	-2
1083	-1
1084	-2
1085	0
1086	-1
1087	0
1088	0
1089	0
1090	-1
1091	-1
1092	-1
1093	0
1094	-1
1095	0
1096	-1
1097	0
1098	0
1099	0
1100	0
1101	-1
1102	0
1103	-1
1104	0
1105	-1
1106	0
1107	0
1108	-1
1109	0
1110	0
1111	0
1112	0
1113	-1
1114	0
1115	0
1116	-1
1117	0
1118	0
1119	0
1120	0
1121	1
1122	0
1123	0
1124	1
1125	2
1126	1
1127	1
1128	2
1129	1
1130	1
1131	2
1132	2
1133	2
1134	2
1135	3
1136	2
1137	3
1138	2
1139	3
1140	2
1141	4
1142	3
1143	3
1144	3
1145	2
1146	3
1147	3
1148	2
1149	4
1150	2
1151	3
1152	3
1153	3
1154	2
1155	3
1156	3
1157	2
1158	3
1159	2
1160	2
1161	2
1162	0
1163	2
1164	1
1165	2
1166	0
1167	1
1168	0
1169	1
1170	0
1171	0
1172	0
1173	0
1174	0
1175	0
1176	0
1177	0
1178	0
1179	0
1180	0
1181	0
1182	-1
1183	0
1184	-1
1185	-1
1186	-2
1187	-1
1188	-1
1189	0
1190	0
1191	0
1192	0
1193	-2
1194	0
1195	0
1196	0
1197	0
1198	0
1199	0
1200	0
1201	0
1202	0
1203	0
1204	-1
1205	0
1206	-1
1207	0
1208	0
1209	0
1210	0
1211	0
1212	-2
1213	-1
1214	-2
1215	0
1216	-1
1217	0
1218	-2
1219	-1
1220	-1
1221	-1
1222	-2
1223	-1
1224	-2
1225	-2
1226	-2
1227	-2
1228	-2
1229	-2
1230	-3
1231	-2
1232	-2
1233	-2
1234	-2
1235	-1
1236	-1
1237	-2
1238	-2
1239	0
1240	-1
1241	-2
1242	0
1243	0
1244	-2
1245	-1
1246	-1
1247	0
1248	0
1249	0
1250	0
1251	0
1252	-1
1253	0
1254	-2
1255	-1
1256	-1
1257	0
1258	0
1259	-1
1260	0
1261	0
1262	-1
1263	0
1264	-1
1265	0
1266	0
1267	0
1268	0
1269	0
1270	0
1271	0
1272	0
1273	0
1274	-1
1275	0
1276	0
1277	0
1278	0
1279	0
1280	-1
1281	0
1282	0
1283	0
1284	0
1285	0
1286	0
1287	0
1288	0
1289	-1
1290	0
1291	0
1292	0
1293	0
1294	0
1295	0
1296	0
1297	0
1298	-1
1299	0
1300	-1
1301	0
1302	-1
1303	0
1304	-1
1305	-1
1306	-1
1307	-2
1308	-1
1309	-1
1310	-1
1311	-1
1312	-1
1313	0
1314	0
1315	-1
1316	-1
1317	0
1318	0
1319	0
1320	-1
1321	0
1322	-1
1323	0
1324	0
1325	0
1326	0
1327	0
1328	0
1329	0
1330	0
1331	0
1332	0
1333	0
1334	0
1335	1
1336	0
1337	1
1338	0
1339	1
1340	0
1341	0
1342	0
1343	1
1344	0
1345	0
1346	0
1347	0
1348	0
1349	0
1350	0
1351	0
1352	0
1353	0
1354	0
1355	0
1356	0
1357	0
1358	0
1359	0
1360	0
1361	0
1362	-1
1363	0
1364	-1
1365	0
1366	-1
1367	-1
1368	-2
1369	-1
1370	-2
1371	-1
1372	-1
1373	-1
1374	0
1375	0
1376	0
1377	0
1378	0
1379	0
1380	0
1381	0
1382	0
1383	0
1384	0
1385	0
1386	0
1387	0
1388	0
1389	0
1390	0
1391	0
1392	-1
1393	0
1394	0
1395	0
1396	-1
1397	-1
1398	0
1399	-1
1400	-1
1401	-1
1402	-1
1403	-1
1404	-1
1405	0
1406	0
1407	0
1408	0
1409	0
1410	0
1411	0
1412	-1
1413	0
1414	0
1415	0
1416	0
1417	0
1418	0
1419	0
1420	0
1421	0
1422	0
1423	0
1424	0
1425	1
1426	0
1427	0
1428	0
1429	0
1430	0
1431	0
1432	0
1433	0
1434	0
1435	0
1436	0
1437	0
1438	-1
1439	1
1440	0
1441	0
1442	0
1443	0
1444	0
1445	0
1446	0
1447	0
1448	0
1449	0
1450	0
1451	0
1452	0
1453	0
1454	0
1455	0
1456	0
1457	0
1458	0
1459	0
1460	0
1461	0
1462	-1
1463	0
1464	0
1465	0
1466	0
1467	0
1468	0
1469	0
1470	-2
1471	0
1472	0
1473	0
1474	-1
1475	0
1476	-1
1477	0
1478	-1
1479	0
1480	-1
1481	0
1482	-1
1483	0
1484	-2
1485	0
1486	-1
1487	0
1488	-1
1489	0
1490	0
1491	0
1492	0
1493	0
1494	0
1495	0
1496	0
1497	0
1498	0
1499	0
1500	0
1501	0
1502	0
1503	0
1504	0
1505	0
1506	0
1507	1
1508	0
1509	1
1510	0
1511	0
1512	0
1513	1
1514	0
1515	1
1516	1
1517	1
1518	1
1519	0
1520	0
1521	1
1522	0
1523	1
1524	1
1525	0
1526	0
1527	1
1528	0
1529	2
1530	0
1531	2
1532	0
1533	1
1534	0
1535	0
1536	2
1537	1
1538	2
1539	2
1540	1
1541	2
1542	1
1543	2
1544	1
1545	2
1546	2
1547	2
1548	3
1549	2
1550	2
1551	2
1552	2
1553	3
1554	3
1555	2
1556	2
1557	2
1558	2
1559	2
1560	3
1561	2
1562	4
1563	2
1564	3
1565	3
1566	4
1567	4
1568	3
1569	5
1570	3
1571	4
1572	3
1573	3
1574	3
1575	3
1576	3
1577	4
1578	1
1579	2
1580	1
1581	0
1582	1
1583	1
1584	1
1585	1
1586	0
1587	0
1588	1
1589	0
1590	0
1591	0
1592	0
1593	0
1594	-1
1595	-1
1596	-1
1597	-1
1598	-2
1599	-2
1600	-1
1601	-1
1602	-2
1603	-1
1604	-2
1605	-1
1606	-1
1607	-1
1608	-2
1609	-2
1610	-2
1611	-2
1612	-1
1613	-1
1614	0
1615	-1
1616	-1
1617	-1
1618	0
1619	0
1620	0
1621	0
1622	0
1623	0
1624	0
1625	0
1626	0
1627	0
1628	0
1629	0
1630	0
1631	0
1632	0
1633	0
1634	1
1635	0
1636	0
1637	0
1638	0
1639	0
1640	0
1641	0
1642	0
1643	0
1644	0
1645	0
1646	-1
1647	0
1648	-1
1649	0
1650	-1
1651	0
1652	0
1653	-1
1654	0
1655	0
1656	-1
1657	0
1658	0
1659	-1
1660	-1
1661	-1
1662	-1
1663	0
1664	0
1665	0
1666	0
1667	0
1668	0
1669	-1
1670	-1
1671	0
1672	0
1673	-1
1674	-2
1675	0
1676	-2
1677	0
1678	-2
1679	-1
1680	-2
1681	-1
1682	0
1683	-1
1684	-1
1685	-1
1686	-1
1687	-1
1688	-1
1689	-1
1690	-1
1691	0
1692	-1
1693	-1
1694	0
1695	0
1696	-1
1697	0
1698	-1
1699	-1
1700	-1
1701	0
1702	-1
1703	-1
1704	0
1705	0
1706	0
1707	0
1708	-1
1709	0
1710	-1
1711	1
1712	-1
1713	0
1714	0
1715	0
1716	0
1717	0
1718	0
1719	0
1720	0
1721	0
1722	0
1723	0
1724	0
1725	0
1726	0
1727	0
1728	0
1729	0
1730	0
1731	0
1732	0
1733	0
1734	0
1735	0
1736	0
1737	0
1738	0
1739	0
1740	1
1741	0
1742	0
1743	0
1744	0
1745	0
1746	-1
1747	0
1748	-1
1749	0
1750	-1
1751	-1
1752	0
1753	0
1754	0
1755	0
1756	0
1757	-1
1758	0
1759	0
1760	0
1761	0
1762	0
1763	0
1764	0
1765	0
1766	0
1767	0
1768	0
1769	2
1770	0
1771	0
1772	0
1773	0
1774	1
1775	0
1776	1
1777	1
1778	1
1779	0
1780	1
1781	0
1782	0
1783	0
1784	0
1785	0
1786	0
1787	0
1788	0
1789	1
1790	1
1791	1
1792	1
1793	1
1794	1
1795	2
1796	1
1797	1
1798	2
1799	3
1800	2
1801	2
1802	2
1803	2
1804	2
1805	3
1806	4
1807	3
1808	3
1809	3
1810	2
1811	4
1812	2
1813	3
1814	3
1815	2
1816	3
1817	3
1818	3
1819	3
1820	3
1821	3
1822	3
1823	2
1824	3
1825	3
1826	3
1827	3
1828	2
1829	2
1830	2
1831	2
1832	2
1833	3
1834	2
1835	2
1836	2
1837	2
1838	2
1839	2
1840	1
1841	2
1842	0
1843	3
1844	1
1845	1
1846	0
1847	1
1848	0
1849	1
1850	0
1851	0
1852	0
1853	1
1854	0
1855	0
1856	0
1857	0
1858	0
1859	0
1860	0
1861	0
1862	0
1863	0
1864	0
1865	0
1866	0
1867	0
1868	0
1869	0
1870	0
1871	0
1872	-1
1873	0
1874	-1
1875	0
1876	0
1877	0
1878	-1
1879	0
1880	-1
1881	0
1882	0
1883	0
1884	-1
1885	0
1886	-2
1887	0
1888	-3
1889	0
1890	-1
1891	0
1892	-1
1893	-1
1894	0
1895	0
1896	0
1897	0
1898	0
1899	0
1900	0
1901	0
1902	0
1903	0
1904	-1
1905	0
1906	0
1907	0
1908	-1
1909	0
1910	-1
1911	0
1912	-1
1913	0
1914	-1
1915	0
1916	0
1917	-1
1918	-1
1919	-1
1920	-1
1921	-1
1922	-2
1923	-1
1924	-1
1925	0
1926	-2
1927	0
1928	-1
1929	0
1930	0
1931	0
1932	0
1933	0
1934	-2
1935	0
1936	-1
1937	0
1938	0
1939	-1
1940	0
1941	-1
1942	-1
1943	-1
1944	0
1945	0
1946	0
1947	0
1948	-1
1949	0
1950	0
1951	0
1952	0
1953	0
1954	-1
1955	0
1956	-1
1957	-1
1958	-1
1959	0
1960	0
1961	0
1962	-1
1963	-1
1964	0
1965	0
1966	0
1967	0
1968	0
1969	0
1970	0
1971	0
1972	0
1973	-1
1974	0
1975	-1
1976	0
1977	0
1978	0
1979	0
1980	0
1981	0
1982	0
1983	0
1984	-1
1985	0
1986	0
1987	0
1988	0
1989	0
1990	0
1991	0
1992	0
1993	0
1994	0
1995	-1
1996	-1
1997	0
1998	0
1999	0
