0	0
1	0
2	0
3	0
4	0
5	0
6	-1
7	0
8	0
9	0
10	0
11	0
12	0
13	0
14	0
15	0
16	0
17	0
18	0
19	0
20	0
21	0
22	0
23	0
24	0
25	0
26	0
27	0
28	1
29	0
30	0
31	0
32	0
33	0
34	0
35	0
36	0
37	0
38	0
39	0
40	0
41	0
42	0
43	0
44	0
45	0
46	0
47	0
48	0
49	0
50	0
51	0
52	0
53	0
54	0
55	0
56	0
57	0
58	0
59	0
60	0
61	0
62	0
63	0
64	0
65	0
66	0
67	0
68	0
69	0
70	0
71	0
72	0
73	0
74	0
75	0
76	0
77	0
78	0
79	0
80	0
81	-1
82	0
83	0
84	0
85	-1
86	-1
87	0
88	0
89	0
90	0
91	0
92	0
93	0
94	0
95	0
96	0
97	0
98	0
99	0
100	0
101	0
102	0
103	0
104	0
105	0
106	0
107	0
108	0
109	0
110	0
111	0
112	0
113	0
114	0
115	0
116	0
117	0
118	0
119	0
120	0
121	0
122	0
123	0
124	0
125	0
126	0
127	0
128	0
129	0
130	0
131	0
132	0
133	0
134	0
135	0
136	0
137	0
138	0
139	0
140	-1
141	0
142	0
143	0
144	0
145	0
146	0
147	0
148	0
149	0
150	0
151	0
152	0
153	0
154	0
155	0
156	0
157	0
158	0
159	0
160	0
161	0
162	0
163	0
164	0
165	0
166	0
167	0
168	0
169	0
170	0
171	0
172	0
173	0
174	0
175	0
176	0
177	0
178	0
179	0
180	0
181	0
182	0
183	0
184	0
185	0
186	0
187	0
188	0
189	0
190	0
191	0
192	0
193	0
194	0
195	0
196	0
197	0
198	0
199	0
200	0
201	0
202	0
203	0
204	0
205	0
206	0
207	0
208	0
209	0
210	0
211	0
212	0
213	0
214	0
215	0
216	0
217	0
218	0
219	0
220	-1
221	0
222	0
223	0
224	0
225	0
226	-1
227	0
228	-1
229	0
230	0
231	0
232	0
233	0
234	0
235	0
236	0
237	0
238	0
239	0
240	0
241	0
242	0
243	0
244	0
245	0
246	0
247	0
248	0
249	0
250	0
251	0
252	0
253	0
254	0
255	0
256	0
257	0
258	0
259	0
260	0
261	0
262	0
263	0
264	0
265	0
266	0
267	0
268	0
269	0
270	0
271	0
272	0
273	0
274	0
275	0
276	0
277	0
278	0
279	0
280	0
281	-1
282	-1
283	-1
284	0
285	0
286	0
287	0
288	0
289	0
290	0
291	0
292	0
293	0
294	0
295	0
296	0
297	0
298	0
299	0
300	0
301	0
302	0
303	0
304	0
305	0
306	0
307	0
308	0
309	0
310	0
311	0
312	0
313	0
314	0
315	0
316	0
317	0
318	0
319	0
320	0
321	0
322	0
323	0
324	0
325	0
326	-1
327	0
328	-1
329	0
330	-1
331	-1
332	-1
333	0
334	-1
335	-1
336	-1
337	0
338	0
339	0
340	0
341	0
342	0
343	0
344	0
345	0
346	0
347	0
348	0
349	0
350	0
351	0
352	0
353	0
354	0
355	0
356	0
357	0
358	0
359	0
360	0
361	0
362	0
363	0
364	0
365	0
366	0
367	0
368	0
369	0
370	0
371	0
372	0
373	0
374	0
375	0
376	0
377	0
378	0
379	0
380	0
381	0
382	0
383	0
384	0
385	0
386	0
387	0
388	0
389	0
390	0
391	0
392	0
393	0
394	0
395	0
396	0
397	0
398	0
399	0
400	0
401	0
402	0
403	0
404	0
405	0
406	0
407	0
408	0
409	0
410	0
411	0
412	0
413	0
414	-1
415	0
416	0
417	0
418	0
419	0
420	0
421	0
422	0
423	0
424	0
425	0
426	0
427	0
428	0
429	0
430	0
431	0
432	0
433	0
434	0
435	0
436	0
437	0
438	0
439	0
440	1
441	3
442	4
443	6
444	10
445	11
446	14
447	18
448	19
449	22
450	25
451	32
452	33
453	38
454	41
455	47
456	50
457	53
458	57
459	61
460	63
461	68
462	71
463	75
464	77
465	80
466	81
467	85
468	87
469	90
470	90
471	92
472	94
473	97
474	96
475	98
476	97
477	98
478	99
479	99
480	98
481	98
482	96
483	97
484	96
485	94
486	94
487	92
488	90
489	90
490	89
491	86
492	85
493	82
494	79
495	78
496	77
497	77
498	77
499	78
500	62
501	67
502	64
503	64
504	62
505	58
506	56
507	52
508	49
509	49
510	47
511	45
512	42
513	39
514	38
515	37
516	35
517	33
518	32
519	28
520	26
521	24
522	22
523	20
524	18
525	18
526	16
527	16
528	13
529	11
530	11
531	10
532	7
533	7
534	4
535	4
536	3
537	2
538	0
539	1
540	-1
541	-2
542	-1
543	-3
544	-4
545	-5
546	-6
547	-6
548	-8
549	-9
550	-10
551	-10
552	-9
553	-10
554	-11
555	-11
556	-12
557	-12
558	-12
559	-13
560	-12
561	-12
562	-13
563	-14
564	-13
565	-14
566	-15
567	-15
568	-14
569	-15
570	-14
571	-14
572	-14
573	-15
574	-16
575	-16
576	-15
577	-15
578	-15
579	-15
580	-15
581	-15
582	-16
583	-16
584	-16
585	-15
586	-15
587	-15
588	-16
589	-15
590	-16
591	-14
592	-16
593	-15
594	-15
595	-15
596	-15
597	-15
598	-15
599	-15
600	-15
601	-15
602	-15
603	-15
604	-15
605	-15
606	-14
607	-15
608	-15
609	-14
610	-15
611	-15
612	-15
613	-15
614	-16
615	-15
616	-15
617	-14
618	-13
619	-14
620	-14
621	-12
622	-13
623	-13
624	-14
625	-12
626	-13
627	-14
628	-13
629	-12
630	-11
631	-13
632	-12
633	-12
634	-12
635	-11
636	-10
637	-11
638	-10
639	-6
640	-9
641	-8
642	-9
643	-8
644	-9
645	-9
646	-8
647	-7
648	-8
649	-5
650	-6
651	-5
652	-7
653	-4
654	-6
655	-6
656	-6
657	-6
658	-5
659	-5
660	-4
661	-5
662	-6
663	-6
664	-4
665	-4
666	-4
667	-3
668	-4
669	-4
670	-4
671	-3
672	-4
673	-4
674	-3
675	-1
676	-3
677	-4
678	-3
679	-2
680	-3
681	-2
682	-3
683	-2
684	-3
685	-3
686	-2
687	-2
688	-3
689	-3
690	-2
691	-4
692	-2
693	-3
694	-2
695	-1
696	-3
697	-2
698	-2
699	-2
700	-2
701	-1
702	-4
703	-2
704	-2
705	-1
706	-1
707	-1
708	0
709	-2
710	-1
711	-1
712	-2
713	-2
714	-2
715	-1
716	-2
717	-2
718	-2
719	-1
720	-2
721	-2
722	-1
723	-1
724	-2
725	-1
726	-1
727	-1
728	-1
729	-1
730	-2
731	0
732	-1
733	-1
734	0
735	-1
736	-1
737	-2
738	-1
739	0
740	-1
741	0
742	0
743	-1
744	-1
745	0
746	0
747	-1
748	0
749	-1
750	-1
751	0
752	0
753	0
754	0
755	0
756	0
757	0
758	0
759	0
760	0
761	0
762	0
763	0
764	0
765	0
766	0
767	0
768	0
769	0
770	-1
771	-1
772	-1
773	0
774	-1
775	0
776	-1
777	-1
778	-2
779	0
780	0
781	-2
782	-1
783	-1
784	0
785	-1
786	-1
787	0
788	-1
789	-1
790	-2
791	-2
792	-2
793	-1
794	-1
795	-2
796	-1
797	-1
798	-1
799	-2
800	-2
801	-1
802	-1
803	-1
804	-2
805	-1
806	-2
807	-2
808	-2
809	-1
810	-2
811	-1
812	-2
813	0
814	-2
815	-1
816	-2
817	0
818	-2
819	-1
820	0
821	-2
822	-1
823	-1
824	-1
825	-1
826	0
827	0
828	0
829	0
830	0
831	-1
832	0
833	0
834	0
835	0
836	0
837	0
838	0
839	-1
840	0
841	0
842	-1
843	0
844	-1
845	-1
846	-1
847	-1
848	-2
849	-1
850	-1
851	-1
852	-1
853	-1
854	-1
855	-1
856	-3
857	-2
858	-2
859	-2
860	-1
861	-2
862	-2
863	-1
864	-2
865	-1
866	-1
867	0
868	0
869	0
870	0
871	0
872	0
873	-1
874	0
875	0
876	0
877	-1
878	0
879	0
880	0
881	-1
882	0
883	-1
884	-1
885	0
886	0
887	0
888	0
889	-1
890	0
891	0
892	0
893	-1
894	0
895	-1
896	-1
897	-1
898	-1
899	0
900	0
901	0
902	-1
903	-1
904	0
905	0
906	0
907	0
908	0
909	-2
910	-1
911	-2
912	-1
913	-1
914	0
915	-1
916	-2
917	-2
918	-1
919	-1
920	-2
921	-1
922	0
923	-1
924	-1
925	-1
926	-1
927	-1
928	-1
929	-1
930	-2
931	-1
932	-1
933	-2
934	-1
935	-1
936	-1
937	0
938	0
939	0
940	-1
941	0
942	0
943	0
944	0
945	0
946	0
947	0
948	0
949	0
950	0
951	0
952	0
953	0
954	0
955	0
956	0
957	0
958	1
959	0
960	1
961	0
962	1
963	1
964	0
965	0
966	0
967	0
968	0
969	1
970	0
971	0
972	0
973	1
974	0
975	1
976	0
977	0
978	0
979	1
980	0
981	1
982	0
983	0
984	0
985	2
986	1
987	0
988	1
989	0
990	1
991	0
992	1
993	0
994	0
995	1
996	0
997	0
998	1
999	0
1000	0
1001	0
1002	0
1003	0
1004	1
1005	0
1006	0
1007	0
1008	0
1009	0
1010	0
1011	0
1012	0
1013	0
1014	0
1015	0
1016	0
1017	0
1018	0
1019	0
1020	0
1021	0
1022	-1
1023	-1
1024	-2
1025	-1
1026	-2
1027	-1
1028	-1
1029	-2
1030	-2
1031	-1
1032	-1
1033	-1
1034	-1
1035	-2
1036	-2
1037	-2
1038	-2
1039	-2
1040	-3
1041	-2
1042	-2
1043	-2
1044	-2
1045	-2
1046	-2
1047	-1
1048	-2
1049	-1
1050	-2
1051	-2
1052	-1
1053	-1
1054	-1
1055	0
1056	0
1057	-1
1058	-1
1059	0
1060	0
1061	0
1062	0
1063	0
1064	0
1065	0
1066	0
1067	0
1068	-1
1069	-2
1070	-1
1071	-2
1072	-1
1073	-1
1074	-1
1075	-1
1076	-2
1077	-1
1078	-1
1079	-2
1080	-2
1081	-2
1082	-2
1083	-2
1084	-1
1085	-1
1086	-1
1087	-1
1088	-1
1089	0
1090	-1
1091	0
1092	0
1093	0
1094	-1
1095	0
1096	0
1097	-1
1098	0
1099	0
1100	0
1101	0
1102	0
1103	0
1104	0
1105	0
1106	0
1107	0
1108	-1
1109	0
1110	-1
1111	0
1112	-1
1113	0
1114	0
1115	0
1116	-2
1117	0
1118	-1
1119	-1
1120	0
1121	0
1122	-1
1123	-1
1124	-1
1125	-1
1126	-1
1127	-1
1128	-1
1129	-1
1130	-2
1131	-1
1132	-1
1133	-1
1134	-1
1135	-1
1136	-1
1137	-1
1138	-2
1139	-1
1140	-1
1141	0
1142	-1
1143	-1
1144	-1
1145	-1
1146	-1
1147	0
1148	-1
1149	-1
1150	-1
1151	0
1152	0
1153	0
1154	-2
1155	-1
1156	-1
1157	0
1158	0
1159	-1
1160	-1
1161	-2
1162	-1
1163	0
1164	-2
1165	0
1166	-1
1167	0
1168	0
1169	0
1170	-1
1171	-2
1172	-1
1173	-1
1174	-1
1175	0
1176	-1
1177	-1
1178	-2
1179	-1
1180	-1
1181	-1
1182	-1
1183	0
1184	0
1185	0
1186	-1
1187	0
1188	0
1189	0
1190	0
1191	0
1192	0
1193	-1
1194	0
1195	-1
1196	0
1197	0
1198	0
1199	0
1200	0
1201	0
1202	-1
1203	0
1204	0
1205	0
1206	0
1207	0
1208	-1
1209	0
1210	-1
1211	0
1212	0
1213	0
1214	0
1215	-1
1216	0
1217	0
1218	0
1219	0
1220	0
1221	0
1222	0
1223	0
1224	0
1225	0
1226	0
1227	0
1228	0
1229	0
1230	-1
1231	0
1232	-1
1233	0
1234	0
1235	0
1236	-2
1237	-1
1238	-2
1239	-1
1240	-1
1241	-2
1242	-1
1243	-2
1244	-2
1245	-2
1246	-3
1247	0
1248	-1
1249	-1
1250	-1
1251	-1
1252	-2
1253	-1
1254	-1
1255	-1
1256	-1
1257	0
1258	-1
1259	0
1260	0
1261	0
1262	0
1263	0
1264	0
1265	0
1266	0
1267	0
1268	-1
1269	-1
1270	0
1271	0
1272	0
1273	-1
1274	0
1275	0
1276	-1
1277	-1
1278	-1
1279	-1
1280	-1
1281	0
1282	-2
1283	-1
1284	-1
1285	-1
1286	-1
1287	-1
1288	-1
1289	-1
1290	-1
1291	-1
1292	-2
1293	-1
1294	-1
1295	-2
1296	0
1297	-1
1298	0
1299	0
1300	0
1301	-1
1302	-1
1303	-1
1304	-1
1305	0
1306	0
1307	0
1308	0
1309	0
1310	0
1311	0
1312	0
1313	0
1314	0
1315	0
1316	0
1317	0
1318	0
1319	0
1320	0
1321	0
1322	0
1323	0
1324	0
1325	0
1326	0
1327	0
1328	0
1329	0
1330	-1
1331	0
1332	0
1333	0
1334	0
1335	0
1336	0
1337	0
1338	0
1339	0
1340	-1
1341	0
1342	-2
1343	-1
1344	-1
1345	0
1346	-1
1347	0
1348	-1
1349	-1
1350	0
1351	0
1352	-1
1353	0
1354	0
1355	0
1356	0
1357	0
1358	0
1359	0
1360	-1
1361	-1
1362	-1
1363	-1
1364	-2
1365	0
1366	0
1367	-1
1368	-1
1369	0
1370	0
1371	-2
1372	0
1373	-1
1374	0
1375	-1
1376	0
1377	-1
1378	-1
1379	-1
1380	0
1381	0
1382	0
1383	0
1384	-1
1385	-1
1386	-1
1387	0
1388	-1
1389	0
1390	0
1391	-1
1392	-1
1393	-1
1394	0
1395	0
1396	0
1397	-1
1398	0
1399	0
1400	0
1401	0
1402	0
1403	0
1404	0
1405	0
1406	0
1407	0
1408	0
1409	0
1410	0
1411	0
1412	1
1413	0
1414	0
1415	1
1416	1
1417	1
1418	1
1419	2
1420	1
1421	2
1422	1
1423	2
1424	1
1425	2
1426	1
1427	2
1428	2
1429	3
1430	3
1431	3
1432	2
1433	3
1434	3
1435	2
1436	3
1437	2
1438	2
1439	2
1440	3
1441	2
1442	3
1443	3
1444	3
1445	2
1446	3
1447	2
1448	2
1449	2
1450	2
1451	2
1452	2
1453	1
1454	1
1455	1
1456	2
1457	1
1458	1
1459	1
1460	1
1461	0
1462	1
1463	0
1464	1
1465	1
1466	1
1467	1
1468	0
1469	1
1470	1
1471	0
1472	1
1473	0
1474	0
1475	2
1476	0
1477	1
1478	0
1479	1
1480	2
1481	1
1482	1
1483	1
1484	0
1485	1
1486	1
1487	1
1488	0
1489	0
1490	1
1491	1
1492	1
1493	1
1494	0
1495	0
1496	0
1497	0
1498	1
1499	0
1500	0
1501	0
1502	0
1503	0
1504	0
1505	0
1506	-1
1507	0
1508	0
1509	0
1510	-1
1511	0
1512	-1
1513	0
1514	0
1515	0
1516	0
1517	0
1518	0
1519	0
1520	0
1521	0
1522	0
1523	0
1524	0
1525	0
1526	0
1527	0
1528	0
1529	0
1530	0
1531	0
1532	0
1533	0
1534	-1
1535	0
1536	-1
1537	-1
1538	0
1539	-1
1540	-1
1541	0
1542	-1
1543	0
1544	-1
1545	-1
1546	-2
1547	-1
1548	-2
1549	-1
1550	-1
1551	-1
1552	-1
1553	-1
1554	0
1555	-1
1556	-1
1557	0
1558	-1
1559	-1
1560	-1
1561	-1
1562	-1
1563	0
1564	-1
1565	-1
1566	0
1567	0
1568	0
1569	0
1570	0
1571	0
1572	-1
1573	0
1574	-1
1575	0
1576	-1
1577	-1
1578	-1
1579	0
1580	-1
1581	-1
1582	-2
1583	-1
1584	-2
1585	-2
1586	-2
1587	-1
1588	-1
1589	-1
1590	-1
1591	-1
1592	-1
1593	-1
1594	-2
1595	-1
1596	-1
1597	-1
1598	0
1599	-1
1600	-1
1601	-1
1602	0
1603	-1
1604	0
1605	0
1606	0
1607	0
1608	0
1609	0
1610	-1
1611	0
1612	-1
1613	0
1614	0
1615	0
1616	0
1617	0
1618	0
1619	0
1620	0
1621	0
1622	-1
1623	-1
1624	0
1625	0
1626	0
1627	-1
1628	-1
1629	0
1630	0
1631	0
1632	0
1633	-1
1634	0
1635	0
1636	-1
1637	-2
1638	-1
1639	-1
1640	-1
1641	-1
1642	-1
1643	-2
1644	-1
1645	-1
1646	-1
1647	0
1648	-2
1649	-2
1650	-2
1651	-1
1652	-1
1653	-1
1654	-1
1655	-2
1656	-1
1657	-2
1658	-2
1659	-1
1660	-1
1661	0
1662	-1
1663	-1
1664	-1
1665	-1
1666	0
1667	0
1668	0
1669	0
1670	0
1671	0
1672	0
1673	0
1674	-1
1675	0
1676	0
1677	0
1678	-1
1679	-1
1680	-1
1681	0
1682	-1
1683	0
1684	-1
1685	0
1686	-1
1687	0
1688	-1
1689	0
1690	0
1691	0
1692	0
1693	0
1694	0
1695	0
1696	0
1697	0
1698	0
1699	0
1700	0
1701	0
1702	0
1703	0
1704	0
1705	0
1706	0
1707	0
1708	0
1709	0
1710	0
1711	-1
1712	0
1713	0
1714	-1
1715	-1
1716	-1
1717	0
1718	-1
1719	0
1720	-1
1721	0
1722	0
1723	-1
1724	-1
1725	0
1726	0
1727	-1
1728	-1
1729	0
1730	0
1731	-1
1732	0
1733	-1
1734	-1
1735	-1
1736	-1
1737	-1
1738	0
1739	-1
1740	-1
1741	-1
1742	-1
1743	0
1744	0
1745	0
1746	-1
1747	0
1748	-1
1749	-1
1750	0
1751	-1
1752	0
1753	-1
1754	0
1755	0
1756	0
1757	0
1758	0
1759	0
1760	0
1761	0
1762	0
1763	0
1764	0
1765	0
1766	0
1767	-1
1768	0
1769	-1
1770	0
1771	0
1772	0
1773	0
1774	0
1775	0
1776	0
1777	0
1778	0
1779	0
1780	0
1781	0
1782	0
1783	0
1784	0
1785	0
1786	0
1787	0
1788	0
1789	0
1790	0
1791	0
1792	0
1793	-1
1794	0
1795	0
1796	0
1797	0
1798	0
1799	0
1800	0
1801	0
1802	0
1803	0
1804	0
1805	0
1806	0
1807	0
1808	0
1809	0
1810	0
1811	0
1812	0
1813	0
1814	0
1815	0
1816	0
1817	0
1818	0
1819	0
1820	0
1821	0
1822	0
1823	0
1824	0
1825	0
1826	-1
1827	0
1828	0
1829	0
1830	-1
1831	0
1832	-1
1833	-1
1834	-1
1835	-1
1836	-2
1837	-1
1838	-1
1839	0
1840	-1
1841	-1
1842	-1
1843	0
1844	-1
1845	0
1846	0
1847	0
1848	-1
1849	0
1850	-1
1851	0
1852	0
1853	-1
1854	0
1855	-2
1856	-1
1857	-1
1858	-1
1859	-1
1860	-1
1861	-1
1862	0
1863	-2
1864	0
1865	-1
1866	0
1867	0
1868	-2
1869	-1
1870	-1
1871	-1
1872	0
1873	-1
1874	0
1875	-1
1876	0
1877	0
1878	-1
1879	-1
1880	0
1881	-1
1882	0
1883	0
1884	0
1885	0
1886	0
1887	0
1888	0
1889	0
1890	0
1891	0
1892	0
1893	0
1894	0
1895	0
1896	0
1897	0
1898	0
1899	0
1900	0
1901	0
1902	0
1903	0
1904	0
1905	0
1906	0
1907	0
1908	0
1909	0
1910	0
1911	0
1912	0
1913	0
1914	0
1915	0
1916	0
1917	0
1918	-1
1919	0
1920	0
1921	-1
1922	-1
1923	-2
1924	-2
1925	-2
1926	-2
1927	-2
1928	-2
1929	-1
1930	-2
1931	-1
1932	-2
1933	-3
1934	-2
1935	-3
1936	-2
1937	-1
1938	-1
1939	-2
1940	-1
1941	0
1942	-1
1943	-2
1944	-1
1945	-1
1946	-1
1947	0
1948	-1
1949	0
1950	0
1951	0
1952	0
1953	0
1954	0
1955	0
1956	0
1957	0
1958	0
1959	-1
1960	0
1961	0
1962	-1
1963	-2
1964	-1
1965	-2
1966	-1
1967	-2
1968	-1
1969	-2
1970	-1
1971	-1
1972	-2
1973	-2
1974	-2
1975	0
1976	-1
1977	-1
1978	0
1979	0
1980	0
1981	-1
1982	0
1983	0
1984	0
1985	0
1986	0
1987	0
1988	0
1989	0
1990	0
1991	0
1992	0
1993	0
1994	0
1995	1
1996	0
1997	0
1998	0
1999	0
