0	0
1	0
2	0
3	0
4	0
5	1
6	0
7	0
8	0
9	0
10	0
11	1
12	0
13	1
14	0
15	1
16	0
17	1
18	1
19	0
20	1
21	1
22	1
23	2
24	0
25	1
26	0
27	2
28	0
29	2
30	0
31	1
32	0
33	0
34	0
35	2
36	0
37	2
38	1
39	2
40	0
41	0
42	0
43	0
44	1
45	0
46	0
47	1
48	0
49	1
50	1
51	0
52	0
53	0
54	0
55	0
56	0
57	0
58	-1
59	0
60	-1
61	0
62	0
63	0
64	-1
65	0
66	0
67	0
68	0
69	0
70	0
71	0
72	0
73	0
74	-1
75	0
76	0
77	0
78	0
79	1
80	0
81	1
82	0
83	0
84	0
85	1
86	0
87	1
88	1
89	2
90	1
91	1
92	1
93	2
94	1
95	1
96	1
97	2
98	0
99	2
100	1
101	2
102	0
103	1
104	1
105	1
106	0
107	0
108	0
109	0
110	0
111	0
112	0
113	0
114	0
115	0
116	0
117	0
118	0
119	-1
120	0
121	0
122	0
123	-1
124	0
125	0
126	0
127	0
128	0
129	0
130	0
131	0
132	0
133	0
134	0
135	0
136	0
137	0
138	0
139	0
140	0
141	2
142	0
143	0
144	0
145	0
146	0
147	0
148	0
149	0
150	0
151	0
152	0
153	0
154	0
155	1
156	0
157	0
158	0
159	0
160	0
161	0
162	0
163	1
164	0
165	2
166	0
167	2
168	0
169	1
170	0
171	1
172	0
173	1
174	0
175	3
176	1
177	2
178	2
179	3
180	1
181	2
182	1
183	0
184	0
185	2
186	0
187	1
188	0
189	1
190	0
191	0
192	0
193	0
194	0
195	1
196	0
197	0
198	0
199	0
200	0
201	1
202	0
203	0
204	0
205	0
206	0
207	1
208	0
209	0
210	0
211	0
212	0
213	0
214	0
215	0
216	0
217	0
218	0
219	0
220	0
221	0
222	0
223	0
224	0
225	0
226	0
227	0
228	0
229	0
230	0
231	0
232	0
233	0
234	0
235	0
236	0
237	0
238	0
239	0
240	0
241	0
242	0
243	1
244	0
245	0
246	0
247	0
248	0
249	0
250	0
251	0
252	0
253	0
254	0
255	0
256	0
257	0
258	0
259	0
260	0
261	1
262	0
263	0
264	0
265	0
266	0
267	1
268	0
269	1
270	0
271	3
272	0
273	1
274	0
275	2
276	0
277	2
278	1
279	3
280	0
281	2
282	0
283	1
284	0
285	2
286	0
287	1
288	0
289	1
290	0
291	1
292	0
293	1
294	0
295	0
296	0
297	1
298	0
299	1
300	0
301	0
302	0
303	0
304	0
305	1
306	0
307	0
308	0
309	0
310	0
311	0
312	0
313	0
314	0
315	0
316	-1
317	0
318	0
319	1
320	0
321	1
322	0
323	1
324	0
325	1
326	0
327	0
328	0
329	1
330	1
331	2
332	0
333	1
334	0
335	1
336	0
337	1
338	0
339	0
340	0
341	0
342	0
343	0
344	0
345	0
346	0
347	0
348	0
349	0
350	0
351	0
352	0
353	0
354	0
355	1
356	0
357	0
358	0
359	0
360	0
361	0
362	0
363	0
364	0
365	0
366	0
367	0
368	0
369	1
370	0
371	1
372	0
373	1
374	1
375	1
376	0
377	1
378	0
379	0
380	0
381	1
382	0
383	0
384	0
385	0
386	0
387	0
388	0
389	0
390	0
391	1
392	0
393	1
394	0
395	1
396	0
397	2
398	0
399	1
400	0
401	1
402	2
403	2
404	1
405	2
406	1
407	3
408	1
409	3
410	2
411	3
412	3
413	3
414	2
415	3
416	3
417	3
418	2
419	2
420	3
421	2
422	1
423	3
424	3
425	3
426	2
427	3
428	2
429	2
430	3
431	5
432	3
433	4
434	5
435	7
436	8
437	12
438	14
439	16
440	19
441	23
442	25
443	32
444	34
445	39
446	41
447	48
448	50
449	55
450	58
451	64
452	66
453	72
454	76
455	80
456	83
457	89
458	91
459	96
460	98
461	102
462	105
463	108
464	109
465	113
466	113
467	117
468	116
469	119
470	119
471	120
472	120
473	122
474	118
475	121
476	118
477	118
478	116
479	116
480	113
481	112
482	111
483	110
484	107
485	106
486	103
487	101
488	98
489	97
490	93
491	90
492	88
493	86
494	85
495	81
496	77
497	76
498	77
499	78
500	62
501	65
502	63
503	62
504	57
505	57
506	53
507	53
508	48
509	48
510	42
511	43
512	40
513	38
514	34
515	34
516	30
517	30
518	28
519	27
520	23
521	21
522	18
523	18
524	16
525	15
526	13
527	13
528	9
529	8
530	5
531	4
532	1
533	0
534	0
535	0
536	-2
537	-2
538	-5
539	-5
540	-8
541	-9
542	-10
543	-11
544	-13
545	-14
546	-15
547	-15
548	-17
549	-18
550	-19
551	-20
552	-22
553	-21
554	-22
555	-23
556	-23
557	-23
558	-24
559	-23
560	-24
561	-23
562	-25
563	-24
564	-24
565	-24
566	-25
567	-26
568	-25
569	-26
570	-26
571	-26
572	-26
573	-25
574	-27
575	-25
576	-26
577	-25
578	-27
579	-26
580	-27
581	-27
582	-27
583	-26
584	-25
585	-25
586	-24
587	-24
588	-24
589	-25
590	-25
591	-22
592	-23
593	-21
594	-23
595	-22
596	-22
597	-20
598	-21
599	-19
600	-22
601	-18
602	-21
603	-19
604	-20
605	-19
606	-19
607	-18
608	-19
609	-18
610	-19
611	-17
612	-18
613	-17
614	-19
615	-17
616	-18
617	-18
618	-18
619	-16
620	-17
621	-16
622	-17
623	-17
624	-16
625	-16
626	-15
627	-15
628	-16
629	-15
630	-15
631	-14
632	-15
633	-13
634	-15
635	-14
636	-13
637	-13
638	-14
639	-12
640	-13
641	-11
642	-12
643	-10
644	-12
645	-11
646	-11
647	-9
648	-11
649	-8
650	-10
651	-10
652	-10
653	-9
654	-11
655	-10
656	-9
657	-9
658	-9
659	-9
660	-10
661	-8
662	-9
663	-7
664	-8
665	-7
666	-10
667	-8
668	-9
669	-8
670	-9
671	-7
672	-11
673	-7
674	-10
675	-4
676	-9
677	-5
678	-8
679	-5
680	-8
681	-7
682	-7
683	-6
684	-8
685	-5
686	-6
687	-5
688	-6
689	-4
690	-6
691	-3
692	-5
693	-4
694	-5
695	-2
696	-3
697	-3
698	-4
699	-1
700	-3
701	-2
702	-3
703	-2
704	-1
705	-2
706	-2
707	-1
708	-3
709	-2
710	-3
711	-1
712	-2
713	-2
714	-4
715	-2
716	-2
717	-3
718	-2
719	-4
720	-1
721	-2
722	-2
723	-2
724	-4
725	-2
726	-4
727	-1
728	-4
729	-3
730	-4
731	-2
732	-3
733	-3
734	-3
735	-2
736	-3
737	-2
738	-3
739	-2
740	-2
741	-2
742	-1
743	-1
744	-2
745	-1
746	-1
747	0
748	0
749	0
750	0
751	0
752	0
753	0
754	0
755	0
756	0
757	0
758	0
759	0
760	0
761	0
762	-1
763	0
764	-1
765	0
766	-1
767	0
768	-1
769	0
770	-2
771	0
772	-2
773	0
774	-3
775	-1
776	-2
777	-1
778	-2
779	-1
780	-3
781	-1
782	-2
783	0
784	-2
785	0
786	-3
787	-1
788	-2
789	-1
790	-1
791	0
792	-1
793	-3
794	-1
795	-1
796	-1
797	0
798	0
799	0
800	-1
801	-1
802	-1
803	-1
804	0
805	0
806	0
807	0
808	0
809	0
810	0
811	-1
812	-1
813	-1
814	-1
815	0
816	-1
817	-1
818	-1
819	-2
820	-1
821	-1
822	-1
823	0
824	-1
825	-1
826	-1
827	-1
828	-2
829	-1
830	-2
831	-2
832	-1
833	-1
834	0
835	-1
836	-1
837	0
838	0
839	0
840	-1
841	0
842	0
843	0
844	-1
845	0
846	0
847	0
848	0
849	0
850	0
851	0
852	0
853	0
854	0
855	0
856	0
857	0
858	0
859	0
860	-1
861	0
862	0
863	0
864	0
865	-1
866	0
867	0
868	-1
869	-1
870	0
871	-1
872	-1
873	-1
874	0
875	0
876	-1
877	0
878	0
879	0
880	0
881	0
882	0
883	0
884	0
885	0
886	0
887	0
888	0
889	0
890	0
891	0
892	-1
893	0
894	0
895	0
896	0
897	0
898	0
899	0
900	-1
901	0
902	-1
903	0
904	-1
905	0
906	-1
907	0
908	-1
909	0
910	-1
911	0
912	-1
913	0
914	-1
915	0
916	-1
917	0
918	-1
919	0
920	0
921	0
922	-1
923	0
924	0
925	0
926	0
927	0
928	0
929	0
930	0
931	0
932	-1
933	0
934	0
935	0
936	-3
937	0
938	-1
939	0
940	-2
941	-1
942	0
943	-2
944	-1
945	0
946	-1
947	0
948	-1
949	0
950	-1
951	0
952	-1
953	0
954	0
955	0
956	0
957	0
958	0
959	0
960	0
961	0
962	0
963	0
964	1
965	0
966	0
967	1
968	0
969	0
970	0
971	0
972	0
973	0
974	-1
975	0
976	0
977	0
978	0
979	0
980	0
981	0
982	0
983	0
984	0
985	0
986	-1
987	-1
988	-1
989	-1
990	0
991	0
992	0
993	-1
994	-1
995	-1
996	-2
997	-1
998	-1
999	-1
1000	-2
1001	-1
1002	-2
1003	0
1004	-2
1005	0
1006	-2
1007	0
1008	0
1009	0
1010	-1
1011	0
1012	0
1013	0
1014	0
1015	0
1016	-1
1017	0
1018	0
1019	0
1020	-1
1021	0
1022	0
1023	-1
1024	-1
1025	-1
1026	0
1027	-1
1028	0
1029	0
1030	-1
1031	-1
1032	-1
1033	-1
1034	-2
1035	-1
1036	-1
1037	0
1038	0
1039	0
1040	-2
1041	-1
1042	-1
1043	-1
1044	-2
1045	0
1046	-1
1047	0
1048	-1
1049	0
1050	0
1051	0
1052	0
1053	0
1054	0
1055	0
1056	0
1057	0
1058	0
1059	0
1060	0
1061	0
1062	0
1063	0
1064	0
1065	0
1066	0
1067	0
1068	0
1069	0
1070	0
1071	0
1072	0
1073	0
1074	0
1075	1
1076	1
1077	1
1078	1
1079	0
1080	0
1081	0
1082	0
1083	0
1084	0
1085	0
1086	1
1087	1
1088	1
1089	2
1090	0
1091	1
1092	1
1093	1
1094	1
1095	2
1096	1
1097	2
1098	2
1099	2
1100	2
1101	2
1102	2
1103	2
1104	2
1105	2
1106	2
1107	1
1108	1
1109	1
1110	1
1111	1
1112	1
1113	1
1114	1
1115	0
1116	0
1117	0
1118	0
1119	0
1120	-1
1121	0
1122	0
1123	0
1124	0
1125	0
1126	0
1127	0
1128	0
1129	0
1130	-1
1131	0
1132	0
1133	0
1134	0
1135	0
1136	-1
1137	0
1138	-1
1139	0
1140	0
1141	0
1142	0
1143	0
1144	0
1145	0
1146	0
1147	0
1148	-1
1149	0
1150	0
1151	0
1152	0
1153	0
1154	0
1155	1
1156	0
1157	1
1158	0
1159	0
1160	0
1161	0
1162	0
1163	1
1164	1
1165	1
1166	0
1167	1
1168	0
1169	2
1170	1
1171	1
1172	1
1173	1
1174	1
1175	1
1176	1
1177	2
1178	2
1179	2
1180	2
1181	1
1182	2
1183	1
1184	1
1185	2
1186	1
1187	2
1188	2
1189	1
1190	1
1191	1
1192	1
1193	1
1194	1
1195	1
1196	1
1197	1
1198	1
1199	1
1200	1
1201	1
1202	1
1203	1
1204	1
1205	1
1206	1
1207	1
1208	1
1209	2
1210	0
1211	1
1212	0
1213	1
1214	0
1215	1
1216	1
1217	0
1218	0
1219	2
1220	0
1221	1
1222	1
1223	1
1224	0
1225	1
1226	0
1227	1
1228	0
1229	2
1230	1
1231	1
1232	2
1233	1
1234	2
1235	1
1236	1
1237	1
1238	1
1239	1
1240	0
1241	1
1242	0
1243	1
1244	0
1245	1
1246	0
1247	0
1248	0
1249	0
1250	0
1251	0
1252	0
1253	0
1254	0
1255	1
1256	0
1257	1
1258	0
1259	1
1260	0
1261	1
1262	0
1263	1
1264	0
1265	1
1266	1
1267	1
1268	0
1269	1
1270	1
1271	1
1272	0
1273	0
1274	0
1275	1
1276	0
1277	1
1278	0
1279	1
1280	0
1281	1
1282	0
1283	0
1284	0
1285	0
1286	0
1287	0
1288	0
1289	0
1290	0
1291	0
1292	0
1293	0
1294	-1
1295	0
1296	0
1297	0
1298	-1
1299	-1
1300	-2
1301	-2
1302	-1
1303	-1
1304	-3
1305	-1
1306	-2
1307	-2
1308	-2
1309	-2
1310	-2
1311	-1
1312	-2
1313	-1
1314	-3
1315	-2
1316	-2
1317	-2
1318	-3
1319	-2
1320	-1
1321	-2
1322	-2
1323	-1
1324	-2
1325	-2
1326	-1
1327	-1
1328	-1
1329	-1
1330	-2
1331	0
1332	-1
1333	-1
1334	0
1335	-2
1336	-1
1337	-1
1338	-2
1339	-1
1340	-2
1341	-2
1342	-1
1343	-1
1344	-1
1345	0
1346	-2
1347	-2
1348	-2
1349	-1
1350	-3
1351	-2
1352	-2
1353	-1
1354	-2
1355	0
1356	-2
1357	-1
1358	-2
1359	-1
1360	-2
1361	0
1362	0
1363	0
1364	-2
1365	0
1366	-2
1367	0
1368	-1
1369	0
1370	-1
1371	0
1372	0
1373	0
1374	0
1375	0
1376	0
1377	0
1378	0
1379	-1
1380	-1
1381	0
1382	0
1383	0
1384	0
1385	0
1386	0
1387	0
1388	-1
1389	0
1390	0
1391	0
1392	0
1393	0
1394	-1
1395	0
1396	0
1397	-1
1398	0
1399	0
1400	-1
1401	0
1402	0
1403	-1
1404	0
1405	-1
1406	0
1407	0
1408	0
1409	0
1410	0
1411	0
1412	0
1413	0
1414	0
1415	0
1416	0
1417	0
1418	-1
1419	0
1420	-1
1421	-1
1422	-1
1423	0
1424	-1
1425	-1
1426	-1
1427	0
1428	-1
1429	-1
1430	-2
1431	-1
1432	-1
1433	-1
1434	-1
1435	0
1436	-1
1437	-1
1438	-1
1439	-1
1440	-1
1441	-1
1442	-2
1443	-1
1444	-2
1445	-1
1446	-2
1447	-1
1448	-1
1449	-1
1450	-1
1451	0
1452	-1
1453	-1
1454	0
1455	0
1456	0
1457	0
1458	-1
1459	0
1460	0
1461	0
1462	0
1463	0
1464	0
1465	0
1466	0
1467	0
1468	0
1469	0
1470	0
1471	0
1472	0
1473	0
1474	0
1475	0
1476	0
1477	0
1478	0
1479	0
1480	0
1481	0
1482	0
1483	0
1484	0
1485	0
1486	0
1487	0
1488	0
1489	0
1490	-2
1491	0
1492	0
1493	0
1494	-1
1495	-1
1496	-1
1497	-1
1498	-1
1499	-1
1500	-1
1501	-1
1502	0
1503	0
1504	0
1505	-1
1506	-1
1507	0
1508	0
1509	0
1510	-1
1511	-1
1512	0
1513	-1
1514	-1
1515	0
1516	-1
1517	-1
1518	-1
1519	-1
1520	-1
1521	-1
1522	-1
1523	0
1524	0
1525	-1
1526	-1
1527	-1
1528	-1
1529	0
1530	0
1531	-1
1532	-1
1533	-1
1534	-1
1535	0
1536	-1
1537	0
1538	0
1539	0
1540	0
1541	0
1542	0
1543	0
1544	-1
1545	0
1546	-1
1547	0
1548	-1
1549	-1
1550	-1
1551	0
1552	-1
1553	0
1554	-1
1555	0
1556	0
1557	0
1558	-2
1559	0
1560	-1
1561	-1
1562	-1
1563	0
1564	-1
1565	-1
1566	-1
1567	0
1568	0
1569	0
1570	-1
1571	0
1572	0
1573	0
1574	0
1575	0
1576	0
1577	0
1578	0
1579	0
1580	0
1581	0
1582	0
1583	1
1584	0
1585	0
1586	0
1587	1
1588	0
1589	2
1590	0
1591	1
1592	1
1593	1
1594	0
1595	1
1596	0
1597	1
1598	0
1599	1
1600	0
1601	1
1602	0
1603	0
1604	0
1605	1
1606	0
1607	1
1608	0
1609	0
1610	0
1611	0
1612	-1
1613	0
1614	0
1615	0
1616	0
1617	0
1618	0
1619	0
1620	0
1621	1
1622	0
1623	0
1624	0
1625	1
1626	0
1627	1
1628	0
1629	0
1630	0
1631	1
1632	1
1633	1
1634	1
1635	3
1636	2
1637	2
1638	2
1639	3
1640	2
1641	3
1642	2
1643	4
1644	3
1645	3
1646	3
1647	4
1648	3
1649	4
1650	3
1651	4
1652	4
1653	4
1654	4
1655	4
1656	4
1657	4
1658	4
1659	4
1660	5
1661	5
1662	5
1663	5
1664	5
1665	6
1666	4
1667	5
1668	5
1669	5
1670	5
1671	4
1672	5
1673	5
1674	5
1675	4
1676	5
1677	5
1678	5
1679	6
1680	5
1681	6
1682	4
1683	5
1684	4
1685	4
1686	4
1687	4
1688	4
1689	5
1690	3
1691	4
1692	3
1693	4
1694	2
1695	4
1696	2
1697	3
1698	1
1699	2
1700	1
1701	2
1702	2
1703	2
1704	1
1705	1
1706	0
1707	1
1708	0
1709	1
1710	0
1711	0
1712	0
1713	1
1714	0
1715	0
1716	-1
1717	0
1718	-1
1719	0
1720	-1
1721	0
1722	0
1723	0
1724	-1
1725	0
1726	-1
1727	0
1728	-3
1729	0
1730	-2
1731	-1
1732	-1
1733	-1
1734	-2
1735	-2
1736	-2
1737	-1
1738	-2
1739	-1
1740	-2
1741	-1
1742	-2
1743	-2
1744	-2
1745	0
1746	-2
1747	0
1748	-2
1749	0
1750	-2
1751	0
1752	0
1753	-2
1754	-2
1755	-1
1756	-1
1757	-1
1758	-2
1759	-1
1760	-1
1761	-1
1762	-2
1763	-2
1764	-2
1765	-1
1766	-2
1767	-2
1768	-2
1769	-2
1770	-1
1771	-2
1772	-2
1773	-2
1774	-3
1775	-2
1776	-2
1777	-2
1778	-2
1779	-3
1780	-3
1781	-1
1782	-2
1783	0
1784	-2
1785	0
1786	-2
1787	-1
1788	-1
1789	-1
1790	-1
1791	-1
1792	-1
1793	0
1794	0
1795	0
1796	0
1797	0
1798	0
1799	0
1800	0
1801	0
1802	0
1803	-1
1804	0
1805	0
1806	0
1807	0
1808	-1
1809	0
1810	0
1811	0
1812	0
1813	0
1814	0
1815	0
1816	0
1817	0
1818	-1
1819	-1
1820	-1
1821	-1
1822	-2
1823	-1
1824	-1
1825	-1
1826	-2
1827	-2
1828	-2
1829	-2
1830	-1
1831	-1
1832	-2
1833	-2
1834	-1
1835	-2
1836	-2
1837	-1
1838	-2
1839	-1
1840	-2
1841	0
1842	-1
1843	0
1844	-1
1845	0
1846	-1
1847	0
1848	-1
1849	0
1850	-1
1851	-1
1852	0
1853	0
1854	-1
1855	0
1856	-1
1857	0
1858	0
1859	0
1860	-2
1861	0
1862	0
1863	0
1864	-1
1865	0
1866	-1
1867	0
1868	0
1869	0
1870	0
1871	0
1872	0
1873	0
1874	0
1875	0
1876	0
1877	0
1878	0
1879	0
1880	0
1881	0
1882	0
1883	-1
1884	-1
1885	0
1886	-1
1887	0
1888	0
1889	0
1890	0
1891	0
1892	0
1893	0
1894	0
1895	0
1896	0
1897	0
1898	0
1899	0
1900	0
1901	0
1902	0
1903	0
1904	0
1905	0
1906	0
1907	0
1908	0
1909	0
1910	0
1911	0
1912	0
1913	0
1914	0
1915	0
1916	0
1917	0
1918	0
1919	0
1920	0
1921	0
1922	0
1923	0
1924	-1
1925	-1
1926	-1
1927	0
1928	0
1929	0
1930	-2
1931	0
1932	0
1933	-1
1934	-1
1935	0
1936	-1
1937	-1
1938	-1
1939	0
1940	0
1941	0
1942	-1
1943	-1
1944	0
1945	-1
1946	0
1947	0
1948	0
1949	0
1950	0
1951	0
1952	0
1953	0
1954	0
1955	0
1956	0
1957	0
1958	0
1959	-1
1960	0
1961	0
1962	0
1963	0
1964	0
1965	0
1966	0
1967	0
1968	0
1969	0
1970	0
1971	0
1972	0
1973	0
1974	0
1975	0
1976	0
1977	0
1978	0
1979	0
1980	0
1981	0
1982	0
1983	0
1984	0
1985	0
1986	0
1987	1
1988	0
1989	1
1990	0
1991	0
1992	0
1993	0
1994	0
1995	0
1996	0
1997	0
1998	0
1999	0
