0	0
1	0
2	-1
3	0
4	-1
5	-1
6	-1
7	0
8	0
9	0
10	0
11	0
12	0
13	0
14	0
15	0
16	0
17	0
18	0
19	0
20	0
21	0
22	0
23	0
24	0
25	0
26	0
27	0
28	0
29	0
30	0
31	0
32	0
33	0
34	0
35	0
36	0
37	0
38	0
39	0
40	0
41	0
42	0
43	0
44	0
45	0
46	0
47	0
48	0
49	0
50	0
51	0
52	0
53	0
54	0
55	0
56	0
57	-1
58	0
59	0
60	0
61	0
62	0
63	0
64	0
65	0
66	-1
67	0
68	-1
69	0
70	0
71	0
72	0
73	0
74	0
75	0
76	0
77	0
78	0
79	0
80	0
81	0
82	0
83	0
84	0
85	0
86	0
87	0
88	-1
89	0
90	-1
91	0
92	0
93	0
94	-1
95	0
96	0
97	0
98	0
99	0
100	0
101	0
102	0
103	0
104	0
105	0
106	0
107	0
108	0
109	0
110	0
111	0
112	0
113	0
114	0
115	0
116	0
117	0
118	0
119	0
120	0
121	0
122	0
123	0
124	-1
125	0
126	0
127	0
128	0
129	0
130	0
131	0
132	0
133	0
134	0
135	0
136	0
137	0
138	0
139	0
140	0
141	0
142	0
143	0
144	0
145	0
146	0
147	0
148	0
149	0
150	0
151	0
152	0
153	0
154	0
155	0
156	0
157	0
158	0
159	0
160	0
161	1
162	0
163	0
164	1
165	1
166	0
167	0
168	0
169	0
170	0
171	0
172	0
173	0
174	0
175	0
176	0
177	0
178	0
179	0
180	0
181	0
182	-1
183	0
184	-1
185	0
186	0
187	-1
188	0
189	-1
190	-1
191	-1
192	0
193	0
194	-1
195	0
196	0
197	-1
198	0
199	-1
200	0
201	0
202	0
203	0
204	0
205	0
206	0
207	1
208	0
209	1
210	0
211	0
212	0
213	0
214	0
215	0
216	0
217	0
218	0
219	0
220	0
221	0
222	0
223	1
224	0
225	0
226	0
227	0
228	0
229	0
230	0
231	0
232	0
233	0
234	0
235	0
236	0
237	0
238	0
239	0
240	0
241	0
242	0
243	0
244	0
245	0
246	0
247	0
248	0
249	0
250	0
251	0
252	-1
253	0
254	0
255	0
256	0
257	0
258	0
259	0
260	0
261	0
262	0
263	0
264	0
265	0
266	0
267	0
268	0
269	0
270	0
271	0
272	0
273	0
274	0
275	0
276	0
277	0
278	0
279	0
280	0
281	0
282	0
283	0
284	0
285	0
286	0
287	0
288	0
289	0
290	0
291	0
292	0
293	0
294	0
295	0
296	0
297	0
298	0
299	0
300	0
301	0
302	0
303	0
304	0
305	0
306	0
307	0
308	0
309	0
310	0
311	0
312	0
313	0
314	0
315	0
316	0
317	0
318	0
319	0
320	0
321	0
322	0
323	0
324	0
325	0
326	0
327	0
328	0
329	0
330	0
331	0
332	0
333	0
334	0
335	0
336	0
337	0
338	0
339	0
340	0
341	0
342	0
343	0
344	0
345	0
346	0
347	0
348	0
349	0
350	0
351	0
352	0
353	0
354	0
355	0
356	0
357	0
358	0
359	0
360	0
361	0
362	0
363	0
364	0
365	0
366	0
367	0
368	-1
369	0
370	0
371	0
372	0
373	-1
374	0
375	0
376	0
377	0
378	0
379	0
380	0
381	0
382	0
383	0
384	0
385	0
386	0
387	0
388	0
389	0
390	0
391	0
392	0
393	0
394	0
395	0
396	0
397	0
398	0
399	1
400	0
401	0
402	0
403	0
404	0
405	0
406	0
407	0
408	0
409	0
410	-1
411	0
412	0
413	0
414	0
415	0
416	0
417	0
418	-1
419	0
420	0
421	0
422	0
423	0
424	0
425	0
426	0
427	0
428	0
429	0
430	0
431	0
432	0
433	0
434	0
435	0
436	0
437	1
438	3
439	3
440	3
441	6
442	6
443	10
444	11
445	14
446	16
447	20
448	21
449	24
450	27
451	32
452	36
453	39
454	42
455	46
456	49
457	52
458	56
459	61
460	63
461	65
462	69
463	73
464	74
465	76
466	78
467	80
468	84
469	86
470	88
471	89
472	89
473	91
474	91
475	94
476	93
477	95
478	93
479	94
480	93
481	94
482	93
483	95
484	91
485	91
486	90
487	89
488	87
489	87
490	86
491	85
492	84
493	81
494	78
495	77
496	75
497	76
498	76
499	78
500	62
501	66
502	64
503	63
504	61
505	60
506	56
507	54
508	53
509	52
510	49
511	47
512	44
513	44
514	39
515	40
516	39
517	36
518	34
519	31
520	30
521	29
522	26
523	26
524	24
525	23
526	20
527	19
528	17
529	15
530	13
531	10
532	10
533	9
534	7
535	6
536	5
537	5
538	4
539	2
540	2
541	0
542	-2
543	-3
544	-4
545	-6
546	-7
547	-7
548	-7
549	-8
550	-8
551	-9
552	-9
553	-10
554	-10
555	-11
556	-11
557	-11
558	-11
559	-11
560	-12
561	-11
562	-12
563	-12
564	-12
565	-12
566	-12
567	-12
568	-13
569	-13
570	-14
571	-14
572	-13
573	-15
574	-15
575	-14
576	-14
577	-15
578	-14
579	-15
580	-15
581	-16
582	-15
583	-16
584	-15
585	-16
586	-15
587	-16
588	-16
589	-16
590	-16
591	-16
592	-17
593	-16
594	-17
595	-15
596	-16
597	-16
598	-16
599	-16
600	-15
601	-15
602	-16
603	-15
604	-15
605	-15
606	-15
607	-14
608	-14
609	-14
610	-13
611	-14
612	-14
613	-14
614	-14
615	-13
616	-14
617	-13
618	-13
619	-13
620	-12
621	-13
622	-12
623	-11
624	-12
625	-11
626	-11
627	-10
628	-11
629	-11
630	-11
631	-11
632	-12
633	-10
634	-12
635	-10
636	-10
637	-8
638	-8
639	-9
640	-10
641	-8
642	-11
643	-11
644	-8
645	-9
646	-10
647	-7
648	-7
649	-7
650	-7
651	-7
652	-5
653	-6
654	-7
655	-7
656	-5
657	-6
658	-5
659	-5
660	-7
661	-4
662	-7
663	-5
664	-6
665	-4
666	-6
667	-6
668	-5
669	-5
670	-4
671	-5
672	-3
673	-6
674	-5
675	-4
676	-5
677	-4
678	-4
679	-5
680	-5
681	-4
682	-5
683	-4
684	-5
685	-2
686	-4
687	-3
688	-3
689	-3
690	-3
691	-1
692	-3
693	-2
694	-2
695	-3
696	-3
697	-1
698	-3
699	-2
700	-2
701	-1
702	-3
703	-2
704	-2
705	-2
706	-1
707	-1
708	-1
709	-2
710	-2
711	-1
712	-2
713	0
714	-1
715	-1
716	-2
717	-3
718	-2
719	-2
720	-3
721	-1
722	-2
723	-1
724	-2
725	-1
726	-2
727	-1
728	-2
729	-1
730	-2
731	0
732	-2
733	-1
734	-1
735	-1
736	-2
737	-1
738	-1
739	-1
740	-1
741	-1
742	-2
743	0
744	-1
745	0
746	-2
747	0
748	0
749	-1
750	-1
751	0
752	0
753	0
754	0
755	-1
756	0
757	0
758	-1
759	-1
760	-1
761	-1
762	-1
763	0
764	-1
765	-1
766	-3
767	-1
768	-3
769	0
770	-1
771	0
772	-1
773	-2
774	-1
775	-2
776	-1
777	-2
778	-3
779	-1
780	-1
781	-1
782	-2
783	-1
784	-1
785	-1
786	-2
787	-3
788	-1
789	-2
790	0
791	-2
792	0
793	-1
794	0
795	-1
796	0
797	-1
798	0
799	-1
800	0
801	-1
802	-1
803	-1
804	0
805	0
806	-1
807	0
808	-1
809	0
810	0
811	0
812	0
813	-1
814	-1
815	0
816	0
817	0
818	0
819	0
820	0
821	-1
822	0
823	0
824	0
825	0
826	0
827	0
828	0
829	0
830	0
831	0
832	0
833	0
834	0
835	1
836	0
837	0
838	0
839	2
840	0
841	1
842	1
843	1
844	0
845	1
846	0
847	1
848	0
849	1
850	1
851	0
852	0
853	1
854	0
855	0
856	0
857	0
858	0
859	0
860	0
861	0
862	0
863	0
864	0
865	0
866	-1
867	0
868	0
869	0
870	-1
871	0
872	-1
873	0
874	0
875	0
876	0
877	0
878	0
879	0
880	0
881	0
882	0
883	0
884	0
885	0
886	0
887	0
888	0
889	0
890	0
891	0
892	-1
893	0
894	-1
895	-1
896	-1
897	-1
898	-1
899	-1
900	-1
901	0
902	0
903	-1
904	0
905	0
906	0
907	0
908	0
909	0
910	0
911	0
912	-1
913	0
914	-1
915	0
916	-1
917	-1
918	-1
919	0
920	0
921	0
922	0
923	0
924	0
925	0
926	0
927	0
928	0
929	0
930	0
931	-1
932	0
933	-1
934	0
935	0
936	0
937	0
938	-1
939	-1
940	-1
941	-1
942	-1
943	-1
944	-1
945	-1
946	-2
947	-2
948	-2
949	-1
950	-1
951	-1
952	-1
953	-1
954	-1
955	0
956	0
957	-2
958	-2
959	-1
960	-1
961	-1
962	0
963	-1
964	-2
965	0
966	0
967	-1
968	-2
969	-1
970	-1
971	-2
972	0
973	0
974	-1
975	0
976	-2
977	0
978	-1
979	-1
980	-1
981	0
982	-1
983	0
984	0
985	0
986	-1
987	0
988	0
989	0
990	0
991	0
992	-1
993	0
994	0
995	0
996	0
997	-1
998	0
999	0
1000	0
1001	0
1002	0
1003	0
1004	0
1005	0
1006	0
1007	0
1008	0
1009	0
1010	0
1011	-1
1012	0
1013	0
1014	-1
1015	-1
1016	0
1017	-1
1018	-1
1019	-1
1020	-1
1021	-1
1022	-2
1023	-1
1024	0
1025	-1
1026	-1
1027	-2
1028	-1
1029	-1
1030	-1
1031	-1
1032	0
1033	0
1034	-1
1035	0
1036	-1
1037	0
1038	-2
1039	0
1040	0
1041	0
1042	-1
1043	0
1044	0
1045	0
1046	-1
1047	0
1048	0
1049	0
1050	0
1051	0
1052	0
1053	0
1054	-1
1055	0
1056	0
1057	0
1058	0
1059	0
1060	0
1061	0
1062	0
1063	0
1064	0
1065	0
1066	0
1067	-1
1068	-2
1069	-1
1070	-1
1071	-2
1072	-1
1073	-1
1074	-2
1075	0
1076	-2
1077	-2
1078	-1
1079	-2
1080	-1
1081	-2
1082	-2
1083	-2
1084	-2
1085	-2
1086	-2
1087	-2
1088	-1
1089	-1
1090	-2
1091	-1
1092	-2
1093	-2
1094	-1
1095	-2
1096	-1
1097	-1
1098	-2
1099	0
1100	0
1101	0
1102	0
1103	0
1104	0
1105	0
1106	-1
1107	0
1108	0
1109	0
1110	0
1111	0
1112	0
1113	0
1114	0
1115	0
1116	0
1117	0
1118	0
1119	-1
1120	0
1121	0
1122	0
1123	0
1124	-1
1125	0
1126	0
1127	0
1128	0
1129	0
1130	0
1131	0
1132	-1
1133	0
1134	0
1135	-1
1136	-1
1137	0
1138	-1
1139	-1
1140	0
1141	-1
1142	0
1143	-1
1144	0
1145	-1
1146	0
1147	-1
1148	-2
1149	-1
1150	-1
1151	-1
1152	0
1153	0
1154	-1
1155	-1
1156	-1
1157	-1
1158	0
1159	-1
1160	0
1161	0
1162	0
1163	-1
1164	-1
1165	-2
1166	-1
1167	0
1168	0
1169	0
1170	0
1171	-1
1172	-1
1173	0
1174	-1
1175	0
1176	-1
1177	-1
1178	-1
1179	0
1180	-1
1181	-1
1182	-1
1183	-1
1184	0
1185	-1
1186	-1
1187	0
1188	-1
1189	-1
1190	-1
1191	-1
1192	0
1193	-1
1194	-1
1195	0
1196	0
1197	0
1198	0
1199	0
1200	0
1201	0
1202	0
1203	0
1204	0
1205	0
1206	0
1207	0
1208	0
1209	0
1210	0
1211	0
1212	0
1213	0
1214	0
1215	0
1216	-1
1217	0
1218	-2
1219	-1
1220	0
1221	-1
1222	-1
1223	0
1224	-1
1225	0
1226	-1
1227	0
1228	-1
1229	0
1230	-1
1231	0
1232	0
1233	0
1234	0
1235	-1
1236	0
1237	0
1238	0
1239	-1
1240	-1
1241	0
1242	0
1243	0
1244	-1
1245	0
1246	0
1247	0
1248	0
1249	0
1250	-1
1251	0
1252	0
1253	0
1254	0
1255	0
1256	-1
1257	-1
1258	-1
1259	0
1260	-1
1261	-1
1262	0
1263	-1
1264	-1
1265	-1
1266	0
1267	0
1268	-1
1269	-1
1270	0
1271	0
1272	-1
1273	0
1274	0
1275	0
1276	-1
1277	0
1278	0
1279	0
1280	-1
1281	-1
1282	0
1283	0
1284	-1
1285	0
1286	0
1287	0
1288	-1
1289	-1
1290	-1
1291	0
1292	0
1293	-1
1294	-1
1295	-1
1296	0
1297	0
1298	0
1299	0
1300	0
1301	0
1302	0
1303	0
1304	-1
1305	0
1306	0
1307	-1
1308	-1
1309	0
1310	-1
1311	-2
1312	0
1313	-1
1314	-1
1315	-1
1316	-1
1317	0
1318	-1
1319	-1
1320	-1
1321	0
1322	-2
1323	-1
1324	-1
1325	-1
1326	0
1327	-1
1328	0
1329	-1
1330	0
1331	0
1332	0
1333	0
1334	0
1335	0
1336	0
1337	0
1338	0
1339	0
1340	0
1341	0
1342	0
1343	0
1344	0
1345	0
1346	-1
1347	0
1348	-1
1349	0
1350	-1
1351	0
1352	-1
1353	0
1354	0
1355	0
1356	0
1357	-1
1358	-1
1359	0
1360	-1
1361	0
1362	-1
1363	-1
1364	-1
1365	-1
1366	-2
1367	-1
1368	-2
1369	-3
1370	-1
1371	-1
1372	-1
1373	-1
1374	-1
1375	-1
1376	-1
1377	-2
1378	-1
1379	-1
1380	-1
1381	-1
1382	-1
1383	-1
1384	-1
1385	-1
1386	-2
1387	-1
1388	0
1389	-1
1390	0
1391	0
1392	0
1393	0
1394	0
1395	0
1396	0
1397	0
1398	0
1399	0
1400	0
1401	0
1402	0
1403	0
1404	0
1405	0
1406	0
1407	0
1408	0
1409	0
1410	0
1411	0
1412	0
1413	0
1414	0
1415	0
1416	0
1417	0
1418	0
1419	-1
1420	-1
1421	-1
1422	-2
1423	-1
1424	-1
1425	-1
1426	-1
1427	-1
1428	-1
1429	-1
1430	-1
1431	-1
1432	-1
1433	0
1434	-1
1435	0
1436	0
1437	0
1438	0
1439	0
1440	0
1441	-1
1442	0
1443	-1
1444	-1
1445	0
1446	-1
1447	-1
1448	0
1449	-2
1450	0
1451	-1
1452	-1
1453	-1
1454	-1
1455	0
1456	0
1457	-1
1458	0
1459	-1
1460	0
1461	-1
1462	0
1463	0
1464	-1
1465	0
1466	0
1467	0
1468	0
1469	0
1470	0
1471	0
1472	0
1473	0
1474	0
1475	0
1476	0
1477	0
1478	0
1479	0
1480	-1
1481	0
1482	-1
1483	0
1484	-1
1485	0
1486	-2
1487	0
1488	-1
1489	0
1490	-1
1491	-1
1492	-1
1493	-2
1494	-1
1495	-2
1496	-2
1497	-2
1498	-2
1499	-1
1500	-1
1501	-1
1502	-1
1503	0
1504	-1
1505	0
1506	-2
1507	0
1508	0
1509	0
1510	0
1511	0
1512	0
1513	0
1514	-1
1515	-1
1516	0
1517	0
1518	0
1519	0
1520	-1
1521	0
1522	-1
1523	0
1524	0
1525	0
1526	0
1527	0
1528	0
1529	0
1530	0
1531	-1
1532	0
1533	0
1534	0
1535	0
1536	0
1537	0
1538	0
1539	0
1540	0
1541	0
1542	0
1543	0
1544	0
1545	0
1546	-1
1547	0
1548	-1
1549	0
1550	0
1551	0
1552	0
1553	0
1554	0
1555	0
1556	0
1557	0
1558	0
1559	0
1560	0
1561	0
1562	0
1563	-1
1564	-1
1565	0
1566	-2
1567	-1
1568	-1
1569	-1
1570	-1
1571	0
1572	-1
1573	-1
1574	-1
1575	-1
1576	-1
1577	-1
1578	-1
1579	-1
1580	-2
1581	-1
1582	-1
1583	-1
1584	-1
1585	-1
1586	-1
1587	-1
1588	-2
1589	-1
1590	0
1591	0
1592	-1
1593	0
1594	0
1595	0
1596	-1
1597	0
1598	-1
1599	0
1600	0
1601	0
1602	0
1603	0
1604	0
1605	0
1606	-1
1607	0
1608	0
1609	0
1610	-1
1611	0
1612	0
1613	0
1614	0
1615	0
1616	0
1617	0
1618	-1
1619	0
1620	-2
1621	-1
1622	-1
1623	-2
1624	-3
1625	-1
1626	-2
1627	0
1628	-1
1629	-1
1630	-1
1631	-1
1632	-1
1633	-1
1634	-1
1635	0
1636	0
1637	0
1638	0
1639	0
1640	0
1641	0
1642	0
1643	-1
1644	0
1645	0
1646	0
1647	0
1648	-1
1649	0
1650	0
1651	0
1652	0
1653	0
1654	0
1655	0
1656	0
1657	0
1658	0
1659	0
1660	0
1661	0
1662	0
1663	0
1664	-1
1665	0
1666	-1
1667	0
1668	0
1669	0
1670	0
1671	0
1672	0
1673	0
1674	-1
1675	0
1676	-1
1677	-1
1678	0
1679	0
1680	0
1681	0
1682	0
1683	-1
1684	0
1685	0
1686	0
1687	0
1688	-1
1689	0
1690	-1
1691	0
1692	0
1693	0
1694	0
1695	0
1696	0
1697	0
1698	0
1699	0
1700	0
1701	0
1702	0
1703	0
1704	0
1705	0
1706	-1
1707	-1
1708	-2
1709	0
1710	-1
1711	0
1712	-1
1713	-2
1714	-1
1715	-1
1716	-1
1717	-1
1718	-2
1719	-1
1720	-2
1721	-1
1722	0
1723	0
1724	-1
1725	0
1726	0
1727	0
1728	0
1729	0
1730	-1
1731	0
1732	0
1733	0
1734	0
1735	0
1736	0
1737	0
1738	0
1739	0
1740	0
1741	0
1742	0
1743	0
1744	0
1745	0
1746	0
1747	0
1748	0
1749	0
1750	0
1751	0
1752	0
1753	0
1754	0
1755	0
1756	0
1757	0
1758	0
1759	0
1760	0
1761	0
1762	0
1763	0
1764	0
1765	0
1766	0
1767	0
1768	0
1769	0
1770	0
1771	0
1772	-1
1773	0
1774	-1
1775	0
1776	-1
1777	-1
1778	-1
1779	-1
1780	0
1781	-1
1782	0
1783	0
1784	0
1785	0
1786	0
1787	0
1788	0
1789	0
1790	0
1791	0
1792	0
1793	0
1794	0
1795	0
1796	0
1797	0
1798	1
1799	1
1800	1
1801	1
1802	1
1803	1
1804	1
1805	1
1806	1
1807	1
1808	1
1809	1
1810	1
1811	2
1812	1
1813	1
1814	1
1815	1
1816	0
1817	0
1818	0
1819	1
1820	1
1821	0
1822	0
1823	0
1824	0
1825	0
1826	0
1827	0
1828	1
1829	1
1830	0
1831	1
1832	0
1833	1
1834	0
1835	1
1836	0
1837	0
1838	0
1839	1
1840	0
1841	1
1842	0
1843	1
1844	0
1845	0
1846	1
1847	1
1848	0
1849	0
1850	0
1851	0
1852	0
1853	0
1854	0
1855	0
1856	0
1857	0
1858	0
1859	0
1860	0
1861	1
1862	0
1863	0
1864	0
1865	0
1866	0
1867	0
1868	0
1869	0
1870	0
1871	0
1872	0
1873	0
1874	0
1875	0
1876	0
1877	0
1878	0
1879	-1
1880	0
1881	-1
1882	-1
1883	-1
1884	-1
1885	-1
1886	-1
1887	0
1888	0
1889	0
1890	0
1891	0
1892	0
1893	0
1894	0
1895	0
1896	0
1897	0
1898	0
1899	0
1900	0
1901	0
1902	0
1903	0
1904	0
1905	0
1906	0
1907	0
1908	0
1909	0
1910	-1
1911	0
1912	0
1913	0
1914	0
1915	0
1916	0
1917	0
1918	0
1919	0
1920	0
1921	0
1922	0
1923	0
1924	0
1925	0
1926	0
1927	0
1928	0
1929	0
1930	0
1931	0
1932	0
1933	0
1934	0
1935	0
1936	0
1937	0
1938	1
1939	0
1940	0
1941	1
1942	1
1943	1
1944	0
1945	1
1946	0
1947	1
1948	0
1949	1
1950	0
1951	1
1952	0
1953	1
1954	0
1955	0
1956	0
1957	0
1958	0
1959	0
1960	0
1961	0
1962	0
1963	0
1964	0
1965	0
1966	0
1967	0
1968	0
1969	0
1970	0
1971	0
1972	0
1973	0
1974	0
1975	0
1976	0
1977	0
1978	0
1979	0
1980	0
1981	0
1982	0
1983	0
1984	0
1985	0
1986	0
1987	0
1988	0
1989	0
1990	0
1991	0
1992	0
1993	0
1994	0
1995	-1
1996	-1
1997	-1
1998	0
1999	-1
