0	0
1	0
2	0
3	0
4	0
5	0
6	0
7	0
8	0
9	1
10	0
11	0
12	0
13	0
14	0
15	0
16	0
17	1
18	0
19	2
20	0
21	1
22	0
23	0
24	0
25	0
26	0
27	0
28	-1
29	0
30	0
31	1
32	0
33	0
34	0
35	1
36	0
37	1
38	0
39	1
40	0
41	1
42	0
43	1
44	0
45	1
46	1
47	1
48	0
49	1
50	0
51	2
52	0
53	2
54	1
55	2
56	1
57	1
58	1
59	2
60	1
61	1
62	2
63	2
64	2
65	1
66	1
67	1
68	1
69	1
70	0
71	1
72	0
73	1
74	0
75	1
76	0
77	0
78	0
79	0
80	0
81	0
82	0
83	0
84	0
85	0
86	0
87	0
88	0
89	0
90	-1
91	0
92	0
93	0
94	0
95	0
96	0
97	0
98	0
99	1
100	0
101	0
102	0
103	0
104	0
105	1
106	0
107	1
108	0
109	1
110	0
111	1
112	0
113	0
114	1
115	1
116	2
117	1
118	1
119	1
120	1
121	0
122	0
123	0
124	0
125	0
126	0
127	0
128	0
129	0
130	0
131	0
132	0
133	-2
134	0
135	0
136	0
137	-1
138	0
139	-1
140	-1
141	0
142	-1
143	0
144	0
145	0
146	0
147	0
148	0
149	1
150	0
151	0
152	0
153	0
154	0
155	2
156	2
157	2
158	0
159	2
160	1
161	1
162	1
163	2
164	0
165	3
166	1
167	1
168	1
169	2
170	1
171	2
172	1
173	4
174	0
175	2
176	1
177	2
178	1
179	2
180	0
181	1
182	1
183	2
184	1
185	2
186	1
187	2
188	2
189	2
190	1
191	2
192	1
193	1
194	0
195	2
196	0
197	1
198	1
199	0
200	1
201	1
202	0
203	0
204	0
205	0
206	0
207	0
208	0
209	0
210	0
211	0
212	0
213	0
214	-1
215	0
216	0
217	0
218	0
219	0
220	-1
221	0
222	0
223	0
224	0
225	0
226	-1
227	0
228	0
229	1
230	0
231	0
232	0
233	0
234	0
235	0
236	0
237	0
238	0
239	1
240	0
241	1
242	0
243	1
244	0
245	1
246	0
247	0
248	0
249	1
250	1
251	1
252	0
253	2
254	0
255	0
256	0
257	1
258	0
259	0
260	1
261	1
262	0
263	2
264	0
265	2
266	1
267	3
268	1
269	2
270	1
271	0
272	1
273	2
274	1
275	2
276	1
277	2
278	1
279	3
280	0
281	2
282	0
283	2
284	0
285	2
286	1
287	1
288	1
289	1
290	0
291	1
292	0
293	2
294	0
295	0
296	0
297	1
298	0
299	0
300	0
301	1
302	0
303	0
304	0
305	1
306	0
307	0
308	0
309	0
310	0
311	1
312	1
313	1
314	1
315	2
316	0
317	2
318	0
319	1
320	1
321	1
322	0
323	0
324	1
325	0
326	0
327	0
328	0
329	0
330	1
331	1
332	0
333	0
334	0
335	1
336	0
337	0
338	0
339	0
340	0
341	0
342	0
343	0
344	0
345	0
346	0
347	0
348	0
349	0
350	-1
351	0
352	-1
353	0
354	0
355	0
356	-1
357	1
358	-1
359	0
360	0
361	1
362	0
363	0
364	-1
365	0
366	0
367	1
368	0
369	2
370	0
371	2
372	0
373	2
374	1
375	3
376	1
377	2
378	0
379	2
380	2
381	3
382	2
383	3
384	1
385	2
386	1
387	2
388	1
389	2
390	1
391	1
392	0
393	1
394	1
395	0
396	0
397	1
398	1
399	0
400	0
401	2
402	0
403	1
404	0
405	2
406	0
407	0
408	0
409	0
410	0
411	0
412	0
413	0
414	0
415	0
416	0
417	0
418	0
419	0
420	0
421	2
422	0
423	2
424	0
425	1
426	0
427	1
428	0
429	2
430	0
431	2
432	1
433	2
434	2
435	4
436	5
437	6
438	11
439	12
440	12
441	17
442	18
443	22
444	24
445	29
446	33
447	36
448	39
449	44
450	48
451	52
452	55
453	61
454	65
455	68
456	72
457	78
458	80
459	85
460	88
461	91
462	93
463	99
464	101
465	104
466	108
467	110
468	112
469	114
470	114
471	117
472	117
473	120
474	118
475	121
476	120
477	120
478	118
479	118
480	115
481	116
482	113
483	112
484	110
485	109
486	107
487	105
488	100
489	99
490	95
491	95
492	90
493	89
494	85
495	84
496	78
497	77
498	76
499	78
500	62
501	66
502	63
503	63
504	56
505	55
506	53
507	52
508	47
509	44
510	43
511	40
512	36
513	34
514	30
515	30
516	27
517	25
518	23
519	20
520	18
521	17
522	12
523	13
524	8
525	9
526	4
527	5
528	2
529	3
530	1
531	0
532	-3
533	-4
534	-7
535	-6
536	-10
537	-9
538	-13
539	-11
540	-14
541	-13
542	-15
543	-15
544	-16
545	-16
546	-18
547	-19
548	-20
549	-19
550	-22
551	-20
552	-23
553	-21
554	-23
555	-23
556	-25
557	-23
558	-24
559	-24
560	-25
561	-25
562	-27
563	-25
564	-27
565	-26
566	-27
567	-26
568	-27
569	-26
570	-27
571	-27
572	-25
573	-27
574	-26
575	-26
576	-27
577	-25
578	-26
579	-24
580	-25
581	-24
582	-25
583	-22
584	-24
585	-22
586	-23
587	-22
588	-22
589	-20
590	-22
591	-21
592	-22
593	-19
594	-21
595	-19
596	-20
597	-19
598	-19
599	-19
600	-19
601	-18
602	-18
603	-17
604	-17
605	-17
606	-18
607	-16
608	-17
609	-16
610	-16
611	-16
612	-16
613	-15
614	-14
615	-14
616	-15
617	-14
618	-14
619	-12
620	-13
621	-14
622	-12
623	-12
624	-12
625	-9
626	-10
627	-9
628	-10
629	-9
630	-9
631	-7
632	-8
633	-7
634	-7
635	-7
636	-8
637	-7
638	-7
639	-6
640	-7
641	-5
642	-6
643	-5
644	-6
645	-4
646	-6
647	-3
648	-4
649	-4
650	-4
651	-3
652	-5
653	-3
654	-4
655	-3
656	-4
657	-3
658	-3
659	-3
660	-3
661	-1
662	-2
663	-3
664	-2
665	-3
666	-1
667	-2
668	-1
669	-1
670	-1
671	0
672	-1
673	0
674	0
675	-1
676	0
677	-1
678	0
679	-1
680	-2
681	0
682	0
683	0
684	0
685	0
686	-1
687	0
688	-1
689	0
690	0
691	0
692	-1
693	0
694	-1
695	0
696	0
697	0
698	0
699	0
700	0
701	-1
702	0
703	0
704	0
705	0
706	0
707	0
708	0
709	1
710	1
711	1
712	1
713	1
714	1
715	1
716	0
717	2
718	0
719	2
720	1
721	3
722	1
723	3
724	1
725	2
726	1
727	2
728	2
729	3
730	2
731	2
732	1
733	3
734	2
735	3
736	1
737	2
738	1
739	3
740	1
741	1
742	0
743	2
744	0
745	2
746	1
747	2
748	0
749	1
750	0
751	1
752	0
753	0
754	0
755	0
756	0
757	0
758	0
759	0
760	0
761	0
762	0
763	0
764	0
765	0
766	0
767	0
768	-1
769	0
770	-1
771	-1
772	-2
773	0
774	-1
775	0
776	-1
777	-1
778	-1
779	0
780	-2
781	-1
782	-1
783	-1
784	-1
785	-1
786	-1
787	0
788	0
789	0
790	0
791	0
792	0
793	0
794	0
795	0
796	0
797	0
798	0
799	0
800	0
801	0
802	0
803	0
804	-1
805	0
806	0
807	-1
808	0
809	0
810	-2
811	0
812	-1
813	0
814	-2
815	-2
816	-3
817	-2
818	-2
819	-2
820	-1
821	-1
822	-2
823	-1
824	-2
825	-2
826	-3
827	-3
828	-3
829	-2
830	-3
831	-1
832	-2
833	-1
834	-2
835	-2
836	-2
837	-2
838	-1
839	-1
840	-2
841	-1
842	-2
843	-1
844	-2
845	-1
846	-2
847	-1
848	-1
849	-2
850	-1
851	0
852	0
853	0
854	-2
855	0
856	-1
857	0
858	-1
859	-1
860	0
861	-1
862	-1
863	0
864	-1
865	0
866	-1
867	-1
868	0
869	0
870	-1
871	0
872	-1
873	0
874	0
875	-1
876	-1
877	0
878	0
879	0
880	0
881	0
882	-1
883	0
884	0
885	0
886	0
887	0
888	0
889	0
890	0
891	0
892	0
893	0
894	0
895	0
896	0
897	0
898	0
899	0
900	0
901	0
902	0
903	0
904	0
905	0
906	0
907	0
908	0
909	0
910	0
911	0
912	0
913	0
914	0
915	0
916	0
917	0
918	0
919	1
920	0
921	0
922	0
923	1
924	0
925	2
926	0
927	0
928	0
929	0
930	0
931	0
932	0
933	0
934	0
935	0
936	-2
937	-1
938	-1
939	0
940	-1
941	-1
942	-2
943	-1
944	-2
945	-1
946	-2
947	-2
948	-2
949	-2
950	-3
951	-1
952	-2
953	-2
954	-2
955	-2
956	-1
957	-2
958	-2
959	-2
960	-3
961	0
962	-1
963	-2
964	-2
965	-1
966	-1
967	-1
968	-1
969	0
970	-1
971	0
972	0
973	0
974	-1
975	0
976	-2
977	0
978	-1
979	0
980	0
981	0
982	0
983	0
984	0
985	0
986	0
987	0
988	0
989	0
990	-1
991	0
992	-1
993	0
994	0
995	0
996	-1
997	0
998	-1
999	0
1000	-1
1001	0
1002	0
1003	1
1004	0
1005	0
1006	0
1007	0
1008	0
1009	0
1010	0
1011	0
1012	0
1013	0
1014	0
1015	0
1016	0
1017	0
1018	0
1019	0
1020	0
1021	0
1022	0
1023	0
1024	-1
1025	0
1026	-1
1027	0
1028	-1
1029	0
1030	0
1031	0
1032	0
1033	-1
1034	-1
1035	-1
1036	-1
1037	0
1038	-1
1039	-2
1040	0
1041	0
1042	-1
1043	-1
1044	-1
1045	0
1046	-1
1047	-1
1048	-1
1049	0
1050	0
1051	-1
1052	0
1053	0
1054	0
1055	0
1056	0
1057	0
1058	0
1059	2
1060	1
1061	0
1062	1
1063	0
1064	0
1065	1
1066	0
1067	1
1068	0
1069	0
1070	0
1071	1
1072	0
1073	0
1074	0
1075	1
1076	0
1077	0
1078	-1
1079	0
1080	-1
1081	0
1082	0
1083	0
1084	0
1085	0
1086	-1
1087	0
1088	-1
1089	0
1090	0
1091	-1
1092	-1
1093	-1
1094	-2
1095	-1
1096	0
1097	-1
1098	-1
1099	-1
1100	-1
1101	-1
1102	-2
1103	-1
1104	-2
1105	-2
1106	-2
1107	-1
1108	-2
1109	-1
1110	-1
1111	-1
1112	-1
1113	0
1114	-2
1115	0
1116	-2
1117	0
1118	-1
1119	-1
1120	-1
1121	-1
1122	-1
1123	-1
1124	-1
1125	0
1126	0
1127	0
1128	0
1129	0
1130	0
1131	0
1132	-1
1133	0
1134	0
1135	0
1136	0
1137	0
1138	0
1139	1
1140	1
1141	2
1142	2
1143	3
1144	1
1145	3
1146	2
1147	3
1148	2
1149	3
1150	2
1151	3
1152	3
1153	4
1154	3
1155	4
1156	4
1157	4
1158	3
1159	4
1160	3
1161	4
1162	3
1163	4
1164	3
1165	3
1166	2
1167	4
1168	2
1169	3
1170	1
1171	2
1172	2
1173	3
1174	3
1175	2
1176	2
1177	1
1178	3
1179	1
1180	1
1181	0
1182	0
1183	1
1184	0
1185	0
1186	0
1187	-1
1188	0
1189	0
1190	-1
1191	0
1192	-2
1193	0
1194	-1
1195	0
1196	-1
1197	0
1198	-1
1199	0
1200	-2
1201	-2
1202	-2
1203	-1
1204	-1
1205	-1
1206	0
1207	0
1208	-1
1209	-1
1210	-1
1211	0
1212	-1
1213	0
1214	-1
1215	-1
1216	-2
1217	-1
1218	-2
1219	0
1220	-2
1221	-1
1222	-2
1223	-1
1224	-2
1225	-1
1226	-2
1227	-2
1228	-2
1229	-2
1230	-2
1231	-1
1232	-2
1233	-2
1234	-3
1235	-1
1236	-1
1237	-1
1238	-2
1239	0
1240	-1
1241	-1
1242	0
1243	0
1244	0
1245	0
1246	0
1247	0
1248	0
1249	0
1250	0
1251	0
1252	0
1253	0
1254	0
1255	1
1256	0
1257	0
1258	0
1259	0
1260	0
1261	1
1262	0
1263	0
1264	0
1265	0
1266	0
1267	0
1268	0
1269	0
1270	0
1271	0
1272	0
1273	0
1274	-1
1275	0
1276	-1
1277	0
1278	-1
1279	0
1280	0
1281	0
1282	-1
1283	0
1284	0
1285	0
1286	0
1287	0
1288	0
1289	0
1290	0
1291	0
1292	0
1293	0
1294	0
1295	0
1296	0
1297	0
1298	-1
1299	-1
1300	-1
1301	0
1302	-1
1303	0
1304	-1
1305	-1
1306	-1
1307	-1
1308	-1
1309	0
1310	0
1311	0
1312	0
1313	0
1314	0
1315	0
1316	-1
1317	-1
1318	-1
1319	-1
1320	-1
1321	0
1322	0
1323	0
1324	0
1325	0
1326	-1
1327	0
1328	0
1329	0
1330	0
1331	1
1332	0
1333	0
1334	0
1335	0
1336	0
1337	0
1338	0
1339	0
1340	0
1341	0
1342	0
1343	0
1344	0
1345	0
1346	0
1347	0
1348	0
1349	0
1350	0
1351	0
1352	0
1353	0
1354	0
1355	1
1356	0
1357	1
1358	0
1359	1
1360	1
1361	1
1362	0
1363	1
1364	1
1365	2
1366	0
1367	2
1368	1
1369	1
1370	1
1371	0
1372	1
1373	1
1374	1
1375	2
1376	1
1377	3
1378	2
1379	1
1380	0
1381	1
1382	0
1383	1
1384	1
1385	1
1386	0
1387	0
1388	0
1389	1
1390	0
1391	0
1392	0
1393	0
1394	0
1395	0
1396	0
1397	1
1398	0
1399	1
1400	0
1401	0
1402	0
1403	1
1404	0
1405	0
1406	0
1407	2
1408	0
1409	2
1410	1
1411	2
1412	0
1413	2
1414	1
1415	1
1416	0
1417	1
1418	0
1419	1
1420	0
1421	0
1422	0
1423	0
1424	0
1425	0
1426	0
1427	0
1428	0
1429	0
1430	0
1431	-1
1432	-1
1433	-2
1434	0
1435	0
1436	0
1437	0
1438	-1
1439	0
1440	-1
1441	0
1442	-1
1443	0
1444	0
1445	0
1446	-1
1447	0
1448	-1
1449	0
1450	-1
1451	-1
1452	-1
1453	0
1454	0
1455	0
1456	0
1457	0
1458	0
1459	0
1460	0
1461	-1
1462	0
1463	0
1464	0
1465	0
1466	-1
1467	0
1468	-1
1469	0
1470	0
1471	0
1472	-2
1473	0
1474	-1
1475	-1
1476	0
1477	-1
1478	-1
1479	-2
1480	-1
1481	-1
1482	-1
1483	-1
1484	-2
1485	-1
1486	-2
1487	-2
1488	-2
1489	-1
1490	-2
1491	-1
1492	-1
1493	-1
1494	-2
1495	-1
1496	-1
1497	-1
1498	-1
1499	-1
1500	-3
1501	0
1502	-1
1503	-1
1504	-1
1505	-1
1506	-1
1507	0
1508	-1
1509	0
1510	0
1511	-1
1512	0
1513	0
1514	0
1515	0
1516	0
1517	0
1518	0
1519	-1
1520	0
1521	0
1522	-1
1523	0
1524	0
1525	0
1526	0
1527	0
1528	0
1529	0
1530	0
1531	0
1532	0
1533	2
1534	0
1535	2
1536	0
1537	2
1538	1
1539	1
1540	1
1541	2
1542	2
1543	2
1544	1
1545	1
1546	2
1547	1
1548	2
1549	3
1550	1
1551	1
1552	0
1553	2
1554	0
1555	1
1556	0
1557	0
1558	0
1559	1
1560	0
1561	0
1562	-1
1563	0
1564	0
1565	-1
1566	-1
1567	0
1568	-1
1569	-1
1570	-1
1571	-1
1572	0
1573	0
1574	0
1575	0
1576	0
1577	0
1578	0
1579	0
1580	0
1581	0
1582	0
1583	0
1584	0
1585	1
1586	1
1587	2
1588	2
1589	0
1590	2
1591	2
1592	2
1593	2
1594	2
1595	3
1596	3
1597	2
1598	2
1599	3
1600	1
1601	4
1602	2
1603	2
1604	1
1605	2
1606	2
1607	3
1608	2
1609	2
1610	2
1611	2
1612	1
1613	2
1614	1
1615	2
1616	0
1617	1
1618	1
1619	1
1620	1
1621	1
1622	0
1623	1
1624	0
1625	1
1626	1
1627	1
1628	0
1629	1
1630	2
1631	2
1632	0
1633	2
1634	0
1635	0
1636	0
1637	1
1638	0
1639	1
1640	0
1641	1
1642	0
1643	0
1644	0
1645	0
1646	-1
1647	0
1648	0
1649	0
1650	0
1651	0
1652	-1
1653	0
1654	-2
1655	0
1656	0
1657	0
1658	-1
1659	0
1660	0
1661	0
1662	-1
1663	0
1664	0
1665	0
1666	0
1667	-1
1668	-1
1669	0
1670	-1
1671	0
1672	-1
1673	0
1674	-2
1675	-1
1676	-1
1677	0
1678	-2
1679	0
1680	-2
1681	0
1682	-3
1683	-3
1684	-2
1685	-1
1686	-2
1687	-1
1688	-3
1689	-2
1690	-3
1691	-3
1692	-3
1693	-3
1694	-2
1695	-2
1696	-2
1697	-2
1698	-2
1699	-1
1700	-3
1701	0
1702	-1
1703	-1
1704	-1
1705	0
1706	-1
1707	0
1708	0
1709	0
1710	0
1711	0
1712	0
1713	0
1714	0
1715	1
1716	0
1717	1
1718	0
1719	2
1720	0
1721	1
1722	1
1723	1
1724	0
1725	1
1726	0
1727	2
1728	0
1729	1
1730	0
1731	1
1732	0
1733	0
1734	0
1735	0
1736	0
1737	0
1738	0
1739	0
1740	0
1741	0
1742	0
1743	0
1744	0
1745	0
1746	0
1747	0
1748	0
1749	0
1750	-1
1751	0
1752	0
1753	0
1754	0
1755	1
1756	0
1757	1
1758	0
1759	1
1760	0
1761	1
1762	0
1763	0
1764	0
1765	1
1766	0
1767	0
1768	0
1769	0
1770	0
1771	0
1772	0
1773	0
1774	0
1775	0
1776	0
1777	0
1778	-2
1779	-1
1780	-3
1781	-2
1782	-2
1783	-2
1784	-3
1785	-2
1786	-3
1787	-2
1788	-2
1789	-2
1790	-1
1791	0
1792	-1
1793	0
1794	-1
1795	-1
1796	-1
1797	0
1798	-1
1799	0
1800	0
1801	0
1802	0
1803	1
1804	0
1805	0
1806	0
1807	1
1808	0
1809	1
1810	0
1811	1
1812	1
1813	1
1814	0
1815	0
1816	0
1817	0
1818	0
1819	0
1820	-1
1821	0
1822	0
1823	0
1824	-1
1825	0
1826	0
1827	0
1828	0
1829	0
1830	0
1831	0
1832	0
1833	0
1834	-1
1835	-1
1836	0
1837	0
1838	0
1839	0
1840	0
1841	0
1842	0
1843	0
1844	0
1845	1
1846	0
1847	0
1848	0
1849	1
1850	1
1851	1
1852	0
1853	1
1854	1
1855	0
1856	0
1857	1
1858	0
1859	1
1860	0
1861	1
1862	0
1863	1
1864	0
1865	0
1866	0
1867	0
1868	0
1869	0
1870	-1
1871	0
1872	0
1873	0
1874	0
1875	0
1876	-1
1877	-1
1878	-1
1879	0
1880	-2
1881	0
1882	-1
1883	0
1884	-1
1885	0
1886	-1
1887	0
1888	-1
1889	0
1890	0
1891	0
1892	0
1893	0
1894	0
1895	0
1896	0
1897	0
1898	0
1899	0
1900	0
1901	0
1902	0
1903	0
1904	0
1905	0
1906	0
1907	0
1908	0
1909	0
1910	0
1911	0
1912	0
1913	0
1914	0
1915	0
1916	0
1917	0
1918	0
1919	0
1920	-1
1921	0
1922	-1
1923	0
1924	0
1925	0
1926	0
1927	0
1928	0
1929	0
1930	0
1931	0
1932	0
1933	1
1934	0
1935	2
1936	0
1937	0
1938	0
1939	1
1940	0
1941	1
1942	0
1943	0
1944	0
1945	1
1946	0
1947	0
1948	0
1949	0
1950	0
1951	0
1952	0
1953	0
1954	0
1955	0
1956	0
1957	0
1958	0
1959	0
1960	0
1961	0
1962	-1
1963	0
1964	-1
1965	0
1966	0
1967	0
1968	0
1969	1
1970	0
1971	0
1972	0
1973	0
1974	0
1975	0
1976	1
1977	0
1978	0
1979	1
1980	0
1981	0
1982	0
1983	1
1984	0
1985	1
1986	0
1987	0
1988	0
1989	0
1990	0
1991	0
1992	0
1993	0
1994	0
1995	0
1996	0
1997	0
1998	0
1999	0
