0	0
1	0
2	0
3	0
4	0
5	0
6	0
7	0
8	0
9	0
10	0
11	0
12	0
13	1
14	0
15	1
16	0
17	0
18	0
19	0
20	0
21	0
22	0
23	0
24	0
25	0
26	0
27	0
28	0
29	0
30	0
31	0
32	0
33	0
34	0
35	1
36	0
37	1
38	1
39	0
40	0
41	1
42	0
43	0
44	0
45	0
46	0
47	0
48	0
49	0
50	0
51	0
52	0
53	0
54	0
55	0
56	0
57	0
58	0
59	0
60	0
61	-1
62	0
63	0
64	0
65	0
66	0
67	0
68	0
69	0
70	0
71	0
72	0
73	1
74	1
75	0
76	0
77	0
78	1
79	0
80	0
81	1
82	1
83	1
84	0
85	1
86	0
87	1
88	0
89	1
90	1
91	1
92	0
93	0
94	1
95	0
96	0
97	0
98	0
99	0
100	0
101	0
102	0
103	0
104	0
105	0
106	0
107	0
108	0
109	0
110	0
111	0
112	0
113	0
114	0
115	0
116	0
117	0
118	0
119	0
120	0
121	0
122	0
123	0
124	0
125	0
126	0
127	0
128	0
129	1
130	0
131	0
132	0
133	0
134	0
135	1
136	0
137	1
138	0
139	0
140	1
141	0
142	0
143	0
144	0
145	0
146	0
147	0
148	0
149	0
150	0
151	0
152	0
153	0
154	0
155	0
156	0
157	0
158	0
159	0
160	0
161	0
162	0
163	0
164	0
165	0
166	0
167	0
168	0
169	0
170	0
171	0
172	0
173	0
174	0
175	1
176	0
177	0
178	0
179	0
180	0
181	0
182	0
183	0
184	0
185	0
186	0
187	1
188	0
189	1
190	0
191	0
192	0
193	0
194	0
195	0
196	0
197	0
198	0
199	0
200	0
201	0
202	0
203	0
204	0
205	0
206	1
207	0
208	1
209	0
210	0
211	1
212	1
213	1
214	1
215	0
216	1
217	0
218	1
219	0
220	0
221	0
222	0
223	0
224	0
225	0
226	0
227	0
228	0
229	0
230	0
231	0
232	0
233	0
234	0
235	0
236	0
237	0
238	0
239	0
240	0
241	0
242	0
243	0
244	0
245	0
246	0
247	0
248	0
249	0
250	0
251	0
252	0
253	0
254	0
255	1
256	0
257	1
258	0
259	1
260	0
261	1
262	0
263	0
264	0
265	1
266	0
267	1
268	0
269	0
270	0
271	0
272	0
273	0
274	0
275	0
276	0
277	0
278	0
279	0
280	0
281	0
282	0
283	0
284	0
285	0
286	0
287	0
288	0
289	0
290	0
291	0
292	0
293	0
294	0
295	0
296	0
297	0
298	1
299	0
300	0
301	1
302	0
303	0
304	0
305	0
306	0
307	0
308	0
309	0
310	0
311	0
312	0
313	0
314	0
315	0
316	0
317	0
318	0
319	0
320	0
321	1
322	0
323	1
324	0
325	0
326	0
327	0
328	0
329	0
330	0
331	0
332	0
333	0
334	0
335	1
336	0
337	0
338	1
339	1
340	1
341	1
342	1
343	1
344	1
345	1
346	1
347	1
348	1
349	1
350	1
351	1
352	0
353	1
354	0
355	0
356	0
357	0
358	0
359	0
360	0
361	0
362	0
363	0
364	0
365	0
366	0
367	0
368	0
369	0
370	0
371	0
372	0
373	0
374	0
375	0
376	0
377	0
378	0
379	0
380	0
381	0
382	0
383	0
384	0
385	0
386	0
387	0
388	0
389	0
390	0
391	1
392	0
393	1
394	0
395	0
396	0
397	1
398	0
399	1
400	0
401	1
402	0
403	0
404	0
405	0
406	0
407	0
408	0
409	0
410	0
411	0
412	0
413	0
414	0
415	0
416	0
417	0
418	0
419	0
420	0
421	0
422	0
423	0
424	0
425	1
426	0
427	1
428	0
429	0
430	0
431	0
432	0
433	0
434	0
435	1
436	2
437	3
438	3
439	4
440	6
441	6
442	9
443	9
444	12
445	14
446	16
447	20
448	21
449	23
450	25
451	28
452	32
453	35
454	39
455	41
456	43
457	47
458	51
459	54
460	55
461	57
462	62
463	63
464	68
465	69
466	70
467	73
468	75
469	78
470	79
471	81
472	81
473	84
474	84
475	85
476	86
477	87
478	87
479	88
480	88
481	88
482	89
483	88
484	87
485	87
486	85
487	85
488	85
489	84
490	84
491	84
492	80
493	79
494	77
495	76
496	76
497	76
498	76
499	78
500	62
501	68
502	65
503	65
504	64
505	64
506	61
507	60
508	55
509	55
510	53
511	52
512	51
513	50
514	47
515	45
516	41
517	41
518	40
519	40
520	38
521	37
522	33
523	33
524	29
525	29
526	26
527	26
528	25
529	24
530	23
531	22
532	21
533	20
534	17
535	16
536	13
537	14
538	11
539	12
540	10
541	10
542	8
543	7
544	6
545	6
546	6
547	5
548	4
549	4
550	4
551	1
552	0
553	-1
554	-1
555	-1
556	-2
557	-4
558	-5
559	-5
560	-5
561	-6
562	-7
563	-6
564	-8
565	-7
566	-8
567	-8
568	-9
569	-8
570	-10
571	-9
572	-11
573	-9
574	-11
575	-11
576	-11
577	-10
578	-11
579	-11
580	-11
581	-11
582	-12
583	-12
584	-13
585	-12
586	-13
587	-12
588	-12
589	-12
590	-13
591	-13
592	-14
593	-12
594	-13
595	-13
596	-13
597	-12
598	-13
599	-13
600	-13
601	-12
602	-12
603	-12
604	-12
605	-11
606	-13
607	-12
608	-13
609	-12
610	-10
611	-12
612	-11
613	-10
614	-11
615	-10
616	-12
617	-12
618	-12
619	-11
620	-12
621	-11
622	-14
623	-11
624	-12
625	-10
626	-12
627	-9
628	-13
629	-11
630	-10
631	-11
632	-10
633	-10
634	-9
635	-8
636	-9
637	-8
638	-8
639	-8
640	-7
641	-7
642	-6
643	-7
644	-7
645	-8
646	-5
647	-6
648	-6
649	-5
650	-4
651	-4
652	-4
653	-4
654	-5
655	-3
656	-4
657	-3
658	-2
659	-2
660	-3
661	-3
662	-3
663	-1
664	-4
665	-3
666	-3
667	-3
668	-2
669	-2
670	-3
671	-2
672	-2
673	-2
674	-3
675	-1
676	-1
677	-2
678	-2
679	-1
680	-2
681	-2
682	-2
683	-2
684	-1
685	-2
686	-2
687	-2
688	-2
689	0
690	-3
691	-2
692	-2
693	-1
694	-2
695	-1
696	-2
697	0
698	-1
699	-1
700	-1
701	0
702	-1
703	0
704	-1
705	0
706	-3
707	-1
708	-1
709	-1
710	-1
711	0
712	-2
713	-1
714	0
715	-1
716	-1
717	-1
718	-1
719	-1
720	-1
721	-1
722	0
723	0
724	-1
725	0
726	0
727	-1
728	-1
729	0
730	0
731	0
732	0
733	0
734	0
735	0
736	0
737	-1
738	0
739	0
740	0
741	-1
742	0
743	0
744	-1
745	0
746	0
747	0
748	0
749	0
750	0
751	0
752	-1
753	0
754	-1
755	0
756	-1
757	0
758	-1
759	0
760	0
761	0
762	0
763	0
764	0
765	0
766	0
767	0
768	0
769	0
770	0
771	0
772	0
773	0
774	0
775	0
776	0
777	0
778	0
779	0
780	0
781	0
782	0
783	0
784	0
785	0
786	0
787	0
788	-1
789	0
790	0
791	0
792	0
793	0
794	0
795	0
796	0
797	0
798	0
799	0
800	0
801	0
802	-1
803	0
804	0
805	0
806	0
807	0
808	0
809	0
810	0
811	0
812	0
813	0
814	0
815	0
816	0
817	0
818	0
819	0
820	0
821	0
822	0
823	0
824	0
825	0
826	0
827	0
828	0
829	0
830	0
831	0
832	0
833	0
834	0
835	0
836	0
837	0
838	0
839	0
840	0
841	0
842	0
843	0
844	0
845	0
846	0
847	0
848	0
849	0
850	0
851	0
852	0
853	0
854	-1
855	0
856	-1
857	0
858	-1
859	0
860	0
861	0
862	-1
863	0
864	0
865	0
866	0
867	0
868	0
869	0
870	0
871	0
872	0
873	0
874	0
875	0
876	0
877	0
878	0
879	0
880	0
881	0
882	0
883	0
884	0
885	0
886	0
887	0
888	0
889	0
890	0
891	0
892	0
893	0
894	0
895	0
896	0
897	0
898	0
899	0
900	0
901	0
902	0
903	1
904	0
905	0
906	0
907	0
908	0
909	0
910	0
911	0
912	0
913	0
914	0
915	0
916	0
917	0
918	0
919	0
920	-1
921	-1
922	-1
923	-1
924	-1
925	-1
926	0
927	0
928	0
929	0
930	0
931	0
932	0
933	0
934	0
935	0
936	0
937	0
938	0
939	0
940	1
941	0
942	0
943	0
944	0
945	1
946	0
947	0
948	0
949	0
950	0
951	0
952	0
953	0
954	0
955	0
956	0
957	0
958	0
959	0
960	0
961	0
962	0
963	0
964	0
965	0
966	0
967	1
968	0
969	0
970	0
971	1
972	0
973	1
974	1
975	0
976	1
977	1
978	0
979	1
980	0
981	1
982	1
983	0
984	0
985	1
986	1
987	0
988	0
989	0
990	0
991	0
992	0
993	0
994	0
995	1
996	1
997	2
998	1
999	1
1000	1
1001	1
1002	2
1003	2
1004	1
1005	2
1006	2
1007	1
1008	2
1009	1
1010	1
1011	1
1012	1
1013	1
1014	1
1015	2
1016	1
1017	1
1018	0
1019	1
1020	1
1021	1
1022	0
1023	0
1024	0
1025	0
1026	0
1027	1
1028	0
1029	0
1030	0
1031	0
1032	0
1033	0
1034	0
1035	0
1036	0
1037	0
1038	0
1039	0
1040	0
1041	0
1042	0
1043	0
1044	0
1045	0
1046	0
1047	0
1048	0
1049	0
1050	0
1051	0
1052	0
1053	0
1054	0
1055	0
1056	0
1057	0
1058	0
1059	0
1060	0
1061	0
1062	0
1063	0
1064	0
1065	0
1066	0
1067	0
1068	0
1069	0
1070	0
1071	0
1072	0
1073	0
1074	-1
1075	-1
1076	-1
1077	-1
1078	-1
1079	-1
1080	-1
1081	-1
1082	-1
1083	0
1084	-1
1085	-1
1086	-1
1087	0
1088	0
1089	-1
1090	0
1091	-1
1092	-1
1093	-1
1094	0
1095	-1
1096	0
1097	-1
1098	0
1099	-1
1100	0
1101	0
1102	0
1103	0
1104	0
1105	0
1106	0
1107	0
1108	0
1109	0
1110	0
1111	0
1112	-1
1113	0
1114	0
1115	0
1116	0
1117	0
1118	0
1119	0
1120	0
1121	0
1122	-1
1123	0
1124	0
1125	0
1126	0
1127	0
1128	0
1129	0
1130	0
1131	0
1132	0
1133	0
1134	0
1135	-1
1136	0
1137	0
1138	0
1139	0
1140	0
1141	0
1142	0
1143	0
1144	0
1145	0
1146	0
1147	0
1148	0
1149	0
1150	0
1151	0
1152	0
1153	0
1154	0
1155	0
1156	0
1157	0
1158	0
1159	0
1160	0
1161	0
1162	0
1163	0
1164	0
1165	0
1166	-1
1167	0
1168	0
1169	0
1170	0
1171	-1
1172	0
1173	0
1174	0
1175	-1
1176	-1
1177	0
1178	0
1179	0
1180	0
1181	0
1182	0
1183	0
1184	0
1185	0
1186	0
1187	0
1188	0
1189	0
1190	0
1191	0
1192	0
1193	0
1194	0
1195	0
1196	0
1197	0
1198	0
1199	0
1200	0
1201	0
1202	0
1203	0
1204	0
1205	0
1206	0
1207	0
1208	0
1209	0
1210	0
1211	0
1212	0
1213	0
1214	0
1215	0
1216	0
1217	1
1218	0
1219	1
1220	0
1221	1
1222	0
1223	1
1224	1
1225	1
1226	1
1227	2
1228	1
1229	1
1230	2
1231	1
1232	2
1233	1
1234	2
1235	1
1236	2
1237	1
1238	1
1239	2
1240	1
1241	1
1242	1
1243	1
1244	1
1245	0
1246	2
1247	1
1248	2
1249	2
1250	1
1251	1
1252	1
1253	1
1254	1
1255	0
1256	1
1257	1
1258	1
1259	1
1260	1
1261	1
1262	1
1263	1
1264	0
1265	1
1266	1
1267	2
1268	1
1269	1
1270	0
1271	2
1272	1
1273	1
1274	0
1275	0
1276	1
1277	1
1278	1
1279	1
1280	0
1281	1
1282	0
1283	1
1284	0
1285	0
1286	0
1287	0
1288	0
1289	0
1290	0
1291	0
1292	0
1293	0
1294	0
1295	0
1296	0
1297	0
1298	0
1299	0
1300	0
1301	0
1302	0
1303	0
1304	0
1305	0
1306	0
1307	0
1308	0
1309	1
1310	0
1311	0
1312	0
1313	0
1314	0
1315	1
1316	0
1317	0
1318	0
1319	0
1320	1
1321	0
1322	0
1323	1
1324	1
1325	0
1326	1
1327	1
1328	0
1329	1
1330	1
1331	1
1332	2
1333	1
1334	2
1335	2
1336	1
1337	2
1338	2
1339	2
1340	2
1341	3
1342	2
1343	2
1344	2
1345	4
1346	3
1347	3
1348	3
1349	3
1350	2
1351	3
1352	3
1353	3
1354	3
1355	4
1356	2
1357	3
1358	3
1359	4
1360	2
1361	3
1362	3
1363	3
1364	3
1365	2
1366	2
1367	2
1368	3
1369	2
1370	2
1371	2
1372	2
1373	2
1374	1
1375	1
1376	1
1377	3
1378	2
1379	2
1380	1
1381	2
1382	1
1383	2
1384	0
1385	2
1386	1
1387	2
1388	1
1389	1
1390	0
1391	1
1392	1
1393	1
1394	1
1395	0
1396	0
1397	1
1398	1
1399	1
1400	0
1401	1
1402	1
1403	0
1404	0
1405	0
1406	0
1407	1
1408	0
1409	0
1410	0
1411	0
1412	0
1413	0
1414	0
1415	0
1416	0
1417	0
1418	0
1419	-1
1420	0
1421	0
1422	0
1423	0
1424	-1
1425	0
1426	-1
1427	-1
1428	-1
1429	0
1430	0
1431	0
1432	0
1433	0
1434	0
1435	0
1436	-1
1437	0
1438	0
1439	0
1440	-1
1441	0
1442	0
1443	0
1444	0
1445	0
1446	0
1447	0
1448	0
1449	0
1450	0
1451	-1
1452	0
1453	0
1454	0
1455	0
1456	0
1457	0
1458	0
1459	0
1460	0
1461	-1
1462	0
1463	0
1464	0
1465	0
1466	-1
1467	0
1468	0
1469	0
1470	-1
1471	0
1472	-1
1473	0
1474	0
1475	0
1476	-1
1477	0
1478	0
1479	0
1480	0
1481	0
1482	0
1483	0
1484	0
1485	0
1486	0
1487	0
1488	0
1489	0
1490	0
1491	0
1492	0
1493	-1
1494	0
1495	0
1496	0
1497	0
1498	0
1499	0
1500	0
1501	0
1502	0
1503	0
1504	-1
1505	0
1506	-1
1507	0
1508	0
1509	0
1510	0
1511	0
1512	0
1513	0
1514	0
1515	0
1516	0
1517	0
1518	0
1519	0
1520	0
1521	0
1522	0
1523	0
1524	-1
1525	0
1526	0
1527	0
1528	0
1529	0
1530	0
1531	0
1532	0
1533	0
1534	0
1535	0
1536	0
1537	0
1538	0
1539	0
1540	0
1541	0
1542	0
1543	0
1544	0
1545	0
1546	0
1547	0
1548	0
1549	0
1550	0
1551	0
1552	0
1553	0
1554	0
1555	1
1556	0
1557	0
1558	0
1559	0
1560	0
1561	0
1562	0
1563	0
1564	0
1565	0
1566	-1
1567	0
1568	0
1569	0
1570	0
1571	0
1572	0
1573	0
1574	0
1575	0
1576	0
1577	0
1578	0
1579	0
1580	0
1581	0
1582	0
1583	0
1584	0
1585	0
1586	0
1587	0
1588	0
1589	0
1590	0
1591	0
1592	0
1593	0
1594	0
1595	0
1596	0
1597	0
1598	0
1599	0
1600	0
1601	0
1602	0
1603	0
1604	0
1605	0
1606	0
1607	0
1608	0
1609	0
1610	0
1611	0
1612	0
1613	0
1614	0
1615	0
1616	0
1617	0
1618	0
1619	0
1620	0
1621	0
1622	0
1623	0
1624	0
1625	0
1626	0
1627	0
1628	0
1629	0
1630	0
1631	0
1632	0
1633	0
1634	0
1635	0
1636	0
1637	0
1638	0
1639	0
1640	0
1641	0
1642	0
1643	0
1644	0
1645	0
1646	0
1647	0
1648	0
1649	0
1650	0
1651	0
1652	0
1653	0
1654	0
1655	0
1656	0
1657	0
1658	0
1659	1
1660	0
1661	2
1662	1
1663	0
1664	1
1665	0
1666	1
1667	1
1668	1
1669	1
1670	1
1671	1
1672	1
1673	1
1674	1
1675	1
1676	2
1677	1
1678	1
1679	1
1680	1
1681	2
1682	1
1683	1
1684	1
1685	1
1686	2
1687	1
1688	1
1689	1
1690	1
1691	1
1692	1
1693	1
1694	0
1695	0
1696	0
1697	1
1698	0
1699	1
1700	0
1701	0
1702	0
1703	0
1704	0
1705	1
1706	1
1707	0
1708	1
1709	0
1710	1
1711	0
1712	0
1713	0
1714	0
1715	0
1716	0
1717	0
1718	0
1719	0
1720	0
1721	0
1722	0
1723	0
1724	0
1725	0
1726	0
1727	0
1728	0
1729	0
1730	0
1731	0
1732	0
1733	0
1734	0
1735	0
1736	0
1737	0
1738	0
1739	0
1740	0
1741	0
1742	0
1743	0
1744	0
1745	0
1746	0
1747	0
1748	0
1749	0
1750	0
1751	0
1752	0
1753	0
1754	0
1755	0
1756	0
1757	0
1758	0
1759	0
1760	0
1761	0
1762	0
1763	0
1764	0
1765	0
1766	0
1767	0
1768	0
1769	0
1770	0
1771	0
1772	0
1773	0
1774	0
1775	-1
1776	0
1777	-1
1778	0
1779	0
1780	0
1781	0
1782	0
1783	0
1784	0
1785	0
1786	-1
1787	0
1788	0
1789	0
1790	0
1791	0
1792	0
1793	0
1794	0
1795	0
1796	0
1797	0
1798	0
1799	0
1800	0
1801	0
1802	0
1803	0
1804	0
1805	0
1806	0
1807	0
1808	0
1809	1
1810	0
1811	0
1812	1
1813	0
1814	1
1815	0
1816	1
1817	0
1818	0
1819	1
1820	0
1821	0
1822	0
1823	0
1824	1
1825	1
1826	2
1827	1
1828	0
1829	0
1830	1
1831	1
1832	0
1833	1
1834	0
1835	1
1836	0
1837	1
1838	1
1839	1
1840	1
1841	1
1842	1
1843	1
1844	1
1845	1
1846	1
1847	1
1848	1
1849	0
1850	1
1851	2
1852	1
1853	1
1854	1
1855	1
1856	2
1857	1
1858	0
1859	1
1860	0
1861	0
1862	0
1863	0
1864	1
1865	0
1866	0
1867	1
1868	0
1869	0
1870	0
1871	0
1872	0
1873	0
1874	0
1875	0
1876	0
1877	0
1878	0
1879	0
1880	0
1881	-1
1882	0
1883	0
1884	0
1885	0
1886	0
1887	0
1888	0
1889	0
1890	0
1891	0
1892	0
1893	0
1894	0
1895	0
1896	0
1897	0
1898	0
1899	0
1900	0
1901	0
1902	0
1903	0
1904	0
1905	0
1906	0
1907	0
1908	0
1909	0
1910	0
1911	0
1912	0
1913	-1
1914	-1
1915	0
1916	0
1917	0
1918	0
1919	0
1920	0
1921	0
1922	0
1923	0
1924	0
1925	0
1926	0
1927	0
1928	0
1929	0
1930	0
1931	0
1932	0
1933	0
1934	0
1935	0
1936	0
1937	0
1938	0
1939	0
1940	0
1941	0
1942	0
1943	0
1944	0
1945	0
1946	0
1947	0
1948	0
1949	0
1950	0
1951	0
1952	0
1953	0
1954	0
1955	0
1956	0
1957	0
1958	0
1959	0
1960	0
1961	0
1962	0
1963	0
1964	0
1965	0
1966	0
1967	0
1968	0
1969	0
1970	0
1971	0
1972	0
1973	0
1974	0
1975	0
1976	0
1977	0
1978	0
1979	0
1980	0
1981	0
1982	0
1983	0
1984	0
1985	0
1986	0
1987	0
1988	0
1989	0
1990	0
1991	1
1992	1
1993	0
1994	0
1995	0
1996	0
1997	0
1998	0
1999	0
