0	0
1	1
2	0
3	1
4	0
5	0
6	0
7	1
8	0
9	1
10	0
11	0
12	0
13	0
14	0
15	0
16	0
17	0
18	0
19	0
20	0
21	0
22	-1
23	0
24	0
25	0
26	0
27	0
28	-1
29	0
30	0
31	0
32	0
33	0
34	0
35	0
36	0
37	0
38	0
39	0
40	0
41	0
42	0
43	0
44	0
45	0
46	0
47	0
48	0
49	1
50	0
51	1
52	0
53	0
54	0
55	0
56	0
57	0
58	0
59	0
60	0
61	0
62	0
63	1
64	0
65	2
66	0
67	1
68	0
69	1
70	0
71	0
72	0
73	0
74	0
75	1
76	0
77	0
78	0
79	0
80	0
81	1
82	0
83	1
84	0
85	1
86	0
87	1
88	0
89	0
90	-1
91	0
92	0
93	2
94	0
95	1
96	0
97	0
98	0
99	0
100	0
101	1
102	0
103	0
104	0
105	0
106	0
107	1
108	0
109	1
110	0
111	1
112	0
113	0
114	0
115	1
116	0
117	0
118	0
119	1
120	0
121	0
122	0
123	0
124	0
125	0
126	0
127	1
128	0
129	0
130	0
131	0
132	0
133	0
134	0
135	0
136	0
137	1
138	0
139	0
140	0
141	0
142	0
143	0
144	-1
145	0
146	0
147	0
148	0
149	0
150	0
151	0
152	0
153	1
154	0
155	0
156	0
157	1
158	0
159	1
160	0
161	1
162	0
163	1
164	0
165	1
166	0
167	2
168	0
169	1
170	0
171	1
172	0
173	1
174	0
175	0
176	0
177	0
178	0
179	1
180	0
181	1
182	0
183	1
184	0
185	0
186	0
187	0
188	0
189	0
190	0
191	1
192	0
193	2
194	0
195	1
196	0
197	1
198	0
199	2
200	0
201	0
202	0
203	0
204	0
205	2
206	0
207	2
208	0
209	0
210	0
211	0
212	0
213	1
214	0
215	2
216	0
217	0
218	0
219	0
220	0
221	0
222	0
223	0
224	0
225	1
226	0
227	0
228	0
229	0
230	0
231	0
232	0
233	1
234	0
235	0
236	0
237	0
238	0
239	1
240	0
241	1
242	0
243	0
244	0
245	1
246	0
247	1
248	0
249	0
250	0
251	0
252	0
253	0
254	0
255	0
256	0
257	0
258	0
259	1
260	0
261	0
262	-1
263	0
264	0
265	0
266	0
267	0
268	0
269	0
270	0
271	0
272	0
273	0
274	0
275	1
276	0
277	0
278	0
279	1
280	0
281	0
282	0
283	1
284	0
285	1
286	0
287	2
288	0
289	1
290	0
291	1
292	0
293	1
294	0
295	0
296	0
297	0
298	0
299	1
300	0
301	1
302	0
303	2
304	0
305	1
306	0
307	0
308	0
309	0
310	0
311	0
312	0
313	0
314	0
315	0
316	0
317	0
318	0
319	0
320	0
321	0
322	0
323	0
324	0
325	1
326	0
327	0
328	0
329	1
330	0
331	1
332	1
333	0
334	1
335	1
336	0
337	2
338	0
339	2
340	0
341	2
342	0
343	0
344	0
345	1
346	0
347	1
348	0
349	1
350	0
351	1
352	0
353	1
354	0
355	1
356	0
357	0
358	0
359	0
360	0
361	0
362	0
363	0
364	0
365	0
366	0
367	0
368	0
369	0
370	0
371	0
372	0
373	0
374	0
375	0
376	0
377	0
378	0
379	0
380	0
381	1
382	0
383	1
384	0
385	0
386	0
387	1
388	0
389	1
390	0
391	1
392	0
393	1
394	0
395	2
396	0
397	1
398	0
399	2
400	0
401	2
402	0
403	1
404	0
405	0
406	0
407	1
408	0
409	0
410	0
411	0
412	0
413	0
414	0
415	0
416	0
417	1
418	0
419	0
420	0
421	0
422	0
423	0
424	0
425	0
426	0
427	0
428	0
429	0
430	0
431	0
432	0
433	1
434	0
435	2
436	2
437	3
438	4
439	5
440	7
441	7
442	9
443	12
444	12
445	15
446	16
447	20
448	22
449	24
450	25
451	29
452	31
453	35
454	35
455	39
456	40
457	44
458	45
459	48
460	50
461	52
462	55
463	56
464	58
465	62
466	62
467	65
468	65
469	68
470	68
471	71
472	71
473	74
474	71
475	74
476	73
477	75
478	75
479	76
480	76
481	77
482	76
483	77
484	76
485	79
486	77
487	79
488	75
489	78
490	76
491	78
492	74
493	75
494	73
495	75
496	74
497	74
498	75
499	78
500	62
501	70
502	67
503	67
504	65
505	67
506	63
507	63
508	62
509	62
510	58
511	59
512	57
513	58
514	53
515	54
516	49
517	52
518	48
519	49
520	46
521	47
522	44
523	44
524	40
525	41
526	38
527	37
528	35
529	34
530	33
531	33
532	31
533	31
534	28
535	27
536	26
537	25
538	21
539	23
540	18
541	22
542	15
543	18
544	14
545	14
546	11
547	13
548	10
549	11
550	7
551	9
552	6
553	7
554	5
555	5
556	4
557	5
558	2
559	3
560	2
561	3
562	0
563	2
564	0
565	0
566	-1
567	1
568	-2
569	-1
570	-3
571	0
572	-2
573	-2
574	-2
575	-2
576	-3
577	-3
578	-4
579	-4
580	-6
581	-5
582	-6
583	-4
584	-6
585	-4
586	-5
587	-5
588	-4
589	-6
590	-6
591	-6
592	-8
593	-5
594	-6
595	-7
596	-7
597	-5
598	-7
599	-5
600	-8
601	-5
602	-9
603	-4
604	-9
605	-7
606	-6
607	-5
608	-7
609	-5
610	-7
611	-4
612	-7
613	-4
614	-6
615	-4
616	-7
617	-5
618	-6
619	-3
620	-5
621	-4
622	-4
623	-3
624	-5
625	-3
626	-4
627	-4
628	-4
629	-2
630	-4
631	-3
632	-4
633	-3
634	-4
635	-4
636	-4
637	-3
638	-4
639	-2
640	-3
641	-2
642	-3
643	-2
644	-5
645	-1
646	-4
647	-3
648	-3
649	-1
650	-1
651	-1
652	-2
653	0
654	-2
655	0
656	-2
657	0
658	-4
659	0
660	-3
661	0
662	-3
663	0
664	-1
665	0
666	-2
667	0
668	-1
669	-1
670	-1
671	-1
672	-3
673	0
674	-2
675	-2
676	-2
677	-1
678	-3
679	-1
680	-2
681	-1
682	-3
683	-1
684	-2
685	0
686	-2
687	-1
688	-2
689	-1
690	-1
691	-1
692	-1
693	0
694	0
695	0
696	0
697	0
698	-1
699	0
700	0
701	0
702	0
703	0
704	0
705	0
706	0
707	0
708	0
709	0
710	0
711	0
712	-1
713	0
714	0
715	0
716	0
717	0
718	0
719	0
720	0
721	0
722	-1
723	0
724	-1
725	0
726	-2
727	0
728	-1
729	0
730	0
731	0
732	0
733	0
734	-1
735	0
736	-2
737	0
738	-1
739	0
740	-1
741	0
742	-1
743	0
744	-1
745	0
746	0
747	0
748	-1
749	0
750	0
751	0
752	-1
753	0
754	0
755	0
756	0
757	0
758	-1
759	0
760	-1
761	0
762	0
763	0
764	-1
765	0
766	-1
767	0
768	0
769	-1
770	0
771	0
772	-1
773	0
774	-1
775	-1
776	0
777	0
778	-3
779	0
780	-1
781	0
782	-1
783	0
784	0
785	-1
786	0
787	0
788	-1
789	0
790	0
791	0
792	0
793	0
794	0
795	0
796	0
797	0
798	0
799	0
800	0
801	0
802	0
803	0
804	0
805	0
806	0
807	0
808	0
809	0
810	0
811	0
812	0
813	0
814	0
815	0
816	-1
817	0
818	-2
819	0
820	-1
821	0
822	0
823	0
824	-1
825	-1
826	-2
827	-1
828	-1
829	0
830	-1
831	0
832	-1
833	0
834	0
835	0
836	-1
837	0
838	-2
839	0
840	-1
841	0
842	-1
843	0
844	-1
845	0
846	-3
847	0
848	-1
849	0
850	-1
851	0
852	-1
853	-1
854	0
855	0
856	-1
857	0
858	-1
859	-1
860	-2
861	0
862	-2
863	0
864	0
865	0
866	-1
867	0
868	0
869	0
870	0
871	0
872	0
873	1
874	0
875	0
876	0
877	0
878	0
879	1
880	1
881	1
882	1
883	1
884	1
885	1
886	2
887	1
888	1
889	2
890	0
891	2
892	0
893	1
894	0
895	2
896	0
897	1
898	0
899	1
900	-1
901	0
902	0
903	1
904	0
905	0
906	0
907	1
908	0
909	0
910	0
911	0
912	-1
913	0
914	-1
915	0
916	-1
917	0
918	-1
919	-1
920	0
921	0
922	0
923	-1
924	0
925	0
926	0
927	0
928	-1
929	0
930	0
931	0
932	-1
933	0
934	0
935	0
936	0
937	0
938	0
939	0
940	0
941	0
942	0
943	0
944	0
945	0
946	0
947	0
948	0
949	0
950	0
951	-1
952	-1
953	0
954	-1
955	-1
956	-2
957	-1
958	-1
959	-1
960	-1
961	-1
962	-2
963	-1
964	-1
965	-2
966	-2
967	-1
968	-1
969	-1
970	-1
971	-1
972	-2
973	0
974	-1
975	-1
976	-1
977	-1
978	-2
979	0
980	-1
981	0
982	-1
983	0
984	-1
985	-1
986	-1
987	-1
988	-2
989	-1
990	-1
991	0
992	-2
993	0
994	0
995	0
996	-1
997	0
998	-1
999	0
1000	-1
1001	0
1002	-1
1003	0
1004	0
1005	0
1006	0
1007	0
1008	0
1009	0
1010	-1
1011	0
1012	-1
1013	0
1014	-1
1015	0
1016	0
1017	0
1018	-2
1019	0
1020	-1
1021	0
1022	-2
1023	0
1024	-1
1025	0
1026	-1
1027	0
1028	-1
1029	0
1030	-2
1031	0
1032	-3
1033	0
1034	-2
1035	0
1036	-2
1037	0
1038	-1
1039	0
1040	-1
1041	0
1042	-2
1043	0
1044	-3
1045	0
1046	-2
1047	0
1048	-2
1049	-1
1050	-1
1051	-1
1052	-1
1053	0
1054	-1
1055	0
1056	-2
1057	0
1058	-1
1059	0
1060	-1
1061	0
1062	-1
1063	0
1064	0
1065	0
1066	0
1067	0
1068	-1
1069	0
1070	-1
1071	0
1072	-1
1073	0
1074	0
1075	1
1076	0
1077	0
1078	-1
1079	0
1080	0
1081	0
1082	0
1083	0
1084	0
1085	1
1086	0
1087	0
1088	0
1089	0
1090	0
1091	1
1092	1
1093	1
1094	0
1095	1
1096	0
1097	1
1098	0
1099	1
1100	1
1101	0
1102	0
1103	0
1104	0
1105	0
1106	0
1107	0
1108	0
1109	1
1110	0
1111	1
1112	0
1113	1
1114	0
1115	2
1116	0
1117	1
1118	0
1119	0
1120	0
1121	0
1122	0
1123	0
1124	0
1125	1
1126	0
1127	1
1128	0
1129	0
1130	0
1131	0
1132	0
1133	0
1134	0
1135	0
1136	0
1137	0
1138	0
1139	0
1140	0
1141	0
1142	0
1143	0
1144	0
1145	0
1146	0
1147	0
1148	0
1149	0
1150	0
1151	0
1152	-1
1153	0
1154	0
1155	0
1156	0
1157	0
1158	0
1159	0
1160	0
1161	0
1162	0
1163	0
1164	0
1165	0
1166	-1
1167	0
1168	-1
1169	0
1170	0
1171	0
1172	-2
1173	0
1174	-1
1175	0
1176	-1
1177	0
1178	-3
1179	0
1180	0
1181	0
1182	-1
1183	0
1184	-1
1185	0
1186	0
1187	0
1188	-1
1189	0
1190	0
1191	-1
1192	-1
1193	-1
1194	-1
1195	-1
1196	0
1197	0
1198	0
1199	-1
1200	-1
1201	0
1202	-1
1203	0
1204	-1
1205	-1
1206	0
1207	-1
1208	-1
1209	0
1210	-1
1211	0
1212	0
1213	-1
1214	-1
1215	0
1216	-2
1217	-1
1218	-2
1219	0
1220	-2
1221	0
1222	-1
1223	-1
1224	-1
1225	0
1226	-1
1227	0
1228	0
1229	0
1230	-1
1231	-1
1232	-1
1233	0
1234	-1
1235	0
1236	-1
1237	0
1238	-1
1239	0
1240	0
1241	0
1242	-1
1243	0
1244	-1
1245	0
1246	-1
1247	0
1248	0
1249	0
1250	0
1251	0
1252	0
1253	-1
1254	-2
1255	0
1256	0
1257	0
1258	-2
1259	0
1260	-2
1261	0
1262	-1
1263	0
1264	-1
1265	0
1266	0
1267	0
1268	0
1269	0
1270	0
1271	0
1272	-1
1273	0
1274	0
1275	0
1276	0
1277	0
1278	0
1279	0
1280	-1
1281	0
1282	0
1283	0
1284	-1
1285	0
1286	-1
1287	0
1288	-1
1289	0
1290	0
1291	0
1292	0
1293	0
1294	0
1295	0
1296	-1
1297	-1
1298	-2
1299	0
1300	0
1301	0
1302	-1
1303	0
1304	-1
1305	0
1306	-1
1307	0
1308	0
1309	0
1310	-1
1311	0
1312	0
1313	0
1314	0
1315	0
1316	0
1317	0
1318	0
1319	0
1320	0
1321	0
1322	0
1323	0
1324	0
1325	0
1326	-1
1327	0
1328	-1
1329	0
1330	0
1331	0
1332	0
1333	0
1334	0
1335	0
1336	0
1337	-1
1338	0
1339	0
1340	0
1341	0
1342	0
1343	0
1344	-1
1345	0
1346	-1
1347	0
1348	-1
1349	0
1350	0
1351	0
1352	0
1353	0
1354	0
1355	0
1356	0
1357	0
1358	0
1359	0
1360	-1
1361	0
1362	-1
1363	0
1364	0
1365	0
1366	0
1367	-1
1368	0
1369	0
1370	0
1371	0
1372	0
1373	0
1374	0
1375	-1
1376	0
1377	-1
1378	0
1379	0
1380	-1
1381	0
1382	0
1383	0
1384	0
1385	0
1386	-1
1387	0
1388	0
1389	0
1390	-1
1391	0
1392	0
1393	0
1394	-1
1395	-1
1396	-1
1397	-1
1398	-2
1399	-1
1400	-2
1401	-1
1402	-1
1403	0
1404	-1
1405	-1
1406	-1
1407	0
1408	-2
1409	0
1410	-1
1411	0
1412	-1
1413	0
1414	0
1415	-1
1416	-1
1417	0
1418	0
1419	0
1420	-1
1421	0
1422	-1
1423	0
1424	0
1425	0
1426	0
1427	0
1428	0
1429	0
1430	-1
1431	0
1432	0
1433	0
1434	0
1435	0
1436	0
1437	0
1438	0
1439	0
1440	0
1441	0
1442	0
1443	1
1444	0
1445	0
1446	0
1447	0
1448	0
1449	0
1450	0
1451	0
1452	0
1453	0
1454	0
1455	0
1456	0
1457	0
1458	0
1459	0
1460	0
1461	0
1462	0
1463	0
1464	0
1465	0
1466	-1
1467	0
1468	0
1469	0
1470	0
1471	0
1472	0
1473	0
1474	-1
1475	0
1476	-2
1477	0
1478	0
1479	0
1480	-1
1481	0
1482	-1
1483	0
1484	-1
1485	0
1486	-1
1487	0
1488	0
1489	0
1490	-1
1491	0
1492	-1
1493	0
1494	-1
1495	-1
1496	-1
1497	-1
1498	-1
1499	0
1500	-1
1501	0
1502	-1
1503	0
1504	-1
1505	0
1506	-1
1507	0
1508	-1
1509	0
1510	-1
1511	-1
1512	-1
1513	0
1514	-1
1515	0
1516	-1
1517	0
1518	0
1519	0
1520	0
1521	0
1522	-1
1523	0
1524	-1
1525	0
1526	0
1527	-1
1528	-1
1529	-1
1530	-1
1531	0
1532	-1
1533	0
1534	-1
1535	0
1536	0
1537	0
1538	0
1539	0
1540	-2
1541	0
1542	0
1543	0
1544	0
1545	0
1546	0
1547	1
1548	0
1549	1
1550	0
1551	0
1552	0
1553	0
1554	0
1555	1
1556	0
1557	1
1558	0
1559	1
1560	1
1561	1
1562	0
1563	1
1564	1
1565	1
1566	0
1567	2
1568	1
1569	2
1570	2
1571	2
1572	1
1573	2
1574	1
1575	2
1576	1
1577	2
1578	1
1579	2
1580	0
1581	2
1582	1
1583	1
1584	1
1585	2
1586	0
1587	0
1588	0
1589	0
1590	0
1591	0
1592	0
1593	0
1594	0
1595	0
1596	0
1597	0
1598	0
1599	0
1600	-1
1601	0
1602	0
1603	0
1604	0
1605	0
1606	0
1607	0
1608	0
1609	0
1610	0
1611	0
1612	-2
1613	0
1614	0
1615	0
1616	0
1617	0
1618	0
1619	0
1620	0
1621	0
1622	0
1623	0
1624	-1
1625	0
1626	0
1627	0
1628	0
1629	0
1630	0
1631	0
1632	0
1633	0
1634	0
1635	0
1636	0
1637	0
1638	0
1639	0
1640	0
1641	0
1642	0
1643	0
1644	0
1645	0
1646	0
1647	0
1648	0
1649	0
1650	0
1651	0
1652	-1
1653	0
1654	0
1655	0
1656	-1
1657	0
1658	-1
1659	0
1660	0
1661	0
1662	0
1663	0
1664	0
1665	0
1666	-1
1667	0
1668	0
1669	0
1670	0
1671	0
1672	-1
1673	0
1674	-1
1675	0
1676	-1
1677	0
1678	-1
1679	0
1680	0
1681	0
1682	-1
1683	0
1684	-1
1685	0
1686	-1
1687	0
1688	0
1689	-1
1690	-1
1691	0
1692	0
1693	0
1694	0
1695	0
1696	-1
1697	-1
1698	0
1699	0
1700	0
1701	0
1702	0
1703	-1
1704	-1
1705	0
1706	0
1707	0
1708	0
1709	0
1710	0
1711	0
1712	0
1713	0
1714	0
1715	0
1716	0
1717	0
1718	0
1719	1
1720	0
1721	1
1722	0
1723	1
1724	0
1725	1
1726	1
1727	1
1728	0
1729	1
1730	0
1731	1
1732	1
1733	1
1734	1
1735	1
1736	1
1737	1
1738	1
1739	0
1740	0
1741	1
1742	0
1743	1
1744	0
1745	0
1746	0
1747	1
1748	0
1749	1
1750	0
1751	2
1752	1
1753	1
1754	1
1755	1
1756	0
1757	0
1758	0
1759	0
1760	0
1761	1
1762	0
1763	1
1764	0
1765	0
1766	0
1767	0
1768	0
1769	0
1770	0
1771	0
1772	0
1773	0
1774	0
1775	0
1776	0
1777	0
1778	0
1779	0
1780	-1
1781	0
1782	0
1783	0
1784	-1
1785	0
1786	0
1787	0
1788	0
1789	0
1790	-1
1791	0
1792	0
1793	0
1794	0
1795	0
1796	0
1797	0
1798	-1
1799	0
1800	-1
1801	0
1802	0
1803	0
1804	0
1805	0
1806	0
1807	-1
1808	0
1809	0
1810	-1
1811	0
1812	-1
1813	0
1814	-1
1815	0
1816	-1
1817	0
1818	0
1819	0
1820	0
1821	0
1822	0
1823	0
1824	-1
1825	0
1826	0
1827	0
1828	0
1829	0
1830	0
1831	0
1832	0
1833	0
1834	0
1835	0
1836	0
1837	0
1838	0
1839	0
1840	0
1841	0
1842	0
1843	0
1844	0
1845	0
1846	0
1847	0
1848	0
1849	0
1850	0
1851	0
1852	0
1853	0
1854	0
1855	0
1856	0
1857	0
1858	0
1859	0
1860	0
1861	0
1862	0
1863	0
1864	0
1865	0
1866	0
1867	0
1868	0
1869	0
1870	0
1871	-1
1872	0
1873	0
1874	0
1875	-1
1876	0
1877	0
1878	0
1879	0
1880	0
1881	0
1882	0
1883	0
1884	0
1885	0
1886	0
1887	0
1888	0
1889	1
1890	0
1891	0
1892	0
1893	0
1894	-1
1895	0
1896	0
1897	0
1898	0
1899	0
1900	0
1901	0
1902	0
1903	0
1904	0
1905	0
1906	-1
1907	0
1908	0
1909	0
1910	0
1911	0
1912	-1
1913	0
1914	-1
1915	0
1916	-1
1917	0
1918	-2
1919	0
1920	-1
1921	0
1922	-1
1923	0
1924	-1
1925	0
1926	-1
1927	0
1928	-1
1929	0
1930	-1
1931	0
1932	0
1933	0
1934	-1
1935	0
1936	0
1937	0
1938	0
1939	0
1940	0
1941	0
1942	0
1943	0
1944	0
1945	0
1946	0
1947	0
1948	0
1949	0
1950	0
1951	0
1952	0
1953	0
1954	0
1955	0
1956	0
1957	0
1958	0
1959	0
1960	-1
1961	0
1962	0
1963	0
1964	0
1965	0
1966	0
1967	0
1968	0
1969	0
1970	0
1971	0
1972	0
1973	0
1974	0
1975	0
1976	0
1977	0
1978	0
1979	0
1980	0
1981	0
1982	0
1983	0
1984	0
1985	0
1986	0
1987	0
1988	0
1989	0
1990	0
1991	0
1992	0
1993	0
1994	0
1995	0
1996	0
1997	0
1998	0
1999	0
