0	0
1	0
2	0
3	0
4	0
5	1
6	0
7	1
8	0
9	0
10	1
11	1
12	0
13	1
14	0
15	1
16	1
17	1
18	0
19	0
20	1
21	2
22	0
23	1
24	1
25	2
26	1
27	3
28	0
29	2
30	1
31	2
32	0
33	3
34	0
35	2
36	0
37	2
38	2
39	2
40	1
41	1
42	1
43	0
44	1
45	1
46	0
47	1
48	0
49	1
50	0
51	0
52	0
53	0
54	0
55	0
56	0
57	0
58	0
59	1
60	0
61	0
62	-1
63	0
64	0
65	0
66	0
67	0
68	-1
69	0
70	-1
71	0
72	0
73	0
74	-1
75	0
76	0
77	1
78	-1
79	0
80	0
81	0
82	0
83	0
84	0
85	0
86	0
87	0
88	0
89	0
90	0
91	1
92	0
93	1
94	0
95	0
96	0
97	2
98	1
99	1
100	2
101	2
102	1
103	3
104	0
105	1
106	1
107	2
108	1
109	1
110	1
111	1
112	0
113	0
114	0
115	0
116	0
117	0
118	0
119	0
120	0
121	0
122	0
123	0
124	0
125	2
126	0
127	0
128	0
129	0
130	1
131	2
132	0
133	2
134	0
135	1
136	0
137	1
138	0
139	0
140	0
141	2
142	0
143	1
144	0
145	1
146	0
147	0
148	0
149	1
150	0
151	1
152	0
153	0
154	0
155	1
156	0
157	0
158	0
159	0
160	0
161	1
162	0
163	1
164	0
165	1
166	0
167	1
168	0
169	0
170	0
171	0
172	0
173	0
174	0
175	0
176	0
177	0
178	0
179	0
180	0
181	0
182	0
183	0
184	0
185	0
186	0
187	0
188	-1
189	0
190	-1
191	0
192	-1
193	0
194	-1
195	0
196	0
197	1
198	0
199	0
200	0
201	1
202	0
203	0
204	0
205	1
206	1
207	1
208	0
209	2
210	0
211	2
212	0
213	2
214	0
215	2
216	0
217	1
218	0
219	2
220	0
221	1
222	0
223	2
224	2
225	2
226	0
227	1
228	0
229	2
230	0
231	1
232	0
233	2
234	1
235	1
236	0
237	1
238	0
239	1
240	0
241	1
242	0
243	1
244	0
245	1
246	0
247	0
248	-1
249	0
250	0
251	0
252	0
253	0
254	0
255	0
256	0
257	1
258	0
259	0
260	0
261	0
262	0
263	0
264	-1
265	0
266	0
267	0
268	0
269	0
270	0
271	0
272	0
273	0
274	0
275	0
276	0
277	0
278	0
279	0
280	0
281	0
282	-1
283	0
284	0
285	0
286	-1
287	0
288	0
289	0
290	0
291	0
292	0
293	0
294	-1
295	1
296	0
297	1
298	0
299	1
300	0
301	0
302	1
303	1
304	1
305	2
306	1
307	1
308	1
309	1
310	1
311	2
312	0
313	2
314	0
315	1
316	0
317	1
318	0
319	1
320	0
321	1
322	0
323	1
324	0
325	1
326	0
327	0
328	0
329	0
330	0
331	0
332	0
333	0
334	0
335	0
336	0
337	1
338	0
339	0
340	0
341	0
342	0
343	1
344	0
345	0
346	0
347	0
348	0
349	0
350	0
351	0
352	0
353	0
354	0
355	0
356	0
357	1
358	0
359	0
360	0
361	0
362	0
363	0
364	0
365	0
366	0
367	0
368	0
369	0
370	-2
371	0
372	-1
373	0
374	0
375	0
376	-1
377	0
378	-1
379	0
380	0
381	0
382	-1
383	0
384	0
385	0
386	-1
387	0
388	0
389	0
390	0
391	0
392	0
393	0
394	1
395	0
396	0
397	0
398	0
399	0
400	0
401	0
402	0
403	0
404	0
405	1
406	0
407	1
408	0
409	1
410	0
411	1
412	0
413	1
414	0
415	0
416	0
417	0
418	0
419	0
420	0
421	1
422	0
423	1
424	0
425	1
426	0
427	3
428	0
429	2
430	2
431	4
432	5
433	10
434	10
435	14
436	16
437	21
438	23
439	27
440	29
441	37
442	40
443	44
444	46
445	53
446	57
447	62
448	66
449	70
450	74
451	79
452	83
453	90
454	93
455	97
456	99
457	105
458	108
459	111
460	114
461	119
462	120
463	123
464	125
465	130
466	131
467	133
468	132
469	135
470	135
471	137
472	135
473	135
474	134
475	134
476	133
477	134
478	131
479	131
480	127
481	125
482	123
483	121
484	117
485	116
486	113
487	112
488	107
489	105
490	102
491	99
492	94
493	92
494	88
495	85
496	80
497	78
498	77
499	78
500	62
501	65
502	63
503	61
504	55
505	52
506	49
507	47
508	42
509	40
510	36
511	36
512	33
513	32
514	25
515	27
516	23
517	22
518	20
519	18
520	16
521	15
522	12
523	11
524	8
525	8
526	4
527	5
528	2
529	2
530	-1
531	0
532	-4
533	-4
534	-5
535	-5
536	-7
537	-7
538	-8
539	-8
540	-10
541	-10
542	-13
543	-11
544	-13
545	-13
546	-14
547	-14
548	-15
549	-16
550	-16
551	-16
552	-17
553	-17
554	-18
555	-17
556	-19
557	-20
558	-20
559	-20
560	-21
561	-20
562	-21
563	-18
564	-20
565	-19
566	-19
567	-18
568	-20
569	-19
570	-19
571	-19
572	-19
573	-19
574	-19
575	-18
576	-19
577	-17
578	-18
579	-16
580	-17
581	-17
582	-17
583	-15
584	-18
585	-16
586	-17
587	-15
588	-16
589	-15
590	-16
591	-15
592	-15
593	-15
594	-16
595	-14
596	-15
597	-13
598	-15
599	-14
600	-14
601	-15
602	-15
603	-15
604	-14
605	-13
606	-14
607	-14
608	-13
609	-13
610	-14
611	-12
612	-13
613	-11
614	-11
615	-9
616	-11
617	-9
618	-12
619	-8
620	-10
621	-9
622	-11
623	-9
624	-10
625	-9
626	-9
627	-7
628	-8
629	-6
630	-7
631	-7
632	-8
633	-6
634	-7
635	-5
636	-8
637	-7
638	-9
639	-7
640	-9
641	-7
642	-7
643	-7
644	-7
645	-6
646	-8
647	-5
648	-7
649	-5
650	-5
651	-6
652	-8
653	-4
654	-7
655	-5
656	-7
657	-4
658	-5
659	-3
660	-6
661	-4
662	-4
663	-3
664	-2
665	-2
666	-4
667	-2
668	-3
669	-2
670	-3
671	-1
672	-4
673	-2
674	-2
675	-2
676	-1
677	-2
678	-2
679	-1
680	-3
681	-1
682	-2
683	-1
684	-4
685	-1
686	-2
687	-2
688	-1
689	-1
690	-2
691	-1
692	-2
693	-1
694	-2
695	-2
696	-1
697	-2
698	-3
699	-2
700	-2
701	-3
702	-3
703	-3
704	-3
705	-1
706	-3
707	0
708	-2
709	-2
710	-2
711	-1
712	-1
713	0
714	-2
715	-2
716	-3
717	-2
718	-3
719	-2
720	-3
721	-2
722	-2
723	-2
724	-3
725	-2
726	-3
727	-3
728	-2
729	-3
730	-3
731	-3
732	-3
733	-2
734	-4
735	-2
736	-4
737	-3
738	-3
739	-2
740	-4
741	-2
742	-2
743	-2
744	-2
745	-2
746	-1
747	-2
748	-1
749	0
750	-1
751	-1
752	-3
753	-1
754	-2
755	-1
756	-1
757	-2
758	-2
759	-1
760	-3
761	-1
762	-1
763	-1
764	-3
765	-1
766	-4
767	-2
768	-3
769	-2
770	-3
771	-3
772	-3
773	-2
774	-4
775	-2
776	-4
777	-2
778	-5
779	-4
780	-4
781	-3
782	-5
783	-2
784	-4
785	-3
786	-4
787	-3
788	-3
789	-3
790	-4
791	-3
792	-3
793	-2
794	-4
795	-3
796	-4
797	-2
798	-4
799	-2
800	-4
801	-1
802	-4
803	-2
804	-3
805	-2
806	-2
807	-2
808	-3
809	-2
810	-3
811	-1
812	-2
813	-2
814	-3
815	-3
816	-3
817	-3
818	-4
819	-2
820	-4
821	-5
822	-5
823	-4
824	-5
825	-4
826	-4
827	-4
828	-5
829	-5
830	-4
831	-6
832	-6
833	-5
834	-6
835	-5
836	-7
837	-5
838	-6
839	-4
840	-5
841	-4
842	-4
843	-4
844	-3
845	-3
846	-4
847	-2
848	-2
849	-1
850	-2
851	-1
852	-1
853	-1
854	-2
855	-1
856	-3
857	-1
858	-2
859	0
860	-2
861	-1
862	-2
863	0
864	-1
865	-1
866	-2
867	0
868	-1
869	0
870	-1
871	-1
872	-1
873	-1
874	-3
875	-1
876	-3
877	-1
878	-2
879	-1
880	-3
881	-1
882	-3
883	-1
884	-3
885	0
886	-2
887	-1
888	-3
889	-1
890	-3
891	-1
892	-3
893	-2
894	-3
895	-2
896	-3
897	-2
898	-1
899	-3
900	-2
901	-2
902	-2
903	-2
904	-2
905	-2
906	-2
907	-2
908	-2
909	-2
910	-3
911	-1
912	-3
913	-4
914	-3
915	-3
916	-2
917	-3
918	-3
919	-3
920	-3
921	-4
922	-4
923	-2
924	-4
925	-4
926	-4
927	-4
928	-4
929	-2
930	-4
931	-3
932	-4
933	-3
934	-4
935	-3
936	-3
937	-3
938	-3
939	-2
940	-5
941	-3
942	-4
943	-3
944	-5
945	-4
946	-3
947	-4
948	-5
949	-3
950	-4
951	-3
952	-4
953	-2
954	-3
955	-1
956	-3
957	-1
958	-4
959	-1
960	-4
961	-1
962	-2
963	-2
964	-2
965	-1
966	-2
967	0
968	-2
969	-1
970	-1
971	0
972	-1
973	0
974	-1
975	0
976	0
977	0
978	-1
979	0
980	-1
981	0
982	-3
983	-1
984	-3
985	-1
986	-3
987	-1
988	-3
989	-3
990	-4
991	-2
992	-3
993	-2
994	-4
995	-3
996	-3
997	-1
998	-3
999	-2
1000	-3
1001	-2
1002	-3
1003	-3
1004	-5
1005	-3
1006	-4
1007	-1
1008	-1
1009	-2
1010	-3
1011	-2
1012	-3
1013	-2
1014	-2
1015	-2
1016	-3
1017	-2
1018	-2
1019	-2
1020	-3
1021	-2
1022	-4
1023	-2
1024	-4
1025	-2
1026	-3
1027	-2
1028	-4
1029	-2
1030	-3
1031	-2
1032	-2
1033	-2
1034	-2
1035	-2
1036	-2
1037	-2
1038	-3
1039	-1
1040	-2
1041	-1
1042	-2
1043	-1
1044	-2
1045	-1
1046	-3
1047	-1
1048	-2
1049	-1
1050	-1
1051	0
1052	-2
1053	-1
1054	-1
1055	-1
1056	-1
1057	0
1058	-1
1059	-1
1060	-1
1061	-1
1062	-2
1063	0
1064	-1
1065	0
1066	0
1067	-1
1068	-1
1069	-1
1070	-1
1071	-1
1072	-1
1073	-1
1074	-1
1075	-1
1076	-2
1077	-2
1078	-1
1079	-1
1080	-2
1081	0
1082	-2
1083	-1
1084	-3
1085	-3
1086	-3
1087	-1
1088	-3
1089	-2
1090	-2
1091	-1
1092	-3
1093	-2
1094	-3
1095	-3
1096	-3
1097	-3
1098	-2
1099	-2
1100	-3
1101	-1
1102	-2
1103	-1
1104	-2
1105	0
1106	0
1107	-1
1108	-1
1109	-1
1110	-1
1111	0
1112	0
1113	0
1114	0
1115	0
1116	-1
1117	0
1118	0
1119	0
1120	-1
1121	-1
1122	0
1123	-1
1124	-1
1125	-1
1126	-1
1127	-1
1128	0
1129	-1
1130	-3
1131	-1
1132	-1
1133	-2
1134	-1
1135	-1
1136	-3
1137	-2
1138	-1
1139	0
1140	-2
1141	0
1142	-2
1143	0
1144	-1
1145	-1
1146	-2
1147	0
1148	-1
1149	0
1150	-2
1151	-1
1152	-1
1153	0
1154	-3
1155	-1
1156	-3
1157	0
1158	-3
1159	-3
1160	-3
1161	-2
1162	-4
1163	-3
1164	-3
1165	-2
1166	-4
1167	-2
1168	-4
1169	-2
1170	-4
1171	-4
1172	-2
1173	-3
1174	-2
1175	-1
1176	-3
1177	0
1178	-4
1179	-1
1180	-2
1181	-1
1182	-1
1183	0
1184	-3
1185	0
1186	-1
1187	-1
1188	-2
1189	-1
1190	-2
1191	-2
1192	-2
1193	-2
1194	-2
1195	-3
1196	-2
1197	-2
1198	-1
1199	-2
1200	-2
1201	-2
1202	-3
1203	-3
1204	-2
1205	-1
1206	-2
1207	-1
1208	-3
1209	-1
1210	-1
1211	0
1212	-1
1213	0
1214	-1
1215	0
1216	-1
1217	-1
1218	-2
1219	-1
1220	-1
1221	0
1222	-2
1223	-2
1224	-3
1225	-2
1226	-3
1227	-2
1228	-3
1229	-2
1230	-1
1231	-3
1232	-3
1233	-2
1234	-2
1235	-1
1236	-1
1237	-1
1238	0
1239	0
1240	-1
1241	0
1242	-2
1243	-1
1244	-1
1245	0
1246	-1
1247	-1
1248	-2
1249	-1
1250	-2
1251	-1
1252	-2
1253	-2
1254	-1
1255	-1
1256	0
1257	0
1258	-2
1259	-1
1260	-2
1261	-1
1262	-2
1263	-2
1264	-1
1265	-1
1266	0
1267	-1
1268	-2
1269	0
1270	0
1271	0
1272	-1
1273	0
1274	-1
1275	-1
1276	-1
1277	0
1278	-1
1279	0
1280	-1
1281	-1
1282	-1
1283	-1
1284	-2
1285	-2
1286	-2
1287	0
1288	-2
1289	-2
1290	-1
1291	0
1292	-1
1293	0
1294	-2
1295	-1
1296	-3
1297	-2
1298	-2
1299	-3
1300	-3
1301	-2
1302	-3
1303	-2
1304	-3
1305	-2
1306	-4
1307	-1
1308	-3
1309	-1
1310	-1
1311	-1
1312	-3
1313	0
1314	-2
1315	0
1316	-1
1317	0
1318	0
1319	0
1320	0
1321	0
1322	0
1323	0
1324	0
1325	1
1326	0
1327	1
1328	1
1329	0
1330	0
1331	1
1332	1
1333	0
1334	1
1335	2
1336	2
1337	2
1338	1
1339	3
1340	3
1341	4
1342	3
1343	4
1344	3
1345	4
1346	4
1347	4
1348	2
1349	4
1350	3
1351	4
1352	3
1353	4
1354	4
1355	4
1356	2
1357	4
1358	4
1359	4
1360	3
1361	4
1362	3
1363	4
1364	3
1365	4
1366	2
1367	3
1368	4
1369	4
1370	3
1371	4
1372	3
1373	4
1374	3
1375	4
1376	2
1377	3
1378	3
1379	3
1380	2
1381	3
1382	3
1383	5
1384	2
1385	4
1386	3
1387	2
1388	2
1389	4
1390	2
1391	3
1392	2
1393	3
1394	2
1395	2
1396	3
1397	2
1398	1
1399	2
1400	2
1401	2
1402	0
1403	1
1404	1
1405	1
1406	1
1407	2
1408	1
1409	2
1410	1
1411	2
1412	1
1413	2
1414	1
1415	2
1416	0
1417	1
1418	0
1419	1
1420	0
1421	0
1422	0
1423	0
1424	0
1425	0
1426	-1
1427	0
1428	-1
1429	-1
1430	-1
1431	-1
1432	-1
1433	-1
1434	-2
1435	-1
1436	-3
1437	-1
1438	-2
1439	-1
1440	-3
1441	-2
1442	-3
1443	-1
1444	-2
1445	-2
1446	-1
1447	-1
1448	-1
1449	-1
1450	-2
1451	-1
1452	-2
1453	0
1454	-1
1455	-1
1456	-1
1457	-1
1458	-1
1459	0
1460	-1
1461	0
1462	-1
1463	0
1464	0
1465	0
1466	-1
1467	0
1468	0
1469	-1
1470	-1
1471	-1
1472	-2
1473	0
1474	-1
1475	0
1476	-1
1477	-2
1478	-4
1479	-1
1480	-3
1481	-1
1482	-4
1483	-2
1484	-3
1485	-2
1486	-2
1487	-2
1488	-4
1489	-1
1490	-2
1491	-1
1492	-2
1493	-1
1494	-1
1495	-1
1496	-2
1497	-2
1498	-2
1499	-2
1500	-2
1501	-2
1502	-3
1503	-2
1504	-2
1505	-1
1506	-2
1507	-2
1508	-2
1509	-1
1510	-2
1511	-1
1512	-1
1513	-1
1514	-1
1515	-1
1516	-1
1517	0
1518	-1
1519	-1
1520	-1
1521	-1
1522	-1
1523	-1
1524	-1
1525	0
1526	-1
1527	-1
1528	-1
1529	-1
1530	-1
1531	0
1532	-2
1533	0
1534	-1
1535	-1
1536	-1
1537	0
1538	-1
1539	0
1540	-1
1541	-1
1542	-1
1543	-1
1544	0
1545	-1
1546	-1
1547	0
1548	0
1549	0
1550	0
1551	0
1552	-1
1553	0
1554	0
1555	0
1556	0
1557	0
1558	-1
1559	0
1560	-1
1561	-1
1562	-2
1563	0
1564	0
1565	-1
1566	-1
1567	-1
1568	-2
1569	-1
1570	-1
1571	-1
1572	-1
1573	-1
1574	-1
1575	-2
1576	-1
1577	-1
1578	-2
1579	-1
1580	-1
1581	-1
1582	-1
1583	-1
1584	0
1585	0
1586	-1
1587	-1
1588	-1
1589	-1
1590	0
1591	-1
1592	-2
1593	0
1594	-1
1595	0
1596	-1
1597	0
1598	-1
1599	0
1600	0
1601	0
1602	-2
1603	0
1604	-1
1605	0
1606	-2
1607	-1
1608	-1
1609	0
1610	0
1611	0
1612	0
1613	0
1614	-1
1615	0
1616	-2
1617	-1
1618	-1
1619	0
1620	-1
1621	-1
1622	-1
1623	-1
1624	-1
1625	-1
1626	-1
1627	0
1628	-1
1629	0
1630	-1
1631	0
1632	-1
1633	0
1634	-1
1635	-1
1636	-1
1637	0
1638	0
1639	0
1640	0
1641	-1
1642	0
1643	0
1644	0
1645	0
1646	0
1647	0
1648	0
1649	0
1650	0
1651	0
1652	0
1653	0
1654	0
1655	0
1656	0
1657	0
1658	0
1659	0
1660	-2
1661	0
1662	0
1663	0
1664	0
1665	0
1666	0
1667	0
1668	-1
1669	0
1670	0
1671	0
1672	0
1673	0
1674	-1
1675	0
1676	0
1677	-1
1678	0
1679	0
1680	0
1681	0
1682	-1
1683	0
1684	-1
1685	0
1686	-1
1687	0
1688	-1
1689	0
1690	0
1691	0
1692	-1
1693	0
1694	-1
1695	0
1696	0
1697	0
1698	-1
1699	0
1700	-1
1701	0
1702	0
1703	0
1704	0
1705	1
1706	0
1707	0
1708	0
1709	1
1710	1
1711	0
1712	0
1713	3
1714	1
1715	3
1716	2
1717	3
1718	2
1719	3
1720	3
1721	2
1722	2
1723	3
1724	3
1725	3
1726	3
1727	3
1728	2
1729	3
1730	2
1731	3
1732	2
1733	2
1734	1
1735	2
1736	3
1737	2
1738	0
1739	2
1740	1
1741	1
1742	1
1743	2
1744	1
1745	1
1746	0
1747	0
1748	0
1749	1
1750	0
1751	0
1752	0
1753	0
1754	0
1755	1
1756	0
1757	0
1758	0
1759	0
1760	-1
1761	0
1762	0
1763	1
1764	0
1765	0
1766	0
1767	1
1768	0
1769	0
1770	0
1771	0
1772	0
1773	0
1774	-1
1775	0
1776	-1
1777	0
1778	-1
1779	0
1780	0
1781	0
1782	-1
1783	0
1784	0
1785	-1
1786	-2
1787	-1
1788	-2
1789	-1
1790	-2
1791	-2
1792	-1
1793	0
1794	-1
1795	-1
1796	-2
1797	0
1798	-2
1799	0
1800	-2
1801	0
1802	0
1803	0
1804	-1
1805	0
1806	0
1807	0
1808	-2
1809	0
1810	-1
1811	0
1812	-1
1813	0
1814	-1
1815	0
1816	-1
1817	0
1818	-2
1819	0
1820	-2
1821	0
1822	-1
1823	0
1824	-2
1825	0
1826	-2
1827	0
1828	-1
1829	-1
1830	-1
1831	-1
1832	-2
1833	0
1834	-1
1835	0
1836	0
1837	0
1838	0
1839	-1
1840	-1
1841	0
1842	0
1843	0
1844	0
1845	0
1846	0
1847	0
1848	0
1849	0
1850	0
1851	0
1852	1
1853	0
1854	1
1855	0
1856	1
1857	0
1858	0
1859	0
1860	0
1861	1
1862	0
1863	0
1864	0
1865	2
1866	0
1867	1
1868	0
1869	0
1870	0
1871	0
1872	0
1873	0
1874	-1
1875	0
1876	-1
1877	0
1878	-2
1879	-2
1880	-3
1881	-2
1882	-2
1883	-2
1884	-4
1885	-2
1886	-4
1887	-2
1888	-4
1889	-2
1890	-3
1891	-3
1892	-3
1893	-2
1894	-4
1895	-2
1896	-3
1897	-1
1898	-3
1899	-1
1900	-2
1901	0
1902	-2
1903	-1
1904	-1
1905	0
1906	-1
1907	0
1908	0
1909	0
1910	0
1911	0
1912	-1
1913	1
1914	0
1915	1
1916	0
1917	1
1918	0
1919	2
1920	0
1921	1
1922	1
1923	1
1924	0
1925	3
1926	1
1927	3
1928	2
1929	3
1930	1
1931	4
1932	1
1933	4
1934	1
1935	4
1936	2
1937	4
1938	4
1939	3
1940	3
1941	4
1942	3
1943	4
1944	4
1945	4
1946	4
1947	3
1948	2
1949	3
1950	2
1951	3
1952	3
1953	4
1954	3
1955	3
1956	1
1957	2
1958	2
1959	1
1960	0
1961	1
1962	0
1963	0
1964	0
1965	0
1966	0
1967	1
1968	0
1969	0
1970	-1
1971	0
1972	-1
1973	0
1974	0
1975	0
1976	-1
1977	-1
1978	0
1979	-1
1980	-1
1981	-1
1982	0
1983	-1
1984	-2
1985	-1
1986	-2
1987	-1
1988	-2
1989	-1
1990	-2
1991	-1
1992	-1
1993	-1
1994	0
1995	0
1996	0
1997	-1
1998	0
1999	0
