0	0
1	0
2	0
3	1
4	0
5	1
6	0
7	1
8	1
9	2
10	0
11	2
12	1
13	1
14	0
15	1
16	1
17	2
18	1
19	1
20	1
21	2
22	1
23	1
24	1
25	0
26	0
27	1
28	1
29	1
30	1
31	1
32	0
33	0
34	0
35	2
36	0
37	0
38	0
39	0
40	0
41	0
42	0
43	1
44	0
45	1
46	0
47	2
48	0
49	2
50	0
51	2
52	0
53	0
54	0
55	2
56	0
57	2
58	0
59	1
60	1
61	2
62	1
63	1
64	0
65	1
66	0
67	2
68	0
69	1
70	0
71	1
72	0
73	1
74	0
75	2
76	0
77	1
78	0
79	0
80	0
81	1
82	0
83	1
84	0
85	0
86	0
87	0
88	0
89	1
90	0
91	1
92	0
93	1
94	1
95	1
96	1
97	2
98	1
99	1
100	1
101	2
102	0
103	3
104	0
105	1
106	0
107	1
108	0
109	3
110	0
111	1
112	0
113	0
114	1
115	1
116	1
117	0
118	0
119	1
120	0
121	2
122	0
123	1
124	1
125	2
126	1
127	1
128	0
129	1
130	0
131	1
132	0
133	1
134	0
135	2
136	0
137	1
138	0
139	1
140	1
141	2
142	0
143	2
144	0
145	2
146	0
147	2
148	0
149	1
150	0
151	1
152	0
153	2
154	0
155	1
156	0
157	1
158	0
159	1
160	0
161	1
162	0
163	0
164	0
165	0
166	0
167	1
168	0
169	1
170	0
171	1
172	0
173	0
174	0
175	0
176	0
177	1
178	0
179	2
180	0
181	0
182	0
183	1
184	1
185	0
186	0
187	2
188	0
189	1
190	2
191	2
192	1
193	1
194	1
195	2
196	1
197	3
198	0
199	2
200	0
201	2
202	0
203	1
204	0
205	1
206	0
207	2
208	0
209	1
210	0
211	0
212	0
213	0
214	0
215	0
216	0
217	0
218	0
219	0
220	0
221	0
222	0
223	1
224	0
225	1
226	0
227	1
228	0
229	1
230	0
231	2
232	0
233	1
234	0
235	2
236	0
237	2
238	0
239	0
240	0
241	1
242	0
243	1
244	0
245	1
246	0
247	1
248	0
249	0
250	0
251	2
252	0
253	2
254	0
255	0
256	0
257	1
258	0
259	1
260	0
261	1
262	0
263	1
264	0
265	1
266	0
267	1
268	0
269	0
270	0
271	1
272	0
273	1
274	0
275	1
276	0
277	1
278	0
279	0
280	1
281	3
282	0
283	1
284	0
285	3
286	1
287	2
288	0
289	1
290	0
291	1
292	1
293	0
294	0
295	1
296	0
297	2
298	1
299	1
300	0
301	1
302	0
303	2
304	0
305	2
306	1
307	1
308	1
309	1
310	0
311	0
312	1
313	0
314	0
315	0
316	0
317	0
318	0
319	0
320	0
321	0
322	0
323	0
324	0
325	0
326	0
327	1
328	0
329	0
330	0
331	0
332	0
333	0
334	0
335	1
336	0
337	3
338	0
339	2
340	0
341	1
342	0
343	3
344	0
345	3
346	0
347	3
348	1
349	2
350	0
351	2
352	0
353	3
354	0
355	2
356	1
357	1
358	1
359	1
360	0
361	3
362	1
363	1
364	0
365	2
366	1
367	3
368	2
369	2
370	1
371	2
372	1
373	1
374	1
375	1
376	1
377	1
378	0
379	1
380	0
381	2
382	0
383	1
384	0
385	1
386	0
387	1
388	0
389	1
390	0
391	0
392	1
393	1
394	0
395	2
396	0
397	0
398	0
399	1
400	0
401	1
402	0
403	2
404	1
405	1
406	0
407	0
408	1
409	1
410	0
411	0
412	0
413	0
414	0
415	0
416	0
417	0
418	0
419	1
420	0
421	0
422	0
423	2
424	1
425	3
426	1
427	3
428	3
429	4
430	5
431	9
432	9
433	13
434	14
435	18
436	19
437	25
438	27
439	31
440	34
441	39
442	43
443	47
444	52
445	56
446	58
447	65
448	69
449	74
450	77
451	82
452	85
453	92
454	94
455	100
456	101
457	108
458	109
459	113
460	114
461	120
462	121
463	125
464	125
465	128
466	129
467	132
468	130
469	132
470	133
471	133
472	132
473	132
474	131
475	131
476	128
477	128
478	126
479	125
480	122
481	122
482	119
483	117
484	113
485	113
486	108
487	108
488	104
489	102
490	97
491	96
492	90
493	90
494	87
495	84
496	79
497	79
498	77
499	78
500	62
501	66
502	64
503	62
504	58
505	56
506	50
507	51
508	47
509	46
510	41
511	39
512	36
513	35
514	32
515	32
516	28
517	28
518	23
519	22
520	20
521	20
522	16
523	18
524	14
525	14
526	9
527	9
528	7
529	7
530	5
531	6
532	3
533	3
534	1
535	1
536	-1
537	0
538	-3
539	-3
540	-4
541	-3
542	-6
543	-6
544	-8
545	-8
546	-8
547	-8
548	-11
549	-9
550	-10
551	-11
552	-11
553	-11
554	-12
555	-11
556	-13
557	-12
558	-13
559	-12
560	-13
561	-13
562	-14
563	-13
564	-13
565	-13
566	-13
567	-13
568	-14
569	-12
570	-13
571	-13
572	-13
573	-12
574	-12
575	-12
576	-12
577	-12
578	-12
579	-11
580	-12
581	-11
582	-12
583	-11
584	-11
585	-8
586	-11
587	-9
588	-12
589	-9
590	-10
591	-9
592	-11
593	-8
594	-11
595	-9
596	-8
597	-10
598	-11
599	-9
600	-11
601	-9
602	-11
603	-9
604	-10
605	-8
606	-9
607	-7
608	-12
609	-8
610	-10
611	-7
612	-8
613	-7
614	-10
615	-7
616	-10
617	-6
618	-8
619	-4
620	-7
621	-5
622	-8
623	-4
624	-5
625	-4
626	-6
627	-4
628	-5
629	-2
630	-5
631	-3
632	-3
633	-3
634	-2
635	-3
636	-3
637	-3
638	-3
639	-1
640	-4
641	-1
642	-4
643	-1
644	-2
645	-1
646	-3
647	-1
648	-2
649	0
650	0
651	0
652	-2
653	0
654	-1
655	0
656	0
657	0
658	0
659	0
660	0
661	0
662	0
663	1
664	0
665	1
666	0
667	0
668	0
669	0
670	0
671	1
672	0
673	1
674	0
675	0
676	-1
677	0
678	-2
679	0
680	-2
681	0
682	-2
683	0
684	-1
685	0
686	-1
687	0
688	0
689	0
690	0
691	0
692	0
693	0
694	-1
695	0
696	0
697	0
698	0
699	0
700	0
701	0
702	0
703	0
704	0
705	0
706	0
707	-1
708	-1
709	-1
710	-1
711	-1
712	-2
713	-2
714	-3
715	-1
716	-2
717	-2
718	-3
719	-2
720	-3
721	-1
722	-3
723	-2
724	-3
725	-2
726	-2
727	-2
728	-2
729	-3
730	-3
731	-2
732	-2
733	-2
734	-2
735	-3
736	-3
737	-2
738	-4
739	-2
740	-3
741	-3
742	-4
743	-4
744	-4
745	-2
746	-4
747	-3
748	-4
749	-4
750	-3
751	-3
752	-2
753	-3
754	-3
755	-3
756	-4
757	-3
758	-4
759	-2
760	-4
761	-2
762	-4
763	-2
764	-4
765	-3
766	-4
767	-2
768	-5
769	-3
770	-5
771	-2
772	-4
773	-2
774	-4
775	-2
776	-4
777	-3
778	-3
779	-2
780	-4
781	-3
782	-2
783	-3
784	-2
785	-2
786	-2
787	-2
788	-2
789	-1
790	-1
791	-1
792	-1
793	0
794	-1
795	-1
796	-2
797	-2
798	-2
799	-1
800	-2
801	-1
802	-1
803	-1
804	-3
805	-1
806	-3
807	-3
808	-5
809	-3
810	-4
811	-4
812	-4
813	-4
814	-5
815	-4
816	-4
817	-4
818	-4
819	-4
820	-3
821	-4
822	-4
823	-3
824	-4
825	-3
826	-4
827	-3
828	-3
829	-3
830	-3
831	-1
832	-3
833	-2
834	-3
835	-2
836	-4
837	0
838	-3
839	-2
840	-3
841	-2
842	-2
843	-3
844	-1
845	-1
846	-1
847	-1
848	-1
849	-1
850	-3
851	-3
852	-2
853	-2
854	-2
855	-1
856	-3
857	-1
858	-3
859	-2
860	-3
861	-3
862	-2
863	-2
864	-3
865	-3
866	-3
867	-2
868	-2
869	-2
870	-4
871	-2
872	-3
873	-2
874	-4
875	-3
876	-4
877	-2
878	-4
879	-3
880	-2
881	-3
882	-4
883	-3
884	-3
885	-3
886	-4
887	-2
888	-3
889	-3
890	-4
891	-2
892	-4
893	-2
894	-2
895	-3
896	-3
897	-3
898	-4
899	-2
900	-5
901	-3
902	-4
903	-4
904	-4
905	-3
906	-3
907	-4
908	-4
909	-3
910	-4
911	-3
912	-4
913	-3
914	-3
915	-2
916	-4
917	-2
918	-4
919	-2
920	-4
921	-3
922	-3
923	-2
924	-4
925	-2
926	-4
927	-1
928	-3
929	-1
930	-2
931	-1
932	-2
933	-2
934	-3
935	-3
936	-2
937	-1
938	-3
939	-1
940	-3
941	-1
942	-3
943	0
944	-3
945	-1
946	-2
947	-1
948	-2
949	-1
950	-1
951	0
952	-2
953	-1
954	-3
955	-1
956	-2
957	0
958	-2
959	-1
960	-2
961	0
962	-2
963	-1
964	-3
965	-2
966	-2
967	-2
968	-2
969	-2
970	-3
971	-2
972	-3
973	-2
974	-4
975	-1
976	-3
977	-1
978	-3
979	-2
980	-4
981	-2
982	-4
983	-2
984	-3
985	-1
986	-3
987	-3
988	-4
989	-1
990	-3
991	-1
992	-2
993	-1
994	-1
995	-1
996	-2
997	-2
998	-2
999	-1
1000	-2
1001	-1
1002	-3
1003	-1
1004	-2
1005	-1
1006	-2
1007	0
1008	-2
1009	0
1010	-2
1011	-1
1012	-3
1013	0
1014	-2
1015	0
1016	-3
1017	0
1018	-2
1019	-1
1020	-2
1021	0
1022	-1
1023	-1
1024	-3
1025	-2
1026	-2
1027	-1
1028	-2
1029	-1
1030	-3
1031	-2
1032	-2
1033	-1
1034	-3
1035	-1
1036	-2
1037	-1
1038	-3
1039	-1
1040	-3
1041	-2
1042	-2
1043	-1
1044	-3
1045	-1
1046	-3
1047	-1
1048	-2
1049	-2
1050	-3
1051	-2
1052	-3
1053	-2
1054	-3
1055	-2
1056	-4
1057	-3
1058	-4
1059	-3
1060	-3
1061	-3
1062	-1
1063	-2
1064	-2
1065	-2
1066	-2
1067	-1
1068	-2
1069	0
1070	-2
1071	-1
1072	-1
1073	0
1074	-1
1075	0
1076	0
1077	-1
1078	-1
1079	0
1080	-2
1081	0
1082	-2
1083	0
1084	-1
1085	0
1086	0
1087	-1
1088	-1
1089	-1
1090	-1
1091	-1
1092	-2
1093	-1
1094	-2
1095	0
1096	-2
1097	-1
1098	-2
1099	-1
1100	-2
1101	0
1102	-2
1103	0
1104	-2
1105	-2
1106	-2
1107	-1
1108	-2
1109	0
1110	-2
1111	0
1112	-2
1113	-2
1114	-2
1115	-1
1116	-2
1117	-3
1118	-2
1119	-1
1120	-1
1121	-1
1122	-2
1123	-1
1124	-2
1125	-1
1126	-3
1127	-1
1128	-2
1129	-1
1130	-2
1131	0
1132	-3
1133	-1
1134	-2
1135	0
1136	-2
1137	-2
1138	-1
1139	0
1140	-1
1141	-1
1142	-1
1143	0
1144	-1
1145	0
1146	-2
1147	-1
1148	-2
1149	0
1150	-3
1151	0
1152	-2
1153	-1
1154	-2
1155	-1
1156	-2
1157	-1
1158	-2
1159	-3
1160	-2
1161	-1
1162	-2
1163	-1
1164	-3
1165	-1
1166	-2
1167	-2
1168	-2
1169	-1
1170	-1
1171	-1
1172	-2
1173	-1
1174	-1
1175	0
1176	-2
1177	0
1178	0
1179	-1
1180	-2
1181	-1
1182	-2
1183	0
1184	-2
1185	0
1186	-1
1187	0
1188	-3
1189	0
1190	-2
1191	-1
1192	-3
1193	-1
1194	-1
1195	0
1196	-1
1197	-1
1198	-3
1199	0
1200	-1
1201	-1
1202	-1
1203	0
1204	-2
1205	-2
1206	-2
1207	-1
1208	-2
1209	-2
1210	-3
1211	-1
1212	-3
1213	0
1214	-2
1215	-1
1216	-2
1217	-1
1218	-2
1219	-1
1220	-3
1221	-1
1222	-2
1223	-1
1224	-2
1225	-1
1226	-2
1227	-2
1228	-2
1229	-2
1230	-1
1231	-1
1232	-2
1233	-1
1234	-3
1235	-2
1236	-2
1237	-1
1238	-1
1239	-1
1240	-2
1241	-1
1242	-2
1243	-2
1244	-1
1245	-1
1246	-1
1247	-1
1248	-1
1249	0
1250	-2
1251	-1
1252	-2
1253	-1
1254	-1
1255	-1
1256	-2
1257	0
1258	-2
1259	0
1260	-2
1261	0
1262	-3
1263	0
1264	-1
1265	0
1266	-2
1267	0
1268	0
1269	0
1270	0
1271	-1
1272	0
1273	0
1274	-1
1275	0
1276	-1
1277	0
1278	-1
1279	0
1280	0
1281	0
1282	0
1283	0
1284	-1
1285	-1
1286	0
1287	0
1288	-1
1289	0
1290	0
1291	0
1292	-1
1293	-1
1294	-1
1295	-1
1296	0
1297	0
1298	-1
1299	0
1300	-1
1301	0
1302	0
1303	-1
1304	0
1305	0
1306	0
1307	-1
1308	-1
1309	-1
1310	-1
1311	-1
1312	-2
1313	-1
1314	-2
1315	-1
1316	-1
1317	-1
1318	-2
1319	-2
1320	-3
1321	-1
1322	-2
1323	-2
1324	-3
1325	-2
1326	-2
1327	-1
1328	-1
1329	-1
1330	-2
1331	-2
1332	-2
1333	-1
1334	-2
1335	-1
1336	-2
1337	0
1338	-2
1339	-1
1340	-1
1341	0
1342	0
1343	0
1344	-2
1345	0
1346	-1
1347	0
1348	-1
1349	-1
1350	0
1351	0
1352	0
1353	0
1354	0
1355	0
1356	0
1357	0
1358	-1
1359	0
1360	0
1361	0
1362	0
1363	0
1364	0
1365	0
1366	0
1367	0
1368	0
1369	0
1370	-1
1371	0
1372	-1
1373	0
1374	-1
1375	0
1376	0
1377	0
1378	0
1379	0
1380	-1
1381	0
1382	-1
1383	0
1384	-1
1385	-1
1386	-1
1387	0
1388	-2
1389	0
1390	-1
1391	0
1392	-2
1393	-1
1394	-2
1395	0
1396	-2
1397	-1
1398	-3
1399	0
1400	-1
1401	-1
1402	-1
1403	0
1404	-2
1405	0
1406	-3
1407	-1
1408	-1
1409	-1
1410	-1
1411	-1
1412	-1
1413	-1
1414	-2
1415	0
1416	-1
1417	-2
1418	-1
1419	-1
1420	-2
1421	0
1422	-1
1423	0
1424	-3
1425	0
1426	-1
1427	0
1428	-1
1429	-1
1430	-1
1431	0
1432	-1
1433	0
1434	-1
1435	0
1436	-1
1437	0
1438	0
1439	0
1440	0
1441	0
1442	-1
1443	0
1444	-1
1445	0
1446	0
1447	0
1448	-1
1449	0
1450	-1
1451	0
1452	0
1453	0
1454	-1
1455	0
1456	0
1457	0
1458	-1
1459	0
1460	-1
1461	0
1462	0
1463	0
1464	-1
1465	0
1466	-1
1467	0
1468	0
1469	0
1470	0
1471	0
1472	0
1473	0
1474	0
1475	0
1476	0
1477	0
1478	0
1479	1
1480	0
1481	0
1482	0
1483	0
1484	0
1485	1
1486	0
1487	2
1488	0
1489	2
1490	0
1491	1
1492	0
1493	1
1494	1
1495	2
1496	1
1497	2
1498	1
1499	1
1500	2
1501	2
1502	2
1503	2
1504	1
1505	2
1506	1
1507	2
1508	1
1509	2
1510	2
1511	1
1512	1
1513	2
1514	1
1515	2
1516	1
1517	1
1518	1
1519	1
1520	1
1521	1
1522	0
1523	0
1524	-1
1525	0
1526	0
1527	1
1528	-1
1529	0
1530	0
1531	0
1532	0
1533	0
1534	0
1535	0
1536	0
1537	0
1538	0
1539	0
1540	0
1541	0
1542	0
1543	0
1544	0
1545	0
1546	0
1547	1
1548	0
1549	2
1550	0
1551	2
1552	1
1553	2
1554	0
1555	1
1556	1
1557	1
1558	0
1559	0
1560	0
1561	0
1562	0
1563	0
1564	0
1565	0
1566	0
1567	0
1568	-1
1569	0
1570	-1
1571	0
1572	-1
1573	-1
1574	0
1575	0
1576	0
1577	0
1578	0
1579	0
1580	-1
1581	0
1582	-1
1583	-1
1584	-2
1585	-1
1586	-1
1587	0
1588	-1
1589	0
1590	0
1591	-1
1592	0
1593	0
1594	0
1595	0
1596	-1
1597	0
1598	0
1599	0
1600	-1
1601	0
1602	0
1603	-1
1604	-1
1605	0
1606	-1
1607	0
1608	-2
1609	0
1610	0
1611	0
1612	-1
1613	0
1614	-1
1615	0
1616	-1
1617	-1
1618	-1
1619	-1
1620	-1
1621	0
1622	0
1623	-1
1624	-1
1625	0
1626	-1
1627	0
1628	-1
1629	0
1630	-1
1631	0
1632	-1
1633	-1
1634	0
1635	0
1636	-1
1637	0
1638	-1
1639	0
1640	-1
1641	0
1642	0
1643	0
1644	0
1645	0
1646	0
1647	0
1648	-1
1649	0
1650	-2
1651	0
1652	0
1653	0
1654	0
1655	0
1656	-1
1657	0
1658	0
1659	0
1660	0
1661	0
1662	-1
1663	0
1664	0
1665	0
1666	0
1667	0
1668	0
1669	0
1670	0
1671	0
1672	0
1673	0
1674	-1
1675	0
1676	-1
1677	0
1678	0
1679	0
1680	0
1681	0
1682	0
1683	0
1684	-1
1685	0
1686	-1
1687	1
1688	0
1689	1
1690	-1
1691	0
1692	0
1693	0
1694	0
1695	0
1696	0
1697	0
1698	-1
1699	0
1700	-1
1701	0
1702	0
1703	0
1704	0
1705	0
1706	0
1707	0
1708	0
1709	0
1710	0
1711	0
1712	0
1713	0
1714	0
1715	0
1716	0
1717	0
1718	0
1719	0
1720	-1
1721	0
1722	-1
1723	0
1724	0
1725	0
1726	-1
1727	-1
1728	0
1729	-1
1730	-1
1731	-1
1732	-1
1733	0
1734	-2
1735	-2
1736	-2
1737	-2
1738	-2
1739	-1
1740	-2
1741	-1
1742	-2
1743	-1
1744	-1
1745	0
1746	-1
1747	0
1748	-1
1749	0
1750	0
1751	0
1752	-1
1753	0
1754	0
1755	0
1756	0
1757	1
1758	0
1759	1
1760	0
1761	1
1762	0
1763	0
1764	0
1765	0
1766	0
1767	0
1768	0
1769	0
1770	0
1771	0
1772	0
1773	0
1774	-1
1775	0
1776	-1
1777	-1
1778	-1
1779	0
1780	-1
1781	-1
1782	-1
1783	0
1784	0
1785	0
1786	-1
1787	0
1788	-1
1789	0
1790	-2
1791	0
1792	0
1793	0
1794	0
1795	0
1796	0
1797	0
1798	0
1799	1
1800	0
1801	1
1802	0
1803	0
1804	0
1805	2
1806	0
1807	1
1808	0
1809	1
1810	0
1811	1
1812	0
1813	1
1814	0
1815	2
1816	1
1817	1
1818	0
1819	1
1820	0
1821	0
1822	0
1823	0
1824	0
1825	0
1826	0
1827	0
1828	-1
1829	0
1830	-2
1831	-1
1832	0
1833	0
1834	-1
1835	0
1836	-1
1837	0
1838	-1
1839	0
1840	-2
1841	0
1842	-1
1843	-1
1844	-3
1845	-1
1846	-2
1847	-1
1848	-1
1849	-1
1850	-1
1851	-1
1852	-2
1853	-1
1854	-2
1855	-1
1856	0
1857	-1
1858	-1
1859	0
1860	-1
1861	0
1862	-1
1863	0
1864	0
1865	0
1866	0
1867	0
1868	0
1869	0
1870	0
1871	0
1872	0
1873	0
1874	0
1875	0
1876	0
1877	0
1878	0
1879	1
1880	0
1881	2
1882	1
1883	1
1884	0
1885	1
1886	0
1887	1
1888	0
1889	1
1890	0
1891	1
1892	0
1893	1
1894	0
1895	0
1896	0
1897	1
1898	0
1899	0
1900	0
1901	1
1902	-1
1903	0
1904	-1
1905	0
1906	0
1907	0
1908	0
1909	0
1910	0
1911	0
1912	-1
1913	0
1914	0
1915	0
1916	0
1917	0
1918	0
1919	0
1920	0
1921	0
1922	0
1923	1
1924	0
1925	0
1926	-1
1927	0
1928	0
1929	0
1930	0
1931	0
1932	0
1933	0
1934	0
1935	1
1936	0
1937	0
1938	0
1939	0
1940	0
1941	0
1942	0
1943	2
1944	0
1945	0
1946	0
1947	0
1948	0
1949	0
1950	0
1951	0
1952	-2
1953	0
1954	-1
1955	0
1956	0
1957	0
1958	0
1959	0
1960	0
1961	0
1962	0
1963	0
1964	0
1965	0
1966	-1
1967	0
1968	-1
1969	0
1970	0
1971	0
1972	-1
1973	0
1974	0
1975	0
1976	0
1977	0
1978	0
1979	1
1980	0
1981	0
1982	0
1983	1
1984	0
1985	1
1986	0
1987	0
1988	0
1989	0
1990	0
1991	0
1992	0
1993	0
1994	0
1995	0
1996	0
1997	0
1998	0
1999	0
