0	0
1	0
2	0
3	0
4	0
5	0
6	0
7	0
8	0
9	1
10	0
11	0
12	0
13	1
14	0
15	0
16	0
17	0
18	0
19	0
20	0
21	0
22	0
23	0
24	0
25	1
26	0
27	0
28	0
29	0
30	0
31	0
32	0
33	0
34	0
35	0
36	0
37	0
38	0
39	0
40	0
41	1
42	0
43	0
44	0
45	0
46	1
47	0
48	0
49	0
50	0
51	1
52	0
53	1
54	1
55	1
56	0
57	1
58	1
59	1
60	0
61	1
62	1
63	1
64	1
65	1
66	0
67	1
68	0
69	1
70	0
71	1
72	0
73	2
74	0
75	2
76	1
77	2
78	1
79	1
80	1
81	2
82	1
83	2
84	2
85	2
86	2
87	2
88	1
89	2
90	1
91	2
92	2
93	3
94	2
95	2
96	3
97	2
98	2
99	3
100	2
101	2
102	2
103	2
104	2
105	3
106	1
107	2
108	1
109	2
110	2
111	2
112	2
113	2
114	2
115	2
116	2
117	2
118	2
119	2
120	1
121	1
122	0
123	1
124	1
125	1
126	0
127	1
128	0
129	1
130	0
131	0
132	0
133	1
134	1
135	1
136	0
137	2
138	0
139	0
140	0
141	1
142	0
143	1
144	0
145	1
146	0
147	1
148	0
149	1
150	1
151	1
152	0
153	2
154	0
155	2
156	0
157	1
158	0
159	1
160	1
161	1
162	0
163	0
164	0
165	1
166	0
167	1
168	0
169	0
170	1
171	1
172	0
173	1
174	1
175	1
176	0
177	0
178	0
179	0
180	0
181	0
182	0
183	0
184	0
185	0
186	0
187	0
188	0
189	0
190	0
191	0
192	0
193	0
194	0
195	0
196	0
197	0
198	0
199	0
200	0
201	0
202	0
203	0
204	0
205	0
206	0
207	1
208	0
209	0
210	0
211	0
212	0
213	0
214	0
215	1
216	0
217	0
218	0
219	0
220	0
221	0
222	0
223	0
224	0
225	0
226	0
227	0
228	0
229	0
230	0
231	1
232	0
233	0
234	0
235	0
236	0
237	0
238	0
239	0
240	1
241	1
242	1
243	0
244	0
245	1
246	0
247	1
248	0
249	1
250	0
251	0
252	0
253	1
254	0
255	1
256	0
257	0
258	0
259	1
260	0
261	1
262	1
263	1
264	0
265	1
266	0
267	0
268	0
269	1
270	0
271	1
272	0
273	0
274	0
275	1
276	0
277	0
278	0
279	0
280	0
281	0
282	0
283	0
284	0
285	0
286	0
287	0
288	0
289	0
290	0
291	0
292	0
293	0
294	0
295	0
296	0
297	0
298	0
299	0
300	0
301	1
302	0
303	1
304	0
305	1
306	0
307	1
308	0
309	0
310	0
311	1
312	0
313	0
314	0
315	0
316	0
317	1
318	0
319	0
320	0
321	0
322	0
323	1
324	0
325	0
326	0
327	0
328	0
329	0
330	0
331	0
332	0
333	0
334	0
335	0
336	0
337	0
338	0
339	1
340	0
341	0
342	0
343	1
344	0
345	1
346	0
347	0
348	0
349	0
350	0
351	2
352	1
353	0
354	0
355	1
356	0
357	0
358	0
359	1
360	0
361	1
362	0
363	1
364	1
365	0
366	0
367	1
368	0
369	0
370	0
371	0
372	0
373	0
374	0
375	0
376	0
377	0
378	0
379	0
380	0
381	0
382	0
383	0
384	0
385	0
386	0
387	0
388	0
389	0
390	0
391	1
392	0
393	0
394	0
395	0
396	0
397	1
398	0
399	0
400	0
401	0
402	0
403	0
404	0
405	0
406	0
407	0
408	0
409	0
410	0
411	0
412	0
413	0
414	0
415	0
416	0
417	0
418	0
419	0
420	0
421	0
422	0
423	0
424	0
425	0
426	0
427	0
428	0
429	0
430	0
431	1
432	0
433	1
434	0
435	1
436	1
437	3
438	3
439	5
440	6
441	9
442	9
443	12
444	12
445	17
446	18
447	21
448	24
449	27
450	30
451	33
452	34
453	39
454	40
455	43
456	47
457	51
458	52
459	55
460	57
461	60
462	63
463	66
464	67
465	69
466	72
467	73
468	74
469	79
470	78
471	80
472	79
473	82
474	81
475	83
476	83
477	84
478	83
479	85
480	84
481	85
482	85
483	84
484	83
485	84
486	82
487	83
488	81
489	82
490	80
491	80
492	79
493	78
494	76
495	76
496	74
497	76
498	76
499	78
500	62
501	70
502	65
503	66
504	65
505	65
506	63
507	62
508	57
509	57
510	54
511	55
512	53
513	53
514	52
515	51
516	47
517	48
518	44
519	45
520	43
521	43
522	40
523	41
524	39
525	38
526	34
527	36
528	33
529	32
530	30
531	30
532	27
533	28
534	26
535	27
536	24
537	23
538	21
539	22
540	21
541	20
542	17
543	19
544	15
545	17
546	13
547	13
548	11
549	11
550	9
551	10
552	8
553	7
554	8
555	7
556	7
557	7
558	6
559	6
560	6
561	5
562	4
563	5
564	4
565	4
566	3
567	4
568	3
569	4
570	1
571	3
572	1
573	2
574	0
575	1
576	0
577	2
578	0
579	2
580	0
581	1
582	0
583	0
584	0
585	0
586	0
587	0
588	0
589	1
590	-1
591	0
592	-1
593	0
594	-1
595	0
596	-1
597	-2
598	-2
599	-1
600	-1
601	-1
602	-2
603	-1
604	-1
605	-2
606	-2
607	-1
608	-1
609	-2
610	-2
611	-1
612	-2
613	0
614	-3
615	-2
616	-2
617	-1
618	-3
619	-1
620	-2
621	-2
622	-3
623	-2
624	-2
625	-1
626	-3
627	-3
628	-1
629	-1
630	-1
631	-1
632	-2
633	-2
634	-3
635	-1
636	-3
637	-1
638	-1
639	-1
640	-2
641	-1
642	-2
643	-1
644	-1
645	0
646	-2
647	-1
648	-2
649	-1
650	-1
651	-1
652	-1
653	0
654	0
655	-2
656	0
657	0
658	-1
659	0
660	-1
661	0
662	-1
663	0
664	0
665	0
666	0
667	0
668	0
669	0
670	0
671	1
672	0
673	0
674	0
675	0
676	0
677	0
678	0
679	0
680	0
681	0
682	0
683	0
684	0
685	0
686	0
687	0
688	0
689	0
690	0
691	0
692	0
693	0
694	0
695	0
696	0
697	0
698	-1
699	0
700	0
701	0
702	-1
703	0
704	-1
705	0
706	0
707	0
708	-1
709	0
710	-1
711	0
712	-1
713	0
714	0
715	0
716	-1
717	0
718	0
719	0
720	0
721	0
722	-1
723	0
724	-2
725	0
726	-1
727	-1
728	-1
729	0
730	0
731	-1
732	0
733	-1
734	-1
735	0
736	-1
737	0
738	-1
739	-1
740	-1
741	0
742	-1
743	0
744	-1
745	0
746	-1
747	-1
748	-1
749	0
750	0
751	0
752	0
753	0
754	-1
755	0
756	0
757	0
758	0
759	0
760	0
761	0
762	0
763	0
764	0
765	0
766	0
767	0
768	0
769	0
770	-1
771	0
772	0
773	0
774	0
775	0
776	0
777	0
778	0
779	0
780	0
781	0
782	0
783	0
784	0
785	-1
786	0
787	0
788	0
789	0
790	0
791	0
792	0
793	0
794	0
795	0
796	0
797	0
798	0
799	0
800	0
801	0
802	-1
803	0
804	0
805	0
806	0
807	0
808	-1
809	0
810	-1
811	0
812	0
813	0
814	-1
815	0
816	0
817	-1
818	-1
819	0
820	-1
821	-1
822	-1
823	-1
824	-2
825	-1
826	-2
827	-1
828	-2
829	-1
830	-2
831	-1
832	-1
833	-2
834	-1
835	-2
836	-2
837	-1
838	-2
839	-1
840	-2
841	-1
842	-2
843	0
844	-1
845	0
846	-1
847	0
848	0
849	0
850	0
851	0
852	0
853	0
854	0
855	0
856	-1
857	0
858	0
859	-1
860	-1
861	0
862	-1
863	0
864	0
865	0
866	-1
867	0
868	0
869	0
870	-1
871	0
872	0
873	0
874	-1
875	0
876	-1
877	0
878	0
879	0
880	0
881	0
882	0
883	0
884	-1
885	-1
886	-2
887	0
888	-1
889	0
890	-1
891	0
892	0
893	0
894	-1
895	0
896	0
897	0
898	-1
899	0
900	-1
901	0
902	0
903	0
904	0
905	0
906	0
907	0
908	0
909	0
910	0
911	0
912	0
913	0
914	-1
915	-1
916	-2
917	0
918	0
919	-1
920	-1
921	-1
922	-1
923	-1
924	-1
925	0
926	-2
927	0
928	-1
929	0
930	-2
931	-1
932	-1
933	0
934	-1
935	-2
936	-1
937	0
938	0
939	0
940	-1
941	-1
942	0
943	-1
944	0
945	0
946	0
947	0
948	0
949	0
950	0
951	0
952	0
953	-1
954	0
955	0
956	0
957	0
958	-1
959	0
960	-1
961	0
962	-1
963	0
964	0
965	0
966	0
967	0
968	0
969	0
970	0
971	-1
972	0
973	-1
974	-1
975	0
976	0
977	0
978	0
979	0
980	0
981	0
982	0
983	0
984	0
985	0
986	0
987	0
988	-1
989	0
990	0
991	-1
992	0
993	0
994	0
995	0
996	0
997	0
998	0
999	0
1000	0
1001	0
1002	0
1003	0
1004	-1
1005	0
1006	0
1007	0
1008	-1
1009	0
1010	0
1011	0
1012	-1
1013	0
1014	0
1015	0
1016	0
1017	0
1018	0
1019	0
1020	0
1021	0
1022	-1
1023	0
1024	-2
1025	-1
1026	-1
1027	0
1028	0
1029	-1
1030	-1
1031	-1
1032	-1
1033	0
1034	-1
1035	0
1036	0
1037	-1
1038	-2
1039	-1
1040	0
1041	-1
1042	-1
1043	-1
1044	0
1045	0
1046	0
1047	0
1048	0
1049	-1
1050	0
1051	0
1052	-1
1053	0
1054	-1
1055	0
1056	0
1057	0
1058	0
1059	0
1060	-1
1061	0
1062	-1
1063	0
1064	0
1065	-1
1066	0
1067	-1
1068	-1
1069	0
1070	0
1071	0
1072	0
1073	-1
1074	0
1075	0
1076	0
1077	0
1078	0
1079	0
1080	0
1081	0
1082	-1
1083	-1
1084	-1
1085	0
1086	0
1087	0
1088	-1
1089	0
1090	0
1091	0
1092	-1
1093	0
1094	-1
1095	0
1096	-1
1097	0
1098	0
1099	0
1100	0
1101	0
1102	0
1103	0
1104	-1
1105	-1
1106	-1
1107	0
1108	0
1109	0
1110	-1
1111	0
1112	0
1113	0
1114	0
1115	0
1116	-1
1117	0
1118	-1
1119	0
1120	0
1121	0
1122	0
1123	0
1124	-1
1125	0
1126	-1
1127	0
1128	0
1129	0
1130	-1
1131	0
1132	0
1133	0
1134	0
1135	0
1136	0
1137	0
1138	0
1139	0
1140	0
1141	0
1142	-1
1143	0
1144	-1
1145	0
1146	-1
1147	0
1148	0
1149	0
1150	-1
1151	0
1152	-1
1153	0
1154	0
1155	0
1156	0
1157	0
1158	-1
1159	0
1160	-1
1161	0
1162	0
1163	0
1164	0
1165	0
1166	0
1167	0
1168	0
1169	0
1170	-1
1171	0
1172	0
1173	0
1174	0
1175	0
1176	0
1177	0
1178	0
1179	0
1180	0
1181	0
1182	0
1183	0
1184	-1
1185	0
1186	0
1187	0
1188	-1
1189	0
1190	-1
1191	0
1192	-1
1193	0
1194	-1
1195	0
1196	-1
1197	0
1198	-1
1199	0
1200	0
1201	0
1202	0
1203	0
1204	0
1205	0
1206	0
1207	0
1208	0
1209	0
1210	0
1211	0
1212	0
1213	0
1214	0
1215	0
1216	0
1217	0
1218	0
1219	0
1220	0
1221	0
1222	0
1223	0
1224	0
1225	0
1226	0
1227	0
1228	0
1229	0
1230	0
1231	0
1232	-1
1233	0
1234	-1
1235	0
1236	-1
1237	0
1238	-1
1239	-1
1240	-1
1241	0
1242	-2
1243	0
1244	-1
1245	0
1246	0
1247	-1
1248	-1
1249	-1
1250	-1
1251	0
1252	-1
1253	0
1254	-1
1255	0
1256	-1
1257	0
1258	0
1259	0
1260	0
1261	0
1262	-1
1263	0
1264	-1
1265	0
1266	0
1267	0
1268	0
1269	0
1270	0
1271	0
1272	0
1273	0
1274	0
1275	0
1276	0
1277	0
1278	0
1279	0
1280	0
1281	0
1282	0
1283	0
1284	0
1285	0
1286	0
1287	0
1288	0
1289	0
1290	-1
1291	0
1292	-1
1293	0
1294	0
1295	0
1296	0
1297	0
1298	0
1299	0
1300	-1
1301	0
1302	0
1303	0
1304	0
1305	0
1306	0
1307	0
1308	-1
1309	0
1310	0
1311	0
1312	0
1313	0
1314	-2
1315	0
1316	-1
1317	0
1318	0
1319	-1
1320	0
1321	0
1322	0
1323	-1
1324	-1
1325	0
1326	-1
1327	0
1328	0
1329	0
1330	0
1331	0
1332	-2
1333	0
1334	-1
1335	0
1336	-1
1337	0
1338	0
1339	0
1340	0
1341	0
1342	0
1343	0
1344	0
1345	0
1346	0
1347	0
1348	0
1349	0
1350	0
1351	0
1352	0
1353	0
1354	0
1355	0
1356	0
1357	0
1358	-1
1359	0
1360	0
1361	0
1362	-1
1363	0
1364	0
1365	0
1366	0
1367	0
1368	0
1369	0
1370	0
1371	0
1372	0
1373	0
1374	-2
1375	0
1376	0
1377	0
1378	-1
1379	0
1380	-1
1381	0
1382	-1
1383	0
1384	-1
1385	0
1386	-1
1387	0
1388	-1
1389	0
1390	-1
1391	0
1392	0
1393	0
1394	0
1395	0
1396	0
1397	0
1398	0
1399	0
1400	0
1401	0
1402	0
1403	0
1404	0
1405	0
1406	0
1407	0
1408	0
1409	0
1410	0
1411	0
1412	0
1413	0
1414	0
1415	0
1416	0
1417	0
1418	0
1419	0
1420	0
1421	0
1422	0
1423	0
1424	0
1425	0
1426	-1
1427	0
1428	-1
1429	0
1430	0
1431	-1
1432	0
1433	0
1434	0
1435	0
1436	0
1437	0
1438	-1
1439	-1
1440	-1
1441	0
1442	0
1443	0
1444	0
1445	0
1446	-1
1447	0
1448	-1
1449	0
1450	-1
1451	0
1452	0
1453	0
1454	-1
1455	0
1456	0
1457	0
1458	0
1459	0
1460	0
1461	0
1462	-1
1463	0
1464	0
1465	0
1466	0
1467	0
1468	-1
1469	-1
1470	0
1471	0
1472	0
1473	0
1474	0
1475	0
1476	0
1477	0
1478	-1
1479	0
1480	-1
1481	0
1482	0
1483	0
1484	0
1485	0
1486	0
1487	0
1488	0
1489	0
1490	0
1491	0
1492	0
1493	1
1494	0
1495	0
1496	1
1497	0
1498	0
1499	1
1500	1
1501	1
1502	0
1503	1
1504	1
1505	1
1506	1
1507	1
1508	1
1509	2
1510	1
1511	2
1512	0
1513	1
1514	0
1515	1
1516	0
1517	1
1518	0
1519	2
1520	0
1521	2
1522	0
1523	2
1524	1
1525	2
1526	1
1527	1
1528	0
1529	2
1530	0
1531	1
1532	0
1533	1
1534	1
1535	1
1536	1
1537	1
1538	0
1539	0
1540	0
1541	0
1542	0
1543	0
1544	1
1545	1
1546	0
1547	0
1548	0
1549	1
1550	0
1551	0
1552	0
1553	1
1554	0
1555	1
1556	0
1557	0
1558	0
1559	0
1560	0
1561	0
1562	-1
1563	0
1564	0
1565	0
1566	-1
1567	0
1568	0
1569	0
1570	-1
1571	0
1572	-1
1573	0
1574	-1
1575	0
1576	0
1577	0
1578	0
1579	0
1580	0
1581	0
1582	0
1583	0
1584	0
1585	1
1586	0
1587	0
1588	0
1589	0
1590	0
1591	0
1592	0
1593	0
1594	0
1595	0
1596	0
1597	0
1598	0
1599	0
1600	0
1601	0
1602	0
1603	0
1604	0
1605	0
1606	0
1607	0
1608	-1
1609	0
1610	-1
1611	0
1612	-1
1613	0
1614	0
1615	0
1616	-1
1617	0
1618	0
1619	0
1620	0
1621	0
1622	0
1623	0
1624	-1
1625	0
1626	0
1627	0
1628	0
1629	0
1630	0
1631	0
1632	0
1633	0
1634	0
1635	0
1636	0
1637	0
1638	0
1639	0
1640	0
1641	0
1642	0
1643	0
1644	0
1645	0
1646	0
1647	0
1648	0
1649	0
1650	0
1651	0
1652	0
1653	0
1654	0
1655	0
1656	0
1657	0
1658	0
1659	0
1660	0
1661	-1
1662	0
1663	-1
1664	-1
1665	-1
1666	-1
1667	-1
1668	-1
1669	0
1670	-1
1671	0
1672	-1
1673	-1
1674	0
1675	0
1676	0
1677	0
1678	-1
1679	0
1680	0
1681	0
1682	-1
1683	0
1684	0
1685	0
1686	0
1687	0
1688	-1
1689	0
1690	0
1691	0
1692	0
1693	0
1694	-1
1695	0
1696	0
1697	0
1698	0
1699	0
1700	-1
1701	0
1702	-1
1703	0
1704	-1
1705	0
1706	-1
1707	-1
1708	-2
1709	0
1710	-1
1711	0
1712	-1
1713	-1
1714	0
1715	0
1716	0
1717	0
1718	0
1719	0
1720	0
1721	0
1722	0
1723	0
1724	1
1725	1
1726	0
1727	1
1728	1
1729	1
1730	0
1731	1
1732	1
1733	1
1734	2
1735	2
1736	2
1737	2
1738	2
1739	3
1740	1
1741	3
1742	3
1743	3
1744	3
1745	2
1746	2
1747	2
1748	2
1749	3
1750	2
1751	2
1752	2
1753	1
1754	1
1755	2
1756	1
1757	1
1758	1
1759	0
1760	1
1761	2
1762	0
1763	1
1764	1
1765	1
1766	0
1767	1
1768	0
1769	1
1770	1
1771	1
1772	1
1773	1
1774	1
1775	0
1776	1
1777	0
1778	0
1779	0
1780	0
1781	0
1782	0
1783	0
1784	0
1785	0
1786	0
1787	1
1788	0
1789	0
1790	0
1791	0
1792	0
1793	0
1794	0
1795	0
1796	0
1797	0
1798	0
1799	0
1800	-1
1801	0
1802	0
1803	0
1804	-1
1805	0
1806	0
1807	0
1808	0
1809	0
1810	-1
1811	0
1812	0
1813	0
1814	0
1815	0
1816	0
1817	-1
1818	0
1819	0
1820	0
1821	0
1822	0
1823	0
1824	0
1825	0
1826	0
1827	0
1828	0
1829	0
1830	0
1831	0
1832	0
1833	0
1834	0
1835	0
1836	0
1837	0
1838	0
1839	0
1840	0
1841	0
1842	0
1843	0
1844	0
1845	0
1846	0
1847	0
1848	0
1849	0
1850	0
1851	0
1852	0
1853	0
1854	0
1855	0
1856	0
1857	0
1858	0
1859	0
1860	0
1861	1
1862	1
1863	0
1864	1
1865	0
1866	0
1867	1
1868	1
1869	1
1870	1
1871	1
1872	1
1873	1
1874	2
1875	1
1876	2
1877	1
1878	1
1879	2
1880	1
1881	1
1882	2
1883	2
1884	2
1885	2
1886	1
1887	1
1888	1
1889	2
1890	1
1891	2
1892	1
1893	2
1894	1
1895	2
1896	2
1897	2
1898	2
1899	2
1900	1
1901	2
1902	1
1903	1
1904	0
1905	1
1906	0
1907	0
1908	1
1909	0
1910	1
1911	0
1912	0
1913	0
1914	0
1915	0
1916	0
1917	0
1918	0
1919	0
1920	0
1921	0
1922	0
1923	0
1924	0
1925	0
1926	0
1927	0
1928	-1
1929	0
1930	0
1931	0
1932	0
1933	0
1934	0
1935	0
1936	0
1937	0
1938	-1
1939	0
1940	0
1941	0
1942	0
1943	0
1944	0
1945	0
1946	0
1947	1
1948	0
1949	1
1950	0
1951	1
1952	0
1953	0
1954	0
1955	0
1956	0
1957	0
1958	0
1959	0
1960	0
1961	0
1962	0
1963	-1
1964	-1
1965	-1
1966	-1
1967	0
1968	-1
1969	0
1970	0
1971	0
1972	-1
1973	0
1974	0
1975	0
1976	0
1977	0
1978	0
1979	0
1980	-1
1981	0
1982	0
1983	0
1984	0
1985	0
1986	0
1987	0
1988	0
1989	0
1990	0
1991	0
1992	0
1993	0
1994	0
1995	0
1996	0
1997	0
1998	0
1999	0
