0	0
1	0
2	0
3	-1
4	0
5	0
6	0
7	0
8	0
9	0
10	0
11	0
12	0
13	0
14	0
15	0
16	0
17	0
18	0
19	0
20	0
21	1
22	0
23	1
24	0
25	1
26	1
27	2
28	0
29	2
30	0
31	2
32	1
33	2
34	1
35	1
36	0
37	1
38	0
39	2
40	1
41	2
42	0
43	2
44	1
45	2
46	1
47	3
48	0
49	1
50	0
51	1
52	1
53	1
54	1
55	2
56	0
57	1
58	1
59	1
60	1
61	0
62	0
63	1
64	0
65	1
66	0
67	2
68	0
69	0
70	1
71	1
72	0
73	0
74	0
75	0
76	0
77	0
78	0
79	0
80	0
81	0
82	0
83	0
84	0
85	0
86	0
87	0
88	0
89	0
90	0
91	0
92	0
93	0
94	0
95	0
96	0
97	0
98	0
99	0
100	0
101	0
102	0
103	1
104	0
105	0
106	0
107	0
108	0
109	0
110	1
111	1
112	1
113	1
114	0
115	1
116	0
117	1
118	1
119	1
120	0
121	1
122	0
123	1
124	0
125	1
126	0
127	0
128	1
129	0
130	0
131	0
132	0
133	1
134	0
135	0
136	0
137	0
138	0
139	0
140	0
141	0
142	0
143	0
144	0
145	0
146	0
147	0
148	0
149	2
150	1
151	1
152	1
153	1
154	0
155	0
156	0
157	1
158	1
159	1
160	1
161	1
162	1
163	0
164	1
165	0
166	1
167	2
168	1
169	1
170	0
171	1
172	0
173	1
174	1
175	0
176	0
177	1
178	0
179	0
180	0
181	0
182	0
183	0
184	0
185	0
186	0
187	0
188	0
189	1
190	0
191	1
192	0
193	1
194	0
195	0
196	0
197	0
198	0
199	0
200	1
201	0
202	0
203	0
204	0
205	1
206	0
207	2
208	1
209	1
210	1
211	1
212	0
213	1
214	0
215	1
216	0
217	0
218	0
219	0
220	1
221	0
222	0
223	0
224	1
225	2
226	0
227	0
228	1
229	1
230	1
231	0
232	1
233	1
234	0
235	1
236	0
237	0
238	0
239	1
240	1
241	1
242	1
243	0
244	1
245	0
246	0
247	1
248	1
249	0
250	0
251	1
252	1
253	0
254	1
255	0
256	1
257	0
258	2
259	0
260	1
261	0
262	0
263	0
264	0
265	0
266	0
267	0
268	0
269	0
270	0
271	0
272	0
273	0
274	0
275	0
276	0
277	0
278	0
279	1
280	0
281	1
282	1
283	1
284	0
285	1
286	0
287	0
288	1
289	1
290	0
291	1
292	1
293	1
294	1
295	1
296	1
297	0
298	1
299	1
300	1
301	1
302	1
303	0
304	0
305	0
306	0
307	0
308	0
309	0
310	0
311	0
312	0
313	0
314	0
315	0
316	0
317	0
318	0
319	0
320	0
321	0
322	0
323	0
324	0
325	0
326	0
327	0
328	0
329	0
330	0
331	0
332	0
333	0
334	0
335	1
336	0
337	0
338	1
339	1
340	2
341	1
342	1
343	1
344	2
345	1
346	3
347	2
348	1
349	2
350	1
351	3
352	1
353	3
354	2
355	1
356	1
357	1
358	1
359	0
360	1
361	0
362	1
363	2
364	1
365	0
366	1
367	0
368	1
369	1
370	0
371	0
372	0
373	0
374	0
375	0
376	0
377	1
378	0
379	0
380	1
381	0
382	0
383	1
384	0
385	1
386	0
387	1
388	0
389	0
390	0
391	1
392	1
393	1
394	0
395	0
396	0
397	0
398	0
399	1
400	0
401	1
402	0
403	1
404	0
405	0
406	0
407	0
408	0
409	0
410	0
411	0
412	0
413	1
414	0
415	0
416	0
417	0
418	0
419	0
420	0
421	0
422	0
423	0
424	0
425	1
426	0
427	2
428	2
429	2
430	3
431	4
432	5
433	8
434	10
435	12
436	13
437	17
438	19
439	23
440	25
441	27
442	31
443	36
444	39
445	42
446	46
447	50
448	54
449	56
450	60
451	65
452	68
453	72
454	75
455	79
456	81
457	86
458	87
459	92
460	95
461	95
462	98
463	101
464	102
465	104
466	105
467	107
468	108
469	110
470	110
471	110
472	110
473	111
474	109
475	110
476	110
477	108
478	109
479	108
480	106
481	106
482	103
483	102
484	99
485	100
486	97
487	96
488	94
489	91
490	89
491	88
492	87
493	85
494	80
495	78
496	77
497	77
498	76
499	78
500	62
501	67
502	64
503	64
504	62
505	61
506	57
507	55
508	53
509	52
510	49
511	49
512	48
513	44
514	42
515	41
516	39
517	38
518	37
519	35
520	32
521	32
522	30
523	28
524	27
525	27
526	24
527	23
528	22
529	21
530	19
531	19
532	17
533	16
534	14
535	13
536	11
537	11
538	9
539	9
540	8
541	7
542	8
543	7
544	6
545	5
546	5
547	5
548	3
549	4
550	3
551	3
552	2
553	2
554	1
555	0
556	0
557	1
558	0
559	1
560	0
561	0
562	-1
563	-1
564	-3
565	-1
566	-1
567	-1
568	-2
569	0
570	-3
571	-1
572	-3
573	-4
574	-4
575	-4
576	-4
577	-4
578	-7
579	-3
580	-4
581	-5
582	-4
583	-5
584	-5
585	-4
586	-5
587	-6
588	-4
589	-4
590	-7
591	-8
592	-4
593	-6
594	-5
595	-4
596	-4
597	-4
598	-6
599	-5
600	-4
601	-4
602	-4
603	-4
604	-6
605	-4
606	-5
607	-4
608	-5
609	-4
610	-5
611	-4
612	-4
613	-3
614	-4
615	-3
616	-5
617	-3
618	-4
619	-4
620	-5
621	-3
622	-3
623	-3
624	-4
625	-1
626	-4
627	-3
628	-2
629	-3
630	-2
631	-4
632	-3
633	-4
634	-5
635	-3
636	-3
637	-3
638	-3
639	-2
640	-3
641	-2
642	-4
643	-1
644	-1
645	-1
646	-2
647	-1
648	-2
649	-1
650	-1
651	0
652	-1
653	0
654	-2
655	0
656	-1
657	0
658	0
659	0
660	0
661	0
662	-1
663	1
664	0
665	0
666	0
667	0
668	1
669	0
670	0
671	0
672	0
673	1
674	1
675	1
676	1
677	1
678	1
679	1
680	0
681	1
682	1
683	0
684	1
685	1
686	0
687	1
688	0
689	1
690	0
691	0
692	0
693	1
694	1
695	1
696	0
697	0
698	0
699	1
700	0
701	1
702	1
703	1
704	0
705	1
706	0
707	0
708	0
709	0
710	0
711	0
712	0
713	0
714	-1
715	0
716	-1
717	-1
718	-1
719	-1
720	-2
721	-1
722	-2
723	-2
724	-3
725	-1
726	-2
727	-2
728	-2
729	-2
730	-3
731	-2
732	-3
733	-2
734	-2
735	-2
736	-1
737	-1
738	-1
739	-2
740	-1
741	-1
742	-3
743	-1
744	-2
745	-1
746	-2
747	-2
748	-2
749	-2
750	-2
751	-2
752	-2
753	0
754	-2
755	0
756	-2
757	-1
758	-2
759	-2
760	-2
761	-1
762	-2
763	-2
764	-1
765	-1
766	0
767	-2
768	0
769	0
770	0
771	0
772	0
773	0
774	0
775	-1
776	0
777	0
778	-1
779	0
780	0
781	0
782	-1
783	0
784	-1
785	1
786	-2
787	0
788	-1
789	0
790	0
791	0
792	1
793	0
794	0
795	1
796	0
797	0
798	0
799	0
800	-1
801	0
802	-1
803	0
804	0
805	0
806	0
807	-1
808	-1
809	-2
810	-1
811	0
812	-2
813	0
814	-2
815	-1
816	-2
817	0
818	-1
819	-1
820	-1
821	-1
822	-2
823	0
824	-1
825	-1
826	-1
827	-1
828	-2
829	-1
830	-1
831	-2
832	-1
833	-2
834	-2
835	0
836	-1
837	-1
838	-1
839	-1
840	-2
841	0
842	-1
843	0
844	0
845	0
846	0
847	1
848	0
849	0
850	0
851	1
852	0
853	2
854	0
855	0
856	0
857	0
858	0
859	1
860	0
861	0
862	0
863	0
864	0
865	0
866	-1
867	-1
868	0
869	-1
870	0
871	0
872	0
873	0
874	-1
875	0
876	-1
877	0
878	-1
879	0
880	-1
881	-1
882	-1
883	0
884	-1
885	0
886	-3
887	-1
888	-1
889	-1
890	-1
891	0
892	-1
893	-1
894	-2
895	-1
896	-3
897	-1
898	-2
899	-2
900	-2
901	-2
902	-4
903	-2
904	-3
905	-3
906	-2
907	-3
908	-3
909	-2
910	-4
911	-2
912	-3
913	-2
914	-3
915	-2
916	-3
917	-1
918	-4
919	-2
920	-3
921	-3
922	-3
923	-2
924	-4
925	-3
926	-4
927	-3
928	-4
929	-3
930	-4
931	-2
932	-2
933	-3
934	-2
935	-3
936	-3
937	-2
938	-3
939	-2
940	-3
941	-3
942	-2
943	-2
944	-3
945	-1
946	-2
947	-3
948	-3
949	-3
950	-2
951	-3
952	-2
953	-2
954	-4
955	-2
956	-4
957	-2
958	-3
959	-1
960	-3
961	-3
962	-4
963	-3
964	-4
965	-3
966	-3
967	-4
968	-4
969	-3
970	-3
971	-4
972	-3
973	-2
974	-6
975	-2
976	-3
977	-2
978	-3
979	-2
980	-4
981	0
982	-3
983	-1
984	-3
985	-1
986	-1
987	-1
988	-1
989	-1
990	-2
991	-1
992	-1
993	-2
994	-2
995	-1
996	-1
997	-1
998	-3
999	-2
1000	-3
1001	-1
1002	-3
1003	0
1004	-2
1005	-2
1006	-3
1007	-3
1008	-2
1009	-2
1010	-3
1011	-3
1012	-3
1013	-3
1014	-3
1015	-2
1016	-2
1017	-2
1018	-3
1019	-3
1020	-3
1021	-3
1022	-3
1023	-2
1024	-2
1025	-2
1026	-2
1027	-4
1028	-3
1029	-3
1030	-3
1031	-2
1032	-4
1033	-3
1034	-3
1035	-4
1036	-2
1037	-2
1038	-2
1039	-2
1040	-3
1041	-3
1042	-3
1043	-2
1044	0
1045	-2
1046	0
1047	-2
1048	-2
1049	-2
1050	-3
1051	-4
1052	-3
1053	-3
1054	-3
1055	-2
1056	-1
1057	-1
1058	-3
1059	-2
1060	-4
1061	-1
1062	-3
1063	-1
1064	-3
1065	-1
1066	-4
1067	-2
1068	-3
1069	-2
1070	-3
1071	-2
1072	-3
1073	-1
1074	-2
1075	-2
1076	-3
1077	-1
1078	-2
1079	-2
1080	-2
1081	-2
1082	-3
1083	-2
1084	-2
1085	-2
1086	-3
1087	-1
1088	-3
1089	-3
1090	-2
1091	-2
1092	-1
1093	-2
1094	-2
1095	-2
1096	-2
1097	0
1098	-2
1099	-1
1100	-2
1101	-1
1102	-2
1103	-1
1104	-1
1105	-1
1106	-1
1107	-2
1108	-1
1109	-1
1110	-1
1111	-2
1112	-2
1113	-1
1114	-2
1115	-2
1116	-2
1117	-1
1118	-2
1119	-1
1120	-4
1121	-2
1122	-2
1123	-1
1124	-2
1125	-1
1126	-2
1127	-1
1128	-2
1129	-2
1130	-2
1131	-2
1132	-2
1133	-2
1134	-2
1135	-2
1136	-1
1137	-2
1138	-2
1139	-2
1140	-3
1141	-2
1142	-3
1143	-2
1144	-2
1145	-2
1146	-3
1147	-2
1148	-2
1149	-2
1150	-1
1151	-2
1152	-3
1153	-1
1154	-2
1155	-1
1156	-2
1157	-1
1158	-2
1159	-2
1160	-1
1161	0
1162	-2
1163	0
1164	-1
1165	-1
1166	-2
1167	-1
1168	-2
1169	0
1170	-2
1171	0
1172	-1
1173	-1
1174	0
1175	-2
1176	-1
1177	-2
1178	-2
1179	-1
1180	-1
1181	-2
1182	-2
1183	-2
1184	-3
1185	-1
1186	-2
1187	-2
1188	-2
1189	-2
1190	-1
1191	-2
1192	-2
1193	-1
1194	-2
1195	-1
1196	-1
1197	-1
1198	-1
1199	0
1200	0
1201	0
1202	-1
1203	-1
1204	-1
1205	-1
1206	-1
1207	-1
1208	-2
1209	-1
1210	0
1211	0
1212	-2
1213	-1
1214	0
1215	-1
1216	0
1217	0
1218	0
1219	-1
1220	-2
1221	-1
1222	-1
1223	-1
1224	-1
1225	-1
1226	-1
1227	-1
1228	-1
1229	-1
1230	-2
1231	-1
1232	-1
1233	-1
1234	-3
1235	-1
1236	-1
1237	-1
1238	-1
1239	-1
1240	-1
1241	-2
1242	-1
1243	-1
1244	-2
1245	-2
1246	-2
1247	-1
1248	-2
1249	-2
1250	-2
1251	-1
1252	-2
1253	-2
1254	-3
1255	-1
1256	-3
1257	-2
1258	-3
1259	-3
1260	-3
1261	-2
1262	-2
1263	-2
1264	-1
1265	-2
1266	-1
1267	-1
1268	-1
1269	-2
1270	-1
1271	-1
1272	-1
1273	0
1274	0
1275	-1
1276	-1
1277	0
1278	-1
1279	-2
1280	-1
1281	-1
1282	0
1283	-1
1284	0
1285	0
1286	0
1287	0
1288	0
1289	0
1290	-2
1291	0
1292	0
1293	0
1294	0
1295	0
1296	0
1297	0
1298	-1
1299	0
1300	-1
1301	-1
1302	0
1303	-1
1304	-1
1305	-2
1306	-2
1307	-1
1308	-2
1309	-2
1310	-2
1311	-1
1312	-1
1313	-2
1314	-1
1315	-2
1316	-1
1317	-1
1318	-3
1319	-1
1320	-2
1321	-1
1322	-2
1323	-1
1324	-2
1325	-2
1326	-1
1327	-1
1328	-1
1329	-1
1330	-2
1331	-1
1332	-1
1333	0
1334	-1
1335	0
1336	-2
1337	-1
1338	-1
1339	-1
1340	0
1341	0
1342	-1
1343	-1
1344	-1
1345	-1
1346	0
1347	0
1348	-1
1349	0
1350	0
1351	0
1352	0
1353	0
1354	-1
1355	-1
1356	-2
1357	0
1358	-1
1359	0
1360	-1
1361	0
1362	0
1363	0
1364	-2
1365	0
1366	-1
1367	0
1368	0
1369	0
1370	0
1371	-1
1372	-1
1373	-1
1374	-1
1375	0
1376	-1
1377	0
1378	0
1379	0
1380	-1
1381	-1
1382	-1
1383	0
1384	-1
1385	-1
1386	-1
1387	-2
1388	0
1389	-1
1390	-2
1391	-1
1392	-2
1393	0
1394	-1
1395	0
1396	-2
1397	0
1398	-1
1399	0
1400	0
1401	0
1402	-1
1403	0
1404	0
1405	0
1406	0
1407	0
1408	0
1409	0
1410	0
1411	0
1412	0
1413	0
1414	0
1415	0
1416	0
1417	0
1418	0
1419	0
1420	-1
1421	1
1422	0
1423	0
1424	1
1425	0
1426	0
1427	1
1428	0
1429	0
1430	0
1431	0
1432	0
1433	0
1434	0
1435	0
1436	0
1437	0
1438	0
1439	0
1440	0
1441	0
1442	-1
1443	0
1444	0
1445	0
1446	0
1447	0
1448	0
1449	0
1450	0
1451	0
1452	0
1453	0
1454	0
1455	-1
1456	0
1457	0
1458	0
1459	0
1460	0
1461	0
1462	0
1463	0
1464	0
1465	0
1466	0
1467	0
1468	0
1469	0
1470	0
1471	0
1472	0
1473	0
1474	0
1475	0
1476	0
1477	0
1478	0
1479	0
1480	0
1481	0
1482	0
1483	0
1484	0
1485	0
1486	0
1487	0
1488	-1
1489	0
1490	-2
1491	0
1492	-1
1493	0
1494	0
1495	0
1496	-1
1497	0
1498	0
1499	0
1500	0
1501	0
1502	0
1503	0
1504	0
1505	0
1506	0
1507	0
1508	0
1509	0
1510	0
1511	0
1512	0
1513	0
1514	0
1515	0
1516	-1
1517	0
1518	0
1519	0
1520	-1
1521	-1
1522	0
1523	-1
1524	-1
1525	0
1526	-1
1527	0
1528	-1
1529	0
1530	-1
1531	0
1532	-1
1533	-1
1534	0
1535	0
1536	0
1537	0
1538	0
1539	0
1540	0
1541	0
1542	-1
1543	0
1544	0
1545	0
1546	0
1547	0
1548	-1
1549	0
1550	0
1551	0
1552	0
1553	0
1554	0
1555	0
1556	0
1557	0
1558	0
1559	0
1560	-1
1561	0
1562	0
1563	0
1564	-1
1565	0
1566	-1
1567	0
1568	0
1569	-1
1570	-2
1571	-1
1572	-1
1573	0
1574	-1
1575	-1
1576	-1
1577	0
1578	0
1579	0
1580	0
1581	0
1582	0
1583	0
1584	0
1585	0
1586	0
1587	0
1588	0
1589	0
1590	0
1591	0
1592	0
1593	0
1594	0
1595	0
1596	0
1597	0
1598	0
1599	0
1600	-1
1601	0
1602	0
1603	0
1604	0
1605	0
1606	0
1607	0
1608	0
1609	-1
1610	0
1611	-1
1612	0
1613	0
1614	-1
1615	-1
1616	0
1617	-1
1618	0
1619	-1
1620	-1
1621	-1
1622	-1
1623	0
1624	0
1625	0
1626	0
1627	0
1628	0
1629	0
1630	0
1631	0
1632	0
1633	0
1634	-1
1635	0
1636	0
1637	0
1638	0
1639	0
1640	0
1641	0
1642	0
1643	0
1644	0
1645	0
1646	0
1647	0
1648	0
1649	0
1650	0
1651	0
1652	0
1653	0
1654	0
1655	0
1656	0
1657	0
1658	0
1659	0
1660	0
1661	0
1662	-1
1663	0
1664	0
1665	0
1666	-2
1667	-1
1668	-1
1669	0
1670	-1
1671	-1
1672	-2
1673	0
1674	-1
1675	-1
1676	-2
1677	0
1678	-1
1679	0
1680	-1
1681	0
1682	0
1683	0
1684	0
1685	0
1686	0
1687	0
1688	0
1689	0
1690	0
1691	0
1692	0
1693	0
1694	0
1695	0
1696	0
1697	0
1698	0
1699	0
1700	0
1701	0
1702	0
1703	0
1704	-1
1705	0
1706	-1
1707	0
1708	-1
1709	0
1710	0
1711	0
1712	0
1713	-1
1714	0
1715	0
1716	0
1717	0
1718	-1
1719	0
1720	0
1721	0
1722	-1
1723	0
1724	-1
1725	0
1726	-1
1727	-2
1728	0
1729	-1
1730	-1
1731	-1
1732	-1
1733	0
1734	-2
1735	-1
1736	-1
1737	0
1738	0
1739	0
1740	-1
1741	0
1742	0
1743	0
1744	0
1745	0
1746	0
1747	0
1748	0
1749	1
1750	0
1751	0
1752	0
1753	0
1754	0
1755	0
1756	0
1757	0
1758	0
1759	0
1760	0
1761	0
1762	0
1763	0
1764	0
1765	0
1766	0
1767	0
1768	0
1769	0
1770	0
1771	-1
1772	0
1773	-1
1774	0
1775	-1
1776	0
1777	0
1778	0
1779	0
1780	0
1781	0
1782	-1
1783	0
1784	0
1785	0
1786	0
1787	0
1788	0
1789	0
1790	0
1791	0
1792	0
1793	0
1794	0
1795	0
1796	0
1797	0
1798	0
1799	0
1800	0
1801	1
1802	0
1803	0
1804	0
1805	0
1806	0
1807	0
1808	0
1809	0
1810	0
1811	0
1812	0
1813	0
1814	0
1815	0
1816	0
1817	0
1818	0
1819	-1
1820	0
1821	-1
1822	-1
1823	0
1824	0
1825	0
1826	0
1827	0
1828	0
1829	0
1830	0
1831	0
1832	0
1833	0
1834	0
1835	0
1836	0
1837	0
1838	0
1839	0
1840	0
1841	0
1842	0
1843	0
1844	0
1845	0
1846	0
1847	0
1848	0
1849	0
1850	0
1851	0
1852	0
1853	0
1854	0
1855	0
1856	0
1857	0
1858	0
1859	0
1860	0
1861	0
1862	0
1863	0
1864	0
1865	0
1866	0
1867	0
1868	0
1869	0
1870	-1
1871	0
1872	0
1873	-1
1874	0
1875	0
1876	0
1877	0
1878	0
1879	0
1880	0
1881	0
1882	0
1883	0
1884	0
1885	0
1886	0
1887	1
1888	0
1889	0
1890	0
1891	0
1892	0
1893	1
1894	0
1895	1
1896	0
1897	1
1898	0
1899	0
1900	0
1901	0
1902	0
1903	0
1904	0
1905	0
1906	0
1907	0
1908	0
1909	0
1910	0
1911	0
1912	-1
1913	0
1914	0
1915	0
1916	0
1917	0
1918	0
1919	0
1920	-1
1921	0
1922	0
1923	0
1924	0
1925	0
1926	0
1927	0
1928	0
1929	0
1930	-1
1931	0
1932	0
1933	0
1934	-1
1935	0
1936	0
1937	0
1938	0
1939	0
1940	0
1941	0
1942	0
1943	0
1944	0
1945	0
1946	0
1947	0
1948	0
1949	0
1950	0
1951	0
1952	0
1953	0
1954	0
1955	0
1956	0
1957	0
1958	0
1959	0
1960	0
1961	0
1962	1
1963	1
1964	0
1965	0
1966	0
1967	0
1968	0
1969	0
1970	0
1971	1
1972	1
1973	1
1974	1
1975	1
1976	0
1977	1
1978	0
1979	1
1980	0
1981	0
1982	1
1983	1
1984	1
1985	2
1986	1
1987	1
1988	1
1989	1
1990	1
1991	2
1992	0
1993	1
1994	0
1995	1
1996	0
1997	0
1998	0
1999	0
