0	0
1	1
2	0
3	1
4	0
5	0
6	0
7	1
8	0
9	1
10	0
11	1
12	0
13	0
14	0
15	0
16	0
17	0
18	0
19	0
20	0
21	0
22	-1
23	0
24	0
25	0
26	-1
27	0
28	0
29	0
30	-1
31	0
32	0
33	0
34	0
35	0
36	0
37	0
38	0
39	1
40	0
41	1
42	0
43	1
44	0
45	1
46	0
47	0
48	0
49	0
50	0
51	2
52	0
53	1
54	0
55	0
56	0
57	1
58	0
59	0
60	0
61	0
62	0
63	0
64	0
65	0
66	0
67	0
68	0
69	0
70	0
71	0
72	0
73	0
74	0
75	0
76	0
77	0
78	0
79	0
80	0
81	0
82	0
83	0
84	0
85	1
86	0
87	0
88	0
89	0
90	0
91	0
92	0
93	0
94	0
95	1
96	0
97	0
98	0
99	0
100	0
101	0
102	0
103	0
104	0
105	1
106	0
107	0
108	0
109	0
110	0
111	0
112	0
113	0
114	0
115	0
116	0
117	0
118	0
119	0
120	0
121	0
122	-1
123	0
124	0
125	0
126	0
127	0
128	0
129	0
130	0
131	0
132	0
133	0
134	0
135	1
136	0
137	0
138	0
139	0
140	0
141	0
142	0
143	1
144	0
145	0
146	0
147	0
148	0
149	0
150	0
151	0
152	0
153	0
154	0
155	0
156	0
157	0
158	0
159	0
160	0
161	0
162	0
163	0
164	0
165	0
166	0
167	0
168	0
169	0
170	0
171	0
172	0
173	1
174	0
175	0
176	0
177	0
178	1
179	0
180	0
181	0
182	0
183	0
184	0
185	0
186	0
187	0
188	0
189	0
190	0
191	0
192	0
193	0
194	0
195	0
196	0
197	0
198	0
199	0
200	0
201	0
202	0
203	0
204	-1
205	0
206	0
207	1
208	0
209	0
210	0
211	0
212	0
213	0
214	0
215	0
216	0
217	0
218	0
219	0
220	0
221	0
222	0
223	2
224	0
225	1
226	0
227	0
228	0
229	0
230	0
231	0
232	0
233	0
234	0
235	0
236	0
237	0
238	0
239	0
240	0
241	0
242	0
243	0
244	-1
245	0
246	0
247	0
248	0
249	0
250	0
251	0
252	0
253	0
254	0
255	0
256	0
257	0
258	0
259	0
260	0
261	0
262	0
263	1
264	0
265	1
266	0
267	1
268	0
269	1
270	0
271	1
272	0
273	1
274	0
275	0
276	0
277	1
278	0
279	0
280	-1
281	0
282	-1
283	0
284	0
285	0
286	-1
287	0
288	0
289	0
290	-1
291	0
292	0
293	0
294	0
295	0
296	-1
297	0
298	-1
299	0
300	0
301	0
302	0
303	0
304	0
305	0
306	0
307	1
308	0
309	0
310	0
311	0
312	0
313	0
314	1
315	1
316	0
317	0
318	0
319	1
320	0
321	1
322	0
323	0
324	0
325	1
326	0
327	2
328	0
329	0
330	0
331	0
332	0
333	0
334	0
335	0
336	0
337	0
338	0
339	0
340	0
341	0
342	0
343	0
344	0
345	0
346	0
347	0
348	0
349	0
350	0
351	0
352	0
353	0
354	0
355	0
356	0
357	0
358	0
359	0
360	0
361	0
362	0
363	0
364	0
365	1
366	0
367	2
368	0
369	0
370	0
371	0
372	0
373	0
374	0
375	0
376	0
377	0
378	0
379	0
380	0
381	0
382	0
383	0
384	0
385	0
386	0
387	0
388	0
389	0
390	0
391	0
392	0
393	0
394	0
395	1
396	0
397	1
398	0
399	2
400	0
401	0
402	0
403	1
404	0
405	1
406	0
407	0
408	0
409	0
410	0
411	1
412	0
413	0
414	0
415	1
416	0
417	2
418	0
419	1
420	0
421	0
422	0
423	0
424	0
425	0
426	0
427	1
428	0
429	1
430	0
431	0
432	0
433	0
434	0
435	1
436	0
437	2
438	0
439	3
440	1
441	4
442	3
443	6
444	5
445	9
446	10
447	14
448	14
449	18
450	19
451	23
452	25
453	29
454	30
455	34
456	35
457	41
458	40
459	46
460	45
461	52
462	54
463	56
464	58
465	61
466	63
467	66
468	68
469	71
470	70
471	74
472	74
473	76
474	74
475	78
476	78
477	79
478	79
479	82
480	80
481	82
482	80
483	82
484	79
485	82
486	79
487	82
488	78
489	81
490	77
491	79
492	76
493	78
494	74
495	75
496	75
497	76
498	76
499	78
500	62
501	70
502	66
503	66
504	64
505	65
506	61
507	60
508	57
509	57
510	53
511	56
512	51
513	53
514	49
515	50
516	44
517	46
518	42
519	42
520	39
521	39
522	37
523	39
524	34
525	37
526	32
527	34
528	28
529	29
530	26
531	26
532	25
533	25
534	22
535	23
536	21
537	22
538	19
539	22
540	15
541	20
542	13
543	17
544	10
545	14
546	8
547	11
548	8
549	8
550	7
551	7
552	6
553	6
554	5
555	5
556	4
557	5
558	4
559	4
560	2
561	4
562	2
563	3
564	1
565	1
566	1
567	2
568	0
569	1
570	-1
571	0
572	-1
573	0
574	-3
575	0
576	-3
577	0
578	-4
579	-1
580	-4
581	-3
582	-3
583	-2
584	-6
585	-2
586	-4
587	-3
588	-4
589	-2
590	-4
591	-2
592	-4
593	-2
594	-4
595	-1
596	-5
597	-1
598	-4
599	-2
600	-5
601	-2
602	-4
603	-1
604	-4
605	-1
606	-5
607	-2
608	-4
609	-3
610	-4
611	-2
612	-4
613	-2
614	-2
615	-1
616	-4
617	-2
618	-4
619	-2
620	-3
621	-2
622	-4
623	-2
624	-4
625	-2
626	-4
627	-2
628	-4
629	-2
630	-4
631	-1
632	-4
633	-2
634	-4
635	-1
636	-4
637	0
638	-4
639	-1
640	-3
641	-1
642	-1
643	-1
644	-1
645	-1
646	-1
647	-1
648	-3
649	-1
650	-2
651	-2
652	-4
653	-1
654	-3
655	0
656	-3
657	-2
658	-2
659	-1
660	-2
661	0
662	-3
663	0
664	-2
665	-1
666	-2
667	0
668	-1
669	0
670	-2
671	0
672	-1
673	0
674	-2
675	0
676	-2
677	0
678	-1
679	0
680	-1
681	0
682	-1
683	0
684	-1
685	0
686	-1
687	0
688	-1
689	0
690	-1
691	0
692	0
693	0
694	-1
695	0
696	0
697	0
698	-2
699	0
700	0
701	0
702	0
703	0
704	-1
705	-1
706	-1
707	-1
708	0
709	0
710	-2
711	0
712	-2
713	0
714	-3
715	-1
716	-1
717	-1
718	-2
719	-1
720	-2
721	0
722	-2
723	0
724	-1
725	0
726	0
727	0
728	0
729	0
730	-1
731	0
732	-1
733	0
734	-1
735	0
736	-1
737	-1
738	-1
739	0
740	-1
741	0
742	0
743	0
744	0
745	0
746	-1
747	0
748	0
749	0
750	0
751	0
752	0
753	0
754	-1
755	0
756	-1
757	0
758	0
759	0
760	-1
761	0
762	-1
763	0
764	-1
765	0
766	-1
767	0
768	-2
769	-1
770	-2
771	0
772	-1
773	0
774	-2
775	0
776	-3
777	0
778	-2
779	0
780	-1
781	0
782	-2
783	0
784	-1
785	0
786	-1
787	0
788	-1
789	0
790	-1
791	0
792	-3
793	0
794	0
795	0
796	0
797	0
798	0
799	0
800	-1
801	0
802	0
803	0
804	-1
805	0
806	-1
807	0
808	-1
809	0
810	-1
811	0
812	-2
813	0
814	-1
815	0
816	-1
817	0
818	-1
819	0
820	-1
821	0
822	-2
823	0
824	-2
825	-1
826	-1
827	0
828	-2
829	0
830	-2
831	0
832	0
833	0
834	-2
835	0
836	-2
837	0
838	-1
839	0
840	-1
841	0
842	-2
843	0
844	0
845	0
846	0
847	1
848	0
849	1
850	0
851	0
852	0
853	0
854	0
855	1
856	0
857	1
858	0
859	1
860	0
861	0
862	0
863	0
864	0
865	0
866	0
867	0
868	0
869	0
870	0
871	1
872	0
873	0
874	0
875	1
876	0
877	0
878	0
879	0
880	0
881	0
882	0
883	0
884	0
885	0
886	0
887	1
888	0
889	0
890	0
891	1
892	0
893	2
894	0
895	2
896	0
897	1
898	0
899	1
900	0
901	1
902	1
903	1
904	0
905	2
906	1
907	1
908	0
909	1
910	0
911	1
912	1
913	1
914	0
915	1
916	0
917	1
918	1
919	0
920	0
921	1
922	0
923	1
924	0
925	1
926	0
927	0
928	0
929	0
930	0
931	1
932	0
933	0
934	0
935	0
936	-1
937	0
938	-1
939	0
940	0
941	0
942	-1
943	0
944	-1
945	0
946	-1
947	0
948	-1
949	0
950	-1
951	0
952	-2
953	0
954	-1
955	0
956	-1
957	0
958	-2
959	0
960	-2
961	0
962	-2
963	-1
964	-2
965	0
966	0
967	-1
968	-1
969	0
970	-1
971	0
972	-1
973	0
974	-1
975	0
976	0
977	0
978	0
979	0
980	0
981	0
982	-1
983	0
984	0
985	0
986	-1
987	0
988	0
989	0
990	0
991	0
992	0
993	0
994	0
995	0
996	-1
997	0
998	0
999	0
1000	-1
1001	0
1002	-1
1003	-1
1004	-1
1005	-2
1006	-1
1007	-1
1008	-2
1009	-1
1010	-3
1011	0
1012	-1
1013	-1
1014	-1
1015	-1
1016	-2
1017	-1
1018	-2
1019	0
1020	-3
1021	-1
1022	-2
1023	0
1024	-2
1025	-1
1026	-1
1027	0
1028	0
1029	-1
1030	-2
1031	-1
1032	-2
1033	0
1034	-1
1035	0
1036	-2
1037	0
1038	-1
1039	-1
1040	-1
1041	-1
1042	-1
1043	0
1044	-1
1045	-1
1046	-1
1047	-1
1048	-1
1049	0
1050	0
1051	0
1052	-1
1053	0
1054	-2
1055	-1
1056	-2
1057	-1
1058	-1
1059	-1
1060	-1
1061	-1
1062	-2
1063	0
1064	-2
1065	-1
1066	-1
1067	0
1068	-2
1069	0
1070	-2
1071	-1
1072	-2
1073	-1
1074	-2
1075	0
1076	-2
1077	0
1078	-2
1079	0
1080	-2
1081	0
1082	-2
1083	0
1084	-1
1085	0
1086	-1
1087	0
1088	-2
1089	-1
1090	-3
1091	0
1092	-2
1093	-1
1094	-1
1095	0
1096	-1
1097	0
1098	-2
1099	0
1100	0
1101	0
1102	0
1103	-1
1104	0
1105	-1
1106	0
1107	0
1108	-1
1109	0
1110	0
1111	0
1112	0
1113	0
1114	0
1115	0
1116	0
1117	0
1118	0
1119	0
1120	0
1121	0
1122	0
1123	0
1124	-1
1125	0
1126	-2
1127	0
1128	0
1129	0
1130	0
1131	0
1132	-2
1133	0
1134	-1
1135	0
1136	-1
1137	1
1138	0
1139	2
1140	0
1141	1
1142	0
1143	0
1144	0
1145	1
1146	0
1147	1
1148	0
1149	2
1150	0
1151	1
1152	0
1153	2
1154	0
1155	1
1156	0
1157	0
1158	0
1159	1
1160	0
1161	1
1162	0
1163	1
1164	0
1165	1
1166	0
1167	2
1168	0
1169	1
1170	0
1171	1
1172	1
1173	1
1174	1
1175	0
1176	0
1177	2
1178	1
1179	1
1180	0
1181	2
1182	1
1183	1
1184	1
1185	1
1186	0
1187	2
1188	0
1189	2
1190	0
1191	1
1192	0
1193	0
1194	0
1195	1
1196	0
1197	1
1198	0
1199	1
1200	0
1201	1
1202	-1
1203	0
1204	0
1205	0
1206	0
1207	0
1208	0
1209	0
1210	-1
1211	0
1212	-1
1213	0
1214	-1
1215	0
1216	-2
1217	0
1218	-2
1219	0
1220	-2
1221	-1
1222	-2
1223	0
1224	-2
1225	0
1226	-2
1227	0
1228	-2
1229	0
1230	-1
1231	0
1232	-2
1233	0
1234	-1
1235	0
1236	-2
1237	0
1238	-1
1239	0
1240	-2
1241	0
1242	-2
1243	0
1244	-1
1245	0
1246	-1
1247	0
1248	-2
1249	0
1250	-1
1251	0
1252	-2
1253	-1
1254	-2
1255	0
1256	-2
1257	-1
1258	-2
1259	-1
1260	-4
1261	-1
1262	-3
1263	-1
1264	-4
1265	-1
1266	-2
1267	-2
1268	-2
1269	-1
1270	-2
1271	-2
1272	-3
1273	-2
1274	-1
1275	0
1276	-1
1277	-1
1278	-1
1279	0
1280	-1
1281	0
1282	-1
1283	0
1284	-1
1285	0
1286	-1
1287	0
1288	-1
1289	0
1290	-1
1291	0
1292	0
1293	0
1294	-1
1295	0
1296	0
1297	0
1298	-1
1299	-1
1300	-2
1301	-2
1302	-2
1303	-1
1304	-2
1305	0
1306	-2
1307	-1
1308	-2
1309	-1
1310	-1
1311	0
1312	-2
1313	-1
1314	-4
1315	-1
1316	-4
1317	0
1318	-2
1319	0
1320	-1
1321	0
1322	-2
1323	0
1324	-1
1325	0
1326	-1
1327	0
1328	-1
1329	0
1330	-2
1331	0
1332	-2
1333	0
1334	-2
1335	0
1336	-1
1337	0
1338	-1
1339	0
1340	-2
1341	0
1342	-1
1343	0
1344	-2
1345	0
1346	-3
1347	0
1348	-2
1349	-1
1350	-3
1351	0
1352	-2
1353	0
1354	-3
1355	-1
1356	-3
1357	-2
1358	-3
1359	-2
1360	-3
1361	-1
1362	-2
1363	0
1364	-1
1365	0
1366	-1
1367	0
1368	-1
1369	0
1370	-1
1371	0
1372	0
1373	0
1374	0
1375	0
1376	0
1377	0
1378	-1
1379	0
1380	-1
1381	0
1382	-1
1383	0
1384	0
1385	0
1386	-1
1387	0
1388	0
1389	0
1390	-1
1391	0
1392	-2
1393	0
1394	-3
1395	0
1396	-2
1397	-1
1398	-3
1399	0
1400	-1
1401	0
1402	-2
1403	0
1404	-1
1405	0
1406	-1
1407	0
1408	-1
1409	0
1410	-1
1411	0
1412	-2
1413	0
1414	-1
1415	0
1416	-1
1417	0
1418	0
1419	0
1420	0
1421	0
1422	0
1423	0
1424	-1
1425	0
1426	0
1427	0
1428	0
1429	0
1430	0
1431	0
1432	0
1433	0
1434	0
1435	0
1436	0
1437	0
1438	0
1439	1
1440	-1
1441	1
1442	0
1443	0
1444	0
1445	0
1446	0
1447	0
1448	0
1449	0
1450	0
1451	1
1452	0
1453	0
1454	0
1455	0
1456	0
1457	1
1458	0
1459	0
1460	-1
1461	0
1462	0
1463	1
1464	0
1465	0
1466	0
1467	0
1468	0
1469	0
1470	0
1471	0
1472	0
1473	0
1474	-1
1475	0
1476	-1
1477	0
1478	0
1479	0
1480	0
1481	0
1482	0
1483	0
1484	-1
1485	0
1486	-1
1487	0
1488	-1
1489	0
1490	-1
1491	0
1492	0
1493	0
1494	-1
1495	0
1496	-1
1497	1
1498	0
1499	0
1500	0
1501	0
1502	-1
1503	0
1504	0
1505	0
1506	0
1507	0
1508	0
1509	0
1510	-1
1511	0
1512	-1
1513	0
1514	-1
1515	0
1516	0
1517	0
1518	-1
1519	0
1520	-1
1521	-1
1522	-1
1523	-1
1524	-3
1525	-1
1526	-2
1527	-1
1528	-2
1529	0
1530	-3
1531	-1
1532	-3
1533	-1
1534	-3
1535	-1
1536	-2
1537	-1
1538	-2
1539	0
1540	-2
1541	-1
1542	-1
1543	0
1544	0
1545	0
1546	-1
1547	0
1548	-1
1549	0
1550	-1
1551	0
1552	0
1553	0
1554	0
1555	0
1556	-1
1557	0
1558	-1
1559	0
1560	-1
1561	0
1562	-1
1563	0
1564	0
1565	0
1566	-1
1567	0
1568	-2
1569	0
1570	-1
1571	0
1572	-1
1573	-1
1574	-1
1575	0
1576	0
1577	0
1578	-1
1579	-1
1580	-1
1581	0
1582	0
1583	0
1584	0
1585	-1
1586	-1
1587	-1
1588	-1
1589	-1
1590	0
1591	0
1592	-1
1593	-1
1594	-1
1595	0
1596	-2
1597	0
1598	-1
1599	0
1600	-1
1601	0
1602	0
1603	0
1604	0
1605	0
1606	0
1607	0
1608	-1
1609	0
1610	-1
1611	0
1612	-1
1613	0
1614	-1
1615	0
1616	0
1617	0
1618	-1
1619	0
1620	0
1621	0
1622	0
1623	0
1624	-1
1625	0
1626	-2
1627	0
1628	0
1629	-1
1630	-1
1631	0
1632	-1
1633	0
1634	0
1635	0
1636	-2
1637	0
1638	-1
1639	0
1640	-1
1641	0
1642	0
1643	0
1644	-1
1645	0
1646	-1
1647	0
1648	-1
1649	0
1650	-1
1651	-1
1652	-2
1653	0
1654	-1
1655	0
1656	-1
1657	0
1658	-1
1659	0
1660	0
1661	0
1662	0
1663	0
1664	-1
1665	0
1666	-1
1667	0
1668	0
1669	0
1670	0
1671	0
1672	0
1673	0
1674	0
1675	0
1676	0
1677	0
1678	0
1679	0
1680	0
1681	0
1682	0
1683	0
1684	0
1685	0
1686	-2
1687	0
1688	0
1689	0
1690	-1
1691	0
1692	-1
1693	-1
1694	-1
1695	-1
1696	-1
1697	0
1698	0
1699	-1
1700	-2
1701	0
1702	-1
1703	-1
1704	-1
1705	-1
1706	0
1707	-1
1708	-1
1709	0
1710	-1
1711	0
1712	0
1713	0
1714	0
1715	0
1716	-1
1717	-1
1718	0
1719	0
1720	0
1721	0
1722	0
1723	0
1724	0
1725	0
1726	-1
1727	0
1728	-1
1729	0
1730	-1
1731	0
1732	-1
1733	0
1734	-1
1735	0
1736	-2
1737	0
1738	-2
1739	-1
1740	-3
1741	-1
1742	-2
1743	-1
1744	-2
1745	-1
1746	-1
1747	-1
1748	-2
1749	-1
1750	-2
1751	0
1752	-1
1753	-1
1754	-2
1755	-1
1756	-1
1757	0
1758	0
1759	0
1760	-1
1761	0
1762	0
1763	0
1764	0
1765	0
1766	0
1767	0
1768	0
1769	0
1770	0
1771	0
1772	0
1773	0
1774	0
1775	0
1776	-1
1777	0
1778	0
1779	0
1780	0
1781	0
1782	-1
1783	0
1784	-1
1785	0
1786	0
1787	0
1788	0
1789	0
1790	-1
1791	0
1792	-1
1793	0
1794	-1
1795	0
1796	-1
1797	0
1798	-1
1799	0
1800	-1
1801	0
1802	-2
1803	0
1804	-2
1805	0
1806	0
1807	-1
1808	-1
1809	-1
1810	0
1811	0
1812	0
1813	-1
1814	-1
1815	0
1816	-1
1817	0
1818	-1
1819	0
1820	-1
1821	0
1822	-2
1823	0
1824	-1
1825	-1
1826	0
1827	0
1828	-1
1829	0
1830	-1
1831	0
1832	-1
1833	0
1834	-1
1835	-1
1836	0
1837	0
1838	0
1839	0
1840	0
1841	0
1842	-1
1843	0
1844	-1
1845	0
1846	-1
1847	0
1848	0
1849	0
1850	-1
1851	0
1852	-1
1853	0
1854	0
1855	0
1856	0
1857	-1
1858	-1
1859	0
1860	-1
1861	0
1862	0
1863	0
1864	0
1865	0
1866	0
1867	0
1868	0
1869	0
1870	0
1871	0
1872	0
1873	0
1874	0
1875	0
1876	0
1877	0
1878	0
1879	0
1880	-1
1881	0
1882	0
1883	0
1884	0
1885	0
1886	0
1887	0
1888	0
1889	0
1890	0
1891	0
1892	0
1893	0
1894	0
1895	0
1896	0
1897	0
1898	0
1899	0
1900	0
1901	0
1902	0
1903	1
1904	0
1905	1
1906	0
1907	0
1908	0
1909	0
1910	0
1911	1
1912	0
1913	0
1914	0
1915	1
1916	0
1917	0
1918	1
1919	0
1920	0
1921	0
1922	0
1923	1
1924	0
1925	1
1926	0
1927	0
1928	0
1929	1
1930	0
1931	1
1932	0
1933	1
1934	0
1935	0
1936	0
1937	0
1938	0
1939	0
1940	0
1941	0
1942	0
1943	0
1944	0
1945	0
1946	0
1947	0
1948	0
1949	0
1950	0
1951	0
1952	0
1953	0
1954	0
1955	0
1956	0
1957	0
1958	-1
1959	0
1960	0
1961	0
1962	0
1963	0
1964	0
1965	0
1966	0
1967	0
1968	0
1969	0
1970	0
1971	0
1972	0
1973	0
1974	-1
1975	0
1976	0
1977	0
1978	0
1979	0
1980	-1
1981	0
1982	0
1983	0
1984	-1
1985	0
1986	0
1987	0
1988	-1
1989	0
1990	-1
1991	0
1992	0
1993	0
1994	-1
1995	0
1996	-1
1997	0
1998	-2
1999	0
