0	0
1	0
2	0
3	0
4	0
5	0
6	0
7	0
8	-1
9	0
10	0
11	0
12	0
13	0
14	0
15	0
16	0
17	0
18	0
19	0
20	0
21	1
22	0
23	0
24	0
25	1
26	0
27	1
28	0
29	1
30	0
31	1
32	1
33	0
34	0
35	1
36	0
37	1
38	1
39	1
40	0
41	1
42	1
43	1
44	1
45	1
46	1
47	1
48	0
49	1
50	0
51	1
52	0
53	0
54	-1
55	0
56	-1
57	0
58	0
59	-1
60	0
61	0
62	-2
63	0
64	-2
65	0
66	-1
67	-1
68	-1
69	0
70	-1
71	-1
72	-1
73	0
74	0
75	0
76	0
77	0
78	0
79	0
80	0
81	0
82	0
83	0
84	0
85	0
86	0
87	0
88	0
89	0
90	0
91	0
92	0
93	0
94	0
95	0
96	0
97	0
98	0
99	0
100	0
101	0
102	0
103	0
104	0
105	0
106	0
107	0
108	-1
109	0
110	0
111	0
112	-1
113	0
114	0
115	0
116	0
117	0
118	0
119	0
120	0
121	1
122	0
123	0
124	0
125	1
126	0
127	1
128	0
129	1
130	0
131	1
132	0
133	1
134	1
135	1
136	1
137	2
138	0
139	1
140	0
141	1
142	0
143	1
144	0
145	1
146	0
147	0
148	0
149	0
150	0
151	0
152	0
153	0
154	-1
155	1
156	0
157	0
158	0
159	0
160	0
161	0
162	0
163	0
164	0
165	0
166	0
167	0
168	0
169	0
170	0
171	0
172	0
173	0
174	0
175	0
176	0
177	1
178	0
179	0
180	0
181	0
182	0
183	0
184	0
185	0
186	0
187	0
188	0
189	0
190	-1
191	0
192	0
193	0
194	0
195	0
196	0
197	0
198	-1
199	0
200	0
201	0
202	0
203	0
204	0
205	0
206	0
207	0
208	0
209	0
210	0
211	0
212	0
213	0
214	0
215	0
216	0
217	0
218	0
219	0
220	0
221	0
222	0
223	0
224	0
225	1
226	0
227	1
228	0
229	0
230	0
231	1
232	0
233	1
234	0
235	1
236	0
237	0
238	0
239	0
240	0
241	0
242	0
243	0
244	0
245	0
246	0
247	1
248	0
249	0
250	0
251	1
252	0
253	1
254	0
255	0
256	0
257	0
258	0
259	0
260	0
261	0
262	0
263	0
264	0
265	0
266	0
267	0
268	0
269	0
270	0
271	0
272	0
273	0
274	0
275	0
276	0
277	0
278	0
279	0
280	0
281	0
282	0
283	0
284	0
285	0
286	0
287	0
288	0
289	0
290	0
291	0
292	0
293	0
294	0
295	0
296	0
297	0
298	-1
299	0
300	0
301	0
302	0
303	0
304	0
305	0
306	0
307	0
308	0
309	0
310	0
311	0
312	0
313	0
314	0
315	1
316	0
317	0
318	0
319	1
320	0
321	0
322	0
323	0
324	0
325	0
326	0
327	0
328	0
329	0
330	0
331	0
332	0
333	0
334	0
335	0
336	0
337	0
338	0
339	0
340	0
341	0
342	0
343	0
344	0
345	1
346	0
347	1
348	0
349	0
350	0
351	0
352	0
353	0
354	0
355	0
356	0
357	0
358	0
359	0
360	0
361	0
362	0
363	0
364	0
365	0
366	0
367	0
368	0
369	0
370	0
371	0
372	0
373	0
374	0
375	0
376	0
377	0
378	0
379	1
380	0
381	0
382	0
383	1
384	0
385	1
386	0
387	0
388	1
389	1
390	0
391	1
392	0
393	0
394	0
395	0
396	0
397	1
398	0
399	0
400	0
401	0
402	0
403	0
404	0
405	0
406	0
407	0
408	0
409	0
410	0
411	0
412	-1
413	0
414	-1
415	0
416	-1
417	-1
418	-1
419	0
420	-1
421	0
422	-1
423	0
424	-1
425	0
426	0
427	0
428	0
429	0
430	0
431	0
432	0
433	0
434	0
435	0
436	0
437	0
438	0
439	1
440	0
441	0
442	0
443	2
444	2
445	2
446	3
447	5
448	7
449	10
450	10
451	13
452	17
453	20
454	20
455	25
456	26
457	30
458	32
459	38
460	39
461	44
462	45
463	50
464	52
465	55
466	57
467	60
468	62
469	65
470	66
471	69
472	70
473	71
474	73
475	73
476	74
477	76
478	74
479	78
480	78
481	78
482	77
483	79
484	78
485	80
486	78
487	81
488	78
489	79
490	76
491	79
492	74
493	75
494	73
495	74
496	74
497	75
498	75
499	78
500	62
501	69
502	66
503	66
504	65
505	66
506	61
507	62
508	58
509	59
510	56
511	56
512	54
513	54
514	53
515	52
516	47
517	49
518	45
519	46
520	44
521	43
522	41
523	41
524	39
525	38
526	36
527	35
528	30
529	32
530	29
531	29
532	28
533	27
534	26
535	25
536	24
537	23
538	21
539	22
540	18
541	19
542	15
543	16
544	15
545	15
546	11
547	12
548	9
549	11
550	9
551	10
552	8
553	8
554	6
555	6
556	5
557	5
558	5
559	5
560	3
561	4
562	1
563	2
564	0
565	1
566	0
567	0
568	0
569	1
570	0
571	0
572	0
573	1
574	-1
575	0
576	-1
577	0
578	-2
579	-1
580	-3
581	-2
582	-4
583	-1
584	-3
585	-3
586	-3
587	-2
588	-3
589	-2
590	-4
591	-2
592	-3
593	-2
594	-4
595	-1
596	-3
597	-3
598	-5
599	-2
600	-3
601	-2
602	-3
603	-2
604	-3
605	-2
606	-4
607	-3
608	-4
609	-1
610	-4
611	-1
612	-3
613	-2
614	-3
615	-2
616	-3
617	-3
618	-3
619	-1
620	-4
621	-2
622	-3
623	-2
624	-5
625	-2
626	-3
627	-4
628	-4
629	-4
630	-3
631	-3
632	-2
633	-1
634	-2
635	-1
636	-2
637	-2
638	-2
639	-2
640	-2
641	-1
642	-1
643	0
644	0
645	0
646	-1
647	0
648	0
649	0
650	0
651	-1
652	0
653	-1
654	0
655	0
656	-2
657	0
658	0
659	0
660	-1
661	0
662	-1
663	0
664	-2
665	-1
666	-1
667	-1
668	-2
669	-2
670	-1
671	-1
672	-3
673	-1
674	-3
675	-2
676	-2
677	-1
678	-2
679	-1
680	-3
681	-1
682	-2
683	-1
684	-1
685	0
686	-2
687	0
688	-1
689	-1
690	-2
691	-1
692	-1
693	0
694	-1
695	-1
696	-1
697	0
698	-2
699	0
700	0
701	0
702	-2
703	0
704	0
705	0
706	-2
707	-1
708	0
709	0
710	-1
711	0
712	-1
713	0
714	-1
715	0
716	0
717	-1
718	-1
719	0
720	0
721	-1
722	-1
723	0
724	-1
725	0
726	0
727	0
728	0
729	0
730	-1
731	0
732	0
733	0
734	-1
735	0
736	-1
737	0
738	-1
739	-1
740	-2
741	-1
742	-1
743	0
744	-1
745	0
746	0
747	0
748	0
749	-1
750	0
751	-1
752	-1
753	0
754	0
755	0
756	0
757	0
758	0
759	0
760	0
761	0
762	0
763	0
764	0
765	0
766	1
767	0
768	0
769	0
770	0
771	0
772	0
773	0
774	0
775	0
776	0
777	0
778	1
779	0
780	0
781	0
782	0
783	0
784	0
785	0
786	0
787	0
788	0
789	0
790	0
791	1
792	0
793	1
794	-1
795	0
796	0
797	0
798	0
799	1
800	0
801	0
802	0
803	0
804	0
805	0
806	0
807	0
808	0
809	0
810	0
811	0
812	0
813	0
814	0
815	0
816	0
817	0
818	-1
819	0
820	0
821	0
822	-1
823	0
824	-1
825	0
826	0
827	0
828	-1
829	0
830	-1
831	-1
832	-1
833	-1
834	-3
835	-1
836	-2
837	-1
838	-1
839	-2
840	-1
841	-2
842	-2
843	-2
844	-3
845	-1
846	-1
847	-2
848	-3
849	-1
850	-2
851	-2
852	-1
853	-1
854	-1
855	0
856	-1
857	0
858	-2
859	0
860	-1
861	0
862	-1
863	0
864	-2
865	-1
866	-2
867	-1
868	-1
869	-2
870	-1
871	-2
872	-2
873	-2
874	-2
875	-1
876	-1
877	0
878	-3
879	-1
880	-2
881	-1
882	-2
883	-1
884	-2
885	-1
886	-1
887	-1
888	-1
889	-1
890	0
891	0
892	-2
893	0
894	-1
895	0
896	-1
897	0
898	0
899	0
900	0
901	0
902	-1
903	0
904	-1
905	0
906	-1
907	0
908	-1
909	0
910	-1
911	0
912	0
913	0
914	-1
915	0
916	0
917	0
918	0
919	0
920	-2
921	0
922	-1
923	0
924	-2
925	-1
926	-3
927	-1
928	-1
929	0
930	-2
931	-1
932	-2
933	-1
934	-1
935	-1
936	-2
937	-1
938	-1
939	-1
940	-1
941	-1
942	-2
943	0
944	-1
945	-1
946	0
947	-1
948	-2
949	-1
950	-2
951	0
952	-1
953	0
954	-1
955	0
956	-1
957	0
958	-1
959	-1
960	0
961	-1
962	-2
963	0
964	-1
965	0
966	-1
967	0
968	-1
969	0
970	0
971	-1
972	-2
973	-1
974	-1
975	-1
976	-1
977	-1
978	-2
979	-1
980	-2
981	-1
982	-1
983	-1
984	-1
985	-1
986	-2
987	0
988	-1
989	0
990	-1
991	-1
992	-1
993	0
994	-3
995	-1
996	-2
997	-2
998	-2
999	-1
1000	-2
1001	-1
1002	-2
1003	-1
1004	-2
1005	-1
1006	-2
1007	-2
1008	-1
1009	-1
1010	-2
1011	-2
1012	-2
1013	0
1014	-2
1015	-1
1016	-2
1017	0
1018	-1
1019	-1
1020	-2
1021	-1
1022	-2
1023	0
1024	0
1025	0
1026	0
1027	0
1028	0
1029	0
1030	0
1031	0
1032	0
1033	0
1034	-1
1035	-1
1036	-1
1037	0
1038	0
1039	0
1040	0
1041	-1
1042	0
1043	-1
1044	-1
1045	0
1046	0
1047	-1
1048	-2
1049	0
1050	-2
1051	0
1052	-3
1053	-1
1054	-3
1055	-1
1056	-2
1057	-1
1058	-2
1059	-1
1060	-3
1061	0
1062	-2
1063	0
1064	-2
1065	0
1066	-2
1067	0
1068	-2
1069	0
1070	-1
1071	0
1072	-1
1073	0
1074	-1
1075	0
1076	-1
1077	0
1078	-1
1079	-1
1080	-1
1081	0
1082	-1
1083	0
1084	-1
1085	0
1086	-2
1087	0
1088	0
1089	0
1090	0
1091	0
1092	-1
1093	0
1094	-2
1095	0
1096	0
1097	0
1098	-2
1099	0
1100	-2
1101	-1
1102	-2
1103	0
1104	-1
1105	-2
1106	-1
1107	-2
1108	-3
1109	-1
1110	-2
1111	0
1112	-2
1113	-1
1114	-2
1115	0
1116	-1
1117	0
1118	0
1119	-1
1120	0
1121	-1
1122	-1
1123	0
1124	0
1125	0
1126	-1
1127	0
1128	-1
1129	-1
1130	-1
1131	0
1132	-2
1133	0
1134	-1
1135	0
1136	-2
1137	0
1138	-1
1139	-1
1140	-2
1141	0
1142	-1
1143	0
1144	-1
1145	0
1146	0
1147	0
1148	0
1149	0
1150	0
1151	0
1152	-1
1153	0
1154	-1
1155	0
1156	-2
1157	0
1158	-1
1159	0
1160	-1
1161	0
1162	0
1163	-1
1164	-1
1165	-1
1166	-1
1167	0
1168	0
1169	-1
1170	-2
1171	-1
1172	0
1173	-1
1174	0
1175	0
1176	-1
1177	-1
1178	-1
1179	-1
1180	-1
1181	-1
1182	-2
1183	-2
1184	-1
1185	-1
1186	-1
1187	0
1188	0
1189	0
1190	0
1191	-1
1192	-2
1193	0
1194	-1
1195	0
1196	-1
1197	0
1198	-2
1199	0
1200	0
1201	0
1202	0
1203	0
1204	0
1205	0
1206	-1
1207	0
1208	0
1209	0
1210	0
1211	0
1212	0
1213	0
1214	0
1215	-1
1216	-1
1217	-1
1218	-1
1219	0
1220	0
1221	0
1222	-2
1223	0
1224	-1
1225	-1
1226	-2
1227	-2
1228	-1
1229	-2
1230	-2
1231	-1
1232	-2
1233	-1
1234	-2
1235	0
1236	-1
1237	-1
1238	-1
1239	0
1240	-1
1241	0
1242	0
1243	0
1244	0
1245	0
1246	-1
1247	-1
1248	-1
1249	0
1250	-1
1251	0
1252	0
1253	0
1254	-1
1255	-1
1256	-1
1257	0
1258	0
1259	0
1260	-1
1261	0
1262	0
1263	-1
1264	0
1265	-1
1266	-1
1267	0
1268	-1
1269	-1
1270	-1
1271	-1
1272	-2
1273	0
1274	-1
1275	-1
1276	-1
1277	0
1278	-3
1279	-1
1280	-1
1281	-1
1282	-1
1283	0
1284	-1
1285	-1
1286	0
1287	0
1288	-1
1289	-1
1290	0
1291	0
1292	-1
1293	0
1294	-1
1295	0
1296	-1
1297	0
1298	-2
1299	-1
1300	-1
1301	-2
1302	-1
1303	0
1304	-2
1305	0
1306	-1
1307	-1
1308	-2
1309	0
1310	-1
1311	0
1312	-1
1313	0
1314	-1
1315	0
1316	-1
1317	0
1318	-2
1319	-1
1320	0
1321	0
1322	0
1323	0
1324	0
1325	0
1326	0
1327	0
1328	0
1329	0
1330	0
1331	0
1332	0
1333	1
1334	0
1335	0
1336	0
1337	0
1338	0
1339	0
1340	0
1341	0
1342	0
1343	0
1344	0
1345	0
1346	-1
1347	0
1348	-1
1349	0
1350	-1
1351	0
1352	-1
1353	0
1354	-1
1355	0
1356	-1
1357	0
1358	-1
1359	0
1360	0
1361	0
1362	0
1363	0
1364	0
1365	0
1366	0
1367	0
1368	0
1369	0
1370	0
1371	0
1372	0
1373	0
1374	0
1375	0
1376	1
1377	0
1378	0
1379	1
1380	0
1381	1
1382	0
1383	0
1384	-2
1385	0
1386	0
1387	0
1388	-1
1389	0
1390	0
1391	0
1392	0
1393	0
1394	0
1395	0
1396	0
1397	0
1398	-1
1399	0
1400	0
1401	0
1402	0
1403	0
1404	-1
1405	0
1406	0
1407	-1
1408	0
1409	-1
1410	-1
1411	0
1412	0
1413	0
1414	0
1415	0
1416	0
1417	0
1418	0
1419	0
1420	-1
1421	0
1422	-1
1423	0
1424	-1
1425	0
1426	-1
1427	-1
1428	-1
1429	-1
1430	-2
1431	0
1432	-3
1433	-1
1434	-1
1435	-1
1436	-1
1437	0
1438	0
1439	-1
1440	0
1441	0
1442	0
1443	0
1444	-1
1445	-1
1446	-1
1447	0
1448	-2
1449	-1
1450	-1
1451	0
1452	0
1453	0
1454	-1
1455	0
1456	-1
1457	-1
1458	0
1459	-1
1460	0
1461	0
1462	0
1463	-1
1464	0
1465	0
1466	0
1467	-1
1468	0
1469	0
1470	0
1471	-1
1472	-1
1473	0
1474	-1
1475	-1
1476	-1
1477	-1
1478	-1
1479	-1
1480	-1
1481	-1
1482	-1
1483	-1
1484	-2
1485	-1
1486	-2
1487	-1
1488	-1
1489	-1
1490	-2
1491	0
1492	0
1493	0
1494	-1
1495	-1
1496	-1
1497	-1
1498	0
1499	-1
1500	-1
1501	-2
1502	-3
1503	-1
1504	-1
1505	0
1506	-2
1507	-2
1508	-2
1509	-1
1510	-1
1511	-1
1512	-1
1513	0
1514	-1
1515	-1
1516	-2
1517	-1
1518	-1
1519	0
1520	-2
1521	0
1522	0
1523	0
1524	-1
1525	0
1526	0
1527	-1
1528	0
1529	0
1530	0
1531	-1
1532	0
1533	-1
1534	0
1535	-1
1536	0
1537	0
1538	-1
1539	0
1540	-1
1541	-1
1542	-1
1543	-1
1544	0
1545	0
1546	-1
1547	0
1548	-2
1549	0
1550	-1
1551	0
1552	-2
1553	0
1554	-2
1555	-1
1556	-1
1557	-1
1558	-2
1559	-2
1560	-1
1561	-1
1562	-1
1563	-1
1564	-2
1565	0
1566	-1
1567	-1
1568	-1
1569	-1
1570	0
1571	0
1572	-1
1573	0
1574	0
1575	0
1576	0
1577	0
1578	0
1579	0
1580	0
1581	0
1582	0
1583	0
1584	0
1585	0
1586	0
1587	0
1588	0
1589	0
1590	0
1591	0
1592	0
1593	0
1594	-1
1595	0
1596	0
1597	0
1598	0
1599	0
1600	0
1601	0
1602	0
1603	0
1604	-1
1605	0
1606	-1
1607	-1
1608	0
1609	0
1610	0
1611	0
1612	0
1613	0
1614	-2
1615	0
1616	-1
1617	-1
1618	-1
1619	-1
1620	-2
1621	-1
1622	-2
1623	-2
1624	-1
1625	0
1626	-1
1627	-1
1628	-2
1629	-1
1630	-1
1631	0
1632	-1
1633	0
1634	-1
1635	-1
1636	-1
1637	-1
1638	-1
1639	-2
1640	-1
1641	-1
1642	-1
1643	0
1644	-2
1645	0
1646	0
1647	0
1648	0
1649	0
1650	0
1651	0
1652	0
1653	0
1654	0
1655	0
1656	0
1657	0
1658	-1
1659	0
1660	0
1661	0
1662	0
1663	0
1664	-1
1665	0
1666	-1
1667	0
1668	0
1669	0
1670	0
1671	0
1672	0
1673	0
1674	0
1675	0
1676	0
1677	-1
1678	-1
1679	-2
1680	-2
1681	-1
1682	-1
1683	-2
1684	-2
1685	-1
1686	-2
1687	-1
1688	-2
1689	-1
1690	-3
1691	-2
1692	-1
1693	-1
1694	-1
1695	0
1696	-2
1697	-1
1698	-2
1699	0
1700	0
1701	0
1702	0
1703	0
1704	0
1705	0
1706	0
1707	0
1708	-1
1709	0
1710	0
1711	0
1712	0
1713	0
1714	0
1715	0
1716	0
1717	0
1718	0
1719	0
1720	-1
1721	0
1722	0
1723	0
1724	0
1725	0
1726	0
1727	0
1728	0
1729	0
1730	0
1731	0
1732	-1
1733	0
1734	-1
1735	0
1736	0
1737	0
1738	0
1739	0
1740	-1
1741	0
1742	-2
1743	-1
1744	-1
1745	-1
1746	-2
1747	-1
1748	-1
1749	-1
1750	-2
1751	-1
1752	-1
1753	-1
1754	0
1755	-1
1756	-1
1757	-1
1758	0
1759	0
1760	-2
1761	-2
1762	-3
1763	0
1764	-1
1765	0
1766	-1
1767	0
1768	-2
1769	0
1770	-1
1771	0
1772	-1
1773	0
1774	0
1775	0
1776	0
1777	0
1778	0
1779	0
1780	-1
1781	0
1782	0
1783	0
1784	0
1785	0
1786	0
1787	0
1788	0
1789	0
1790	0
1791	0
1792	0
1793	0
1794	-1
1795	0
1796	-1
1797	0
1798	0
1799	-1
1800	0
1801	-1
1802	-1
1803	0
1804	-1
1805	-1
1806	-1
1807	-1
1808	-2
1809	-1
1810	-1
1811	-1
1812	0
1813	0
1814	-2
1815	-1
1816	0
1817	0
1818	0
1819	0
1820	-1
1821	-1
1822	0
1823	0
1824	-1
1825	0
1826	0
1827	0
1828	0
1829	0
1830	0
1831	0
1832	0
1833	0
1834	0
1835	0
1836	0
1837	0
1838	0
1839	0
1840	0
1841	0
1842	0
1843	0
1844	0
1845	0
1846	0
1847	0
1848	-1
1849	0
1850	0
1851	0
1852	0
1853	0
1854	0
1855	0
1856	0
1857	0
1858	0
1859	0
1860	0
1861	0
1862	0
1863	0
1864	0
1865	0
1866	-1
1867	-1
1868	-2
1869	-1
1870	-1
1871	-1
1872	-2
1873	-2
1874	-1
1875	-1
1876	-1
1877	-1
1878	0
1879	0
1880	0
1881	0
1882	-1
1883	0
1884	0
1885	0
1886	-1
1887	0
1888	-2
1889	0
1890	-1
1891	0
1892	-1
1893	-1
1894	-1
1895	0
1896	-2
1897	0
1898	-1
1899	0
1900	-1
1901	0
1902	-1
1903	-1
1904	-1
1905	0
1906	-1
1907	0
1908	0
1909	0
1910	0
1911	0
1912	0
1913	-1
1914	-1
1915	0
1916	-1
1917	0
1918	-1
1919	0
1920	0
1921	0
1922	-1
1923	0
1924	0
1925	-1
1926	0
1927	-1
1928	-1
1929	0
1930	0
1931	0
1932	0
1933	-1
1934	0
1935	0
1936	0
1937	0
1938	0
1939	0
1940	0
1941	0
1942	0
1943	0
1944	0
1945	0
1946	0
1947	0
1948	0
1949	0
1950	0
1951	0
1952	0
1953	0
1954	0
1955	0
1956	0
1957	0
1958	0
1959	0
1960	0
1961	0
1962	0
1963	0
1964	0
1965	0
1966	0
1967	0
1968	1
1969	1
1970	0
1971	1
1972	1
1973	1
1974	0
1975	1
1976	1
1977	2
1978	1
1979	1
1980	0
1981	1
1982	0
1983	1
1984	0
1985	1
1986	1
1987	1
1988	1
1989	1
1990	1
1991	2
1992	0
1993	1
1994	1
1995	1
1996	1
1997	1
1998	0
1999	1
