0	0
1	2
2	0
3	0
4	0
5	1
6	0
7	1
8	0
9	0
10	0
11	1
12	0
13	1
14	0
15	2
16	1
17	0
18	0
19	0
20	0
21	1
22	0
23	0
24	0
25	1
26	0
27	1
28	0
29	1
30	0
31	1
32	0
33	0
34	0
35	0
36	0
37	0
38	0
39	0
40	0
41	0
42	0
43	1
44	0
45	0
46	0
47	1
48	0
49	1
50	0
51	1
52	0
53	0
54	0
55	0
56	0
57	1
58	0
59	1
60	0
61	1
62	0
63	2
64	1
65	2
66	0
67	1
68	0
69	2
70	1
71	2
72	0
73	1
74	0
75	1
76	0
77	1
78	0
79	2
80	0
81	1
82	1
83	0
84	0
85	1
86	1
87	2
88	0
89	2
90	0
91	2
92	1
93	1
94	1
95	3
96	0
97	1
98	0
99	1
100	1
101	1
102	0
103	2
104	1
105	1
106	0
107	1
108	0
109	0
110	0
111	0
112	0
113	0
114	0
115	0
116	0
117	1
118	0
119	0
120	-1
121	0
122	-1
123	1
124	0
125	0
126	0
127	0
128	0
129	1
130	0
131	1
132	-1
133	0
134	0
135	1
136	0
137	0
138	-1
139	0
140	0
141	0
142	0
143	1
144	0
145	1
146	0
147	0
148	0
149	0
150	0
151	0
152	-1
153	1
154	0
155	0
156	0
157	0
158	0
159	0
160	0
161	0
162	0
163	0
164	0
165	0
166	0
167	1
168	1
169	1
170	1
171	1
172	1
173	0
174	0
175	1
176	0
177	1
178	0
179	1
180	0
181	3
182	2
183	3
184	0
185	2
186	0
187	4
188	1
189	3
190	0
191	2
192	0
193	2
194	1
195	3
196	0
197	2
198	0
199	1
200	0
201	2
202	0
203	0
204	0
205	0
206	0
207	0
208	0
209	1
210	0
211	0
212	0
213	0
214	0
215	0
216	0
217	0
218	0
219	0
220	0
221	0
222	0
223	0
224	0
225	0
226	0
227	1
228	0
229	1
230	0
231	1
232	0
233	1
234	0
235	0
236	0
237	2
238	0
239	1
240	0
241	1
242	0
243	0
244	0
245	1
246	0
247	0
248	0
249	1
250	0
251	2
252	0
253	2
254	0
255	1
256	0
257	1
258	0
259	1
260	0
261	1
262	0
263	1
264	0
265	1
266	0
267	1
268	0
269	0
270	0
271	1
272	0
273	1
274	0
275	2
276	0
277	2
278	1
279	1
280	0
281	2
282	0
283	1
284	1
285	2
286	0
287	1
288	0
289	1
290	0
291	2
292	1
293	1
294	0
295	2
296	0
297	2
298	0
299	2
300	0
301	2
302	0
303	2
304	0
305	2
306	0
307	1
308	0
309	1
310	0
311	1
312	0
313	1
314	2
315	1
316	0
317	1
318	0
319	0
320	1
321	0
322	0
323	1
324	0
325	1
326	0
327	0
328	0
329	0
330	-1
331	0
332	-1
333	0
334	0
335	0
336	0
337	0
338	0
339	1
340	0
341	1
342	1
343	0
344	0
345	1
346	1
347	2
348	1
349	2
350	1
351	2
352	0
353	3
354	1
355	2
356	2
357	2
358	2
359	3
360	2
361	3
362	1
363	2
364	2
365	2
366	1
367	1
368	2
369	1
370	0
371	1
372	0
373	0
374	0
375	0
376	0
377	0
378	0
379	0
380	-1
381	1
382	0
383	0
384	0
385	0
386	0
387	0
388	0
389	0
390	0
391	0
392	0
393	0
394	0
395	0
396	0
397	1
398	0
399	1
400	0
401	1
402	0
403	1
404	0
405	3
406	1
407	2
408	1
409	2
410	1
411	3
412	0
413	1
414	0
415	2
416	0
417	0
418	0
419	2
420	1
421	3
422	0
423	1
424	1
425	1
426	0
427	1
428	3
429	5
430	4
431	8
432	10
433	12
434	15
435	20
436	19
437	25
438	27
439	33
440	34
441	40
442	43
443	50
444	54
445	58
446	62
447	67
448	71
449	77
450	79
451	87
452	89
453	96
454	98
455	105
456	107
457	113
458	115
459	121
460	123
461	128
462	128
463	135
464	134
465	137
466	140
467	143
468	142
469	143
470	143
471	146
472	143
473	144
474	143
475	144
476	142
477	142
478	138
479	136
480	133
481	134
482	129
483	128
484	123
485	121
486	117
487	116
488	112
489	108
490	104
491	103
492	96
493	93
494	90
495	88
496	79
497	78
498	77
499	78
500	62
501	64
502	61
503	62
504	54
505	52
506	48
507	48
508	44
509	41
510	37
511	37
512	33
513	32
514	28
515	27
516	22
517	24
518	19
519	20
520	16
521	15
522	13
523	13
524	9
525	10
526	6
527	7
528	3
529	3
530	1
531	0
532	0
533	0
534	-2
535	-2
536	-4
537	-3
538	-4
539	-5
540	-6
541	-6
542	-9
543	-7
544	-10
545	-10
546	-12
547	-11
548	-14
549	-12
550	-14
551	-13
552	-15
553	-14
554	-15
555	-15
556	-16
557	-15
558	-16
559	-16
560	-16
561	-16
562	-16
563	-16
564	-16
565	-15
566	-16
567	-15
568	-15
569	-15
570	-16
571	-14
572	-16
573	-14
574	-15
575	-13
576	-15
577	-13
578	-14
579	-13
580	-14
581	-12
582	-13
583	-12
584	-13
585	-13
586	-13
587	-13
588	-14
589	-13
590	-14
591	-13
592	-14
593	-14
594	-14
595	-12
596	-14
597	-13
598	-14
599	-14
600	-14
601	-14
602	-14
603	-14
604	-15
605	-13
606	-14
607	-12
608	-15
609	-13
610	-15
611	-14
612	-15
613	-15
614	-15
615	-13
616	-14
617	-14
618	-14
619	-13
620	-12
621	-13
622	-11
623	-11
624	-12
625	-11
626	-12
627	-11
628	-12
629	-10
630	-12
631	-9
632	-11
633	-9
634	-10
635	-7
636	-10
637	-8
638	-9
639	-7
640	-9
641	-6
642	-7
643	-5
644	-7
645	-4
646	-4
647	-4
648	-4
649	-4
650	-5
651	-3
652	-3
653	-2
654	-4
655	-1
656	-2
657	-1
658	-3
659	-1
660	-2
661	-1
662	-2
663	0
664	-1
665	0
666	-1
667	1
668	0
669	0
670	0
671	0
672	0
673	1
674	0
675	0
676	-1
677	0
678	-1
679	0
680	0
681	0
682	0
683	0
684	0
685	0
686	0
687	0
688	0
689	2
690	0
691	0
692	-1
693	0
694	0
695	0
696	0
697	0
698	0
699	0
700	0
701	0
702	-3
703	0
704	-3
705	-1
706	-2
707	-2
708	-3
709	-1
710	-4
711	-2
712	-4
713	-3
714	-4
715	-4
716	-4
717	-4
718	-5
719	-4
720	-5
721	-4
722	-6
723	-4
724	-5
725	-4
726	-4
727	-5
728	-6
729	-5
730	-6
731	-4
732	-6
733	-4
734	-5
735	-4
736	-6
737	-2
738	-4
739	-3
740	-4
741	-4
742	-4
743	-3
744	-4
745	-3
746	-4
747	-1
748	-3
749	0
750	-4
751	-2
752	-2
753	-2
754	-1
755	-2
756	-2
757	-2
758	-2
759	0
760	-4
761	-2
762	-4
763	-3
764	-5
765	-4
766	-4
767	-3
768	-5
769	-4
770	-6
771	-4
772	-7
773	-4
774	-6
775	-4
776	-5
777	-5
778	-5
779	-4
780	-5
781	-4
782	-5
783	-4
784	-4
785	-4
786	-4
787	-2
788	-5
789	-2
790	-2
791	-1
792	-2
793	0
794	-3
795	-1
796	-3
797	-1
798	-3
799	-1
800	-2
801	-2
802	-2
803	-1
804	-3
805	-1
806	-3
807	-2
808	-4
809	-2
810	-5
811	-3
812	-5
813	-4
814	-6
815	-5
816	-5
817	-4
818	-6
819	-3
820	-6
821	-4
822	-6
823	-3
824	-5
825	-5
826	-6
827	-4
828	-4
829	-3
830	-5
831	-3
832	-4
833	-3
834	-5
835	-2
836	-5
837	-3
838	-3
839	-3
840	-5
841	-3
842	-5
843	-3
844	-5
845	-3
846	-4
847	-3
848	-4
849	-2
850	-3
851	-2
852	-4
853	-2
854	-3
855	-2
856	-2
857	-2
858	-3
859	-2
860	-3
861	-2
862	-3
863	-3
864	-4
865	-1
866	-2
867	-2
868	-1
869	-1
870	-3
871	0
872	-2
873	0
874	-2
875	-1
876	-2
877	-2
878	-2
879	-2
880	-3
881	-1
882	-4
883	-1
884	-4
885	-1
886	-3
887	-2
888	-3
889	-2
890	-3
891	-1
892	-3
893	-2
894	-4
895	-2
896	-4
897	-2
898	-4
899	-3
900	-4
901	-2
902	-3
903	-3
904	-6
905	-2
906	-4
907	-2
908	-4
909	-2
910	-4
911	-2
912	-3
913	-1
914	-2
915	-1
916	-2
917	0
918	-1
919	0
920	-2
921	0
922	-2
923	0
924	0
925	0
926	0
927	0
928	-1
929	0
930	-1
931	0
932	0
933	0
934	0
935	0
936	0
937	0
938	-1
939	0
940	0
941	0
942	-1
943	0
944	0
945	0
946	0
947	0
948	0
949	0
950	0
951	0
952	0
953	0
954	0
955	0
956	0
957	0
958	1
959	0
960	-1
961	0
962	-2
963	0
964	0
965	0
966	-1
967	0
968	-2
969	-1
970	-1
971	-1
972	-2
973	-1
974	-3
975	-2
976	-3
977	-3
978	-3
979	-2
980	-3
981	-4
982	-4
983	-2
984	-4
985	-2
986	-5
987	-2
988	-6
989	-2
990	-4
991	-2
992	-3
993	-4
994	-4
995	-1
996	-3
997	-1
998	-4
999	-2
1000	-4
1001	-2
1002	-3
1003	-1
1004	-3
1005	-1
1006	-3
1007	-2
1008	-3
1009	-3
1010	-3
1011	-2
1012	-3
1013	-2
1014	-3
1015	-1
1016	-3
1017	-2
1018	-3
1019	-1
1020	-3
1021	-2
1022	-4
1023	-3
1024	-3
1025	-3
1026	-4
1027	-3
1028	-5
1029	-3
1030	-4
1031	-3
1032	-4
1033	-3
1034	-4
1035	-3
1036	-4
1037	-2
1038	-4
1039	-1
1040	-5
1041	-2
1042	-3
1043	-2
1044	-3
1045	-2
1046	-3
1047	-2
1048	-4
1049	-1
1050	-3
1051	-1
1052	-4
1053	-3
1054	-2
1055	-4
1056	-3
1057	-3
1058	-3
1059	-4
1060	-3
1061	-3
1062	-4
1063	-2
1064	-4
1065	-2
1066	-3
1067	-2
1068	-5
1069	-2
1070	-4
1071	-3
1072	-5
1073	-3
1074	-2
1075	-2
1076	-2
1077	-3
1078	-2
1079	-2
1080	-2
1081	-1
1082	-2
1083	-2
1084	-2
1085	-1
1086	-3
1087	-2
1088	-3
1089	0
1090	-3
1091	0
1092	-3
1093	-1
1094	-2
1095	-1
1096	-3
1097	0
1098	-1
1099	-1
1100	-2
1101	0
1102	-2
1103	0
1104	-3
1105	-1
1106	-3
1107	-1
1108	-4
1109	-2
1110	-3
1111	0
1112	-3
1113	-2
1114	-2
1115	-2
1116	-3
1117	-3
1118	-4
1119	-2
1120	-4
1121	-2
1122	-4
1123	-1
1124	-4
1125	-1
1126	-3
1127	-1
1128	-2
1129	-2
1130	-2
1131	-2
1132	-1
1133	-2
1134	-2
1135	-1
1136	-2
1137	-1
1138	-3
1139	0
1140	-2
1141	0
1142	-3
1143	0
1144	-3
1145	0
1146	-2
1147	0
1148	-2
1149	-1
1150	-2
1151	-2
1152	-2
1153	-1
1154	-2
1155	-1
1156	-2
1157	-1
1158	-3
1159	-2
1160	-2
1161	-2
1162	-2
1163	-2
1164	-2
1165	-1
1166	-1
1167	-1
1168	-2
1169	-1
1170	-2
1171	-1
1172	-1
1173	-1
1174	-2
1175	-1
1176	-1
1177	-1
1178	-3
1179	-1
1180	-2
1181	-1
1182	-2
1183	-1
1184	-1
1185	-2
1186	-2
1187	-1
1188	-2
1189	-1
1190	-4
1191	-2
1192	-4
1193	-2
1194	-4
1195	-2
1196	-4
1197	-2
1198	-4
1199	-2
1200	-4
1201	-2
1202	-4
1203	-2
1204	-2
1205	-2
1206	-2
1207	-1
1208	-2
1209	-1
1210	-2
1211	-1
1212	-3
1213	0
1214	-2
1215	0
1216	-2
1217	0
1218	-1
1219	0
1220	-1
1221	0
1222	-2
1223	0
1224	-2
1225	0
1226	-2
1227	0
1228	-3
1229	0
1230	-2
1231	0
1232	-3
1233	-2
1234	-2
1235	-1
1236	-2
1237	-2
1238	-3
1239	-2
1240	-3
1241	-1
1242	-3
1243	-1
1244	-1
1245	-2
1246	-3
1247	-1
1248	-2
1249	-2
1250	-2
1251	-2
1252	-3
1253	-1
1254	-2
1255	-1
1256	-2
1257	-2
1258	-3
1259	-1
1260	-2
1261	0
1262	-2
1263	0
1264	-1
1265	-1
1266	-3
1267	-1
1268	-2
1269	0
1270	-1
1271	0
1272	-1
1273	0
1274	-1
1275	0
1276	-1
1277	0
1278	-2
1279	0
1280	-1
1281	-1
1282	0
1283	0
1284	0
1285	0
1286	0
1287	0
1288	0
1289	0
1290	0
1291	0
1292	-1
1293	-1
1294	-2
1295	0
1296	-2
1297	-1
1298	-2
1299	-1
1300	-2
1301	-1
1302	-1
1303	-1
1304	-2
1305	-1
1306	-2
1307	-4
1308	-2
1309	-1
1310	-2
1311	-1
1312	-3
1313	-1
1314	-3
1315	-1
1316	-2
1317	-1
1318	-1
1319	-2
1320	-3
1321	0
1322	0
1323	-1
1324	-2
1325	0
1326	-1
1327	0
1328	-2
1329	-1
1330	-2
1331	-1
1332	-1
1333	0
1334	-2
1335	-1
1336	-3
1337	0
1338	-3
1339	0
1340	-2
1341	-1
1342	-2
1343	-2
1344	-2
1345	-2
1346	-2
1347	-1
1348	-2
1349	-1
1350	-2
1351	-2
1352	-4
1353	0
1354	-3
1355	-2
1356	-2
1357	-1
1358	-2
1359	-1
1360	-1
1361	-1
1362	-1
1363	-2
1364	-2
1365	-1
1366	-1
1367	0
1368	0
1369	0
1370	-1
1371	0
1372	0
1373	0
1374	0
1375	0
1376	0
1377	0
1378	0
1379	0
1380	0
1381	0
1382	0
1383	0
1384	0
1385	0
1386	0
1387	0
1388	0
1389	0
1390	0
1391	0
1392	-1
1393	0
1394	0
1395	0
1396	-1
1397	-1
1398	-2
1399	0
1400	-1
1401	0
1402	-2
1403	-2
1404	-3
1405	-1
1406	-2
1407	-1
1408	0
1409	-1
1410	-2
1411	-1
1412	-2
1413	-2
1414	-2
1415	-1
1416	-2
1417	-1
1418	-1
1419	0
1420	-2
1421	-2
1422	-2
1423	-1
1424	-3
1425	-1
1426	-2
1427	-1
1428	-2
1429	-1
1430	-2
1431	-2
1432	-1
1433	-1
1434	-2
1435	-1
1436	-1
1437	0
1438	0
1439	0
1440	0
1441	0
1442	0
1443	-1
1444	-1
1445	-1
1446	-1
1447	-1
1448	-1
1449	0
1450	-1
1451	0
1452	-2
1453	0
1454	-1
1455	0
1456	0
1457	0
1458	-1
1459	0
1460	-1
1461	1
1462	0
1463	0
1464	0
1465	0
1466	0
1467	0
1468	0
1469	0
1470	0
1471	0
1472	0
1473	0
1474	0
1475	0
1476	0
1477	0
1478	0
1479	0
1480	0
1481	0
1482	-1
1483	0
1484	0
1485	0
1486	-1
1487	0
1488	-1
1489	0
1490	-1
1491	0
1492	-1
1493	0
1494	-2
1495	-1
1496	-2
1497	-1
1498	-2
1499	0
1500	-1
1501	0
1502	-2
1503	-2
1504	-1
1505	0
1506	-2
1507	0
1508	-1
1509	0
1510	-1
1511	-1
1512	0
1513	0
1514	-1
1515	0
1516	-2
1517	-1
1518	-1
1519	-1
1520	-2
1521	0
1522	-2
1523	0
1524	-2
1525	0
1526	-2
1527	0
1528	-1
1529	0
1530	-1
1531	0
1532	-1
1533	0
1534	-2
1535	0
1536	-1
1537	0
1538	-1
1539	-1
1540	-2
1541	-1
1542	-1
1543	-1
1544	-1
1545	0
1546	-1
1547	0
1548	-2
1549	-1
1550	-2
1551	-1
1552	-1
1553	0
1554	-1
1555	0
1556	-2
1557	0
1558	-3
1559	-1
1560	-2
1561	0
1562	-1
1563	-1
1564	-1
1565	0
1566	-2
1567	0
1568	-1
1569	0
1570	-1
1571	0
1572	-1
1573	0
1574	0
1575	0
1576	-1
1577	0
1578	0
1579	0
1580	0
1581	0
1582	0
1583	0
1584	0
1585	0
1586	0
1587	0
1588	0
1589	0
1590	0
1591	0
1592	0
1593	0
1594	0
1595	0
1596	0
1597	0
1598	0
1599	0
1600	0
1601	0
1602	0
1603	0
1604	0
1605	0
1606	-1
1607	0
1608	-1
1609	0
1610	-3
1611	0
1612	-2
1613	-1
1614	-2
1615	-1
1616	-2
1617	-1
1618	-2
1619	-2
1620	-2
1621	0
1622	-1
1623	-1
1624	-2
1625	-1
1626	-3
1627	-1
1628	-1
1629	0
1630	-2
1631	0
1632	0
1633	0
1634	-1
1635	0
1636	-1
1637	0
1638	-1
1639	0
1640	0
1641	0
1642	0
1643	-1
1644	0
1645	0
1646	0
1647	0
1648	0
1649	0
1650	0
1651	1
1652	-1
1653	0
1654	0
1655	0
1656	0
1657	0
1658	0
1659	2
1660	0
1661	1
1662	0
1663	1
1664	0
1665	1
1666	0
1667	0
1668	0
1669	2
1670	0
1671	0
1672	0
1673	0
1674	0
1675	0
1676	0
1677	0
1678	0
1679	0
1680	-1
1681	0
1682	0
1683	0
1684	-1
1685	0
1686	0
1687	0
1688	-1
1689	0
1690	-1
1691	0
1692	-2
1693	0
1694	-1
1695	0
1696	-2
1697	0
1698	-1
1699	0
1700	-1
1701	0
1702	-1
1703	0
1704	-1
1705	0
1706	-1
1707	0
1708	-1
1709	0
1710	-1
1711	0
1712	0
1713	0
1714	-1
1715	0
1716	-1
1717	0
1718	0
1719	0
1720	0
1721	0
1722	0
1723	0
1724	0
1725	0
1726	0
1727	0
1728	0
1729	0
1730	0
1731	0
1732	-1
1733	0
1734	0
1735	0
1736	-1
1737	0
1738	0
1739	-1
1740	-1
1741	0
1742	-1
1743	0
1744	-1
1745	-1
1746	0
1747	0
1748	0
1749	1
1750	0
1751	0
1752	0
1753	0
1754	0
1755	0
1756	0
1757	0
1758	0
1759	0
1760	0
1761	0
1762	0
1763	1
1764	0
1765	1
1766	0
1767	0
1768	0
1769	0
1770	0
1771	1
1772	0
1773	0
1774	0
1775	0
1776	-1
1777	0
1778	-1
1779	0
1780	0
1781	0
1782	0
1783	0
1784	0
1785	0
1786	0
1787	0
1788	-1
1789	0
1790	-1
1791	0
1792	-1
1793	0
1794	-1
1795	0
1796	0
1797	0
1798	0
1799	0
1800	-2
1801	0
1802	-1
1803	0
1804	0
1805	0
1806	-1
1807	0
1808	0
1809	0
1810	0
1811	0
1812	0
1813	0
1814	0
1815	0
1816	0
1817	0
1818	-1
1819	0
1820	-1
1821	0
1822	0
1823	0
1824	-1
1825	0
1826	0
1827	0
1828	0
1829	0
1830	0
1831	0
1832	0
1833	0
1834	0
1835	0
1836	-1
1837	0
1838	-1
1839	0
1840	0
1841	0
1842	0
1843	1
1844	0
1845	0
1846	0
1847	1
1848	0
1849	0
1850	0
1851	0
1852	1
1853	0
1854	0
1855	1
1856	0
1857	0
1858	0
1859	0
1860	0
1861	-1
1862	0
1863	0
1864	-1
1865	0
1866	-1
1867	-1
1868	-1
1869	-1
1870	-2
1871	0
1872	-1
1873	0
1874	0
1875	0
1876	-1
1877	0
1878	-1
1879	0
1880	-2
1881	0
1882	-1
1883	0
1884	-1
1885	0
1886	-1
1887	0
1888	0
1889	0
1890	0
1891	0
1892	0
1893	0
1894	0
1895	0
1896	0
1897	0
1898	-1
1899	0
1900	0
1901	0
1902	0
1903	0
1904	0
1905	0
1906	-1
1907	0
1908	0
1909	0
1910	0
1911	0
1912	0
1913	0
1914	-1
1915	0
1916	-2
1917	0
1918	0
1919	-1
1920	0
1921	0
1922	-1
1923	0
1924	-1
1925	-1
1926	-1
1927	0
1928	-2
1929	0
1930	-1
1931	0
1932	0
1933	0
1934	-1
1935	0
1936	0
1937	0
1938	0
1939	0
1940	0
1941	1
1942	0
1943	1
1944	0
1945	1
1946	0
1947	1
1948	0
1949	0
1950	0
1951	1
1952	0
1953	2
1954	0
1955	1
1956	0
1957	0
1958	0
1959	1
1960	0
1961	1
1962	0
1963	0
1964	-1
1965	0
1966	0
1967	0
1968	0
1969	0
1970	0
1971	0
1972	0
1973	0
1974	0
1975	0
1976	0
1977	0
1978	-1
1979	0
1980	0
1981	0
1982	-1
1983	0
1984	-2
1985	0
1986	-1
1987	-2
1988	-2
1989	0
1990	-1
1991	0
1992	-2
1993	-1
1994	-2
1995	-3
1996	-3
1997	-2
1998	-2
1999	-2
