0	1
1	3
2	3
3	2
4	2
5	2
6	2
7	2
8	2
9	2
10	1
11	1
12	0
13	2
14	1
15	2
16	1
17	1
18	0
19	0
20	0
21	0
22	0
23	0
24	0
25	0
26	0
27	0
28	0
29	0
30	0
31	1
32	0
33	2
34	0
35	1
36	0
37	2
38	0
39	0
40	0
41	1
42	0
43	1
44	0
45	0
46	0
47	2
48	0
49	1
50	0
51	1
52	0
53	0
54	0
55	1
56	0
57	0
58	0
59	0
60	0
61	0
62	-1
63	0
64	0
65	1
66	0
67	2
68	0
69	2
70	0
71	0
72	0
73	1
74	0
75	2
76	0
77	2
78	0
79	1
80	0
81	2
82	0
83	0
84	0
85	0
86	0
87	1
88	0
89	1
90	1
91	1
92	1
93	2
94	1
95	2
96	1
97	2
98	1
99	2
100	0
101	2
102	1
103	1
104	1
105	0
106	0
107	2
108	0
109	0
110	0
111	0
112	0
113	0
114	0
115	1
116	0
117	1
118	0
119	0
120	1
121	1
122	0
123	0
124	0
125	1
126	2
127	2
128	1
129	1
130	0
131	1
132	1
133	1
134	0
135	2
136	0
137	1
138	1
139	1
140	0
141	0
142	0
143	0
144	0
145	0
146	0
147	1
148	-1
149	0
150	0
151	0
152	0
153	0
154	-1
155	0
156	0
157	0
158	0
159	0
160	0
161	0
162	-1
163	0
164	0
165	0
166	0
167	2
168	1
169	1
170	1
171	1
172	0
173	0
174	0
175	0
176	0
177	1
178	0
179	1
180	0
181	0
182	0
183	0
184	0
185	1
186	0
187	1
188	0
189	1
190	1
191	1
192	0
193	2
194	1
195	2
196	0
197	2
198	2
199	2
200	0
201	2
202	0
203	2
204	1
205	2
206	0
207	1
208	0
209	1
210	0
211	1
212	0
213	0
214	0
215	1
216	0
217	0
218	0
219	0
220	0
221	0
222	0
223	0
224	0
225	0
226	0
227	1
228	0
229	0
230	0
231	0
232	0
233	0
234	0
235	0
236	0
237	2
238	0
239	0
240	0
241	0
242	0
243	0
244	1
245	0
246	1
247	0
248	0
249	0
250	0
251	0
252	0
253	0
254	0
255	0
256	0
257	0
258	0
259	1
260	0
261	0
262	0
263	0
264	0
265	1
266	0
267	0
268	0
269	1
270	0
271	1
272	0
273	1
274	0
275	1
276	0
277	1
278	1
279	0
280	0
281	2
282	0
283	1
284	0
285	2
286	0
287	1
288	0
289	1
290	0
291	2
292	0
293	1
294	0
295	1
296	0
297	2
298	0
299	0
300	0
301	0
302	0
303	1
304	0
305	1
306	0
307	0
308	0
309	0
310	0
311	0
312	0
313	0
314	0
315	1
316	0
317	1
318	0
319	1
320	0
321	1
322	0
323	0
324	0
325	0
326	0
327	0
328	0
329	0
330	0
331	0
332	0
333	1
334	0
335	1
336	0
337	0
338	0
339	0
340	0
341	0
342	0
343	0
344	0
345	0
346	1
347	1
348	0
349	0
350	1
351	0
352	0
353	0
354	0
355	2
356	1
357	1
358	0
359	0
360	1
361	1
362	0
363	0
364	0
365	0
366	0
367	0
368	0
369	1
370	0
371	1
372	1
373	2
374	0
375	1
376	0
377	1
378	0
379	2
380	1
381	0
382	0
383	0
384	0
385	1
386	0
387	0
388	1
389	0
390	0
391	1
392	1
393	1
394	0
395	1
396	0
397	2
398	0
399	0
400	0
401	2
402	0
403	0
404	1
405	0
406	1
407	1
408	0
409	0
410	0
411	0
412	0
413	0
414	0
415	1
416	0
417	1
418	0
419	0
420	0
421	1
422	0
423	1
424	0
425	2
426	0
427	3
428	1
429	5
430	5
431	8
432	9
433	13
434	13
435	17
436	20
437	25
438	25
439	31
440	32
441	39
442	41
443	45
444	49
445	56
446	57
447	63
448	67
449	71
450	74
451	80
452	82
453	88
454	90
455	96
456	97
457	101
458	106
459	110
460	111
461	115
462	115
463	118
464	119
465	123
466	124
467	127
468	127
469	130
470	127
471	129
472	127
473	129
474	125
475	127
476	125
477	125
478	121
479	122
480	119
481	117
482	113
483	113
484	109
485	110
486	106
487	105
488	100
489	99
490	95
491	96
492	90
493	88
494	85
495	83
496	78
497	78
498	77
499	78
500	62
501	67
502	64
503	62
504	58
505	56
506	51
507	50
508	48
509	45
510	40
511	41
512	37
513	37
514	34
515	34
516	28
517	29
518	23
519	24
520	21
521	21
522	18
523	19
524	14
525	16
526	10
527	11
528	7
529	7
530	6
531	5
532	4
533	3
534	2
535	2
536	-1
537	0
538	-3
539	-1
540	-3
541	-4
542	-4
543	-4
544	-5
545	-6
546	-8
547	-7
548	-9
549	-6
550	-9
551	-9
552	-11
553	-10
554	-11
555	-11
556	-11
557	-11
558	-13
559	-12
560	-12
561	-12
562	-12
563	-12
564	-13
565	-13
566	-13
567	-14
568	-13
569	-13
570	-14
571	-13
572	-14
573	-14
574	-13
575	-14
576	-13
577	-13
578	-12
579	-14
580	-13
581	-14
582	-13
583	-13
584	-12
585	-13
586	-13
587	-12
588	-13
589	-11
590	-12
591	-11
592	-11
593	-11
594	-13
595	-11
596	-11
597	-11
598	-12
599	-12
600	-11
601	-10
602	-11
603	-11
604	-12
605	-9
606	-11
607	-10
608	-11
609	-10
610	-11
611	-8
612	-11
613	-9
614	-9
615	-9
616	-10
617	-9
618	-8
619	-7
620	-9
621	-6
622	-9
623	-6
624	-8
625	-6
626	-6
627	-6
628	-6
629	-5
630	-6
631	-5
632	-6
633	-5
634	-5
635	-4
636	-4
637	-3
638	-4
639	-3
640	-4
641	-4
642	-4
643	-3
644	-4
645	-3
646	-3
647	-1
648	-2
649	-1
650	-2
651	-1
652	-4
653	-1
654	-3
655	-1
656	-4
657	-1
658	-4
659	-1
660	-2
661	-2
662	-4
663	-2
664	-2
665	-1
666	-3
667	-1
668	-3
669	-2
670	-4
671	-1
672	-2
673	-1
674	-2
675	-1
676	-2
677	-1
678	-2
679	-2
680	-1
681	-3
682	-3
683	-1
684	-3
685	-2
686	-2
687	-2
688	-3
689	-1
690	-3
691	-2
692	-3
693	-2
694	-3
695	-2
696	-3
697	-3
698	-4
699	-1
700	-3
701	-1
702	-3
703	-2
704	-3
705	-1
706	-2
707	-1
708	-3
709	-2
710	-3
711	-2
712	-2
713	-4
714	-3
715	-3
716	-3
717	-4
718	-4
719	-2
720	-3
721	-3
722	-4
723	-3
724	-4
725	-4
726	-4
727	-3
728	-4
729	-2
730	-4
731	-2
732	-4
733	-1
734	-2
735	-2
736	-2
737	-1
738	-3
739	-2
740	-2
741	0
742	-1
743	-2
744	-2
745	-1
746	-2
747	-2
748	-2
749	-1
750	-3
751	0
752	-2
753	0
754	-3
755	0
756	0
757	0
758	0
759	-1
760	-1
761	-2
762	-3
763	-1
764	-3
765	-1
766	-4
767	-2
768	-3
769	-2
770	-1
771	-1
772	-2
773	-2
774	-3
775	0
776	-4
777	-1
778	-2
779	-2
780	-2
781	-1
782	-3
783	-2
784	-4
785	-2
786	-2
787	-3
788	-4
789	-4
790	-4
791	-2
792	-5
793	-3
794	-3
795	-3
796	-6
797	-4
798	-5
799	-3
800	-5
801	-4
802	-5
803	-4
804	-5
805	-4
806	-3
807	-5
808	-4
809	-2
810	-4
811	-4
812	-3
813	-3
814	-3
815	-2
816	-2
817	-3
818	-4
819	-3
820	-4
821	-3
822	-4
823	-3
824	-3
825	-2
826	-4
827	-2
828	-3
829	-4
830	-4
831	-3
832	-4
833	-3
834	-5
835	-4
836	-3
837	-3
838	-3
839	-3
840	-4
841	-3
842	-3
843	-3
844	-3
845	-2
846	-3
847	-3
848	-3
849	-2
850	-2
851	-2
852	-4
853	-1
854	-4
855	-2
856	-3
857	-2
858	-4
859	0
860	-2
861	-1
862	-3
863	-1
864	-2
865	0
866	-2
867	0
868	-2
869	0
870	-2
871	1
872	-2
873	0
874	-2
875	0
876	-2
877	-1
878	-2
879	-1
880	-3
881	0
882	-1
883	-1
884	-1
885	-1
886	-2
887	-1
888	-3
889	-1
890	-2
891	-1
892	-1
893	-2
894	-3
895	-2
896	-2
897	-2
898	-3
899	-2
900	-3
901	-3
902	-2
903	-3
904	-4
905	-3
906	-4
907	-3
908	-4
909	-3
910	-3
911	-2
912	-3
913	-3
914	-4
915	-4
916	-3
917	-3
918	-5
919	-4
920	-4
921	-4
922	-4
923	-3
924	-4
925	-4
926	-5
927	-2
928	-5
929	-3
930	-4
931	-2
932	-4
933	-2
934	-3
935	-2
936	-3
937	-1
938	-3
939	-2
940	-3
941	-2
942	-3
943	-2
944	-3
945	-3
946	-1
947	-2
948	-3
949	0
950	-2
951	-1
952	-2
953	-1
954	-2
955	0
956	0
957	0
958	0
959	0
960	0
961	0
962	0
963	0
964	-1
965	0
966	0
967	0
968	1
969	0
970	0
971	1
972	0
973	0
974	0
975	1
976	0
977	2
978	0
979	1
980	1
981	0
982	0
983	0
984	0
985	0
986	0
987	0
988	0
989	0
990	0
991	1
992	0
993	0
994	0
995	1
996	-1
997	0
998	-2
999	0
1000	0
1001	0
1002	0
1003	-1
1004	-1
1005	-2
1006	0
1007	0
1008	-2
1009	-1
1010	-2
1011	-2
1012	-3
1013	-1
1014	-1
1015	-2
1016	-3
1017	-2
1018	-2
1019	-1
1020	-2
1021	-1
1022	-4
1023	-2
1024	-2
1025	0
1026	-3
1027	-2
1028	-2
1029	-2
1030	-1
1031	-1
1032	-1
1033	-2
1034	-3
1035	-2
1036	-2
1037	-1
1038	-2
1039	0
1040	-1
1041	-1
1042	-2
1043	-1
1044	-3
1045	-2
1046	-2
1047	-1
1048	-2
1049	-1
1050	-1
1051	-1
1052	-2
1053	-2
1054	-2
1055	-2
1056	-2
1057	-2
1058	-2
1059	-2
1060	-3
1061	-1
1062	-3
1063	-2
1064	-4
1065	-1
1066	-3
1067	-1
1068	-2
1069	-3
1070	-3
1071	-2
1072	-4
1073	-2
1074	-2
1075	-2
1076	-3
1077	-3
1078	-3
1079	-2
1080	-4
1081	-1
1082	-4
1083	-1
1084	-2
1085	-2
1086	-4
1087	-1
1088	-2
1089	-1
1090	-1
1091	-2
1092	-1
1093	-1
1094	-3
1095	-1
1096	-2
1097	0
1098	0
1099	0
1100	0
1101	0
1102	0
1103	0
1104	-1
1105	0
1106	-1
1107	-1
1108	0
1109	0
1110	0
1111	0
1112	0
1113	-1
1114	-3
1115	-2
1116	-3
1117	-2
1118	-3
1119	-3
1120	-4
1121	-2
1122	-3
1123	-2
1124	-4
1125	-3
1126	-3
1127	-4
1128	-2
1129	-4
1130	-3
1131	-3
1132	-4
1133	-4
1134	-3
1135	-3
1136	-3
1137	-2
1138	-2
1139	-2
1140	-2
1141	-3
1142	-1
1143	-3
1144	-3
1145	-2
1146	-2
1147	0
1148	-2
1149	0
1150	-2
1151	-1
1152	-2
1153	0
1154	-2
1155	0
1156	-2
1157	0
1158	0
1159	0
1160	-1
1161	0
1162	-1
1163	-1
1164	-1
1165	0
1166	0
1167	-1
1168	0
1169	0
1170	-1
1171	0
1172	-2
1173	-1
1174	-1
1175	-2
1176	-1
1177	-2
1178	-1
1179	-2
1180	-3
1181	-2
1182	-4
1183	-3
1184	-3
1185	-2
1186	-2
1187	-2
1188	-2
1189	-1
1190	-3
1191	0
1192	-2
1193	-2
1194	-3
1195	-2
1196	-2
1197	-2
1198	-1
1199	-1
1200	-1
1201	-1
1202	-1
1203	-1
1204	-2
1205	0
1206	-2
1207	-3
1208	-2
1209	-1
1210	-2
1211	-1
1212	-2
1213	0
1214	-1
1215	0
1216	-1
1217	-1
1218	-1
1219	-1
1220	-1
1221	-2
1222	-1
1223	-1
1224	-1
1225	-1
1226	-2
1227	-1
1228	-1
1229	-1
1230	-2
1231	-1
1232	-2
1233	-3
1234	-2
1235	-2
1236	-2
1237	-2
1238	-2
1239	-1
1240	-2
1241	-2
1242	-3
1243	0
1244	-3
1245	-1
1246	-2
1247	-1
1248	-2
1249	-2
1250	-3
1251	0
1252	-2
1253	-2
1254	-1
1255	-2
1256	-1
1257	-1
1258	-2
1259	-1
1260	-2
1261	-2
1262	-1
1263	-1
1264	-2
1265	0
1266	-2
1267	-1
1268	-1
1269	-1
1270	-3
1271	-1
1272	-1
1273	-1
1274	-2
1275	-1
1276	-2
1277	-1
1278	-2
1279	-2
1280	-2
1281	-2
1282	-1
1283	-1
1284	-2
1285	-2
1286	-3
1287	-2
1288	-2
1289	-1
1290	-1
1291	-1
1292	-2
1293	-1
1294	-3
1295	-1
1296	0
1297	-1
1298	-1
1299	-1
1300	0
1301	0
1302	-2
1303	-1
1304	-2
1305	-1
1306	-1
1307	-1
1308	-1
1309	-2
1310	-1
1311	-1
1312	0
1313	-1
1314	-2
1315	-1
1316	0
1317	0
1318	0
1319	0
1320	0
1321	0
1322	0
1323	0
1324	0
1325	0
1326	0
1327	0
1328	0
1329	-1
1330	-1
1331	-1
1332	-1
1333	-1
1334	-1
1335	0
1336	-1
1337	-1
1338	-2
1339	0
1340	-2
1341	-1
1342	-1
1343	-2
1344	-1
1345	-1
1346	-2
1347	-2
1348	-1
1349	-1
1350	-2
1351	-1
1352	-2
1353	-1
1354	-2
1355	0
1356	-1
1357	0
1358	-1
1359	-2
1360	-1
1361	-1
1362	-3
1363	-1
1364	-3
1365	-2
1366	-1
1367	-1
1368	-1
1369	0
1370	-1
1371	0
1372	-1
1373	0
1374	-1
1375	-1
1376	-1
1377	0
1378	-2
1379	0
1380	-2
1381	-1
1382	-2
1383	0
1384	-2
1385	-2
1386	-2
1387	-2
1388	-3
1389	-1
1390	-2
1391	-2
1392	-2
1393	-2
1394	-3
1395	-1
1396	-3
1397	-2
1398	-2
1399	-2
1400	-3
1401	-2
1402	-2
1403	-2
1404	-2
1405	-1
1406	-1
1407	-1
1408	-1
1409	-1
1410	-1
1411	-1
1412	-1
1413	0
1414	-1
1415	0
1416	0
1417	0
1418	0
1419	-1
1420	0
1421	0
1422	0
1423	0
1424	0
1425	1
1426	0
1427	0
1428	1
1429	0
1430	0
1431	0
1432	0
1433	0
1434	0
1435	0
1436	0
1437	0
1438	-1
1439	0
1440	-2
1441	0
1442	-2
1443	0
1444	0
1445	-1
1446	0
1447	0
1448	-1
1449	-1
1450	0
1451	0
1452	-1
1453	0
1454	-2
1455	-1
1456	-1
1457	0
1458	-2
1459	-1
1460	-2
1461	-1
1462	-1
1463	-1
1464	-2
1465	-1
1466	-2
1467	-1
1468	-1
1469	-1
1470	-2
1471	-1
1472	-2
1473	0
1474	-2
1475	0
1476	-1
1477	0
1478	-1
1479	0
1480	-2
1481	0
1482	-1
1483	-1
1484	-1
1485	-1
1486	0
1487	0
1488	-1
1489	0
1490	0
1491	0
1492	-1
1493	0
1494	-1
1495	0
1496	0
1497	-1
1498	-1
1499	0
1500	-2
1501	-2
1502	-1
1503	-2
1504	-2
1505	-1
1506	0
1507	-1
1508	-1
1509	-2
1510	-2
1511	-1
1512	0
1513	0
1514	-1
1515	0
1516	-1
1517	0
1518	0
1519	0
1520	0
1521	0
1522	0
1523	0
1524	0
1525	0
1526	0
1527	0
1528	0
1529	0
1530	0
1531	0
1532	0
1533	0
1534	0
1535	0
1536	0
1537	1
1538	0
1539	1
1540	0
1541	0
1542	0
1543	0
1544	0
1545	0
1546	0
1547	0
1548	0
1549	0
1550	0
1551	0
1552	0
1553	0
1554	-1
1555	0
1556	-1
1557	0
1558	-1
1559	0
1560	-1
1561	0
1562	-1
1563	-1
1564	0
1565	-1
1566	0
1567	0
1568	0
1569	-1
1570	-1
1571	0
1572	0
1573	0
1574	-1
1575	0
1576	-1
1577	0
1578	0
1579	0
1580	0
1581	0
1582	0
1583	0
1584	-1
1585	0
1586	0
1587	0
1588	0
1589	0
1590	-1
1591	0
1592	-1
1593	-1
1594	0
1595	-1
1596	-1
1597	0
1598	-1
1599	0
1600	0
1601	0
1602	-2
1603	-1
1604	-1
1605	0
1606	-2
1607	-1
1608	-1
1609	0
1610	-1
1611	0
1612	0
1613	0
1614	0
1615	0
1616	0
1617	0
1618	-1
1619	0
1620	0
1621	0
1622	0
1623	0
1624	0
1625	0
1626	0
1627	0
1628	0
1629	0
1630	0
1631	0
1632	0
1633	0
1634	0
1635	0
1636	0
1637	0
1638	0
1639	0
1640	0
1641	0
1642	0
1643	0
1644	0
1645	0
1646	0
1647	0
1648	0
1649	0
1650	0
1651	0
1652	0
1653	-1
1654	0
1655	0
1656	0
1657	0
1658	0
1659	0
1660	0
1661	0
1662	0
1663	1
1664	0
1665	1
1666	0
1667	0
1668	0
1669	0
1670	0
1671	0
1672	0
1673	0
1674	0
1675	-1
1676	-1
1677	0
1678	-1
1679	-1
1680	-1
1681	-1
1682	-2
1683	-1
1684	-1
1685	-1
1686	-2
1687	0
1688	-3
1689	-1
1690	-2
1691	-1
1692	-2
1693	0
1694	-1
1695	0
1696	0
1697	0
1698	-1
1699	0
1700	0
1701	0
1702	0
1703	0
1704	0
1705	0
1706	0
1707	0
1708	0
1709	0
1710	0
1711	0
1712	0
1713	1
1714	0
1715	0
1716	0
1717	0
1718	0
1719	0
1720	0
1721	0
1722	0
1723	0
1724	0
1725	0
1726	0
1727	0
1728	0
1729	0
1730	0
1731	0
1732	-1
1733	0
1734	-1
1735	-1
1736	-2
1737	0
1738	-1
1739	-1
1740	-1
1741	0
1742	0
1743	0
1744	-1
1745	0
1746	-1
1747	0
1748	0
1749	0
1750	0
1751	0
1752	0
1753	0
1754	0
1755	1
1756	0
1757	1
1758	0
1759	2
1760	0
1761	1
1762	0
1763	0
1764	0
1765	1
1766	0
1767	1
1768	0
1769	1
1770	1
1771	1
1772	0
1773	0
1774	0
1775	1
1776	1
1777	1
1778	0
1779	2
1780	0
1781	1
1782	1
1783	1
1784	2
1785	2
1786	1
1787	1
1788	2
1789	3
1790	1
1791	3
1792	2
1793	3
1794	2
1795	2
1796	2
1797	2
1798	2
1799	2
1800	2
1801	2
1802	1
1803	2
1804	2
1805	2
1806	2
1807	2
1808	1
1809	1
1810	1
1811	1
1812	1
1813	2
1814	1
1815	0
1816	1
1817	0
1818	0
1819	0
1820	0
1821	1
1822	0
1823	0
1824	0
1825	0
1826	0
1827	1
1828	0
1829	0
1830	0
1831	0
1832	0
1833	1
1834	0
1835	0
1836	0
1837	0
1838	0
1839	0
1840	0
1841	0
1842	0
1843	0
1844	0
1845	0
1846	0
1847	0
1848	0
1849	0
1850	0
1851	0
1852	0
1853	0
1854	-1
1855	0
1856	-1
1857	0
1858	0
1859	0
1860	-1
1861	0
1862	0
1863	0
1864	-1
1865	0
1866	0
1867	-1
1868	0
1869	0
1870	0
1871	0
1872	0
1873	1
1874	0
1875	1
1876	0
1877	1
1878	0
1879	1
1880	1
1881	1
1882	0
1883	2
1884	2
1885	1
1886	2
1887	3
1888	1
1889	3
1890	3
1891	3
1892	3
1893	2
1894	2
1895	2
1896	2
1897	2
1898	2
1899	1
1900	2
1901	1
1902	1
1903	2
1904	1
1905	2
1906	1
1907	2
1908	1
1909	1
1910	2
1911	1
1912	1
1913	1
1914	1
1915	1
1916	0
1917	0
1918	0
1919	0
1920	0
1921	0
1922	0
1923	0
1924	1
1925	0
1926	0
1927	1
1928	0
1929	0
1930	0
1931	0
1932	0
1933	0
1934	0
1935	0
1936	0
1937	0
1938	0
1939	0
1940	1
1941	0
1942	0
1943	0
1944	0
1945	0
1946	0
1947	0
1948	0
1949	0
1950	0
1951	0
1952	0
1953	0
1954	0
1955	-1
1956	0
1957	0
1958	-1
1959	0
1960	-1
1961	0
1962	-1
1963	-1
1964	-2
1965	0
1966	-1
1967	-1
1968	-1
1969	-1
1970	-1
1971	-1
1972	-1
1973	-1
1974	-2
1975	0
1976	-2
1977	-1
1978	-2
1979	-1
1980	-2
1981	-2
1982	-3
1983	0
1984	-1
1985	0
1986	-2
1987	0
1988	0
1989	0
1990	-1
1991	0
1992	0
1993	0
1994	0
1995	0
1996	-1
1997	0
1998	0
1999	0
