0	0
1	0
2	0
3	0
4	0
5	0
6	0
7	1
8	0
9	0
10	0
11	0
12	0
13	0
14	0
15	0
16	0
17	0
18	0
19	0
20	0
21	0
22	0
23	0
24	0
25	0
26	0
27	1
28	0
29	1
30	0
31	0
32	0
33	0
34	0
35	0
36	0
37	0
38	0
39	0
40	1
41	0
42	0
43	0
44	0
45	0
46	0
47	0
48	0
49	0
50	0
51	0
52	0
53	0
54	0
55	0
56	0
57	0
58	0
59	0
60	0
61	0
62	0
63	0
64	0
65	0
66	0
67	0
68	0
69	0
70	0
71	1
72	0
73	0
74	0
75	0
76	0
77	0
78	0
79	0
80	0
81	0
82	0
83	0
84	0
85	0
86	0
87	1
88	0
89	0
90	1
91	0
92	0
93	0
94	0
95	0
96	0
97	0
98	0
99	0
100	0
101	0
102	0
103	0
104	0
105	0
106	1
107	0
108	0
109	0
110	0
111	0
112	0
113	0
114	0
115	0
116	0
117	0
118	0
119	0
120	1
121	1
122	0
123	0
124	0
125	0
126	1
127	0
128	0
129	0
130	1
131	0
132	0
133	0
134	0
135	1
136	0
137	0
138	0
139	0
140	0
141	0
142	0
143	0
144	0
145	0
146	0
147	0
148	0
149	0
150	0
151	0
152	0
153	0
154	0
155	0
156	0
157	0
158	0
159	0
160	0
161	0
162	0
163	0
164	0
165	0
166	0
167	0
168	0
169	0
170	0
171	0
172	0
173	0
174	0
175	0
176	0
177	0
178	0
179	0
180	0
181	0
182	0
183	0
184	0
185	0
186	0
187	0
188	0
189	0
190	0
191	0
192	0
193	0
194	0
195	0
196	0
197	0
198	0
199	0
200	0
201	0
202	0
203	0
204	0
205	0
206	0
207	0
208	0
209	0
210	0
211	0
212	0
213	0
214	0
215	0
216	0
217	0
218	0
219	0
220	0
221	1
222	0
223	1
224	0
225	0
226	0
227	0
228	0
229	0
230	0
231	0
232	0
233	0
234	0
235	0
236	0
237	0
238	0
239	1
240	1
241	0
242	0
243	0
244	0
245	0
246	1
247	0
248	1
249	1
250	0
251	2
252	1
253	1
254	1
255	0
256	1
257	0
258	0
259	0
260	0
261	0
262	0
263	0
264	0
265	0
266	0
267	0
268	0
269	0
270	0
271	0
272	0
273	0
274	0
275	0
276	0
277	0
278	0
279	0
280	0
281	0
282	0
283	0
284	0
285	0
286	0
287	0
288	0
289	0
290	0
291	0
292	0
293	0
294	0
295	0
296	0
297	0
298	0
299	0
300	0
301	0
302	0
303	0
304	0
305	0
306	0
307	0
308	0
309	0
310	0
311	0
312	0
313	0
314	0
315	0
316	0
317	0
318	0
319	0
320	0
321	0
322	0
323	0
324	0
325	0
326	0
327	0
328	0
329	0
330	0
331	0
332	0
333	0
334	0
335	0
336	0
337	0
338	1
339	0
340	1
341	0
342	0
343	0
344	2
345	1
346	2
347	1
348	1
349	1
350	1
351	1
352	2
353	2
354	2
355	1
356	1
357	1
358	1
359	1
360	1
361	1
362	1
363	1
364	1
365	2
366	0
367	0
368	1
369	0
370	0
371	0
372	0
373	0
374	0
375	0
376	0
377	0
378	0
379	0
380	0
381	0
382	0
383	0
384	-2
385	-1
386	-1
387	-1
388	-1
389	0
390	-1
391	-2
392	0
393	0
394	0
395	0
396	0
397	0
398	0
399	0
400	0
401	0
402	0
403	0
404	0
405	0
406	0
407	0
408	0
409	0
410	0
411	0
412	0
413	0
414	0
415	1
416	1
417	0
418	1
419	0
420	1
421	0
422	1
423	1
424	0
425	3
426	1
427	1
428	2
429	4
430	3
431	6
432	7
433	8
434	10
435	13
436	16
437	19
438	21
439	24
440	27
441	31
442	35
443	39
444	43
445	46
446	50
447	53
448	58
449	61
450	65
451	70
452	74
453	76
454	79
455	85
456	87
457	90
458	94
459	98
460	99
461	102
462	104
463	109
464	108
465	113
466	113
467	114
468	116
469	116
470	117
471	117
472	119
473	118
474	119
475	117
476	117
477	116
478	113
479	113
480	111
481	112
482	111
483	108
484	105
485	106
486	102
487	101
488	98
489	95
490	92
491	91
492	90
493	87
494	84
495	83
496	78
497	77
498	77
499	78
500	62
501	66
502	62
503	62
504	58
505	55
506	52
507	50
508	48
509	46
510	43
511	40
512	38
513	37
514	36
515	33
516	31
517	28
518	24
519	24
520	22
521	22
522	21
523	18
524	16
525	14
526	12
527	11
528	10
529	9
530	8
531	7
532	5
533	4
534	1
535	2
536	0
537	1
538	-1
539	-2
540	-4
541	-5
542	-6
543	-5
544	-8
545	-6
546	-7
547	-8
548	-9
549	-9
550	-10
551	-11
552	-11
553	-11
554	-12
555	-12
556	-13
557	-13
558	-13
559	-14
560	-14
561	-16
562	-15
563	-15
564	-15
565	-15
566	-16
567	-16
568	-16
569	-16
570	-17
571	-17
572	-16
573	-17
574	-16
575	-16
576	-16
577	-16
578	-16
579	-16
580	-17
581	-15
582	-15
583	-16
584	-15
585	-15
586	-15
587	-14
588	-16
589	-14
590	-15
591	-14
592	-14
593	-14
594	-15
595	-14
596	-14
597	-14
598	-14
599	-15
600	-14
601	-14
602	-16
603	-15
604	-15
605	-15
606	-14
607	-15
608	-14
609	-15
610	-13
611	-14
612	-14
613	-12
614	-12
615	-11
616	-12
617	-12
618	-12
619	-11
620	-11
621	-10
622	-11
623	-10
624	-10
625	-10
626	-11
627	-10
628	-8
629	-7
630	-9
631	-8
632	-9
633	-8
634	-9
635	-6
636	-8
637	-6
638	-7
639	-6
640	-7
641	-6
642	-6
643	-6
644	-6
645	-4
646	-6
647	-5
648	-7
649	-5
650	-6
651	-4
652	-6
653	-3
654	-5
655	-3
656	-5
657	-4
658	-4
659	-3
660	-5
661	-3
662	-4
663	-3
664	-5
665	-5
666	-4
667	-4
668	-2
669	-3
670	-3
671	-2
672	-4
673	-2
674	-2
675	-3
676	-3
677	-2
678	-4
679	-2
680	-4
681	-1
682	-3
683	-1
684	-3
685	-2
686	-3
687	-3
688	-2
689	-2
690	-3
691	-2
692	-3
693	-3
694	-3
695	-3
696	-3
697	-2
698	-3
699	-2
700	-3
701	-2
702	-2
703	-3
704	-2
705	-4
706	-2
707	-3
708	-3
709	-2
710	-3
711	-3
712	-3
713	-3
714	-2
715	-1
716	-2
717	-1
718	-2
719	-2
720	-2
721	-1
722	-2
723	0
724	-1
725	0
726	0
727	-1
728	-2
729	-1
730	0
731	-1
732	-2
733	0
734	-2
735	-1
736	0
737	0
738	-1
739	-2
740	-2
741	-1
742	-1
743	0
744	-2
745	-1
746	-1
747	0
748	-1
749	-2
750	-2
751	-1
752	-3
753	-1
754	-1
755	-1
756	-2
757	0
758	-2
759	-1
760	-2
761	-1
762	-2
763	-1
764	-2
765	-1
766	-2
767	-2
768	-2
769	-2
770	-4
771	-2
772	-2
773	-2
774	-4
775	-1
776	-2
777	-2
778	-3
779	-1
780	-4
781	-1
782	-2
783	-2
784	-3
785	-1
786	-2
787	-2
788	-3
789	-2
790	-3
791	-1
792	-2
793	-1
794	-1
795	0
796	-1
797	-2
798	-3
799	-2
800	-2
801	-2
802	-2
803	-2
804	-1
805	-1
806	-2
807	-2
808	-2
809	-2
810	-2
811	0
812	-1
813	-2
814	-2
815	-1
816	0
817	0
818	-1
819	-1
820	-2
821	0
822	-2
823	-1
824	0
825	0
826	-1
827	0
828	-2
829	-1
830	-1
831	-2
832	-2
833	-2
834	-1
835	-2
836	-3
837	-1
838	-1
839	-1
840	-3
841	-2
842	-2
843	-2
844	-2
845	-1
846	-3
847	-2
848	-1
849	-3
850	-3
851	-2
852	-3
853	-3
854	-2
855	-3
856	-3
857	-3
858	-2
859	-1
860	-3
861	-2
862	-1
863	-3
864	-2
865	-2
866	-1
867	-2
868	-3
869	-1
870	-3
871	-2
872	-3
873	-2
874	-2
875	-1
876	-1
877	-2
878	-2
879	-2
880	-2
881	-1
882	-1
883	-1
884	-1
885	0
886	0
887	0
888	0
889	0
890	0
891	0
892	0
893	0
894	-1
895	0
896	0
897	0
898	0
899	1
900	0
901	1
902	0
903	0
904	1
905	1
906	1
907	1
908	1
909	2
910	0
911	2
912	1
913	2
914	1
915	0
916	0
917	1
918	1
919	1
920	0
921	2
922	0
923	1
924	0
925	0
926	0
927	1
928	0
929	0
930	0
931	0
932	0
933	0
934	-1
935	0
936	-1
937	0
938	0
939	0
940	-1
941	-1
942	-2
943	-1
944	-2
945	0
946	-1
947	0
948	-2
949	-2
950	-2
951	-2
952	-2
953	-1
954	-1
955	-1
956	-2
957	-2
958	-2
959	0
960	-1
961	-1
962	-2
963	-1
964	-4
965	-1
966	-3
967	-1
968	-3
969	-1
970	-2
971	-2
972	-2
973	-3
974	-2
975	-3
976	-3
977	-3
978	-1
979	-2
980	-3
981	-2
982	-3
983	-3
984	-2
985	-2
986	-2
987	-3
988	-2
989	-3
990	-2
991	-2
992	-2
993	-1
994	-3
995	-1
996	-2
997	-1
998	-2
999	-2
1000	-1
1001	-1
1002	0
1003	0
1004	-1
1005	-1
1006	-1
1007	-2
1008	-1
1009	-1
1010	-1
1011	-1
1012	-1
1013	-1
1014	-1
1015	0
1016	-2
1017	-1
1018	-1
1019	0
1020	0
1021	-2
1022	-1
1023	-2
1024	-1
1025	-1
1026	-2
1027	-2
1028	-2
1029	-2
1030	-1
1031	-3
1032	-1
1033	-2
1034	-2
1035	-2
1036	-2
1037	-2
1038	-2
1039	-2
1040	-2
1041	-1
1042	-1
1043	-1
1044	0
1045	-2
1046	-1
1047	-2
1048	-1
1049	-1
1050	-2
1051	-1
1052	-1
1053	0
1054	-1
1055	-1
1056	-1
1057	-2
1058	-2
1059	0
1060	-1
1061	0
1062	-2
1063	-1
1064	-2
1065	-2
1066	-2
1067	-1
1068	-3
1069	-1
1070	-2
1071	-2
1072	-2
1073	-2
1074	-2
1075	-2
1076	-2
1077	-2
1078	-3
1079	-2
1080	-3
1081	-2
1082	-3
1083	-2
1084	-3
1085	-2
1086	-2
1087	-3
1088	-2
1089	-2
1090	-3
1091	-2
1092	-3
1093	-2
1094	-3
1095	-2
1096	-2
1097	-1
1098	-3
1099	-1
1100	-2
1101	-3
1102	-2
1103	-1
1104	-1
1105	-1
1106	-1
1107	0
1108	-1
1109	-1
1110	-1
1111	0
1112	0
1113	-1
1114	0
1115	-1
1116	-1
1117	0
1118	-1
1119	-1
1120	0
1121	0
1122	0
1123	0
1124	0
1125	0
1126	0
1127	0
1128	-1
1129	-1
1130	0
1131	-1
1132	0
1133	-1
1134	-1
1135	-1
1136	-1
1137	-1
1138	-1
1139	-1
1140	-2
1141	-3
1142	-1
1143	-1
1144	-1
1145	-1
1146	-2
1147	-1
1148	-1
1149	-2
1150	-2
1151	-3
1152	-2
1153	-2
1154	-2
1155	-2
1156	-2
1157	-1
1158	-1
1159	-1
1160	-2
1161	-1
1162	-1
1163	-1
1164	-2
1165	-1
1166	-2
1167	-2
1168	-1
1169	-1
1170	-2
1171	-1
1172	-1
1173	-1
1174	-1
1175	0
1176	0
1177	0
1178	0
1179	0
1180	0
1181	0
1182	-2
1183	-2
1184	-1
1185	0
1186	-1
1187	-1
1188	-2
1189	-2
1190	-1
1191	-1
1192	-1
1193	-2
1194	-1
1195	0
1196	-2
1197	-1
1198	-3
1199	-1
1200	-2
1201	-2
1202	-3
1203	-2
1204	-3
1205	-3
1206	-2
1207	-3
1208	-3
1209	-2
1210	-3
1211	-2
1212	-2
1213	-2
1214	-2
1215	-3
1216	-2
1217	-2
1218	-2
1219	-1
1220	-1
1221	-2
1222	-1
1223	-1
1224	-1
1225	0
1226	-1
1227	0
1228	0
1229	0
1230	0
1231	0
1232	0
1233	0
1234	0
1235	0
1236	0
1237	0
1238	0
1239	0
1240	-1
1241	0
1242	-1
1243	0
1244	-1
1245	-1
1246	-1
1247	-1
1248	-1
1249	0
1250	-1
1251	-2
1252	-1
1253	-1
1254	-2
1255	-1
1256	-2
1257	-2
1258	-2
1259	-2
1260	-2
1261	-1
1262	-2
1263	0
1264	-1
1265	-1
1266	-1
1267	-1
1268	0
1269	-2
1270	-1
1271	0
1272	-1
1273	0
1274	0
1275	-1
1276	0
1277	0
1278	-1
1279	0
1280	0
1281	0
1282	0
1283	0
1284	0
1285	0
1286	0
1287	0
1288	0
1289	0
1290	-1
1291	0
1292	0
1293	-1
1294	0
1295	0
1296	0
1297	-1
1298	-2
1299	0
1300	-1
1301	0
1302	-1
1303	-1
1304	0
1305	-1
1306	0
1307	0
1308	0
1309	0
1310	-1
1311	-1
1312	0
1313	-1
1314	-1
1315	0
1316	-1
1317	0
1318	-1
1319	-1
1320	-1
1321	0
1322	-1
1323	-1
1324	-1
1325	-1
1326	-1
1327	-1
1328	-1
1329	-1
1330	-1
1331	-1
1332	-2
1333	0
1334	-1
1335	0
1336	-1
1337	-1
1338	-1
1339	-2
1340	-2
1341	-2
1342	-2
1343	-1
1344	-1
1345	-2
1346	-3
1347	-2
1348	-3
1349	-1
1350	-2
1351	-2
1352	-1
1353	-2
1354	-2
1355	-2
1356	-1
1357	-1
1358	-2
1359	-1
1360	-2
1361	0
1362	-1
1363	-1
1364	0
1365	0
1366	-1
1367	0
1368	-1
1369	0
1370	0
1371	0
1372	0
1373	0
1374	0
1375	0
1376	0
1377	0
1378	0
1379	0
1380	0
1381	0
1382	0
1383	0
1384	0
1385	0
1386	0
1387	0
1388	-1
1389	0
1390	-1
1391	0
1392	-2
1393	0
1394	-2
1395	0
1396	-1
1397	0
1398	-2
1399	-1
1400	-1
1401	-1
1402	-2
1403	-1
1404	-1
1405	0
1406	0
1407	0
1408	-1
1409	0
1410	-1
1411	-1
1412	-1
1413	0
1414	-1
1415	-1
1416	-1
1417	-1
1418	-1
1419	-1
1420	-1
1421	0
1422	0
1423	0
1424	0
1425	0
1426	0
1427	0
1428	0
1429	0
1430	-1
1431	-1
1432	-2
1433	0
1434	0
1435	-1
1436	0
1437	-1
1438	-1
1439	-1
1440	-1
1441	0
1442	-2
1443	-1
1444	-1
1445	-1
1446	-2
1447	-1
1448	-2
1449	-1
1450	-2
1451	-2
1452	-1
1453	-3
1454	-1
1455	-2
1456	-2
1457	-3
1458	-2
1459	-1
1460	-2
1461	-2
1462	-1
1463	-1
1464	-1
1465	-2
1466	-1
1467	-2
1468	-1
1469	-1
1470	-1
1471	0
1472	0
1473	0
1474	0
1475	0
1476	-1
1477	0
1478	-1
1479	-1
1480	-1
1481	0
1482	0
1483	0
1484	-1
1485	0
1486	0
1487	0
1488	0
1489	0
1490	0
1491	0
1492	0
1493	0
1494	0
1495	0
1496	0
1497	0
1498	0
1499	0
1500	-1
1501	0
1502	0
1503	0
1504	-1
1505	0
1506	-1
1507	0
1508	0
1509	0
1510	0
1511	0
1512	-1
1513	0
1514	-1
1515	0
1516	-1
1517	0
1518	-2
1519	0
1520	0
1521	0
1522	0
1523	0
1524	-1
1525	0
1526	-1
1527	-1
1528	-1
1529	-1
1530	-1
1531	0
1532	-1
1533	-1
1534	-1
1535	-1
1536	-1
1537	0
1538	-1
1539	-1
1540	0
1541	-1
1542	-2
1543	-1
1544	0
1545	0
1546	-1
1547	0
1548	0
1549	0
1550	0
1551	0
1552	-1
1553	0
1554	-1
1555	0
1556	0
1557	-1
1558	-2
1559	0
1560	0
1561	0
1562	0
1563	0
1564	0
1565	0
1566	0
1567	0
1568	0
1569	0
1570	0
1571	0
1572	-1
1573	0
1574	0
1575	0
1576	-1
1577	0
1578	0
1579	0
1580	-1
1581	0
1582	-1
1583	0
1584	0
1585	0
1586	-1
1587	0
1588	0
1589	0
1590	0
1591	0
1592	-1
1593	0
1594	-1
1595	0
1596	-1
1597	0
1598	-1
1599	0
1600	-2
1601	-1
1602	-1
1603	0
1604	-1
1605	-2
1606	-1
1607	0
1608	-1
1609	0
1610	-1
1611	-1
1612	-1
1613	0
1614	-1
1615	-1
1616	0
1617	0
1618	-1
1619	0
1620	-1
1621	0
1622	0
1623	0
1624	0
1625	1
1626	0
1627	0
1628	0
1629	1
1630	0
1631	1
1632	1
1633	1
1634	1
1635	1
1636	1
1637	2
1638	1
1639	2
1640	1
1641	1
1642	1
1643	2
1644	1
1645	1
1646	1
1647	1
1648	2
1649	2
1650	2
1651	3
1652	2
1653	3
1654	1
1655	3
1656	1
1657	1
1658	2
1659	1
1660	2
1661	3
1662	1
1663	2
1664	2
1665	2
1666	2
1667	2
1668	1
1669	2
1670	2
1671	1
1672	1
1673	1
1674	1
1675	3
1676	1
1677	2
1678	1
1679	1
1680	1
1681	1
1682	1
1683	2
1684	1
1685	1
1686	1
1687	0
1688	0
1689	1
1690	0
1691	1
1692	0
1693	0
1694	0
1695	0
1696	0
1697	0
1698	0
1699	0
1700	-1
1701	0
1702	-1
1703	0
1704	-2
1705	0
1706	-1
1707	0
1708	-2
1709	0
1710	-2
1711	-2
1712	-3
1713	-1
1714	-2
1715	-1
1716	-2
1717	-1
1718	-2
1719	-1
1720	-1
1721	-1
1722	-1
1723	-1
1724	-1
1725	-1
1726	0
1727	-1
1728	0
1729	-1
1730	0
1731	-1
1732	0
1733	-1
1734	-2
1735	-1
1736	0
1737	0
1738	0
1739	-1
1740	0
1741	-1
1742	0
1743	-1
1744	0
1745	-1
1746	-1
1747	-1
1748	-1
1749	-1
1750	-2
1751	-1
1752	-1
1753	0
1754	0
1755	0
1756	0
1757	-1
1758	0
1759	0
1760	0
1761	-1
1762	0
1763	0
1764	0
1765	-1
1766	-1
1767	0
1768	0
1769	0
1770	0
1771	0
1772	0
1773	0
1774	0
1775	0
1776	0
1777	0
1778	0
1779	0
1780	0
1781	0
1782	0
1783	0
1784	0
1785	0
1786	0
1787	0
1788	0
1789	0
1790	0
1791	0
1792	0
1793	0
1794	0
1795	0
1796	0
1797	0
1798	0
1799	0
1800	0
1801	-1
1802	-1
1803	0
1804	-1
1805	0
1806	0
1807	0
1808	0
1809	0
1810	0
1811	0
1812	-2
1813	0
1814	0
1815	0
1816	0
1817	-1
1818	0
1819	0
1820	0
1821	0
1822	-1
1823	0
1824	0
1825	0
1826	0
1827	0
1828	0
1829	0
1830	0
1831	-1
1832	0
1833	0
1834	0
1835	0
1836	0
1837	0
1838	0
1839	0
1840	0
1841	0
1842	0
1843	0
1844	0
1845	0
1846	0
1847	0
1848	0
1849	1
1850	0
1851	0
1852	0
1853	1
1854	0
1855	2
1856	1
1857	1
1858	2
1859	2
1860	2
1861	2
1862	2
1863	1
1864	2
1865	1
1866	1
1867	1
1868	2
1869	1
1870	2
1871	2
1872	2
1873	2
1874	2
1875	2
1876	3
1877	3
1878	2
1879	2
1880	3
1881	3
1882	2
1883	2
1884	2
1885	3
1886	1
1887	2
1888	1
1889	0
1890	1
1891	1
1892	0
1893	1
1894	0
1895	1
1896	0
1897	0
1898	0
1899	0
1900	0
1901	0
1902	0
1903	0
1904	0
1905	0
1906	-1
1907	0
1908	0
1909	0
1910	0
1911	0
1912	0
1913	0
1914	-1
1915	0
1916	-1
1917	0
1918	-2
1919	-1
1920	-1
1921	0
1922	0
1923	0
1924	0
1925	0
1926	0
1927	0
1928	0
1929	0
1930	0
1931	0
1932	0
1933	0
1934	0
1935	0
1936	0
1937	0
1938	0
1939	0
1940	0
1941	0
1942	0
1943	0
1944	0
1945	0
1946	0
1947	0
1948	0
1949	0
1950	-1
1951	0
1952	0
1953	0
1954	0
1955	-1
1956	-1
1957	-1
1958	-1
1959	0
1960	-1
1961	0
1962	-1
1963	0
1964	0
1965	-1
1966	-1
1967	0
1968	-1
1969	0
1970	0
1971	0
1972	0
1973	0
1974	0
1975	0
1976	0
1977	0
1978	0
1979	0
1980	0
1981	0
1982	0
1983	0
1984	0
1985	0
1986	0
1987	0
1988	0
1989	0
1990	0
1991	0
1992	0
1993	0
1994	0
1995	0
1996	0
1997	0
1998	0
1999	0
