0	0
1	1
2	0
3	0
4	1
5	0
6	0
7	0
8	0
9	0
10	0
11	0
12	1
13	0
14	0
15	0
16	0
17	0
18	0
19	0
20	0
21	0
22	0
23	0
24	0
25	0
26	0
27	0
28	0
29	0
30	0
31	0
32	0
33	0
34	0
35	0
36	0
37	1
38	0
39	0
40	0
41	1
42	1
43	1
44	1
45	1
46	1
47	1
48	0
49	2
50	0
51	1
52	0
53	1
54	1
55	1
56	0
57	1
58	0
59	1
60	0
61	1
62	0
63	1
64	0
65	1
66	0
67	1
68	0
69	1
70	0
71	0
72	0
73	0
74	0
75	0
76	0
77	1
78	0
79	0
80	0
81	1
82	0
83	0
84	0
85	1
86	0
87	1
88	1
89	0
90	0
91	1
92	1
93	2
94	0
95	1
96	0
97	0
98	0
99	0
100	0
101	0
102	0
103	0
104	0
105	0
106	0
107	0
108	0
109	0
110	0
111	0
112	0
113	0
114	-1
115	0
116	-1
117	0
118	0
119	0
120	0
121	0
122	0
123	0
124	0
125	0
126	1
127	0
128	0
129	0
130	0
131	1
132	0
133	1
134	0
135	1
136	0
137	1
138	0
139	1
140	0
141	1
142	0
143	0
144	0
145	1
146	0
147	0
148	0
149	1
150	0
151	1
152	0
153	0
154	0
155	0
156	0
157	0
158	0
159	0
160	0
161	2
162	0
163	1
164	0
165	1
166	0
167	1
168	0
169	0
170	0
171	1
172	0
173	1
174	0
175	0
176	0
177	0
178	0
179	0
180	1
181	0
182	0
183	1
184	0
185	0
186	0
187	1
188	0
189	1
190	0
191	0
192	0
193	0
194	0
195	0
196	0
197	1
198	0
199	1
200	0
201	1
202	1
203	0
204	0
205	1
206	1
207	1
208	0
209	0
210	0
211	0
212	0
213	0
214	0
215	1
216	0
217	0
218	0
219	0
220	0
221	0
222	0
223	1
224	0
225	1
226	0
227	0
228	0
229	1
230	0
231	0
232	0
233	0
234	0
235	0
236	0
237	0
238	0
239	0
240	0
241	0
242	0
243	0
244	0
245	1
246	0
247	1
248	0
249	0
250	0
251	0
252	0
253	0
254	0
255	0
256	0
257	0
258	1
259	1
260	0
261	0
262	0
263	1
264	0
265	1
266	0
267	0
268	0
269	1
270	0
271	0
272	0
273	0
274	0
275	0
276	0
277	0
278	0
279	0
280	0
281	0
282	0
283	0
284	0
285	1
286	0
287	1
288	1
289	0
290	1
291	0
292	0
293	1
294	0
295	1
296	0
297	0
298	0
299	2
300	1
301	0
302	0
303	1
304	1
305	0
306	1
307	1
308	0
309	1
310	0
311	0
312	0
313	0
314	0
315	0
316	0
317	0
318	0
319	0
320	0
321	0
322	0
323	0
324	0
325	0
326	0
327	0
328	0
329	0
330	0
331	0
332	0
333	0
334	0
335	0
336	0
337	1
338	0
339	1
340	0
341	1
342	0
343	1
344	0
345	1
346	0
347	1
348	0
349	1
350	0
351	1
352	0
353	2
354	0
355	1
356	0
357	0
358	0
359	1
360	0
361	1
362	0
363	1
364	0
365	0
366	0
367	0
368	0
369	0
370	0
371	0
372	0
373	0
374	0
375	1
376	0
377	0
378	0
379	0
380	0
381	0
382	0
383	0
384	0
385	0
386	0
387	1
388	0
389	1
390	1
391	1
392	0
393	1
394	0
395	1
396	0
397	1
398	1
399	1
400	0
401	1
402	0
403	1
404	1
405	2
406	1
407	1
408	0
409	2
410	0
411	1
412	1
413	1
414	0
415	1
416	0
417	1
418	1
419	1
420	1
421	2
422	1
423	1
424	2
425	2
426	3
427	2
428	2
429	3
430	3
431	4
432	4
433	6
434	6
435	9
436	9
437	13
438	13
439	17
440	19
441	22
442	23
443	28
444	29
445	33
446	35
447	38
448	42
449	46
450	50
451	53
452	54
453	59
454	62
455	64
456	67
457	69
458	72
459	77
460	77
461	79
462	81
463	85
464	86
465	89
466	89
467	91
468	90
469	93
470	92
471	96
472	93
473	95
474	94
475	95
476	94
477	94
478	93
479	94
480	93
481	94
482	90
483	92
484	90
485	88
486	86
487	87
488	86
489	85
490	82
491	83
492	79
493	79
494	77
495	75
496	75
497	76
498	76
499	78
500	62
501	67
502	65
503	64
504	64
505	63
506	61
507	61
508	56
509	56
510	54
511	54
512	53
513	52
514	49
515	47
516	43
517	45
518	42
519	41
520	39
521	39
522	38
523	38
524	35
525	34
526	33
527	31
528	28
529	29
530	27
531	26
532	26
533	24
534	23
535	23
536	22
537	21
538	19
539	19
540	17
541	16
542	13
543	14
544	12
545	12
546	10
547	12
548	8
549	10
550	6
551	7
552	6
553	6
554	6
555	6
556	5
557	6
558	4
559	5
560	4
561	4
562	4
563	4
564	3
565	5
566	3
567	4
568	3
569	2
570	2
571	1
572	1
573	1
574	0
575	0
576	0
577	0
578	0
579	0
580	0
581	0
582	-1
583	1
584	0
585	0
586	-1
587	0
588	-1
589	0
590	-1
591	0
592	-2
593	0
594	-3
595	-2
596	-2
597	0
598	-3
599	0
600	-1
601	0
602	0
603	0
604	-1
605	0
606	-1
607	0
608	-1
609	0
610	0
611	0
612	-1
613	0
614	0
615	0
616	0
617	0
618	0
619	0
620	0
621	0
622	0
623	0
624	0
625	0
626	0
627	0
628	0
629	0
630	0
631	0
632	-1
633	0
634	-1
635	0
636	0
637	0
638	0
639	0
640	0
641	0
642	0
643	1
644	0
645	2
646	0
647	1
648	0
649	1
650	1
651	1
652	1
653	1
654	0
655	1
656	1
657	1
658	0
659	1
660	1
661	1
662	1
663	1
664	0
665	1
666	1
667	0
668	2
669	1
670	1
671	0
672	0
673	1
674	0
675	1
676	1
677	1
678	0
679	0
680	0
681	0
682	0
683	0
684	0
685	0
686	0
687	0
688	0
689	0
690	0
691	0
692	0
693	0
694	0
695	0
696	0
697	0
698	0
699	0
700	0
701	0
702	0
703	0
704	0
705	0
706	0
707	0
708	0
709	0
710	-1
711	0
712	0
713	0
714	0
715	0
716	-1
717	0
718	0
719	0
720	0
721	-1
722	-2
723	0
724	-2
725	-1
726	-1
727	-1
728	-2
729	-1
730	-2
731	-2
732	-3
733	-2
734	-1
735	-1
736	-1
737	-1
738	-1
739	-2
740	-2
741	-1
742	-1
743	-2
744	-2
745	-1
746	-1
747	-1
748	-1
749	0
750	0
751	-1
752	0
753	0
754	-1
755	0
756	-1
757	0
758	-1
759	0
760	0
761	-1
762	-2
763	0
764	-1
765	0
766	-2
767	0
768	-1
769	0
770	-2
771	0
772	-1
773	-1
774	0
775	0
776	-1
777	0
778	-1
779	0
780	-2
781	-1
782	-1
783	-1
784	-1
785	-1
786	-2
787	0
788	-1
789	-1
790	-1
791	-1
792	-1
793	0
794	-2
795	-2
796	-1
797	-1
798	0
799	-1
800	-2
801	-1
802	-2
803	-2
804	-1
805	-2
806	-2
807	-3
808	-2
809	-1
810	-2
811	-1
812	-2
813	-1
814	-2
815	-1
816	-3
817	-1
818	-2
819	-1
820	-2
821	-1
822	-1
823	-1
824	-2
825	-2
826	-1
827	-2
828	0
829	-1
830	-1
831	-1
832	-1
833	-1
834	-2
835	-1
836	-1
837	-1
838	-1
839	-1
840	-2
841	-1
842	-1
843	0
844	-2
845	-2
846	-3
847	-1
848	-3
849	-1
850	-2
851	-1
852	-4
853	-1
854	-2
855	-1
856	-2
857	-1
858	-2
859	0
860	-2
861	-2
862	-2
863	-1
864	-2
865	-1
866	-1
867	-1
868	-1
869	0
870	-1
871	0
872	-1
873	0
874	-2
875	0
876	0
877	-1
878	0
879	-1
880	-1
881	-1
882	-1
883	-1
884	-2
885	-2
886	-2
887	-3
888	-1
889	-1
890	-2
891	-1
892	-2
893	-2
894	-2
895	-1
896	-2
897	-1
898	-2
899	-1
900	-2
901	0
902	-1
903	-1
904	-2
905	-1
906	-3
907	-2
908	-3
909	-2
910	-2
911	-1
912	-2
913	-2
914	0
915	-1
916	-1
917	-2
918	-2
919	-2
920	-2
921	-1
922	-2
923	-1
924	-1
925	-1
926	-2
927	-2
928	-1
929	-2
930	-2
931	-1
932	-2
933	-2
934	-4
935	-2
936	-3
937	-2
938	-4
939	-2
940	-3
941	-1
942	-1
943	-3
944	-3
945	-2
946	-3
947	-3
948	-4
949	-2
950	-2
951	-2
952	-2
953	-1
954	-2
955	-1
956	-2
957	-1
958	-1
959	-1
960	-1
961	-1
962	0
963	0
964	-1
965	0
966	0
967	0
968	0
969	0
970	0
971	-1
972	-1
973	-1
974	-1
975	0
976	-1
977	0
978	-1
979	0
980	0
981	-1
982	-1
983	-1
984	-1
985	-1
986	-2
987	-2
988	-1
989	-2
990	0
991	-1
992	-2
993	-1
994	-1
995	-2
996	-2
997	-1
998	-2
999	-1
1000	-2
1001	-1
1002	-2
1003	-1
1004	-2
1005	-1
1006	-1
1007	-1
1008	-2
1009	-1
1010	-3
1011	-1
1012	-1
1013	-1
1014	-2
1015	-1
1016	-2
1017	-2
1018	-2
1019	-2
1020	-1
1021	-2
1022	-2
1023	-1
1024	-3
1025	-1
1026	-2
1027	-2
1028	-1
1029	-1
1030	-2
1031	0
1032	-2
1033	0
1034	-3
1035	0
1036	-1
1037	-1
1038	-2
1039	-1
1040	-2
1041	-1
1042	-1
1043	-1
1044	-1
1045	-1
1046	-1
1047	-1
1048	-2
1049	0
1050	-1
1051	-1
1052	-2
1053	-1
1054	-1
1055	-1
1056	-2
1057	0
1058	-1
1059	-1
1060	-1
1061	-1
1062	-1
1063	0
1064	-1
1065	0
1066	-1
1067	0
1068	0
1069	0
1070	-1
1071	-1
1072	-1
1073	-1
1074	-2
1075	0
1076	-1
1077	0
1078	-1
1079	-2
1080	-1
1081	-1
1082	-1
1083	-1
1084	-1
1085	-2
1086	-2
1087	0
1088	-2
1089	-1
1090	-2
1091	-2
1092	-1
1093	-1
1094	0
1095	0
1096	-1
1097	-1
1098	-2
1099	0
1100	-2
1101	-2
1102	-1
1103	-1
1104	-1
1105	0
1106	-1
1107	0
1108	-2
1109	-1
1110	-1
1111	0
1112	-1
1113	-1
1114	-2
1115	-1
1116	-2
1117	-1
1118	-2
1119	-1
1120	-1
1121	0
1122	-3
1123	0
1124	-2
1125	-2
1126	-2
1127	-2
1128	-2
1129	-1
1130	-2
1131	-1
1132	-2
1133	-1
1134	-3
1135	-2
1136	-1
1137	-1
1138	-3
1139	-2
1140	-1
1141	-2
1142	-2
1143	0
1144	-1
1145	-1
1146	-1
1147	0
1148	-2
1149	0
1150	-1
1151	0
1152	-1
1153	-1
1154	0
1155	-1
1156	0
1157	-1
1158	0
1159	-1
1160	-1
1161	-1
1162	-2
1163	-1
1164	-1
1165	-2
1166	-1
1167	0
1168	-2
1169	-1
1170	-1
1171	-1
1172	-1
1173	-1
1174	-1
1175	-1
1176	-1
1177	0
1178	-1
1179	0
1180	-1
1181	0
1182	-1
1183	0
1184	0
1185	0
1186	0
1187	0
1188	0
1189	0
1190	0
1191	0
1192	-1
1193	-1
1194	-1
1195	0
1196	-1
1197	0
1198	0
1199	-1
1200	0
1201	-1
1202	0
1203	-1
1204	-2
1205	-1
1206	-2
1207	-1
1208	-1
1209	0
1210	-1
1211	-1
1212	-1
1213	0
1214	-1
1215	-2
1216	-2
1217	-1
1218	-3
1219	0
1220	-1
1221	-2
1222	-1
1223	-2
1224	-1
1225	0
1226	0
1227	0
1228	0
1229	0
1230	0
1231	-1
1232	0
1233	0
1234	-2
1235	-1
1236	-1
1237	-1
1238	-3
1239	-1
1240	0
1241	-1
1242	-2
1243	-1
1244	-1
1245	-1
1246	-1
1247	-1
1248	-1
1249	-1
1250	-1
1251	0
1252	-1
1253	-1
1254	0
1255	0
1256	-1
1257	0
1258	0
1259	0
1260	-1
1261	0
1262	-1
1263	0
1264	0
1265	-2
1266	0
1267	-1
1268	-1
1269	-1
1270	0
1271	-1
1272	0
1273	-1
1274	-1
1275	0
1276	0
1277	0
1278	0
1279	0
1280	0
1281	-1
1282	0
1283	-1
1284	-1
1285	0
1286	0
1287	0
1288	0
1289	0
1290	-1
1291	0
1292	-1
1293	-1
1294	-1
1295	-1
1296	-2
1297	-3
1298	-2
1299	-1
1300	-2
1301	-1
1302	-2
1303	-1
1304	-1
1305	0
1306	-2
1307	0
1308	-1
1309	-1
1310	-1
1311	0
1312	-2
1313	0
1314	-1
1315	-1
1316	0
1317	0
1318	0
1319	0
1320	0
1321	0
1322	0
1323	0
1324	0
1325	0
1326	0
1327	0
1328	0
1329	0
1330	0
1331	0
1332	0
1333	0
1334	0
1335	0
1336	-1
1337	-1
1338	-2
1339	0
1340	-1
1341	0
1342	-1
1343	0
1344	-2
1345	0
1346	-1
1347	-1
1348	-1
1349	-1
1350	0
1351	-1
1352	0
1353	0
1354	-2
1355	0
1356	-1
1357	0
1358	0
1359	0
1360	-1
1361	-1
1362	-1
1363	-1
1364	-1
1365	0
1366	0
1367	-1
1368	-1
1369	-1
1370	-1
1371	-1
1372	-1
1373	-1
1374	-1
1375	-1
1376	-1
1377	-1
1378	-1
1379	-1
1380	0
1381	-2
1382	0
1383	-2
1384	0
1385	0
1386	0
1387	-1
1388	0
1389	0
1390	0
1391	-1
1392	0
1393	-1
1394	0
1395	0
1396	0
1397	0
1398	0
1399	0
1400	0
1401	0
1402	0
1403	0
1404	0
1405	0
1406	0
1407	0
1408	0
1409	0
1410	0
1411	0
1412	0
1413	0
1414	0
1415	0
1416	0
1417	0
1418	0
1419	0
1420	0
1421	0
1422	0
1423	0
1424	0
1425	0
1426	0
1427	-1
1428	-1
1429	0
1430	-1
1431	0
1432	-1
1433	0
1434	0
1435	-1
1436	0
1437	0
1438	0
1439	0
1440	-1
1441	0
1442	-1
1443	0
1444	-1
1445	0
1446	0
1447	0
1448	0
1449	-1
1450	0
1451	0
1452	0
1453	0
1454	0
1455	0
1456	0
1457	0
1458	0
1459	0
1460	0
1461	0
1462	0
1463	0
1464	0
1465	0
1466	0
1467	0
1468	0
1469	-1
1470	-1
1471	0
1472	0
1473	0
1474	0
1475	0
1476	-1
1477	-1
1478	-1
1479	-1
1480	-2
1481	-1
1482	-1
1483	0
1484	-1
1485	-1
1486	-1
1487	-1
1488	0
1489	0
1490	-1
1491	-1
1492	0
1493	0
1494	-1
1495	0
1496	0
1497	0
1498	0
1499	0
1500	-1
1501	0
1502	0
1503	-1
1504	0
1505	0
1506	0
1507	0
1508	0
1509	-1
1510	0
1511	0
1512	-1
1513	-2
1514	0
1515	-1
1516	0
1517	-1
1518	-2
1519	0
1520	-2
1521	-1
1522	0
1523	0
1524	0
1525	-1
1526	0
1527	0
1528	0
1529	0
1530	0
1531	-1
1532	0
1533	-1
1534	0
1535	0
1536	0
1537	0
1538	0
1539	0
1540	0
1541	0
1542	-1
1543	0
1544	0
1545	0
1546	0
1547	0
1548	0
1549	0
1550	0
1551	0
1552	0
1553	0
1554	0
1555	0
1556	0
1557	0
1558	0
1559	0
1560	0
1561	0
1562	-1
1563	0
1564	-1
1565	0
1566	-1
1567	-1
1568	-1
1569	0
1570	-1
1571	0
1572	-1
1573	0
1574	0
1575	0
1576	0
1577	0
1578	-1
1579	0
1580	0
1581	0
1582	0
1583	0
1584	0
1585	0
1586	0
1587	0
1588	0
1589	1
1590	0
1591	0
1592	0
1593	0
1594	0
1595	1
1596	0
1597	2
1598	1
1599	1
1600	1
1601	0
1602	0
1603	1
1604	0
1605	1
1606	0
1607	0
1608	0
1609	1
1610	1
1611	1
1612	1
1613	1
1614	1
1615	1
1616	0
1617	0
1618	0
1619	1
1620	0
1621	1
1622	1
1623	2
1624	0
1625	1
1626	1
1627	1
1628	1
1629	1
1630	1
1631	1
1632	1
1633	0
1634	0
1635	1
1636	0
1637	1
1638	0
1639	0
1640	0
1641	0
1642	0
1643	0
1644	0
1645	0
1646	0
1647	0
1648	0
1649	0
1650	1
1651	0
1652	0
1653	0
1654	0
1655	0
1656	0
1657	0
1658	0
1659	0
1660	0
1661	0
1662	0
1663	0
1664	0
1665	0
1666	0
1667	0
1668	0
1669	0
1670	0
1671	0
1672	0
1673	0
1674	0
1675	0
1676	0
1677	0
1678	0
1679	0
1680	0
1681	0
1682	0
1683	0
1684	0
1685	0
1686	0
1687	0
1688	0
1689	0
1690	0
1691	0
1692	0
1693	0
1694	0
1695	0
1696	0
1697	0
1698	0
1699	0
1700	0
1701	0
1702	0
1703	0
1704	0
1705	0
1706	0
1707	0
1708	0
1709	0
1710	0
1711	0
1712	0
1713	0
1714	0
1715	0
1716	0
1717	0
1718	0
1719	0
1720	0
1721	0
1722	0
1723	0
1724	0
1725	0
1726	0
1727	0
1728	0
1729	0
1730	0
1731	0
1732	0
1733	0
1734	0
1735	0
1736	0
1737	0
1738	0
1739	0
1740	0
1741	0
1742	0
1743	0
1744	0
1745	0
1746	0
1747	0
1748	0
1749	0
1750	0
1751	0
1752	0
1753	0
1754	0
1755	0
1756	0
1757	0
1758	0
1759	0
1760	0
1761	0
1762	0
1763	0
1764	0
1765	0
1766	0
1767	0
1768	0
1769	0
1770	0
1771	1
1772	1
1773	1
1774	0
1775	2
1776	0
1777	1
1778	0
1779	0
1780	1
1781	1
1782	1
1783	2
1784	1
1785	1
1786	1
1787	0
1788	1
1789	1
1790	1
1791	1
1792	2
1793	2
1794	1
1795	1
1796	1
1797	1
1798	0
1799	0
1800	0
1801	2
1802	1
1803	1
1804	0
1805	2
1806	0
1807	2
1808	0
1809	1
1810	0
1811	1
1812	0
1813	0
1814	0
1815	1
1816	0
1817	1
1818	0
1819	2
1820	1
1821	0
1822	0
1823	1
1824	0
1825	1
1826	1
1827	1
1828	0
1829	1
1830	0
1831	1
1832	0
1833	0
1834	0
1835	0
1836	0
1837	0
1838	0
1839	0
1840	0
1841	0
1842	0
1843	0
1844	0
1845	0
1846	0
1847	0
1848	0
1849	0
1850	0
1851	0
1852	0
1853	0
1854	0
1855	0
1856	0
1857	0
1858	0
1859	0
1860	0
1861	0
1862	0
1863	0
1864	0
1865	0
1866	0
1867	0
1868	0
1869	0
1870	0
1871	0
1872	0
1873	0
1874	0
1875	0
1876	0
1877	0
1878	0
1879	0
1880	0
1881	0
1882	-1
1883	0
1884	0
1885	0
1886	0
1887	0
1888	0
1889	0
1890	0
1891	0
1892	0
1893	0
1894	0
1895	0
1896	0
1897	0
1898	0
1899	0
1900	0
1901	0
1902	0
1903	0
1904	0
1905	0
1906	0
1907	0
1908	-1
1909	0
1910	-1
1911	0
1912	-1
1913	-1
1914	-1
1915	0
1916	0
1917	0
1918	0
1919	-1
1920	0
1921	0
1922	0
1923	-1
1924	0
1925	0
1926	0
1927	0
1928	0
1929	0
1930	0
1931	0
1932	0
1933	0
1934	0
1935	1
1936	0
1937	0
1938	0
1939	0
1940	0
1941	0
1942	0
1943	0
1944	0
1945	0
1946	0
1947	0
1948	0
1949	0
1950	0
1951	0
1952	0
1953	0
1954	0
1955	0
1956	-1
1957	0
1958	0
1959	0
1960	0
1961	0
1962	0
1963	0
1964	0
1965	0
1966	0
1967	0
1968	0
1969	-1
1970	0
1971	0
1972	0
1973	0
1974	0
1975	0
1976	0
1977	0
1978	0
1979	0
1980	0
1981	0
1982	0
1983	0
1984	0
1985	0
1986	0
1987	0
1988	0
1989	0
1990	0
1991	0
1992	0
1993	0
1994	0
1995	0
1996	0
1997	0
1998	0
1999	0
