0	0
1	0
2	0
3	0
4	1
5	0
6	0
7	0
8	0
9	0
10	0
11	0
12	0
13	0
14	0
15	0
16	0
17	0
18	0
19	1
20	0
21	1
22	0
23	0
24	0
25	1
26	0
27	0
28	0
29	0
30	0
31	0
32	0
33	0
34	0
35	0
36	0
37	0
38	0
39	0
40	0
41	0
42	0
43	0
44	0
45	0
46	0
47	0
48	0
49	0
50	0
51	0
52	0
53	0
54	0
55	0
56	0
57	0
58	0
59	0
60	0
61	0
62	0
63	1
64	0
65	0
66	0
67	0
68	0
69	0
70	0
71	0
72	0
73	1
74	0
75	0
76	0
77	0
78	0
79	0
80	0
81	1
82	0
83	0
84	0
85	0
86	0
87	1
88	0
89	0
90	0
91	0
92	0
93	0
94	0
95	0
96	0
97	1
98	0
99	1
100	0
101	0
102	0
103	0
104	0
105	0
106	0
107	0
108	1
109	0
110	0
111	0
112	0
113	0
114	0
115	0
116	0
117	0
118	0
119	0
120	0
121	1
122	0
123	1
124	0
125	0
126	0
127	0
128	0
129	0
130	0
131	0
132	0
133	0
134	0
135	0
136	0
137	0
138	0
139	0
140	0
141	0
142	0
143	0
144	0
145	0
146	0
147	0
148	0
149	0
150	0
151	0
152	0
153	0
154	0
155	0
156	0
157	0
158	0
159	0
160	0
161	0
162	0
163	0
164	0
165	0
166	0
167	0
168	0
169	0
170	0
171	0
172	0
173	0
174	0
175	0
176	0
177	0
178	0
179	1
180	0
181	0
182	0
183	0
184	0
185	1
186	0
187	0
188	1
189	1
190	0
191	2
192	0
193	1
194	0
195	1
196	0
197	0
198	0
199	1
200	0
201	1
202	0
203	1
204	0
205	0
206	0
207	0
208	0
209	0
210	0
211	0
212	0
213	0
214	0
215	0
216	0
217	1
218	0
219	0
220	0
221	0
222	0
223	0
224	0
225	0
226	1
227	0
228	0
229	0
230	0
231	0
232	1
233	0
234	0
235	0
236	0
237	0
238	0
239	0
240	0
241	0
242	0
243	0
244	0
245	0
246	0
247	0
248	0
249	0
250	0
251	0
252	0
253	0
254	0
255	0
256	0
257	0
258	0
259	1
260	0
261	0
262	0
263	0
264	0
265	0
266	0
267	0
268	1
269	0
270	0
271	0
272	0
273	0
274	0
275	0
276	0
277	0
278	0
279	1
280	0
281	1
282	0
283	2
284	0
285	1
286	0
287	1
288	1
289	1
290	0
291	2
292	1
293	0
294	1
295	0
296	0
297	0
298	0
299	0
300	0
301	0
302	0
303	0
304	0
305	0
306	0
307	0
308	-1
309	0
310	0
311	0
312	0
313	0
314	0
315	0
316	0
317	0
318	-1
319	0
320	0
321	0
322	0
323	0
324	0
325	0
326	0
327	0
328	0
329	0
330	0
331	0
332	0
333	0
334	0
335	0
336	0
337	0
338	0
339	0
340	0
341	0
342	0
343	0
344	0
345	0
346	0
347	0
348	0
349	0
350	0
351	0
352	0
353	1
354	0
355	0
356	0
357	1
358	0
359	0
360	0
361	1
362	0
363	0
364	0
365	1
366	0
367	1
368	0
369	2
370	0
371	1
372	0
373	1
374	0
375	0
376	0
377	0
378	0
379	2
380	0
381	2
382	0
383	2
384	0
385	1
386	0
387	0
388	0
389	0
390	0
391	1
392	0
393	0
394	0
395	0
396	0
397	0
398	0
399	0
400	0
401	0
402	-1
403	0
404	0
405	0
406	0
407	0
408	-1
409	0
410	0
411	0
412	0
413	0
414	0
415	0
416	0
417	0
418	0
419	0
420	0
421	0
422	0
423	0
424	0
425	0
426	0
427	0
428	0
429	0
430	0
431	0
432	0
433	1
434	0
435	3
436	2
437	6
438	6
439	9
440	11
441	15
442	16
443	18
444	22
445	27
446	26
447	31
448	35
449	39
450	41
451	46
452	49
453	53
454	56
455	60
456	64
457	66
458	68
459	71
460	74
461	77
462	79
463	80
464	84
465	87
466	88
467	90
468	90
469	93
470	93
471	96
472	95
473	96
474	95
475	96
476	96
477	98
478	96
479	97
480	95
481	95
482	94
483	94
484	91
485	92
486	90
487	90
488	85
489	88
490	85
491	85
492	82
493	80
494	78
495	76
496	75
497	76
498	76
499	78
500	62
501	68
502	65
503	63
504	63
505	61
506	57
507	57
508	54
509	53
510	52
511	51
512	50
513	47
514	46
515	43
516	41
517	41
518	38
519	38
520	35
521	34
522	32
523	32
524	28
525	28
526	26
527	25
528	23
529	22
530	22
531	20
532	19
533	18
534	16
535	15
536	13
537	12
538	11
539	11
540	9
541	9
542	8
543	7
544	5
545	5
546	4
547	4
548	3
549	1
550	2
551	1
552	-1
553	0
554	-3
555	-2
556	-4
557	-3
558	-4
559	-4
560	-6
561	-4
562	-6
563	-4
564	-7
565	-7
566	-7
567	-8
568	-9
569	-10
570	-8
571	-9
572	-9
573	-9
574	-8
575	-10
576	-8
577	-9
578	-10
579	-10
580	-10
581	-10
582	-11
583	-9
584	-10
585	-11
586	-11
587	-11
588	-11
589	-9
590	-10
591	-10
592	-10
593	-10
594	-11
595	-11
596	-10
597	-10
598	-11
599	-10
600	-10
601	-11
602	-11
603	-11
604	-11
605	-11
606	-9
607	-11
608	-10
609	-9
610	-8
611	-8
612	-8
613	-7
614	-8
615	-7
616	-7
617	-7
618	-7
619	-5
620	-6
621	-5
622	-7
623	-5
624	-6
625	-6
626	-6
627	-6
628	-7
629	-6
630	-7
631	-5
632	-7
633	-7
634	-6
635	-4
636	-5
637	-5
638	-5
639	-5
640	-5
641	-5
642	-4
643	-4
644	-4
645	-3
646	-2
647	-2
648	-3
649	-2
650	-3
651	-1
652	-2
653	-2
654	-3
655	-2
656	-2
657	-2
658	-3
659	-1
660	-2
661	-2
662	-2
663	-1
664	-2
665	-2
666	0
667	-1
668	-1
669	-2
670	-2
671	-2
672	-2
673	-2
674	-2
675	-1
676	-2
677	-2
678	-2
679	-2
680	-2
681	-2
682	-3
683	-1
684	-2
685	-1
686	-3
687	0
688	-2
689	-2
690	-2
691	-2
692	-2
693	-1
694	-1
695	-1
696	-2
697	-1
698	-1
699	-1
700	0
701	-1
702	-1
703	-1
704	-1
705	0
706	-2
707	-1
708	-1
709	0
710	-1
711	-1
712	0
713	0
714	-1
715	0
716	0
717	-1
718	0
719	-1
720	0
721	0
722	0
723	0
724	0
725	-1
726	-1
727	0
728	0
729	0
730	0
731	0
732	-1
733	0
734	-1
735	0
736	-1
737	-1
738	-1
739	-1
740	-1
741	0
742	0
743	0
744	0
745	0
746	-1
747	-2
748	-1
749	-1
750	-1
751	-1
752	-2
753	-1
754	-3
755	-1
756	0
757	-1
758	-1
759	-1
760	-1
761	0
762	-3
763	-1
764	-2
765	-1
766	-1
767	0
768	-1
769	0
770	-1
771	-1
772	0
773	-1
774	0
775	0
776	0
777	0
778	0
779	-1
780	-1
781	0
782	0
783	0
784	-1
785	0
786	-1
787	-1
788	-1
789	-1
790	-1
791	0
792	-1
793	-1
794	-1
795	-1
796	-1
797	-1
798	-2
799	-1
800	-2
801	-1
802	-2
803	-1
804	-2
805	-1
806	-2
807	-2
808	-3
809	-2
810	-2
811	-2
812	-3
813	-2
814	-2
815	-1
816	-3
817	-1
818	-2
819	-1
820	-4
821	-2
822	-2
823	-3
824	-3
825	-2
826	-2
827	-2
828	-2
829	-1
830	-1
831	0
832	-1
833	0
834	-1
835	0
836	-1
837	0
838	-1
839	-1
840	-1
841	-1
842	-1
843	-1
844	-1
845	-1
846	-1
847	0
848	-1
849	0
850	-1
851	0
852	-2
853	0
854	-1
855	-1
856	-1
857	-2
858	-1
859	0
860	-1
861	-1
862	-2
863	-2
864	-2
865	-2
866	-1
867	-1
868	-1
869	-1
870	-1
871	-1
872	-2
873	-1
874	-2
875	-2
876	-2
877	0
878	-2
879	0
880	-2
881	-1
882	-1
883	-1
884	-1
885	0
886	-2
887	0
888	-2
889	0
890	-1
891	0
892	-1
893	0
894	0
895	0
896	-1
897	0
898	0
899	0
900	0
901	0
902	-1
903	0
904	0
905	-1
906	0
907	0
908	0
909	0
910	-1
911	0
912	-1
913	0
914	-1
915	0
916	-2
917	0
918	-1
919	-2
920	-1
921	-2
922	-1
923	-2
924	-1
925	-2
926	-2
927	-2
928	-2
929	-2
930	-2
931	-2
932	-3
933	-4
934	-3
935	-2
936	-3
937	-3
938	-2
939	-3
940	-2
941	-3
942	-2
943	-2
944	-4
945	-3
946	-2
947	-2
948	-2
949	-1
950	-1
951	-2
952	-1
953	-1
954	-2
955	-2
956	-2
957	-1
958	-1
959	-2
960	-1
961	0
962	-2
963	-2
964	0
965	-1
966	-1
967	-1
968	-1
969	-1
970	-1
971	-1
972	0
973	0
974	0
975	-1
976	-3
977	-1
978	-1
979	0
980	0
981	0
982	0
983	0
984	0
985	-1
986	0
987	-1
988	-1
989	0
990	-2
991	0
992	-1
993	0
994	-1
995	-1
996	-1
997	0
998	-1
999	0
1000	0
1001	-1
1002	0
1003	0
1004	-1
1005	-1
1006	-1
1007	0
1008	-1
1009	-1
1010	0
1011	-1
1012	-1
1013	-1
1014	0
1015	0
1016	0
1017	-2
1018	0
1019	0
1020	-1
1021	0
1022	-1
1023	0
1024	-2
1025	0
1026	0
1027	0
1028	0
1029	0
1030	0
1031	-1
1032	0
1033	0
1034	-1
1035	0
1036	-2
1037	-1
1038	-1
1039	-2
1040	-2
1041	-1
1042	-2
1043	-1
1044	-1
1045	-1
1046	-1
1047	-1
1048	-1
1049	-1
1050	-1
1051	-2
1052	-2
1053	-2
1054	-2
1055	-1
1056	-2
1057	-1
1058	-2
1059	-2
1060	-2
1061	-1
1062	-2
1063	-1
1064	-1
1065	0
1066	-1
1067	-1
1068	-2
1069	-1
1070	-1
1071	0
1072	0
1073	0
1074	-1
1075	0
1076	0
1077	0
1078	-1
1079	0
1080	-1
1081	0
1082	0
1083	-1
1084	-1
1085	-1
1086	-1
1087	-1
1088	-2
1089	-1
1090	-1
1091	-1
1092	-1
1093	-2
1094	-1
1095	-1
1096	-1
1097	-2
1098	-1
1099	-1
1100	-2
1101	-1
1102	-2
1103	0
1104	-2
1105	0
1106	-2
1107	-1
1108	-2
1109	0
1110	-1
1111	-1
1112	0
1113	-1
1114	-1
1115	0
1116	0
1117	0
1118	-1
1119	0
1120	-2
1121	-1
1122	-1
1123	-2
1124	-1
1125	-1
1126	-1
1127	-1
1128	-2
1129	-2
1130	-1
1131	-1
1132	-2
1133	0
1134	0
1135	-1
1136	0
1137	0
1138	0
1139	-1
1140	-1
1141	-1
1142	-1
1143	-1
1144	-1
1145	0
1146	-1
1147	0
1148	0
1149	0
1150	0
1151	0
1152	0
1153	0
1154	0
1155	0
1156	0
1157	-1
1158	-1
1159	0
1160	-1
1161	0
1162	-1
1163	-1
1164	-1
1165	0
1166	-1
1167	0
1168	-2
1169	-1
1170	-2
1171	-1
1172	-1
1173	-2
1174	-2
1175	-1
1176	-2
1177	-1
1178	-2
1179	0
1180	-2
1181	-1
1182	-2
1183	-1
1184	-1
1185	-2
1186	-1
1187	-1
1188	0
1189	0
1190	0
1191	0
1192	0
1193	-1
1194	0
1195	0
1196	-2
1197	0
1198	-1
1199	0
1200	0
1201	-1
1202	0
1203	-1
1204	-1
1205	0
1206	-1
1207	0
1208	-1
1209	-1
1210	-1
1211	-1
1212	-1
1213	-1
1214	-1
1215	-1
1216	-1
1217	-2
1218	-1
1219	0
1220	-2
1221	-1
1222	-1
1223	-2
1224	-1
1225	-1
1226	-2
1227	0
1228	-2
1229	-1
1230	-1
1231	0
1232	-1
1233	-1
1234	0
1235	0
1236	0
1237	0
1238	0
1239	0
1240	-1
1241	0
1242	0
1243	0
1244	0
1245	0
1246	0
1247	0
1248	0
1249	-1
1250	0
1251	0
1252	0
1253	-1
1254	0
1255	0
1256	0
1257	0
1258	-1
1259	0
1260	-1
1261	-1
1262	-3
1263	-1
1264	-2
1265	-1
1266	-1
1267	-1
1268	-2
1269	-1
1270	-2
1271	-2
1272	-2
1273	-1
1274	-3
1275	-2
1276	-1
1277	-2
1278	-2
1279	-1
1280	-1
1281	-1
1282	-2
1283	-3
1284	-1
1285	-1
1286	-2
1287	-2
1288	-1
1289	-2
1290	-1
1291	-1
1292	-1
1293	-2
1294	-1
1295	-1
1296	0
1297	0
1298	-1
1299	0
1300	0
1301	-1
1302	-1
1303	-1
1304	-1
1305	-1
1306	0
1307	0
1308	0
1309	0
1310	-1
1311	-1
1312	-2
1313	-2
1314	-1
1315	-1
1316	-2
1317	-1
1318	-2
1319	-2
1320	-2
1321	-2
1322	-1
1323	-1
1324	-1
1325	-1
1326	0
1327	-1
1328	0
1329	0
1330	0
1331	0
1332	-1
1333	0
1334	0
1335	0
1336	0
1337	0
1338	0
1339	1
1340	0
1341	1
1342	0
1343	2
1344	0
1345	1
1346	1
1347	2
1348	1
1349	2
1350	2
1351	2
1352	2
1353	3
1354	2
1355	3
1356	3
1357	3
1358	3
1359	3
1360	3
1361	2
1362	3
1363	2
1364	2
1365	2
1366	1
1367	0
1368	1
1369	0
1370	1
1371	0
1372	1
1373	1
1374	1
1375	1
1376	0
1377	0
1378	0
1379	0
1380	0
1381	0
1382	0
1383	0
1384	0
1385	0
1386	0
1387	0
1388	0
1389	0
1390	-1
1391	0
1392	0
1393	0
1394	-1
1395	0
1396	0
1397	0
1398	-2
1399	0
1400	-2
1401	-1
1402	-1
1403	-1
1404	-1
1405	0
1406	0
1407	0
1408	-1
1409	-3
1410	-1
1411	-2
1412	-1
1413	-1
1414	-2
1415	-1
1416	-2
1417	-1
1418	-2
1419	0
1420	-1
1421	-1
1422	-1
1423	-1
1424	-1
1425	-1
1426	-1
1427	0
1428	0
1429	0
1430	-1
1431	-1
1432	-2
1433	-1
1434	-1
1435	0
1436	-1
1437	0
1438	-1
1439	-1
1440	-1
1441	0
1442	0
1443	0
1444	0
1445	0
1446	0
1447	0
1448	0
1449	0
1450	0
1451	0
1452	0
1453	0
1454	0
1455	1
1456	0
1457	0
1458	0
1459	1
1460	0
1461	0
1462	0
1463	0
1464	0
1465	0
1466	0
1467	0
1468	0
1469	0
1470	0
1471	0
1472	0
1473	0
1474	0
1475	0
1476	-1
1477	0
1478	-1
1479	0
1480	-1
1481	-1
1482	-1
1483	-1
1484	-1
1485	-1
1486	-1
1487	-1
1488	-1
1489	0
1490	0
1491	0
1492	0
1493	0
1494	-1
1495	0
1496	0
1497	0
1498	0
1499	0
1500	0
1501	0
1502	-1
1503	0
1504	-1
1505	0
1506	-1
1507	-1
1508	-2
1509	-1
1510	0
1511	0
1512	-1
1513	-1
1514	-1
1515	0
1516	-1
1517	-1
1518	-1
1519	-1
1520	-2
1521	-2
1522	-1
1523	0
1524	0
1525	-2
1526	-1
1527	-1
1528	-2
1529	-1
1530	-1
1531	-1
1532	0
1533	0
1534	-1
1535	0
1536	-1
1537	0
1538	-2
1539	0
1540	-1
1541	0
1542	-1
1543	0
1544	0
1545	0
1546	0
1547	0
1548	0
1549	0
1550	-1
1551	0
1552	0
1553	0
1554	0
1555	0
1556	0
1557	0
1558	0
1559	0
1560	0
1561	0
1562	0
1563	0
1564	0
1565	0
1566	0
1567	0
1568	0
1569	0
1570	0
1571	0
1572	-1
1573	0
1574	0
1575	0
1576	0
1577	0
1578	0
1579	0
1580	0
1581	0
1582	0
1583	0
1584	0
1585	0
1586	0
1587	0
1588	0
1589	0
1590	0
1591	-1
1592	0
1593	0
1594	-1
1595	0
1596	-2
1597	-1
1598	-1
1599	-1
1600	-1
1601	-1
1602	-1
1603	-1
1604	0
1605	0
1606	-1
1607	0
1608	-1
1609	0
1610	0
1611	0
1612	0
1613	0
1614	0
1615	-1
1616	-1
1617	0
1618	0
1619	-1
1620	-1
1621	0
1622	0
1623	0
1624	0
1625	0
1626	0
1627	0
1628	0
1629	0
1630	0
1631	-1
1632	0
1633	0
1634	0
1635	0
1636	-1
1637	0
1638	0
1639	0
1640	0
1641	0
1642	0
1643	-1
1644	-1
1645	0
1646	0
1647	0
1648	0
1649	0
1650	0
1651	0
1652	0
1653	0
1654	0
1655	1
1656	0
1657	2
1658	1
1659	1
1660	1
1661	1
1662	1
1663	2
1664	1
1665	2
1666	1
1667	2
1668	2
1669	2
1670	2
1671	2
1672	2
1673	2
1674	2
1675	2
1676	1
1677	2
1678	2
1679	2
1680	2
1681	1
1682	2
1683	1
1684	2
1685	2
1686	2
1687	2
1688	2
1689	2
1690	1
1691	1
1692	0
1693	1
1694	1
1695	1
1696	1
1697	0
1698	0
1699	0
1700	0
1701	1
1702	0
1703	1
1704	0
1705	1
1706	0
1707	0
1708	0
1709	0
1710	0
1711	0
1712	0
1713	0
1714	0
1715	0
1716	0
1717	0
1718	0
1719	0
1720	0
1721	0
1722	0
1723	0
1724	0
1725	0
1726	0
1727	0
1728	0
1729	0
1730	0
1731	0
1732	0
1733	0
1734	-1
1735	0
1736	-1
1737	0
1738	0
1739	0
1740	-1
1741	0
1742	-1
1743	0
1744	-1
1745	0
1746	0
1747	0
1748	-1
1749	0
1750	0
1751	0
1752	-1
1753	0
1754	-1
1755	0
1756	0
1757	0
1758	0
1759	0
1760	0
1761	0
1762	0
1763	0
1764	0
1765	0
1766	0
1767	0
1768	0
1769	0
1770	0
1771	0
1772	0
1773	0
1774	0
1775	0
1776	0
1777	0
1778	-1
1779	0
1780	0
1781	0
1782	0
1783	0
1784	0
1785	0
1786	-1
1787	0
1788	0
1789	-1
1790	0
1791	-1
1792	0
1793	0
1794	-1
1795	-1
1796	-2
1797	-1
1798	-2
1799	-2
1800	-2
1801	-1
1802	-1
1803	-1
1804	-1
1805	-1
1806	-2
1807	0
1808	-1
1809	-1
1810	-1
1811	0
1812	0
1813	0
1814	0
1815	-1
1816	0
1817	0
1818	0
1819	0
1820	0
1821	0
1822	0
1823	0
1824	0
1825	0
1826	0
1827	0
1828	0
1829	0
1830	0
1831	0
1832	0
1833	0
1834	0
1835	0
1836	0
1837	0
1838	-1
1839	0
1840	0
1841	0
1842	0
1843	0
1844	0
1845	0
1846	0
1847	0
1848	0
1849	0
1850	0
1851	0
1852	0
1853	0
1854	-1
1855	0
1856	-1
1857	0
1858	-1
1859	0
1860	-1
1861	0
1862	-1
1863	-1
1864	0
1865	-2
1866	-1
1867	-1
1868	0
1869	0
1870	-1
1871	0
1872	-1
1873	0
1874	0
1875	0
1876	0
1877	0
1878	0
1879	0
1880	-1
1881	0
1882	0
1883	0
1884	0
1885	0
1886	0
1887	0
1888	0
1889	0
1890	0
1891	0
1892	0
1893	-1
1894	-1
1895	0
1896	-1
1897	0
1898	-1
1899	0
1900	-1
1901	0
1902	-1
1903	0
1904	0
1905	0
1906	0
1907	-1
1908	-1
1909	-1
1910	-1
1911	0
1912	-1
1913	-1
1914	0
1915	0
1916	0
1917	0
1918	-1
1919	0
1920	-1
1921	0
1922	-1
1923	0
1924	-1
1925	0
1926	-1
1927	-1
1928	-1
1929	-1
1930	0
1931	0
1932	0
1933	-1
1934	0
1935	0
1936	0
1937	0
1938	0
1939	0
1940	0
1941	0
1942	0
1943	1
1944	0
1945	0
1946	0
1947	0
1948	0
1949	0
1950	0
1951	0
1952	0
1953	0
1954	0
1955	0
1956	0
1957	0
1958	0
1959	0
1960	0
1961	0
1962	-1
1963	0
1964	0
1965	0
1966	0
1967	0
1968	0
1969	0
1970	0
1971	0
1972	0
1973	0
1974	0
1975	0
1976	0
1977	0
1978	0
1979	-1
1980	0
1981	0
1982	-1
1983	0
1984	0
1985	-1
1986	0
1987	0
1988	0
1989	0
1990	0
1991	0
1992	0
1993	0
1994	0
1995	0
1996	0
1997	0
1998	-1
1999	0
