0	0
1	0
2	0
3	1
4	0
5	0
6	0
7	1
8	0
9	1
10	1
11	2
12	0
13	2
14	0
15	1
16	0
17	2
18	0
19	0
20	0
21	0
22	0
23	0
24	0
25	0
26	0
27	0
28	0
29	0
30	0
31	0
32	0
33	0
34	0
35	0
36	0
37	0
38	0
39	0
40	0
41	0
42	0
43	0
44	0
45	0
46	0
47	0
48	0
49	0
50	0
51	0
52	0
53	0
54	0
55	0
56	0
57	0
58	0
59	0
60	0
61	0
62	0
63	0
64	0
65	0
66	1
67	1
68	1
69	1
70	0
71	1
72	0
73	1
74	0
75	1
76	0
77	1
78	0
79	0
80	0
81	1
82	0
83	0
84	0
85	1
86	0
87	0
88	0
89	0
90	0
91	0
92	0
93	1
94	0
95	0
96	0
97	0
98	0
99	0
100	0
101	0
102	0
103	0
104	0
105	1
106	0
107	0
108	0
109	0
110	0
111	0
112	0
113	0
114	0
115	0
116	0
117	0
118	0
119	0
120	0
121	0
122	0
123	0
124	0
125	0
126	0
127	0
128	0
129	0
130	0
131	0
132	0
133	0
134	0
135	0
136	0
137	0
138	0
139	0
140	0
141	0
142	0
143	0
144	0
145	0
146	0
147	0
148	0
149	0
150	0
151	1
152	0
153	0
154	0
155	0
156	0
157	0
158	1
159	0
160	0
161	0
162	0
163	0
164	0
165	0
166	0
167	1
168	0
169	0
170	0
171	1
172	0
173	0
174	0
175	0
176	0
177	0
178	0
179	1
180	1
181	0
182	0
183	1
184	0
185	1
186	0
187	2
188	1
189	2
190	0
191	1
192	0
193	0
194	0
195	0
196	0
197	0
198	0
199	0
200	0
201	0
202	0
203	0
204	0
205	0
206	0
207	0
208	0
209	0
210	0
211	0
212	0
213	0
214	0
215	0
216	0
217	0
218	0
219	0
220	0
221	0
222	0
223	0
224	0
225	1
226	0
227	1
228	0
229	0
230	0
231	1
232	0
233	0
234	0
235	0
236	0
237	0
238	0
239	1
240	0
241	0
242	0
243	0
244	0
245	1
246	0
247	0
248	0
249	0
250	0
251	0
252	0
253	0
254	0
255	1
256	1
257	0
258	0
259	0
260	0
261	1
262	1
263	0
264	0
265	0
266	0
267	0
268	1
269	0
270	0
271	1
272	0
273	1
274	0
275	0
276	0
277	0
278	0
279	0
280	0
281	1
282	1
283	1
284	0
285	1
286	0
287	1
288	1
289	1
290	0
291	0
292	0
293	0
294	0
295	0
296	0
297	1
298	0
299	0
300	0
301	0
302	0
303	0
304	0
305	0
306	0
307	0
308	0
309	0
310	0
311	0
312	0
313	0
314	0
315	0
316	0
317	0
318	0
319	0
320	0
321	0
322	0
323	0
324	0
325	0
326	0
327	0
328	0
329	1
330	0
331	0
332	1
333	0
334	0
335	0
336	0
337	0
338	0
339	0
340	0
341	0
342	0
343	0
344	0
345	0
346	0
347	0
348	0
349	0
350	0
351	0
352	0
353	1
354	0
355	0
356	0
357	0
358	0
359	0
360	0
361	0
362	0
363	0
364	0
365	0
366	0
367	0
368	0
369	0
370	0
371	0
372	0
373	0
374	0
375	0
376	0
377	0
378	0
379	0
380	0
381	1
382	0
383	1
384	0
385	1
386	0
387	1
388	0
389	0
390	0
391	1
392	0
393	2
394	0
395	2
396	0
397	2
398	1
399	2
400	0
401	1
402	0
403	1
404	0
405	1
406	1
407	1
408	0
409	0
410	0
411	0
412	0
413	0
414	0
415	0
416	0
417	0
418	0
419	0
420	0
421	0
422	-1
423	0
424	-1
425	0
426	-1
427	0
428	0
429	0
430	1
431	1
432	2
433	3
434	4
435	7
436	8
437	12
438	13
439	17
440	20
441	25
442	27
443	31
444	34
445	40
446	42
447	47
448	51
449	55
450	58
451	64
452	67
453	72
454	75
455	79
456	82
457	87
458	88
459	93
460	95
461	97
462	98
463	102
464	105
465	108
466	108
467	112
468	111
469	114
470	114
471	115
472	116
473	116
474	114
475	116
476	115
477	115
478	114
479	114
480	113
481	112
482	109
483	109
484	107
485	106
486	102
487	102
488	99
489	97
490	93
491	90
492	88
493	89
494	86
495	82
496	78
497	77
498	76
499	78
500	62
501	66
502	63
503	63
504	61
505	58
506	54
507	52
508	50
509	49
510	46
511	43
512	40
513	38
514	36
515	35
516	32
517	31
518	28
519	27
520	24
521	24
522	22
523	20
524	18
525	17
526	14
527	15
528	13
529	11
530	9
531	8
532	6
533	6
534	6
535	4
536	3
537	1
538	0
539	-1
540	-2
541	-2
542	-4
543	-5
544	-6
545	-7
546	-7
547	-8
548	-8
549	-9
550	-9
551	-10
552	-11
553	-11
554	-11
555	-11
556	-12
557	-11
558	-11
559	-11
560	-13
561	-11
562	-12
563	-11
564	-13
565	-14
566	-13
567	-13
568	-13
569	-13
570	-13
571	-15
572	-14
573	-14
574	-14
575	-14
576	-14
577	-14
578	-15
579	-15
580	-15
581	-14
582	-15
583	-15
584	-15
585	-15
586	-15
587	-15
588	-13
589	-14
590	-14
591	-15
592	-15
593	-14
594	-14
595	-14
596	-14
597	-14
598	-14
599	-14
600	-13
601	-14
602	-13
603	-13
604	-12
605	-13
606	-13
607	-12
608	-11
609	-11
610	-11
611	-11
612	-12
613	-10
614	-11
615	-9
616	-10
617	-9
618	-11
619	-11
620	-12
621	-11
622	-10
623	-9
624	-11
625	-11
626	-11
627	-9
628	-9
629	-8
630	-9
631	-8
632	-9
633	-9
634	-10
635	-9
636	-10
637	-9
638	-9
639	-8
640	-7
641	-8
642	-8
643	-7
644	-7
645	-7
646	-6
647	-7
648	-6
649	-4
650	-5
651	-4
652	-4
653	-4
654	-2
655	-3
656	-3
657	-3
658	-4
659	-2
660	-2
661	-3
662	-2
663	-2
664	-2
665	-1
666	-3
667	-2
668	-2
669	-3
670	-1
671	-1
672	-2
673	-2
674	-3
675	-2
676	-3
677	-1
678	-3
679	-1
680	-2
681	-2
682	-3
683	-3
684	-4
685	-3
686	-3
687	-3
688	-4
689	-4
690	-2
691	-3
692	-3
693	-2
694	-4
695	-3
696	-4
697	-3
698	-3
699	-2
700	-3
701	-2
702	-3
703	-3
704	-3
705	-2
706	-3
707	-3
708	-4
709	-2
710	-2
711	-1
712	-1
713	-1
714	-1
715	0
716	-3
717	-1
718	-1
719	-2
720	-3
721	-2
722	-3
723	-1
724	-3
725	-2
726	-3
727	-2
728	-3
729	-2
730	-3
731	-3
732	-2
733	-2
734	-3
735	-2
736	-2
737	-2
738	-2
739	-1
740	-2
741	0
742	-1
743	-1
744	0
745	-1
746	-1
747	-1
748	-2
749	0
750	-1
751	-1
752	-1
753	-1
754	-1
755	-1
756	-1
757	-1
758	-1
759	0
760	0
761	0
762	-1
763	0
764	0
765	-1
766	-1
767	0
768	-1
769	-1
770	-1
771	-2
772	-2
773	-1
774	-3
775	-2
776	-3
777	-2
778	-3
779	-1
780	-4
781	-4
782	-3
783	-2
784	-3
785	-4
786	-2
787	-4
788	-3
789	-4
790	-3
791	-2
792	-4
793	-3
794	-3
795	-3
796	-4
797	-4
798	-4
799	-3
800	-4
801	-2
802	-3
803	-2
804	-3
805	-1
806	-4
807	-2
808	-2
809	-2
810	-2
811	-2
812	-2
813	-1
814	-3
815	-2
816	-2
817	-2
818	-2
819	-2
820	-2
821	-1
822	-2
823	-2
824	-3
825	-2
826	-2
827	-2
828	-2
829	-1
830	-3
831	-1
832	-1
833	-2
834	-1
835	-2
836	-1
837	-1
838	-1
839	-1
840	-2
841	0
842	-2
843	-2
844	-1
845	-1
846	-2
847	-1
848	-1
849	-2
850	-2
851	-1
852	-2
853	-1
854	-2
855	-3
856	-3
857	-1
858	-1
859	-1
860	-1
861	-1
862	-1
863	-1
864	-2
865	-1
866	-1
867	-2
868	-2
869	-1
870	-1
871	-1
872	-1
873	-2
874	-1
875	-1
876	-1
877	-3
878	-2
879	0
880	-2
881	-2
882	-1
883	-1
884	-1
885	-3
886	-2
887	-2
888	-2
889	-2
890	-2
891	-2
892	-2
893	-2
894	-2
895	-1
896	-2
897	-2
898	-3
899	-2
900	-3
901	-2
902	-3
903	-2
904	-3
905	-2
906	-3
907	-3
908	-2
909	-3
910	-2
911	-2
912	-4
913	-1
914	-2
915	-1
916	-3
917	-2
918	-3
919	-4
920	-2
921	-3
922	-2
923	-1
924	-3
925	-3
926	-2
927	-3
928	-3
929	-2
930	-2
931	-3
932	-4
933	-2
934	-2
935	-2
936	-4
937	-2
938	-3
939	-2
940	-4
941	-1
942	-3
943	-2
944	-2
945	-1
946	-3
947	-2
948	-2
949	-1
950	-2
951	0
952	0
953	-1
954	-2
955	-1
956	-2
957	-1
958	-1
959	0
960	-1
961	0
962	-1
963	0
964	-1
965	0
966	-1
967	0
968	-1
969	0
970	-1
971	0
972	0
973	0
974	0
975	-1
976	0
977	-2
978	0
979	-1
980	-2
981	-1
982	-2
983	-1
984	-1
985	-2
986	-1
987	-1
988	-2
989	-2
990	-2
991	-2
992	-2
993	-1
994	-3
995	-2
996	-2
997	-1
998	-1
999	-1
1000	-2
1001	-2
1002	-2
1003	-1
1004	-1
1005	-2
1006	-3
1007	-2
1008	-2
1009	-2
1010	-3
1011	-3
1012	-3
1013	-2
1014	-3
1015	-2
1016	-4
1017	-2
1018	-2
1019	-2
1020	-3
1021	-2
1022	-3
1023	-1
1024	-2
1025	-2
1026	-3
1027	-2
1028	-3
1029	-2
1030	-3
1031	-1
1032	-2
1033	-2
1034	-3
1035	-1
1036	-3
1037	-1
1038	-3
1039	-1
1040	-1
1041	-2
1042	-2
1043	-2
1044	-1
1045	-1
1046	-2
1047	0
1048	-2
1049	0
1050	-1
1051	-2
1052	-2
1053	-2
1054	-1
1055	-1
1056	0
1057	-1
1058	-1
1059	-1
1060	-1
1061	-1
1062	-2
1063	-2
1064	0
1065	-2
1066	-2
1067	-1
1068	-2
1069	0
1070	-1
1071	-1
1072	-1
1073	-1
1074	-2
1075	0
1076	0
1077	-1
1078	-2
1079	0
1080	-1
1081	-1
1082	0
1083	0
1084	-1
1085	0
1086	-2
1087	0
1088	0
1089	0
1090	0
1091	0
1092	0
1093	0
1094	-1
1095	0
1096	0
1097	0
1098	0
1099	0
1100	0
1101	0
1102	-1
1103	0
1104	-1
1105	0
1106	-1
1107	-1
1108	-2
1109	0
1110	-2
1111	-2
1112	-1
1113	-1
1114	-1
1115	0
1116	-3
1117	-2
1118	-2
1119	-2
1120	-1
1121	-2
1122	-2
1123	-2
1124	-2
1125	-3
1126	-2
1127	-3
1128	-3
1129	-2
1130	-2
1131	-3
1132	-2
1133	-3
1134	-2
1135	-4
1136	-4
1137	-2
1138	-3
1139	-2
1140	-3
1141	-2
1142	-3
1143	-2
1144	-2
1145	-2
1146	-3
1147	-2
1148	-2
1149	-3
1150	-2
1151	-2
1152	-4
1153	-3
1154	-3
1155	-2
1156	-1
1157	-3
1158	-2
1159	-1
1160	-2
1161	-1
1162	-2
1163	-2
1164	-2
1165	-1
1166	-1
1167	-1
1168	0
1169	0
1170	-1
1171	0
1172	0
1173	0
1174	0
1175	0
1176	0
1177	1
1178	0
1179	0
1180	1
1181	0
1182	0
1183	0
1184	0
1185	0
1186	0
1187	0
1188	0
1189	0
1190	0
1191	0
1192	-1
1193	-1
1194	-1
1195	0
1196	-2
1197	0
1198	-2
1199	0
1200	-1
1201	-1
1202	-2
1203	-2
1204	-1
1205	-1
1206	-3
1207	-1
1208	-2
1209	-1
1210	-2
1211	0
1212	-1
1213	-1
1214	-1
1215	-1
1216	-1
1217	0
1218	-1
1219	0
1220	-1
1221	0
1222	0
1223	0
1224	0
1225	0
1226	0
1227	-1
1228	-1
1229	0
1230	-2
1231	-2
1232	-1
1233	-1
1234	-2
1235	-3
1236	-2
1237	-3
1238	-2
1239	-3
1240	-3
1241	-2
1242	-3
1243	-2
1244	-3
1245	-3
1246	-3
1247	-3
1248	-4
1249	-3
1250	-3
1251	-2
1252	-2
1253	-1
1254	-2
1255	-2
1256	-2
1257	-1
1258	-2
1259	-2
1260	-1
1261	0
1262	-1
1263	-1
1264	0
1265	0
1266	-1
1267	0
1268	0
1269	0
1270	0
1271	0
1272	0
1273	0
1274	1
1275	1
1276	0
1277	1
1278	1
1279	1
1280	1
1281	2
1282	0
1283	2
1284	1
1285	2
1286	2
1287	1
1288	0
1289	1
1290	2
1291	1
1292	2
1293	2
1294	2
1295	2
1296	1
1297	2
1298	1
1299	2
1300	0
1301	2
1302	0
1303	1
1304	1
1305	1
1306	1
1307	0
1308	1
1309	0
1310	0
1311	1
1312	-1
1313	0
1314	0
1315	1
1316	0
1317	1
1318	0
1319	0
1320	0
1321	1
1322	0
1323	0
1324	0
1325	0
1326	0
1327	0
1328	0
1329	0
1330	0
1331	0
1332	0
1333	0
1334	-1
1335	0
1336	-1
1337	-1
1338	-2
1339	-1
1340	-1
1341	-2
1342	-2
1343	-2
1344	-1
1345	-2
1346	-1
1347	-2
1348	-2
1349	-2
1350	-2
1351	-2
1352	-1
1353	-2
1354	-1
1355	-1
1356	0
1357	-1
1358	-1
1359	-1
1360	0
1361	0
1362	0
1363	-1
1364	0
1365	0
1366	-1
1367	0
1368	-2
1369	0
1370	-2
1371	0
1372	0
1373	0
1374	0
1375	0
1376	-1
1377	-1
1378	-1
1379	0
1380	-1
1381	-1
1382	0
1383	0
1384	0
1385	-1
1386	-1
1387	0
1388	-1
1389	0
1390	0
1391	0
1392	-1
1393	-1
1394	0
1395	-1
1396	0
1397	-2
1398	-2
1399	-1
1400	-1
1401	-1
1402	-1
1403	-1
1404	-1
1405	-1
1406	-2
1407	-1
1408	-2
1409	-3
1410	-1
1411	-2
1412	-1
1413	-2
1414	-3
1415	-2
1416	-3
1417	-2
1418	-4
1419	-2
1420	-1
1421	-2
1422	-1
1423	-1
1424	-2
1425	-1
1426	-2
1427	-1
1428	-2
1429	-2
1430	-2
1431	-1
1432	-1
1433	-1
1434	-1
1435	0
1436	-2
1437	-1
1438	-2
1439	-1
1440	0
1441	-2
1442	0
1443	0
1444	0
1445	0
1446	0
1447	0
1448	-1
1449	0
1450	0
1451	0
1452	0
1453	0
1454	0
1455	0
1456	1
1457	0
1458	0
1459	1
1460	1
1461	1
1462	1
1463	1
1464	1
1465	3
1466	2
1467	3
1468	1
1469	3
1470	2
1471	2
1472	1
1473	2
1474	2
1475	3
1476	2
1477	2
1478	1
1479	2
1480	2
1481	2
1482	2
1483	2
1484	0
1485	2
1486	1
1487	1
1488	1
1489	1
1490	0
1491	0
1492	0
1493	0
1494	0
1495	0
1496	0
1497	0
1498	0
1499	1
1500	0
1501	0
1502	0
1503	0
1504	-1
1505	0
1506	0
1507	0
1508	0
1509	0
1510	0
1511	0
1512	0
1513	0
1514	0
1515	0
1516	0
1517	0
1518	0
1519	0
1520	0
1521	0
1522	-2
1523	-1
1524	-2
1525	-1
1526	-1
1527	-1
1528	-1
1529	-1
1530	-1
1531	-2
1532	-2
1533	-2
1534	-2
1535	-2
1536	-2
1537	-2
1538	-1
1539	-3
1540	-2
1541	-1
1542	-2
1543	-2
1544	-1
1545	-1
1546	0
1547	-1
1548	-2
1549	0
1550	-1
1551	0
1552	-1
1553	0
1554	-1
1555	-1
1556	-2
1557	-1
1558	0
1559	0
1560	0
1561	0
1562	-1
1563	0
1564	0
1565	0
1566	0
1567	0
1568	0
1569	0
1570	0
1571	-1
1572	0
1573	0
1574	0
1575	-1
1576	0
1577	-1
1578	-2
1579	-1
1580	-1
1581	-1
1582	0
1583	0
1584	-1
1585	0
1586	-1
1587	0
1588	-1
1589	0
1590	-2
1591	-2
1592	-2
1593	-1
1594	-1
1595	-1
1596	-2
1597	-2
1598	0
1599	-1
1600	-1
1601	-1
1602	-1
1603	-1
1604	-2
1605	-1
1606	-1
1607	0
1608	0
1609	0
1610	-1
1611	0
1612	-1
1613	0
1614	-2
1615	0
1616	-1
1617	0
1618	-2
1619	0
1620	-1
1621	0
1622	0
1623	-1
1624	-1
1625	0
1626	0
1627	-2
1628	-1
1629	0
1630	-1
1631	0
1632	-1
1633	0
1634	0
1635	0
1636	-1
1637	0
1638	0
1639	0
1640	0
1641	0
1642	0
1643	0
1644	0
1645	0
1646	0
1647	0
1648	0
1649	0
1650	0
1651	-1
1652	-1
1653	-1
1654	-2
1655	0
1656	-1
1657	0
1658	-1
1659	0
1660	-2
1661	-1
1662	-1
1663	-1
1664	-2
1665	0
1666	-3
1667	-2
1668	-4
1669	-1
1670	-3
1671	-1
1672	-3
1673	-2
1674	-4
1675	-1
1676	-1
1677	-1
1678	-2
1679	-1
1680	-2
1681	-1
1682	-1
1683	-1
1684	-1
1685	-1
1686	-1
1687	-1
1688	-1
1689	0
1690	-1
1691	-1
1692	-1
1693	-1
1694	-1
1695	0
1696	0
1697	0
1698	0
1699	0
1700	0
1701	0
1702	0
1703	0
1704	0
1705	0
1706	0
1707	0
1708	0
1709	0
1710	0
1711	0
1712	0
1713	0
1714	-1
1715	0
1716	0
1717	0
1718	0
1719	0
1720	0
1721	0
1722	0
1723	0
1724	0
1725	0
1726	0
1727	0
1728	0
1729	0
1730	-1
1731	0
1732	-1
1733	0
1734	0
1735	0
1736	-1
1737	0
1738	0
1739	-1
1740	-1
1741	0
1742	0
1743	0
1744	0
1745	0
1746	-1
1747	0
1748	-1
1749	0
1750	0
1751	0
1752	0
1753	0
1754	-2
1755	0
1756	-1
1757	-1
1758	0
1759	0
1760	-1
1761	-1
1762	-1
1763	0
1764	0
1765	0
1766	0
1767	0
1768	0
1769	0
1770	-2
1771	0
1772	-1
1773	0
1774	0
1775	0
1776	0
1777	0
1778	0
1779	0
1780	0
1781	0
1782	-1
1783	-1
1784	-1
1785	-1
1786	-1
1787	-1
1788	0
1789	0
1790	-1
1791	0
1792	0
1793	0
1794	0
1795	0
1796	0
1797	0
1798	0
1799	0
1800	-1
1801	0
1802	-1
1803	0
1804	0
1805	0
1806	-1
1807	0
1808	0
1809	0
1810	0
1811	-1
1812	0
1813	0
1814	-1
1815	-2
1816	-1
1817	0
1818	-1
1819	0
1820	0
1821	0
1822	-1
1823	0
1824	-1
1825	0
1826	-1
1827	-1
1828	-2
1829	-1
1830	-2
1831	0
1832	-1
1833	0
1834	-2
1835	0
1836	-2
1837	0
1838	-1
1839	0
1840	0
1841	0
1842	-1
1843	0
1844	-1
1845	0
1846	0
1847	0
1848	0
1849	0
1850	0
1851	0
1852	0
1853	1
1854	0
1855	0
1856	-1
1857	0
1858	0
1859	0
1860	0
1861	0
1862	-1
1863	0
1864	0
1865	0
1866	0
1867	0
1868	0
1869	0
1870	0
1871	0
1872	-1
1873	0
1874	0
1875	0
1876	-1
1877	0
1878	0
1879	0
1880	-1
1881	-1
1882	-2
1883	0
1884	-1
1885	-1
1886	0
1887	-1
1888	-1
1889	-1
1890	-2
1891	0
1892	0
1893	-2
1894	0
1895	0
1896	0
1897	0
1898	0
1899	0
1900	-1
1901	0
1902	0
1903	0
1904	0
1905	0
1906	0
1907	0
1908	0
1909	0
1910	0
1911	0
1912	0
1913	0
1914	-1
1915	0
1916	-2
1917	0
1918	-1
1919	0
1920	0
1921	-1
1922	0
1923	-1
1924	0
1925	0
1926	0
1927	0
1928	0
1929	0
1930	0
1931	0
1932	0
1933	0
1934	0
1935	0
1936	0
1937	0
1938	0
1939	0
1940	-1
1941	0
1942	0
1943	-1
1944	-1
1945	0
1946	0
1947	-1
1948	0
1949	0
1950	-1
1951	0
1952	-1
1953	-1
1954	-1
1955	-1
1956	-1
1957	-1
1958	-1
1959	-1
1960	-1
1961	-1
1962	-1
1963	-1
1964	-1
1965	0
1966	-1
1967	-1
1968	0
1969	0
1970	0
1971	0
1972	0
1973	0
1974	0
1975	0
1976	0
1977	0
1978	0
1979	0
1980	0
1981	0
1982	0
1983	1
1984	0
1985	1
1986	0
1987	0
1988	0
1989	0
1990	0
1991	0
1992	0
1993	0
1994	0
1995	0
1996	0
1997	0
1998	-1
1999	-1
