0	0
1	1
2	0
3	1
4	0
5	1
6	0
7	0
8	0
9	1
10	0
11	1
12	0
13	0
14	0
15	1
16	0
17	0
18	0
19	0
20	0
21	0
22	0
23	0
24	0
25	0
26	0
27	0
28	0
29	0
30	0
31	0
32	0
33	1
34	0
35	1
36	0
37	0
38	0
39	0
40	0
41	1
42	0
43	0
44	0
45	1
46	0
47	0
48	0
49	0
50	0
51	1
52	0
53	1
54	0
55	0
56	0
57	1
58	0
59	0
60	0
61	0
62	0
63	0
64	0
65	0
66	0
67	0
68	0
69	1
70	0
71	1
72	0
73	1
74	0
75	1
76	0
77	0
78	0
79	0
80	0
81	0
82	0
83	0
84	0
85	0
86	0
87	1
88	0
89	0
90	0
91	0
92	0
93	0
94	0
95	1
96	0
97	1
98	0
99	0
100	0
101	0
102	0
103	0
104	0
105	0
106	0
107	0
108	0
109	0
110	0
111	1
112	0
113	1
114	0
115	1
116	0
117	0
118	0
119	0
120	0
121	1
122	0
123	1
124	0
125	0
126	0
127	1
128	0
129	0
130	0
131	2
132	0
133	1
134	0
135	1
136	0
137	1
138	0
139	2
140	0
141	0
142	0
143	0
144	0
145	0
146	0
147	0
148	0
149	0
150	0
151	0
152	0
153	0
154	0
155	0
156	0
157	0
158	0
159	0
160	0
161	1
162	0
163	0
164	0
165	0
166	0
167	1
168	0
169	0
170	0
171	0
172	0
173	0
174	0
175	0
176	0
177	0
178	0
179	0
180	0
181	0
182	0
183	0
184	0
185	0
186	0
187	0
188	0
189	0
190	0
191	1
192	0
193	1
194	0
195	0
196	0
197	0
198	0
199	0
200	0
201	1
202	0
203	0
204	0
205	0
206	0
207	0
208	0
209	1
210	0
211	1
212	0
213	0
214	0
215	1
216	0
217	1
218	0
219	1
220	0
221	0
222	0
223	0
224	0
225	1
226	0
227	1
228	0
229	1
230	0
231	1
232	0
233	0
234	0
235	1
236	0
237	0
238	0
239	0
240	0
241	0
242	0
243	1
244	0
245	0
246	0
247	0
248	0
249	1
250	0
251	0
252	0
253	0
254	0
255	1
256	0
257	0
258	0
259	0
260	0
261	0
262	0
263	0
264	0
265	0
266	0
267	0
268	0
269	0
270	0
271	1
272	0
273	0
274	0
275	1
276	0
277	1
278	0
279	0
280	0
281	0
282	0
283	0
284	0
285	2
286	0
287	0
288	0
289	1
290	0
291	0
292	0
293	0
294	0
295	0
296	0
297	0
298	0
299	0
300	0
301	0
302	0
303	1
304	0
305	1
306	0
307	0
308	0
309	0
310	0
311	0
312	0
313	0
314	0
315	0
316	0
317	1
318	0
319	1
320	0
321	0
322	0
323	0
324	0
325	0
326	0
327	1
328	0
329	1
330	0
331	0
332	0
333	0
334	0
335	0
336	0
337	0
338	0
339	0
340	0
341	0
342	0
343	0
344	0
345	1
346	0
347	1
348	0
349	0
350	0
351	1
352	0
353	0
354	0
355	0
356	0
357	0
358	0
359	0
360	0
361	0
362	0
363	0
364	0
365	0
366	0
367	0
368	0
369	1
370	0
371	0
372	0
373	1
374	0
375	0
376	0
377	1
378	0
379	0
380	0
381	0
382	0
383	1
384	0
385	0
386	0
387	1
388	0
389	0
390	0
391	0
392	0
393	0
394	0
395	1
396	0
397	1
398	0
399	1
400	0
401	0
402	0
403	0
404	0
405	0
406	0
407	0
408	0
409	0
410	0
411	0
412	0
413	0
414	0
415	0
416	0
417	0
418	0
419	0
420	0
421	0
422	0
423	0
424	0
425	0
426	0
427	0
428	0
429	1
430	0
431	0
432	0
433	1
434	0
435	2
436	0
437	0
438	0
439	0
440	0
441	1
442	1
443	2
444	3
445	4
446	4
447	6
448	5
449	9
450	10
451	11
452	12
453	16
454	16
455	18
456	18
457	22
458	22
459	26
460	26
461	30
462	30
463	33
464	33
465	37
466	38
467	40
468	40
469	43
470	45
471	48
472	47
473	50
474	50
475	56
476	53
477	58
478	57
479	60
480	60
481	63
482	62
483	65
484	63
485	67
486	64
487	68
488	66
489	70
490	68
491	70
492	69
493	72
494	71
495	72
496	73
497	73
498	73
499	78
500	62
501	73
502	68
503	70
504	68
505	69
506	67
507	69
508	64
509	67
510	62
511	65
512	60
513	61
514	57
515	59
516	56
517	57
518	55
519	56
520	52
521	53
522	49
523	52
524	45
525	47
526	43
527	46
528	41
529	43
530	38
531	41
532	37
533	40
534	34
535	38
536	32
537	33
538	30
539	30
540	27
541	29
542	25
543	26
544	24
545	25
546	23
547	25
548	22
549	24
550	19
551	22
552	17
553	22
554	17
555	18
556	14
557	17
558	13
559	16
560	10
561	13
562	10
563	14
564	8
565	12
566	7
567	10
568	6
569	9
570	6
571	7
572	5
573	7
574	4
575	5
576	5
577	5
578	4
579	5
580	3
581	4
582	3
583	4
584	1
585	4
586	1
587	3
588	1
589	3
590	0
591	2
592	0
593	2
594	0
595	1
596	0
597	0
598	0
599	0
600	0
601	1
602	0
603	0
604	0
605	0
606	0
607	0
608	0
609	0
610	0
611	0
612	0
613	0
614	0
615	0
616	0
617	0
618	0
619	0
620	0
621	0
622	0
623	0
624	0
625	0
626	0
627	0
628	0
629	0
630	0
631	0
632	0
633	0
634	0
635	0
636	0
637	0
638	0
639	0
640	0
641	0
642	0
643	0
644	0
645	0
646	0
647	0
648	0
649	0
650	0
651	0
652	0
653	0
654	0
655	0
656	0
657	0
658	0
659	0
660	0
661	0
662	0
663	0
664	-1
665	0
666	0
667	0
668	0
669	0
670	0
671	0
672	0
673	0
674	0
675	0
676	0
677	0
678	0
679	0
680	0
681	0
682	0
683	0
684	0
685	1
686	0
687	0
688	0
689	0
690	0
691	0
692	0
693	0
694	0
695	0
696	0
697	0
698	0
699	0
700	0
701	0
702	0
703	0
704	0
705	0
706	-1
707	0
708	0
709	0
710	0
711	0
712	0
713	0
714	-1
715	0
716	0
717	0
718	-1
719	0
720	0
721	0
722	0
723	0
724	0
725	0
726	0
727	0
728	-1
729	0
730	0
731	0
732	0
733	0
734	0
735	0
736	0
737	0
738	0
739	0
740	0
741	0
742	0
743	0
744	0
745	0
746	0
747	0
748	0
749	0
750	0
751	0
752	0
753	0
754	0
755	0
756	-1
757	0
758	0
759	0
760	0
761	0
762	0
763	0
764	0
765	0
766	0
767	0
768	-1
769	0
770	0
771	0
772	0
773	0
774	0
775	0
776	-1
777	0
778	-1
779	0
780	-1
781	0
782	0
783	0
784	-1
785	0
786	-2
787	0
788	-2
789	0
790	-1
791	0
792	0
793	0
794	0
795	0
796	-1
797	0
798	0
799	0
800	0
801	0
802	0
803	0
804	0
805	0
806	-1
807	0
808	-1
809	0
810	0
811	0
812	0
813	0
814	0
815	0
816	-1
817	0
818	0
819	0
820	0
821	0
822	-1
823	0
824	0
825	0
826	0
827	0
828	-1
829	0
830	0
831	0
832	0
833	0
834	0
835	0
836	0
837	0
838	0
839	0
840	-2
841	0
842	0
843	0
844	0
845	0
846	0
847	0
848	0
849	0
850	-1
851	0
852	-1
853	0
854	0
855	0
856	-1
857	0
858	0
859	0
860	0
861	0
862	-1
863	0
864	-1
865	0
866	0
867	0
868	-2
869	0
870	-1
871	0
872	-1
873	0
874	-1
875	0
876	0
877	0
878	0
879	0
880	-1
881	0
882	0
883	0
884	-1
885	0
886	-1
887	0
888	0
889	0
890	-1
891	0
892	-1
893	0
894	0
895	0
896	-1
897	0
898	-1
899	0
900	0
901	0
902	-1
903	0
904	-1
905	0
906	-2
907	0
908	-1
909	0
910	-1
911	0
912	0
913	0
914	0
915	0
916	-1
917	0
918	0
919	0
920	-1
921	0
922	0
923	0
924	-1
925	0
926	0
927	0
928	0
929	0
930	0
931	0
932	-1
933	0
934	0
935	0
936	0
937	0
938	-1
939	0
940	0
941	0
942	0
943	0
944	0
945	0
946	0
947	0
948	-1
949	0
950	-1
951	0
952	0
953	0
954	0
955	0
956	-1
957	0
958	-1
959	0
960	0
961	0
962	-1
963	0
964	0
965	0
966	-1
967	0
968	0
969	0
970	0
971	0
972	0
973	0
974	0
975	0
976	0
977	0
978	-1
979	0
980	-1
981	0
982	0
983	0
984	-2
985	0
986	0
987	0
988	-2
989	0
990	0
991	0
992	0
993	0
994	0
995	0
996	0
997	0
998	0
999	-1
1000	-1
1001	0
1002	0
1003	0
1004	0
1005	0
1006	0
1007	0
1008	-1
1009	0
1010	-1
1011	0
1012	-1
1013	0
1014	0
1015	0
1016	-1
1017	0
1018	-1
1019	0
1020	0
1021	0
1022	-1
1023	0
1024	-1
1025	0
1026	0
1027	0
1028	0
1029	0
1030	0
1031	0
1032	-1
1033	0
1034	-1
1035	0
1036	-1
1037	0
1038	0
1039	0
1040	-2
1041	0
1042	-3
1043	0
1044	-2
1045	0
1046	0
1047	0
1048	-2
1049	0
1050	-1
1051	0
1052	-2
1053	0
1054	-1
1055	0
1056	-2
1057	0
1058	-1
1059	0
1060	-1
1061	0
1062	0
1063	0
1064	-1
1065	0
1066	0
1067	0
1068	0
1069	0
1070	-1
1071	0
1072	0
1073	0
1074	0
1075	0
1076	0
1077	0
1078	-1
1079	0
1080	0
1081	0
1082	0
1083	0
1084	-1
1085	0
1086	0
1087	0
1088	-1
1089	0
1090	-1
1091	0
1092	-1
1093	0
1094	0
1095	0
1096	-1
1097	0
1098	-1
1099	0
1100	-1
1101	0
1102	-1
1103	0
1104	-2
1105	0
1106	-2
1107	0
1108	0
1109	0
1110	-1
1111	0
1112	-1
1113	0
1114	-2
1115	0
1116	-1
1117	0
1118	0
1119	0
1120	0
1121	0
1122	0
1123	0
1124	0
1125	0
1126	-2
1127	0
1128	-2
1129	0
1130	-1
1131	0
1132	-2
1133	0
1134	0
1135	0
1136	-1
1137	0
1138	-1
1139	0
1140	-1
1141	0
1142	0
1143	0
1144	0
1145	0
1146	0
1147	0
1148	0
1149	0
1150	-1
1151	0
1152	-1
1153	0
1154	-1
1155	0
1156	-1
1157	0
1158	0
1159	-1
1160	-1
1161	-1
1162	-1
1163	-1
1164	-1
1165	0
1166	-2
1167	0
1168	-2
1169	0
1170	-1
1171	0
1172	-1
1173	0
1174	-1
1175	0
1176	0
1177	0
1178	-1
1179	0
1180	0
1181	0
1182	0
1183	0
1184	0
1185	0
1186	0
1187	0
1188	0
1189	0
1190	-2
1191	0
1192	-1
1193	0
1194	0
1195	0
1196	0
1197	0
1198	0
1199	0
1200	0
1201	0
1202	-1
1203	0
1204	-1
1205	0
1206	0
1207	0
1208	-1
1209	0
1210	-1
1211	0
1212	-1
1213	0
1214	-2
1215	-1
1216	-1
1217	-1
1218	-1
1219	-1
1220	-1
1221	0
1222	0
1223	-1
1224	-1
1225	-1
1226	-2
1227	-1
1228	-1
1229	0
1230	0
1231	0
1232	-1
1233	0
1234	-1
1235	0
1236	0
1237	0
1238	-1
1239	0
1240	-1
1241	0
1242	-1
1243	0
1244	0
1245	0
1246	0
1247	0
1248	0
1249	0
1250	0
1251	0
1252	0
1253	0
1254	0
1255	0
1256	-1
1257	0
1258	0
1259	0
1260	-1
1261	0
1262	-3
1263	0
1264	-1
1265	0
1266	-1
1267	0
1268	-2
1269	0
1270	-1
1271	0
1272	-1
1273	0
1274	-2
1275	0
1276	-1
1277	0
1278	-1
1279	0
1280	-2
1281	0
1282	-2
1283	0
1284	-1
1285	-1
1286	-1
1287	0
1288	-2
1289	0
1290	-1
1291	0
1292	0
1293	0
1294	0
1295	0
1296	0
1297	0
1298	-1
1299	0
1300	-1
1301	0
1302	0
1303	0
1304	-1
1305	0
1306	0
1307	0
1308	0
1309	0
1310	0
1311	0
1312	0
1313	0
1314	-1
1315	0
1316	0
1317	0
1318	-1
1319	0
1320	-1
1321	0
1322	0
1323	0
1324	-1
1325	0
1326	0
1327	0
1328	0
1329	0
1330	0
1331	0
1332	0
1333	0
1334	0
1335	0
1336	-1
1337	0
1338	-2
1339	0
1340	-1
1341	0
1342	0
1343	0
1344	0
1345	0
1346	-2
1347	0
1348	-1
1349	-1
1350	-2
1351	0
1352	0
1353	-1
1354	-1
1355	-2
1356	-2
1357	-1
1358	-1
1359	0
1360	0
1361	0
1362	-1
1363	0
1364	0
1365	0
1366	-1
1367	0
1368	-1
1369	0
1370	0
1371	0
1372	0
1373	0
1374	0
1375	0
1376	0
1377	0
1378	0
1379	0
1380	0
1381	0
1382	-1
1383	0
1384	0
1385	0
1386	0
1387	0
1388	-1
1389	0
1390	0
1391	0
1392	-1
1393	0
1394	-1
1395	0
1396	0
1397	0
1398	0
1399	0
1400	-1
1401	0
1402	0
1403	0
1404	0
1405	0
1406	-1
1407	0
1408	-2
1409	0
1410	-1
1411	0
1412	-1
1413	0
1414	-1
1415	0
1416	-1
1417	0
1418	-1
1419	0
1420	0
1421	0
1422	0
1423	0
1424	0
1425	0
1426	0
1427	0
1428	0
1429	0
1430	0
1431	0
1432	0
1433	0
1434	0
1435	0
1436	0
1437	0
1438	0
1439	0
1440	-1
1441	0
1442	-1
1443	0
1444	0
1445	0
1446	0
1447	0
1448	-1
1449	0
1450	-1
1451	0
1452	0
1453	0
1454	0
1455	-1
1456	0
1457	0
1458	0
1459	0
1460	0
1461	0
1462	0
1463	0
1464	0
1465	0
1466	0
1467	0
1468	-1
1469	0
1470	0
1471	0
1472	0
1473	0
1474	-1
1475	0
1476	-1
1477	0
1478	0
1479	0
1480	0
1481	0
1482	0
1483	0
1484	0
1485	0
1486	0
1487	0
1488	0
1489	0
1490	0
1491	0
1492	0
1493	0
1494	0
1495	0
1496	0
1497	0
1498	0
1499	0
1500	0
1501	0
1502	0
1503	0
1504	-1
1505	0
1506	0
1507	0
1508	0
1509	0
1510	0
1511	0
1512	0
1513	0
1514	0
1515	0
1516	-1
1517	0
1518	0
1519	0
1520	-1
1521	0
1522	-1
1523	0
1524	0
1525	0
1526	0
1527	0
1528	0
1529	0
1530	0
1531	0
1532	0
1533	0
1534	0
1535	0
1536	0
1537	0
1538	0
1539	0
1540	-1
1541	0
1542	-1
1543	0
1544	-2
1545	0
1546	0
1547	0
1548	-1
1549	0
1550	-1
1551	0
1552	-1
1553	0
1554	-1
1555	0
1556	0
1557	0
1558	0
1559	0
1560	0
1561	0
1562	0
1563	0
1564	0
1565	0
1566	0
1567	0
1568	0
1569	0
1570	0
1571	0
1572	-1
1573	0
1574	0
1575	0
1576	0
1577	0
1578	0
1579	0
1580	0
1581	0
1582	0
1583	0
1584	0
1585	0
1586	0
1587	0
1588	0
1589	0
1590	0
1591	0
1592	-1
1593	0
1594	0
1595	0
1596	0
1597	-1
1598	-1
1599	0
1600	0
1601	0
1602	0
1603	0
1604	0
1605	0
1606	0
1607	0
1608	0
1609	0
1610	0
1611	1
1612	0
1613	1
1614	0
1615	1
1616	0
1617	2
1618	0
1619	1
1620	1
1621	1
1622	0
1623	1
1624	0
1625	1
1626	1
1627	2
1628	1
1629	1
1630	0
1631	1
1632	0
1633	1
1634	0
1635	1
1636	1
1637	1
1638	0
1639	1
1640	0
1641	1
1642	0
1643	1
1644	0
1645	1
1646	1
1647	1
1648	0
1649	1
1650	0
1651	1
1652	1
1653	1
1654	0
1655	0
1656	0
1657	1
1658	0
1659	0
1660	0
1661	0
1662	0
1663	0
1664	0
1665	0
1666	0
1667	1
1668	-1
1669	0
1670	0
1671	0
1672	0
1673	0
1674	0
1675	0
1676	0
1677	1
1678	-1
1679	0
1680	0
1681	0
1682	-1
1683	0
1684	0
1685	0
1686	0
1687	0
1688	0
1689	0
1690	0
1691	0
1692	0
1693	0
1694	0
1695	0
1696	0
1697	0
1698	0
1699	0
1700	0
1701	0
1702	0
1703	0
1704	0
1705	0
1706	0
1707	0
1708	0
1709	0
1710	0
1711	0
1712	0
1713	0
1714	0
1715	0
1716	0
1717	0
1718	0
1719	0
1720	-1
1721	0
1722	0
1723	0
1724	0
1725	0
1726	0
1727	0
1728	0
1729	0
1730	0
1731	0
1732	-1
1733	0
1734	0
1735	0
1736	0
1737	0
1738	-1
1739	0
1740	0
1741	0
1742	0
1743	0
1744	0
1745	0
1746	0
1747	0
1748	0
1749	0
1750	0
1751	0
1752	-1
1753	0
1754	0
1755	0
1756	-1
1757	0
1758	0
1759	0
1760	0
1761	0
1762	0
1763	0
1764	0
1765	0
1766	0
1767	0
1768	-1
1769	0
1770	-1
1771	0
1772	0
1773	0
1774	-1
1775	0
1776	-1
1777	0
1778	-1
1779	0
1780	-1
1781	0
1782	-1
1783	0
1784	0
1785	0
1786	0
1787	0
1788	0
1789	0
1790	-1
1791	0
1792	0
1793	0
1794	0
1795	0
1796	0
1797	0
1798	0
1799	0
1800	0
1801	0
1802	0
1803	0
1804	0
1805	0
1806	-1
1807	1
1808	1
1809	0
1810	0
1811	0
1812	0
1813	0
1814	0
1815	0
1816	0
1817	0
1818	0
1819	0
1820	0
1821	1
1822	0
1823	0
1824	0
1825	0
1826	0
1827	0
1828	-1
1829	0
1830	0
1831	0
1832	0
1833	0
1834	0
1835	0
1836	0
1837	0
1838	0
1839	0
1840	0
1841	0
1842	-1
1843	0
1844	0
1845	0
1846	-1
1847	0
1848	-1
1849	0
1850	-1
1851	0
1852	0
1853	0
1854	0
1855	0
1856	-1
1857	0
1858	-1
1859	0
1860	-1
1861	0
1862	0
1863	0
1864	-1
1865	0
1866	0
1867	0
1868	0
1869	0
1870	-1
1871	0
1872	-1
1873	0
1874	-1
1875	0
1876	-1
1877	0
1878	0
1879	0
1880	0
1881	0
1882	0
1883	0
1884	0
1885	0
1886	0
1887	0
1888	0
1889	0
1890	0
1891	0
1892	0
1893	0
1894	0
1895	0
1896	0
1897	0
1898	0
1899	0
1900	0
1901	0
1902	-1
1903	0
1904	-1
1905	0
1906	-1
1907	0
1908	0
1909	0
1910	-1
1911	0
1912	-1
1913	0
1914	-1
1915	0
1916	-1
1917	0
1918	0
1919	0
1920	0
1921	0
1922	-1
1923	0
1924	0
1925	0
1926	-2
1927	0
1928	-1
1929	0
1930	0
1931	0
1932	0
1933	0
1934	0
1935	0
1936	0
1937	0
1938	0
1939	1
1940	0
1941	0
1942	0
1943	0
1944	-1
1945	0
1946	0
1947	0
1948	-1
1949	0
1950	-1
1951	0
1952	0
1953	0
1954	0
1955	0
1956	-1
1957	0
1958	0
1959	0
1960	0
1961	0
1962	0
1963	0
1964	0
1965	0
1966	0
1967	0
1968	0
1969	0
1970	-1
1971	0
1972	-1
1973	0
1974	0
1975	0
1976	0
1977	0
1978	0
1979	0
1980	0
1981	0
1982	-1
1983	0
1984	0
1985	0
1986	0
1987	0
1988	0
1989	0
1990	0
1991	0
1992	-1
1993	0
1994	0
1995	0
1996	0
1997	0
1998	0
1999	0
