0	0
1	0
2	0
3	0
4	0
5	0
6	0
7	1
8	1
9	1
10	1
11	0
12	0
13	0
14	1
15	0
16	1
17	1
18	0
19	0
20	2
21	1
22	1
23	0
24	1
25	0
26	0
27	0
28	1
29	0
30	1
31	0
32	0
33	0
34	0
35	0
36	1
37	0
38	0
39	0
40	0
41	0
42	0
43	0
44	0
45	0
46	0
47	0
48	0
49	0
50	0
51	0
52	0
53	0
54	0
55	0
56	0
57	0
58	0
59	0
60	0
61	0
62	0
63	0
64	0
65	0
66	0
67	0
68	0
69	0
70	0
71	0
72	0
73	0
74	0
75	2
76	0
77	1
78	0
79	1
80	0
81	1
82	1
83	0
84	0
85	1
86	0
87	0
88	0
89	0
90	0
91	0
92	0
93	0
94	0
95	0
96	0
97	0
98	0
99	0
100	0
101	0
102	0
103	0
104	0
105	0
106	0
107	0
108	0
109	0
110	0
111	0
112	0
113	0
114	0
115	0
116	0
117	0
118	0
119	0
120	0
121	0
122	0
123	1
124	0
125	0
126	0
127	0
128	0
129	0
130	1
131	0
132	0
133	1
134	0
135	2
136	1
137	0
138	0
139	0
140	0
141	1
142	1
143	2
144	1
145	1
146	0
147	1
148	1
149	1
150	1
151	1
152	0
153	1
154	0
155	1
156	0
157	0
158	0
159	0
160	0
161	0
162	0
163	0
164	0
165	0
166	0
167	0
168	0
169	1
170	0
171	0
172	0
173	0
174	0
175	0
176	0
177	0
178	0
179	0
180	1
181	0
182	1
183	0
184	0
185	0
186	1
187	0
188	0
189	0
190	0
191	0
192	0
193	0
194	0
195	0
196	0
197	0
198	0
199	0
200	0
201	0
202	0
203	0
204	0
205	0
206	0
207	0
208	0
209	0
210	0
211	0
212	0
213	0
214	0
215	0
216	0
217	0
218	0
219	0
220	0
221	0
222	0
223	0
224	0
225	0
226	0
227	1
228	0
229	0
230	0
231	0
232	0
233	0
234	1
235	1
236	1
237	0
238	1
239	1
240	1
241	0
242	0
243	1
244	2
245	0
246	2
247	1
248	1
249	0
250	0
251	0
252	0
253	1
254	0
255	1
256	0
257	1
258	0
259	1
260	0
261	0
262	0
263	0
264	0
265	0
266	0
267	1
268	0
269	0
270	0
271	0
272	0
273	1
274	0
275	2
276	0
277	1
278	0
279	2
280	0
281	1
282	0
283	0
284	0
285	0
286	0
287	0
288	0
289	0
290	0
291	0
292	0
293	0
294	0
295	0
296	0
297	0
298	0
299	0
300	0
301	0
302	0
303	0
304	0
305	0
306	0
307	0
308	0
309	0
310	0
311	0
312	0
313	1
314	0
315	1
316	0
317	0
318	0
319	0
320	0
321	0
322	0
323	0
324	1
325	0
326	0
327	0
328	0
329	1
330	0
331	0
332	1
333	1
334	0
335	1
336	1
337	0
338	1
339	0
340	0
341	0
342	0
343	0
344	0
345	0
346	0
347	0
348	0
349	0
350	0
351	0
352	0
353	0
354	0
355	0
356	0
357	0
358	0
359	0
360	1
361	1
362	1
363	1
364	0
365	1
366	1
367	1
368	1
369	1
370	1
371	0
372	1
373	1
374	0
375	1
376	1
377	0
378	1
379	0
380	0
381	0
382	0
383	0
384	0
385	0
386	0
387	0
388	0
389	0
390	0
391	0
392	0
393	0
394	0
395	0
396	0
397	0
398	0
399	0
400	0
401	0
402	0
403	0
404	0
405	0
406	-1
407	0
408	0
409	0
410	0
411	0
412	0
413	0
414	0
415	0
416	0
417	0
418	0
419	1
420	1
421	0
422	0
423	1
424	0
425	0
426	0
427	0
428	1
429	1
430	3
431	3
432	5
433	7
434	9
435	11
436	15
437	17
438	20
439	24
440	27
441	30
442	32
443	39
444	42
445	44
446	48
447	53
448	56
449	60
450	64
451	67
452	71
453	76
454	78
455	82
456	86
457	89
458	92
459	96
460	97
461	101
462	101
463	106
464	106
465	109
466	110
467	113
468	112
469	115
470	114
471	116
472	117
473	116
474	116
475	116
476	116
477	117
478	116
479	115
480	112
481	111
482	110
483	107
484	107
485	104
486	101
487	102
488	98
489	96
490	94
491	92
492	90
493	89
494	84
495	80
496	78
497	77
498	77
499	78
500	62
501	66
502	64
503	63
504	61
505	57
506	55
507	53
508	50
509	49
510	47
511	44
512	43
513	40
514	37
515	37
516	34
517	32
518	31
519	30
520	28
521	26
522	25
523	22
524	21
525	21
526	18
527	19
528	18
529	15
530	14
531	12
532	12
533	11
534	9
535	8
536	7
537	7
538	6
539	6
540	4
541	4
542	3
543	3
544	2
545	1
546	1
547	0
548	0
549	-1
550	-1
551	-2
552	-3
553	0
554	-2
555	-3
556	-4
557	-4
558	-4
559	-3
560	-5
561	-5
562	-5
563	-5
564	-5
565	-4
566	-5
567	-6
568	-6
569	-5
570	-4
571	-6
572	-5
573	-5
574	-6
575	-5
576	-6
577	-6
578	-7
579	-6
580	-8
581	-6
582	-7
583	-5
584	-7
585	-4
586	-6
587	-6
588	-7
589	-6
590	-6
591	-6
592	-5
593	-7
594	-8
595	-6
596	-8
597	-6
598	-7
599	-6
600	-5
601	-6
602	-5
603	-5
604	-5
605	-6
606	-4
607	-4
608	-5
609	-4
610	-5
611	-5
612	-2
613	-4
614	-5
615	-4
616	-4
617	-3
618	-3
619	-3
620	-3
621	-3
622	-3
623	-4
624	-4
625	-4
626	-4
627	-2
628	-4
629	-4
630	-3
631	-3
632	-4
633	-3
634	-3
635	-3
636	-3
637	-3
638	-4
639	-4
640	-4
641	-3
642	-3
643	-3
644	-3
645	-3
646	-3
647	-4
648	-3
649	-3
650	-3
651	-2
652	-5
653	-3
654	-3
655	-3
656	-3
657	-2
658	-4
659	-1
660	-2
661	-1
662	-3
663	-2
664	0
665	-3
666	-2
667	-1
668	-2
669	-2
670	-1
671	0
672	-2
673	-1
674	-1
675	-1
676	-1
677	-1
678	-2
679	0
680	-1
681	-1
682	-2
683	0
684	-1
685	-1
686	-1
687	-1
688	-1
689	0
690	-1
691	0
692	0
693	-2
694	-1
695	-1
696	-1
697	-1
698	-1
699	0
700	-4
701	-1
702	-2
703	-2
704	-1
705	-2
706	-2
707	-2
708	-2
709	-2
710	-1
711	-1
712	-1
713	-2
714	-3
715	-2
716	-2
717	-1
718	-2
719	-2
720	-3
721	-1
722	-2
723	-2
724	-3
725	-1
726	-3
727	-1
728	-2
729	-2
730	-3
731	-3
732	-3
733	-4
734	-3
735	-3
736	-2
737	-4
738	-3
739	-3
740	-3
741	-3
742	-4
743	-4
744	-3
745	-3
746	-4
747	-4
748	-3
749	-3
750	-3
751	-3
752	-2
753	-3
754	-4
755	-3
756	-3
757	-3
758	-4
759	-3
760	-4
761	-3
762	-2
763	-3
764	-4
765	-2
766	-3
767	-2
768	-3
769	-3
770	-3
771	-1
772	-3
773	-4
774	-3
775	-2
776	-1
777	-2
778	-2
779	-3
780	-2
781	-3
782	-3
783	-2
784	-3
785	-3
786	-4
787	-2
788	-4
789	-2
790	-3
791	-3
792	-4
793	-3
794	-4
795	-3
796	-3
797	-4
798	-4
799	-3
800	-2
801	-2
802	-1
803	-3
804	-2
805	-1
806	-3
807	-1
808	-3
809	-2
810	-2
811	-2
812	-2
813	-4
814	-1
815	-3
816	-3
817	-3
818	-4
819	-1
820	-3
821	-2
822	-4
823	-4
824	-3
825	-3
826	-4
827	-2
828	-3
829	-1
830	-3
831	-2
832	-3
833	-3
834	-4
835	-4
836	-3
837	-3
838	-3
839	-2
840	-3
841	-3
842	-2
843	-3
844	-4
845	-2
846	-3
847	-4
848	-3
849	-3
850	-2
851	-2
852	-3
853	-1
854	-3
855	0
856	-2
857	-1
858	-3
859	-2
860	-3
861	-2
862	-4
863	-1
864	-2
865	-3
866	0
867	-3
868	-2
869	-3
870	-3
871	-2
872	-3
873	-4
874	-4
875	-2
876	-4
877	-2
878	-3
879	-2
880	-3
881	-3
882	-2
883	-1
884	-2
885	-2
886	-2
887	-3
888	-2
889	-3
890	-2
891	-3
892	-3
893	-3
894	-2
895	-1
896	-2
897	-1
898	-1
899	-1
900	-1
901	0
902	-1
903	-1
904	0
905	0
906	0
907	0
908	0
909	0
910	0
911	0
912	0
913	0
914	0
915	1
916	0
917	1
918	0
919	1
920	0
921	1
922	0
923	0
924	0
925	0
926	0
927	0
928	0
929	0
930	0
931	0
932	-1
933	0
934	0
935	0
936	0
937	0
938	-1
939	0
940	-1
941	0
942	-1
943	0
944	-3
945	-1
946	-2
947	-1
948	-2
949	-2
950	0
951	0
952	-3
953	0
954	-2
955	-2
956	-3
957	-4
958	-3
959	-4
960	-3
961	-3
962	-3
963	-4
964	-3
965	-4
966	-5
967	-3
968	-3
969	-4
970	-4
971	-4
972	-4
973	-5
974	-4
975	-5
976	-4
977	-3
978	-5
979	-3
980	-4
981	-2
982	-4
983	-1
984	-3
985	-2
986	-2
987	-2
988	-2
989	-1
990	-3
991	-2
992	-1
993	-1
994	0
995	0
996	0
997	0
998	0
999	0
1000	0
1001	0
1002	0
1003	0
1004	1
1005	0
1006	0
1007	0
1008	0
1009	0
1010	0
1011	0
1012	0
1013	0
1014	0
1015	0
1016	0
1017	0
1018	-1
1019	0
1020	-2
1021	0
1022	-2
1023	1
1024	-1
1025	-1
1026	0
1027	0
1028	0
1029	0
1030	0
1031	0
1032	-1
1033	-1
1034	-1
1035	-1
1036	-1
1037	0
1038	-1
1039	0
1040	0
1041	0
1042	-1
1043	0
1044	-2
1045	-1
1046	-1
1047	0
1048	0
1049	-1
1050	0
1051	-1
1052	-1
1053	-1
1054	0
1055	0
1056	0
1057	0
1058	0
1059	-1
1060	-1
1061	-2
1062	-2
1063	-1
1064	-2
1065	-1
1066	-2
1067	-2
1068	-2
1069	-2
1070	-2
1071	-2
1072	-3
1073	-1
1074	-3
1075	-2
1076	-3
1077	-2
1078	-3
1079	-1
1080	-3
1081	-3
1082	-4
1083	-2
1084	-3
1085	-1
1086	-2
1087	-2
1088	-2
1089	-2
1090	-2
1091	-2
1092	-1
1093	0
1094	-3
1095	-2
1096	-3
1097	-2
1098	-3
1099	-2
1100	-3
1101	-3
1102	-4
1103	-2
1104	-2
1105	-3
1106	-2
1107	-2
1108	-2
1109	-2
1110	-2
1111	-2
1112	-3
1113	-4
1114	-3
1115	-3
1116	-3
1117	-1
1118	-2
1119	-1
1120	-2
1121	-1
1122	-2
1123	0
1124	-1
1125	0
1126	-1
1127	-1
1128	-2
1129	-1
1130	0
1131	0
1132	0
1133	0
1134	0
1135	0
1136	0
1137	0
1138	0
1139	0
1140	0
1141	0
1142	0
1143	0
1144	0
1145	1
1146	0
1147	0
1148	0
1149	0
1150	0
1151	0
1152	-1
1153	0
1154	-1
1155	-1
1156	0
1157	0
1158	0
1159	0
1160	-2
1161	-1
1162	-1
1163	0
1164	0
1165	0
1166	0
1167	0
1168	0
1169	0
1170	0
1171	0
1172	0
1173	0
1174	0
1175	0
1176	0
1177	0
1178	0
1179	0
1180	0
1181	0
1182	0
1183	0
1184	-1
1185	-1
1186	-1
1187	-1
1188	-1
1189	-1
1190	-1
1191	-1
1192	-1
1193	-1
1194	-2
1195	-1
1196	-2
1197	-1
1198	-1
1199	-2
1200	-2
1201	-2
1202	-2
1203	-2
1204	-2
1205	0
1206	-3
1207	0
1208	-2
1209	0
1210	-1
1211	-2
1212	-2
1213	-1
1214	-2
1215	0
1216	-3
1217	0
1218	-2
1219	-1
1220	-1
1221	-1
1222	-2
1223	-2
1224	-2
1225	-2
1226	-1
1227	-1
1228	0
1229	-1
1230	-1
1231	-2
1232	-2
1233	0
1234	-1
1235	-1
1236	-2
1237	-2
1238	-1
1239	-2
1240	-3
1241	-1
1242	-3
1243	0
1244	-2
1245	0
1246	0
1247	0
1248	-1
1249	-1
1250	-3
1251	-1
1252	-1
1253	0
1254	-2
1255	-1
1256	-2
1257	-1
1258	-2
1259	-1
1260	-3
1261	-2
1262	-3
1263	-2
1264	-2
1265	-2
1266	-2
1267	-1
1268	-2
1269	-2
1270	-3
1271	-2
1272	-3
1273	-1
1274	-2
1275	-2
1276	-2
1277	-2
1278	-1
1279	-2
1280	-2
1281	-2
1282	-2
1283	-2
1284	-2
1285	-3
1286	-1
1287	-2
1288	-1
1289	-1
1290	-2
1291	-2
1292	-2
1293	-2
1294	-1
1295	-2
1296	-2
1297	-2
1298	-2
1299	-2
1300	-1
1301	-2
1302	-3
1303	-1
1304	-3
1305	-3
1306	-3
1307	-3
1308	-3
1309	-2
1310	-3
1311	-3
1312	-3
1313	-2
1314	-3
1315	-2
1316	-4
1317	-3
1318	-3
1319	-2
1320	-2
1321	-3
1322	-2
1323	-3
1324	-3
1325	-3
1326	-2
1327	-2
1328	-2
1329	-2
1330	-3
1331	-1
1332	-2
1333	0
1334	-2
1335	-1
1336	-1
1337	-1
1338	-1
1339	-1
1340	-1
1341	-1
1342	-1
1343	-1
1344	0
1345	-1
1346	-2
1347	-1
1348	-1
1349	-2
1350	-3
1351	-1
1352	-1
1353	-1
1354	-2
1355	-2
1356	-1
1357	-3
1358	-2
1359	-1
1360	-2
1361	-2
1362	-2
1363	-1
1364	-1
1365	0
1366	0
1367	0
1368	-2
1369	0
1370	0
1371	0
1372	-1
1373	0
1374	-1
1375	0
1376	-1
1377	-1
1378	0
1379	-1
1380	-1
1381	0
1382	-1
1383	0
1384	-1
1385	-2
1386	-1
1387	0
1388	0
1389	-1
1390	-1
1391	-1
1392	0
1393	0
1394	0
1395	0
1396	0
1397	0
1398	-1
1399	0
1400	0
1401	1
1402	0
1403	0
1404	0
1405	0
1406	0
1407	0
1408	0
1409	1
1410	0
1411	0
1412	0
1413	2
1414	0
1415	0
1416	0
1417	0
1418	0
1419	0
1420	0
1421	0
1422	0
1423	0
1424	0
1425	0
1426	0
1427	0
1428	0
1429	0
1430	0
1431	0
1432	0
1433	0
1434	0
1435	0
1436	0
1437	0
1438	1
1439	1
1440	0
1441	0
1442	0
1443	0
1444	0
1445	1
1446	0
1447	0
1448	0
1449	1
1450	0
1451	1
1452	0
1453	2
1454	1
1455	2
1456	1
1457	2
1458	1
1459	3
1460	2
1461	3
1462	3
1463	2
1464	2
1465	4
1466	3
1467	4
1468	2
1469	3
1470	3
1471	4
1472	3
1473	3
1474	3
1475	3
1476	1
1477	3
1478	2
1479	2
1480	1
1481	1
1482	1
1483	2
1484	1
1485	1
1486	1
1487	0
1488	0
1489	1
1490	0
1491	1
1492	0
1493	0
1494	0
1495	0
1496	0
1497	0
1498	0
1499	0
1500	0
1501	0
1502	0
1503	0
1504	0
1505	0
1506	0
1507	0
1508	0
1509	1
1510	0
1511	1
1512	0
1513	0
1514	0
1515	0
1516	0
1517	0
1518	-1
1519	0
1520	0
1521	0
1522	0
1523	-1
1524	0
1525	-1
1526	0
1527	0
1528	-1
1529	0
1530	-1
1531	-1
1532	0
1533	-1
1534	-1
1535	0
1536	-1
1537	0
1538	-2
1539	0
1540	-2
1541	0
1542	0
1543	0
1544	-1
1545	0
1546	-1
1547	0
1548	0
1549	0
1550	0
1551	0
1552	0
1553	-1
1554	0
1555	0
1556	-1
1557	0
1558	0
1559	0
1560	0
1561	0
1562	-1
1563	0
1564	0
1565	0
1566	0
1567	0
1568	-1
1569	0
1570	0
1571	-1
1572	0
1573	0
1574	-1
1575	0
1576	-1
1577	-1
1578	-2
1579	-1
1580	-1
1581	-2
1582	-2
1583	-2
1584	-2
1585	-1
1586	-1
1587	0
1588	-1
1589	-1
1590	-1
1591	0
1592	-1
1593	-1
1594	-1
1595	-2
1596	0
1597	-2
1598	-1
1599	-1
1600	-1
1601	-2
1602	-1
1603	-1
1604	-2
1605	-2
1606	-1
1607	0
1608	-1
1609	-1
1610	-1
1611	-1
1612	-2
1613	-1
1614	-1
1615	-1
1616	-1
1617	-1
1618	0
1619	0
1620	0
1621	0
1622	0
1623	0
1624	0
1625	0
1626	0
1627	0
1628	0
1629	0
1630	0
1631	0
1632	0
1633	0
1634	-1
1635	0
1636	0
1637	1
1638	0
1639	0
1640	0
1641	0
1642	0
1643	0
1644	0
1645	2
1646	0
1647	1
1648	1
1649	1
1650	1
1651	2
1652	2
1653	2
1654	2
1655	2
1656	2
1657	3
1658	2
1659	3
1660	3
1661	4
1662	3
1663	4
1664	4
1665	5
1666	5
1667	4
1668	4
1669	5
1670	5
1671	4
1672	5
1673	5
1674	5
1675	5
1676	5
1677	7
1678	6
1679	6
1680	5
1681	6
1682	5
1683	6
1684	5
1685	7
1686	5
1687	5
1688	5
1689	5
1690	4
1691	5
1692	5
1693	4
1694	3
1695	4
1696	3
1697	3
1698	3
1699	2
1700	2
1701	2
1702	2
1703	2
1704	0
1705	1
1706	1
1707	1
1708	2
1709	1
1710	0
1711	0
1712	1
1713	0
1714	1
1715	0
1716	0
1717	1
1718	1
1719	1
1720	0
1721	0
1722	0
1723	0
1724	0
1725	1
1726	0
1727	0
1728	1
1729	1
1730	0
1731	2
1732	0
1733	0
1734	0
1735	0
1736	0
1737	1
1738	0
1739	0
1740	0
1741	0
1742	0
1743	0
1744	0
1745	0
1746	0
1747	0
1748	0
1749	0
1750	0
1751	-1
1752	0
1753	-1
1754	-1
1755	-2
1756	-1
1757	-1
1758	-1
1759	-1
1760	0
1761	0
1762	-1
1763	-1
1764	-1
1765	-3
1766	-1
1767	-2
1768	-2
1769	-1
1770	-2
1771	-1
1772	-2
1773	-2
1774	-1
1775	-1
1776	-1
1777	-1
1778	-1
1779	-1
1780	0
1781	-1
1782	0
1783	0
1784	-2
1785	0
1786	0
1787	0
1788	-1
1789	-1
1790	-1
1791	-2
1792	-2
1793	-1
1794	-1
1795	-1
1796	-1
1797	-1
1798	-1
1799	-1
1800	-2
1801	-1
1802	-2
1803	-1
1804	-1
1805	-1
1806	-2
1807	-2
1808	-1
1809	-1
1810	-1
1811	-2
1812	-1
1813	0
1814	-1
1815	0
1816	0
1817	0
1818	-1
1819	-1
1820	-1
1821	-1
1822	-2
1823	0
1824	-2
1825	0
1826	-2
1827	0
1828	-1
1829	0
1830	-2
1831	0
1832	-1
1833	-1
1834	0
1835	0
1836	0
1837	0
1838	0
1839	0
1840	0
1841	-1
1842	0
1843	0
1844	-1
1845	0
1846	0
1847	0
1848	0
1849	0
1850	0
1851	0
1852	0
1853	0
1854	0
1855	0
1856	0
1857	0
1858	0
1859	0
1860	-1
1861	0
1862	0
1863	0
1864	0
1865	0
1866	-1
1867	0
1868	0
1869	0
1870	-1
1871	0
1872	0
1873	0
1874	0
1875	0
1876	0
1877	0
1878	-1
1879	0
1880	-1
1881	0
1882	-1
1883	0
1884	-1
1885	-1
1886	-1
1887	0
1888	-1
1889	-1
1890	-1
1891	0
1892	-1
1893	-1
1894	-2
1895	-3
1896	-1
1897	-2
1898	-2
1899	-2
1900	-2
1901	-1
1902	-2
1903	-1
1904	-1
1905	-2
1906	-2
1907	-1
1908	0
1909	-1
1910	0
1911	-1
1912	0
1913	0
1914	0
1915	0
1916	0
1917	0
1918	0
1919	0
1920	0
1921	0
1922	0
1923	0
1924	0
1925	0
1926	0
1927	0
1928	-1
1929	-1
1930	0
1931	0
1932	0
1933	0
1934	0
1935	0
1936	0
1937	0
1938	-1
1939	0
1940	0
1941	0
1942	0
1943	0
1944	-1
1945	0
1946	0
1947	-1
1948	-1
1949	-1
1950	-1
1951	0
1952	-1
1953	-1
1954	0
1955	0
1956	-1
1957	0
1958	0
1959	0
1960	0
1961	0
1962	0
1963	0
1964	0
1965	0
1966	0
1967	0
1968	0
1969	0
1970	0
1971	0
1972	0
1973	0
1974	0
1975	0
1976	0
1977	0
1978	0
1979	0
1980	0
1981	0
1982	0
1983	0
1984	0
1985	0
1986	0
1987	0
1988	0
1989	0
1990	0
1991	0
1992	0
1993	0
1994	-1
1995	-1
1996	-1
1997	0
1998	-1
1999	0
