0	0
1	1
2	0
3	0
4	0
5	1
6	0
7	0
8	0
9	0
10	0
11	0
12	0
13	0
14	0
15	0
16	0
17	1
18	0
19	1
20	0
21	0
22	0
23	0
24	0
25	0
26	0
27	0
28	0
29	0
30	0
31	0
32	0
33	0
34	0
35	0
36	0
37	0
38	0
39	0
40	0
41	0
42	0
43	0
44	0
45	0
46	0
47	0
48	0
49	0
50	0
51	0
52	0
53	0
54	0
55	-1
56	0
57	0
58	0
59	0
60	-1
61	0
62	0
63	0
64	0
65	0
66	0
67	0
68	0
69	-1
70	0
71	0
72	0
73	0
74	0
75	0
76	0
77	0
78	0
79	0
80	1
81	1
82	0
83	2
84	0
85	1
86	1
87	0
88	1
89	0
90	0
91	2
92	0
93	1
94	0
95	1
96	1
97	1
98	0
99	0
100	0
101	0
102	0
103	1
104	0
105	0
106	0
107	1
108	0
109	2
110	0
111	1
112	0
113	1
114	0
115	0
116	0
117	0
118	0
119	0
120	0
121	0
122	0
123	0
124	0
125	0
126	0
127	0
128	0
129	0
130	0
131	0
132	0
133	0
134	0
135	1
136	0
137	1
138	0
139	0
140	0
141	0
142	0
143	0
144	0
145	0
146	0
147	0
148	0
149	0
150	-1
151	0
152	0
153	0
154	0
155	0
156	-1
157	0
158	-1
159	0
160	-1
161	0
162	-1
163	0
164	0
165	0
166	0
167	0
168	-1
169	0
170	0
171	0
172	0
173	1
174	0
175	0
176	0
177	1
178	0
179	0
180	0
181	0
182	0
183	0
184	0
185	0
186	0
187	1
188	0
189	0
190	0
191	0
192	0
193	1
194	0
195	0
196	0
197	1
198	0
199	1
200	0
201	1
202	0
203	1
204	0
205	1
206	0
207	0
208	0
209	0
210	0
211	0
212	0
213	0
214	0
215	1
216	0
217	0
218	-1
219	1
220	0
221	1
222	1
223	0
224	0
225	0
226	0
227	1
228	0
229	1
230	0
231	1
232	0
233	2
234	0
235	1
236	0
237	2
238	0
239	1
240	1
241	1
242	0
243	0
244	0
245	0
246	0
247	0
248	0
249	1
250	0
251	0
252	0
253	0
254	0
255	0
256	0
257	0
258	0
259	0
260	0
261	0
262	0
263	0
264	0
265	1
266	0
267	1
268	0
269	0
270	0
271	0
272	0
273	0
274	0
275	0
276	0
277	0
278	0
279	1
280	0
281	0
282	0
283	0
284	0
285	0
286	0
287	0
288	0
289	0
290	0
291	0
292	0
293	2
294	0
295	1
296	0
297	1
298	0
299	2
300	0
301	1
302	0
303	1
304	0
305	1
306	0
307	1
308	0
309	1
310	0
311	2
312	0
313	1
314	0
315	1
316	0
317	2
318	0
319	1
320	0
321	0
322	0
323	1
324	0
325	0
326	0
327	0
328	0
329	0
330	0
331	0
332	0
333	0
334	0
335	1
336	0
337	0
338	0
339	0
340	0
341	0
342	0
343	0
344	0
345	0
346	0
347	0
348	0
349	0
350	0
351	0
352	0
353	1
354	1
355	2
356	0
357	2
358	0
359	1
360	0
361	1
362	0
363	1
364	0
365	0
366	0
367	0
368	0
369	0
370	0
371	1
372	0
373	0
374	-1
375	0
376	0
377	0
378	-1
379	1
380	0
381	1
382	0
383	1
384	0
385	1
386	0
387	1
388	0
389	0
390	0
391	0
392	0
393	1
394	0
395	1
396	0
397	0
398	0
399	1
400	0
401	1
402	0
403	1
404	1
405	1
406	1
407	1
408	1
409	0
410	0
411	0
412	0
413	2
414	0
415	1
416	0
417	2
418	1
419	2
420	0
421	2
422	0
423	1
424	0
425	0
426	0
427	1
428	1
429	1
430	3
431	4
432	4
433	7
434	8
435	11
436	12
437	16
438	18
439	22
440	23
441	27
442	28
443	36
444	39
445	42
446	44
447	50
448	53
449	57
450	62
451	66
452	67
453	72
454	74
455	82
456	82
457	86
458	87
459	93
460	93
461	97
462	100
463	101
464	102
465	105
466	106
467	109
468	109
469	111
470	110
471	111
472	109
473	111
474	109
475	113
476	109
477	110
478	108
479	108
480	105
481	106
482	102
483	103
484	102
485	101
486	97
487	96
488	93
489	94
490	90
491	87
492	84
493	85
494	80
495	79
496	75
497	76
498	76
499	78
500	62
501	67
502	63
503	65
504	63
505	61
506	53
507	55
508	53
509	52
510	49
511	48
512	43
513	44
514	40
515	41
516	38
517	38
518	34
519	34
520	30
521	31
522	26
523	27
524	25
525	24
526	20
527	22
528	16
529	17
530	14
531	14
532	11
533	13
534	10
535	10
536	7
537	7
538	4
539	4
540	2
541	1
542	0
543	0
544	-3
545	-1
546	-4
547	-3
548	-5
549	-4
550	-6
551	-6
552	-7
553	-6
554	-8
555	-7
556	-9
557	-8
558	-10
559	-9
560	-10
561	-9
562	-10
563	-10
564	-11
565	-10
566	-12
567	-10
568	-12
569	-11
570	-12
571	-12
572	-13
573	-12
574	-13
575	-11
576	-14
577	-12
578	-14
579	-12
580	-13
581	-12
582	-14
583	-13
584	-14
585	-13
586	-14
587	-12
588	-13
589	-11
590	-14
591	-11
592	-13
593	-12
594	-13
595	-12
596	-13
597	-11
598	-12
599	-11
600	-13
601	-11
602	-13
603	-12
604	-13
605	-12
606	-13
607	-12
608	-11
609	-11
610	-10
611	-12
612	-12
613	-11
614	-13
615	-11
616	-11
617	-9
618	-11
619	-9
620	-10
621	-9
622	-11
623	-9
624	-9
625	-10
626	-9
627	-8
628	-9
629	-8
630	-9
631	-8
632	-8
633	-6
634	-8
635	-7
636	-8
637	-6
638	-7
639	-4
640	-7
641	-5
642	-6
643	-4
644	-4
645	-4
646	-5
647	-4
648	-4
649	-3
650	-3
651	-3
652	-3
653	-3
654	-4
655	-2
656	-3
657	0
658	-1
659	-1
660	-1
661	-1
662	-1
663	-1
664	-1
665	0
666	-1
667	0
668	-2
669	0
670	-1
671	0
672	0
673	0
674	-1
675	0
676	-1
677	0
678	0
679	0
680	-1
681	0
682	-1
683	0
684	-1
685	0
686	0
687	0
688	0
689	0
690	0
691	1
692	0
693	1
694	0
695	0
696	0
697	2
698	0
699	0
700	0
701	0
702	0
703	0
704	0
705	0
706	0
707	0
708	0
709	0
710	-1
711	0
712	0
713	0
714	-1
715	0
716	-1
717	0
718	0
719	-1
720	-2
721	0
722	0
723	0
724	0
725	0
726	0
727	0
728	-1
729	-1
730	-1
731	-1
732	0
733	-2
734	0
735	0
736	-2
737	0
738	-2
739	-1
740	-2
741	-1
742	-2
743	-1
744	-3
745	-1
746	-2
747	-1
748	-3
749	-1
750	-3
751	-2
752	-4
753	-2
754	-3
755	0
756	-3
757	-2
758	-3
759	-1
760	-3
761	-1
762	-3
763	-1
764	-3
765	-3
766	-3
767	-3
768	-2
769	-1
770	-3
771	-1
772	-2
773	-1
774	-3
775	0
776	-2
777	-1
778	-3
779	-1
780	-2
781	-1
782	-2
783	-1
784	-1
785	-2
786	-2
787	-1
788	-1
789	-2
790	-2
791	-1
792	-4
793	-2
794	-3
795	-2
796	-3
797	-1
798	-2
799	-2
800	-3
801	-2
802	-2
803	-2
804	-1
805	-2
806	-2
807	-1
808	-3
809	-2
810	-4
811	-2
812	-3
813	-1
814	-3
815	-2
816	-4
817	-1
818	-3
819	-1
820	-3
821	-3
822	-3
823	-2
824	-3
825	-1
826	-2
827	-2
828	-1
829	-2
830	-2
831	-1
832	-3
833	-1
834	-2
835	-1
836	-2
837	-1
838	-1
839	-1
840	-2
841	-1
842	-2
843	0
844	-2
845	-1
846	-2
847	-1
848	-1
849	-1
850	-2
851	-1
852	-3
853	0
854	-3
855	0
856	-2
857	-1
858	-2
859	0
860	-2
861	0
862	-3
863	-1
864	-2
865	-1
866	-2
867	-1
868	-1
869	-1
870	-2
871	0
872	-2
873	-1
874	-1
875	-1
876	-1
877	-1
878	-1
879	0
880	-1
881	0
882	-1
883	0
884	-1
885	0
886	-1
887	-1
888	0
889	0
890	0
891	0
892	0
893	0
894	0
895	0
896	-1
897	0
898	0
899	0
900	0
901	0
902	0
903	0
904	0
905	0
906	0
907	0
908	0
909	0
910	-1
911	0
912	-1
913	1
914	-1
915	0
916	0
917	0
918	-1
919	0
920	0
921	0
922	0
923	0
924	0
925	-1
926	-1
927	-1
928	0
929	0
930	0
931	0
932	0
933	0
934	0
935	-1
936	-1
937	0
938	-1
939	-1
940	0
941	0
942	-2
943	0
944	-2
945	0
946	-1
947	0
948	0
949	0
950	-1
951	0
952	-1
953	0
954	-1
955	0
956	-2
957	0
958	-4
959	0
960	-3
961	-1
962	-4
963	-1
964	-3
965	-3
966	-3
967	-3
968	-4
969	-2
970	-5
971	-2
972	-3
973	-2
974	-3
975	-2
976	-4
977	-2
978	-3
979	-1
980	-3
981	-1
982	-3
983	-1
984	-1
985	0
986	-3
987	-1
988	-1
989	0
990	-1
991	0
992	-1
993	-1
994	-1
995	0
996	-2
997	-1
998	-3
999	-2
1000	-2
1001	-2
1002	-2
1003	-2
1004	-2
1005	-2
1006	-2
1007	-2
1008	-3
1009	-2
1010	-4
1011	-4
1012	-4
1013	-2
1014	-4
1015	-3
1016	-5
1017	-2
1018	-5
1019	-4
1020	-4
1021	-2
1022	-3
1023	-3
1024	-3
1025	-2
1026	-4
1027	-2
1028	-4
1029	-2
1030	-2
1031	-2
1032	-2
1033	-3
1034	-2
1035	-1
1036	-3
1037	-2
1038	-3
1039	-2
1040	-3
1041	-2
1042	-3
1043	-1
1044	-2
1045	-2
1046	-2
1047	-1
1048	-1
1049	-1
1050	-1
1051	-1
1052	-2
1053	-1
1054	-2
1055	-1
1056	-3
1057	-1
1058	-1
1059	-1
1060	-3
1061	-2
1062	-3
1063	0
1064	-2
1065	0
1066	-2
1067	0
1068	-2
1069	0
1070	-2
1071	0
1072	-3
1073	-1
1074	-3
1075	-1
1076	-1
1077	0
1078	-2
1079	-1
1080	-3
1081	-2
1082	-2
1083	-2
1084	-3
1085	-3
1086	-2
1087	-1
1088	-3
1089	-2
1090	-2
1091	-2
1092	-3
1093	-2
1094	-2
1095	-3
1096	-4
1097	-2
1098	-2
1099	-2
1100	-3
1101	-2
1102	-3
1103	-2
1104	-3
1105	-1
1106	-1
1107	-2
1108	-1
1109	0
1110	-3
1111	0
1112	-2
1113	-1
1114	-1
1115	-1
1116	-2
1117	-1
1118	-2
1119	-1
1120	-3
1121	-1
1122	-2
1123	0
1124	-4
1125	-1
1126	-3
1127	-2
1128	-3
1129	-1
1130	-3
1131	-2
1132	-3
1133	-1
1134	-2
1135	-1
1136	-3
1137	-1
1138	-3
1139	-1
1140	-2
1141	-2
1142	-3
1143	-1
1144	-4
1145	-2
1146	-2
1147	-2
1148	-4
1149	-1
1150	-3
1151	-1
1152	-3
1153	0
1154	-2
1155	-1
1156	-1
1157	0
1158	-2
1159	-1
1160	-1
1161	0
1162	-1
1163	0
1164	-2
1165	0
1166	-2
1167	0
1168	-1
1169	0
1170	0
1171	0
1172	0
1173	0
1174	0
1175	0
1176	-1
1177	0
1178	-2
1179	0
1180	-2
1181	0
1182	-2
1183	0
1184	-2
1185	0
1186	-2
1187	-1
1188	-2
1189	-1
1190	-2
1191	0
1192	-2
1193	-2
1194	-3
1195	-1
1196	-2
1197	-2
1198	-4
1199	-2
1200	-3
1201	-1
1202	-4
1203	-1
1204	-4
1205	-1
1206	-4
1207	-2
1208	-3
1209	-2
1210	-3
1211	-2
1212	-2
1213	-2
1214	-2
1215	-1
1216	-2
1217	-1
1218	-3
1219	-1
1220	-2
1221	-1
1222	-3
1223	-1
1224	-2
1225	-1
1226	-2
1227	0
1228	-1
1229	-1
1230	-2
1231	-3
1232	-2
1233	-1
1234	-2
1235	-1
1236	-2
1237	-1
1238	-1
1239	0
1240	-1
1241	-1
1242	-1
1243	-1
1244	-1
1245	0
1246	0
1247	0
1248	-1
1249	0
1250	0
1251	0
1252	-2
1253	-1
1254	-1
1255	0
1256	-2
1257	-1
1258	-2
1259	-1
1260	-2
1261	0
1262	-2
1263	-1
1264	0
1265	0
1266	-1
1267	0
1268	0
1269	0
1270	-2
1271	-1
1272	-1
1273	-1
1274	-1
1275	0
1276	-1
1277	-1
1278	-1
1279	0
1280	-2
1281	-1
1282	-2
1283	0
1284	-1
1285	0
1286	-2
1287	0
1288	-2
1289	0
1290	-1
1291	0
1292	-1
1293	-1
1294	-1
1295	-1
1296	-2
1297	0
1298	-1
1299	0
1300	-3
1301	-1
1302	-2
1303	-1
1304	-1
1305	-1
1306	-3
1307	-1
1308	-2
1309	-1
1310	-2
1311	0
1312	-2
1313	-1
1314	-2
1315	-2
1316	-2
1317	-1
1318	-3
1319	-1
1320	-3
1321	-1
1322	-2
1323	-2
1324	-1
1325	0
1326	-2
1327	-1
1328	-2
1329	0
1330	-1
1331	-1
1332	-2
1333	0
1334	-3
1335	-1
1336	-1
1337	-2
1338	-1
1339	-1
1340	-1
1341	0
1342	-1
1343	0
1344	-2
1345	-1
1346	-1
1347	0
1348	-1
1349	0
1350	-2
1351	0
1352	-2
1353	0
1354	-1
1355	-1
1356	-2
1357	0
1358	-1
1359	0
1360	-1
1361	-1
1362	-1
1363	-1
1364	-1
1365	-1
1366	-2
1367	-1
1368	-2
1369	0
1370	-1
1371	-1
1372	-1
1373	-1
1374	-2
1375	-1
1376	-1
1377	0
1378	-1
1379	-1
1380	-1
1381	0
1382	-1
1383	0
1384	-1
1385	0
1386	-1
1387	-1
1388	-1
1389	-1
1390	-2
1391	-1
1392	-1
1393	-1
1394	-1
1395	-1
1396	-3
1397	0
1398	-1
1399	-1
1400	0
1401	0
1402	-1
1403	0
1404	-3
1405	0
1406	-3
1407	0
1408	-1
1409	0
1410	0
1411	0
1412	-1
1413	0
1414	-1
1415	0
1416	0
1417	0
1418	-1
1419	0
1420	0
1421	0
1422	-1
1423	0
1424	-1
1425	0
1426	0
1427	0
1428	0
1429	0
1430	0
1431	0
1432	-1
1433	-1
1434	-1
1435	0
1436	-1
1437	0
1438	0
1439	0
1440	-1
1441	-1
1442	-1
1443	-1
1444	-1
1445	0
1446	-1
1447	0
1448	-1
1449	0
1450	0
1451	0
1452	-1
1453	0
1454	0
1455	-1
1456	0
1457	0
1458	-2
1459	0
1460	-1
1461	0
1462	-1
1463	0
1464	-1
1465	0
1466	-1
1467	0
1468	0
1469	0
1470	0
1471	0
1472	0
1473	0
1474	0
1475	0
1476	-2
1477	0
1478	-2
1479	0
1480	-1
1481	-1
1482	-1
1483	-1
1484	-2
1485	0
1486	-2
1487	0
1488	0
1489	0
1490	0
1491	-1
1492	0
1493	0
1494	-1
1495	0
1496	0
1497	0
1498	0
1499	0
1500	0
1501	0
1502	0
1503	0
1504	-1
1505	0
1506	0
1507	0
1508	-1
1509	-1
1510	-1
1511	0
1512	-1
1513	0
1514	-2
1515	0
1516	-2
1517	0
1518	-3
1519	0
1520	-1
1521	0
1522	-2
1523	0
1524	0
1525	0
1526	-3
1527	-1
1528	0
1529	0
1530	0
1531	0
1532	0
1533	0
1534	-1
1535	0
1536	0
1537	0
1538	-1
1539	0
1540	-1
1541	0
1542	-1
1543	0
1544	-2
1545	0
1546	-2
1547	-1
1548	-2
1549	-1
1550	-3
1551	-1
1552	-2
1553	-1
1554	-2
1555	-1
1556	-2
1557	-1
1558	-1
1559	-1
1560	-2
1561	-1
1562	-2
1563	-1
1564	-1
1565	-1
1566	-1
1567	-1
1568	-1
1569	0
1570	-1
1571	-1
1572	0
1573	0
1574	0
1575	0
1576	-1
1577	0
1578	-1
1579	-1
1580	0
1581	0
1582	0
1583	0
1584	0
1585	0
1586	-1
1587	0
1588	-1
1589	0
1590	-1
1591	0
1592	-2
1593	-1
1594	-1
1595	0
1596	-1
1597	0
1598	-1
1599	-1
1600	-1
1601	-1
1602	0
1603	-1
1604	-1
1605	0
1606	0
1607	0
1608	-2
1609	0
1610	-1
1611	0
1612	0
1613	0
1614	-1
1615	0
1616	0
1617	0
1618	0
1619	0
1620	0
1621	0
1622	0
1623	0
1624	0
1625	0
1626	0
1627	1
1628	0
1629	0
1630	0
1631	0
1632	0
1633	0
1634	0
1635	0
1636	0
1637	0
1638	0
1639	0
1640	0
1641	0
1642	0
1643	0
1644	0
1645	0
1646	-1
1647	0
1648	-2
1649	0
1650	-1
1651	0
1652	-2
1653	0
1654	-1
1655	0
1656	0
1657	0
1658	0
1659	0
1660	0
1661	0
1662	0
1663	0
1664	0
1665	0
1666	0
1667	0
1668	0
1669	0
1670	-1
1671	0
1672	0
1673	0
1674	0
1675	0
1676	0
1677	0
1678	0
1679	0
1680	0
1681	0
1682	-1
1683	-1
1684	-1
1685	0
1686	-2
1687	0
1688	-1
1689	0
1690	-1
1691	0
1692	-2
1693	0
1694	-1
1695	0
1696	-1
1697	-1
1698	-2
1699	-1
1700	-2
1701	0
1702	0
1703	-1
1704	-1
1705	-1
1706	-2
1707	0
1708	-1
1709	0
1710	0
1711	0
1712	-1
1713	0
1714	-1
1715	-1
1716	-1
1717	0
1718	-1
1719	0
1720	-2
1721	0
1722	-1
1723	0
1724	-1
1725	0
1726	-1
1727	-1
1728	-1
1729	0
1730	-2
1731	0
1732	-1
1733	0
1734	-1
1735	-1
1736	0
1737	0
1738	0
1739	0
1740	0
1741	0
1742	0
1743	0
1744	-1
1745	0
1746	0
1747	0
1748	0
1749	1
1750	0
1751	0
1752	0
1753	0
1754	0
1755	0
1756	0
1757	1
1758	0
1759	2
1760	0
1761	0
1762	0
1763	0
1764	0
1765	0
1766	0
1767	0
1768	0
1769	0
1770	-1
1771	0
1772	0
1773	0
1774	0
1775	0
1776	0
1777	-1
1778	-1
1779	0
1780	-1
1781	-1
1782	-1
1783	-1
1784	-1
1785	0
1786	0
1787	0
1788	-1
1789	0
1790	0
1791	-1
1792	0
1793	-1
1794	-1
1795	0
1796	-1
1797	0
1798	-1
1799	-1
1800	-1
1801	0
1802	-1
1803	0
1804	0
1805	0
1806	-2
1807	-1
1808	-2
1809	-1
1810	-1
1811	0
1812	-3
1813	0
1814	-1
1815	0
1816	-1
1817	0
1818	0
1819	0
1820	0
1821	0
1822	0
1823	0
1824	-1
1825	0
1826	-2
1827	0
1828	0
1829	0
1830	-1
1831	0
1832	-1
1833	0
1834	-1
1835	0
1836	-2
1837	-1
1838	-1
1839	0
1840	-1
1841	0
1842	-1
1843	0
1844	-1
1845	0
1846	0
1847	0
1848	0
1849	0
1850	0
1851	0
1852	0
1853	0
1854	0
1855	1
1856	0
1857	0
1858	0
1859	0
1860	0
1861	0
1862	0
1863	0
1864	0
1865	0
1866	0
1867	0
1868	0
1869	0
1870	0
1871	0
1872	-1
1873	0
1874	0
1875	0
1876	0
1877	0
1878	-1
1879	0
1880	-1
1881	-1
1882	0
1883	0
1884	0
1885	0
1886	-1
1887	-1
1888	-1
1889	0
1890	0
1891	-1
1892	-1
1893	-1
1894	-1
1895	0
1896	-1
1897	0
1898	-1
1899	0
1900	-1
1901	0
1902	-1
1903	0
1904	-1
1905	0
1906	-1
1907	0
1908	0
1909	0
1910	0
1911	0
1912	0
1913	0
1914	0
1915	0
1916	-1
1917	0
1918	0
1919	0
1920	0
1921	0
1922	0
1923	0
1924	-1
1925	0
1926	-1
1927	0
1928	-1
1929	0
1930	-1
1931	0
1932	-1
1933	0
1934	0
1935	0
1936	0
1937	0
1938	-1
1939	0
1940	-1
1941	0
1942	-1
1943	0
1944	0
1945	0
1946	0
1947	0
1948	-1
1949	0
1950	0
1951	0
1952	0
1953	0
1954	-1
1955	0
1956	0
1957	0
1958	0
1959	0
1960	0
1961	0
1962	0
1963	0
1964	-1
1965	0
1966	0
1967	0
1968	0
1969	0
1970	-1
1971	0
1972	0
1973	0
1974	0
1975	0
1976	0
1977	0
1978	0
1979	0
1980	0
1981	0
1982	0
1983	0
1984	0
1985	0
1986	0
1987	0
1988	0
1989	0
1990	0
1991	0
1992	0
1993	0
1994	0
1995	0
1996	0
1997	0
1998	0
1999	0
