0	0
1	0
2	0
3	1
4	0
5	1
6	0
7	0
8	0
9	0
10	0
11	1
12	0
13	0
14	0
15	0
16	0
17	0
18	0
19	0
20	0
21	0
22	0
23	0
24	0
25	0
26	0
27	0
28	0
29	0
30	0
31	0
32	0
33	0
34	0
35	0
36	0
37	0
38	0
39	0
40	0
41	0
42	0
43	0
44	0
45	0
46	0
47	0
48	0
49	0
50	0
51	0
52	0
53	0
54	0
55	0
56	0
57	0
58	0
59	0
60	0
61	0
62	0
63	0
64	0
65	1
66	0
67	0
68	0
69	0
70	0
71	0
72	0
73	0
74	0
75	0
76	0
77	0
78	0
79	0
80	0
81	0
82	0
83	0
84	0
85	1
86	0
87	0
88	0
89	0
90	0
91	1
92	0
93	0
94	0
95	0
96	0
97	0
98	0
99	0
100	0
101	1
102	1
103	1
104	0
105	1
106	1
107	0
108	0
109	0
110	0
111	1
112	0
113	1
114	0
115	1
116	0
117	1
118	0
119	0
120	0
121	0
122	0
123	0
124	0
125	0
126	0
127	0
128	0
129	0
130	0
131	0
132	-1
133	0
134	-1
135	0
136	-1
137	-1
138	0
139	0
140	-1
141	0
142	-1
143	0
144	0
145	0
146	0
147	0
148	0
149	0
150	0
151	0
152	0
153	0
154	1
155	0
156	0
157	0
158	0
159	0
160	0
161	0
162	0
163	0
164	0
165	0
166	0
167	0
168	0
169	0
170	0
171	0
172	0
173	0
174	0
175	0
176	0
177	0
178	0
179	0
180	0
181	0
182	0
183	0
184	0
185	0
186	0
187	0
188	0
189	0
190	0
191	0
192	0
193	0
194	0
195	0
196	0
197	0
198	0
199	0
200	0
201	0
202	0
203	0
204	0
205	0
206	0
207	0
208	0
209	0
210	0
211	0
212	0
213	1
214	0
215	0
216	0
217	0
218	0
219	0
220	0
221	0
222	0
223	0
224	0
225	0
226	0
227	0
228	0
229	0
230	0
231	0
232	-1
233	0
234	0
235	0
236	0
237	0
238	0
239	-1
240	-1
241	0
242	-1
243	0
244	-1
245	0
246	0
247	0
248	0
249	0
250	0
251	0
252	0
253	0
254	0
255	0
256	0
257	0
258	0
259	0
260	0
261	0
262	0
263	0
264	0
265	0
266	0
267	0
268	0
269	0
270	0
271	0
272	0
273	0
274	0
275	0
276	0
277	0
278	0
279	0
280	0
281	0
282	1
283	0
284	0
285	0
286	0
287	0
288	0
289	0
290	0
291	0
292	0
293	0
294	0
295	0
296	0
297	0
298	0
299	0
300	1
301	0
302	0
303	0
304	0
305	1
306	0
307	0
308	0
309	0
310	0
311	0
312	0
313	0
314	0
315	0
316	0
317	0
318	0
319	0
320	0
321	0
322	0
323	0
324	0
325	0
326	0
327	0
328	0
329	0
330	0
331	1
332	0
333	1
334	0
335	0
336	0
337	0
338	0
339	1
340	0
341	0
342	0
343	0
344	0
345	1
346	0
347	2
348	0
349	0
350	0
351	0
352	0
353	1
354	0
355	0
356	0
357	0
358	0
359	0
360	0
361	0
362	0
363	0
364	0
365	0
366	0
367	0
368	0
369	0
370	0
371	0
372	0
373	0
374	0
375	0
376	0
377	0
378	0
379	0
380	0
381	0
382	0
383	0
384	0
385	0
386	0
387	0
388	0
389	0
390	0
391	0
392	0
393	0
394	0
395	1
396	0
397	1
398	0
399	0
400	0
401	2
402	0
403	0
404	0
405	0
406	0
407	0
408	0
409	0
410	0
411	0
412	0
413	0
414	0
415	0
416	0
417	0
418	0
419	0
420	0
421	0
422	0
423	0
424	0
425	0
426	0
427	0
428	0
429	0
430	0
431	0
432	0
433	0
434	0
435	0
436	0
437	0
438	0
439	1
440	1
441	2
442	2
443	3
444	3
445	5
446	7
447	10
448	11
449	15
450	16
451	20
452	23
453	27
454	29
455	34
456	37
457	42
458	45
459	48
460	51
461	56
462	59
463	64
464	66
465	69
466	71
467	75
468	77
469	79
470	82
471	84
472	85
473	88
474	87
475	89
476	91
477	95
478	93
479	93
480	92
481	92
482	91
483	92
484	91
485	91
486	89
487	89
488	89
489	88
490	87
491	85
492	82
493	79
494	78
495	78
496	77
497	77
498	77
499	78
500	62
501	67
502	64
503	63
504	62
505	62
506	57
507	56
508	53
509	52
510	50
511	49
512	46
513	46
514	43
515	41
516	39
517	38
518	37
519	35
520	33
521	33
522	29
523	31
524	27
525	27
526	24
527	23
528	22
529	21
530	21
531	20
532	18
533	18
534	16
535	16
536	15
537	14
538	12
539	11
540	9
541	8
542	6
543	6
544	5
545	5
546	5
547	5
548	4
549	3
550	3
551	2
552	2
553	2
554	2
555	2
556	1
557	1
558	0
559	0
560	0
561	-1
562	-2
563	-2
564	-2
565	-2
566	-3
567	-2
568	-3
569	-3
570	-4
571	-3
572	-3
573	-4
574	-4
575	-4
576	-7
577	-5
578	-7
579	-4
580	-7
581	-4
582	-6
583	-6
584	-7
585	-5
586	-8
587	-6
588	-7
589	-5
590	-6
591	-5
592	-6
593	-5
594	-8
595	-4
596	-7
597	-4
598	-4
599	-4
600	-4
601	-4
602	-4
603	-2
604	-4
605	-2
606	-4
607	-3
608	-5
609	-3
610	-5
611	-3
612	-4
613	-2
614	-3
615	-3
616	-4
617	-4
618	-4
619	-2
620	-5
621	-4
622	-4
623	-4
624	-5
625	-5
626	-4
627	-4
628	-6
629	-4
630	-4
631	-4
632	-4
633	-4
634	-4
635	-4
636	-4
637	-3
638	-4
639	-2
640	-3
641	-2
642	-2
643	-3
644	-1
645	-2
646	-3
647	-1
648	-2
649	-1
650	-1
651	-1
652	-2
653	0
654	-1
655	0
656	0
657	0
658	0
659	0
660	-1
661	0
662	-1
663	0
664	-1
665	0
666	-1
667	0
668	0
669	-1
670	-2
671	-1
672	-1
673	0
674	0
675	0
676	-1
677	-1
678	0
679	0
680	0
681	-1
682	-1
683	0
684	-2
685	0
686	-1
687	0
688	0
689	0
690	-2
691	0
692	-1
693	0
694	-1
695	0
696	0
697	0
698	-1
699	0
700	-1
701	0
702	-1
703	0
704	-1
705	-2
706	-1
707	-1
708	-2
709	-1
710	-2
711	-1
712	-2
713	-2
714	-2
715	-2
716	-2
717	-2
718	-3
719	-1
720	-2
721	-2
722	-3
723	-2
724	-2
725	-2
726	-1
727	-1
728	-2
729	0
730	0
731	-1
732	0
733	0
734	0
735	0
736	0
737	0
738	0
739	0
740	0
741	0
742	0
743	0
744	0
745	0
746	0
747	0
748	-1
749	0
750	0
751	0
752	-1
753	0
754	-1
755	0
756	-1
757	0
758	0
759	0
760	0
761	0
762	0
763	-1
764	-1
765	-1
766	-1
767	0
768	0
769	0
770	-1
771	0
772	-1
773	0
774	0
775	0
776	0
777	0
778	0
779	-1
780	0
781	0
782	0
783	0
784	0
785	-1
786	0
787	0
788	0
789	0
790	-1
791	0
792	-1
793	0
794	-1
795	0
796	-1
797	-1
798	-1
799	0
800	-1
801	-1
802	-1
803	-1
804	-1
805	-1
806	-2
807	-1
808	-1
809	0
810	-1
811	0
812	-1
813	0
814	0
815	0
816	0
817	0
818	0
819	0
820	-1
821	0
822	-1
823	0
824	0
825	0
826	-1
827	0
828	0
829	0
830	0
831	0
832	0
833	0
834	0
835	-1
836	-2
837	-2
838	-1
839	-1
840	-2
841	0
842	-1
843	0
844	-1
845	0
846	-1
847	0
848	-1
849	0
850	-1
851	0
852	-1
853	0
854	-1
855	-1
856	-1
857	-1
858	0
859	-1
860	-1
861	0
862	-1
863	0
864	-1
865	0
866	-2
867	0
868	-1
869	-1
870	-1
871	0
872	-1
873	-1
874	0
875	-1
876	-1
877	0
878	-1
879	-1
880	-1
881	-1
882	-1
883	0
884	-2
885	-1
886	-1
887	-1
888	-1
889	-1
890	-1
891	0
892	-1
893	0
894	-1
895	-1
896	0
897	0
898	-1
899	0
900	0
901	0
902	-1
903	0
904	-1
905	0
906	-1
907	0
908	0
909	0
910	0
911	0
912	0
913	0
914	0
915	0
916	0
917	0
918	0
919	0
920	-1
921	0
922	0
923	0
924	0
925	-1
926	0
927	0
928	-1
929	-1
930	-1
931	-1
932	-1
933	-1
934	-2
935	-1
936	-1
937	-1
938	-1
939	-1
940	-2
941	-3
942	-1
943	-1
944	-1
945	-1
946	-3
947	-1
948	-2
949	-2
950	-1
951	-1
952	-2
953	0
954	-1
955	0
956	-1
957	0
958	0
959	0
960	-2
961	0
962	-1
963	0
964	-1
965	0
966	-1
967	0
968	-1
969	0
970	-1
971	0
972	-1
973	0
974	-1
975	0
976	-1
977	0
978	-3
979	0
980	-2
981	-1
982	-2
983	-1
984	-1
985	-1
986	-2
987	-2
988	-2
989	-2
990	-2
991	-1
992	-1
993	-1
994	0
995	-1
996	0
997	0
998	0
999	0
1000	-1
1001	0
1002	0
1003	0
1004	-1
1005	0
1006	0
1007	0
1008	0
1009	0
1010	-1
1011	-1
1012	-1
1013	0
1014	0
1015	0
1016	0
1017	0
1018	-1
1019	-1
1020	0
1021	-1
1022	-2
1023	0
1024	-2
1025	0
1026	-1
1027	-1
1028	-2
1029	-1
1030	-2
1031	-1
1032	-1
1033	0
1034	-1
1035	-2
1036	-2
1037	0
1038	-1
1039	-2
1040	-1
1041	0
1042	-2
1043	0
1044	-1
1045	0
1046	-2
1047	0
1048	0
1049	0
1050	0
1051	0
1052	0
1053	0
1054	0
1055	0
1056	0
1057	0
1058	0
1059	0
1060	0
1061	0
1062	-1
1063	0
1064	-2
1065	0
1066	-2
1067	0
1068	-2
1069	-1
1070	-1
1071	-1
1072	-1
1073	-1
1074	-1
1075	-2
1076	-1
1077	-1
1078	-2
1079	-1
1080	-1
1081	-1
1082	-1
1083	0
1084	-1
1085	-1
1086	-1
1087	0
1088	0
1089	0
1090	0
1091	0
1092	-1
1093	0
1094	0
1095	0
1096	0
1097	0
1098	-1
1099	0
1100	0
1101	0
1102	0
1103	0
1104	0
1105	0
1106	-1
1107	0
1108	-1
1109	-1
1110	0
1111	0
1112	0
1113	0
1114	0
1115	-1
1116	0
1117	-1
1118	-2
1119	-1
1120	-1
1121	-2
1122	-1
1123	-1
1124	-1
1125	-1
1126	0
1127	-1
1128	-2
1129	0
1130	-1
1131	-1
1132	0
1133	0
1134	0
1135	0
1136	0
1137	1
1138	1
1139	1
1140	1
1141	1
1142	0
1143	1
1144	1
1145	0
1146	1
1147	1
1148	0
1149	1
1150	1
1151	1
1152	1
1153	1
1154	1
1155	1
1156	0
1157	2
1158	0
1159	0
1160	0
1161	0
1162	0
1163	0
1164	0
1165	0
1166	0
1167	1
1168	0
1169	0
1170	0
1171	0
1172	1
1173	0
1174	0
1175	0
1176	0
1177	0
1178	0
1179	0
1180	0
1181	0
1182	-1
1183	0
1184	0
1185	0
1186	0
1187	0
1188	0
1189	0
1190	0
1191	0
1192	0
1193	0
1194	0
1195	-1
1196	-1
1197	0
1198	-2
1199	-1
1200	-2
1201	-1
1202	-2
1203	0
1204	-2
1205	0
1206	-2
1207	-1
1208	-2
1209	0
1210	-2
1211	-1
1212	0
1213	-1
1214	0
1215	0
1216	0
1217	0
1218	0
1219	0
1220	-2
1221	0
1222	0
1223	0
1224	-1
1225	0
1226	-1
1227	0
1228	-1
1229	-1
1230	0
1231	-1
1232	0
1233	0
1234	-1
1235	-1
1236	-2
1237	0
1238	-1
1239	-2
1240	-1
1241	-1
1242	-2
1243	-1
1244	-1
1245	-1
1246	-2
1247	-1
1248	-2
1249	-2
1250	-1
1251	-1
1252	-2
1253	-1
1254	-2
1255	-1
1256	-1
1257	0
1258	0
1259	0
1260	0
1261	-1
1262	0
1263	0
1264	0
1265	0
1266	0
1267	0
1268	0
1269	0
1270	0
1271	0
1272	0
1273	0
1274	0
1275	0
1276	0
1277	0
1278	0
1279	0
1280	0
1281	-1
1282	0
1283	-1
1284	0
1285	0
1286	-1
1287	-1
1288	-1
1289	0
1290	-1
1291	-1
1292	-2
1293	-2
1294	-2
1295	-1
1296	-2
1297	0
1298	-2
1299	-1
1300	-1
1301	-2
1302	-1
1303	-3
1304	-1
1305	-2
1306	-1
1307	-2
1308	-1
1309	0
1310	-1
1311	0
1312	-1
1313	0
1314	0
1315	0
1316	-1
1317	0
1318	0
1319	0
1320	0
1321	1
1322	0
1323	0
1324	0
1325	1
1326	0
1327	0
1328	0
1329	1
1330	0
1331	0
1332	0
1333	0
1334	0
1335	0
1336	-1
1337	0
1338	0
1339	0
1340	0
1341	0
1342	0
1343	-1
1344	1
1345	0
1346	0
1347	0
1348	-1
1349	0
1350	0
1351	0
1352	0
1353	1
1354	1
1355	1
1356	1
1357	1
1358	0
1359	1
1360	1
1361	0
1362	1
1363	1
1364	1
1365	2
1366	2
1367	2
1368	1
1369	2
1370	1
1371	1
1372	0
1373	1
1374	0
1375	1
1376	0
1377	1
1378	0
1379	1
1380	0
1381	1
1382	0
1383	0
1384	0
1385	1
1386	1
1387	1
1388	1
1389	0
1390	1
1391	0
1392	0
1393	0
1394	0
1395	0
1396	0
1397	0
1398	0
1399	0
1400	0
1401	0
1402	0
1403	0
1404	0
1405	0
1406	0
1407	1
1408	0
1409	0
1410	0
1411	0
1412	0
1413	0
1414	0
1415	0
1416	-1
1417	0
1418	-1
1419	0
1420	-1
1421	0
1422	-1
1423	0
1424	-1
1425	-1
1426	0
1427	-1
1428	-1
1429	0
1430	-2
1431	-1
1432	-2
1433	-2
1434	-2
1435	-1
1436	-2
1437	0
1438	-2
1439	-1
1440	-2
1441	-2
1442	-1
1443	-2
1444	-1
1445	-1
1446	-1
1447	-1
1448	-1
1449	0
1450	-1
1451	0
1452	0
1453	0
1454	0
1455	0
1456	-1
1457	0
1458	-1
1459	0
1460	0
1461	0
1462	0
1463	0
1464	0
1465	0
1466	-1
1467	0
1468	0
1469	0
1470	0
1471	0
1472	0
1473	0
1474	0
1475	0
1476	0
1477	0
1478	0
1479	0
1480	0
1481	0
1482	0
1483	0
1484	0
1485	0
1486	0
1487	0
1488	0
1489	-1
1490	0
1491	1
1492	0
1493	0
1494	0
1495	0
1496	0
1497	0
1498	-1
1499	0
1500	-1
1501	0
1502	0
1503	0
1504	0
1505	-1
1506	-1
1507	0
1508	0
1509	0
1510	-1
1511	0
1512	-1
1513	0
1514	-1
1515	-1
1516	0
1517	0
1518	0
1519	-1
1520	0
1521	-1
1522	0
1523	0
1524	0
1525	-1
1526	0
1527	0
1528	0
1529	0
1530	0
1531	0
1532	0
1533	0
1534	0
1535	0
1536	-1
1537	0
1538	-1
1539	-1
1540	-1
1541	0
1542	0
1543	0
1544	-1
1545	0
1546	0
1547	0
1548	-1
1549	-1
1550	-1
1551	0
1552	-1
1553	-1
1554	0
1555	0
1556	-1
1557	-1
1558	-1
1559	-1
1560	-1
1561	0
1562	0
1563	-1
1564	-1
1565	-1
1566	-1
1567	-2
1568	-1
1569	-1
1570	-1
1571	-2
1572	-1
1573	-1
1574	0
1575	-1
1576	0
1577	-1
1578	-1
1579	0
1580	-1
1581	0
1582	-1
1583	0
1584	0
1585	0
1586	0
1587	0
1588	0
1589	0
1590	-1
1591	-1
1592	0
1593	0
1594	0
1595	0
1596	0
1597	0
1598	0
1599	0
1600	0
1601	-1
1602	0
1603	0
1604	0
1605	-1
1606	-1
1607	0
1608	0
1609	0
1610	-1
1611	-1
1612	0
1613	0
1614	0
1615	0
1616	0
1617	-1
1618	0
1619	-1
1620	0
1621	0
1622	0
1623	0
1624	0
1625	0
1626	0
1627	0
1628	0
1629	0
1630	0
1631	0
1632	0
1633	-1
1634	-1
1635	0
1636	-1
1637	0
1638	-1
1639	0
1640	0
1641	0
1642	0
1643	0
1644	0
1645	0
1646	0
1647	0
1648	0
1649	0
1650	0
1651	0
1652	0
1653	0
1654	0
1655	0
1656	0
1657	0
1658	0
1659	0
1660	0
1661	-1
1662	-1
1663	-1
1664	0
1665	0
1666	0
1667	-1
1668	0
1669	0
1670	0
1671	0
1672	-1
1673	0
1674	0
1675	0
1676	0
1677	0
1678	0
1679	0
1680	0
1681	0
1682	0
1683	0
1684	0
1685	-1
1686	-1
1687	0
1688	-1
1689	0
1690	-1
1691	0
1692	-2
1693	0
1694	-1
1695	0
1696	0
1697	0
1698	-1
1699	0
1700	0
1701	0
1702	0
1703	0
1704	0
1705	0
1706	0
1707	0
1708	0
1709	1
1710	0
1711	1
1712	0
1713	1
1714	1
1715	1
1716	1
1717	1
1718	1
1719	2
1720	1
1721	2
1722	2
1723	2
1724	2
1725	1
1726	2
1727	2
1728	2
1729	2
1730	2
1731	1
1732	1
1733	1
1734	1
1735	2
1736	1
1737	1
1738	1
1739	1
1740	1
1741	0
1742	1
1743	0
1744	1
1745	-1
1746	0
1747	0
1748	0
1749	0
1750	0
1751	0
1752	0
1753	0
1754	0
1755	0
1756	0
1757	0
1758	0
1759	0
1760	0
1761	0
1762	0
1763	0
1764	0
1765	0
1766	0
1767	0
1768	-1
1769	0
1770	0
1771	0
1772	0
1773	0
1774	0
1775	0
1776	0
1777	0
1778	0
1779	0
1780	0
1781	0
1782	0
1783	0
1784	0
1785	-1
1786	0
1787	0
1788	-1
1789	0
1790	-1
1791	0
1792	0
1793	0
1794	-2
1795	0
1796	-2
1797	-1
1798	-1
1799	-1
1800	-1
1801	-1
1802	-1
1803	-1
1804	0
1805	-1
1806	-2
1807	0
1808	0
1809	-1
1810	-1
1811	0
1812	-1
1813	0
1814	0
1815	0
1816	0
1817	0
1818	0
1819	0
1820	-1
1821	0
1822	-1
1823	0
1824	0
1825	0
1826	0
1827	0
1828	0
1829	0
1830	0
1831	0
1832	0
1833	0
1834	0
1835	0
1836	0
1837	-1
1838	-1
1839	-1
1840	-2
1841	-1
1842	-2
1843	-1
1844	-1
1845	-1
1846	-1
1847	0
1848	-1
1849	-1
1850	-2
1851	-1
1852	-2
1853	-1
1854	0
1855	0
1856	-1
1857	0
1858	-1
1859	0
1860	0
1861	0
1862	0
1863	0
1864	0
1865	0
1866	0
1867	0
1868	0
1869	0
1870	0
1871	0
1872	0
1873	0
1874	0
1875	0
1876	0
1877	0
1878	-1
1879	-1
1880	-1
1881	-1
1882	-1
1883	-1
1884	-1
1885	-2
1886	-1
1887	-2
1888	-1
1889	-1
1890	-1
1891	-2
1892	-2
1893	-1
1894	-1
1895	-1
1896	-1
1897	-1
1898	0
1899	0
1900	-2
1901	0
1902	0
1903	0
1904	0
1905	0
1906	0
1907	0
1908	0
1909	0
1910	0
1911	0
1912	0
1913	0
1914	0
1915	0
1916	0
1917	0
1918	0
1919	0
1920	0
1921	0
1922	0
1923	0
1924	0
1925	-1
1926	0
1927	0
1928	0
1929	0
1930	0
1931	-1
1932	-1
1933	-1
1934	-2
1935	0
1936	-2
1937	0
1938	-1
1939	0
1940	-1
1941	-1
1942	-1
1943	-1
1944	-1
1945	-1
1946	0
1947	0
1948	-1
1949	0
1950	0
1951	0
1952	-1
1953	0
1954	-1
1955	0
1956	0
1957	0
1958	0
1959	0
1960	0
1961	0
1962	0
1963	0
1964	-1
1965	0
1966	-1
1967	0
1968	0
1969	0
1970	-1
1971	-1
1972	-2
1973	-1
1974	-1
1975	0
1976	-1
1977	0
1978	-1
1979	-2
1980	0
1981	-1
1982	-2
1983	-1
1984	-1
1985	0
1986	-2
1987	0
1988	-1
1989	0
1990	-1
1991	0
1992	-1
1993	0
1994	0
1995	-1
1996	-1
1997	0
1998	-1
1999	-1
