0	0
1	1
2	0
3	1
4	0
5	0
6	0
7	0
8	0
9	1
10	0
11	0
12	0
13	0
14	0
15	0
16	0
17	0
18	0
19	0
20	0
21	1
22	0
23	0
24	0
25	1
26	0
27	0
28	0
29	0
30	0
31	1
32	0
33	0
34	0
35	0
36	0
37	0
38	0
39	0
40	0
41	0
42	0
43	0
44	0
45	0
46	0
47	1
48	0
49	1
50	0
51	0
52	0
53	1
54	0
55	1
56	0
57	1
58	0
59	0
60	0
61	1
62	0
63	2
64	0
65	1
66	0
67	1
68	0
69	0
70	0
71	1
72	0
73	0
74	0
75	0
76	0
77	0
78	0
79	1
80	0
81	1
82	0
83	1
84	0
85	1
86	0
87	0
88	0
89	0
90	0
91	1
92	0
93	1
94	0
95	0
96	0
97	0
98	0
99	0
100	0
101	0
102	0
103	2
104	0
105	0
106	0
107	0
108	0
109	0
110	0
111	0
112	0
113	1
114	0
115	0
116	0
117	0
118	0
119	0
120	0
121	1
122	0
123	0
124	0
125	0
126	0
127	0
128	0
129	0
130	0
131	0
132	0
133	1
134	0
135	2
136	0
137	1
138	0
139	2
140	0
141	1
142	0
143	2
144	0
145	0
146	0
147	1
148	0
149	2
150	0
151	1
152	0
153	1
154	0
155	1
156	0
157	2
158	0
159	2
160	0
161	0
162	0
163	0
164	0
165	1
166	0
167	0
168	0
169	1
170	0
171	0
172	0
173	1
174	-1
175	0
176	0
177	1
178	0
179	0
180	0
181	0
182	0
183	0
184	0
185	1
186	0
187	0
188	0
189	0
190	0
191	0
192	0
193	0
194	0
195	0
196	0
197	1
198	0
199	0
200	0
201	1
202	0
203	1
204	0
205	0
206	0
207	0
208	0
209	0
210	0
211	0
212	0
213	0
214	0
215	0
216	0
217	0
218	0
219	0
220	0
221	0
222	-1
223	0
224	0
225	0
226	0
227	0
228	-1
229	0
230	-1
231	0
232	0
233	0
234	0
235	0
236	0
237	1
238	0
239	1
240	0
241	1
242	0
243	1
244	0
245	1
246	0
247	3
248	0
249	1
250	0
251	2
252	0
253	2
254	1
255	2
256	1
257	2
258	0
259	2
260	0
261	2
262	0
263	1
264	0
265	2
266	0
267	1
268	0
269	2
270	0
271	1
272	0
273	1
274	0
275	2
276	0
277	0
278	0
279	1
280	0
281	0
282	0
283	1
284	0
285	0
286	0
287	0
288	0
289	0
290	0
291	0
292	0
293	0
294	0
295	0
296	-1
297	0
298	0
299	0
300	0
301	0
302	0
303	0
304	0
305	0
306	0
307	0
308	0
309	0
310	0
311	0
312	0
313	0
314	0
315	0
316	0
317	0
318	0
319	0
320	0
321	0
322	0
323	0
324	0
325	0
326	0
327	0
328	0
329	0
330	0
331	0
332	0
333	0
334	0
335	0
336	-1
337	0
338	0
339	0
340	0
341	0
342	-1
343	0
344	-1
345	0
346	0
347	0
348	0
349	0
350	0
351	0
352	0
353	0
354	0
355	0
356	0
357	0
358	0
359	0
360	0
361	1
362	0
363	1
364	0
365	0
366	0
367	1
368	0
369	1
370	0
371	1
372	0
373	0
374	0
375	2
376	1
377	2
378	1
379	2
380	0
381	2
382	0
383	0
384	0
385	0
386	0
387	1
388	0
389	2
390	0
391	1
392	0
393	2
394	0
395	1
396	1
397	0
398	0
399	0
400	0
401	0
402	0
403	0
404	0
405	0
406	0
407	0
408	0
409	0
410	0
411	0
412	0
413	2
414	0
415	1
416	-1
417	0
418	0
419	0
420	0
421	0
422	0
423	0
424	0
425	0
426	0
427	1
428	0
429	0
430	0
431	0
432	0
433	3
434	1
435	5
436	3
437	9
438	7
439	12
440	12
441	18
442	18
443	24
444	24
445	30
446	31
447	36
448	38
449	44
450	44
451	50
452	50
453	58
454	59
455	64
456	65
457	71
458	73
459	78
460	79
461	82
462	82
463	87
464	87
465	92
466	92
467	94
468	94
469	95
470	94
471	98
472	96
473	98
474	97
475	99
476	95
477	98
478	96
479	98
480	96
481	96
482	92
483	94
484	91
485	93
486	89
487	90
488	87
489	87
490	85
491	84
492	81
493	82
494	78
495	77
496	76
497	77
498	77
499	78
500	62
501	69
502	64
503	65
504	62
505	64
506	58
507	59
508	55
509	56
510	53
511	53
512	52
513	51
514	47
515	47
516	42
517	44
518	40
519	41
520	39
521	40
522	36
523	37
524	33
525	36
526	29
527	31
528	27
529	27
530	24
531	25
532	23
533	23
534	22
535	22
536	20
537	22
538	19
539	20
540	15
541	19
542	13
543	17
544	11
545	12
546	8
547	10
548	6
549	8
550	6
551	8
552	4
553	7
554	4
555	6
556	4
557	4
558	4
559	4
560	4
561	4
562	2
563	3
564	2
565	2
566	1
567	2
568	0
569	2
570	0
571	2
572	0
573	1
574	0
575	0
576	-1
577	0
578	-1
579	0
580	-1
581	0
582	-1
583	0
584	-1
585	-1
586	-1
587	0
588	-1
589	0
590	-2
591	0
592	-3
593	0
594	0
595	0
596	-2
597	0
598	-2
599	-1
600	-2
601	0
602	-4
603	0
604	-3
605	-2
606	-2
607	0
608	-2
609	0
610	-2
611	-1
612	-2
613	-1
614	-3
615	0
616	-2
617	0
618	-2
619	-1
620	-3
621	-2
622	-2
623	-1
624	-2
625	-1
626	-4
627	-1
628	-2
629	-1
630	-4
631	-1
632	-3
633	-1
634	-4
635	-1
636	-3
637	-1
638	-3
639	-1
640	-2
641	-1
642	-3
643	-1
644	-3
645	-1
646	-2
647	0
648	-3
649	0
650	-3
651	0
652	-3
653	0
654	-1
655	0
656	-2
657	0
658	-2
659	0
660	-1
661	0
662	-2
663	-1
664	-2
665	0
666	-3
667	0
668	-1
669	0
670	-1
671	-1
672	-2
673	0
674	-2
675	-1
676	-3
677	-1
678	-3
679	-2
680	-3
681	-2
682	-3
683	-1
684	-3
685	-1
686	-2
687	-1
688	-2
689	0
690	0
691	-1
692	-1
693	0
694	-2
695	0
696	-2
697	0
698	-1
699	0
700	-1
701	0
702	-1
703	0
704	0
705	-1
706	-1
707	0
708	-1
709	0
710	-2
711	-1
712	-2
713	0
714	-2
715	-1
716	-3
717	0
718	-2
719	0
720	-3
721	-1
722	-3
723	-2
724	-3
725	-2
726	-4
727	-1
728	-4
729	-1
730	-1
731	-2
732	-1
733	-1
734	-3
735	-1
736	-3
737	0
738	-2
739	0
740	-3
741	0
742	-3
743	-1
744	-2
745	-1
746	-3
747	0
748	-2
749	-1
750	-2
751	-2
752	-4
753	-1
754	-3
755	-1
756	-3
757	-3
758	-4
759	-2
760	-4
761	-2
762	-3
763	-2
764	-2
765	-2
766	-3
767	-2
768	-1
769	-2
770	-3
771	-2
772	-2
773	-1
774	-4
775	-2
776	-3
777	-2
778	-2
779	-1
780	-3
781	-2
782	-4
783	-2
784	-3
785	-1
786	-2
787	-3
788	-3
789	0
790	-3
791	-1
792	-3
793	0
794	-3
795	-1
796	-3
797	-2
798	-1
799	0
800	-1
801	-1
802	-2
803	-1
804	-1
805	0
806	-2
807	-1
808	-2
809	0
810	-3
811	-1
812	-4
813	-1
814	-3
815	-1
816	-2
817	-1
818	-3
819	-1
820	-3
821	-2
822	-3
823	-3
824	-4
825	-2
826	-3
827	-1
828	-2
829	-2
830	-2
831	-2
832	-4
833	-2
834	-4
835	-2
836	-3
837	-2
838	-2
839	-2
840	-3
841	-2
842	-2
843	-1
844	-2
845	-1
846	-3
847	-2
848	-4
849	-3
850	-4
851	-2
852	-2
853	-3
854	-3
855	-2
856	-4
857	-2
858	-2
859	-1
860	-2
861	-2
862	-3
863	-1
864	-3
865	-1
866	-4
867	-1
868	-3
869	-2
870	-3
871	-1
872	-2
873	0
874	-4
875	0
876	-3
877	0
878	-3
879	-1
880	-3
881	-1
882	-3
883	-2
884	-2
885	-1
886	-3
887	-1
888	-3
889	-1
890	-3
891	-1
892	-3
893	-1
894	-4
895	-2
896	-5
897	-2
898	-3
899	-2
900	-3
901	-1
902	-3
903	-1
904	-4
905	-1
906	-3
907	-1
908	-2
909	-1
910	-3
911	-1
912	-3
913	-2
914	-4
915	-2
916	-3
917	-1
918	-4
919	-2
920	-4
921	-1
922	-2
923	-1
924	-2
925	-1
926	-2
927	-1
928	-2
929	-2
930	-2
931	-1
932	-3
933	-2
934	-2
935	-2
936	-2
937	-2
938	-4
939	-3
940	-3
941	-3
942	-4
943	-2
944	-2
945	-2
946	-3
947	-1
948	-3
949	-1
950	-3
951	-2
952	-4
953	-1
954	-2
955	0
956	-4
957	-2
958	-3
959	-1
960	-4
961	-1
962	-4
963	-1
964	-3
965	-1
966	-2
967	-1
968	-3
969	-1
970	-2
971	-3
972	-3
973	-2
974	-1
975	0
976	-2
977	-1
978	-3
979	0
980	-1
981	0
982	-2
983	-1
984	-1
985	0
986	-2
987	0
988	-2
989	0
990	-3
991	-2
992	-2
993	0
994	-1
995	0
996	-2
997	0
998	-3
999	-1
1000	-1
1001	0
1002	-3
1003	-2
1004	-2
1005	-2
1006	-2
1007	-1
1008	-3
1009	-1
1010	-4
1011	0
1012	-3
1013	-1
1014	-3
1015	-1
1016	-2
1017	-1
1018	-3
1019	-1
1020	-2
1021	-2
1022	-3
1023	-1
1024	-4
1025	-1
1026	-3
1027	-2
1028	-2
1029	-2
1030	-2
1031	-2
1032	-3
1033	-3
1034	-3
1035	-3
1036	-4
1037	-2
1038	-4
1039	-2
1040	-4
1041	-2
1042	-4
1043	-3
1044	-5
1045	-1
1046	-5
1047	-1
1048	-4
1049	-1
1050	-4
1051	-1
1052	-4
1053	-1
1054	-3
1055	-2
1056	-4
1057	-1
1058	-3
1059	-2
1060	-3
1061	-1
1062	-3
1063	0
1064	-3
1065	-2
1066	0
1067	-1
1068	-1
1069	0
1070	-3
1071	0
1072	-2
1073	0
1074	-1
1075	0
1076	-2
1077	0
1078	-1
1079	0
1080	-3
1081	0
1082	-2
1083	0
1084	-1
1085	0
1086	-2
1087	0
1088	-2
1089	-1
1090	-2
1091	0
1092	-3
1093	-1
1094	-2
1095	-1
1096	-2
1097	0
1098	-2
1099	0
1100	-3
1101	-1
1102	-3
1103	-1
1104	-2
1105	-2
1106	-3
1107	-1
1108	-2
1109	-1
1110	-2
1111	-1
1112	-1
1113	-1
1114	-2
1115	-1
1116	-3
1117	-1
1118	-4
1119	-1
1120	-2
1121	-1
1122	-2
1123	-1
1124	-2
1125	-2
1126	-2
1127	-1
1128	-3
1129	-1
1130	-2
1131	-1
1132	-2
1133	-2
1134	-3
1135	-1
1136	-2
1137	-2
1138	-3
1139	-2
1140	-4
1141	-1
1142	-3
1143	-2
1144	-4
1145	-2
1146	-4
1147	-2
1148	-4
1149	-2
1150	-4
1151	-2
1152	-3
1153	-1
1154	-3
1155	0
1156	-3
1157	0
1158	-5
1159	0
1160	-4
1161	0
1162	-1
1163	0
1164	-2
1165	0
1166	-3
1167	0
1168	-1
1169	0
1170	-2
1171	0
1172	-1
1173	0
1174	-1
1175	0
1176	-1
1177	0
1178	-1
1179	0
1180	-2
1181	0
1182	-1
1183	0
1184	-1
1185	0
1186	-1
1187	0
1188	0
1189	0
1190	-1
1191	0
1192	-1
1193	-1
1194	-1
1195	-1
1196	-2
1197	0
1198	-1
1199	0
1200	-1
1201	-1
1202	0
1203	-1
1204	-1
1205	0
1206	-1
1207	0
1208	-1
1209	-1
1210	-2
1211	-1
1212	-2
1213	-1
1214	-2
1215	-1
1216	-2
1217	-1
1218	-3
1219	-1
1220	-2
1221	-2
1222	-3
1223	-3
1224	-3
1225	0
1226	-3
1227	-1
1228	-3
1229	-1
1230	-4
1231	-1
1232	-4
1233	-1
1234	-3
1235	0
1236	-3
1237	-1
1238	-3
1239	0
1240	-2
1241	-1
1242	-2
1243	-1
1244	-2
1245	-1
1246	-3
1247	-1
1248	-2
1249	0
1250	-2
1251	0
1252	-2
1253	0
1254	-3
1255	-1
1256	-1
1257	-1
1258	-1
1259	0
1260	-1
1261	-1
1262	-2
1263	-1
1264	-2
1265	0
1266	-2
1267	0
1268	-1
1269	0
1270	-1
1271	-1
1272	-1
1273	0
1274	0
1275	0
1276	0
1277	0
1278	-1
1279	0
1280	-1
1281	0
1282	-1
1283	0
1284	0
1285	-1
1286	-2
1287	0
1288	-2
1289	0
1290	-2
1291	0
1292	-2
1293	0
1294	-1
1295	0
1296	-1
1297	0
1298	-1
1299	0
1300	-4
1301	0
1302	-2
1303	0
1304	-2
1305	0
1306	-2
1307	0
1308	-2
1309	0
1310	-1
1311	0
1312	-1
1313	0
1314	-1
1315	-1
1316	0
1317	-1
1318	-2
1319	-1
1320	-2
1321	0
1322	-1
1323	0
1324	-1
1325	0
1326	-2
1327	-1
1328	-1
1329	0
1330	0
1331	0
1332	-1
1333	-1
1334	-1
1335	0
1336	-2
1337	0
1338	-3
1339	0
1340	-1
1341	-1
1342	-2
1343	0
1344	-2
1345	0
1346	-2
1347	0
1348	-2
1349	0
1350	-2
1351	0
1352	-3
1353	0
1354	-3
1355	-1
1356	-1
1357	-1
1358	-1
1359	0
1360	-2
1361	0
1362	-2
1363	0
1364	-1
1365	0
1366	-2
1367	0
1368	-1
1369	0
1370	-2
1371	0
1372	-1
1373	0
1374	-2
1375	0
1376	-1
1377	0
1378	-1
1379	0
1380	-1
1381	-1
1382	-2
1383	0
1384	0
1385	0
1386	-1
1387	0
1388	0
1389	0
1390	-1
1391	0
1392	-2
1393	0
1394	-1
1395	0
1396	-1
1397	0
1398	-2
1399	0
1400	0
1401	0
1402	-1
1403	0
1404	-1
1405	0
1406	0
1407	0
1408	-1
1409	0
1410	-2
1411	0
1412	0
1413	0
1414	-1
1415	0
1416	-1
1417	0
1418	0
1419	0
1420	0
1421	0
1422	-1
1423	0
1424	-1
1425	0
1426	0
1427	0
1428	-1
1429	-1
1430	-1
1431	0
1432	-1
1433	0
1434	-2
1435	0
1436	-2
1437	0
1438	-1
1439	-1
1440	-2
1441	0
1442	-2
1443	-1
1444	-2
1445	-2
1446	-2
1447	0
1448	-3
1449	-1
1450	-2
1451	-1
1452	-2
1453	-1
1454	-2
1455	-2
1456	-1
1457	-1
1458	0
1459	0
1460	-1
1461	-1
1462	-2
1463	0
1464	-1
1465	-1
1466	-1
1467	0
1468	-1
1469	0
1470	-1
1471	0
1472	-1
1473	0
1474	-1
1475	0
1476	0
1477	-1
1478	-1
1479	0
1480	-2
1481	-1
1482	-1
1483	0
1484	-1
1485	0
1486	-2
1487	0
1488	-1
1489	0
1490	0
1491	-1
1492	-2
1493	0
1494	-1
1495	0
1496	-1
1497	0
1498	-1
1499	0
1500	-2
1501	0
1502	-2
1503	0
1504	0
1505	0
1506	0
1507	0
1508	0
1509	0
1510	0
1511	0
1512	0
1513	0
1514	0
1515	0
1516	0
1517	0
1518	0
1519	0
1520	-1
1521	0
1522	0
1523	0
1524	-1
1525	0
1526	0
1527	0
1528	0
1529	0
1530	0
1531	1
1532	0
1533	0
1534	0
1535	1
1536	0
1537	1
1538	0
1539	0
1540	0
1541	1
1542	0
1543	0
1544	0
1545	1
1546	0
1547	1
1548	0
1549	0
1550	0
1551	0
1552	0
1553	0
1554	-1
1555	1
1556	0
1557	1
1558	0
1559	1
1560	0
1561	1
1562	0
1563	1
1564	0
1565	0
1566	0
1567	1
1568	0
1569	0
1570	0
1571	0
1572	0
1573	1
1574	0
1575	0
1576	0
1577	0
1578	0
1579	0
1580	0
1581	0
1582	-1
1583	0
1584	0
1585	0
1586	0
1587	1
1588	0
1589	0
1590	0
1591	0
1592	0
1593	0
1594	0
1595	0
1596	0
1597	0
1598	-1
1599	0
1600	-1
1601	0
1602	-1
1603	1
1604	-1
1605	1
1606	0
1607	0
1608	0
1609	0
1610	0
1611	0
1612	0
1613	0
1614	0
1615	0
1616	-1
1617	0
1618	-1
1619	0
1620	-1
1621	0
1622	-1
1623	0
1624	-1
1625	0
1626	-1
1627	0
1628	-1
1629	0
1630	-1
1631	1
1632	-1
1633	0
1634	0
1635	0
1636	-1
1637	0
1638	-1
1639	0
1640	0
1641	0
1642	-1
1643	0
1644	-1
1645	0
1646	-1
1647	0
1648	0
1649	-1
1650	-1
1651	0
1652	-2
1653	-1
1654	0
1655	-1
1656	-2
1657	-1
1658	-1
1659	0
1660	-2
1661	0
1662	-1
1663	0
1664	-2
1665	0
1666	-1
1667	0
1668	0
1669	0
1670	-1
1671	0
1672	-1
1673	0
1674	0
1675	0
1676	-1
1677	0
1678	-1
1679	0
1680	-1
1681	0
1682	-2
1683	0
1684	-2
1685	0
1686	0
1687	0
1688	-1
1689	0
1690	-1
1691	0
1692	0
1693	0
1694	0
1695	0
1696	0
1697	0
1698	-1
1699	0
1700	0
1701	0
1702	0
1703	0
1704	-2
1705	0
1706	0
1707	0
1708	-1
1709	0
1710	-1
1711	0
1712	0
1713	0
1714	0
1715	0
1716	-1
1717	0
1718	-1
1719	0
1720	0
1721	0
1722	0
1723	0
1724	0
1725	0
1726	0
1727	0
1728	0
1729	1
1730	0
1731	1
1732	1
1733	1
1734	0
1735	2
1736	2
1737	2
1738	1
1739	3
1740	1
1741	3
1742	1
1743	3
1744	2
1745	4
1746	2
1747	3
1748	3
1749	3
1750	2
1751	4
1752	2
1753	4
1754	3
1755	3
1756	3
1757	3
1758	3
1759	4
1760	1
1761	4
1762	3
1763	4
1764	1
1765	4
1766	1
1767	3
1768	2
1769	2
1770	3
1771	3
1772	2
1773	3
1774	2
1775	2
1776	0
1777	2
1778	1
1779	1
1780	1
1781	2
1782	1
1783	2
1784	1
1785	2
1786	0
1787	3
1788	0
1789	2
1790	1
1791	1
1792	0
1793	0
1794	1
1795	1
1796	1
1797	0
1798	0
1799	0
1800	0
1801	0
1802	0
1803	0
1804	0
1805	0
1806	0
1807	0
1808	-1
1809	1
1810	0
1811	0
1812	0
1813	0
1814	0
1815	0
1816	0
1817	0
1818	0
1819	0
1820	0
1821	0
1822	0
1823	0
1824	0
1825	1
1826	0
1827	2
1828	-1
1829	0
1830	0
1831	0
1832	0
1833	0
1834	0
1835	0
1836	0
1837	0
1838	0
1839	0
1840	0
1841	0
1842	0
1843	0
1844	-1
1845	0
1846	0
1847	0
1848	-1
1849	0
1850	0
1851	0
1852	-1
1853	0
1854	0
1855	0
1856	-1
1857	0
1858	-1
1859	0
1860	-1
1861	-1
1862	-1
1863	0
1864	-1
1865	0
1866	-1
1867	0
1868	-1
1869	0
1870	0
1871	0
1872	0
1873	0
1874	0
1875	0
1876	-1
1877	0
1878	-1
1879	0
1880	-1
1881	0
1882	0
1883	0
1884	-1
1885	0
1886	-1
1887	0
1888	0
1889	0
1890	-2
1891	0
1892	-2
1893	0
1894	-1
1895	0
1896	0
1897	0
1898	0
1899	0
1900	0
1901	0
1902	0
1903	0
1904	-1
1905	0
1906	0
1907	0
1908	0
1909	0
1910	0
1911	-1
1912	-1
1913	0
1914	-1
1915	0
1916	-1
1917	-1
1918	-1
1919	0
1920	-1
1921	0
1922	-1
1923	0
1924	-1
1925	0
1926	-1
1927	0
1928	0
1929	0
1930	0
1931	0
1932	0
1933	0
1934	0
1935	0
1936	-1
1937	0
1938	-2
1939	0
1940	-1
1941	0
1942	0
1943	0
1944	0
1945	0
1946	0
1947	0
1948	0
1949	0
1950	0
1951	1
1952	0
1953	0
1954	0
1955	1
1956	0
1957	2
1958	0
1959	2
1960	2
1961	3
1962	1
1963	3
1964	1
1965	3
1966	0
1967	2
1968	0
1969	3
1970	0
1971	1
1972	1
1973	2
1974	1
1975	2
1976	0
1977	2
1978	0
1979	2
1980	0
1981	2
1982	0
1983	1
1984	0
1985	2
1986	0
1987	1
1988	0
1989	2
1990	1
1991	1
1992	0
1993	1
1994	0
1995	2
1996	0
1997	1
1998	1
1999	1
