0	0
1	0
2	0
3	0
4	0
5	0
6	0
7	0
8	0
9	0
10	0
11	0
12	0
13	0
14	0
15	1
16	0
17	0
18	0
19	0
20	0
21	0
22	0
23	0
24	0
25	0
26	0
27	0
28	0
29	1
30	0
31	0
32	0
33	0
34	0
35	0
36	0
37	1
38	0
39	0
40	0
41	0
42	0
43	0
44	0
45	0
46	0
47	0
48	0
49	0
50	0
51	0
52	0
53	0
54	0
55	0
56	0
57	0
58	0
59	0
60	0
61	0
62	0
63	0
64	0
65	0
66	0
67	0
68	0
69	0
70	0
71	0
72	0
73	0
74	0
75	0
76	0
77	0
78	0
79	0
80	0
81	0
82	0
83	0
84	0
85	1
86	0
87	0
88	0
89	0
90	0
91	0
92	1
93	0
94	0
95	0
96	0
97	0
98	0
99	0
100	0
101	0
102	0
103	0
104	0
105	1
106	0
107	0
108	0
109	0
110	0
111	0
112	0
113	1
114	0
115	0
116	0
117	0
118	0
119	1
120	0
121	0
122	0
123	0
124	0
125	0
126	0
127	0
128	0
129	0
130	0
131	0
132	0
133	0
134	0
135	0
136	0
137	0
138	0
139	0
140	0
141	0
142	0
143	0
144	0
145	0
146	0
147	0
148	0
149	0
150	0
151	0
152	0
153	0
154	0
155	0
156	0
157	0
158	0
159	0
160	0
161	1
162	0
163	1
164	0
165	0
166	0
167	0
168	0
169	0
170	0
171	0
172	0
173	0
174	0
175	0
176	0
177	0
178	0
179	0
180	0
181	0
182	0
183	0
184	0
185	0
186	0
187	0
188	0
189	0
190	0
191	0
192	0
193	0
194	0
195	0
196	0
197	0
198	0
199	0
200	0
201	1
202	0
203	0
204	0
205	0
206	0
207	0
208	0
209	0
210	0
211	0
212	0
213	0
214	0
215	0
216	0
217	0
218	0
219	0
220	0
221	0
222	0
223	0
224	0
225	0
226	0
227	0
228	0
229	0
230	0
231	0
232	0
233	0
234	0
235	0
236	0
237	0
238	0
239	0
240	0
241	0
242	0
243	0
244	0
245	0
246	0
247	0
248	0
249	0
250	0
251	0
252	1
253	0
254	0
255	0
256	0
257	1
258	0
259	1
260	0
261	0
262	0
263	0
264	0
265	0
266	0
267	0
268	0
269	0
270	0
271	0
272	0
273	0
274	0
275	0
276	0
277	0
278	0
279	0
280	0
281	0
282	0
283	1
284	0
285	0
286	0
287	0
288	0
289	0
290	0
291	1
292	0
293	1
294	0
295	0
296	0
297	0
298	0
299	0
300	0
301	0
302	0
303	0
304	0
305	0
306	0
307	0
308	0
309	0
310	0
311	0
312	0
313	0
314	0
315	0
316	0
317	0
318	0
319	0
320	0
321	0
322	0
323	0
324	0
325	-1
326	0
327	0
328	0
329	0
330	0
331	0
332	0
333	0
334	0
335	0
336	0
337	0
338	0
339	0
340	0
341	0
342	0
343	0
344	0
345	0
346	0
347	0
348	0
349	0
350	0
351	0
352	0
353	0
354	0
355	0
356	0
357	0
358	0
359	0
360	0
361	0
362	1
363	0
364	0
365	0
366	0
367	0
368	0
369	0
370	0
371	0
372	0
373	0
374	0
375	0
376	0
377	0
378	0
379	0
380	0
381	0
382	0
383	1
384	0
385	1
386	0
387	1
388	1
389	2
390	1
391	2
392	1
393	2
394	2
395	3
396	1
397	1
398	1
399	1
400	1
401	1
402	1
403	2
404	1
405	1
406	1
407	1
408	0
409	1
410	0
411	0
412	0
413	0
414	0
415	0
416	0
417	0
418	0
419	0
420	0
421	0
422	0
423	0
424	0
425	0
426	0
427	0
428	1
429	0
430	1
431	1
432	1
433	1
434	2
435	3
436	2
437	4
438	7
439	7
440	11
441	13
442	15
443	17
444	19
445	22
446	25
447	28
448	30
449	35
450	38
451	41
452	44
453	47
454	50
455	54
456	57
457	60
458	62
459	67
460	68
461	71
462	73
463	77
464	77
465	81
466	83
467	85
468	86
469	88
470	88
471	90
472	90
473	92
474	92
475	93
476	93
477	94
478	94
479	93
480	93
481	93
482	92
483	92
484	90
485	90
486	89
487	89
488	87
489	87
490	86
491	86
492	82
493	80
494	78
495	77
496	77
497	77
498	77
499	78
500	62
501	70
502	65
503	64
504	62
505	64
506	59
507	59
508	56
509	54
510	52
511	50
512	49
513	49
514	45
515	45
516	42
517	40
518	39
519	37
520	36
521	35
522	35
523	34
524	32
525	31
526	29
527	26
528	25
529	23
530	23
531	23
532	22
533	22
534	20
535	21
536	18
537	17
538	16
539	14
540	14
541	13
542	11
543	11
544	8
545	10
546	6
547	6
548	5
549	5
550	4
551	5
552	4
553	4
554	3
555	4
556	2
557	3
558	1
559	2
560	1
561	2
562	1
563	0
564	0
565	0
566	0
567	-1
568	0
569	0
570	-1
571	-2
572	-2
573	-2
574	-2
575	0
576	-3
577	-2
578	-5
579	-2
580	-3
581	-4
582	-3
583	-2
584	-4
585	-2
586	-3
587	-3
588	-4
589	-2
590	-2
591	-2
592	-3
593	-3
594	-2
595	-4
596	-1
597	-2
598	-2
599	0
600	-1
601	-1
602	-2
603	-2
604	-2
605	-1
606	-2
607	0
608	-2
609	-1
610	-2
611	-2
612	-2
613	-1
614	0
615	-1
616	-2
617	0
618	-1
619	0
620	0
621	0
622	-1
623	0
624	-1
625	-1
626	-1
627	-1
628	0
629	0
630	0
631	-2
632	0
633	0
634	0
635	0
636	0
637	-1
638	-1
639	0
640	0
641	-1
642	0
643	-1
644	0
645	-1
646	-2
647	-2
648	-1
649	-1
650	-2
651	0
652	-1
653	0
654	0
655	0
656	-1
657	0
658	-1
659	0
660	0
661	0
662	-1
663	0
664	0
665	-1
666	-1
667	0
668	-2
669	0
670	0
671	-1
672	0
673	-1
674	-1
675	-1
676	0
677	0
678	-1
679	0
680	0
681	0
682	0
683	-1
684	0
685	-1
686	0
687	0
688	-1
689	0
690	-2
691	-1
692	0
693	0
694	0
695	0
696	-1
697	0
698	-1
699	0
700	-1
701	0
702	-1
703	0
704	-1
705	0
706	0
707	0
708	0
709	0
710	0
711	0
712	0
713	0
714	-1
715	0
716	-1
717	0
718	-1
719	0
720	-2
721	0
722	0
723	0
724	0
725	0
726	-2
727	-1
728	-1
729	0
730	-1
731	0
732	0
733	0
734	0
735	0
736	0
737	-1
738	-1
739	-1
740	0
741	0
742	0
743	-1
744	-1
745	-1
746	0
747	0
748	0
749	-1
750	-1
751	0
752	0
753	0
754	0
755	0
756	-1
757	0
758	0
759	0
760	-1
761	0
762	-1
763	0
764	-1
765	0
766	-1
767	0
768	0
769	-1
770	-1
771	-2
772	-1
773	-1
774	-1
775	-1
776	-1
777	-2
778	-2
779	-1
780	-1
781	-1
782	-1
783	-1
784	-1
785	-1
786	-1
787	0
788	-1
789	-1
790	0
791	0
792	-1
793	0
794	-1
795	-1
796	-1
797	-2
798	-1
799	-1
800	-1
801	0
802	0
803	0
804	0
805	-1
806	0
807	0
808	0
809	0
810	0
811	-1
812	0
813	0
814	0
815	0
816	0
817	0
818	0
819	0
820	0
821	-1
822	0
823	-1
824	-1
825	0
826	0
827	0
828	-1
829	-1
830	-1
831	-1
832	-1
833	-1
834	0
835	-2
836	-1
837	-3
838	-1
839	-1
840	-2
841	-1
842	-2
843	-1
844	-2
845	-1
846	-2
847	-1
848	0
849	-1
850	-1
851	-1
852	0
853	-1
854	0
855	-1
856	0
857	0
858	0
859	-1
860	0
861	0
862	0
863	-1
864	0
865	0
866	0
867	0
868	0
869	0
870	0
871	0
872	0
873	0
874	0
875	0
876	0
877	0
878	0
879	0
880	0
881	0
882	0
883	-1
884	-1
885	0
886	-2
887	-1
888	0
889	-2
890	0
891	-1
892	-1
893	-1
894	-1
895	0
896	-2
897	-1
898	-2
899	-1
900	-1
901	-2
902	-1
903	-2
904	-1
905	-1
906	-2
907	-2
908	-2
909	-1
910	-2
911	-1
912	-1
913	-1
914	-2
915	-1
916	-1
917	-1
918	-1
919	0
920	-2
921	-2
922	-1
923	-1
924	-1
925	-1
926	-1
927	0
928	-1
929	0
930	-1
931	-1
932	-1
933	-1
934	-2
935	-2
936	0
937	-2
938	-1
939	-1
940	-1
941	-1
942	0
943	-1
944	0
945	-1
946	-1
947	0
948	0
949	0
950	0
951	-1
952	0
953	0
954	0
955	0
956	0
957	0
958	0
959	0
960	0
961	0
962	0
963	0
964	0
965	0
966	0
967	0
968	-2
969	0
970	-1
971	0
972	0
973	-1
974	-1
975	-1
976	-2
977	-2
978	-1
979	-2
980	-1
981	-2
982	-2
983	-2
984	-1
985	-1
986	-1
987	-2
988	-1
989	-3
990	-2
991	-2
992	-1
993	-1
994	-2
995	-1
996	-1
997	-1
998	-1
999	-1
1000	-3
1001	-1
1002	-2
1003	-1
1004	-1
1005	-1
1006	-2
1007	-1
1008	-1
1009	-1
1010	-1
1011	0
1012	0
1013	-2
1014	0
1015	0
1016	-1
1017	-1
1018	-1
1019	-1
1020	-2
1021	0
1022	-2
1023	0
1024	-2
1025	-1
1026	-1
1027	0
1028	-1
1029	-1
1030	0
1031	-1
1032	-2
1033	0
1034	-1
1035	-1
1036	-2
1037	0
1038	-1
1039	0
1040	-1
1041	0
1042	-1
1043	-1
1044	-1
1045	-1
1046	-1
1047	0
1048	-1
1049	-1
1050	0
1051	-1
1052	0
1053	0
1054	0
1055	0
1056	0
1057	0
1058	0
1059	0
1060	0
1061	0
1062	0
1063	-1
1064	0
1065	0
1066	0
1067	-1
1068	-1
1069	-1
1070	0
1071	0
1072	0
1073	0
1074	0
1075	0
1076	0
1077	0
1078	-1
1079	0
1080	-1
1081	0
1082	0
1083	0
1084	0
1085	0
1086	0
1087	0
1088	0
1089	0
1090	0
1091	0
1092	0
1093	0
1094	0
1095	0
1096	0
1097	0
1098	0
1099	0
1100	0
1101	0
1102	0
1103	0
1104	0
1105	0
1106	0
1107	0
1108	0
1109	0
1110	0
1111	0
1112	0
1113	0
1114	0
1115	0
1116	0
1117	0
1118	0
1119	0
1120	0
1121	0
1122	0
1123	0
1124	0
1125	0
1126	0
1127	0
1128	1
1129	0
1130	0
1131	0
1132	0
1133	0
1134	0
1135	0
1136	0
1137	1
1138	0
1139	0
1140	0
1141	0
1142	0
1143	0
1144	0
1145	0
1146	-1
1147	1
1148	0
1149	0
1150	0
1151	0
1152	0
1153	0
1154	0
1155	0
1156	0
1157	0
1158	0
1159	0
1160	0
1161	0
1162	0
1163	0
1164	0
1165	0
1166	0
1167	0
1168	0
1169	0
1170	0
1171	0
1172	0
1173	0
1174	0
1175	0
1176	-1
1177	0
1178	-2
1179	-1
1180	0
1181	0
1182	-1
1183	-1
1184	0
1185	-1
1186	-1
1187	-1
1188	-1
1189	-1
1190	0
1191	0
1192	-1
1193	-1
1194	-1
1195	-1
1196	-1
1197	-2
1198	-1
1199	-1
1200	-1
1201	0
1202	-1
1203	0
1204	0
1205	0
1206	-1
1207	0
1208	0
1209	-1
1210	0
1211	-1
1212	-1
1213	-1
1214	-2
1215	-1
1216	-2
1217	0
1218	-1
1219	-1
1220	0
1221	-1
1222	0
1223	-1
1224	-1
1225	-1
1226	-1
1227	-1
1228	-2
1229	-1
1230	-1
1231	-1
1232	-1
1233	0
1234	0
1235	0
1236	0
1237	-1
1238	-1
1239	-1
1240	0
1241	0
1242	-1
1243	0
1244	0
1245	0
1246	0
1247	0
1248	-1
1249	0
1250	-1
1251	0
1252	0
1253	0
1254	0
1255	0
1256	0
1257	0
1258	0
1259	-1
1260	-1
1261	0
1262	0
1263	0
1264	0
1265	0
1266	0
1267	0
1268	-1
1269	-1
1270	0
1271	0
1272	0
1273	0
1274	-1
1275	0
1276	-1
1277	0
1278	-1
1279	-1
1280	-1
1281	0
1282	-1
1283	0
1284	0
1285	0
1286	-1
1287	-1
1288	0
1289	0
1290	-1
1291	0
1292	0
1293	0
1294	0
1295	0
1296	0
1297	0
1298	-1
1299	0
1300	0
1301	0
1302	0
1303	0
1304	0
1305	0
1306	0
1307	-1
1308	-1
1309	0
1310	0
1311	-1
1312	0
1313	-1
1314	0
1315	-1
1316	-2
1317	-1
1318	-1
1319	-1
1320	-1
1321	-1
1322	0
1323	-1
1324	-1
1325	-1
1326	0
1327	0
1328	0
1329	-1
1330	0
1331	0
1332	-1
1333	0
1334	0
1335	0
1336	0
1337	0
1338	0
1339	0
1340	0
1341	0
1342	0
1343	0
1344	0
1345	0
1346	0
1347	0
1348	0
1349	0
1350	0
1351	0
1352	0
1353	0
1354	0
1355	0
1356	-1
1357	0
1358	-1
1359	0
1360	-1
1361	0
1362	0
1363	0
1364	-1
1365	0
1366	-1
1367	0
1368	-1
1369	0
1370	0
1371	0
1372	-1
1373	0
1374	-2
1375	-1
1376	-1
1377	0
1378	0
1379	0
1380	-1
1381	0
1382	0
1383	0
1384	0
1385	0
1386	-1
1387	-1
1388	0
1389	0
1390	0
1391	0
1392	0
1393	0
1394	0
1395	0
1396	-1
1397	0
1398	0
1399	-1
1400	0
1401	0
1402	0
1403	0
1404	0
1405	-1
1406	-1
1407	0
1408	0
1409	0
1410	0
1411	0
1412	0
1413	0
1414	-1
1415	0
1416	0
1417	0
1418	0
1419	0
1420	0
1421	0
1422	0
1423	0
1424	0
1425	0
1426	0
1427	0
1428	0
1429	0
1430	0
1431	0
1432	0
1433	0
1434	0
1435	0
1436	0
1437	0
1438	0
1439	0
1440	0
1441	0
1442	-1
1443	0
1444	0
1445	0
1446	0
1447	-1
1448	0
1449	0
1450	0
1451	0
1452	0
1453	0
1454	0
1455	0
1456	-2
1457	-1
1458	-1
1459	-1
1460	-1
1461	0
1462	-1
1463	-1
1464	-1
1465	0
1466	-2
1467	0
1468	-1
1469	-1
1470	-1
1471	0
1472	0
1473	0
1474	0
1475	0
1476	0
1477	0
1478	0
1479	0
1480	0
1481	0
1482	0
1483	0
1484	0
1485	0
1486	0
1487	0
1488	0
1489	0
1490	0
1491	0
1492	0
1493	0
1494	0
1495	0
1496	0
1497	0
1498	0
1499	0
1500	0
1501	0
1502	0
1503	0
1504	0
1505	0
1506	0
1507	-1
1508	-1
1509	-1
1510	-2
1511	-1
1512	-1
1513	-1
1514	-1
1515	-1
1516	-1
1517	-1
1518	-1
1519	-1
1520	-1
1521	-1
1522	0
1523	-1
1524	0
1525	0
1526	-1
1527	0
1528	0
1529	0
1530	0
1531	0
1532	0
1533	0
1534	0
1535	0
1536	0
1537	0
1538	0
1539	0
1540	0
1541	0
1542	0
1543	0
1544	0
1545	0
1546	-1
1547	0
1548	0
1549	0
1550	-1
1551	0
1552	-1
1553	0
1554	-1
1555	0
1556	0
1557	0
1558	-1
1559	0
1560	0
1561	-1
1562	0
1563	0
1564	0
1565	-1
1566	0
1567	-1
1568	0
1569	-1
1570	-1
1571	-1
1572	-1
1573	-1
1574	-1
1575	0
1576	-1
1577	-1
1578	-1
1579	0
1580	0
1581	0
1582	-1
1583	0
1584	-1
1585	0
1586	0
1587	0
1588	0
1589	0
1590	-1
1591	0
1592	0
1593	0
1594	0
1595	0
1596	0
1597	-1
1598	0
1599	0
1600	0
1601	0
1602	-1
1603	0
1604	0
1605	-1
1606	-1
1607	-1
1608	-1
1609	-1
1610	0
1611	0
1612	0
1613	0
1614	0
1615	0
1616	0
1617	0
1618	0
1619	0
1620	0
1621	0
1622	0
1623	0
1624	0
1625	0
1626	0
1627	-1
1628	0
1629	0
1630	0
1631	0
1632	0
1633	-1
1634	0
1635	0
1636	-1
1637	0
1638	-1
1639	-1
1640	-1
1641	-1
1642	-1
1643	-1
1644	-1
1645	0
1646	-3
1647	0
1648	-1
1649	0
1650	-1
1651	0
1652	-1
1653	0
1654	0
1655	0
1656	0
1657	-1
1658	0
1659	0
1660	0
1661	0
1662	0
1663	0
1664	0
1665	0
1666	0
1667	0
1668	0
1669	0
1670	0
1671	0
1672	0
1673	0
1674	0
1675	0
1676	0
1677	0
1678	0
1679	-1
1680	0
1681	-1
1682	0
1683	0
1684	0
1685	0
1686	-1
1687	-1
1688	-1
1689	-1
1690	-1
1691	-2
1692	-2
1693	-1
1694	-2
1695	-1
1696	-1
1697	-1
1698	-2
1699	-1
1700	-1
1701	-1
1702	-1
1703	-1
1704	-2
1705	-1
1706	0
1707	0
1708	0
1709	0
1710	0
1711	0
1712	0
1713	0
1714	0
1715	0
1716	0
1717	0
1718	0
1719	0
1720	0
1721	0
1722	0
1723	0
1724	0
1725	0
1726	0
1727	0
1728	0
1729	-1
1730	0
1731	0
1732	0
1733	0
1734	0
1735	0
1736	0
1737	0
1738	-1
1739	0
1740	0
1741	0
1742	0
1743	0
1744	0
1745	0
1746	0
1747	0
1748	0
1749	0
1750	0
1751	0
1752	0
1753	0
1754	0
1755	0
1756	0
1757	0
1758	0
1759	0
1760	0
1761	0
1762	0
1763	0
1764	0
1765	0
1766	0
1767	0
1768	0
1769	0
1770	0
1771	0
1772	0
1773	0
1774	0
1775	0
1776	-1
1777	0
1778	0
1779	0
1780	0
1781	0
1782	-1
1783	0
1784	-1
1785	0
1786	0
1787	0
1788	0
1789	0
1790	0
1791	0
1792	0
1793	0
1794	0
1795	0
1796	0
1797	0
1798	0
1799	0
1800	-1
1801	0
1802	0
1803	0
1804	0
1805	0
1806	0
1807	0
1808	0
1809	-1
1810	0
1811	0
1812	-1
1813	-1
1814	-1
1815	0
1816	-1
1817	-1
1818	-2
1819	0
1820	-1
1821	0
1822	-1
1823	0
1824	-1
1825	-1
1826	-1
1827	-1
1828	0
1829	0
1830	-1
1831	0
1832	0
1833	0
1834	0
1835	0
1836	0
1837	0
1838	0
1839	0
1840	0
1841	0
1842	0
1843	0
1844	0
1845	0
1846	0
1847	0
1848	0
1849	0
1850	0
1851	0
1852	0
1853	0
1854	0
1855	0
1856	0
1857	0
1858	0
1859	0
1860	-1
1861	0
1862	0
1863	0
1864	-1
1865	0
1866	-1
1867	0
1868	0
1869	0
1870	0
1871	0
1872	0
1873	0
1874	0
1875	0
1876	0
1877	0
1878	0
1879	0
1880	0
1881	0
1882	0
1883	0
1884	0
1885	0
1886	0
1887	0
1888	0
1889	0
1890	0
1891	0
1892	0
1893	0
1894	0
1895	0
1896	0
1897	0
1898	0
1899	0
1900	0
1901	0
1902	0
1903	0
1904	0
1905	0
1906	0
1907	0
1908	0
1909	0
1910	0
1911	0
1912	0
1913	0
1914	0
1915	0
1916	0
1917	0
1918	0
1919	0
1920	0
1921	0
1922	0
1923	-1
1924	0
1925	0
1926	0
1927	0
1928	0
1929	0
1930	0
1931	0
1932	0
1933	0
1934	0
1935	0
1936	0
1937	0
1938	0
1939	0
1940	0
1941	0
1942	0
1943	0
1944	0
1945	0
1946	0
1947	0
1948	0
1949	0
1950	0
1951	0
1952	0
1953	0
1954	0
1955	0
1956	0
1957	0
1958	0
1959	0
1960	0
1961	0
1962	0
1963	0
1964	-1
1965	0
1966	0
1967	-1
1968	-1
1969	0
1970	-1
1971	0
1972	-1
1973	0
1974	-1
1975	-1
1976	0
1977	0
1978	-1
1979	0
1980	-1
1981	0
1982	0
1983	0
1984	0
1985	0
1986	0
1987	0
1988	0
1989	0
1990	0
1991	0
1992	0
1993	1
1994	0
1995	1
1996	0
1997	1
1998	1
1999	2
