0	0
1	0
2	0
3	0
4	0
5	0
6	1
7	0
8	0
9	0
10	0
11	0
12	0
13	1
14	0
15	2
16	1
17	0
18	0
19	1
20	0
21	0
22	0
23	0
24	1
25	0
26	0
27	0
28	0
29	0
30	0
31	0
32	0
33	1
34	0
35	0
36	0
37	0
38	0
39	0
40	0
41	1
42	1
43	0
44	1
45	0
46	0
47	0
48	0
49	1
50	0
51	0
52	0
53	1
54	0
55	0
56	1
57	1
58	0
59	0
60	0
61	1
62	0
63	0
64	0
65	0
66	0
67	0
68	0
69	0
70	0
71	0
72	0
73	0
74	0
75	0
76	0
77	0
78	0
79	0
80	0
81	0
82	0
83	0
84	0
85	0
86	0
87	0
88	0
89	0
90	0
91	0
92	0
93	0
94	0
95	0
96	0
97	0
98	0
99	0
100	0
101	0
102	0
103	0
104	0
105	0
106	0
107	0
108	0
109	0
110	0
111	0
112	0
113	0
114	0
115	0
116	0
117	0
118	0
119	0
120	0
121	0
122	0
123	0
124	0
125	0
126	0
127	0
128	0
129	0
130	0
131	0
132	0
133	0
134	0
135	1
136	0
137	0
138	0
139	1
140	0
141	1
142	1
143	1
144	1
145	0
146	1
147	1
148	0
149	0
150	0
151	1
152	1
153	1
154	1
155	0
156	0
157	1
158	0
159	1
160	0
161	1
162	0
163	0
164	0
165	0
166	0
167	0
168	0
169	0
170	0
171	0
172	0
173	0
174	0
175	0
176	0
177	0
178	0
179	0
180	0
181	0
182	0
183	0
184	0
185	0
186	0
187	0
188	0
189	1
190	0
191	0
192	0
193	0
194	0
195	0
196	1
197	0
198	0
199	1
200	0
201	0
202	0
203	1
204	0
205	1
206	0
207	0
208	0
209	0
210	0
211	0
212	0
213	0
214	0
215	0
216	0
217	1
218	0
219	0
220	0
221	1
222	0
223	1
224	0
225	0
226	0
227	1
228	0
229	1
230	0
231	1
232	0
233	1
234	1
235	1
236	0
237	0
238	0
239	1
240	1
241	0
242	0
243	0
244	1
245	0
246	0
247	0
248	0
249	1
250	0
251	0
252	0
253	0
254	0
255	0
256	0
257	0
258	0
259	0
260	0
261	0
262	0
263	0
264	0
265	0
266	0
267	0
268	0
269	0
270	0
271	0
272	0
273	0
274	0
275	0
276	0
277	0
278	0
279	1
280	0
281	1
282	1
283	0
284	0
285	0
286	0
287	1
288	1
289	0
290	0
291	0
292	0
293	1
294	0
295	0
296	0
297	0
298	0
299	0
300	0
301	0
302	0
303	0
304	0
305	0
306	0
307	0
308	-1
309	0
310	0
311	0
312	0
313	0
314	0
315	0
316	0
317	0
318	0
319	0
320	0
321	0
322	0
323	0
324	0
325	0
326	0
327	1
328	0
329	0
330	0
331	0
332	0
333	0
334	0
335	0
336	0
337	1
338	0
339	0
340	0
341	0
342	0
343	0
344	0
345	0
346	0
347	0
348	0
349	0
350	0
351	0
352	0
353	0
354	0
355	0
356	0
357	0
358	0
359	0
360	0
361	0
362	0
363	0
364	0
365	0
366	0
367	0
368	-1
369	0
370	0
371	0
372	0
373	0
374	0
375	1
376	0
377	1
378	0
379	1
380	0
381	0
382	0
383	1
384	0
385	1
386	0
387	1
388	0
389	1
390	0
391	0
392	0
393	1
394	0
395	0
396	0
397	1
398	0
399	0
400	0
401	0
402	0
403	1
404	0
405	0
406	0
407	0
408	0
409	0
410	0
411	1
412	0
413	1
414	0
415	1
416	0
417	2
418	1
419	2
420	1
421	3
422	1
423	2
424	2
425	2
426	2
427	3
428	4
429	4
430	4
431	6
432	8
433	11
434	12
435	16
436	17
437	21
438	22
439	26
440	29
441	33
442	35
443	40
444	43
445	49
446	52
447	57
448	58
449	63
450	67
451	72
452	75
453	79
454	83
455	88
456	90
457	91
458	94
459	100
460	101
461	105
462	105
463	108
464	111
465	113
466	113
467	116
468	115
469	119
470	118
471	120
472	118
473	119
474	119
475	119
476	117
477	118
478	115
479	117
480	113
481	113
482	110
483	108
484	107
485	105
486	102
487	100
488	98
489	97
490	94
491	91
492	88
493	88
494	85
495	80
496	79
497	77
498	77
499	78
500	62
501	66
502	64
503	63
504	60
505	58
506	54
507	54
508	51
509	51
510	46
511	45
512	41
513	40
514	39
515	38
516	33
517	35
518	31
519	30
520	27
521	27
522	26
523	25
524	22
525	22
526	18
527	17
528	15
529	13
530	12
531	13
532	11
533	10
534	8
535	10
536	6
537	7
538	4
539	3
540	3
541	0
542	0
543	0
544	-1
545	-2
546	-4
547	-3
548	-4
549	-4
550	-6
551	-6
552	-6
553	-6
554	-8
555	-6
556	-10
557	-7
558	-10
559	-8
560	-10
561	-9
562	-11
563	-9
564	-10
565	-11
566	-12
567	-11
568	-12
569	-11
570	-12
571	-11
572	-13
573	-11
574	-12
575	-11
576	-12
577	-11
578	-12
579	-10
580	-12
581	-10
582	-12
583	-10
584	-12
585	-11
586	-11
587	-10
588	-12
589	-9
590	-10
591	-9
592	-10
593	-11
594	-9
595	-11
596	-11
597	-10
598	-11
599	-10
600	-11
601	-11
602	-11
603	-9
604	-12
605	-8
606	-9
607	-10
608	-10
609	-8
610	-8
611	-7
612	-9
613	-7
614	-8
615	-5
616	-6
617	-7
618	-8
619	-5
620	-7
621	-5
622	-8
623	-4
624	-8
625	-5
626	-6
627	-5
628	-6
629	-4
630	-4
631	-5
632	-5
633	-4
634	-5
635	-5
636	-5
637	-6
638	-7
639	-5
640	-5
641	-4
642	-4
643	-3
644	-5
645	-3
646	-5
647	-3
648	-4
649	-3
650	-5
651	-4
652	-4
653	-4
654	-5
655	-3
656	-4
657	-1
658	-4
659	-1
660	-3
661	-1
662	-4
663	-4
664	-3
665	-3
666	-3
667	-2
668	-4
669	-4
670	-3
671	-3
672	-3
673	-3
674	-3
675	-3
676	-4
677	-3
678	-3
679	-3
680	-2
681	-3
682	-3
683	-2
684	-3
685	-1
686	-1
687	-2
688	-4
689	-3
690	-3
691	-2
692	-2
693	-2
694	-3
695	-2
696	-3
697	-1
698	-3
699	-1
700	-1
701	-1
702	-3
703	-1
704	-4
705	-2
706	-4
707	-2
708	-4
709	-2
710	-5
711	-2
712	-5
713	-2
714	-4
715	-2
716	-4
717	-2
718	-3
719	-1
720	-3
721	-1
722	-2
723	-2
724	-3
725	-1
726	-3
727	-2
728	-4
729	-2
730	-2
731	-3
732	-3
733	-2
734	-4
735	-2
736	-4
737	-1
738	-4
739	-1
740	-3
741	-1
742	-3
743	0
744	-4
745	-2
746	-4
747	-1
748	-3
749	-3
750	-4
751	-3
752	-4
753	-3
754	-2
755	-2
756	-3
757	-1
758	-4
759	-1
760	-4
761	-2
762	-3
763	-2
764	-5
765	-3
766	-4
767	-4
768	-4
769	-2
770	-4
771	-4
772	-4
773	-4
774	-5
775	-4
776	-6
777	-4
778	-4
779	-4
780	-7
781	-4
782	-7
783	-5
784	-4
785	-4
786	-3
787	-5
788	-4
789	-4
790	-3
791	-3
792	-5
793	-4
794	-4
795	-4
796	-4
797	-2
798	-4
799	-3
800	-4
801	-3
802	-5
803	-3
804	-4
805	-4
806	-5
807	-4
808	-4
809	-3
810	-4
811	-2
812	-4
813	-2
814	-3
815	-1
816	-4
817	-2
818	-2
819	-2
820	-3
821	-1
822	-4
823	0
824	-3
825	-2
826	-4
827	-2
828	-3
829	-3
830	-3
831	-2
832	-4
833	-1
834	-3
835	0
836	-4
837	-1
838	-3
839	-3
840	-3
841	-2
842	-3
843	-2
844	-3
845	-1
846	-4
847	-1
848	-3
849	-4
850	-4
851	-4
852	-5
853	-3
854	-4
855	-3
856	-5
857	-3
858	-4
859	-4
860	-5
861	-3
862	-6
863	-4
864	-7
865	-4
866	-6
867	-3
868	-5
869	-3
870	-6
871	-3
872	-6
873	-4
874	-6
875	-3
876	-6
877	-3
878	-5
879	-2
880	-5
881	-2
882	-5
883	-2
884	-6
885	-2
886	-4
887	-1
888	-4
889	-2
890	-4
891	-3
892	-4
893	-3
894	-4
895	-2
896	-5
897	-3
898	-4
899	-2
900	-4
901	-4
902	-5
903	-2
904	-4
905	-3
906	-3
907	-2
908	-3
909	-2
910	-3
911	-3
912	-4
913	-4
914	-3
915	-4
916	-4
917	-2
918	-5
919	-3
920	-4
921	-2
922	-3
923	-2
924	-4
925	-3
926	-3
927	-2
928	-4
929	-2
930	-3
931	-2
932	-3
933	-2
934	-2
935	-1
936	-1
937	-1
938	-1
939	-1
940	-3
941	0
942	-1
943	0
944	0
945	0
946	-1
947	-1
948	-1
949	-1
950	0
951	0
952	-2
953	0
954	0
955	0
956	0
957	0
958	-1
959	0
960	0
961	0
962	-2
963	0
964	-1
965	0
966	0
967	0
968	-1
969	0
970	-1
971	0
972	-2
973	0
974	-1
975	0
976	-1
977	0
978	-1
979	-1
980	-1
981	-1
982	-3
983	-1
984	-2
985	-1
986	-3
987	-1
988	-3
989	0
990	-2
991	-1
992	-4
993	-2
994	-3
995	-3
996	-4
997	-1
998	-4
999	-2
1000	-4
1001	-3
1002	-4
1003	-4
1004	-3
1005	-2
1006	-2
1007	-3
1008	-1
1009	-2
1010	-3
1011	-1
1012	-2
1013	-1
1014	-1
1015	-2
1016	-1
1017	-1
1018	-2
1019	-3
1020	-2
1021	-1
1022	-2
1023	0
1024	-2
1025	-1
1026	-2
1027	0
1028	-2
1029	-2
1030	-2
1031	-3
1032	-2
1033	-3
1034	-1
1035	-3
1036	-3
1037	-2
1038	-4
1039	-2
1040	-3
1041	-3
1042	-4
1043	-3
1044	-4
1045	-3
1046	-4
1047	-3
1048	-4
1049	-3
1050	-5
1051	-2
1052	-4
1053	-3
1054	-4
1055	-3
1056	-5
1057	-4
1058	-5
1059	-3
1060	-4
1061	-4
1062	-4
1063	-2
1064	-5
1065	-3
1066	-4
1067	-3
1068	-4
1069	-3
1070	-4
1071	-2
1072	-4
1073	-2
1074	-2
1075	-2
1076	-3
1077	-2
1078	-4
1079	-3
1080	-2
1081	-2
1082	-2
1083	-4
1084	-4
1085	-2
1086	-3
1087	-1
1088	-3
1089	-2
1090	-3
1091	-2
1092	-3
1093	-2
1094	-4
1095	-2
1096	-4
1097	-2
1098	-4
1099	-3
1100	-4
1101	-2
1102	-3
1103	-2
1104	-4
1105	-2
1106	-4
1107	-2
1108	-2
1109	-2
1110	-2
1111	-2
1112	-4
1113	-1
1114	-3
1115	-2
1116	-4
1117	-2
1118	-3
1119	-2
1120	-3
1121	-2
1122	-2
1123	-1
1124	-2
1125	-1
1126	-2
1127	-1
1128	-3
1129	-2
1130	-3
1131	-2
1132	-2
1133	-2
1134	-3
1135	-1
1136	-2
1137	-1
1138	-2
1139	-1
1140	0
1141	0
1142	-1
1143	-1
1144	-2
1145	-1
1146	-1
1147	-1
1148	-1
1149	-1
1150	-1
1151	-2
1152	-2
1153	-2
1154	-2
1155	-1
1156	-3
1157	-2
1158	-3
1159	-1
1160	-2
1161	-3
1162	-2
1163	-2
1164	-3
1165	-2
1166	-3
1167	-2
1168	-3
1169	-2
1170	-3
1171	-1
1172	-3
1173	-1
1174	-1
1175	0
1176	-2
1177	-1
1178	-1
1179	-2
1180	-1
1181	-1
1182	-2
1183	-2
1184	-4
1185	0
1186	-1
1187	0
1188	-2
1189	-1
1190	-2
1191	-1
1192	-2
1193	-2
1194	-3
1195	-1
1196	-2
1197	-2
1198	-2
1199	-1
1200	-2
1201	-1
1202	-1
1203	-1
1204	-2
1205	-1
1206	-2
1207	-1
1208	-2
1209	-2
1210	-2
1211	-2
1212	-1
1213	-1
1214	-3
1215	-2
1216	-2
1217	-1
1218	-3
1219	-2
1220	-2
1221	-1
1222	-2
1223	-1
1224	-2
1225	-2
1226	-2
1227	-1
1228	-3
1229	-1
1230	-2
1231	0
1232	-2
1233	0
1234	-2
1235	-1
1236	-2
1237	-1
1238	-2
1239	0
1240	-2
1241	-1
1242	-2
1243	-1
1244	-2
1245	-1
1246	-3
1247	-2
1248	-2
1249	-2
1250	-4
1251	-2
1252	-2
1253	-2
1254	-2
1255	-1
1256	-3
1257	-1
1258	-2
1259	-2
1260	-2
1261	-2
1262	-2
1263	-1
1264	-2
1265	-1
1266	-1
1267	-1
1268	-2
1269	0
1270	-2
1271	-2
1272	-2
1273	-1
1274	-1
1275	-1
1276	0
1277	-2
1278	-2
1279	0
1280	-2
1281	-2
1282	-3
1283	-1
1284	-2
1285	-1
1286	-3
1287	-2
1288	-1
1289	-2
1290	-3
1291	-3
1292	-3
1293	-2
1294	-2
1295	-3
1296	-2
1297	-1
1298	-3
1299	-2
1300	-4
1301	-2
1302	-3
1303	-2
1304	-3
1305	-2
1306	-2
1307	-2
1308	-2
1309	-2
1310	-3
1311	-1
1312	-2
1313	0
1314	-1
1315	-1
1316	-3
1317	-1
1318	-1
1319	-1
1320	-1
1321	-1
1322	0
1323	0
1324	-1
1325	-1
1326	-1
1327	-1
1328	-2
1329	0
1330	-1
1331	0
1332	0
1333	0
1334	-1
1335	-1
1336	-1
1337	-1
1338	-1
1339	0
1340	-1
1341	-1
1342	-2
1343	0
1344	-1
1345	-1
1346	-2
1347	0
1348	-1
1349	-1
1350	-2
1351	0
1352	-2
1353	-1
1354	-2
1355	-1
1356	-1
1357	-1
1358	-1
1359	0
1360	0
1361	0
1362	0
1363	-1
1364	-1
1365	0
1366	-1
1367	-1
1368	-2
1369	0
1370	-1
1371	0
1372	-1
1373	0
1374	-1
1375	0
1376	0
1377	0
1378	-1
1379	-1
1380	0
1381	0
1382	0
1383	0
1384	-1
1385	0
1386	-1
1387	0
1388	0
1389	0
1390	-1
1391	0
1392	-1
1393	0
1394	0
1395	0
1396	0
1397	0
1398	-1
1399	0
1400	0
1401	0
1402	0
1403	0
1404	0
1405	0
1406	0
1407	0
1408	0
1409	0
1410	0
1411	1
1412	0
1413	0
1414	0
1415	0
1416	0
1417	0
1418	0
1419	0
1420	0
1421	0
1422	0
1423	0
1424	-1
1425	0
1426	0
1427	0
1428	-1
1429	0
1430	0
1431	1
1432	0
1433	1
1434	0
1435	1
1436	0
1437	0
1438	0
1439	0
1440	0
1441	0
1442	0
1443	0
1444	0
1445	0
1446	0
1447	0
1448	-1
1449	0
1450	-1
1451	0
1452	-1
1453	0
1454	-2
1455	0
1456	-2
1457	0
1458	-1
1459	0
1460	-1
1461	-1
1462	-1
1463	-1
1464	-2
1465	0
1466	-2
1467	0
1468	-3
1469	-1
1470	-1
1471	-1
1472	-1
1473	-1
1474	-1
1475	-1
1476	-1
1477	0
1478	0
1479	0
1480	-1
1481	0
1482	-1
1483	0
1484	-1
1485	0
1486	0
1487	0
1488	0
1489	0
1490	0
1491	0
1492	0
1493	0
1494	0
1495	0
1496	-2
1497	-1
1498	-2
1499	-1
1500	-2
1501	-1
1502	-2
1503	-2
1504	-3
1505	-2
1506	-3
1507	-2
1508	-4
1509	-3
1510	-4
1511	-3
1512	-4
1513	-3
1514	-3
1515	-4
1516	-2
1517	-3
1518	-2
1519	-2
1520	-2
1521	-2
1522	-2
1523	-1
1524	-2
1525	-1
1526	-1
1527	0
1528	0
1529	0
1530	-1
1531	0
1532	-2
1533	0
1534	-1
1535	0
1536	0
1537	0
1538	-1
1539	0
1540	-1
1541	0
1542	-1
1543	0
1544	0
1545	0
1546	-1
1547	-1
1548	-2
1549	-1
1550	-1
1551	0
1552	0
1553	-1
1554	-1
1555	0
1556	-2
1557	0
1558	-1
1559	-1
1560	-1
1561	0
1562	-2
1563	0
1564	-2
1565	0
1566	-2
1567	-1
1568	-1
1569	-1
1570	-1
1571	0
1572	-1
1573	0
1574	0
1575	-1
1576	-1
1577	-1
1578	-1
1579	0
1580	-1
1581	0
1582	-1
1583	0
1584	-1
1585	-1
1586	-1
1587	-1
1588	-1
1589	-1
1590	-2
1591	-1
1592	-1
1593	-1
1594	-1
1595	0
1596	-1
1597	-1
1598	-2
1599	-2
1600	-2
1601	-1
1602	-2
1603	-1
1604	-1
1605	-2
1606	-2
1607	-1
1608	-1
1609	-1
1610	-2
1611	0
1612	0
1613	0
1614	0
1615	0
1616	0
1617	0
1618	0
1619	0
1620	-1
1621	0
1622	0
1623	0
1624	0
1625	0
1626	0
1627	0
1628	0
1629	0
1630	0
1631	0
1632	-1
1633	-1
1634	-1
1635	-1
1636	-1
1637	-1
1638	-2
1639	-1
1640	-2
1641	-1
1642	-2
1643	-2
1644	-2
1645	-1
1646	-1
1647	0
1648	-2
1649	-1
1650	0
1651	0
1652	0
1653	0
1654	0
1655	0
1656	0
1657	0
1658	-1
1659	0
1660	-1
1661	0
1662	-1
1663	0
1664	-1
1665	0
1666	-1
1667	0
1668	-1
1669	-1
1670	-1
1671	-2
1672	-2
1673	-2
1674	-1
1675	-1
1676	0
1677	-1
1678	0
1679	-1
1680	-1
1681	-1
1682	-1
1683	-1
1684	-1
1685	-1
1686	-1
1687	-1
1688	-1
1689	0
1690	0
1691	0
1692	0
1693	0
1694	0
1695	0
1696	0
1697	0
1698	0
1699	1
1700	0
1701	1
1702	0
1703	1
1704	1
1705	1
1706	1
1707	2
1708	1
1709	1
1710	2
1711	1
1712	2
1713	3
1714	2
1715	3
1716	2
1717	3
1718	3
1719	3
1720	2
1721	3
1722	2
1723	3
1724	2
1725	2
1726	3
1727	2
1728	3
1729	2
1730	3
1731	3
1732	4
1733	3
1734	4
1735	4
1736	3
1737	4
1738	3
1739	4
1740	4
1741	4
1742	4
1743	4
1744	3
1745	4
1746	4
1747	5
1748	4
1749	5
1750	4
1751	5
1752	5
1753	4
1754	3
1755	3
1756	3
1757	3
1758	3
1759	3
1760	2
1761	4
1762	2
1763	3
1764	1
1765	1
1766	1
1767	1
1768	0
1769	0
1770	0
1771	0
1772	0
1773	0
1774	0
1775	0
1776	0
1777	0
1778	0
1779	0
1780	0
1781	0
1782	0
1783	0
1784	0
1785	0
1786	0
1787	0
1788	-1
1789	0
1790	-1
1791	0
1792	0
1793	0
1794	-1
1795	0
1796	0
1797	-1
1798	0
1799	0
1800	0
1801	0
1802	-1
1803	-1
1804	-1
1805	-1
1806	-1
1807	-1
1808	-1
1809	-1
1810	-2
1811	0
1812	-2
1813	-1
1814	0
1815	-1
1816	-1
1817	-1
1818	0
1819	-1
1820	0
1821	0
1822	-2
1823	-1
1824	0
1825	0
1826	0
1827	0
1828	-1
1829	0
1830	-1
1831	-1
1832	0
1833	0
1834	-1
1835	0
1836	-1
1837	-1
1838	0
1839	0
1840	0
1841	0
1842	-1
1843	0
1844	0
1845	0
1846	0
1847	0
1848	0
1849	0
1850	-1
1851	0
1852	-2
1853	0
1854	-1
1855	0
1856	-1
1857	-1
1858	-2
1859	0
1860	-1
1861	-2
1862	-2
1863	-1
1864	-2
1865	-2
1866	-1
1867	-1
1868	-2
1869	0
1870	-3
1871	-2
1872	-2
1873	-1
1874	-2
1875	-1
1876	-1
1877	-1
1878	-1
1879	-1
1880	-1
1881	-1
1882	-1
1883	-1
1884	-1
1885	-1
1886	-1
1887	0
1888	-1
1889	-1
1890	-1
1891	-1
1892	0
1893	0
1894	0
1895	0
1896	0
1897	0
1898	0
1899	0
1900	-1
1901	0
1902	0
1903	0
1904	0
1905	0
1906	-1
1907	0
1908	0
1909	0
1910	0
1911	0
1912	0
1913	0
1914	-1
1915	0
1916	0
1917	0
1918	0
1919	0
1920	0
1921	0
1922	0
1923	0
1924	0
1925	-1
1926	0
1927	0
1928	0
1929	0
1930	0
1931	-1
1932	-2
1933	0
1934	0
1935	0
1936	0
1937	0
1938	-1
1939	0
1940	0
1941	0
1942	0
1943	0
1944	0
1945	0
1946	0
1947	0
1948	0
1949	0
1950	0
1951	0
1952	0
1953	0
1954	0
1955	0
1956	0
1957	0
1958	0
1959	0
1960	0
1961	0
1962	0
1963	0
1964	0
1965	0
1966	0
1967	0
1968	-1
1969	0
1970	-1
1971	-1
1972	0
1973	0
1974	0
1975	0
1976	-1
1977	0
1978	0
1979	0
1980	0
1981	-1
1982	0
1983	0
1984	0
1985	-1
1986	0
1987	0
1988	-2
1989	0
1990	-2
1991	0
1992	-2
1993	-1
1994	-1
1995	-2
1996	-1
1997	-1
1998	-1
1999	0
