0	0
1	0
2	0
3	0
4	0
5	0
6	0
7	0
8	0
9	0
10	0
11	0
12	0
13	0
14	0
15	1
16	0
17	1
18	0
19	0
20	0
21	0
22	0
23	1
24	0
25	0
26	0
27	0
28	0
29	0
30	0
31	0
32	0
33	0
34	0
35	0
36	0
37	1
38	0
39	1
40	0
41	1
42	0
43	1
44	0
45	2
46	0
47	1
48	0
49	2
50	0
51	2
52	0
53	2
54	0
55	1
56	0
57	0
58	0
59	2
60	0
61	0
62	0
63	0
64	0
65	0
66	0
67	0
68	0
69	0
70	0
71	0
72	0
73	0
74	0
75	1
76	0
77	0
78	0
79	0
80	0
81	0
82	0
83	0
84	0
85	0
86	0
87	1
88	0
89	0
90	0
91	0
92	0
93	0
94	0
95	1
96	0
97	0
98	0
99	0
100	0
101	0
102	0
103	1
104	0
105	0
106	0
107	0
108	0
109	1
110	0
111	0
112	0
113	1
114	0
115	1
116	0
117	0
118	0
119	0
120	1
121	0
122	0
123	0
124	0
125	1
126	0
127	1
128	0
129	1
130	0
131	1
132	1
133	1
134	0
135	1
136	0
137	1
138	0
139	1
140	0
141	1
142	1
143	1
144	0
145	1
146	0
147	1
148	0
149	1
150	0
151	0
152	0
153	0
154	0
155	1
156	0
157	0
158	0
159	0
160	-1
161	0
162	0
163	0
164	-1
165	0
166	0
167	0
168	0
169	0
170	0
171	2
172	0
173	0
174	0
175	0
176	0
177	0
178	0
179	0
180	-1
181	1
182	0
183	1
184	0
185	1
186	0
187	0
188	0
189	1
190	0
191	0
192	0
193	1
194	0
195	1
196	0
197	0
198	0
199	0
200	0
201	0
202	0
203	0
204	0
205	0
206	0
207	0
208	0
209	1
210	0
211	1
212	0
213	0
214	0
215	0
216	0
217	0
218	0
219	1
220	0
221	1
222	0
223	0
224	0
225	0
226	0
227	1
228	0
229	1
230	0
231	1
232	0
233	1
234	0
235	1
236	0
237	0
238	0
239	1
240	0
241	1
242	0
243	1
244	0
245	1
246	0
247	0
248	0
249	1
250	0
251	0
252	0
253	0
254	0
255	0
256	0
257	0
258	0
259	1
260	0
261	0
262	0
263	1
264	0
265	2
266	0
267	1
268	0
269	2
270	0
271	1
272	0
273	0
274	0
275	0
276	1
277	0
278	0
279	1
280	0
281	0
282	0
283	0
284	0
285	0
286	0
287	0
288	0
289	0
290	0
291	0
292	0
293	0
294	0
295	0
296	0
297	0
298	0
299	0
300	0
301	0
302	0
303	0
304	0
305	0
306	0
307	0
308	0
309	0
310	0
311	0
312	0
313	1
314	0
315	0
316	0
317	0
318	0
319	0
320	0
321	0
322	0
323	0
324	0
325	0
326	0
327	0
328	0
329	0
330	0
331	1
332	0
333	0
334	0
335	1
336	0
337	0
338	0
339	1
340	0
341	1
342	0
343	2
344	0
345	2
346	0
347	0
348	0
349	1
350	0
351	1
352	0
353	1
354	0
355	0
356	0
357	1
358	0
359	0
360	0
361	0
362	1
363	1
364	0
365	0
366	0
367	0
368	0
369	0
370	1
371	0
372	1
373	0
374	0
375	0
376	0
377	0
378	0
379	1
380	0
381	1
382	0
383	1
384	0
385	1
386	0
387	1
388	0
389	1
390	0
391	1
392	0
393	1
394	0
395	1
396	0
397	1
398	0
399	1
400	0
401	1
402	0
403	1
404	0
405	0
406	0
407	1
408	0
409	1
410	0
411	0
412	0
413	1
414	0
415	1
416	0
417	1
418	1
419	0
420	0
421	0
422	0
423	0
424	0
425	0
426	0
427	0
428	0
429	1
430	0
431	1
432	2
433	4
434	4
435	6
436	7
437	11
438	11
439	16
440	16
441	20
442	21
443	26
444	27
445	32
446	33
447	39
448	41
449	45
450	48
451	54
452	53
453	60
454	62
455	67
456	67
457	72
458	74
459	78
460	79
461	84
462	83
463	88
464	87
465	92
466	92
467	95
468	95
469	97
470	96
471	99
472	98
473	100
474	99
475	102
476	100
477	101
478	100
479	100
480	99
481	97
482	95
483	96
484	94
485	93
486	91
487	90
488	88
489	88
490	87
491	86
492	83
493	83
494	76
495	76
496	75
497	76
498	76
499	78
500	62
501	67
502	64
503	65
504	62
505	62
506	56
507	58
508	53
509	56
510	50
511	52
512	47
513	48
514	44
515	43
516	41
517	41
518	38
519	39
520	35
521	36
522	31
523	32
524	29
525	29
526	26
527	25
528	23
529	25
530	22
531	22
532	19
533	20
534	17
535	18
536	14
537	15
538	11
539	11
540	8
541	10
542	7
543	8
544	7
545	6
546	6
547	5
548	5
549	5
550	4
551	4
552	4
553	2
554	2
555	3
556	0
557	2
558	-1
559	0
560	0
561	0
562	-1
563	0
564	-3
565	0
566	-4
567	0
568	-4
569	-1
570	-4
571	-3
572	-5
573	-2
574	-6
575	-2
576	-7
577	-2
578	-5
579	-3
580	-5
581	-3
582	-7
583	-4
584	-8
585	-3
586	-7
587	-4
588	-6
589	-4
590	-5
591	-5
592	-5
593	-3
594	-5
595	-2
596	-6
597	-3
598	-4
599	-2
600	-5
601	-2
602	-4
603	0
604	-4
605	-1
606	-2
607	-2
608	-2
609	-1
610	-2
611	-1
612	-3
613	0
614	-3
615	0
616	-2
617	0
618	-2
619	0
620	-1
621	0
622	-1
623	0
624	-1
625	0
626	-2
627	0
628	-2
629	0
630	-1
631	0
632	-1
633	0
634	-2
635	0
636	-1
637	0
638	-1
639	0
640	-1
641	0
642	0
643	-1
644	-2
645	-1
646	-1
647	0
648	-2
649	0
650	-2
651	-1
652	-1
653	-1
654	-1
655	0
656	-2
657	0
658	-2
659	0
660	-2
661	-1
662	-2
663	-1
664	-1
665	-1
666	-2
667	0
668	-2
669	-1
670	-1
671	-1
672	-2
673	0
674	0
675	0
676	0
677	0
678	-1
679	0
680	-1
681	-2
682	-2
683	-2
684	-2
685	-1
686	-1
687	-1
688	-1
689	-1
690	-2
691	-1
692	-2
693	-2
694	-2
695	0
696	-1
697	-1
698	-1
699	0
700	-1
701	-1
702	-1
703	0
704	-2
705	0
706	-1
707	-1
708	-1
709	-1
710	-1
711	0
712	-1
713	-1
714	-1
715	-1
716	-1
717	0
718	-2
719	-1
720	-3
721	-1
722	-3
723	0
724	-4
725	-2
726	-3
727	-2
728	-2
729	-1
730	-3
731	-2
732	-2
733	-1
734	-3
735	-1
736	-2
737	-2
738	-1
739	-1
740	-2
741	0
742	-2
743	-1
744	-2
745	-1
746	-3
747	-1
748	-3
749	-2
750	-2
751	-3
752	-2
753	-1
754	-2
755	-1
756	-2
757	-2
758	-1
759	-3
760	-2
761	-1
762	-2
763	0
764	-2
765	0
766	-1
767	-1
768	-1
769	-1
770	-2
771	-2
772	-2
773	-1
774	-1
775	0
776	-2
777	-1
778	-4
779	0
780	-2
781	0
782	-2
783	0
784	-2
785	-1
786	-2
787	-1
788	-3
789	-1
790	-4
791	-1
792	-3
793	-1
794	-4
795	-2
796	-4
797	-1
798	-2
799	-1
800	-2
801	-2
802	-2
803	-2
804	-2
805	-1
806	-3
807	0
808	-2
809	-1
810	-2
811	-2
812	-3
813	-1
814	-4
815	-2
816	-3
817	-1
818	-2
819	-1
820	-3
821	-2
822	-2
823	-1
824	-4
825	-1
826	-1
827	-1
828	-2
829	0
830	-1
831	-1
832	-1
833	0
834	0
835	0
836	-1
837	0
838	-1
839	0
840	0
841	0
842	0
843	0
844	0
845	0
846	-2
847	0
848	-1
849	0
850	-1
851	0
852	-2
853	0
854	-1
855	0
856	-2
857	0
858	-2
859	0
860	0
861	0
862	-2
863	0
864	0
865	0
866	-2
867	0
868	-1
869	0
870	-1
871	0
872	0
873	0
874	0
875	0
876	0
877	0
878	0
879	-1
880	0
881	0
882	0
883	-1
884	-1
885	0
886	0
887	0
888	-2
889	0
890	-1
891	0
892	-2
893	0
894	0
895	0
896	0
897	-1
898	-2
899	0
900	-1
901	0
902	-2
903	-1
904	-3
905	-1
906	-2
907	-1
908	-3
909	-1
910	-3
911	-1
912	-3
913	-1
914	-4
915	-1
916	-1
917	-1
918	-2
919	-1
920	-3
921	0
922	-2
923	-2
924	-3
925	-1
926	-2
927	-1
928	-3
929	-2
930	-2
931	-1
932	-2
933	-2
934	-3
935	-1
936	-3
937	-1
938	-4
939	-2
940	-3
941	-2
942	-2
943	-2
944	-3
945	-2
946	-2
947	-2
948	-3
949	-3
950	-2
951	-2
952	-3
953	-2
954	-4
955	-3
956	-3
957	-2
958	-4
959	-2
960	-3
961	-2
962	-3
963	-1
964	-3
965	-2
966	-4
967	-3
968	-5
969	-4
970	-4
971	-2
972	-3
973	-2
974	-3
975	-2
976	-4
977	-2
978	-3
979	-2
980	-2
981	-2
982	-2
983	-1
984	-3
985	-1
986	-1
987	-2
988	-1
989	0
990	-1
991	-1
992	-2
993	0
994	-1
995	0
996	-2
997	-1
998	-2
999	-1
1000	-2
1001	0
1002	-2
1003	0
1004	-2
1005	0
1006	-3
1007	0
1008	-3
1009	0
1010	-1
1011	0
1012	-1
1013	0
1014	0
1015	0
1016	0
1017	0
1018	0
1019	0
1020	-1
1021	0
1022	-1
1023	0
1024	-1
1025	-1
1026	-1
1027	0
1028	-1
1029	0
1030	0
1031	0
1032	0
1033	0
1034	-1
1035	-1
1036	0
1037	0
1038	0
1039	0
1040	0
1041	0
1042	0
1043	0
1044	-1
1045	0
1046	-1
1047	0
1048	0
1049	0
1050	0
1051	0
1052	0
1053	0
1054	-1
1055	0
1056	0
1057	0
1058	-2
1059	-1
1060	0
1061	0
1062	0
1063	0
1064	0
1065	0
1066	0
1067	0
1068	-1
1069	0
1070	-1
1071	-1
1072	-2
1073	-1
1074	-1
1075	-1
1076	-3
1077	-1
1078	-3
1079	-2
1080	-2
1081	-1
1082	-1
1083	-1
1084	-2
1085	0
1086	-3
1087	-1
1088	-3
1089	-1
1090	-2
1091	-1
1092	-3
1093	0
1094	-2
1095	-1
1096	-2
1097	-1
1098	-2
1099	0
1100	-2
1101	-1
1102	-2
1103	0
1104	-2
1105	-2
1106	-1
1107	-1
1108	-2
1109	-2
1110	-3
1111	-2
1112	-3
1113	-1
1114	-4
1115	-1
1116	-2
1117	-2
1118	-3
1119	-2
1120	-3
1121	-1
1122	-3
1123	-1
1124	-3
1125	-1
1126	-3
1127	0
1128	-2
1129	0
1130	-3
1131	-1
1132	-1
1133	-2
1134	-1
1135	0
1136	-1
1137	0
1138	-2
1139	-1
1140	-2
1141	-2
1142	-2
1143	-1
1144	-3
1145	-1
1146	-3
1147	-1
1148	-3
1149	-2
1150	-2
1151	-1
1152	-3
1153	-2
1154	-4
1155	-2
1156	-4
1157	-2
1158	-3
1159	-2
1160	-4
1161	-2
1162	-3
1163	-1
1164	-4
1165	-3
1166	-2
1167	-1
1168	-3
1169	-2
1170	-3
1171	-1
1172	-3
1173	-2
1174	-2
1175	-1
1176	-2
1177	-2
1178	-2
1179	-1
1180	-1
1181	-2
1182	-2
1183	-1
1184	-1
1185	0
1186	-1
1187	-1
1188	-2
1189	-1
1190	-2
1191	-1
1192	-1
1193	-1
1194	-2
1195	-1
1196	-1
1197	-2
1198	-2
1199	-1
1200	-2
1201	-1
1202	-2
1203	-1
1204	-1
1205	-1
1206	-1
1207	-1
1208	-2
1209	0
1210	-1
1211	-1
1212	-2
1213	-1
1214	-2
1215	0
1216	-1
1217	0
1218	0
1219	0
1220	-1
1221	0
1222	-1
1223	0
1224	-1
1225	0
1226	-1
1227	0
1228	-1
1229	0
1230	-3
1231	0
1232	-1
1233	-1
1234	-3
1235	0
1236	-2
1237	-1
1238	-1
1239	-1
1240	0
1241	-1
1242	-1
1243	-1
1244	-2
1245	0
1246	-2
1247	-1
1248	-1
1249	-1
1250	-2
1251	-2
1252	-3
1253	-1
1254	-2
1255	0
1256	-1
1257	-2
1258	-1
1259	-2
1260	-2
1261	-2
1262	-2
1263	-2
1264	-1
1265	-1
1266	-3
1267	-2
1268	-1
1269	-1
1270	-1
1271	-1
1272	-3
1273	-1
1274	-2
1275	-1
1276	-1
1277	-2
1278	-2
1279	-1
1280	-2
1281	-1
1282	-1
1283	-1
1284	-1
1285	-1
1286	-2
1287	-1
1288	-2
1289	-1
1290	-2
1291	-1
1292	-3
1293	-1
1294	-2
1295	-1
1296	-2
1297	-2
1298	-2
1299	-2
1300	-1
1301	-2
1302	-2
1303	-1
1304	-3
1305	-1
1306	-3
1307	-1
1308	-3
1309	0
1310	-1
1311	0
1312	-2
1313	0
1314	-1
1315	0
1316	-1
1317	0
1318	-1
1319	-1
1320	-1
1321	0
1322	-1
1323	0
1324	-1
1325	0
1326	-1
1327	0
1328	-1
1329	0
1330	0
1331	0
1332	0
1333	-1
1334	-1
1335	0
1336	-1
1337	-1
1338	-1
1339	0
1340	-1
1341	0
1342	-2
1343	0
1344	-1
1345	-1
1346	-1
1347	-1
1348	-2
1349	-1
1350	-1
1351	0
1352	-2
1353	0
1354	-1
1355	0
1356	-2
1357	0
1358	0
1359	0
1360	-1
1361	0
1362	-2
1363	0
1364	-1
1365	-1
1366	-3
1367	-1
1368	-2
1369	-1
1370	-1
1371	0
1372	-2
1373	0
1374	-2
1375	-1
1376	-2
1377	-1
1378	-2
1379	-1
1380	-3
1381	0
1382	-3
1383	-1
1384	-2
1385	-1
1386	-2
1387	-1
1388	-1
1389	-1
1390	-2
1391	-1
1392	-1
1393	-1
1394	-1
1395	-1
1396	-2
1397	-1
1398	-2
1399	-1
1400	-1
1401	-1
1402	-2
1403	0
1404	-1
1405	0
1406	-2
1407	0
1408	-2
1409	-1
1410	-1
1411	0
1412	-2
1413	0
1414	-1
1415	0
1416	-1
1417	0
1418	0
1419	0
1420	-2
1421	0
1422	0
1423	0
1424	0
1425	0
1426	-1
1427	0
1428	-1
1429	-1
1430	-1
1431	0
1432	-1
1433	0
1434	-1
1435	0
1436	-2
1437	0
1438	-1
1439	0
1440	-1
1441	-1
1442	-2
1443	0
1444	-2
1445	0
1446	-2
1447	0
1448	-1
1449	0
1450	-1
1451	-1
1452	-1
1453	0
1454	-1
1455	-2
1456	-1
1457	-1
1458	-1
1459	0
1460	0
1461	-1
1462	-1
1463	-1
1464	-1
1465	0
1466	-2
1467	-1
1468	-2
1469	-1
1470	-2
1471	-1
1472	-1
1473	-1
1474	-1
1475	0
1476	-2
1477	0
1478	0
1479	-1
1480	-1
1481	0
1482	-1
1483	0
1484	-1
1485	0
1486	0
1487	0
1488	0
1489	0
1490	-1
1491	0
1492	0
1493	0
1494	0
1495	0
1496	0
1497	-1
1498	-1
1499	0
1500	-1
1501	-1
1502	-2
1503	0
1504	-1
1505	0
1506	-2
1507	0
1508	-1
1509	0
1510	0
1511	0
1512	-1
1513	-1
1514	0
1515	-1
1516	-2
1517	0
1518	0
1519	0
1520	0
1521	0
1522	-2
1523	0
1524	-1
1525	0
1526	0
1527	0
1528	-1
1529	0
1530	0
1531	0
1532	-1
1533	0
1534	0
1535	0
1536	-1
1537	0
1538	-2
1539	0
1540	-1
1541	0
1542	-2
1543	0
1544	-1
1545	-1
1546	-1
1547	0
1548	0
1549	0
1550	0
1551	0
1552	-1
1553	0
1554	-1
1555	0
1556	-1
1557	0
1558	-1
1559	0
1560	0
1561	0
1562	-1
1563	0
1564	-1
1565	0
1566	-1
1567	0
1568	-2
1569	0
1570	-1
1571	0
1572	-1
1573	0
1574	-1
1575	0
1576	-1
1577	0
1578	-1
1579	0
1580	-1
1581	0
1582	0
1583	-1
1584	-1
1585	0
1586	0
1587	0
1588	0
1589	0
1590	-1
1591	0
1592	0
1593	0
1594	0
1595	0
1596	0
1597	0
1598	-1
1599	0
1600	-1
1601	-1
1602	0
1603	0
1604	-1
1605	-1
1606	-2
1607	-1
1608	-2
1609	-1
1610	-2
1611	0
1612	-2
1613	0
1614	-1
1615	-1
1616	-1
1617	0
1618	-2
1619	-1
1620	-2
1621	0
1622	-2
1623	-1
1624	-1
1625	0
1626	-1
1627	-1
1628	0
1629	0
1630	0
1631	0
1632	0
1633	0
1634	0
1635	0
1636	0
1637	0
1638	0
1639	1
1640	0
1641	1
1642	0
1643	0
1644	0
1645	0
1646	0
1647	0
1648	0
1649	0
1650	0
1651	0
1652	0
1653	0
1654	0
1655	0
1656	0
1657	0
1658	0
1659	0
1660	0
1661	0
1662	0
1663	0
1664	0
1665	0
1666	0
1667	0
1668	0
1669	1
1670	0
1671	1
1672	0
1673	1
1674	0
1675	1
1676	1
1677	2
1678	1
1679	2
1680	0
1681	2
1682	1
1683	2
1684	1
1685	2
1686	2
1687	2
1688	1
1689	1
1690	1
1691	2
1692	1
1693	1
1694	0
1695	2
1696	0
1697	1
1698	0
1699	1
1700	0
1701	1
1702	0
1703	0
1704	0
1705	0
1706	0
1707	0
1708	0
1709	1
1710	0
1711	1
1712	0
1713	0
1714	0
1715	0
1716	0
1717	0
1718	0
1719	0
1720	0
1721	0
1722	0
1723	0
1724	0
1725	0
1726	0
1727	0
1728	0
1729	0
1730	0
1731	0
1732	-1
1733	0
1734	0
1735	0
1736	0
1737	0
1738	-1
1739	0
1740	0
1741	0
1742	0
1743	0
1744	0
1745	0
1746	0
1747	0
1748	0
1749	0
1750	0
1751	0
1752	0
1753	0
1754	0
1755	0
1756	0
1757	0
1758	0
1759	0
1760	0
1761	0
1762	-1
1763	0
1764	0
1765	0
1766	0
1767	0
1768	-1
1769	0
1770	-1
1771	0
1772	-2
1773	0
1774	-1
1775	0
1776	-1
1777	0
1778	-1
1779	0
1780	0
1781	0
1782	-2
1783	0
1784	-1
1785	0
1786	-1
1787	0
1788	0
1789	0
1790	-1
1791	0
1792	-1
1793	0
1794	-1
1795	0
1796	-1
1797	0
1798	0
1799	-1
1800	-2
1801	0
1802	-1
1803	0
1804	-1
1805	0
1806	-1
1807	0
1808	-1
1809	0
1810	-1
1811	0
1812	-1
1813	0
1814	0
1815	0
1816	-1
1817	0
1818	-1
1819	0
1820	-1
1821	0
1822	-1
1823	0
1824	-1
1825	0
1826	-1
1827	-1
1828	-1
1829	0
1830	-1
1831	0
1832	0
1833	0
1834	0
1835	0
1836	0
1837	0
1838	0
1839	0
1840	0
1841	0
1842	-1
1843	0
1844	-1
1845	0
1846	0
1847	0
1848	0
1849	0
1850	0
1851	0
1852	-1
1853	0
1854	-1
1855	0
1856	0
1857	0
1858	-1
1859	0
1860	-1
1861	0
1862	0
1863	0
1864	-1
1865	0
1866	-1
1867	0
1868	-1
1869	0
1870	0
1871	0
1872	0
1873	0
1874	0
1875	0
1876	0
1877	0
1878	0
1879	0
1880	0
1881	0
1882	0
1883	0
1884	0
1885	0
1886	-1
1887	0
1888	0
1889	0
1890	0
1891	0
1892	0
1893	0
1894	-1
1895	0
1896	0
1897	0
1898	0
1899	-1
1900	-1
1901	0
1902	-1
1903	0
1904	-2
1905	0
1906	-3
1907	0
1908	-1
1909	-1
1910	-2
1911	-1
1912	-2
1913	-2
1914	-2
1915	0
1916	-2
1917	-1
1918	-2
1919	-1
1920	-2
1921	-1
1922	-2
1923	0
1924	-1
1925	0
1926	-1
1927	0
1928	-1
1929	-1
1930	-1
1931	-1
1932	-2
1933	0
1934	-2
1935	-1
1936	-1
1937	-1
1938	-1
1939	0
1940	-1
1941	-1
1942	0
1943	0
1944	-1
1945	0
1946	0
1947	0
1948	-1
1949	0
1950	-1
1951	0
1952	0
1953	0
1954	-1
1955	0
1956	0
1957	0
1958	0
1959	0
1960	0
1961	0
1962	0
1963	0
1964	0
1965	0
1966	-1
1967	0
1968	-1
1969	0
1970	0
1971	0
1972	0
1973	0
1974	0
1975	0
1976	0
1977	0
1978	0
1979	0
1980	0
1981	0
1982	-1
1983	0
1984	0
1985	1
1986	0
1987	0
1988	0
1989	0
1990	0
1991	0
1992	0
1993	0
1994	0
1995	0
1996	0
1997	1
1998	-1
1999	0
