0	0
1	2
2	0
3	0
4	0
5	0
6	0
7	1
8	1
9	1
10	0
11	0
12	0
13	0
14	0
15	1
16	0
17	0
18	0
19	0
20	0
21	0
22	0
23	0
24	0
25	0
26	0
27	0
28	0
29	0
30	0
31	0
32	0
33	0
34	0
35	0
36	0
37	0
38	0
39	1
40	0
41	1
42	0
43	0
44	0
45	1
46	0
47	0
48	0
49	0
50	1
51	0
52	1
53	1
54	0
55	1
56	1
57	1
58	1
59	1
60	1
61	1
62	0
63	1
64	1
65	1
66	0
67	1
68	0
69	0
70	0
71	1
72	0
73	1
74	1
75	1
76	0
77	0
78	0
79	0
80	0
81	0
82	0
83	0
84	0
85	0
86	0
87	0
88	0
89	0
90	0
91	0
92	0
93	0
94	0
95	0
96	0
97	0
98	0
99	0
100	0
101	0
102	0
103	0
104	0
105	1
106	0
107	1
108	0
109	0
110	0
111	0
112	0
113	0
114	0
115	0
116	0
117	0
118	0
119	0
120	0
121	1
122	0
123	1
124	0
125	0
126	0
127	0
128	0
129	0
130	0
131	0
132	0
133	0
134	0
135	0
136	0
137	0
138	-1
139	0
140	0
141	0
142	0
143	1
144	0
145	0
146	0
147	0
148	0
149	0
150	0
151	0
152	0
153	1
154	0
155	0
156	0
157	1
158	0
159	0
160	0
161	1
162	0
163	2
164	1
165	1
166	1
167	2
168	1
169	2
170	1
171	2
172	1
173	1
174	1
175	1
176	0
177	0
178	1
179	0
180	1
181	0
182	0
183	0
184	0
185	0
186	0
187	1
188	0
189	1
190	0
191	1
192	0
193	1
194	0
195	1
196	0
197	0
198	0
199	0
200	0
201	0
202	0
203	0
204	0
205	0
206	0
207	1
208	0
209	0
210	0
211	0
212	0
213	1
214	0
215	1
216	0
217	1
218	0
219	1
220	0
221	0
222	0
223	0
224	0
225	1
226	0
227	1
228	0
229	0
230	0
231	0
232	0
233	0
234	0
235	0
236	0
237	0
238	0
239	0
240	0
241	0
242	0
243	0
244	1
245	1
246	0
247	0
248	0
249	0
250	0
251	0
252	0
253	0
254	0
255	0
256	0
257	0
258	0
259	0
260	0
261	0
262	0
263	0
264	0
265	2
266	1
267	2
268	0
269	1
270	1
271	0
272	1
273	1
274	1
275	2
276	1
277	2
278	1
279	2
280	0
281	2
282	0
283	3
284	0
285	1
286	0
287	1
288	0
289	1
290	0
291	0
292	1
293	1
294	0
295	0
296	0
297	0
298	0
299	0
300	0
301	0
302	0
303	0
304	0
305	0
306	0
307	0
308	0
309	0
310	0
311	0
312	0
313	0
314	0
315	0
316	0
317	0
318	0
319	1
320	0
321	1
322	0
323	1
324	0
325	0
326	0
327	0
328	0
329	0
330	0
331	0
332	0
333	0
334	0
335	0
336	0
337	0
338	0
339	1
340	0
341	0
342	0
343	0
344	0
345	1
346	0
347	1
348	0
349	0
350	0
351	0
352	0
353	0
354	0
355	0
356	0
357	1
358	0
359	1
360	0
361	0
362	0
363	0
364	0
365	1
366	0
367	0
368	0
369	0
370	0
371	0
372	0
373	1
374	0
375	0
376	0
377	0
378	1
379	0
380	0
381	0
382	0
383	1
384	0
385	1
386	0
387	1
388	0
389	0
390	1
391	0
392	0
393	0
394	0
395	1
396	0
397	1
398	0
399	1
400	0
401	0
402	0
403	1
404	0
405	0
406	0
407	0
408	0
409	1
410	0
411	0
412	0
413	0
414	0
415	0
416	0
417	0
418	1
419	1
420	1
421	0
422	0
423	1
424	1
425	0
426	1
427	1
428	0
429	1
430	1
431	2
432	1
433	1
434	1
435	1
436	0
437	2
438	2
439	3
440	3
441	4
442	6
443	7
444	9
445	12
446	12
447	16
448	17
449	21
450	23
451	27
452	29
453	34
454	36
455	39
456	41
457	47
458	49
459	52
460	53
461	57
462	59
463	62
464	64
465	66
466	68
467	71
468	71
469	74
470	74
471	78
472	77
473	81
474	79
475	82
476	80
477	83
478	80
479	83
480	82
481	83
482	81
483	83
484	82
485	82
486	79
487	81
488	79
489	80
490	79
491	80
492	77
493	79
494	74
495	74
496	73
497	75
498	75
499	78
500	62
501	69
502	67
503	66
504	64
505	66
506	61
507	63
508	57
509	59
510	57
511	57
512	55
513	55
514	51
515	53
516	48
517	48
518	46
519	46
520	44
521	45
522	41
523	42
524	38
525	39
526	34
527	36
528	33
529	33
530	31
531	31
532	28
533	29
534	26
535	28
536	24
537	24
538	22
539	22
540	18
541	17
542	15
543	16
544	13
545	14
546	11
547	12
548	10
549	10
550	9
551	9
552	7
553	8
554	6
555	6
556	4
557	5
558	3
559	4
560	2
561	3
562	0
563	1
564	0
565	0
566	0
567	0
568	-3
569	-2
570	-4
571	0
572	-3
573	-2
574	-2
575	-1
576	-4
577	-2
578	-6
579	-3
580	-4
581	-4
582	-6
583	-5
584	-6
585	-5
586	-5
587	-4
588	-7
589	-4
590	-6
591	-4
592	-5
593	-4
594	-4
595	-4
596	-6
597	-4
598	-6
599	-4
600	-5
601	-4
602	-6
603	-5
604	-5
605	-5
606	-4
607	-4
608	-8
609	-4
610	-7
611	-4
612	-7
613	-5
614	-5
615	-5
616	-6
617	-4
618	-4
619	-4
620	-5
621	-5
622	-4
623	-2
624	-4
625	-4
626	-4
627	-3
628	-4
629	-2
630	-3
631	-1
632	-4
633	-2
634	-3
635	-2
636	-3
637	-1
638	-2
639	-2
640	-2
641	-1
642	-2
643	-1
644	-4
645	-1
646	-2
647	-1
648	-2
649	-1
650	-2
651	-1
652	-2
653	0
654	-2
655	-1
656	-3
657	0
658	-2
659	0
660	-3
661	-1
662	-1
663	0
664	-2
665	0
666	-1
667	-2
668	-1
669	-1
670	-1
671	-1
672	-1
673	-1
674	-1
675	-1
676	-1
677	-1
678	0
679	0
680	0
681	-1
682	0
683	0
684	0
685	0
686	-1
687	0
688	0
689	0
690	0
691	0
692	-1
693	0
694	0
695	0
696	0
697	0
698	0
699	0
700	0
701	0
702	0
703	0
704	0
705	0
706	0
707	0
708	0
709	0
710	0
711	0
712	0
713	0
714	-1
715	0
716	0
717	0
718	0
719	0
720	-1
721	0
722	0
723	0
724	0
725	0
726	-1
727	0
728	-1
729	0
730	-1
731	0
732	-1
733	0
734	-1
735	0
736	-1
737	-1
738	-1
739	-1
740	-1
741	-1
742	-1
743	0
744	0
745	0
746	0
747	-1
748	-1
749	0
750	0
751	0
752	0
753	0
754	0
755	0
756	0
757	0
758	0
759	0
760	0
761	0
762	0
763	0
764	0
765	0
766	0
767	0
768	0
769	0
770	0
771	0
772	-1
773	0
774	0
775	0
776	0
777	0
778	0
779	0
780	-1
781	0
782	-1
783	0
784	0
785	0
786	0
787	0
788	0
789	0
790	0
791	0
792	-1
793	0
794	-1
795	0
796	-1
797	0
798	-1
799	-1
800	-1
801	-1
802	-1
803	-1
804	-1
805	-1
806	-1
807	-1
808	-1
809	-1
810	0
811	-1
812	-1
813	0
814	-1
815	-1
816	-1
817	0
818	-2
819	0
820	-1
821	-1
822	-1
823	0
824	-1
825	0
826	-2
827	0
828	0
829	0
830	0
831	0
832	0
833	0
834	0
835	0
836	0
837	-1
838	0
839	0
840	0
841	0
842	0
843	0
844	0
845	0
846	-1
847	0
848	0
849	0
850	0
851	0
852	0
853	0
854	0
855	0
856	0
857	0
858	0
859	0
860	-1
861	0
862	0
863	-1
864	0
865	0
866	0
867	0
868	0
869	0
870	0
871	0
872	-1
873	0
874	-1
875	0
876	-1
877	0
878	0
879	0
880	0
881	0
882	0
883	1
884	0
885	1
886	0
887	0
888	0
889	0
890	0
891	0
892	0
893	0
894	0
895	0
896	0
897	0
898	0
899	0
900	0
901	0
902	-1
903	0
904	0
905	0
906	-1
907	0
908	0
909	-1
910	-1
911	-1
912	0
913	0
914	-1
915	-1
916	0
917	0
918	-1
919	0
920	-1
921	0
922	0
923	-1
924	-2
925	-1
926	-1
927	-2
928	-2
929	0
930	-1
931	-1
932	-1
933	-1
934	-1
935	-1
936	-1
937	-2
938	-1
939	0
940	-1
941	-1
942	0
943	-1
944	-2
945	0
946	-1
947	0
948	-1
949	0
950	-1
951	0
952	-2
953	0
954	0
955	0
956	0
957	0
958	0
959	0
960	0
961	0
962	0
963	0
964	0
965	0
966	-1
967	0
968	-2
969	0
970	-1
971	0
972	0
973	0
974	-1
975	0
976	0
977	0
978	0
979	0
980	0
981	0
982	0
983	0
984	-1
985	0
986	-1
987	0
988	-1
989	0
990	-1
991	0
992	-1
993	0
994	-1
995	0
996	0
997	0
998	0
999	0
1000	0
1001	0
1002	0
1003	0
1004	0
1005	0
1006	0
1007	0
1008	0
1009	0
1010	0
1011	0
1012	0
1013	0
1014	0
1015	0
1016	-1
1017	-1
1018	0
1019	0
1020	0
1021	0
1022	0
1023	-1
1024	0
1025	0
1026	0
1027	0
1028	0
1029	0
1030	-2
1031	0
1032	-2
1033	-1
1034	-2
1035	0
1036	-2
1037	0
1038	-1
1039	0
1040	-1
1041	0
1042	0
1043	-1
1044	-2
1045	-1
1046	0
1047	-1
1048	-1
1049	-1
1050	-1
1051	-1
1052	-1
1053	-1
1054	0
1055	0
1056	-1
1057	0
1058	-1
1059	0
1060	0
1061	0
1062	0
1063	0
1064	0
1065	0
1066	0
1067	0
1068	0
1069	0
1070	0
1071	0
1072	0
1073	0
1074	0
1075	0
1076	0
1077	0
1078	0
1079	0
1080	0
1081	0
1082	0
1083	0
1084	0
1085	0
1086	0
1087	0
1088	0
1089	0
1090	0
1091	0
1092	0
1093	0
1094	0
1095	0
1096	0
1097	0
1098	1
1099	1
1100	0
1101	1
1102	0
1103	2
1104	0
1105	1
1106	1
1107	2
1108	1
1109	1
1110	1
1111	1
1112	0
1113	0
1114	0
1115	0
1116	0
1117	0
1118	0
1119	0
1120	0
1121	0
1122	0
1123	1
1124	0
1125	0
1126	0
1127	1
1128	0
1129	1
1130	0
1131	1
1132	0
1133	1
1134	0
1135	1
1136	1
1137	1
1138	1
1139	1
1140	1
1141	1
1142	0
1143	1
1144	0
1145	1
1146	0
1147	1
1148	0
1149	0
1150	0
1151	1
1152	0
1153	0
1154	0
1155	0
1156	0
1157	0
1158	0
1159	0
1160	0
1161	0
1162	-1
1163	0
1164	0
1165	0
1166	0
1167	0
1168	0
1169	0
1170	0
1171	0
1172	0
1173	0
1174	-1
1175	0
1176	0
1177	0
1178	0
1179	0
1180	0
1181	0
1182	0
1183	0
1184	0
1185	0
1186	0
1187	0
1188	0
1189	0
1190	0
1191	0
1192	0
1193	0
1194	0
1195	0
1196	0
1197	0
1198	0
1199	0
1200	0
1201	0
1202	0
1203	0
1204	0
1205	0
1206	0
1207	0
1208	-1
1209	0
1210	0
1211	0
1212	-1
1213	-1
1214	0
1215	0
1216	0
1217	-1
1218	0
1219	0
1220	-1
1221	-1
1222	-1
1223	-1
1224	-1
1225	-1
1226	0
1227	-1
1228	0
1229	0
1230	-1
1231	0
1232	-1
1233	0
1234	-1
1235	0
1236	-2
1237	0
1238	-1
1239	0
1240	0
1241	0
1242	0
1243	0
1244	0
1245	0
1246	-1
1247	0
1248	0
1249	0
1250	0
1251	0
1252	-1
1253	0
1254	-1
1255	0
1256	-1
1257	0
1258	-2
1259	0
1260	0
1261	0
1262	0
1263	0
1264	0
1265	0
1266	-1
1267	0
1268	-1
1269	0
1270	0
1271	-1
1272	0
1273	0
1274	-1
1275	0
1276	-1
1277	0
1278	-1
1279	-1
1280	-1
1281	0
1282	-1
1283	0
1284	-1
1285	0
1286	-1
1287	0
1288	-1
1289	0
1290	-1
1291	0
1292	-1
1293	0
1294	0
1295	0
1296	-1
1297	0
1298	-1
1299	0
1300	0
1301	0
1302	0
1303	0
1304	0
1305	0
1306	0
1307	0
1308	-1
1309	0
1310	0
1311	0
1312	-1
1313	0
1314	0
1315	0
1316	-1
1317	0
1318	-1
1319	0
1320	-1
1321	0
1322	0
1323	0
1324	-1
1325	0
1326	0
1327	0
1328	0
1329	0
1330	0
1331	0
1332	0
1333	0
1334	0
1335	0
1336	0
1337	0
1338	0
1339	0
1340	0
1341	1
1342	0
1343	0
1344	0
1345	0
1346	0
1347	0
1348	-1
1349	-1
1350	0
1351	0
1352	0
1353	0
1354	-1
1355	0
1356	0
1357	0
1358	-1
1359	0
1360	0
1361	0
1362	0
1363	0
1364	0
1365	1
1366	0
1367	0
1368	0
1369	1
1370	1
1371	0
1372	0
1373	2
1374	0
1375	1
1376	1
1377	1
1378	1
1379	1
1380	1
1381	1
1382	1
1383	1
1384	1
1385	2
1386	2
1387	2
1388	1
1389	2
1390	1
1391	1
1392	1
1393	1
1394	0
1395	2
1396	0
1397	1
1398	0
1399	0
1400	0
1401	0
1402	0
1403	0
1404	0
1405	0
1406	0
1407	0
1408	0
1409	0
1410	0
1411	0
1412	0
1413	0
1414	0
1415	0
1416	0
1417	0
1418	0
1419	0
1420	0
1421	0
1422	0
1423	0
1424	0
1425	0
1426	0
1427	1
1428	0
1429	0
1430	0
1431	0
1432	0
1433	0
1434	0
1435	0
1436	0
1437	0
1438	0
1439	0
1440	0
1441	0
1442	0
1443	0
1444	0
1445	0
1446	0
1447	0
1448	0
1449	0
1450	0
1451	0
1452	-1
1453	0
1454	0
1455	0
1456	0
1457	0
1458	0
1459	0
1460	0
1461	0
1462	0
1463	0
1464	0
1465	0
1466	-1
1467	0
1468	0
1469	0
1470	0
1471	0
1472	0
1473	0
1474	0
1475	0
1476	0
1477	0
1478	0
1479	0
1480	-1
1481	0
1482	-1
1483	0
1484	0
1485	0
1486	0
1487	0
1488	-1
1489	0
1490	0
1491	0
1492	0
1493	0
1494	0
1495	0
1496	-1
1497	0
1498	-1
1499	0
1500	0
1501	0
1502	-1
1503	0
1504	-1
1505	0
1506	-1
1507	0
1508	0
1509	0
1510	-2
1511	-1
1512	-2
1513	-1
1514	-2
1515	0
1516	0
1517	0
1518	0
1519	0
1520	0
1521	0
1522	0
1523	0
1524	0
1525	0
1526	0
1527	0
1528	-1
1529	0
1530	-2
1531	0
1532	-2
1533	0
1534	0
1535	0
1536	-1
1537	0
1538	-1
1539	-1
1540	-1
1541	0
1542	-1
1543	0
1544	0
1545	0
1546	-2
1547	0
1548	0
1549	0
1550	0
1551	0
1552	0
1553	0
1554	0
1555	0
1556	0
1557	0
1558	0
1559	0
1560	0
1561	0
1562	0
1563	0
1564	0
1565	0
1566	0
1567	0
1568	0
1569	0
1570	-1
1571	0
1572	-1
1573	0
1574	0
1575	0
1576	-1
1577	0
1578	0
1579	0
1580	0
1581	0
1582	0
1583	0
1584	-1
1585	0
1586	0
1587	0
1588	0
1589	0
1590	0
1591	0
1592	0
1593	0
1594	0
1595	0
1596	0
1597	0
1598	0
1599	0
1600	0
1601	0
1602	0
1603	0
1604	0
1605	0
1606	0
1607	0
1608	0
1609	0
1610	0
1611	0
1612	0
1613	0
1614	0
1615	0
1616	0
1617	0
1618	0
1619	0
1620	0
1621	0
1622	0
1623	0
1624	0
1625	0
1626	0
1627	0
1628	0
1629	-1
1630	0
1631	0
1632	0
1633	0
1634	0
1635	0
1636	0
1637	0
1638	0
1639	0
1640	-1
1641	0
1642	0
1643	0
1644	-1
1645	0
1646	0
1647	0
1648	0
1649	0
1650	0
1651	0
1652	0
1653	0
1654	0
1655	0
1656	0
1657	0
1658	0
1659	0
1660	0
1661	0
1662	0
1663	0
1664	0
1665	0
1666	0
1667	0
1668	0
1669	0
1670	0
1671	0
1672	0
1673	0
1674	0
1675	0
1676	-1
1677	0
1678	0
1679	0
1680	-1
1681	0
1682	-1
1683	0
1684	0
1685	0
1686	0
1687	0
1688	0
1689	0
1690	0
1691	0
1692	0
1693	0
1694	-1
1695	0
1696	-1
1697	0
1698	0
1699	0
1700	0
1701	0
1702	0
1703	0
1704	0
1705	0
1706	0
1707	0
1708	0
1709	0
1710	0
1711	0
1712	0
1713	0
1714	0
1715	0
1716	0
1717	0
1718	0
1719	0
1720	-1
1721	0
1722	0
1723	0
1724	0
1725	0
1726	0
1727	0
1728	0
1729	0
1730	0
1731	0
1732	-1
1733	0
1734	-1
1735	0
1736	-1
1737	0
1738	0
1739	0
1740	0
1741	0
1742	0
1743	0
1744	0
1745	0
1746	0
1747	0
1748	0
1749	0
1750	0
1751	0
1752	0
1753	0
1754	0
1755	0
1756	0
1757	0
1758	0
1759	0
1760	0
1761	0
1762	0
1763	0
1764	0
1765	0
1766	0
1767	0
1768	0
1769	0
1770	0
1771	0
1772	0
1773	0
1774	0
1775	0
1776	0
1777	0
1778	0
1779	0
1780	0
1781	0
1782	0
1783	0
1784	0
1785	0
1786	0
1787	0
1788	0
1789	0
1790	-1
1791	0
1792	-1
1793	0
1794	0
1795	0
1796	0
1797	0
1798	0
1799	0
1800	-1
1801	0
1802	0
1803	0
1804	0
1805	0
1806	0
1807	-1
1808	0
1809	0
1810	0
1811	0
1812	-1
1813	0
1814	0
1815	-2
1816	-1
1817	-1
1818	-2
1819	0
1820	-1
1821	0
1822	-2
1823	0
1824	-1
1825	0
1826	-1
1827	0
1828	-1
1829	0
1830	0
1831	0
1832	0
1833	0
1834	0
1835	0
1836	0
1837	0
1838	0
1839	0
1840	0
1841	0
1842	0
1843	1
1844	0
1845	1
1846	1
1847	2
1848	2
1849	1
1850	2
1851	2
1852	1
1853	1
1854	2
1855	2
1856	2
1857	2
1858	2
1859	1
1860	2
1861	2
1862	2
1863	1
1864	2
1865	1
1866	1
1867	2
1868	1
1869	2
1870	2
1871	2
1872	1
1873	2
1874	1
1875	1
1876	1
1877	1
1878	1
1879	1
1880	1
1881	2
1882	0
1883	1
1884	0
1885	1
1886	0
1887	2
1888	1
1889	1
1890	1
1891	1
1892	1
1893	0
1894	0
1895	2
1896	0
1897	1
1898	0
1899	1
1900	0
1901	1
1902	0
1903	1
1904	0
1905	1
1906	0
1907	0
1908	0
1909	0
1910	0
1911	0
1912	0
1913	0
1914	0
1915	0
1916	0
1917	-1
1918	-1
1919	0
1920	-1
1921	0
1922	-1
1923	0
1924	0
1925	0
1926	0
1927	0
1928	0
1929	0
1930	0
1931	0
1932	0
1933	0
1934	-1
1935	0
1936	0
1937	1
1938	-1
1939	0
1940	0
1941	-1
1942	-1
1943	0
1944	0
1945	0
1946	0
1947	0
1948	-1
1949	0
1950	-1
1951	0
1952	0
1953	0
1954	-1
1955	0
1956	-1
1957	0
1958	0
1959	0
1960	0
1961	0
1962	0
1963	0
1964	0
1965	0
1966	0
1967	0
1968	0
1969	1
1970	0
1971	0
1972	0
1973	1
1974	0
1975	1
1976	0
1977	0
1978	0
1979	0
1980	0
1981	0
1982	-1
1983	0
1984	0
1985	0
1986	0
1987	0
1988	0
1989	0
1990	0
1991	0
1992	0
1993	0
1994	0
1995	0
1996	-1
1997	0
1998	0
1999	0
