0	0
1	1
2	0
3	1
4	0
5	1
6	0
7	0
8	0
9	2
10	0
11	0
12	0
13	1
14	0
15	1
16	0
17	1
18	0
19	0
20	0
21	0
22	0
23	0
24	0
25	0
26	0
27	0
28	0
29	0
30	0
31	0
32	0
33	1
34	0
35	0
36	0
37	0
38	0
39	0
40	0
41	1
42	0
43	1
44	0
45	0
46	0
47	1
48	0
49	1
50	0
51	1
52	0
53	1
54	0
55	1
56	0
57	1
58	0
59	1
60	0
61	0
62	0
63	0
64	0
65	1
66	0
67	0
68	0
69	0
70	0
71	0
72	0
73	0
74	0
75	1
76	0
77	0
78	0
79	0
80	1
81	0
82	0
83	1
84	0
85	1
86	0
87	1
88	0
89	2
90	0
91	1
92	0
93	1
94	0
95	2
96	0
97	1
98	0
99	1
100	0
101	1
102	0
103	1
104	0
105	0
106	0
107	1
108	0
109	1
110	0
111	0
112	0
113	0
114	-1
115	0
116	0
117	0
118	0
119	0
120	0
121	0
122	0
123	0
124	-1
125	0
126	0
127	0
128	0
129	0
130	0
131	0
132	-1
133	1
134	0
135	0
136	0
137	0
138	0
139	1
140	0
141	1
142	0
143	1
144	0
145	2
146	0
147	1
148	0
149	0
150	0
151	2
152	0
153	2
154	0
155	1
156	1
157	1
158	0
159	2
160	0
161	0
162	0
163	1
164	0
165	1
166	0
167	2
168	0
169	1
170	0
171	0
172	0
173	1
174	0
175	2
176	0
177	0
178	0
179	0
180	0
181	0
182	0
183	1
184	0
185	1
186	0
187	1
188	0
189	2
190	1
191	0
192	1
193	1
194	0
195	0
196	1
197	0
198	0
199	1
200	0
201	1
202	0
203	1
204	1
205	1
206	0
207	0
208	0
209	1
210	0
211	0
212	0
213	1
214	0
215	0
216	0
217	1
218	0
219	1
220	0
221	1
222	0
223	1
224	0
225	2
226	0
227	0
228	0
229	0
230	0
231	0
232	0
233	0
234	0
235	0
236	0
237	0
238	0
239	0
240	0
241	0
242	0
243	0
244	0
245	2
246	0
247	1
248	0
249	0
250	0
251	0
252	0
253	0
254	0
255	0
256	0
257	1
258	0
259	1
260	0
261	0
262	0
263	0
264	0
265	1
266	0
267	0
268	0
269	0
270	0
271	0
272	0
273	0
274	0
275	0
276	0
277	0
278	0
279	0
280	0
281	0
282	0
283	1
284	-1
285	1
286	0
287	0
288	0
289	0
290	0
291	0
292	0
293	0
294	0
295	-1
296	0
297	0
298	0
299	0
300	0
301	0
302	0
303	0
304	0
305	1
306	0
307	1
308	0
309	1
310	0
311	1
312	0
313	0
314	0
315	1
316	1
317	1
318	0
319	2
320	0
321	1
322	1
323	2
324	0
325	2
326	1
327	0
328	0
329	1
330	0
331	2
332	0
333	1
334	0
335	1
336	0
337	2
338	0
339	2
340	0
341	1
342	1
343	1
344	0
345	0
346	0
347	0
348	0
349	1
350	0
351	0
352	0
353	0
354	0
355	0
356	0
357	0
358	0
359	2
360	0
361	1
362	0
363	1
364	0
365	0
366	0
367	0
368	0
369	0
370	0
371	1
372	0
373	1
374	0
375	0
376	0
377	1
378	0
379	0
380	0
381	0
382	0
383	2
384	0
385	0
386	0
387	0
388	0
389	1
390	0
391	0
392	0
393	0
394	1
395	0
396	0
397	0
398	0
399	0
400	0
401	0
402	0
403	0
404	0
405	0
406	0
407	0
408	0
409	0
410	0
411	0
412	0
413	1
414	0
415	0
416	0
417	0
418	0
419	0
420	0
421	0
422	0
423	0
424	0
425	0
426	0
427	1
428	0
429	0
430	0
431	2
432	0
433	3
434	2
435	5
436	4
437	8
438	8
439	12
440	14
441	16
442	17
443	20
444	22
445	28
446	29
447	36
448	35
449	42
450	43
451	48
452	52
453	55
454	57
455	62
456	64
457	68
458	70
459	75
460	74
461	81
462	81
463	85
464	85
465	88
466	88
467	93
468	91
469	97
470	94
471	98
472	95
473	100
474	98
475	99
476	96
477	99
478	96
479	100
480	96
481	98
482	94
483	95
484	93
485	94
486	90
487	92
488	87
489	88
490	85
491	86
492	81
493	83
494	76
495	77
496	75
497	76
498	76
499	78
500	62
501	71
502	65
503	65
504	63
505	62
506	56
507	59
508	54
509	54
510	51
511	50
512	48
513	46
514	42
515	42
516	40
517	40
518	37
519	38
520	34
521	35
522	29
523	31
524	28
525	29
526	25
527	26
528	23
529	24
530	20
531	22
532	18
533	20
534	15
535	16
536	13
537	15
538	11
539	13
540	10
541	10
542	9
543	10
544	6
545	7
546	5
547	6
548	2
549	6
550	0
551	3
552	0
553	1
554	0
555	0
556	-2
557	0
558	-4
559	-1
560	-5
561	-2
562	-4
563	-3
564	-5
565	-4
566	-6
567	-4
568	-6
569	-5
570	-8
571	-6
572	-7
573	-6
574	-8
575	-8
576	-8
577	-7
578	-9
579	-7
580	-9
581	-9
582	-8
583	-9
584	-10
585	-10
586	-11
587	-9
588	-11
589	-10
590	-12
591	-10
592	-11
593	-11
594	-12
595	-11
596	-12
597	-10
598	-12
599	-10
600	-12
601	-11
602	-10
603	-10
604	-10
605	-9
606	-10
607	-9
608	-11
609	-8
610	-7
611	-6
612	-9
613	-7
614	-9
615	-6
616	-8
617	-6
618	-6
619	-5
620	-8
621	-5
622	-8
623	-4
624	-6
625	-3
626	-7
627	-3
628	-4
629	-4
630	-4
631	-4
632	-4
633	-2
634	-6
635	-2
636	-6
637	-4
638	-6
639	-4
640	-5
641	-5
642	-5
643	-4
644	-4
645	-3
646	-5
647	-4
648	-6
649	-5
650	-5
651	-4
652	-6
653	-3
654	-6
655	-3
656	-4
657	-2
658	-4
659	-4
660	-5
661	-4
662	-4
663	-3
664	-4
665	-2
666	-4
667	-1
668	-4
669	-2
670	-2
671	-2
672	-4
673	-3
674	-2
675	-2
676	-3
677	0
678	-3
679	-2
680	-3
681	-2
682	-3
683	-2
684	-4
685	-2
686	-3
687	-2
688	-3
689	-1
690	-4
691	-1
692	-3
693	-2
694	-4
695	-2
696	-3
697	-3
698	-4
699	-2
700	-3
701	-1
702	-2
703	-1
704	-3
705	-2
706	-3
707	-1
708	-2
709	0
710	-3
711	0
712	0
713	0
714	0
715	0
716	0
717	1
718	-1
719	1
720	-1
721	0
722	-1
723	0
724	-1
725	0
726	-2
727	0
728	-2
729	0
730	-2
731	0
732	-2
733	0
734	-2
735	0
736	-3
737	0
738	-2
739	-1
740	-3
741	-1
742	-2
743	-2
744	-2
745	-1
746	-1
747	-1
748	-1
749	0
750	0
751	-1
752	-1
753	-2
754	-2
755	-1
756	-2
757	-1
758	-3
759	0
760	-2
761	0
762	-1
763	0
764	-1
765	0
766	-2
767	0
768	-2
769	-1
770	-2
771	-1
772	-2
773	-1
774	-1
775	-2
776	-1
777	-2
778	-1
779	-1
780	-1
781	-1
782	-2
783	0
784	-2
785	-1
786	-2
787	-1
788	-2
789	0
790	-2
791	0
792	-2
793	0
794	-1
795	0
796	-1
797	-1
798	-1
799	0
800	-2
801	0
802	-1
803	0
804	-1
805	-1
806	-1
807	0
808	-1
809	0
810	-3
811	0
812	-2
813	0
814	-1
815	-1
816	-2
817	0
818	-2
819	0
820	-1
821	0
822	-1
823	0
824	0
825	0
826	0
827	0
828	0
829	0
830	-1
831	0
832	-1
833	0
834	-1
835	0
836	-1
837	0
838	-2
839	0
840	-2
841	0
842	-2
843	0
844	-1
845	0
846	-2
847	0
848	-1
849	0
850	-1
851	0
852	-1
853	-2
854	-1
855	0
856	-1
857	0
858	0
859	0
860	0
861	-1
862	-2
863	0
864	-2
865	-1
866	-1
867	0
868	-1
869	-1
870	-1
871	-1
872	-1
873	-1
874	-1
875	-2
876	-2
877	-1
878	-1
879	-1
880	-2
881	-1
882	-3
883	-1
884	-1
885	-2
886	-2
887	-2
888	-2
889	-2
890	-2
891	-2
892	-1
893	-1
894	-1
895	-1
896	-2
897	-1
898	-1
899	-1
900	-4
901	-1
902	-2
903	0
904	-1
905	0
906	-1
907	-1
908	0
909	-1
910	-1
911	0
912	0
913	0
914	-1
915	0
916	-2
917	0
918	-1
919	0
920	-1
921	0
922	0
923	0
924	0
925	0
926	-1
927	0
928	-1
929	0
930	-1
931	-1
932	-2
933	-1
934	-2
935	0
936	-2
937	-1
938	-1
939	0
940	-1
941	0
942	-3
943	-1
944	-2
945	-1
946	-3
947	-1
948	-4
949	-2
950	-3
951	-2
952	-2
953	-2
954	-2
955	-1
956	-2
957	0
958	-1
959	0
960	-2
961	0
962	-1
963	0
964	0
965	0
966	-1
967	0
968	-1
969	0
970	0
971	0
972	0
973	0
974	-1
975	0
976	0
977	0
978	0
979	0
980	-1
981	0
982	-1
983	0
984	-1
985	-1
986	-2
987	-1
988	-2
989	0
990	-2
991	0
992	-3
993	-1
994	-4
995	-1
996	-2
997	-1
998	-2
999	0
1000	-2
1001	-1
1002	-2
1003	-1
1004	-1
1005	-1
1006	-2
1007	-1
1008	0
1009	0
1010	0
1011	0
1012	0
1013	-1
1014	-1
1015	-1
1016	0
1017	0
1018	0
1019	0
1020	-1
1021	0
1022	-1
1023	0
1024	0
1025	0
1026	0
1027	0
1028	-1
1029	-1
1030	0
1031	0
1032	-2
1033	0
1034	0
1035	-1
1036	-1
1037	-2
1038	-1
1039	-1
1040	-1
1041	-2
1042	-2
1043	-1
1044	-2
1045	-1
1046	-2
1047	-1
1048	-1
1049	-1
1050	-1
1051	-1
1052	-1
1053	0
1054	-2
1055	0
1056	-1
1057	-1
1058	-1
1059	0
1060	0
1061	0
1062	0
1063	0
1064	0
1065	0
1066	-1
1067	0
1068	-1
1069	0
1070	-1
1071	0
1072	0
1073	0
1074	0
1075	0
1076	0
1077	0
1078	0
1079	0
1080	-1
1081	0
1082	0
1083	0
1084	-2
1085	0
1086	-1
1087	0
1088	-1
1089	0
1090	-1
1091	0
1092	0
1093	0
1094	-1
1095	0
1096	-3
1097	0
1098	-1
1099	0
1100	-1
1101	0
1102	-2
1103	0
1104	-1
1105	0
1106	-1
1107	0
1108	-1
1109	0
1110	-1
1111	0
1112	-1
1113	-1
1114	-1
1115	0
1116	-1
1117	0
1118	-1
1119	-1
1120	-1
1121	-1
1122	0
1123	0
1124	0
1125	0
1126	0
1127	0
1128	-1
1129	0
1130	-1
1131	0
1132	-1
1133	0
1134	0
1135	0
1136	-1
1137	0
1138	-1
1139	0
1140	-1
1141	0
1142	-2
1143	0
1144	-1
1145	0
1146	-1
1147	0
1148	-2
1149	-1
1150	-2
1151	-1
1152	-2
1153	0
1154	-2
1155	-1
1156	-1
1157	0
1158	-2
1159	0
1160	-2
1161	0
1162	-2
1163	0
1164	-1
1165	0
1166	-1
1167	0
1168	-1
1169	0
1170	0
1171	0
1172	0
1173	0
1174	0
1175	0
1176	0
1177	0
1178	0
1179	0
1180	-1
1181	0
1182	-1
1183	0
1184	-1
1185	0
1186	-1
1187	0
1188	0
1189	0
1190	0
1191	0
1192	0
1193	0
1194	0
1195	-1
1196	-1
1197	0
1198	-2
1199	-1
1200	-1
1201	0
1202	-1
1203	0
1204	-1
1205	0
1206	-2
1207	0
1208	0
1209	0
1210	-1
1211	0
1212	0
1213	0
1214	-2
1215	0
1216	-1
1217	0
1218	0
1219	0
1220	0
1221	0
1222	0
1223	0
1224	0
1225	0
1226	0
1227	0
1228	0
1229	0
1230	0
1231	0
1232	0
1233	1
1234	1
1235	2
1236	0
1237	2
1238	2
1239	3
1240	2
1241	2
1242	1
1243	3
1244	2
1245	3
1246	1
1247	3
1248	2
1249	2
1250	2
1251	3
1252	1
1253	3
1254	1
1255	3
1256	1
1257	3
1258	3
1259	3
1260	3
1261	3
1262	3
1263	3
1264	2
1265	2
1266	2
1267	3
1268	3
1269	3
1270	2
1271	3
1272	2
1273	2
1274	1
1275	2
1276	2
1277	1
1278	2
1279	2
1280	1
1281	2
1282	1
1283	1
1284	0
1285	1
1286	0
1287	1
1288	0
1289	0
1290	0
1291	0
1292	0
1293	1
1294	0
1295	0
1296	0
1297	0
1298	0
1299	1
1300	0
1301	0
1302	0
1303	0
1304	0
1305	0
1306	0
1307	0
1308	0
1309	0
1310	-2
1311	0
1312	-1
1313	0
1314	0
1315	0
1316	0
1317	-1
1318	-1
1319	-1
1320	-2
1321	0
1322	-1
1323	-2
1324	-2
1325	0
1326	-1
1327	0
1328	0
1329	0
1330	-1
1331	0
1332	0
1333	-1
1334	-2
1335	-2
1336	-1
1337	0
1338	-2
1339	-1
1340	0
1341	0
1342	0
1343	0
1344	0
1345	0
1346	0
1347	0
1348	0
1349	0
1350	0
1351	0
1352	0
1353	1
1354	1
1355	0
1356	0
1357	1
1358	1
1359	1
1360	1
1361	0
1362	0
1363	2
1364	1
1365	2
1366	1
1367	0
1368	1
1369	1
1370	1
1371	0
1372	1
1373	1
1374	1
1375	1
1376	1
1377	1
1378	1
1379	1
1380	1
1381	1
1382	0
1383	1
1384	0
1385	0
1386	0
1387	0
1388	0
1389	0
1390	0
1391	0
1392	-1
1393	0
1394	0
1395	0
1396	0
1397	0
1398	0
1399	0
1400	0
1401	0
1402	0
1403	1
1404	0
1405	0
1406	0
1407	0
1408	0
1409	0
1410	0
1411	0
1412	0
1413	0
1414	-1
1415	0
1416	-1
1417	0
1418	-1
1419	-1
1420	-1
1421	-1
1422	-1
1423	0
1424	-1
1425	-1
1426	-1
1427	-1
1428	-2
1429	-1
1430	-2
1431	-1
1432	-1
1433	-2
1434	-1
1435	0
1436	-1
1437	0
1438	-2
1439	-1
1440	-1
1441	0
1442	-1
1443	0
1444	0
1445	-1
1446	-1
1447	0
1448	-1
1449	0
1450	-1
1451	0
1452	-1
1453	0
1454	0
1455	0
1456	-1
1457	0
1458	-1
1459	0
1460	0
1461	0
1462	0
1463	0
1464	0
1465	0
1466	-1
1467	0
1468	-1
1469	0
1470	-1
1471	0
1472	-1
1473	0
1474	-2
1475	-1
1476	0
1477	0
1478	-1
1479	0
1480	0
1481	0
1482	-1
1483	0
1484	0
1485	0
1486	-1
1487	-1
1488	-1
1489	-1
1490	-1
1491	-1
1492	-1
1493	-1
1494	-2
1495	-1
1496	-2
1497	-1
1498	-2
1499	-1
1500	-1
1501	0
1502	-2
1503	0
1504	-1
1505	0
1506	-1
1507	0
1508	0
1509	-1
1510	-1
1511	0
1512	0
1513	0
1514	0
1515	0
1516	0
1517	0
1518	0
1519	0
1520	0
1521	0
1522	0
1523	0
1524	0
1525	0
1526	-1
1527	0
1528	0
1529	0
1530	-1
1531	0
1532	-1
1533	0
1534	-1
1535	0
1536	0
1537	0
1538	-1
1539	-1
1540	-1
1541	0
1542	0
1543	0
1544	-2
1545	0
1546	-1
1547	0
1548	-1
1549	-1
1550	-2
1551	-1
1552	-1
1553	-1
1554	-1
1555	-1
1556	-1
1557	-1
1558	-2
1559	-1
1560	-1
1561	0
1562	-1
1563	0
1564	-1
1565	0
1566	0
1567	0
1568	-1
1569	0
1570	0
1571	0
1572	-1
1573	-1
1574	-1
1575	0
1576	-1
1577	0
1578	-1
1579	-1
1580	-1
1581	0
1582	0
1583	0
1584	0
1585	0
1586	0
1587	0
1588	0
1589	1
1590	0
1591	0
1592	0
1593	0
1594	0
1595	1
1596	0
1597	0
1598	0
1599	0
1600	0
1601	0
1602	0
1603	0
1604	0
1605	0
1606	0
1607	0
1608	0
1609	0
1610	0
1611	0
1612	0
1613	0
1614	0
1615	0
1616	-1
1617	0
1618	0
1619	0
1620	0
1621	0
1622	0
1623	0
1624	-1
1625	0
1626	0
1627	0
1628	0
1629	0
1630	0
1631	0
1632	-1
1633	0
1634	-1
1635	0
1636	0
1637	0
1638	-1
1639	0
1640	0
1641	0
1642	-1
1643	0
1644	-1
1645	0
1646	-1
1647	0
1648	0
1649	0
1650	-1
1651	0
1652	-1
1653	-1
1654	0
1655	-1
1656	-1
1657	0
1658	-1
1659	0
1660	-1
1661	0
1662	0
1663	0
1664	0
1665	0
1666	-1
1667	0
1668	-2
1669	-1
1670	0
1671	-1
1672	-1
1673	-1
1674	-1
1675	-1
1676	-2
1677	0
1678	-1
1679	0
1680	-2
1681	0
1682	-2
1683	0
1684	-1
1685	0
1686	-1
1687	0
1688	-1
1689	0
1690	0
1691	0
1692	-1
1693	0
1694	-1
1695	0
1696	0
1697	0
1698	0
1699	0
1700	-1
1701	0
1702	0
1703	0
1704	0
1705	0
1706	-1
1707	0
1708	0
1709	0
1710	0
1711	0
1712	0
1713	0
1714	0
1715	0
1716	0
1717	0
1718	0
1719	0
1720	0
1721	0
1722	0
1723	1
1724	0
1725	1
1726	0
1727	0
1728	0
1729	0
1730	0
1731	0
1732	0
1733	0
1734	0
1735	0
1736	-1
1737	0
1738	0
1739	0
1740	-2
1741	0
1742	-1
1743	0
1744	-1
1745	0
1746	-1
1747	0
1748	-1
1749	0
1750	-2
1751	0
1752	-1
1753	-1
1754	0
1755	-1
1756	-2
1757	-1
1758	-1
1759	0
1760	-2
1761	-1
1762	-1
1763	-1
1764	-1
1765	0
1766	0
1767	0
1768	-1
1769	0
1770	-1
1771	0
1772	0
1773	0
1774	-1
1775	0
1776	-1
1777	0
1778	0
1779	0
1780	0
1781	0
1782	0
1783	0
1784	0
1785	0
1786	0
1787	0
1788	-1
1789	0
1790	0
1791	0
1792	0
1793	0
1794	-1
1795	0
1796	-1
1797	0
1798	0
1799	1
1800	0
1801	0
1802	0
1803	0
1804	0
1805	0
1806	0
1807	-1
1808	0
1809	0
1810	-1
1811	0
1812	-1
1813	0
1814	-1
1815	0
1816	0
1817	0
1818	0
1819	0
1820	-1
1821	0
1822	0
1823	0
1824	0
1825	0
1826	0
1827	0
1828	0
1829	0
1830	0
1831	0
1832	-1
1833	0
1834	-1
1835	0
1836	-1
1837	0
1838	0
1839	0
1840	0
1841	0
1842	0
1843	0
1844	0
1845	0
1846	-1
1847	0
1848	0
1849	0
1850	0
1851	0
1852	-1
1853	0
1854	-1
1855	0
1856	0
1857	1
1858	0
1859	0
1860	0
1861	0
1862	0
1863	0
1864	0
1865	0
1866	0
1867	0
1868	0
1869	0
1870	0
1871	0
1872	0
1873	0
1874	0
1875	0
1876	-1
1877	0
1878	0
1879	0
1880	0
1881	0
1882	0
1883	0
1884	-1
1885	0
1886	-1
1887	0
1888	0
1889	0
1890	-1
1891	0
1892	-1
1893	0
1894	-1
1895	0
1896	-1
1897	0
1898	-2
1899	0
1900	-1
1901	0
1902	0
1903	0
1904	-1
1905	0
1906	-1
1907	0
1908	0
1909	0
1910	-1
1911	0
1912	-2
1913	0
1914	-1
1915	-1
1916	0
1917	0
1918	-1
1919	-1
1920	-1
1921	0
1922	-1
1923	-1
1924	0
1925	0
1926	-1
1927	0
1928	0
1929	0
1930	0
1931	0
1932	0
1933	0
1934	0
1935	0
1936	0
1937	0
1938	0
1939	0
1940	0
1941	0
1942	0
1943	0
1944	-1
1945	0
1946	0
1947	0
1948	0
1949	0
1950	0
1951	0
1952	0
1953	0
1954	0
1955	0
1956	0
1957	0
1958	0
1959	0
1960	0
1961	0
1962	0
1963	0
1964	0
1965	0
1966	0
1967	0
1968	0
1969	0
1970	0
1971	0
1972	-1
1973	0
1974	0
1975	0
1976	0
1977	0
1978	0
1979	0
1980	-1
1981	0
1982	-1
1983	0
1984	0
1985	0
1986	-1
1987	-1
1988	-2
1989	0
1990	0
1991	0
1992	0
1993	0
1994	-1
1995	0
1996	-1
1997	0
1998	0
1999	0
