0	0
1	1
2	0
3	2
4	0
5	0
6	0
7	1
8	0
9	0
10	0
11	1
12	0
13	0
14	0
15	0
16	0
17	0
18	0
19	0
20	-1
21	0
22	0
23	0
24	0
25	0
26	0
27	1
28	0
29	0
30	0
31	1
32	0
33	1
34	0
35	2
36	0
37	2
38	0
39	1
40	0
41	1
42	0
43	0
44	0
45	1
46	0
47	1
48	0
49	0
50	0
51	0
52	0
53	0
54	0
55	0
56	0
57	1
58	0
59	1
60	0
61	1
62	0
63	1
64	0
65	1
66	0
67	0
68	0
69	1
70	0
71	1
72	0
73	0
74	0
75	1
76	0
77	0
78	0
79	0
80	0
81	0
82	0
83	0
84	0
85	0
86	0
87	1
88	0
89	0
90	0
91	0
92	0
93	0
94	0
95	0
96	0
97	0
98	0
99	0
100	0
101	0
102	0
103	1
104	0
105	0
106	0
107	0
108	0
109	0
110	0
111	1
112	0
113	1
114	0
115	1
116	0
117	1
118	0
119	1
120	0
121	1
122	0
123	0
124	0
125	1
126	0
127	0
128	0
129	1
130	0
131	0
132	0
133	0
134	0
135	1
136	0
137	0
138	0
139	2
140	0
141	2
142	0
143	1
144	0
145	2
146	0
147	0
148	0
149	0
150	0
151	1
152	0
153	1
154	0
155	1
156	0
157	1
158	0
159	0
160	0
161	0
162	0
163	0
164	0
165	0
166	0
167	0
168	0
169	0
170	0
171	0
172	0
173	0
174	0
175	0
176	0
177	0
178	0
179	0
180	0
181	0
182	0
183	1
184	0
185	0
186	0
187	0
188	0
189	0
190	0
191	0
192	0
193	0
194	0
195	0
196	0
197	0
198	0
199	0
200	0
201	0
202	0
203	0
204	0
205	0
206	0
207	0
208	-1
209	1
210	0
211	0
212	0
213	0
214	0
215	0
216	0
217	0
218	0
219	0
220	0
221	0
222	0
223	0
224	0
225	1
226	0
227	0
228	0
229	0
230	0
231	0
232	0
233	0
234	0
235	0
236	0
237	0
238	0
239	0
240	0
241	1
242	0
243	1
244	0
245	1
246	0
247	0
248	0
249	0
250	0
251	0
252	0
253	0
254	0
255	0
256	0
257	0
258	0
259	0
260	0
261	0
262	0
263	0
264	0
265	0
266	0
267	0
268	0
269	0
270	0
271	0
272	0
273	0
274	0
275	0
276	0
277	0
278	0
279	1
280	0
281	1
282	0
283	1
284	0
285	1
286	0
287	1
288	0
289	0
290	0
291	0
292	0
293	1
294	0
295	0
296	0
297	1
298	0
299	0
300	0
301	1
302	0
303	1
304	0
305	1
306	0
307	1
308	0
309	1
310	0
311	0
312	0
313	2
314	0
315	0
316	0
317	0
318	0
319	0
320	0
321	2
322	0
323	0
324	0
325	0
326	0
327	1
328	0
329	0
330	0
331	0
332	0
333	0
334	0
335	0
336	0
337	0
338	0
339	0
340	0
341	0
342	0
343	0
344	0
345	0
346	0
347	0
348	0
349	0
350	0
351	0
352	0
353	0
354	0
355	1
356	0
357	0
358	0
359	1
360	0
361	1
362	0
363	1
364	0
365	1
366	0
367	0
368	0
369	1
370	0
371	1
372	0
373	0
374	0
375	0
376	0
377	0
378	0
379	0
380	0
381	0
382	0
383	0
384	0
385	0
386	0
387	1
388	0
389	1
390	0
391	1
392	0
393	0
394	0
395	0
396	0
397	0
398	0
399	0
400	0
401	0
402	0
403	0
404	0
405	0
406	0
407	0
408	0
409	0
410	0
411	0
412	0
413	1
414	0
415	0
416	0
417	0
418	0
419	0
420	0
421	1
422	0
423	1
424	0
425	0
426	0
427	0
428	0
429	0
430	0
431	0
432	0
433	1
434	0
435	0
436	0
437	1
438	0
439	0
440	0
441	1
442	0
443	3
444	1
445	4
446	3
447	5
448	5
449	7
450	6
451	10
452	9
453	11
454	12
455	15
456	15
457	16
458	17
459	22
460	21
461	23
462	22
463	25
464	25
465	29
466	28
467	31
468	30
469	34
470	32
471	36
472	35
473	38
474	38
475	41
476	39
477	44
478	43
479	47
480	46
481	49
482	48
483	53
484	52
485	57
486	55
487	60
488	56
489	63
490	61
491	63
492	64
493	66
494	65
495	69
496	68
497	70
498	71
499	78
500	62
501	73
502	71
503	72
504	70
505	71
506	70
507	71
508	69
509	70
510	67
511	69
512	64
513	67
514	63
515	66
516	62
517	63
518	59
519	62
520	58
521	60
522	56
523	56
524	54
525	55
526	51
527	52
528	49
529	51
530	46
531	48
532	43
533	44
534	40
535	41
536	38
537	40
538	36
539	37
540	33
541	34
542	30
543	33
544	28
545	30
546	27
547	28
548	23
549	27
550	20
551	23
552	18
553	21
554	16
555	19
556	16
557	18
558	15
559	17
560	12
561	15
562	11
563	13
564	10
565	14
566	8
567	11
568	7
569	10
570	7
571	9
572	6
573	8
574	7
575	9
576	5
577	9
578	4
579	7
580	3
581	7
582	3
583	7
584	2
585	4
586	1
587	4
588	1
589	2
590	0
591	2
592	0
593	2
594	0
595	1
596	0
597	1
598	0
599	0
600	0
601	0
602	0
603	0
604	0
605	0
606	-1
607	0
608	-1
609	0
610	-1
611	0
612	-1
613	0
614	-1
615	0
616	0
617	0
618	-1
619	0
620	0
621	0
622	0
623	0
624	0
625	0
626	0
627	0
628	0
629	0
630	0
631	0
632	-1
633	0
634	0
635	0
636	-1
637	0
638	0
639	0
640	0
641	0
642	0
643	0
644	0
645	0
646	-1
647	0
648	-1
649	0
650	-1
651	0
652	-1
653	0
654	0
655	0
656	-1
657	0
658	0
659	0
660	0
661	0
662	-1
663	0
664	0
665	0
666	0
667	0
668	-1
669	0
670	-1
671	0
672	-1
673	0
674	0
675	0
676	-1
677	0
678	0
679	0
680	-1
681	0
682	0
683	0
684	0
685	0
686	-1
687	0
688	0
689	0
690	0
691	0
692	0
693	0
694	-1
695	0
696	0
697	0
698	0
699	0
700	-1
701	0
702	0
703	0
704	-1
705	0
706	-1
707	0
708	-1
709	0
710	-2
711	0
712	-2
713	0
714	-1
715	0
716	-1
717	0
718	0
719	0
720	0
721	0
722	-1
723	0
724	0
725	0
726	-1
727	0
728	0
729	0
730	0
731	0
732	0
733	0
734	0
735	0
736	0
737	0
738	0
739	0
740	-1
741	0
742	-1
743	0
744	0
745	0
746	0
747	0
748	-1
749	0
750	-2
751	0
752	-2
753	-1
754	-1
755	0
756	-2
757	0
758	0
759	0
760	-1
761	0
762	-1
763	0
764	0
765	0
766	0
767	0
768	-1
769	0
770	-2
771	0
772	-2
773	0
774	-3
775	0
776	-2
777	0
778	-3
779	0
780	-1
781	0
782	0
783	0
784	0
785	0
786	-1
787	0
788	-1
789	0
790	-1
791	0
792	-1
793	0
794	-1
795	0
796	0
797	0
798	-1
799	0
800	-1
801	0
802	-2
803	0
804	-1
805	0
806	-2
807	0
808	-1
809	0
810	-2
811	0
812	-1
813	0
814	0
815	0
816	0
817	0
818	0
819	0
820	-2
821	0
822	-2
823	-1
824	-3
825	0
826	-3
827	-1
828	-2
829	0
830	-3
831	-1
832	-4
833	-1
834	-2
835	-2
836	-3
837	-2
838	-4
839	-1
840	-2
841	-1
842	-3
843	-1
844	-2
845	-1
846	-2
847	-1
848	-2
849	-1
850	-1
851	0
852	-1
853	0
854	-1
855	0
856	-1
857	0
858	-1
859	0
860	-1
861	0
862	0
863	0
864	0
865	0
866	-1
867	0
868	-1
869	0
870	-3
871	0
872	-1
873	0
874	-1
875	0
876	-1
877	-1
878	-3
879	-1
880	-2
881	0
882	-1
883	0
884	-1
885	0
886	-1
887	0
888	-2
889	0
890	-1
891	0
892	-1
893	0
894	-1
895	0
896	0
897	1
898	0
899	0
900	0
901	1
902	0
903	0
904	0
905	1
906	0
907	1
908	0
909	1
910	0
911	1
912	0
913	2
914	0
915	1
916	0
917	1
918	0
919	1
920	0
921	1
922	0
923	0
924	-1
925	0
926	0
927	0
928	-1
929	0
930	0
931	0
932	-1
933	0
934	0
935	1
936	0
937	0
938	-1
939	0
940	0
941	0
942	0
943	0
944	0
945	0
946	-1
947	0
948	-1
949	0
950	0
951	0
952	-1
953	0
954	-1
955	0
956	-1
957	0
958	-1
959	0
960	-2
961	0
962	-1
963	0
964	-1
965	-1
966	-2
967	0
968	-2
969	0
970	-2
971	0
972	-3
973	-1
974	-2
975	-1
976	-3
977	0
978	-2
979	0
980	-1
981	0
982	-3
983	0
984	-2
985	0
986	-1
987	0
988	-2
989	0
990	-1
991	0
992	-1
993	0
994	-1
995	0
996	-1
997	0
998	-1
999	0
1000	-1
1001	0
1002	-1
1003	0
1004	-2
1005	0
1006	-1
1007	0
1008	-1
1009	0
1010	0
1011	0
1012	0
1013	0
1014	-2
1015	0
1016	-2
1017	0
1018	0
1019	0
1020	-2
1021	0
1022	0
1023	0
1024	0
1025	0
1026	-1
1027	0
1028	-1
1029	0
1030	-2
1031	0
1032	0
1033	0
1034	-1
1035	0
1036	0
1037	0
1038	0
1039	0
1040	-1
1041	0
1042	0
1043	0
1044	0
1045	0
1046	-2
1047	0
1048	-1
1049	-1
1050	-1
1051	-1
1052	-2
1053	-1
1054	-2
1055	-1
1056	-2
1057	-1
1058	-2
1059	-2
1060	-1
1061	-1
1062	-2
1063	-2
1064	-2
1065	-1
1066	-2
1067	0
1068	-1
1069	-1
1070	-1
1071	0
1072	-2
1073	0
1074	-1
1075	0
1076	-2
1077	0
1078	-1
1079	0
1080	-1
1081	0
1082	0
1083	-1
1084	-2
1085	0
1086	-2
1087	0
1088	-1
1089	0
1090	-1
1091	0
1092	-2
1093	-1
1094	-3
1095	-1
1096	-2
1097	0
1098	-1
1099	0
1100	-2
1101	0
1102	-2
1103	0
1104	-2
1105	0
1106	-1
1107	0
1108	-2
1109	0
1110	-1
1111	-1
1112	0
1113	0
1114	-1
1115	0
1116	-1
1117	0
1118	0
1119	0
1120	0
1121	-1
1122	-1
1123	0
1124	0
1125	0
1126	-2
1127	0
1128	-1
1129	-1
1130	-2
1131	0
1132	0
1133	0
1134	0
1135	0
1136	-1
1137	0
1138	0
1139	0
1140	0
1141	0
1142	-1
1143	0
1144	-1
1145	0
1146	-1
1147	0
1148	-1
1149	0
1150	-1
1151	0
1152	0
1153	0
1154	-1
1155	-1
1156	-1
1157	0
1158	-1
1159	0
1160	-1
1161	0
1162	-1
1163	0
1164	0
1165	-1
1166	-1
1167	-1
1168	-2
1169	0
1170	-1
1171	0
1172	-1
1173	0
1174	-2
1175	0
1176	-2
1177	0
1178	-2
1179	0
1180	-1
1181	0
1182	-1
1183	0
1184	-1
1185	0
1186	-2
1187	0
1188	-1
1189	0
1190	-2
1191	0
1192	-2
1193	0
1194	-1
1195	0
1196	-1
1197	-1
1198	-2
1199	0
1200	-1
1201	0
1202	-1
1203	0
1204	-1
1205	0
1206	-1
1207	0
1208	-1
1209	0
1210	0
1211	0
1212	0
1213	-1
1214	0
1215	0
1216	0
1217	0
1218	-1
1219	0
1220	0
1221	0
1222	0
1223	0
1224	-1
1225	0
1226	-3
1227	0
1228	-1
1229	0
1230	0
1231	0
1232	0
1233	0
1234	-1
1235	0
1236	-2
1237	0
1238	-1
1239	0
1240	-2
1241	0
1242	-1
1243	0
1244	-2
1245	0
1246	-1
1247	0
1248	-2
1249	0
1250	0
1251	0
1252	0
1253	-1
1254	0
1255	0
1256	-1
1257	0
1258	0
1259	0
1260	0
1261	0
1262	-1
1263	-1
1264	-1
1265	0
1266	-2
1267	0
1268	-3
1269	0
1270	-3
1271	-1
1272	-2
1273	0
1274	-2
1275	-1
1276	-3
1277	0
1278	-3
1279	0
1280	-2
1281	0
1282	-2
1283	0
1284	-1
1285	0
1286	-1
1287	0
1288	-1
1289	0
1290	0
1291	0
1292	-1
1293	0
1294	-1
1295	0
1296	-1
1297	0
1298	0
1299	0
1300	0
1301	0
1302	-2
1303	-1
1304	0
1305	-1
1306	-1
1307	0
1308	-1
1309	0
1310	-2
1311	0
1312	-2
1313	0
1314	0
1315	0
1316	-1
1317	0
1318	-1
1319	0
1320	0
1321	0
1322	0
1323	0
1324	-2
1325	0
1326	-2
1327	0
1328	-1
1329	0
1330	-1
1331	0
1332	-1
1333	0
1334	-2
1335	0
1336	-1
1337	-1
1338	-2
1339	0
1340	-1
1341	0
1342	0
1343	0
1344	-1
1345	0
1346	0
1347	0
1348	-1
1349	0
1350	-1
1351	0
1352	-1
1353	0
1354	-1
1355	0
1356	0
1357	0
1358	-1
1359	-1
1360	0
1361	0
1362	-2
1363	-1
1364	-2
1365	0
1366	-1
1367	0
1368	-1
1369	0
1370	-1
1371	0
1372	0
1373	-1
1374	-1
1375	0
1376	-1
1377	0
1378	-1
1379	-1
1380	0
1381	0
1382	0
1383	0
1384	-1
1385	0
1386	-1
1387	0
1388	-1
1389	0
1390	-1
1391	0
1392	-1
1393	0
1394	-1
1395	0
1396	-2
1397	0
1398	-1
1399	0
1400	-1
1401	0
1402	-1
1403	0
1404	-1
1405	-1
1406	0
1407	-1
1408	-1
1409	0
1410	-1
1411	-1
1412	-2
1413	0
1414	0
1415	0
1416	-1
1417	0
1418	-2
1419	0
1420	0
1421	0
1422	-1
1423	0
1424	0
1425	0
1426	-1
1427	0
1428	0
1429	0
1430	0
1431	0
1432	-1
1433	0
1434	0
1435	0
1436	-1
1437	0
1438	-1
1439	0
1440	0
1441	-1
1442	-1
1443	0
1444	-2
1445	0
1446	-2
1447	-1
1448	-1
1449	0
1450	-1
1451	0
1452	0
1453	0
1454	0
1455	0
1456	0
1457	0
1458	-2
1459	0
1460	0
1461	0
1462	-1
1463	0
1464	-2
1465	0
1466	0
1467	0
1468	0
1469	0
1470	0
1471	0
1472	-1
1473	0
1474	0
1475	0
1476	0
1477	0
1478	0
1479	0
1480	0
1481	1
1482	0
1483	0
1484	0
1485	1
1486	0
1487	0
1488	1
1489	0
1490	0
1491	0
1492	0
1493	1
1494	0
1495	1
1496	0
1497	1
1498	0
1499	1
1500	0
1501	1
1502	0
1503	2
1504	1
1505	2
1506	1
1507	2
1508	3
1509	2
1510	1
1511	2
1512	1
1513	2
1514	2
1515	2
1516	2
1517	2
1518	1
1519	2
1520	1
1521	2
1522	2
1523	1
1524	2
1525	1
1526	2
1527	2
1528	0
1529	2
1530	0
1531	3
1532	0
1533	2
1534	2
1535	2
1536	1
1537	3
1538	1
1539	3
1540	0
1541	2
1542	1
1543	1
1544	0
1545	2
1546	0
1547	2
1548	1
1549	1
1550	0
1551	2
1552	0
1553	1
1554	1
1555	1
1556	1
1557	2
1558	0
1559	2
1560	1
1561	1
1562	1
1563	1
1564	1
1565	1
1566	0
1567	1
1568	0
1569	1
1570	0
1571	0
1572	0
1573	0
1574	0
1575	0
1576	0
1577	1
1578	0
1579	0
1580	0
1581	1
1582	0
1583	0
1584	0
1585	0
1586	0
1587	0
1588	0
1589	0
1590	0
1591	0
1592	0
1593	0
1594	0
1595	0
1596	0
1597	0
1598	-1
1599	0
1600	0
1601	0
1602	0
1603	0
1604	0
1605	0
1606	-1
1607	0
1608	0
1609	0
1610	0
1611	0
1612	0
1613	0
1614	-1
1615	0
1616	-1
1617	0
1618	-1
1619	0
1620	-1
1621	0
1622	-1
1623	0
1624	-2
1625	-1
1626	-1
1627	-2
1628	-1
1629	-1
1630	-1
1631	0
1632	-3
1633	-1
1634	-2
1635	0
1636	-2
1637	0
1638	-1
1639	-1
1640	-1
1641	0
1642	0
1643	0
1644	0
1645	0
1646	0
1647	0
1648	-1
1649	0
1650	0
1651	0
1652	0
1653	0
1654	0
1655	0
1656	-1
1657	0
1658	0
1659	0
1660	-1
1661	0
1662	-1
1663	0
1664	0
1665	0
1666	-2
1667	0
1668	-1
1669	0
1670	-1
1671	0
1672	-1
1673	0
1674	-1
1675	0
1676	-1
1677	0
1678	0
1679	0
1680	-1
1681	0
1682	-1
1683	0
1684	-1
1685	0
1686	-1
1687	0
1688	0
1689	0
1690	0
1691	0
1692	0
1693	0
1694	-1
1695	0
1696	-1
1697	0
1698	-1
1699	0
1700	-2
1701	0
1702	-1
1703	0
1704	-1
1705	0
1706	-1
1707	0
1708	-2
1709	-1
1710	-1
1711	0
1712	-1
1713	0
1714	0
1715	0
1716	0
1717	0
1718	-1
1719	0
1720	-1
1721	0
1722	-1
1723	0
1724	0
1725	-1
1726	0
1727	0
1728	-1
1729	0
1730	-1
1731	0
1732	0
1733	0
1734	-1
1735	0
1736	0
1737	0
1738	0
1739	0
1740	-1
1741	0
1742	0
1743	0
1744	0
1745	0
1746	0
1747	0
1748	0
1749	0
1750	0
1751	0
1752	0
1753	0
1754	0
1755	0
1756	0
1757	0
1758	0
1759	0
1760	0
1761	0
1762	0
1763	0
1764	0
1765	0
1766	0
1767	1
1768	0
1769	0
1770	1
1771	0
1772	0
1773	1
1774	0
1775	1
1776	0
1777	1
1778	0
1779	2
1780	1
1781	1
1782	1
1783	1
1784	1
1785	1
1786	1
1787	1
1788	1
1789	1
1790	1
1791	0
1792	0
1793	0
1794	1
1795	1
1796	0
1797	0
1798	0
1799	0
1800	0
1801	0
1802	0
1803	0
1804	0
1805	0
1806	0
1807	1
1808	0
1809	0
1810	0
1811	0
1812	0
1813	0
1814	0
1815	1
1816	0
1817	0
1818	0
1819	0
1820	0
1821	0
1822	-1
1823	0
1824	-1
1825	0
1826	0
1827	0
1828	-1
1829	0
1830	0
1831	0
1832	0
1833	0
1834	0
1835	0
1836	0
1837	0
1838	0
1839	0
1840	0
1841	0
1842	0
1843	0
1844	0
1845	0
1846	-1
1847	0
1848	-1
1849	0
1850	0
1851	0
1852	0
1853	0
1854	0
1855	0
1856	0
1857	0
1858	0
1859	0
1860	-1
1861	0
1862	0
1863	0
1864	0
1865	0
1866	0
1867	0
1868	0
1869	0
1870	0
1871	0
1872	0
1873	0
1874	-1
1875	0
1876	0
1877	0
1878	0
1879	0
1880	-1
1881	0
1882	0
1883	0
1884	0
1885	0
1886	0
1887	0
1888	0
1889	0
1890	0
1891	0
1892	0
1893	0
1894	0
1895	1
1896	1
1897	1
1898	1
1899	2
1900	2
1901	3
1902	2
1903	2
1904	1
1905	2
1906	1
1907	2
1908	3
1909	2
1910	2
1911	3
1912	3
1913	3
1914	2
1915	3
1916	2
1917	3
1918	2
1919	3
1920	1
1921	2
1922	2
1923	2
1924	0
1925	3
1926	0
1927	2
1928	2
1929	2
1930	0
1931	1
1932	0
1933	1
1934	0
1935	2
1936	0
1937	1
1938	1
1939	0
1940	0
1941	1
1942	0
1943	1
1944	0
1945	1
1946	0
1947	1
1948	0
1949	1
1950	0
1951	1
1952	0
1953	2
1954	1
1955	2
1956	1
1957	1
1958	1
1959	1
1960	0
1961	1
1962	0
1963	2
1964	0
1965	2
1966	0
1967	1
1968	0
1969	2
1970	0
1971	1
1972	0
1973	1
1974	0
1975	1
1976	0
1977	1
1978	0
1979	0
1980	0
1981	0
1982	0
1983	0
1984	0
1985	0
1986	-1
1987	0
1988	-1
1989	0
1990	0
1991	0
1992	-1
1993	0
1994	-1
1995	0
1996	-1
1997	0
1998	0
1999	0
