0	0
1	0
2	0
3	1
4	0
5	1
6	1
7	2
8	0
9	1
10	0
11	2
12	0
13	2
14	1
15	1
16	2
17	3
18	1
19	3
20	1
21	2
22	1
23	3
24	2
25	2
26	1
27	1
28	1
29	1
30	0
31	1
32	0
33	1
34	0
35	0
36	0
37	0
38	0
39	1
40	-1
41	1
42	-1
43	0
44	0
45	0
46	0
47	0
48	0
49	0
50	0
51	0
52	0
53	0
54	0
55	0
56	0
57	0
58	0
59	0
60	-1
61	0
62	0
63	0
64	0
65	0
66	0
67	0
68	0
69	1
70	0
71	1
72	0
73	1
74	0
75	0
76	0
77	2
78	1
79	1
80	0
81	2
82	0
83	0
84	0
85	1
86	0
87	0
88	0
89	0
90	0
91	0
92	0
93	0
94	-1
95	0
96	-1
97	0
98	0
99	0
100	0
101	0
102	0
103	0
104	0
105	0
106	-1
107	0
108	0
109	0
110	0
111	2
112	0
113	1
114	0
115	1
116	0
117	1
118	0
119	1
120	0
121	2
122	0
123	1
124	0
125	1
126	0
127	1
128	0
129	1
130	1
131	2
132	0
133	2
134	0
135	3
136	0
137	2
138	0
139	2
140	0
141	1
142	0
143	2
144	0
145	2
146	0
147	0
148	0
149	0
150	0
151	0
152	0
153	0
154	0
155	0
156	0
157	0
158	0
159	0
160	0
161	0
162	0
163	0
164	0
165	0
166	-1
167	0
168	-1
169	0
170	0
171	0
172	0
173	0
174	0
175	0
176	-1
177	0
178	0
179	1
180	-1
181	0
182	0
183	0
184	0
185	0
186	0
187	1
188	0
189	0
190	0
191	0
192	0
193	1
194	0
195	0
196	1
197	0
198	0
199	0
200	0
201	1
202	0
203	1
204	0
205	2
206	0
207	2
208	1
209	1
210	1
211	1
212	0
213	1
214	0
215	2
216	0
217	2
218	0
219	2
220	0
221	0
222	0
223	2
224	0
225	1
226	0
227	1
228	0
229	1
230	0
231	1
232	0
233	1
234	0
235	1
236	0
237	1
238	0
239	0
240	0
241	0
242	0
243	0
244	0
245	1
246	0
247	1
248	0
249	1
250	0
251	1
252	0
253	1
254	0
255	1
256	0
257	1
258	0
259	1
260	0
261	0
262	0
263	1
264	0
265	1
266	0
267	1
268	0
269	0
270	0
271	0
272	0
273	1
274	0
275	1
276	0
277	1
278	0
279	0
280	0
281	0
282	0
283	0
284	0
285	1
286	0
287	1
288	0
289	0
290	0
291	0
292	0
293	0
294	0
295	0
296	0
297	0
298	0
299	0
300	0
301	1
302	0
303	0
304	0
305	2
306	0
307	1
308	1
309	1
310	0
311	1
312	0
313	1
314	0
315	0
316	0
317	0
318	0
319	0
320	0
321	1
322	0
323	0
324	0
325	0
326	0
327	0
328	0
329	0
330	0
331	0
332	0
333	1
334	0
335	1
336	0
337	0
338	0
339	1
340	0
341	0
342	0
343	1
344	0
345	0
346	0
347	0
348	0
349	0
350	0
351	2
352	0
353	2
354	0
355	2
356	1
357	1
358	0
359	1
360	0
361	1
362	0
363	0
364	0
365	2
366	1
367	1
368	0
369	0
370	0
371	1
372	0
373	1
374	0
375	1
376	0
377	0
378	0
379	0
380	0
381	0
382	0
383	0
384	-1
385	0
386	0
387	0
388	0
389	0
390	0
391	0
392	0
393	0
394	0
395	0
396	0
397	0
398	0
399	0
400	0
401	0
402	0
403	0
404	0
405	0
406	0
407	1
408	0
409	0
410	0
411	0
412	0
413	0
414	0
415	0
416	0
417	1
418	0
419	1
420	0
421	0
422	0
423	0
424	0
425	0
426	0
427	0
428	0
429	2
430	0
431	3
432	2
433	7
434	6
435	11
436	11
437	16
438	15
439	21
440	23
441	27
442	29
443	36
444	37
445	43
446	46
447	52
448	54
449	60
450	63
451	66
452	71
453	76
454	77
455	84
456	85
457	92
458	93
459	98
460	100
461	105
462	105
463	110
464	108
465	112
466	113
467	117
468	116
469	119
470	118
471	121
472	119
473	120
474	119
475	120
476	118
477	118
478	117
479	116
480	113
481	113
482	109
483	110
484	106
485	105
486	100
487	102
488	97
489	96
490	91
491	92
492	88
493	88
494	84
495	81
496	78
497	77
498	77
499	78
500	62
501	66
502	63
503	64
504	58
505	58
506	53
507	55
508	49
509	50
510	45
511	44
512	39
513	40
514	37
515	37
516	34
517	34
518	30
519	31
520	26
521	28
522	22
523	24
524	19
525	20
526	17
527	16
528	13
529	14
530	11
531	11
532	8
533	9
534	6
535	6
536	5
537	5
538	4
539	4
540	0
541	1
542	-3
543	-2
544	-4
545	-4
546	-6
547	-6
548	-7
549	-8
550	-9
551	-9
552	-10
553	-8
554	-10
555	-10
556	-10
557	-10
558	-12
559	-11
560	-12
561	-12
562	-12
563	-12
564	-13
565	-11
566	-13
567	-12
568	-13
569	-12
570	-14
571	-12
572	-12
573	-13
574	-13
575	-12
576	-13
577	-12
578	-14
579	-12
580	-13
581	-12
582	-14
583	-12
584	-14
585	-13
586	-14
587	-12
588	-14
589	-13
590	-14
591	-13
592	-15
593	-14
594	-15
595	-13
596	-14
597	-14
598	-15
599	-14
600	-16
601	-13
602	-15
603	-13
604	-15
605	-14
606	-14
607	-11
608	-13
609	-12
610	-14
611	-11
612	-12
613	-11
614	-13
615	-11
616	-14
617	-10
618	-11
619	-10
620	-10
621	-9
622	-11
623	-8
624	-8
625	-8
626	-8
627	-7
628	-9
629	-7
630	-8
631	-6
632	-8
633	-7
634	-9
635	-6
636	-7
637	-5
638	-7
639	-4
640	-8
641	-4
642	-7
643	-4
644	-6
645	-4
646	-7
647	-4
648	-4
649	-3
650	-4
651	-3
652	-4
653	-3
654	-5
655	-4
656	-2
657	-4
658	-3
659	-2
660	-4
661	-2
662	-3
663	-1
664	-4
665	-2
666	-3
667	-2
668	-4
669	-2
670	-4
671	-2
672	-4
673	-2
674	-4
675	-2
676	-4
677	-2
678	-3
679	-1
680	-4
681	-2
682	-4
683	-2
684	-3
685	-2
686	-3
687	-1
688	-4
689	-1
690	-4
691	-2
692	-4
693	0
694	-4
695	-2
696	-3
697	-1
698	-2
699	-1
700	-2
701	-1
702	-3
703	-1
704	-3
705	-1
706	-3
707	0
708	-3
709	-1
710	-2
711	-1
712	-2
713	-1
714	-1
715	-1
716	-1
717	-1
718	-2
719	-2
720	-3
721	-1
722	-2
723	-1
724	-1
725	-1
726	-1
727	-1
728	-2
729	-1
730	-2
731	-1
732	-2
733	-1
734	-2
735	-1
736	-1
737	0
738	-2
739	-1
740	-2
741	-2
742	-4
743	-2
744	-4
745	-1
746	-3
747	-1
748	-2
749	-1
750	-3
751	-2
752	-4
753	0
754	-4
755	-1
756	-3
757	-1
758	-4
759	0
760	-2
761	-2
762	-3
763	-1
764	-2
765	-1
766	-2
767	-2
768	-3
769	-1
770	-4
771	-2
772	-3
773	-2
774	-4
775	-2
776	-4
777	-2
778	-4
779	-2
780	-4
781	0
782	-3
783	-1
784	-2
785	-1
786	-2
787	-1
788	-1
789	-1
790	-1
791	-1
792	-2
793	-1
794	-1
795	0
796	-1
797	0
798	-2
799	0
800	-1
801	-1
802	-1
803	0
804	-1
805	-1
806	-2
807	-1
808	-2
809	-1
810	-2
811	-2
812	-2
813	-1
814	-3
815	-1
816	-3
817	-2
818	-3
819	-1
820	-4
821	-2
822	-3
823	-2
824	-3
825	-1
826	-3
827	-2
828	-3
829	0
830	-3
831	-1
832	-2
833	-1
834	-2
835	-1
836	-1
837	-1
838	-2
839	-1
840	-1
841	-1
842	-4
843	-1
844	-2
845	0
846	-2
847	0
848	-3
849	-1
850	-3
851	0
852	-2
853	-1
854	-2
855	-1
856	-3
857	-1
858	-1
859	-1
860	-2
861	-1
862	-2
863	-1
864	-3
865	-1
866	-3
867	0
868	-2
869	-1
870	-2
871	-1
872	-3
873	-1
874	-2
875	-1
876	-3
877	-1
878	-4
879	-2
880	-2
881	-1
882	-2
883	0
884	-1
885	-1
886	-1
887	-1
888	-1
889	-1
890	-3
891	-1
892	-2
893	-1
894	-3
895	0
896	-1
897	-1
898	-1
899	0
900	-2
901	0
902	-2
903	0
904	-1
905	0
906	-1
907	0
908	-1
909	0
910	0
911	-1
912	-2
913	0
914	0
915	0
916	-2
917	-1
918	-3
919	-1
920	-2
921	-1
922	-2
923	-2
924	-2
925	-2
926	-3
927	-2
928	-3
929	-2
930	-4
931	-2
932	-4
933	-1
934	-3
935	-2
936	-2
937	-2
938	-3
939	-2
940	-2
941	0
942	-2
943	0
944	-2
945	-1
946	-3
947	-1
948	-1
949	-1
950	0
951	0
952	-1
953	-1
954	-1
955	0
956	-1
957	0
958	-3
959	0
960	-2
961	0
962	-1
963	-1
964	-3
965	-1
966	-1
967	-1
968	-3
969	0
970	-2
971	-1
972	-2
973	-1
974	-3
975	-2
976	-3
977	-2
978	-1
979	-1
980	-2
981	-1
982	-2
983	-2
984	-3
985	-1
986	-2
987	0
988	-3
989	0
990	-1
991	0
992	-1
993	0
994	-1
995	0
996	0
997	0
998	-1
999	0
1000	0
1001	1
1002	0
1003	1
1004	0
1005	1
1006	0
1007	2
1008	0
1009	2
1010	1
1011	1
1012	0
1013	1
1014	1
1015	2
1016	1
1017	2
1018	1
1019	1
1020	1
1021	1
1022	0
1023	2
1024	0
1025	1
1026	0
1027	1
1028	0
1029	2
1030	0
1031	1
1032	-1
1033	1
1034	-1
1035	1
1036	0
1037	0
1038	0
1039	0
1040	0
1041	0
1042	-1
1043	1
1044	0
1045	0
1046	0
1047	0
1048	0
1049	0
1050	0
1051	0
1052	-1
1053	0
1054	-2
1055	0
1056	-2
1057	0
1058	-1
1059	-2
1060	-1
1061	-1
1062	-1
1063	0
1064	-1
1065	-1
1066	-2
1067	0
1068	-1
1069	-1
1070	-2
1071	-1
1072	-2
1073	-1
1074	-2
1075	-2
1076	-3
1077	-1
1078	-3
1079	0
1080	-2
1081	-2
1082	-2
1083	-2
1084	-3
1085	-1
1086	-2
1087	-2
1088	-4
1089	0
1090	-3
1091	0
1092	-4
1093	-1
1094	-3
1095	-1
1096	-2
1097	-1
1098	-2
1099	-1
1100	-1
1101	-1
1102	-3
1103	0
1104	0
1105	0
1106	-1
1107	-1
1108	-2
1109	0
1110	-1
1111	-2
1112	-1
1113	0
1114	-1
1115	0
1116	-1
1117	0
1118	-2
1119	0
1120	-1
1121	0
1122	-2
1123	0
1124	-3
1125	-1
1126	-3
1127	-1
1128	-2
1129	0
1130	-3
1131	-1
1132	-3
1133	-1
1134	-2
1135	-2
1136	-3
1137	-2
1138	-3
1139	-2
1140	-3
1141	-1
1142	-3
1143	-2
1144	-2
1145	-2
1146	-3
1147	-1
1148	-3
1149	-1
1150	-3
1151	-1
1152	-1
1153	-1
1154	-3
1155	-1
1156	-4
1157	-1
1158	-2
1159	-1
1160	-3
1161	-1
1162	-3
1163	-1
1164	-2
1165	-2
1166	-4
1167	-1
1168	-3
1169	-2
1170	-2
1171	-1
1172	-4
1173	0
1174	-2
1175	-2
1176	-2
1177	-2
1178	-2
1179	-2
1180	-4
1181	-2
1182	-3
1183	-2
1184	-3
1185	-1
1186	-3
1187	-1
1188	-3
1189	-1
1190	-3
1191	0
1192	-2
1193	-2
1194	-2
1195	0
1196	-1
1197	0
1198	-1
1199	0
1200	-1
1201	0
1202	-2
1203	0
1204	-2
1205	0
1206	-1
1207	0
1208	-1
1209	0
1210	0
1211	0
1212	-1
1213	0
1214	0
1215	0
1216	-1
1217	0
1218	-1
1219	0
1220	-2
1221	0
1222	-2
1223	0
1224	-1
1225	0
1226	-1
1227	0
1228	-1
1229	-1
1230	-1
1231	-1
1232	-2
1233	-1
1234	-2
1235	0
1236	-1
1237	0
1238	-1
1239	0
1240	-1
1241	0
1242	-2
1243	0
1244	-1
1245	0
1246	-1
1247	0
1248	-1
1249	0
1250	-2
1251	0
1252	-2
1253	-1
1254	-2
1255	-1
1256	-2
1257	-1
1258	-2
1259	0
1260	-2
1261	-1
1262	-3
1263	-2
1264	-3
1265	-2
1266	-4
1267	-1
1268	-4
1269	-2
1270	-4
1271	-1
1272	-4
1273	-1
1274	-3
1275	-1
1276	-2
1277	-2
1278	-2
1279	-1
1280	-2
1281	-1
1282	-2
1283	-1
1284	-1
1285	-1
1286	-1
1287	0
1288	-2
1289	0
1290	-1
1291	0
1292	-1
1293	0
1294	-1
1295	0
1296	-2
1297	0
1298	-1
1299	0
1300	0
1301	0
1302	0
1303	0
1304	-1
1305	0
1306	0
1307	0
1308	-2
1309	0
1310	-2
1311	0
1312	-2
1313	0
1314	-1
1315	0
1316	-1
1317	-1
1318	-2
1319	0
1320	-1
1321	0
1322	-1
1323	-1
1324	-2
1325	-1
1326	0
1327	0
1328	-1
1329	0
1330	-1
1331	0
1332	0
1333	0
1334	-2
1335	-1
1336	-3
1337	0
1338	-2
1339	0
1340	-2
1341	0
1342	-1
1343	-1
1344	-2
1345	0
1346	-1
1347	-1
1348	-2
1349	-1
1350	-2
1351	-1
1352	-1
1353	-1
1354	-2
1355	-1
1356	-1
1357	0
1358	-2
1359	-1
1360	-2
1361	-1
1362	-2
1363	0
1364	-2
1365	0
1366	0
1367	0
1368	-2
1369	0
1370	-2
1371	0
1372	-1
1373	0
1374	0
1375	0
1376	0
1377	0
1378	-1
1379	0
1380	0
1381	0
1382	0
1383	0
1384	0
1385	0
1386	0
1387	0
1388	0
1389	0
1390	0
1391	1
1392	1
1393	0
1394	1
1395	1
1396	0
1397	1
1398	0
1399	0
1400	0
1401	1
1402	0
1403	2
1404	0
1405	1
1406	0
1407	0
1408	0
1409	0
1410	0
1411	1
1412	0
1413	2
1414	0
1415	2
1416	0
1417	1
1418	0
1419	1
1420	1
1421	2
1422	0
1423	1
1424	0
1425	2
1426	0
1427	2
1428	1
1429	2
1430	0
1431	2
1432	0
1433	1
1434	0
1435	1
1436	0
1437	0
1438	0
1439	0
1440	0
1441	0
1442	0
1443	0
1444	0
1445	0
1446	0
1447	0
1448	0
1449	0
1450	-1
1451	0
1452	-1
1453	0
1454	0
1455	0
1456	-1
1457	0
1458	0
1459	0
1460	0
1461	0
1462	-1
1463	0
1464	0
1465	0
1466	-1
1467	0
1468	-1
1469	0
1470	0
1471	0
1472	0
1473	0
1474	0
1475	0
1476	0
1477	0
1478	0
1479	0
1480	0
1481	0
1482	0
1483	0
1484	-1
1485	1
1486	0
1487	0
1488	0
1489	0
1490	0
1491	0
1492	0
1493	1
1494	0
1495	0
1496	0
1497	1
1498	0
1499	1
1500	-1
1501	1
1502	0
1503	2
1504	0
1505	2
1506	0
1507	2
1508	0
1509	2
1510	0
1511	1
1512	0
1513	2
1514	0
1515	2
1516	1
1517	0
1518	0
1519	1
1520	0
1521	0
1522	0
1523	0
1524	0
1525	0
1526	0
1527	0
1528	0
1529	0
1530	0
1531	0
1532	-1
1533	0
1534	0
1535	0
1536	0
1537	0
1538	0
1539	0
1540	0
1541	0
1542	0
1543	0
1544	0
1545	0
1546	0
1547	0
1548	0
1549	0
1550	0
1551	0
1552	0
1553	0
1554	0
1555	0
1556	-1
1557	0
1558	-1
1559	0
1560	-2
1561	0
1562	-2
1563	0
1564	-1
1565	0
1566	0
1567	0
1568	0
1569	0
1570	-2
1571	-1
1572	-1
1573	0
1574	-1
1575	0
1576	-1
1577	0
1578	-1
1579	0
1580	-2
1581	0
1582	-2
1583	0
1584	-1
1585	0
1586	-2
1587	0
1588	0
1589	0
1590	-1
1591	0
1592	-1
1593	0
1594	0
1595	0
1596	0
1597	0
1598	0
1599	1
1600	0
1601	1
1602	0
1603	2
1604	0
1605	2
1606	0
1607	3
1608	2
1609	2
1610	2
1611	2
1612	1
1613	2
1614	1
1615	2
1616	0
1617	0
1618	0
1619	1
1620	2
1621	2
1622	0
1623	2
1624	0
1625	1
1626	0
1627	0
1628	1
1629	0
1630	0
1631	0
1632	0
1633	0
1634	0
1635	1
1636	0
1637	0
1638	0
1639	0
1640	0
1641	0
1642	0
1643	0
1644	0
1645	0
1646	0
1647	0
1648	0
1649	0
1650	0
1651	0
1652	-1
1653	0
1654	0
1655	0
1656	-2
1657	0
1658	-1
1659	0
1660	-2
1661	0
1662	-2
1663	0
1664	-2
1665	0
1666	-1
1667	0
1668	-2
1669	-1
1670	-1
1671	-1
1672	-2
1673	0
1674	-1
1675	0
1676	-1
1677	0
1678	-2
1679	0
1680	-1
1681	-1
1682	-1
1683	0
1684	-1
1685	0
1686	-1
1687	-1
1688	-1
1689	-1
1690	-2
1691	-1
1692	-1
1693	0
1694	-1
1695	-1
1696	-1
1697	0
1698	-1
1699	0
1700	-1
1701	0
1702	-2
1703	0
1704	-1
1705	0
1706	-2
1707	0
1708	-1
1709	0
1710	-1
1711	0
1712	-1
1713	0
1714	-2
1715	0
1716	-1
1717	0
1718	-1
1719	-1
1720	-1
1721	0
1722	-1
1723	0
1724	-1
1725	0
1726	-1
1727	0
1728	-1
1729	0
1730	-1
1731	0
1732	-1
1733	-1
1734	-1
1735	0
1736	-1
1737	-1
1738	-2
1739	-1
1740	0
1741	0
1742	0
1743	0
1744	-1
1745	0
1746	-1
1747	0
1748	-1
1749	0
1750	0
1751	0
1752	0
1753	0
1754	0
1755	0
1756	0
1757	0
1758	-1
1759	0
1760	0
1761	0
1762	-1
1763	0
1764	-1
1765	0
1766	0
1767	0
1768	0
1769	1
1770	0
1771	1
1772	0
1773	1
1774	0
1775	1
1776	0
1777	1
1778	1
1779	2
1780	0
1781	2
1782	0
1783	2
1784	1
1785	1
1786	1
1787	1
1788	0
1789	1
1790	0
1791	1
1792	0
1793	2
1794	1
1795	2
1796	0
1797	1
1798	0
1799	3
1800	0
1801	0
1802	0
1803	1
1804	0
1805	1
1806	0
1807	0
1808	0
1809	0
1810	0
1811	0
1812	0
1813	1
1814	1
1815	2
1816	1
1817	2
1818	0
1819	2
1820	0
1821	1
1822	0
1823	1
1824	0
1825	2
1826	1
1827	2
1828	0
1829	1
1830	0
1831	1
1832	0
1833	0
1834	0
1835	0
1836	0
1837	1
1838	0
1839	1
1840	0
1841	0
1842	-1
1843	0
1844	-1
1845	0
1846	0
1847	0
1848	0
1849	0
1850	-1
1851	0
1852	-1
1853	0
1854	-1
1855	0
1856	0
1857	0
1858	0
1859	0
1860	0
1861	0
1862	0
1863	1
1864	0
1865	1
1866	1
1867	2
1868	0
1869	2
1870	1
1871	2
1872	1
1873	2
1874	2
1875	3
1876	2
1877	3
1878	2
1879	3
1880	3
1881	2
1882	3
1883	3
1884	3
1885	3
1886	3
1887	3
1888	3
1889	3
1890	3
1891	3
1892	2
1893	3
1894	2
1895	2
1896	2
1897	2
1898	2
1899	3
1900	2
1901	3
1902	2
1903	2
1904	1
1905	2
1906	1
1907	2
1908	1
1909	1
1910	1
1911	1
1912	2
1913	3
1914	2
1915	4
1916	3
1917	3
1918	2
1919	3
1920	2
1921	3
1922	2
1923	2
1924	1
1925	2
1926	0
1927	2
1928	0
1929	2
1930	1
1931	1
1932	0
1933	2
1934	0
1935	1
1936	0
1937	3
1938	0
1939	2
1940	0
1941	0
1942	0
1943	0
1944	-1
1945	1
1946	0
1947	0
1948	0
1949	2
1950	0
1951	1
1952	-1
1953	0
1954	-1
1955	0
1956	-1
1957	0
1958	-1
1959	0
1960	0
1961	0
1962	-2
1963	0
1964	-1
1965	0
1966	-2
1967	0
1968	-2
1969	0
1970	0
1971	0
1972	-2
1973	0
1974	-2
1975	0
1976	-1
1977	0
1978	0
1979	-1
1980	-1
1981	0
1982	-1
1983	0
1984	-2
1985	-1
1986	-1
1987	0
1988	-3
1989	0
1990	-3
1991	0
1992	-2
1993	0
1994	-2
1995	0
1996	-2
1997	-1
1998	-2
1999	-1
