0	0
1	1
2	0
3	0
4	0
5	1
6	0
7	1
8	0
9	1
10	0
11	1
12	0
13	1
14	0
15	2
16	0
17	0
18	0
19	0
20	0
21	0
22	0
23	1
24	0
25	0
26	0
27	1
28	0
29	0
30	0
31	1
32	0
33	0
34	0
35	1
36	0
37	2
38	0
39	1
40	0
41	0
42	0
43	1
44	0
45	1
46	0
47	1
48	0
49	0
50	0
51	2
52	0
53	1
54	0
55	0
56	0
57	0
58	0
59	1
60	0
61	1
62	0
63	1
64	0
65	0
66	0
67	0
68	0
69	0
70	0
71	0
72	0
73	0
74	0
75	0
76	0
77	0
78	0
79	1
80	0
81	0
82	0
83	1
84	0
85	0
86	0
87	1
88	0
89	0
90	0
91	1
92	0
93	1
94	0
95	2
96	0
97	1
98	0
99	1
100	0
101	0
102	0
103	1
104	0
105	1
106	0
107	1
108	0
109	1
110	0
111	1
112	1
113	1
114	0
115	0
116	0
117	1
118	0
119	1
120	0
121	1
122	0
123	0
124	0
125	1
126	0
127	0
128	0
129	0
130	0
131	0
132	0
133	0
134	0
135	1
136	0
137	1
138	-1
139	0
140	0
141	0
142	0
143	1
144	0
145	1
146	0
147	0
148	0
149	0
150	0
151	0
152	0
153	0
154	0
155	0
156	0
157	0
158	0
159	0
160	0
161	1
162	0
163	0
164	0
165	1
166	0
167	1
168	0
169	0
170	0
171	0
172	0
173	0
174	-1
175	0
176	-1
177	0
178	0
179	0
180	0
181	0
182	0
183	0
184	0
185	1
186	0
187	0
188	0
189	1
190	0
191	2
192	0
193	2
194	0
195	1
196	0
197	1
198	0
199	1
200	0
201	1
202	0
203	2
204	0
205	1
206	0
207	1
208	0
209	1
210	0
211	1
212	0
213	1
214	0
215	0
216	0
217	1
218	0
219	0
220	0
221	1
222	0
223	0
224	0
225	0
226	0
227	1
228	0
229	0
230	0
231	2
232	0
233	0
234	0
235	1
236	0
237	0
238	0
239	0
240	0
241	2
242	0
243	1
244	0
245	1
246	0
247	1
248	0
249	1
250	0
251	1
252	0
253	3
254	0
255	1
256	0
257	1
258	0
259	0
260	0
261	0
262	0
263	0
264	0
265	0
266	0
267	0
268	0
269	0
270	0
271	0
272	0
273	0
274	-1
275	0
276	-1
277	0
278	0
279	0
280	-1
281	0
282	0
283	0
284	0
285	0
286	0
287	0
288	0
289	2
290	0
291	1
292	0
293	2
294	0
295	1
296	0
297	1
298	0
299	1
300	0
301	2
302	0
303	1
304	0
305	2
306	0
307	0
308	0
309	1
310	0
311	1
312	0
313	0
314	0
315	0
316	0
317	0
318	0
319	0
320	0
321	0
322	0
323	1
324	0
325	1
326	0
327	1
328	0
329	0
330	0
331	0
332	0
333	0
334	0
335	0
336	0
337	0
338	0
339	0
340	0
341	0
342	0
343	0
344	0
345	0
346	0
347	2
348	0
349	0
350	0
351	2
352	0
353	2
354	1
355	1
356	0
357	3
358	0
359	0
360	0
361	1
362	1
363	2
364	0
365	1
366	0
367	2
368	0
369	1
370	0
371	1
372	0
373	0
374	0
375	0
376	0
377	1
378	0
379	1
380	0
381	1
382	0
383	1
384	0
385	1
386	0
387	0
388	0
389	1
390	0
391	1
392	0
393	1
394	0
395	1
396	0
397	0
398	0
399	1
400	0
401	1
402	0
403	1
404	0
405	0
406	0
407	0
408	0
409	0
410	-1
411	1
412	-1
413	0
414	-1
415	0
416	-1
417	0
418	0
419	0
420	0
421	1
422	0
423	1
424	0
425	0
426	0
427	2
428	0
429	2
430	0
431	4
432	1
433	5
434	4
435	8
436	7
437	11
438	11
439	14
440	16
441	20
442	21
443	24
444	25
445	32
446	31
447	39
448	39
449	44
450	45
451	51
452	50
453	56
454	57
455	62
456	63
457	68
458	68
459	74
460	74
461	76
462	78
463	84
464	82
465	86
466	85
467	89
468	89
469	90
470	91
471	94
472	91
473	95
474	92
475	96
476	91
477	95
478	90
479	93
480	89
481	93
482	89
483	91
484	86
485	89
486	85
487	86
488	83
489	83
490	82
491	81
492	79
493	81
494	75
495	76
496	74
497	75
498	75
499	78
500	62
501	70
502	66
503	67
504	64
505	66
506	60
507	64
508	56
509	60
510	55
511	57
512	52
513	55
514	49
515	52
516	46
517	48
518	43
519	46
520	41
521	42
522	38
523	41
524	34
525	36
526	33
527	34
528	30
529	33
530	29
531	30
532	26
533	27
534	23
535	25
536	19
537	23
538	18
539	19
540	15
541	17
542	13
543	15
544	12
545	13
546	11
547	13
548	9
549	10
550	9
551	9
552	7
553	8
554	5
555	7
556	5
557	7
558	4
559	6
560	2
561	5
562	1
563	3
564	0
565	3
566	-2
567	1
568	-2
569	0
570	-1
571	0
572	-2
573	0
574	-2
575	0
576	-4
577	-1
578	-5
579	-1
580	-6
581	-1
582	-7
583	-3
584	-7
585	-3
586	-6
587	-2
588	-9
589	-3
590	-7
591	-4
592	-7
593	-4
594	-7
595	-3
596	-7
597	-2
598	-7
599	-2
600	-7
601	-1
602	-6
603	-2
604	-6
605	-2
606	-6
607	-2
608	-4
609	-1
610	-7
611	-2
612	-6
613	-2
614	-6
615	-3
616	-6
617	-2
618	-6
619	-2
620	-4
621	-2
622	-4
623	-2
624	-4
625	-2
626	-4
627	-2
628	-5
629	-2
630	-5
631	-1
632	-6
633	-1
634	-7
635	-2
636	-5
637	-2
638	-4
639	-2
640	-4
641	-2
642	-4
643	-1
644	-2
645	-1
646	-3
647	-1
648	-4
649	0
650	-3
651	0
652	-2
653	0
654	-3
655	-1
656	-3
657	0
658	-2
659	-1
660	-2
661	0
662	-2
663	0
664	-2
665	0
666	-2
667	0
668	-2
669	-1
670	-2
671	-1
672	-2
673	-1
674	-3
675	0
676	-1
677	0
678	-1
679	0
680	-1
681	0
682	-2
683	0
684	-3
685	-1
686	-3
687	-1
688	-4
689	0
690	-3
691	0
692	-1
693	0
694	-3
695	0
696	-3
697	0
698	-3
699	0
700	-3
701	0
702	-2
703	0
704	-3
705	0
706	-2
707	0
708	-3
709	-1
710	-2
711	-1
712	-2
713	-1
714	-4
715	0
716	-3
717	-1
718	-2
719	-1
720	-3
721	-2
722	-4
723	-1
724	-2
725	0
726	-2
727	-1
728	-1
729	0
730	-2
731	0
732	-2
733	0
734	-2
735	0
736	-2
737	-1
738	-2
739	0
740	-3
741	0
742	-2
743	0
744	-2
745	-1
746	-2
747	0
748	-3
749	-1
750	-2
751	-2
752	-2
753	-1
754	-3
755	-1
756	-2
757	-1
758	-2
759	-2
760	-3
761	0
762	-3
763	0
764	-4
765	0
766	-4
767	0
768	-4
769	-1
770	-3
771	0
772	-3
773	0
774	-4
775	-1
776	-4
777	0
778	-4
779	0
780	-2
781	0
782	-2
783	0
784	-2
785	0
786	-2
787	0
788	-2
789	0
790	-2
791	0
792	-4
793	0
794	-2
795	0
796	-4
797	-1
798	-3
799	-1
800	-4
801	-1
802	-4
803	-1
804	-3
805	-1
806	-2
807	-1
808	-3
809	-1
810	-2
811	-1
812	-2
813	-1
814	-4
815	-1
816	-3
817	-1
818	-4
819	-1
820	-2
821	0
822	-2
823	0
824	-3
825	-1
826	-3
827	-1
828	-3
829	-1
830	-3
831	0
832	-2
833	-1
834	-3
835	-1
836	-4
837	0
838	-2
839	0
840	-3
841	-1
842	-3
843	-1
844	-3
845	0
846	-3
847	-2
848	-3
849	-1
850	-5
851	-1
852	-3
853	-1
854	-4
855	-1
856	-5
857	-1
858	-4
859	-2
860	-4
861	-1
862	-4
863	-2
864	-4
865	0
866	-4
867	-1
868	-4
869	-1
870	-4
871	-1
872	-4
873	-1
874	-3
875	-1
876	-4
877	0
878	-4
879	-1
880	-3
881	-2
882	-3
883	0
884	-3
885	0
886	-3
887	0
888	-3
889	0
890	-2
891	0
892	-2
893	0
894	-3
895	0
896	-2
897	0
898	-2
899	0
900	-3
901	-1
902	-4
903	-1
904	-3
905	0
906	-3
907	-1
908	-2
909	-1
910	-2
911	-1
912	-3
913	0
914	-4
915	0
916	-4
917	0
918	-2
919	0
920	-3
921	0
922	-3
923	0
924	-3
925	-1
926	-4
927	0
928	-4
929	0
930	-4
931	-1
932	-5
933	-2
934	-4
935	-1
936	-4
937	-2
938	-4
939	0
940	-4
941	-1
942	-3
943	0
944	-3
945	-1
946	-3
947	-1
948	-4
949	0
950	-2
951	0
952	-3
953	0
954	-3
955	0
956	-2
957	-1
958	-2
959	-2
960	-3
961	-1
962	-3
963	0
964	-5
965	0
966	-3
967	0
968	-3
969	0
970	-3
971	-1
972	-3
973	0
974	-3
975	0
976	-4
977	-1
978	-3
979	-1
980	-3
981	-1
982	-4
983	0
984	-4
985	-1
986	-3
987	-2
988	-3
989	0
990	-4
991	0
992	-4
993	0
994	-4
995	0
996	-4
997	0
998	-3
999	-1
1000	-2
1001	0
1002	-2
1003	0
1004	-2
1005	0
1006	-2
1007	0
1008	-2
1009	0
1010	-1
1011	0
1012	-1
1013	0
1014	-1
1015	0
1016	-2
1017	0
1018	-1
1019	0
1020	-2
1021	0
1022	-2
1023	0
1024	-2
1025	0
1026	-1
1027	1
1028	-2
1029	1
1030	-2
1031	0
1032	-1
1033	0
1034	-2
1035	0
1036	-1
1037	1
1038	0
1039	1
1040	0
1041	0
1042	0
1043	1
1044	-1
1045	1
1046	-2
1047	1
1048	0
1049	0
1050	-1
1051	0
1052	0
1053	0
1054	-1
1055	0
1056	0
1057	1
1058	0
1059	1
1060	0
1061	0
1062	0
1063	0
1064	0
1065	0
1066	0
1067	0
1068	-1
1069	0
1070	-2
1071	0
1072	-1
1073	0
1074	-2
1075	0
1076	0
1077	0
1078	-1
1079	0
1080	-1
1081	0
1082	0
1083	0
1084	-1
1085	1
1086	-1
1087	1
1088	0
1089	1
1090	0
1091	1
1092	0
1093	2
1094	0
1095	2
1096	0
1097	2
1098	0
1099	3
1100	0
1101	3
1102	1
1103	4
1104	1
1105	3
1106	1
1107	4
1108	1
1109	3
1110	1
1111	4
1112	1
1113	3
1114	1
1115	2
1116	1
1117	2
1118	0
1119	2
1120	0
1121	3
1122	0
1123	1
1124	0
1125	1
1126	0
1127	1
1128	-1
1129	1
1130	-1
1131	1
1132	-2
1133	1
1134	-1
1135	0
1136	-1
1137	1
1138	-2
1139	1
1140	-1
1141	1
1142	0
1143	0
1144	-1
1145	1
1146	-1
1147	0
1148	-1
1149	1
1150	-1
1151	0
1152	0
1153	0
1154	-1
1155	0
1156	-1
1157	0
1158	-2
1159	-1
1160	-2
1161	-1
1162	0
1163	0
1164	-1
1165	0
1166	-1
1167	-1
1168	-1
1169	0
1170	-3
1171	-1
1172	-3
1173	-1
1174	-2
1175	0
1176	-3
1177	-1
1178	-4
1179	-1
1180	-3
1181	-1
1182	-3
1183	-1
1184	-3
1185	-2
1186	-3
1187	0
1188	-2
1189	0
1190	0
1191	0
1192	0
1193	0
1194	-2
1195	0
1196	-1
1197	0
1198	-1
1199	1
1200	-1
1201	2
1202	0
1203	1
1204	0
1205	1
1206	0
1207	1
1208	0
1209	1
1210	0
1211	1
1212	0
1213	1
1214	0
1215	0
1216	0
1217	1
1218	0
1219	0
1220	-1
1221	0
1222	-1
1223	0
1224	-1
1225	1
1226	-1
1227	1
1228	0
1229	1
1230	-2
1231	1
1232	-1
1233	1
1234	-1
1235	1
1236	0
1237	1
1238	-3
1239	0
1240	-1
1241	0
1242	-1
1243	0
1244	-1
1245	0
1246	-3
1247	0
1248	-2
1249	0
1250	-1
1251	-1
1252	-2
1253	0
1254	-3
1255	0
1256	-3
1257	-1
1258	-4
1259	0
1260	-2
1261	-1
1262	-3
1263	-1
1264	-2
1265	-1
1266	-2
1267	-2
1268	-3
1269	-1
1270	-3
1271	-1
1272	-3
1273	-1
1274	-3
1275	-1
1276	-4
1277	-1
1278	-2
1279	0
1280	-2
1281	0
1282	-1
1283	0
1284	-2
1285	0
1286	-2
1287	0
1288	-3
1289	0
1290	-3
1291	0
1292	-1
1293	0
1294	-2
1295	-1
1296	-4
1297	-2
1298	-4
1299	-1
1300	-3
1301	0
1302	-2
1303	0
1304	-2
1305	-1
1306	-4
1307	-1
1308	-2
1309	-2
1310	-2
1311	-1
1312	-3
1313	0
1314	-2
1315	0
1316	-3
1317	-1
1318	-1
1319	0
1320	-1
1321	0
1322	0
1323	0
1324	0
1325	1
1326	-1
1327	0
1328	-2
1329	0
1330	-1
1331	0
1332	-1
1333	1
1334	0
1335	0
1336	-1
1337	0
1338	0
1339	0
1340	0
1341	1
1342	0
1343	0
1344	-1
1345	1
1346	0
1347	0
1348	0
1349	1
1350	0
1351	1
1352	0
1353	0
1354	0
1355	0
1356	0
1357	1
1358	0
1359	0
1360	-1
1361	0
1362	0
1363	0
1364	-1
1365	0
1366	-2
1367	0
1368	-1
1369	0
1370	-2
1371	0
1372	0
1373	0
1374	-2
1375	0
1376	-2
1377	0
1378	-1
1379	0
1380	-1
1381	0
1382	-1
1383	0
1384	-1
1385	0
1386	-1
1387	1
1388	-2
1389	0
1390	-2
1391	0
1392	-1
1393	0
1394	-2
1395	0
1396	-1
1397	0
1398	0
1399	1
1400	0
1401	0
1402	0
1403	0
1404	0
1405	0
1406	0
1407	1
1408	0
1409	1
1410	0
1411	1
1412	0
1413	1
1414	0
1415	0
1416	0
1417	1
1418	0
1419	1
1420	0
1421	0
1422	0
1423	1
1424	0
1425	0
1426	-1
1427	0
1428	-2
1429	0
1430	-2
1431	0
1432	-2
1433	0
1434	-2
1435	0
1436	-2
1437	-1
1438	-1
1439	0
1440	0
1441	0
1442	-1
1443	0
1444	0
1445	0
1446	0
1447	0
1448	-1
1449	0
1450	-1
1451	0
1452	-1
1453	0
1454	-1
1455	0
1456	-1
1457	0
1458	-1
1459	0
1460	-1
1461	0
1462	-2
1463	0
1464	-3
1465	0
1466	-4
1467	-1
1468	-3
1469	-1
1470	-2
1471	0
1472	-1
1473	0
1474	-2
1475	0
1476	-2
1477	0
1478	-3
1479	0
1480	-2
1481	-1
1482	-3
1483	0
1484	-2
1485	0
1486	-2
1487	0
1488	-1
1489	0
1490	-2
1491	0
1492	-2
1493	0
1494	-2
1495	0
1496	0
1497	0
1498	-1
1499	0
1500	-1
1501	0
1502	0
1503	0
1504	-1
1505	0
1506	-1
1507	0
1508	-1
1509	0
1510	-2
1511	0
1512	-4
1513	0
1514	-3
1515	0
1516	-3
1517	0
1518	-3
1519	0
1520	-2
1521	0
1522	-2
1523	0
1524	-2
1525	0
1526	-2
1527	0
1528	-2
1529	0
1530	-1
1531	0
1532	-2
1533	0
1534	-1
1535	0
1536	-2
1537	0
1538	-1
1539	0
1540	-2
1541	0
1542	-3
1543	0
1544	-2
1545	0
1546	-1
1547	0
1548	-1
1549	0
1550	-1
1551	0
1552	-1
1553	0
1554	-3
1555	0
1556	-2
1557	0
1558	-2
1559	0
1560	-2
1561	0
1562	-2
1563	0
1564	-2
1565	0
1566	-3
1567	-1
1568	-3
1569	0
1570	-2
1571	0
1572	-1
1573	-1
1574	-2
1575	-1
1576	-3
1577	-1
1578	-2
1579	0
1580	-2
1581	-1
1582	-2
1583	-1
1584	-1
1585	0
1586	-2
1587	0
1588	-1
1589	-1
1590	-1
1591	0
1592	-1
1593	0
1594	-2
1595	0
1596	-2
1597	-1
1598	-1
1599	0
1600	0
1601	0
1602	0
1603	0
1604	-1
1605	0
1606	-2
1607	0
1608	-1
1609	0
1610	-1
1611	0
1612	-2
1613	0
1614	-2
1615	0
1616	-1
1617	0
1618	-1
1619	0
1620	-2
1621	-1
1622	-2
1623	-1
1624	-2
1625	-1
1626	-2
1627	-1
1628	-1
1629	-1
1630	-3
1631	-1
1632	-2
1633	-1
1634	-2
1635	-1
1636	-2
1637	0
1638	-2
1639	0
1640	-1
1641	0
1642	-3
1643	0
1644	-2
1645	0
1646	-2
1647	0
1648	-2
1649	0
1650	-2
1651	0
1652	-2
1653	-1
1654	0
1655	0
1656	-1
1657	0
1658	-1
1659	0
1660	-2
1661	0
1662	-2
1663	0
1664	-1
1665	-1
1666	-1
1667	0
1668	-1
1669	0
1670	-2
1671	0
1672	-1
1673	-1
1674	-1
1675	0
1676	-1
1677	0
1678	-1
1679	0
1680	-1
1681	0
1682	-1
1683	0
1684	-1
1685	-1
1686	-1
1687	-1
1688	-2
1689	-1
1690	-2
1691	0
1692	-1
1693	0
1694	-2
1695	-1
1696	-2
1697	-1
1698	-1
1699	0
1700	-1
1701	0
1702	-3
1703	0
1704	-1
1705	0
1706	-1
1707	0
1708	-1
1709	0
1710	0
1711	-1
1712	-1
1713	0
1714	-1
1715	0
1716	-1
1717	0
1718	-1
1719	0
1720	-2
1721	0
1722	-2
1723	-1
1724	-1
1725	0
1726	-1
1727	0
1728	-2
1729	0
1730	-2
1731	0
1732	-2
1733	0
1734	-3
1735	0
1736	-1
1737	0
1738	-2
1739	0
1740	-1
1741	0
1742	-1
1743	0
1744	-1
1745	0
1746	-2
1747	0
1748	-1
1749	0
1750	-1
1751	0
1752	-1
1753	0
1754	-1
1755	0
1756	-1
1757	0
1758	-1
1759	0
1760	-1
1761	0
1762	-2
1763	0
1764	0
1765	0
1766	-1
1767	0
1768	-1
1769	0
1770	0
1771	0
1772	-1
1773	-1
1774	-1
1775	-1
1776	-1
1777	0
1778	-1
1779	0
1780	-1
1781	-1
1782	-1
1783	0
1784	-1
1785	0
1786	-1
1787	0
1788	-1
1789	0
1790	-1
1791	0
1792	-1
1793	0
1794	0
1795	0
1796	-1
1797	0
1798	-1
1799	0
1800	-1
1801	0
1802	0
1803	0
1804	0
1805	0
1806	-1
1807	0
1808	-2
1809	0
1810	-1
1811	0
1812	-1
1813	0
1814	-1
1815	0
1816	-1
1817	0
1818	-1
1819	0
1820	-1
1821	0
1822	-1
1823	0
1824	-1
1825	0
1826	0
1827	0
1828	0
1829	0
1830	0
1831	0
1832	0
1833	0
1834	-1
1835	0
1836	-1
1837	0
1838	-1
1839	0
1840	-1
1841	0
1842	-1
1843	0
1844	-2
1845	0
1846	-1
1847	0
1848	-3
1849	0
1850	-2
1851	0
1852	-2
1853	0
1854	-2
1855	0
1856	-2
1857	-1
1858	-1
1859	0
1860	-1
1861	0
1862	-1
1863	0
1864	-2
1865	0
1866	-1
1867	0
1868	-1
1869	0
1870	-1
1871	0
1872	-2
1873	0
1874	0
1875	0
1876	-1
1877	0
1878	0
1879	0
1880	0
1881	0
1882	0
1883	0
1884	0
1885	0
1886	0
1887	0
1888	0
1889	1
1890	0
1891	2
1892	0
1893	3
1894	1
1895	2
1896	0
1897	3
1898	1
1899	4
1900	2
1901	3
1902	0
1903	3
1904	1
1905	4
1906	2
1907	3
1908	1
1909	4
1910	1
1911	4
1912	3
1913	4
1914	2
1915	4
1916	3
1917	4
1918	3
1919	4
1920	2
1921	4
1922	2
1923	3
1924	3
1925	3
1926	2
1927	3
1928	1
1929	4
1930	2
1931	4
1932	2
1933	3
1934	1
1935	1
1936	1
1937	2
1938	0
1939	2
1940	0
1941	2
1942	0
1943	1
1944	0
1945	1
1946	0
1947	1
1948	0
1949	0
1950	-1
1951	0
1952	0
1953	0
1954	0
1955	0
1956	0
1957	0
1958	0
1959	1
1960	0
1961	1
1962	0
1963	0
1964	0
1965	0
1966	0
1967	1
1968	0
1969	1
1970	0
1971	1
1972	0
1973	0
1974	0
1975	1
1976	0
1977	0
1978	-1
1979	0
1980	-1
1981	0
1982	0
1983	0
1984	-2
1985	0
1986	0
1987	0
1988	-1
1989	0
1990	-1
1991	0
1992	-1
1993	0
1994	-1
1995	0
1996	-1
1997	0
1998	0
1999	0
