0	0
1	2
2	0
3	2
4	0
5	1
6	0
7	1
8	0
9	2
10	0
11	0
12	0
13	1
14	0
15	1
16	0
17	1
18	1
19	1
20	0
21	2
22	0
23	1
24	0
25	0
26	-1
27	0
28	0
29	1
30	0
31	0
32	0
33	0
34	0
35	0
36	0
37	0
38	0
39	2
40	0
41	0
42	0
43	1
44	1
45	1
46	1
47	1
48	1
49	2
50	0
51	2
52	1
53	2
54	1
55	3
56	0
57	2
58	1
59	1
60	1
61	2
62	1
63	2
64	1
65	1
66	0
67	1
68	1
69	1
70	0
71	1
72	0
73	0
74	-1
75	0
76	-1
77	1
78	-1
79	0
80	0
81	0
82	-1
83	0
84	0
85	0
86	0
87	0
88	-1
89	0
90	-1
91	0
92	0
93	0
94	0
95	0
96	0
97	0
98	-1
99	0
100	-1
101	0
102	-1
103	0
104	0
105	0
106	0
107	0
108	-1
109	0
110	-1
111	0
112	-1
113	0
114	0
115	0
116	0
117	0
118	0
119	0
120	0
121	0
122	0
123	1
124	0
125	1
126	0
127	0
128	0
129	0
130	0
131	1
132	0
133	1
134	1
135	2
136	0
137	1
138	0
139	1
140	1
141	2
142	1
143	2
144	0
145	2
146	1
147	2
148	1
149	3
150	1
151	3
152	1
153	3
154	0
155	3
156	1
157	2
158	1
159	2
160	0
161	2
162	0
163	2
164	0
165	1
166	0
167	1
168	0
169	2
170	0
171	1
172	0
173	1
174	0
175	0
176	0
177	1
178	0
179	1
180	-1
181	1
182	0
183	0
184	0
185	0
186	0
187	0
188	0
189	0
190	0
191	0
192	0
193	1
194	0
195	1
196	0
197	0
198	0
199	1
200	0
201	0
202	0
203	1
204	0
205	0
206	0
207	0
208	0
209	0
210	0
211	0
212	0
213	1
214	0
215	0
216	0
217	0
218	0
219	0
220	0
221	0
222	0
223	0
224	0
225	0
226	0
227	0
228	-1
229	0
230	0
231	1
232	0
233	0
234	0
235	0
236	-1
237	0
238	-1
239	0
240	0
241	0
242	-1
243	1
244	0
245	0
246	0
247	0
248	0
249	0
250	0
251	0
252	0
253	1
254	0
255	1
256	0
257	2
258	0
259	2
260	0
261	3
262	1
263	3
264	1
265	3
266	1
267	3
268	0
269	3
270	1
271	1
272	1
273	2
274	1
275	2
276	2
277	2
278	1
279	1
280	0
281	1
282	0
283	0
284	0
285	2
286	0
287	1
288	1
289	2
290	0
291	1
292	0
293	0
294	0
295	1
296	1
297	2
298	0
299	0
300	0
301	1
302	0
303	1
304	1
305	1
306	0
307	1
308	0
309	1
310	0
311	1
312	0
313	1
314	0
315	2
316	0
317	1
318	0
319	1
320	0
321	0
322	0
323	0
324	0
325	1
326	0
327	1
328	0
329	1
330	0
331	0
332	0
333	1
334	0
335	1
336	0
337	0
338	0
339	0
340	0
341	0
342	0
343	0
344	0
345	1
346	0
347	0
348	0
349	2
350	0
351	1
352	0
353	2
354	0
355	0
356	0
357	1
358	0
359	1
360	0
361	1
362	0
363	1
364	0
365	1
366	0
367	2
368	0
369	1
370	0
371	0
372	0
373	1
374	0
375	0
376	0
377	1
378	1
379	1
380	0
381	1
382	0
383	1
384	0
385	1
386	0
387	0
388	0
389	1
390	0
391	0
392	0
393	0
394	0
395	2
396	0
397	1
398	-1
399	0
400	0
401	2
402	0
403	1
404	0
405	1
406	0
407	2
408	1
409	2
410	1
411	2
412	0
413	2
414	1
415	0
416	1
417	2
418	0
419	2
420	0
421	2
422	1
423	2
424	0
425	3
426	1
427	3
428	0
429	2
430	2
431	5
432	4
433	9
434	9
435	13
436	14
437	17
438	18
439	23
440	25
441	31
442	31
443	37
444	39
445	45
446	47
447	55
448	56
449	60
450	64
451	70
452	70
453	78
454	78
455	85
456	86
457	92
458	92
459	96
460	97
461	102
462	104
463	108
464	107
465	110
466	109
467	115
468	113
469	116
470	114
471	117
472	114
473	116
474	114
475	116
476	112
477	116
478	111
479	113
480	109
481	110
482	107
483	107
484	103
485	103
486	98
487	99
488	96
489	96
490	91
491	90
492	87
493	85
494	83
495	82
496	77
497	77
498	76
499	78
500	62
501	66
502	64
503	64
504	59
505	60
506	53
507	53
508	51
509	51
510	44
511	45
512	39
513	40
514	37
515	37
516	33
517	32
518	28
519	29
520	24
521	25
522	22
523	22
524	19
525	19
526	16
527	14
528	12
529	13
530	9
531	9
532	7
533	7
534	6
535	6
536	2
537	4
538	0
539	1
540	-2
541	-1
542	-3
543	-2
544	-4
545	-4
546	-4
547	-5
548	-6
549	-6
550	-6
551	-6
552	-7
553	-8
554	-9
555	-7
556	-8
557	-9
558	-8
559	-9
560	-10
561	-9
562	-11
563	-11
564	-10
565	-11
566	-11
567	-10
568	-11
569	-11
570	-12
571	-11
572	-13
573	-11
574	-13
575	-12
576	-13
577	-12
578	-13
579	-12
580	-13
581	-12
582	-13
583	-13
584	-13
585	-13
586	-14
587	-13
588	-15
589	-13
590	-14
591	-13
592	-15
593	-13
594	-14
595	-13
596	-14
597	-13
598	-16
599	-14
600	-15
601	-13
602	-15
603	-14
604	-14
605	-14
606	-14
607	-13
608	-14
609	-13
610	-13
611	-12
612	-13
613	-12
614	-13
615	-11
616	-12
617	-10
618	-12
619	-11
620	-11
621	-8
622	-11
623	-7
624	-10
625	-8
626	-11
627	-7
628	-10
629	-7
630	-10
631	-7
632	-9
633	-8
634	-8
635	-6
636	-9
637	-6
638	-8
639	-6
640	-9
641	-7
642	-8
643	-6
644	-9
645	-6
646	-8
647	-5
648	-8
649	-6
650	-8
651	-5
652	-6
653	-4
654	-6
655	-5
656	-6
657	-4
658	-6
659	-6
660	-7
661	-5
662	-8
663	-4
664	-7
665	-2
666	-5
667	-2
668	-5
669	-2
670	-4
671	-3
672	-4
673	-3
674	-5
675	-4
676	-5
677	-3
678	-4
679	-3
680	-3
681	-3
682	-4
683	-2
684	-3
685	-2
686	-3
687	-3
688	-4
689	-3
690	-4
691	-2
692	-3
693	-2
694	-4
695	-1
696	-3
697	-2
698	-2
699	-1
700	-2
701	-2
702	-4
703	-2
704	-3
705	-1
706	-3
707	-2
708	-3
709	-1
710	-3
711	-1
712	-5
713	-1
714	-3
715	-1
716	-4
717	-1
718	-3
719	-2
720	-4
721	-2
722	-3
723	-3
724	-4
725	-1
726	-3
727	0
728	-4
729	-1
730	-2
731	0
732	-2
733	-1
734	-2
735	-1
736	-1
737	-2
738	-2
739	-1
740	-1
741	0
742	-3
743	-1
744	-2
745	-2
746	-2
747	-2
748	-3
749	-2
750	-3
751	-2
752	-3
753	-1
754	-3
755	-1
756	-2
757	-2
758	-2
759	-1
760	-2
761	-1
762	-2
763	-1
764	-2
765	-1
766	-2
767	0
768	-2
769	0
770	0
771	0
772	-1
773	0
774	-2
775	0
776	-1
777	-1
778	-1
779	0
780	-1
781	0
782	-3
783	0
784	-2
785	-1
786	-3
787	0
788	-1
789	0
790	-2
791	0
792	-3
793	-1
794	-2
795	-1
796	-4
797	0
798	-2
799	0
800	-2
801	0
802	-1
803	0
804	-2
805	0
806	-1
807	0
808	-1
809	0
810	-2
811	-1
812	-2
813	0
814	-1
815	0
816	0
817	0
818	0
819	0
820	0
821	0
822	0
823	0
824	0
825	0
826	-2
827	0
828	0
829	0
830	0
831	0
832	-1
833	0
834	-1
835	0
836	0
837	0
838	0
839	0
840	0
841	1
842	0
843	0
844	0
845	0
846	0
847	0
848	0
849	0
850	0
851	0
852	-1
853	0
854	0
855	0
856	-1
857	0
858	-2
859	0
860	0
861	0
862	0
863	0
864	-1
865	0
866	-3
867	0
868	-2
869	0
870	-2
871	0
872	-2
873	0
874	0
875	0
876	-1
877	0
878	-2
879	0
880	-1
881	-1
882	-2
883	0
884	-1
885	0
886	-1
887	0
888	-3
889	0
890	-1
891	0
892	-1
893	-1
894	-1
895	-1
896	-1
897	-1
898	-1
899	-1
900	0
901	-1
902	-1
903	0
904	-2
905	-1
906	-2
907	-1
908	-1
909	-1
910	-1
911	0
912	-1
913	0
914	-1
915	0
916	0
917	0
918	-4
919	0
920	-2
921	-1
922	-2
923	-1
924	-3
925	-1
926	-3
927	-1
928	-2
929	-2
930	-2
931	-2
932	-2
933	-1
934	-3
935	-3
936	-3
937	-2
938	-4
939	-1
940	-5
941	-1
942	-4
943	-1
944	-2
945	-1
946	-2
947	-3
948	-2
949	-1
950	-2
951	-1
952	-2
953	0
954	-2
955	-1
956	-3
957	-1
958	-2
959	-1
960	-2
961	-1
962	-2
963	-1
964	-2
965	-1
966	-1
967	0
968	-1
969	-1
970	-2
971	-2
972	-1
973	-1
974	-1
975	0
976	-1
977	-1
978	-2
979	-1
980	-2
981	0
982	-2
983	-1
984	-1
985	0
986	-1
987	0
988	-2
989	0
990	-1
991	0
992	-1
993	0
994	-2
995	0
996	-2
997	0
998	-1
999	0
1000	-2
1001	0
1002	-3
1003	0
1004	-2
1005	-1
1006	-1
1007	0
1008	-2
1009	0
1010	-1
1011	0
1012	0
1013	-1
1014	-2
1015	0
1016	-1
1017	0
1018	-1
1019	0
1020	-1
1021	0
1022	-1
1023	0
1024	-1
1025	0
1026	-2
1027	0
1028	-2
1029	0
1030	0
1031	-1
1032	-2
1033	0
1034	-1
1035	0
1036	-2
1037	0
1038	-1
1039	0
1040	-1
1041	0
1042	-2
1043	0
1044	-1
1045	0
1046	-1
1047	-1
1048	-2
1049	0
1050	-2
1051	0
1052	-2
1053	0
1054	-1
1055	-1
1056	-2
1057	-1
1058	-2
1059	0
1060	-1
1061	-1
1062	-1
1063	0
1064	-2
1065	0
1066	-2
1067	0
1068	-2
1069	-2
1070	-1
1071	-1
1072	-2
1073	-1
1074	-4
1075	-2
1076	-2
1077	-1
1078	-2
1079	-1
1080	-2
1081	-2
1082	-2
1083	0
1084	-1
1085	-1
1086	-3
1087	-1
1088	-1
1089	-1
1090	-2
1091	0
1092	-2
1093	0
1094	0
1095	-1
1096	-1
1097	0
1098	-1
1099	0
1100	0
1101	0
1102	-1
1103	0
1104	0
1105	0
1106	0
1107	0
1108	-1
1109	0
1110	-2
1111	0
1112	0
1113	0
1114	-1
1115	0
1116	0
1117	-1
1118	0
1119	-1
1120	-2
1121	0
1122	-1
1123	0
1124	0
1125	-1
1126	-1
1127	0
1128	-1
1129	0
1130	-1
1131	0
1132	-1
1133	0
1134	0
1135	0
1136	0
1137	0
1138	0
1139	0
1140	0
1141	0
1142	0
1143	0
1144	-1
1145	0
1146	-1
1147	0
1148	-1
1149	0
1150	-1
1151	0
1152	-1
1153	0
1154	-1
1155	0
1156	-2
1157	0
1158	-2
1159	-1
1160	-2
1161	0
1162	-2
1163	-1
1164	-3
1165	-1
1166	-3
1167	-2
1168	-3
1169	-1
1170	-3
1171	-1
1172	-2
1173	-3
1174	-2
1175	-2
1176	-2
1177	-1
1178	-3
1179	-2
1180	-2
1181	-1
1182	-3
1183	0
1184	-2
1185	-2
1186	-2
1187	0
1188	-1
1189	-1
1190	-2
1191	0
1192	-1
1193	0
1194	-1
1195	0
1196	-2
1197	-1
1198	-2
1199	0
1200	-1
1201	0
1202	-1
1203	0
1204	-1
1205	0
1206	0
1207	0
1208	-1
1209	1
1210	0
1211	0
1212	0
1213	0
1214	0
1215	0
1216	0
1217	0
1218	0
1219	0
1220	0
1221	0
1222	0
1223	1
1224	0
1225	1
1226	1
1227	1
1228	1
1229	1
1230	1
1231	1
1232	1
1233	2
1234	1
1235	2
1236	1
1237	3
1238	0
1239	2
1240	1
1241	2
1242	1
1243	1
1244	0
1245	2
1246	1
1247	3
1248	0
1249	1
1250	1
1251	2
1252	0
1253	1
1254	0
1255	1
1256	0
1257	1
1258	0
1259	0
1260	0
1261	0
1262	0
1263	0
1264	0
1265	1
1266	0
1267	1
1268	0
1269	0
1270	0
1271	0
1272	-1
1273	0
1274	-1
1275	0
1276	0
1277	0
1278	0
1279	0
1280	0
1281	0
1282	0
1283	0
1284	0
1285	0
1286	0
1287	0
1288	0
1289	0
1290	0
1291	0
1292	0
1293	0
1294	-1
1295	-1
1296	0
1297	0
1298	0
1299	0
1300	-1
1301	0
1302	-2
1303	0
1304	-2
1305	-1
1306	-2
1307	0
1308	-2
1309	-2
1310	-2
1311	-2
1312	-1
1313	-1
1314	-2
1315	0
1316	-1
1317	-1
1318	-1
1319	0
1320	-2
1321	-1
1322	-2
1323	0
1324	-1
1325	0
1326	-1
1327	0
1328	0
1329	0
1330	-1
1331	0
1332	-1
1333	-1
1334	0
1335	-1
1336	-1
1337	0
1338	-1
1339	0
1340	0
1341	0
1342	0
1343	0
1344	-1
1345	0
1346	-1
1347	-1
1348	-1
1349	-1
1350	-1
1351	0
1352	-1
1353	-1
1354	-2
1355	0
1356	-1
1357	0
1358	0
1359	0
1360	-1
1361	0
1362	-1
1363	0
1364	-1
1365	1
1366	0
1367	0
1368	0
1369	1
1370	0
1371	0
1372	0
1373	0
1374	0
1375	0
1376	0
1377	1
1378	0
1379	1
1380	0
1381	1
1382	0
1383	1
1384	0
1385	2
1386	0
1387	2
1388	0
1389	1
1390	0
1391	1
1392	0
1393	1
1394	-1
1395	0
1396	0
1397	1
1398	0
1399	0
1400	0
1401	1
1402	0
1403	0
1404	0
1405	0
1406	0
1407	0
1408	0
1409	1
1410	0
1411	1
1412	0
1413	0
1414	0
1415	1
1416	0
1417	2
1418	0
1419	1
1420	0
1421	1
1422	0
1423	1
1424	0
1425	1
1426	0
1427	1
1428	0
1429	0
1430	0
1431	0
1432	0
1433	0
1434	0
1435	0
1436	0
1437	0
1438	0
1439	0
1440	-1
1441	0
1442	-1
1443	0
1444	-1
1445	0
1446	-2
1447	0
1448	-1
1449	0
1450	0
1451	0
1452	-2
1453	0
1454	-1
1455	0
1456	-1
1457	0
1458	-2
1459	0
1460	-1
1461	0
1462	-1
1463	0
1464	-1
1465	0
1466	-2
1467	0
1468	-1
1469	0
1470	-2
1471	0
1472	-1
1473	0
1474	0
1475	0
1476	-1
1477	0
1478	-1
1479	0
1480	0
1481	0
1482	-2
1483	0
1484	-1
1485	0
1486	-1
1487	0
1488	-1
1489	0
1490	0
1491	0
1492	-1
1493	0
1494	-1
1495	0
1496	-2
1497	0
1498	-1
1499	0
1500	-1
1501	0
1502	-2
1503	0
1504	-3
1505	0
1506	0
1507	0
1508	-1
1509	0
1510	-2
1511	0
1512	-1
1513	0
1514	-2
1515	0
1516	-1
1517	0
1518	0
1519	0
1520	-1
1521	0
1522	-1
1523	0
1524	-1
1525	0
1526	0
1527	0
1528	-1
1529	0
1530	0
1531	0
1532	0
1533	0
1534	0
1535	1
1536	1
1537	2
1538	1
1539	2
1540	1
1541	3
1542	1
1543	2
1544	1
1545	3
1546	2
1547	3
1548	2
1549	2
1550	2
1551	3
1552	1
1553	3
1554	1
1555	3
1556	2
1557	3
1558	1
1559	2
1560	1
1561	1
1562	1
1563	1
1564	0
1565	1
1566	0
1567	2
1568	1
1569	2
1570	0
1571	1
1572	0
1573	1
1574	0
1575	0
1576	0
1577	0
1578	0
1579	0
1580	0
1581	0
1582	0
1583	0
1584	0
1585	0
1586	-1
1587	0
1588	0
1589	0
1590	0
1591	0
1592	0
1593	0
1594	0
1595	0
1596	0
1597	0
1598	-1
1599	0
1600	0
1601	0
1602	0
1603	0
1604	0
1605	0
1606	0
1607	0
1608	0
1609	0
1610	0
1611	0
1612	0
1613	0
1614	-1
1615	0
1616	-1
1617	0
1618	-2
1619	-1
1620	-2
1621	-1
1622	-1
1623	-1
1624	-1
1625	-1
1626	-1
1627	0
1628	-1
1629	0
1630	-1
1631	0
1632	-1
1633	0
1634	-1
1635	0
1636	-1
1637	0
1638	-2
1639	0
1640	-1
1641	0
1642	-1
1643	0
1644	0
1645	0
1646	-1
1647	0
1648	0
1649	0
1650	0
1651	-1
1652	-1
1653	0
1654	-1
1655	0
1656	-1
1657	0
1658	-2
1659	0
1660	-1
1661	0
1662	-1
1663	0
1664	-2
1665	0
1666	-2
1667	0
1668	-1
1669	-1
1670	-1
1671	-1
1672	-1
1673	0
1674	-1
1675	-1
1676	-1
1677	-1
1678	-2
1679	0
1680	-1
1681	0
1682	0
1683	0
1684	-1
1685	0
1686	0
1687	0
1688	0
1689	0
1690	0
1691	0
1692	0
1693	0
1694	0
1695	0
1696	0
1697	0
1698	0
1699	0
1700	0
1701	0
1702	0
1703	0
1704	0
1705	1
1706	0
1707	0
1708	-1
1709	0
1710	-1
1711	0
1712	-1
1713	0
1714	-1
1715	0
1716	-3
1717	0
1718	-1
1719	0
1720	-1
1721	0
1722	-1
1723	0
1724	-1
1725	0
1726	-2
1727	0
1728	-1
1729	-1
1730	0
1731	0
1732	-1
1733	0
1734	0
1735	0
1736	-1
1737	-1
1738	0
1739	0
1740	0
1741	0
1742	-1
1743	0
1744	-1
1745	0
1746	-1
1747	0
1748	0
1749	0
1750	0
1751	0
1752	-1
1753	0
1754	0
1755	0
1756	-1
1757	-1
1758	-1
1759	-1
1760	-1
1761	0
1762	0
1763	0
1764	0
1765	0
1766	0
1767	0
1768	-1
1769	0
1770	0
1771	0
1772	0
1773	0
1774	0
1775	0
1776	0
1777	0
1778	0
1779	0
1780	0
1781	0
1782	0
1783	0
1784	0
1785	0
1786	0
1787	0
1788	0
1789	0
1790	-1
1791	0
1792	0
1793	0
1794	0
1795	0
1796	-1
1797	0
1798	0
1799	0
1800	0
1801	0
1802	0
1803	0
1804	0
1805	0
1806	0
1807	0
1808	0
1809	0
1810	0
1811	0
1812	0
1813	0
1814	0
1815	0
1816	0
1817	0
1818	0
1819	0
1820	0
1821	0
1822	0
1823	0
1824	0
1825	1
1826	0
1827	0
1828	0
1829	0
1830	0
1831	0
1832	-1
1833	0
1834	-1
1835	0
1836	0
1837	0
1838	0
1839	0
1840	-1
1841	0
1842	0
1843	0
1844	0
1845	0
1846	0
1847	0
1848	-1
1849	0
1850	0
1851	0
1852	-1
1853	0
1854	-1
1855	0
1856	0
1857	0
1858	0
1859	0
1860	0
1861	0
1862	0
1863	0
1864	0
1865	0
1866	-1
1867	-1
1868	0
1869	0
1870	0
1871	0
1872	0
1873	0
1874	-1
1875	0
1876	-1
1877	0
1878	0
1879	0
1880	0
1881	0
1882	0
1883	0
1884	0
1885	0
1886	0
1887	0
1888	0
1889	0
1890	0
1891	1
1892	0
1893	2
1894	0
1895	1
1896	1
1897	2
1898	2
1899	2
1900	0
1901	2
1902	2
1903	3
1904	2
1905	3
1906	1
1907	3
1908	2
1909	3
1910	2
1911	3
1912	3
1913	4
1914	3
1915	3
1916	3
1917	3
1918	2
1919	3
1920	2
1921	4
1922	2
1923	2
1924	2
1925	2
1926	1
1927	2
1928	1
1929	1
1930	0
1931	2
1932	1
1933	2
1934	0
1935	1
1936	0
1937	1
1938	0
1939	0
1940	0
1941	1
1942	0
1943	0
1944	0
1945	1
1946	0
1947	1
1948	0
1949	1
1950	0
1951	2
1952	0
1953	1
1954	0
1955	1
1956	0
1957	1
1958	0
1959	1
1960	0
1961	0
1962	0
1963	1
1964	0
1965	1
1966	0
1967	0
1968	0
1969	0
1970	0
1971	0
1972	0
1973	0
1974	0
1975	0
1976	0
1977	0
1978	0
1979	0
1980	0
1981	0
1982	-1
1983	0
1984	-2
1985	0
1986	-2
1987	0
1988	-1
1989	0
1990	-1
1991	0
1992	-1
1993	0
1994	-1
1995	0
1996	-1
1997	0
1998	-1
1999	0
