0	0
1	0
2	0
3	1
4	0
5	1
6	0
7	1
8	0
9	0
10	0
11	0
12	0
13	0
14	0
15	0
16	0
17	0
18	0
19	0
20	0
21	0
22	0
23	0
24	0
25	0
26	0
27	0
28	0
29	0
30	0
31	0
32	0
33	0
34	0
35	0
36	0
37	0
38	0
39	0
40	0
41	1
42	0
43	1
44	0
45	0
46	0
47	1
48	1
49	1
50	0
51	1
52	1
53	1
54	0
55	1
56	1
57	1
58	0
59	1
60	0
61	2
62	0
63	1
64	0
65	0
66	0
67	0
68	0
69	0
70	0
71	0
72	0
73	0
74	0
75	0
76	0
77	0
78	0
79	0
80	-1
81	0
82	0
83	0
84	0
85	0
86	0
87	0
88	0
89	0
90	0
91	0
92	0
93	0
94	0
95	0
96	0
97	0
98	0
99	0
100	0
101	0
102	0
103	0
104	0
105	0
106	0
107	0
108	0
109	0
110	0
111	0
112	0
113	0
114	0
115	1
116	0
117	1
118	0
119	1
120	0
121	0
122	0
123	0
124	0
125	0
126	0
127	0
128	0
129	0
130	0
131	0
132	0
133	0
134	0
135	1
136	0
137	0
138	1
139	0
140	0
141	1
142	1
143	1
144	0
145	0
146	0
147	1
148	0
149	2
150	0
151	1
152	0
153	0
154	0
155	0
156	0
157	0
158	0
159	1
160	0
161	2
162	0
163	0
164	0
165	0
166	0
167	0
168	0
169	0
170	0
171	1
172	0
173	1
174	0
175	1
176	0
177	0
178	0
179	1
180	0
181	1
182	0
183	0
184	0
185	1
186	1
187	1
188	1
189	1
190	1
191	1
192	0
193	1
194	0
195	1
196	0
197	0
198	0
199	0
200	0
201	0
202	0
203	0
204	0
205	0
206	0
207	0
208	0
209	0
210	0
211	0
212	0
213	0
214	-1
215	0
216	-1
217	0
218	0
219	0
220	-1
221	0
222	0
223	0
224	0
225	0
226	0
227	0
228	0
229	0
230	0
231	1
232	0
233	1
234	1
235	1
236	0
237	0
238	0
239	0
240	0
241	1
242	0
243	0
244	0
245	0
246	0
247	1
248	0
249	0
250	0
251	1
252	0
253	1
254	0
255	0
256	1
257	0
258	0
259	1
260	0
261	1
262	1
263	1
264	0
265	1
266	0
267	1
268	1
269	0
270	1
271	1
272	1
273	1
274	0
275	1
276	0
277	1
278	0
279	1
280	0
281	0
282	0
283	0
284	0
285	1
286	0
287	0
288	0
289	1
290	0
291	0
292	0
293	1
294	0
295	1
296	0
297	1
298	0
299	0
300	0
301	0
302	0
303	1
304	0
305	0
306	0
307	0
308	0
309	0
310	0
311	0
312	0
313	1
314	0
315	1
316	0
317	0
318	0
319	0
320	0
321	0
322	0
323	0
324	0
325	0
326	0
327	0
328	0
329	0
330	0
331	0
332	0
333	0
334	0
335	0
336	0
337	0
338	0
339	0
340	0
341	0
342	0
343	0
344	0
345	0
346	0
347	0
348	0
349	0
350	0
351	0
352	0
353	0
354	0
355	0
356	0
357	0
358	0
359	0
360	1
361	1
362	0
363	0
364	0
365	0
366	0
367	0
368	0
369	0
370	0
371	0
372	0
373	0
374	0
375	0
376	0
377	1
378	0
379	1
380	0
381	0
382	0
383	0
384	0
385	0
386	0
387	0
388	0
389	0
390	0
391	0
392	0
393	0
394	0
395	0
396	1
397	0
398	0
399	0
400	0
401	0
402	0
403	0
404	0
405	1
406	0
407	0
408	0
409	1
410	0
411	2
412	0
413	1
414	0
415	1
416	0
417	0
418	0
419	0
420	0
421	1
422	0
423	1
424	0
425	1
426	0
427	0
428	0
429	1
430	0
431	1
432	0
433	1
434	0
435	0
436	1
437	1
438	1
439	3
440	2
441	5
442	5
443	8
444	10
445	13
446	14
447	18
448	18
449	22
450	25
451	29
452	31
453	35
454	36
455	42
456	44
457	48
458	49
459	54
460	56
461	59
462	61
463	63
464	65
465	68
466	70
467	72
468	73
469	75
470	75
471	77
472	77
473	80
474	79
475	81
476	81
477	82
478	82
479	82
480	80
481	82
482	81
483	81
484	81
485	81
486	79
487	81
488	78
489	79
490	78
491	78
492	73
493	76
494	74
495	74
496	73
497	74
498	74
499	78
500	62
501	70
502	66
503	67
504	67
505	66
506	63
507	64
508	60
509	61
510	58
511	60
512	57
513	58
514	54
515	54
516	52
517	51
518	49
519	49
520	47
521	47
522	45
523	44
524	42
525	40
526	38
527	38
528	36
529	35
530	33
531	34
532	32
533	33
534	29
535	31
536	27
537	27
538	24
539	26
540	22
541	22
542	19
543	19
544	18
545	17
546	15
547	16
548	14
549	15
550	13
551	12
552	12
553	12
554	11
555	10
556	8
557	8
558	7
559	8
560	6
561	8
562	6
563	6
564	5
565	4
566	4
567	4
568	3
569	3
570	2
571	3
572	0
573	3
574	0
575	2
576	0
577	1
578	0
579	0
580	-1
581	0
582	-3
583	-1
584	-2
585	-1
586	-3
587	-1
588	-3
589	0
590	-4
591	-2
592	-4
593	-2
594	-3
595	-1
596	-5
597	-2
598	-4
599	-3
600	-4
601	-3
602	-5
603	-3
604	-4
605	-1
606	-4
607	-3
608	-3
609	-1
610	-4
611	0
612	-2
613	-1
614	-2
615	-2
616	-3
617	-1
618	-2
619	-1
620	-2
621	-2
622	-2
623	-3
624	-1
625	-2
626	-3
627	0
628	-3
629	-1
630	-2
631	-1
632	-3
633	-3
634	-4
635	-2
636	-3
637	-2
638	-4
639	-2
640	-4
641	-2
642	-2
643	-1
644	-3
645	-2
646	-3
647	-2
648	-1
649	-1
650	-2
651	-1
652	-2
653	-1
654	-2
655	0
656	-2
657	0
658	0
659	0
660	-1
661	0
662	0
663	0
664	-1
665	0
666	-1
667	0
668	0
669	0
670	0
671	0
672	-1
673	-1
674	-1
675	0
676	-1
677	0
678	-1
679	0
680	-2
681	-1
682	-1
683	0
684	0
685	-1
686	0
687	0
688	0
689	0
690	-1
691	0
692	0
693	0
694	0
695	0
696	0
697	0
698	-1
699	1
700	1
701	1
702	0
703	2
704	0
705	1
706	1
707	3
708	3
709	3
710	2
711	3
712	4
713	4
714	3
715	4
716	3
717	4
718	4
719	4
720	3
721	3
722	3
723	4
724	3
725	4
726	2
727	4
728	3
729	4
730	3
731	3
732	1
733	3
734	2
735	2
736	0
737	1
738	0
739	2
740	1
741	1
742	0
743	1
744	0
745	0
746	0
747	1
748	0
749	0
750	0
751	0
752	0
753	0
754	0
755	0
756	0
757	0
758	0
759	0
760	0
761	0
762	0
763	0
764	0
765	0
766	0
767	0
768	0
769	0
770	0
771	0
772	0
773	0
774	0
775	0
776	0
777	0
778	-1
779	0
780	-1
781	0
782	-1
783	-1
784	-2
785	-1
786	-1
787	-1
788	0
789	-1
790	-2
791	-2
792	-2
793	-1
794	-1
795	-1
796	-2
797	-1
798	-3
799	-1
800	-2
801	-2
802	-1
803	-2
804	-2
805	-1
806	-1
807	-1
808	-2
809	-1
810	-2
811	-1
812	-2
813	-1
814	-2
815	-1
816	-2
817	-2
818	-2
819	0
820	-3
821	-1
822	-2
823	-1
824	-1
825	-1
826	-2
827	-1
828	-2
829	-1
830	-3
831	0
832	-3
833	0
834	-2
835	0
836	-2
837	0
838	-2
839	-1
840	-2
841	0
842	-2
843	0
844	0
845	0
846	-1
847	0
848	-1
849	0
850	0
851	0
852	-1
853	0
854	-2
855	0
856	-2
857	0
858	-1
859	0
860	-2
861	-1
862	-2
863	0
864	-2
865	0
866	-1
867	0
868	-1
869	0
870	-1
871	-1
872	-3
873	-1
874	-1
875	-2
876	-3
877	-1
878	-2
879	-1
880	-2
881	-1
882	-3
883	-1
884	-4
885	-1
886	-2
887	-1
888	-2
889	-1
890	-2
891	-1
892	-3
893	-2
894	-3
895	-1
896	-2
897	-1
898	-1
899	0
900	-2
901	-1
902	-2
903	-1
904	-1
905	0
906	-2
907	-1
908	-3
909	-1
910	0
911	-1
912	-2
913	-1
914	-1
915	0
916	-2
917	-1
918	-3
919	-1
920	-1
921	0
922	-2
923	-1
924	-2
925	-1
926	-2
927	-1
928	-1
929	-1
930	-2
931	-2
932	-2
933	0
934	-2
935	0
936	-3
937	0
938	-1
939	0
940	0
941	0
942	-2
943	-1
944	-1
945	0
946	-2
947	0
948	-1
949	-1
950	-1
951	0
952	-2
953	0
954	-1
955	0
956	-1
957	-1
958	-2
959	0
960	-1
961	0
962	-2
963	0
964	-1
965	0
966	-1
967	0
968	-1
969	0
970	0
971	0
972	0
973	0
974	0
975	0
976	-3
977	0
978	-3
979	-1
980	-2
981	-1
982	-2
983	0
984	-3
985	0
986	-2
987	0
988	-3
989	-1
990	-1
991	-2
992	-1
993	-1
994	-1
995	-1
996	-1
997	-2
998	-1
999	-1
1000	-1
1001	0
1002	-2
1003	0
1004	-2
1005	0
1006	-2
1007	0
1008	-2
1009	0
1010	-3
1011	0
1012	-2
1013	-1
1014	-2
1015	0
1016	-1
1017	-1
1018	0
1019	0
1020	-2
1021	0
1022	-2
1023	0
1024	-3
1025	0
1026	-3
1027	0
1028	-2
1029	0
1030	-3
1031	0
1032	-2
1033	0
1034	-2
1035	0
1036	-2
1037	0
1038	-2
1039	0
1040	-2
1041	-1
1042	-1
1043	-1
1044	-1
1045	0
1046	-3
1047	-1
1048	-2
1049	0
1050	-2
1051	0
1052	-3
1053	-1
1054	-2
1055	-1
1056	-1
1057	-2
1058	-2
1059	-1
1060	-1
1061	-1
1062	-2
1063	-2
1064	-2
1065	-1
1066	-2
1067	-1
1068	-2
1069	-2
1070	-1
1071	-2
1072	-2
1073	-1
1074	-2
1075	-2
1076	-2
1077	-1
1078	-2
1079	-1
1080	-1
1081	-1
1082	-2
1083	-2
1084	-3
1085	-2
1086	-3
1087	-2
1088	-2
1089	-2
1090	-2
1091	-1
1092	-2
1093	-3
1094	-2
1095	-1
1096	-1
1097	0
1098	-2
1099	0
1100	-3
1101	0
1102	-2
1103	-1
1104	-2
1105	0
1106	-2
1107	0
1108	-2
1109	0
1110	0
1111	0
1112	-1
1113	0
1114	-2
1115	0
1116	-1
1117	0
1118	-1
1119	0
1120	-1
1121	0
1122	-1
1123	0
1124	0
1125	-1
1126	-2
1127	-1
1128	-2
1129	-1
1130	-1
1131	-2
1132	-2
1133	-1
1134	-2
1135	0
1136	-2
1137	-1
1138	-3
1139	-1
1140	-2
1141	-1
1142	-3
1143	0
1144	-3
1145	-1
1146	-4
1147	-1
1148	-2
1149	-2
1150	-2
1151	-2
1152	-2
1153	-1
1154	-2
1155	-1
1156	-2
1157	0
1158	-2
1159	0
1160	-1
1161	0
1162	-1
1163	0
1164	0
1165	0
1166	-1
1167	0
1168	-2
1169	-1
1170	-1
1171	0
1172	-1
1173	-1
1174	0
1175	0
1176	0
1177	-1
1178	-1
1179	-1
1180	-3
1181	-2
1182	-2
1183	-2
1184	-2
1185	-2
1186	-2
1187	-2
1188	-1
1189	-2
1190	-2
1191	-1
1192	-1
1193	-1
1194	-1
1195	-2
1196	-2
1197	-1
1198	-1
1199	0
1200	-1
1201	0
1202	0
1203	0
1204	0
1205	0
1206	0
1207	0
1208	0
1209	0
1210	0
1211	1
1212	0
1213	2
1214	0
1215	0
1216	0
1217	1
1218	0
1219	0
1220	0
1221	1
1222	0
1223	1
1224	0
1225	1
1226	0
1227	1
1228	0
1229	0
1230	0
1231	0
1232	0
1233	0
1234	0
1235	1
1236	0
1237	0
1238	0
1239	0
1240	0
1241	0
1242	0
1243	0
1244	0
1245	0
1246	0
1247	0
1248	-1
1249	0
1250	-1
1251	0
1252	-1
1253	0
1254	-1
1255	0
1256	0
1257	0
1258	0
1259	0
1260	-1
1261	0
1262	0
1263	0
1264	0
1265	0
1266	0
1267	0
1268	0
1269	0
1270	0
1271	0
1272	-1
1273	0
1274	-2
1275	-1
1276	-2
1277	-2
1278	-2
1279	0
1280	-2
1281	-1
1282	-2
1283	-2
1284	-2
1285	-2
1286	-2
1287	-2
1288	-3
1289	-2
1290	-2
1291	-1
1292	-3
1293	-2
1294	-3
1295	-1
1296	-1
1297	-1
1298	-1
1299	-1
1300	-3
1301	0
1302	-1
1303	-1
1304	-2
1305	0
1306	0
1307	0
1308	-1
1309	-1
1310	-1
1311	0
1312	-1
1313	0
1314	0
1315	0
1316	-2
1317	0
1318	0
1319	0
1320	-1
1321	0
1322	-1
1323	0
1324	-2
1325	0
1326	-2
1327	0
1328	-1
1329	0
1330	-1
1331	-1
1332	-1
1333	-1
1334	-1
1335	-1
1336	-1
1337	-1
1338	-1
1339	-1
1340	-2
1341	-1
1342	-1
1343	0
1344	-2
1345	0
1346	0
1347	0
1348	-1
1349	0
1350	-1
1351	0
1352	-2
1353	-1
1354	-1
1355	0
1356	-1
1357	0
1358	-1
1359	0
1360	-1
1361	-1
1362	-1
1363	0
1364	-1
1365	-1
1366	-1
1367	0
1368	-1
1369	0
1370	-1
1371	0
1372	0
1373	0
1374	0
1375	0
1376	0
1377	-1
1378	0
1379	0
1380	0
1381	-1
1382	0
1383	-2
1384	0
1385	0
1386	0
1387	-1
1388	-1
1389	0
1390	-1
1391	0
1392	0
1393	0
1394	0
1395	-1
1396	-1
1397	0
1398	-1
1399	0
1400	-1
1401	-1
1402	-1
1403	-2
1404	-1
1405	0
1406	-2
1407	0
1408	-1
1409	-1
1410	-2
1411	-1
1412	-2
1413	-1
1414	-2
1415	-1
1416	-1
1417	0
1418	-1
1419	-1
1420	-1
1421	0
1422	-1
1423	-1
1424	-1
1425	0
1426	-2
1427	-1
1428	-1
1429	0
1430	-2
1431	0
1432	-1
1433	0
1434	-2
1435	-1
1436	-2
1437	0
1438	-2
1439	-1
1440	-1
1441	-2
1442	-2
1443	0
1444	-1
1445	0
1446	-1
1447	0
1448	-1
1449	0
1450	-1
1451	0
1452	0
1453	0
1454	0
1455	0
1456	-1
1457	-1
1458	-1
1459	0
1460	0
1461	0
1462	0
1463	0
1464	0
1465	0
1466	0
1467	0
1468	0
1469	0
1470	-1
1471	0
1472	0
1473	-1
1474	-1
1475	0
1476	0
1477	-1
1478	-1
1479	-1
1480	0
1481	-1
1482	0
1483	-1
1484	0
1485	0
1486	0
1487	0
1488	-1
1489	0
1490	-1
1491	0
1492	-2
1493	0
1494	0
1495	0
1496	-1
1497	0
1498	0
1499	0
1500	0
1501	0
1502	-1
1503	0
1504	0
1505	0
1506	-1
1507	0
1508	-1
1509	0
1510	0
1511	0
1512	0
1513	0
1514	0
1515	0
1516	-1
1517	0
1518	0
1519	0
1520	0
1521	0
1522	-1
1523	0
1524	-1
1525	0
1526	0
1527	-1
1528	-1
1529	-1
1530	-1
1531	0
1532	-1
1533	-1
1534	-1
1535	0
1536	-2
1537	0
1538	-2
1539	-1
1540	-2
1541	0
1542	-1
1543	0
1544	-1
1545	0
1546	-1
1547	0
1548	-1
1549	0
1550	0
1551	0
1552	-1
1553	-1
1554	-1
1555	-1
1556	-1
1557	-1
1558	-1
1559	-1
1560	0
1561	0
1562	0
1563	-1
1564	-1
1565	0
1566	-1
1567	0
1568	0
1569	0
1570	-1
1571	-1
1572	-1
1573	-1
1574	-1
1575	-1
1576	-1
1577	0
1578	-1
1579	-1
1580	-2
1581	0
1582	0
1583	-1
1584	-1
1585	0
1586	-1
1587	0
1588	0
1589	0
1590	-1
1591	0
1592	-1
1593	0
1594	0
1595	0
1596	0
1597	0
1598	0
1599	0
1600	0
1601	0
1602	0
1603	0
1604	0
1605	0
1606	0
1607	0
1608	0
1609	0
1610	0
1611	0
1612	0
1613	0
1614	0
1615	-1
1616	0
1617	0
1618	0
1619	0
1620	-1
1621	0
1622	-1
1623	0
1624	0
1625	0
1626	-1
1627	0
1628	0
1629	1
1630	0
1631	0
1632	0
1633	0
1634	0
1635	0
1636	0
1637	0
1638	0
1639	1
1640	0
1641	0
1642	0
1643	1
1644	0
1645	1
1646	0
1647	0
1648	0
1649	1
1650	0
1651	1
1652	1
1653	1
1654	0
1655	1
1656	1
1657	0
1658	0
1659	1
1660	0
1661	1
1662	0
1663	0
1664	0
1665	1
1666	0
1667	0
1668	0
1669	0
1670	0
1671	0
1672	0
1673	0
1674	0
1675	0
1676	0
1677	0
1678	0
1679	0
1680	0
1681	0
1682	0
1683	0
1684	0
1685	0
1686	0
1687	0
1688	0
1689	0
1690	-1
1691	0
1692	0
1693	0
1694	0
1695	0
1696	0
1697	0
1698	0
1699	0
1700	0
1701	0
1702	0
1703	0
1704	0
1705	0
1706	0
1707	0
1708	0
1709	0
1710	-1
1711	0
1712	0
1713	0
1714	0
1715	0
1716	0
1717	0
1718	0
1719	-1
1720	0
1721	0
1722	0
1723	0
1724	0
1725	0
1726	0
1727	0
1728	-1
1729	0
1730	0
1731	-1
1732	0
1733	0
1734	0
1735	0
1736	0
1737	0
1738	0
1739	0
1740	0
1741	0
1742	0
1743	0
1744	0
1745	0
1746	0
1747	0
1748	0
1749	0
1750	0
1751	0
1752	0
1753	0
1754	0
1755	0
1756	0
1757	0
1758	0
1759	0
1760	0
1761	0
1762	-1
1763	0
1764	-1
1765	0
1766	0
1767	0
1768	-1
1769	0
1770	-1
1771	0
1772	-1
1773	0
1774	-1
1775	0
1776	-1
1777	0
1778	0
1779	0
1780	-1
1781	-1
1782	0
1783	-1
1784	-1
1785	-1
1786	-1
1787	-1
1788	-1
1789	0
1790	-1
1791	-1
1792	-1
1793	0
1794	-2
1795	0
1796	-1
1797	0
1798	0
1799	0
1800	0
1801	0
1802	0
1803	0
1804	0
1805	0
1806	0
1807	0
1808	0
1809	1
1810	0
1811	1
1812	1
1813	1
1814	1
1815	2
1816	0
1817	2
1818	1
1819	2
1820	0
1821	2
1822	0
1823	2
1824	1
1825	2
1826	0
1827	0
1828	1
1829	1
1830	0
1831	0
1832	0
1833	0
1834	0
1835	0
1836	1
1837	0
1838	0
1839	0
1840	-1
1841	0
1842	-1
1843	0
1844	0
1845	0
1846	0
1847	0
1848	0
1849	1
1850	0
1851	0
1852	0
1853	0
1854	0
1855	1
1856	0
1857	0
1858	1
1859	1
1860	1
1861	1
1862	0
1863	0
1864	0
1865	1
1866	1
1867	0
1868	0
1869	0
1870	0
1871	0
1872	0
1873	0
1874	0
1875	0
1876	0
1877	1
1878	0
1879	0
1880	0
1881	0
1882	0
1883	0
1884	0
1885	0
1886	0
1887	0
1888	0
1889	0
1890	0
1891	0
1892	0
1893	0
1894	0
1895	0
1896	0
1897	0
1898	0
1899	0
1900	0
1901	0
1902	-1
1903	0
1904	-2
1905	0
1906	-1
1907	0
1908	-3
1909	0
1910	-1
1911	0
1912	0
1913	0
1914	0
1915	1
1916	0
1917	0
1918	0
1919	0
1920	1
1921	1
1922	0
1923	1
1924	1
1925	1
1926	1
1927	2
1928	2
1929	3
1930	1
1931	1
1932	2
1933	2
1934	1
1935	2
1936	2
1937	2
1938	1
1939	1
1940	2
1941	3
1942	2
1943	2
1944	1
1945	3
1946	2
1947	3
1948	1
1949	2
1950	2
1951	2
1952	1
1953	2
1954	2
1955	2
1956	1
1957	3
1958	1
1959	2
1960	2
1961	1
1962	1
1963	2
1964	1
1965	2
1966	1
1967	2
1968	2
1969	2
1970	1
1971	1
1972	2
1973	2
1974	2
1975	2
1976	1
1977	2
1978	1
1979	1
1980	2
1981	2
1982	2
1983	2
1984	2
1985	1
1986	2
1987	2
1988	1
1989	1
1990	1
1991	2
1992	1
1993	2
1994	1
1995	2
1996	0
1997	1
1998	1
1999	0
