0	0
1	0
2	0
3	0
4	0
5	1
6	0
7	2
8	0
9	0
10	0
11	0
12	0
13	1
14	0
15	1
16	0
17	1
18	0
19	1
20	0
21	1
22	0
23	1
24	0
25	0
26	0
27	0
28	0
29	0
30	0
31	0
32	0
33	1
34	0
35	0
36	0
37	0
38	0
39	0
40	0
41	0
42	0
43	1
44	0
45	0
46	0
47	0
48	0
49	0
50	0
51	0
52	0
53	0
54	0
55	1
56	0
57	1
58	0
59	1
60	0
61	1
62	0
63	1
64	0
65	0
66	0
67	0
68	0
69	1
70	0
71	1
72	0
73	0
74	0
75	1
76	0
77	1
78	0
79	0
80	0
81	1
82	0
83	0
84	0
85	0
86	0
87	0
88	0
89	0
90	0
91	0
92	0
93	0
94	0
95	0
96	0
97	0
98	0
99	0
100	0
101	0
102	0
103	0
104	0
105	0
106	0
107	1
108	0
109	0
110	0
111	0
112	0
113	0
114	0
115	0
116	0
117	0
118	0
119	0
120	0
121	0
122	0
123	0
124	0
125	0
126	0
127	1
128	0
129	1
130	0
131	0
132	0
133	2
134	0
135	1
136	0
137	0
138	0
139	0
140	0
141	1
142	0
143	0
144	0
145	1
146	0
147	1
148	0
149	1
150	0
151	0
152	0
153	0
154	0
155	0
156	0
157	0
158	0
159	0
160	0
161	0
162	0
163	1
164	0
165	1
166	0
167	0
168	0
169	0
170	0
171	1
172	0
173	0
174	0
175	1
176	0
177	0
178	0
179	0
180	0
181	0
182	0
183	0
184	0
185	0
186	0
187	0
188	0
189	0
190	0
191	0
192	0
193	0
194	0
195	0
196	0
197	0
198	-1
199	0
200	-1
201	0
202	-1
203	0
204	0
205	1
206	0
207	0
208	0
209	0
210	0
211	0
212	0
213	1
214	0
215	1
216	0
217	0
218	-1
219	1
220	0
221	1
222	0
223	1
224	0
225	0
226	0
227	1
228	0
229	0
230	0
231	0
232	0
233	0
234	0
235	0
236	0
237	0
238	0
239	0
240	0
241	0
242	0
243	0
244	0
245	0
246	0
247	0
248	0
249	0
250	0
251	0
252	0
253	1
254	0
255	2
256	0
257	1
258	0
259	2
260	0
261	1
262	0
263	1
264	0
265	2
266	0
267	1
268	0
269	1
270	0
271	2
272	0
273	1
274	0
275	1
276	1
277	1
278	0
279	1
280	0
281	0
282	0
283	0
284	-1
285	0
286	0
287	0
288	-1
289	0
290	-1
291	0
292	0
293	0
294	0
295	0
296	0
297	0
298	0
299	0
300	0
301	0
302	0
303	0
304	0
305	0
306	0
307	1
308	0
309	0
310	0
311	0
312	0
313	1
314	0
315	1
316	0
317	1
318	0
319	1
320	0
321	1
322	0
323	1
324	-1
325	0
326	-1
327	0
328	0
329	0
330	0
331	0
332	0
333	0
334	0
335	0
336	0
337	0
338	0
339	0
340	-1
341	0
342	0
343	0
344	0
345	0
346	0
347	0
348	-1
349	0
350	0
351	0
352	0
353	0
354	0
355	0
356	0
357	1
358	0
359	0
360	0
361	1
362	0
363	1
364	0
365	1
366	0
367	1
368	0
369	0
370	0
371	0
372	0
373	0
374	0
375	0
376	0
377	1
378	0
379	0
380	0
381	1
382	0
383	0
384	0
385	0
386	0
387	1
388	0
389	0
390	0
391	1
392	0
393	0
394	0
395	1
396	0
397	2
398	0
399	0
400	0
401	1
402	0
403	0
404	0
405	0
406	0
407	1
408	0
409	1
410	0
411	0
412	0
413	0
414	-1
415	0
416	0
417	0
418	0
419	1
420	0
421	0
422	0
423	0
424	-1
425	0
426	0
427	0
428	0
429	1
430	0
431	2
432	0
433	5
434	3
435	9
436	6
437	12
438	12
439	17
440	15
441	23
442	23
443	28
444	27
445	35
446	35
447	42
448	43
449	50
450	50
451	57
452	57
453	64
454	64
455	70
456	70
457	76
458	75
459	81
460	82
461	87
462	85
463	91
464	90
465	96
466	93
467	99
468	95
469	100
470	97
471	101
472	100
473	103
474	100
475	103
476	99
477	102
478	99
479	101
480	97
481	99
482	96
483	98
484	94
485	95
486	91
487	91
488	87
489	88
490	85
491	87
492	82
493	83
494	76
495	77
496	76
497	76
498	76
499	78
500	62
501	69
502	65
503	65
504	62
505	63
506	57
507	58
508	54
509	55
510	52
511	51
512	47
513	49
514	41
515	45
516	41
517	42
518	39
519	39
520	35
521	37
522	31
523	34
524	27
525	31
526	27
527	29
528	25
529	27
530	22
531	24
532	20
533	22
534	16
535	18
536	14
537	17
538	12
539	14
540	10
541	11
542	9
543	9
544	7
545	8
546	5
547	7
548	5
549	6
550	2
551	5
552	3
553	5
554	1
555	4
556	1
557	4
558	-1
559	4
560	0
561	4
562	-2
563	2
564	-2
565	2
566	-3
567	1
568	-3
569	0
570	-3
571	0
572	-4
573	0
574	-4
575	-1
576	-5
577	0
578	-3
579	-1
580	-5
581	0
582	-5
583	-1
584	-5
585	-1
586	-4
587	-3
588	-5
589	-1
590	-6
591	-1
592	-5
593	-2
594	-4
595	-1
596	-4
597	0
598	-5
599	-2
600	-4
601	-1
602	-5
603	-2
604	-4
605	-2
606	-3
607	-1
608	-5
609	-1
610	-5
611	-1
612	-6
613	0
614	-5
615	0
616	-4
617	0
618	-5
619	0
620	-4
621	0
622	-4
623	0
624	-4
625	-1
626	-5
627	0
628	-3
629	0
630	-3
631	0
632	-1
633	0
634	-2
635	0
636	-3
637	0
638	-2
639	0
640	-2
641	0
642	-2
643	0
644	0
645	1
646	0
647	1
648	-1
649	0
650	-2
651	1
652	0
653	0
654	-1
655	0
656	0
657	1
658	0
659	1
660	-1
661	0
662	0
663	1
664	-1
665	0
666	-1
667	0
668	-2
669	1
670	-1
671	0
672	-1
673	0
674	0
675	0
676	-1
677	1
678	-1
679	0
680	-2
681	0
682	-2
683	0
684	-3
685	0
686	-2
687	0
688	-2
689	0
690	-2
691	0
692	-2
693	0
694	-3
695	0
696	-3
697	0
698	-2
699	-1
700	-3
701	0
702	-3
703	0
704	-3
705	0
706	-3
707	0
708	-3
709	0
710	-2
711	0
712	-2
713	0
714	-4
715	-1
716	-4
717	0
718	-4
719	-2
720	-4
721	-1
722	-3
723	-1
724	-3
725	-1
726	-4
727	-3
728	-4
729	-2
730	-4
731	-2
732	-3
733	-1
734	-4
735	-2
736	-4
737	-1
738	-4
739	-1
740	-3
741	-1
742	-2
743	-2
744	-4
745	-1
746	-4
747	-2
748	-3
749	-1
750	-5
751	-1
752	-4
753	-1
754	-4
755	-1
756	-5
757	-1
758	-3
759	-1
760	-3
761	-1
762	-4
763	-1
764	-4
765	-2
766	-4
767	-2
768	-5
769	-2
770	-5
771	-2
772	-4
773	-1
774	-4
775	-1
776	-4
777	-2
778	-5
779	-2
780	-6
781	-2
782	-3
783	-1
784	-3
785	-2
786	-4
787	-2
788	-4
789	-1
790	-4
791	-1
792	-4
793	-1
794	-3
795	-1
796	-4
797	-1
798	-5
799	-1
800	-4
801	-1
802	-2
803	-2
804	-3
805	-2
806	-5
807	-2
808	-4
809	-1
810	-4
811	-2
812	-4
813	-3
814	-7
815	-2
816	-4
817	-2
818	-5
819	-1
820	-4
821	-2
822	-5
823	-1
824	-4
825	-2
826	-3
827	-2
828	-3
829	-2
830	-3
831	0
832	-3
833	-1
834	-3
835	0
836	-3
837	-2
838	-4
839	-2
840	-5
841	-2
842	-5
843	-2
844	-3
845	-1
846	-7
847	-2
848	-5
849	-2
850	-4
851	-2
852	-6
853	-3
854	-6
855	-2
856	-4
857	-2
858	-4
859	-2
860	-5
861	-2
862	-4
863	-2
864	-5
865	-2
866	-5
867	-3
868	-6
869	-1
870	-5
871	0
872	-4
873	0
874	-3
875	-1
876	-3
877	-1
878	-4
879	-1
880	-3
881	-2
882	-3
883	-1
884	-3
885	-1
886	-4
887	-2
888	-5
889	-2
890	-4
891	0
892	-4
893	0
894	-1
895	-1
896	-6
897	0
898	-4
899	0
900	-4
901	-1
902	-4
903	0
904	-2
905	-1
906	-2
907	0
908	-3
909	-1
910	-3
911	0
912	-4
913	0
914	-4
915	0
916	-4
917	0
918	-1
919	0
920	-3
921	0
922	-2
923	0
924	-3
925	0
926	-3
927	0
928	-1
929	0
930	-2
931	0
932	0
933	0
934	-2
935	0
936	-2
937	0
938	-3
939	0
940	-2
941	0
942	-4
943	0
944	-2
945	-1
946	-2
947	0
948	-3
949	0
950	-2
951	0
952	-1
953	0
954	-1
955	0
956	-2
957	0
958	-1
959	0
960	-1
961	0
962	-3
963	0
964	-2
965	0
966	-1
967	-1
968	-3
969	-1
970	-6
971	-1
972	-4
973	-1
974	-5
975	-2
976	-3
977	-2
978	-3
979	-1
980	-4
981	-1
982	-4
983	0
984	-4
985	-1
986	-4
987	-1
988	-4
989	-1
990	-4
991	-2
992	-5
993	-2
994	-4
995	-1
996	-4
997	-1
998	-3
999	0
1000	-2
1001	-1
1002	-4
1003	-1
1004	-4
1005	-1
1006	-4
1007	-1
1008	-5
1009	0
1010	-3
1011	0
1012	-3
1013	0
1014	-4
1015	0
1016	-3
1017	0
1018	-4
1019	0
1020	-3
1021	-1
1022	-6
1023	0
1024	-4
1025	0
1026	-2
1027	0
1028	-1
1029	0
1030	-2
1031	0
1032	-1
1033	0
1034	-3
1035	0
1036	-1
1037	1
1038	-1
1039	0
1040	-1
1041	0
1042	0
1043	0
1044	0
1045	1
1046	-1
1047	1
1048	0
1049	0
1050	-1
1051	0
1052	0
1053	0
1054	0
1055	0
1056	-2
1057	0
1058	0
1059	0
1060	-2
1061	0
1062	-3
1063	0
1064	-2
1065	0
1066	-3
1067	0
1068	-4
1069	0
1070	-4
1071	0
1072	-4
1073	0
1074	-3
1075	0
1076	-3
1077	0
1078	-4
1079	-1
1080	-3
1081	-1
1082	-2
1083	0
1084	-2
1085	-1
1086	-3
1087	-1
1088	-3
1089	0
1090	-4
1091	0
1092	-3
1093	-1
1094	-2
1095	-1
1096	-4
1097	0
1098	-4
1099	-1
1100	-3
1101	0
1102	-3
1103	-1
1104	-2
1105	-1
1106	-3
1107	-1
1108	-4
1109	-1
1110	-3
1111	-1
1112	-4
1113	-1
1114	-4
1115	-1
1116	-4
1117	-1
1118	-3
1119	-1
1120	-4
1121	0
1122	-4
1123	-1
1124	-4
1125	-1
1126	-4
1127	0
1128	-3
1129	0
1130	-3
1131	0
1132	-4
1133	-1
1134	-2
1135	0
1136	-4
1137	0
1138	-1
1139	0
1140	-4
1141	0
1142	-3
1143	-1
1144	-3
1145	0
1146	-3
1147	0
1148	-2
1149	0
1150	-3
1151	0
1152	-2
1153	0
1154	-2
1155	0
1156	-1
1157	-1
1158	-3
1159	-1
1160	-3
1161	-1
1162	-4
1163	-2
1164	-3
1165	-1
1166	-4
1167	-2
1168	-1
1169	-1
1170	-3
1171	-2
1172	-3
1173	-3
1174	-3
1175	-1
1176	-4
1177	-2
1178	-3
1179	-1
1180	-4
1181	-2
1182	-4
1183	-2
1184	-5
1185	-2
1186	-4
1187	-2
1188	-4
1189	-2
1190	-4
1191	-2
1192	-5
1193	-1
1194	-5
1195	-2
1196	-4
1197	-2
1198	-3
1199	-1
1200	-3
1201	-2
1202	-3
1203	-2
1204	-5
1205	-2
1206	-4
1207	-1
1208	-4
1209	-1
1210	-2
1211	-3
1212	-4
1213	-1
1214	-4
1215	-1
1216	-3
1217	-2
1218	-4
1219	-2
1220	-4
1221	-1
1222	-4
1223	-2
1224	-4
1225	0
1226	-4
1227	-1
1228	-4
1229	-1
1230	-3
1231	0
1232	-4
1233	0
1234	-3
1235	-1
1236	-6
1237	-1
1238	-6
1239	0
1240	-4
1241	0
1242	-3
1243	0
1244	-4
1245	-1
1246	-4
1247	-1
1248	-3
1249	0
1250	-4
1251	0
1252	-3
1253	-1
1254	-2
1255	0
1256	-2
1257	0
1258	0
1259	0
1260	-2
1261	1
1262	-1
1263	1
1264	-1
1265	0
1266	-1
1267	0
1268	0
1269	0
1270	0
1271	1
1272	0
1273	1
1274	0
1275	0
1276	0
1277	1
1278	0
1279	0
1280	0
1281	1
1282	0
1283	1
1284	-2
1285	1
1286	-1
1287	0
1288	-2
1289	1
1290	0
1291	0
1292	-2
1293	1
1294	-3
1295	0
1296	-2
1297	0
1298	-2
1299	0
1300	-3
1301	-1
1302	-3
1303	0
1304	-2
1305	0
1306	-1
1307	0
1308	-2
1309	0
1310	-3
1311	-1
1312	-3
1313	0
1314	-2
1315	0
1316	-2
1317	0
1318	-2
1319	0
1320	-2
1321	0
1322	-2
1323	-1
1324	-1
1325	-1
1326	-2
1327	0
1328	-1
1329	0
1330	-2
1331	0
1332	-3
1333	0
1334	-3
1335	-1
1336	-2
1337	-1
1338	-3
1339	-1
1340	-2
1341	-1
1342	-3
1343	-1
1344	-4
1345	-1
1346	-2
1347	-1
1348	-2
1349	-2
1350	-1
1351	-1
1352	-2
1353	-1
1354	-2
1355	0
1356	-3
1357	0
1358	-2
1359	-1
1360	-2
1361	-1
1362	-3
1363	0
1364	-3
1365	0
1366	-3
1367	0
1368	-3
1369	-1
1370	-1
1371	0
1372	-1
1373	0
1374	-1
1375	0
1376	-1
1377	0
1378	-1
1379	-1
1380	-1
1381	0
1382	-1
1383	0
1384	-1
1385	0
1386	-2
1387	0
1388	-2
1389	0
1390	-2
1391	0
1392	-3
1393	0
1394	-2
1395	0
1396	-3
1397	0
1398	-2
1399	0
1400	-2
1401	-1
1402	-3
1403	-2
1404	-3
1405	-2
1406	-4
1407	-2
1408	-4
1409	-2
1410	-3
1411	-2
1412	-3
1413	-3
1414	-4
1415	-2
1416	-4
1417	-2
1418	-4
1419	-2
1420	-3
1421	-2
1422	-3
1423	-3
1424	-4
1425	-2
1426	-4
1427	-2
1428	-4
1429	-2
1430	-4
1431	-1
1432	-3
1433	-2
1434	-4
1435	-1
1436	-3
1437	-1
1438	-3
1439	-2
1440	-3
1441	-2
1442	-3
1443	-2
1444	-4
1445	-1
1446	-3
1447	0
1448	-3
1449	0
1450	-2
1451	-1
1452	-3
1453	0
1454	-2
1455	0
1456	-2
1457	0
1458	-1
1459	0
1460	-1
1461	0
1462	-1
1463	0
1464	-2
1465	0
1466	-1
1467	0
1468	-3
1469	0
1470	-2
1471	0
1472	-2
1473	-1
1474	-2
1475	-1
1476	-1
1477	0
1478	-2
1479	0
1480	-2
1481	-1
1482	-2
1483	0
1484	-3
1485	0
1486	-2
1487	0
1488	-3
1489	0
1490	-1
1491	0
1492	-2
1493	0
1494	-3
1495	0
1496	-2
1497	0
1498	-1
1499	0
1500	-2
1501	0
1502	-1
1503	0
1504	-2
1505	0
1506	-2
1507	0
1508	-1
1509	0
1510	-3
1511	-1
1512	-4
1513	0
1514	-3
1515	-1
1516	-2
1517	-1
1518	-3
1519	-1
1520	-3
1521	-1
1522	-2
1523	-1
1524	-3
1525	-2
1526	-2
1527	-2
1528	-2
1529	-1
1530	-3
1531	-1
1532	-4
1533	-1
1534	-3
1535	-1
1536	-3
1537	0
1538	-2
1539	0
1540	-3
1541	0
1542	-3
1543	-1
1544	-2
1545	-1
1546	-2
1547	-1
1548	-3
1549	0
1550	-3
1551	0
1552	-3
1553	0
1554	-3
1555	-1
1556	-2
1557	-1
1558	-2
1559	0
1560	-1
1561	0
1562	-1
1563	0
1564	-1
1565	0
1566	-2
1567	0
1568	0
1569	0
1570	-1
1571	-1
1572	-1
1573	0
1574	-1
1575	0
1576	-3
1577	0
1578	-1
1579	0
1580	0
1581	0
1582	-2
1583	0
1584	-1
1585	0
1586	-1
1587	0
1588	-2
1589	0
1590	-2
1591	0
1592	-2
1593	0
1594	-1
1595	0
1596	-2
1597	0
1598	-1
1599	0
1600	-1
1601	0
1602	0
1603	0
1604	-2
1605	0
1606	-2
1607	0
1608	-3
1609	0
1610	-2
1611	0
1612	-2
1613	0
1614	-4
1615	-1
1616	-2
1617	0
1618	-3
1619	0
1620	-4
1621	-1
1622	-3
1623	-1
1624	-3
1625	-1
1626	-3
1627	-1
1628	-2
1629	0
1630	-2
1631	0
1632	-2
1633	0
1634	-1
1635	0
1636	-2
1637	0
1638	-1
1639	0
1640	-1
1641	0
1642	-1
1643	0
1644	-1
1645	0
1646	-2
1647	0
1648	-3
1649	0
1650	-2
1651	0
1652	-2
1653	0
1654	-1
1655	0
1656	-2
1657	0
1658	-2
1659	0
1660	-2
1661	0
1662	-2
1663	0
1664	-2
1665	0
1666	-2
1667	0
1668	-2
1669	-1
1670	-2
1671	0
1672	0
1673	0
1674	0
1675	1
1676	-2
1677	1
1678	-1
1679	0
1680	-1
1681	0
1682	-1
1683	0
1684	-1
1685	0
1686	-1
1687	0
1688	-2
1689	0
1690	-2
1691	0
1692	-1
1693	0
1694	-1
1695	0
1696	-1
1697	0
1698	0
1699	0
1700	0
1701	0
1702	-2
1703	0
1704	-1
1705	0
1706	-3
1707	-1
1708	-2
1709	0
1710	-3
1711	-1
1712	-3
1713	0
1714	-2
1715	0
1716	-2
1717	0
1718	-1
1719	-1
1720	-1
1721	0
1722	-1
1723	0
1724	-2
1725	0
1726	-2
1727	0
1728	0
1729	-1
1730	0
1731	0
1732	-2
1733	0
1734	0
1735	0
1736	0
1737	0
1738	0
1739	0
1740	-1
1741	0
1742	0
1743	0
1744	-1
1745	0
1746	0
1747	0
1748	-2
1749	0
1750	-2
1751	0
1752	-1
1753	0
1754	0
1755	0
1756	-1
1757	0
1758	-2
1759	0
1760	-2
1761	-1
1762	-1
1763	-1
1764	-1
1765	0
1766	-2
1767	0
1768	-1
1769	0
1770	-1
1771	0
1772	-2
1773	0
1774	-1
1775	0
1776	-2
1777	0
1778	-1
1779	0
1780	0
1781	0
1782	-1
1783	0
1784	-1
1785	0
1786	-1
1787	0
1788	-1
1789	0
1790	-1
1791	0
1792	0
1793	0
1794	-1
1795	0
1796	-1
1797	0
1798	-1
1799	0
1800	-1
1801	0
1802	-2
1803	0
1804	-1
1805	0
1806	-1
1807	0
1808	-2
1809	0
1810	-1
1811	-1
1812	-1
1813	0
1814	-2
1815	-1
1816	-1
1817	0
1818	0
1819	0
1820	-1
1821	0
1822	-1
1823	0
1824	0
1825	1
1826	0
1827	0
1828	0
1829	1
1830	0
1831	1
1832	1
1833	1
1834	1
1835	1
1836	0
1837	2
1838	0
1839	3
1840	1
1841	2
1842	0
1843	2
1844	0
1845	1
1846	0
1847	3
1848	2
1849	3
1850	1
1851	3
1852	1
1853	3
1854	2
1855	4
1856	1
1857	3
1858	2
1859	4
1860	3
1861	4
1862	3
1863	3
1864	3
1865	4
1866	3
1867	5
1868	3
1869	5
1870	2
1871	4
1872	3
1873	4
1874	2
1875	4
1876	3
1877	4
1878	3
1879	4
1880	2
1881	3
1882	2
1883	3
1884	2
1885	3
1886	1
1887	2
1888	0
1889	2
1890	0
1891	2
1892	0
1893	0
1894	0
1895	1
1896	0
1897	0
1898	-1
1899	1
1900	0
1901	1
1902	0
1903	0
1904	0
1905	0
1906	0
1907	0
1908	0
1909	1
1910	0
1911	0
1912	0
1913	1
1914	0
1915	1
1916	0
1917	0
1918	0
1919	1
1920	0
1921	0
1922	-1
1923	0
1924	0
1925	0
1926	0
1927	0
1928	-1
1929	1
1930	-1
1931	0
1932	0
1933	0
1934	-1
1935	0
1936	-1
1937	0
1938	-1
1939	0
1940	-2
1941	0
1942	-1
1943	0
1944	-1
1945	0
1946	-1
1947	0
1948	-1
1949	0
1950	-2
1951	-1
1952	-2
1953	0
1954	-2
1955	0
1956	-2
1957	0
1958	-1
1959	0
1960	-2
1961	0
1962	-2
1963	0
1964	-3
1965	-1
1966	-2
1967	0
1968	-1
1969	0
1970	-1
1971	0
1972	-1
1973	1
1974	-1
1975	0
1976	-2
1977	0
1978	-1
1979	0
1980	-1
1981	0
1982	-1
1983	0
1984	-1
1985	1
1986	-1
1987	0
1988	0
1989	0
1990	-1
1991	0
1992	-1
1993	0
1994	-2
1995	0
1996	-2
1997	0
1998	-1
1999	0
