0	0
1	0
2	0
3	0
4	0
5	0
6	0
7	0
8	0
9	0
10	0
11	0
12	0
13	0
14	0
15	0
16	0
17	0
18	0
19	0
20	0
21	0
22	0
23	0
24	0
25	1
26	0
27	0
28	0
29	0
30	0
31	0
32	0
33	0
34	0
35	0
36	0
37	1
38	0
39	1
40	0
41	1
42	0
43	1
44	0
45	1
46	1
47	1
48	0
49	1
50	0
51	1
52	1
53	1
54	0
55	0
56	0
57	1
58	0
59	1
60	0
61	0
62	0
63	0
64	0
65	0
66	0
67	0
68	0
69	0
70	0
71	0
72	0
73	1
74	0
75	1
76	0
77	1
78	0
79	0
80	0
81	0
82	0
83	0
84	0
85	0
86	0
87	0
88	0
89	0
90	0
91	0
92	0
93	1
94	0
95	0
96	0
97	1
98	0
99	0
100	0
101	0
102	0
103	1
104	0
105	0
106	0
107	1
108	0
109	0
110	0
111	0
112	-1
113	0
114	0
115	0
116	0
117	0
118	0
119	0
120	-1
121	0
122	-1
123	0
124	-1
125	0
126	0
127	0
128	0
129	0
130	0
131	0
132	0
133	0
134	0
135	0
136	0
137	0
138	0
139	0
140	0
141	0
142	0
143	0
144	0
145	0
146	0
147	1
148	0
149	1
150	0
151	1
152	0
153	1
154	0
155	2
156	0
157	1
158	1
159	1
160	0
161	1
162	0
163	1
164	0
165	1
166	0
167	1
168	0
169	1
170	0
171	1
172	0
173	0
174	0
175	1
176	0
177	0
178	0
179	0
180	0
181	0
182	0
183	0
184	0
185	0
186	0
187	1
188	0
189	0
190	0
191	0
192	0
193	0
194	0
195	1
196	0
197	1
198	0
199	0
200	0
201	1
202	0
203	1
204	0
205	0
206	0
207	0
208	0
209	0
210	0
211	0
212	0
213	0
214	0
215	0
216	0
217	0
218	0
219	0
220	0
221	0
222	0
223	0
224	0
225	0
226	0
227	0
228	0
229	0
230	0
231	0
232	0
233	0
234	0
235	0
236	0
237	0
238	0
239	0
240	0
241	0
242	0
243	0
244	0
245	1
246	0
247	0
248	0
249	0
250	0
251	0
252	0
253	0
254	-1
255	1
256	0
257	0
258	0
259	0
260	0
261	0
262	0
263	0
264	0
265	1
266	0
267	0
268	0
269	1
270	1
271	2
272	0
273	0
274	0
275	0
276	0
277	1
278	0
279	0
280	0
281	0
282	0
283	0
284	0
285	0
286	0
287	1
288	0
289	0
290	0
291	0
292	-1
293	1
294	0
295	1
296	0
297	1
298	-1
299	0
300	0
301	0
302	0
303	0
304	0
305	1
306	0
307	1
308	-1
309	1
310	0
311	0
312	0
313	0
314	0
315	0
316	0
317	0
318	0
319	0
320	0
321	0
322	0
323	0
324	0
325	0
326	0
327	1
328	0
329	0
330	0
331	0
332	1
333	0
334	0
335	0
336	0
337	1
338	0
339	0
340	0
341	2
342	0
343	2
344	0
345	1
346	0
347	1
348	0
349	0
350	0
351	0
352	0
353	0
354	0
355	0
356	0
357	0
358	0
359	0
360	-1
361	0
362	0
363	0
364	0
365	0
366	0
367	0
368	0
369	0
370	0
371	1
372	0
373	0
374	0
375	0
376	0
377	1
378	0
379	2
380	0
381	1
382	0
383	2
384	1
385	2
386	0
387	1
388	0
389	0
390	0
391	1
392	0
393	1
394	0
395	1
396	0
397	0
398	0
399	0
400	0
401	0
402	0
403	0
404	0
405	0
406	0
407	0
408	0
409	0
410	0
411	0
412	0
413	0
414	0
415	0
416	0
417	1
418	0
419	0
420	0
421	0
422	0
423	1
424	0
425	0
426	0
427	0
428	0
429	0
430	0
431	0
432	0
433	1
434	0
435	1
436	0
437	1
438	2
439	6
440	5
441	8
442	8
443	14
444	14
445	19
446	18
447	24
448	25
449	30
450	32
451	36
452	38
453	43
454	45
455	50
456	50
457	57
458	58
459	62
460	63
461	68
462	70
463	73
464	73
465	78
466	78
467	81
468	82
469	86
470	84
471	88
472	88
473	91
474	88
475	91
476	89
477	92
478	90
479	91
480	90
481	90
482	89
483	90
484	87
485	88
486	85
487	86
488	83
489	85
490	82
491	83
492	79
493	79
494	75
495	75
496	75
497	76
498	76
499	78
500	62
501	68
502	65
503	65
504	63
505	65
506	60
507	61
508	55
509	56
510	54
511	55
512	50
513	52
514	47
515	48
516	44
517	45
518	41
519	43
520	40
521	41
522	38
523	38
524	32
525	34
526	29
527	31
528	28
529	27
530	25
531	27
532	22
533	25
534	22
535	22
536	19
537	21
538	16
539	17
540	13
541	13
542	12
543	12
544	9
545	11
546	8
547	9
548	6
549	7
550	5
551	6
552	5
553	5
554	3
555	4
556	2
557	4
558	0
559	3
560	1
561	2
562	0
563	1
564	-1
565	1
566	0
567	0
568	-1
569	0
570	-1
571	0
572	-4
573	0
574	-4
575	0
576	-4
577	0
578	-3
579	-2
580	-4
581	-2
582	-4
583	-3
584	-6
585	-2
586	-6
587	-2
588	-7
589	-4
590	-6
591	-2
592	-5
593	-2
594	-6
595	-5
596	-6
597	-5
598	-7
599	-4
600	-6
601	-4
602	-6
603	-5
604	-6
605	-5
606	-4
607	-4
608	-4
609	-4
610	-5
611	-3
612	-6
613	-2
614	-5
615	-4
616	-5
617	-2
618	-5
619	-2
620	-4
621	-2
622	-4
623	-2
624	-5
625	-2
626	-5
627	-1
628	-3
629	0
630	-2
631	-1
632	-4
633	-1
634	-4
635	0
636	-4
637	0
638	-3
639	0
640	-3
641	0
642	-2
643	-1
644	-2
645	-1
646	-4
647	-1
648	-2
649	0
650	-2
651	-1
652	-1
653	-1
654	-2
655	-1
656	-2
657	0
658	-1
659	-1
660	-2
661	0
662	-1
663	0
664	-3
665	0
666	-1
667	0
668	-1
669	0
670	-2
671	0
672	-3
673	-1
674	-4
675	0
676	-2
677	0
678	-3
679	-1
680	-2
681	-1
682	-2
683	-2
684	-1
685	-1
686	-3
687	0
688	-2
689	-1
690	-2
691	-1
692	-1
693	-1
694	-2
695	-1
696	-2
697	-1
698	-1
699	0
700	-1
701	-1
702	-2
703	0
704	-2
705	0
706	-3
707	0
708	-1
709	0
710	-1
711	0
712	-1
713	0
714	-2
715	0
716	-2
717	0
718	-1
719	0
720	-1
721	0
722	-1
723	0
724	-1
725	0
726	-2
727	0
728	-1
729	0
730	-1
731	-1
732	-2
733	0
734	-1
735	0
736	0
737	0
738	-2
739	0
740	-2
741	0
742	0
743	0
744	0
745	0
746	-1
747	0
748	0
749	0
750	0
751	0
752	-1
753	0
754	-1
755	0
756	-1
757	0
758	0
759	0
760	-1
761	0
762	0
763	-1
764	-1
765	-1
766	-2
767	0
768	-1
769	0
770	-1
771	-1
772	0
773	-1
774	-2
775	0
776	-2
777	0
778	-1
779	0
780	-1
781	0
782	-3
783	0
784	-2
785	0
786	-1
787	0
788	-2
789	-1
790	-2
791	-1
792	-1
793	-1
794	-2
795	0
796	-2
797	-1
798	-1
799	0
800	0
801	-1
802	-3
803	0
804	-2
805	0
806	0
807	-1
808	-3
809	-1
810	-2
811	-1
812	-1
813	-1
814	-3
815	0
816	-3
817	0
818	-1
819	0
820	-3
821	0
822	-2
823	0
824	-2
825	0
826	-2
827	0
828	-1
829	-1
830	-1
831	0
832	-1
833	0
834	-2
835	0
836	-1
837	0
838	-2
839	0
840	-2
841	0
842	-2
843	0
844	-3
845	0
846	-1
847	0
848	-2
849	0
850	-1
851	0
852	-2
853	0
854	-2
855	0
856	-2
857	0
858	-1
859	0
860	-2
861	0
862	-2
863	-1
864	-2
865	-1
866	-4
867	-1
868	-3
869	-2
870	-3
871	-1
872	-2
873	-1
874	-3
875	-1
876	-1
877	-2
878	-2
879	0
880	-2
881	0
882	-1
883	-1
884	-3
885	-1
886	-1
887	0
888	-3
889	-1
890	-2
891	0
892	-2
893	-1
894	-1
895	0
896	-1
897	-1
898	-3
899	0
900	0
901	0
902	-1
903	0
904	-2
905	0
906	-2
907	0
908	-2
909	0
910	-1
911	0
912	-3
913	-2
914	-2
915	-1
916	-2
917	-1
918	-4
919	0
920	-2
921	0
922	-3
923	0
924	-2
925	0
926	-2
927	0
928	-2
929	0
930	-2
931	0
932	-1
933	-1
934	-2
935	-1
936	-3
937	0
938	-1
939	-1
940	-1
941	-2
942	-3
943	-1
944	-2
945	-1
946	-2
947	-1
948	-1
949	-1
950	-3
951	-2
952	-1
953	0
954	-1
955	0
956	-1
957	-1
958	-1
959	0
960	-2
961	0
962	-1
963	0
964	-1
965	0
966	-1
967	-1
968	-1
969	0
970	-3
971	0
972	-1
973	-1
974	-1
975	-1
976	-1
977	-1
978	-2
979	-1
980	-2
981	0
982	-2
983	0
984	-3
985	-1
986	-3
987	0
988	-1
989	-1
990	-1
991	0
992	-2
993	-1
994	-2
995	-1
996	-2
997	0
998	-1
999	0
1000	-2
1001	0
1002	0
1003	0
1004	-1
1005	0
1006	0
1007	0
1008	-1
1009	0
1010	0
1011	0
1012	-1
1013	0
1014	0
1015	0
1016	0
1017	1
1018	-1
1019	0
1020	-1
1021	0
1022	-1
1023	1
1024	-3
1025	0
1026	-1
1027	0
1028	-1
1029	0
1030	-2
1031	0
1032	-2
1033	0
1034	-1
1035	-1
1036	-3
1037	0
1038	-2
1039	-1
1040	-2
1041	-2
1042	-5
1043	-2
1044	-3
1045	-1
1046	-3
1047	-1
1048	-3
1049	-1
1050	-4
1051	-1
1052	-3
1053	-2
1054	-2
1055	-1
1056	-2
1057	-2
1058	-1
1059	0
1060	-1
1061	0
1062	-1
1063	-1
1064	-2
1065	-1
1066	-1
1067	0
1068	-1
1069	-1
1070	-1
1071	-1
1072	-3
1073	0
1074	-3
1075	0
1076	-3
1077	0
1078	-1
1079	-2
1080	-1
1081	-1
1082	-1
1083	0
1084	-1
1085	-1
1086	-1
1087	-1
1088	-1
1089	-1
1090	-3
1091	-1
1092	-2
1093	-2
1094	-1
1095	-2
1096	-2
1097	-1
1098	-2
1099	0
1100	-2
1101	0
1102	-2
1103	-1
1104	-1
1105	-1
1106	-2
1107	-1
1108	-1
1109	-1
1110	-3
1111	-1
1112	-2
1113	0
1114	-2
1115	-1
1116	-1
1117	0
1118	0
1119	0
1120	-1
1121	0
1122	-1
1123	0
1124	0
1125	0
1126	-1
1127	0
1128	-1
1129	0
1130	0
1131	0
1132	0
1133	0
1134	-1
1135	0
1136	0
1137	0
1138	0
1139	0
1140	-1
1141	0
1142	0
1143	0
1144	-1
1145	0
1146	-1
1147	0
1148	-1
1149	0
1150	-1
1151	0
1152	-1
1153	0
1154	-1
1155	0
1156	0
1157	0
1158	-1
1159	0
1160	0
1161	0
1162	-1
1163	0
1164	-2
1165	0
1166	-2
1167	-1
1168	-3
1169	-1
1170	-3
1171	-1
1172	-2
1173	-1
1174	-4
1175	0
1176	-2
1177	0
1178	-1
1179	-1
1180	-2
1181	-1
1182	-2
1183	0
1184	-1
1185	-1
1186	-2
1187	-1
1188	-2
1189	-2
1190	-3
1191	-1
1192	-2
1193	0
1194	-2
1195	-1
1196	-2
1197	-1
1198	-1
1199	-1
1200	-1
1201	0
1202	-2
1203	-1
1204	-1
1205	-1
1206	-1
1207	0
1208	-3
1209	0
1210	-1
1211	0
1212	-2
1213	0
1214	-1
1215	0
1216	0
1217	0
1218	0
1219	0
1220	0
1221	0
1222	0
1223	0
1224	0
1225	1
1226	0
1227	1
1228	1
1229	1
1230	1
1231	1
1232	1
1233	1
1234	0
1235	1
1236	1
1237	1
1238	0
1239	2
1240	0
1241	2
1242	0
1243	2
1244	0
1245	2
1246	1
1247	2
1248	0
1249	1
1250	0
1251	1
1252	0
1253	1
1254	0
1255	1
1256	0
1257	1
1258	0
1259	0
1260	0
1261	1
1262	0
1263	0
1264	0
1265	0
1266	0
1267	1
1268	-2
1269	1
1270	0
1271	1
1272	0
1273	0
1274	0
1275	0
1276	0
1277	0
1278	0
1279	0
1280	0
1281	0
1282	-1
1283	0
1284	-1
1285	0
1286	0
1287	0
1288	0
1289	0
1290	0
1291	0
1292	0
1293	0
1294	0
1295	0
1296	-1
1297	0
1298	0
1299	0
1300	-1
1301	0
1302	0
1303	0
1304	-1
1305	-1
1306	-1
1307	0
1308	-1
1309	0
1310	-1
1311	-1
1312	-1
1313	-2
1314	-2
1315	-1
1316	-1
1317	-2
1318	-3
1319	-2
1320	-4
1321	-1
1322	-4
1323	0
1324	-4
1325	-1
1326	-2
1327	0
1328	-2
1329	0
1330	-1
1331	0
1332	-1
1333	0
1334	-1
1335	0
1336	-1
1337	0
1338	-1
1339	0
1340	-1
1341	0
1342	0
1343	0
1344	0
1345	0
1346	-1
1347	0
1348	-1
1349	0
1350	-1
1351	0
1352	-1
1353	0
1354	-1
1355	0
1356	0
1357	0
1358	0
1359	0
1360	-1
1361	0
1362	0
1363	0
1364	0
1365	0
1366	0
1367	0
1368	0
1369	0
1370	-1
1371	0
1372	-1
1373	0
1374	-1
1375	0
1376	0
1377	-1
1378	-1
1379	0
1380	-2
1381	-1
1382	-2
1383	0
1384	-1
1385	-1
1386	-1
1387	-1
1388	-1
1389	-1
1390	-1
1391	-1
1392	-2
1393	-1
1394	-2
1395	-1
1396	-2
1397	0
1398	-2
1399	0
1400	-2
1401	0
1402	-2
1403	0
1404	-1
1405	0
1406	-2
1407	0
1408	-2
1409	0
1410	-1
1411	0
1412	-1
1413	0
1414	-1
1415	0
1416	-1
1417	0
1418	-1
1419	0
1420	-2
1421	-1
1422	-2
1423	0
1424	-2
1425	-1
1426	0
1427	0
1428	-2
1429	0
1430	-1
1431	0
1432	-2
1433	0
1434	-3
1435	0
1436	-1
1437	0
1438	-1
1439	-1
1440	-3
1441	0
1442	-1
1443	-1
1444	-1
1445	0
1446	-1
1447	0
1448	-1
1449	0
1450	0
1451	0
1452	0
1453	0
1454	0
1455	0
1456	0
1457	0
1458	0
1459	0
1460	0
1461	0
1462	-1
1463	0
1464	-1
1465	0
1466	0
1467	0
1468	-2
1469	0
1470	0
1471	0
1472	0
1473	0
1474	-2
1475	0
1476	0
1477	0
1478	-1
1479	0
1480	-1
1481	0
1482	0
1483	0
1484	0
1485	0
1486	0
1487	0
1488	0
1489	0
1490	-1
1491	0
1492	-1
1493	0
1494	-1
1495	0
1496	-1
1497	0
1498	0
1499	0
1500	-1
1501	-1
1502	0
1503	0
1504	0
1505	0
1506	-1
1507	0
1508	0
1509	0
1510	-1
1511	0
1512	-1
1513	0
1514	-1
1515	0
1516	-2
1517	0
1518	-1
1519	-1
1520	-1
1521	-1
1522	-1
1523	0
1524	0
1525	-1
1526	-1
1527	0
1528	-2
1529	0
1530	-1
1531	0
1532	0
1533	0
1534	0
1535	0
1536	0
1537	0
1538	0
1539	0
1540	0
1541	0
1542	-1
1543	0
1544	0
1545	0
1546	0
1547	0
1548	0
1549	0
1550	0
1551	0
1552	0
1553	0
1554	0
1555	0
1556	0
1557	0
1558	-1
1559	0
1560	0
1561	0
1562	-1
1563	0
1564	-1
1565	0
1566	0
1567	0
1568	-1
1569	0
1570	-1
1571	0
1572	-1
1573	0
1574	-1
1575	0
1576	-2
1577	0
1578	-1
1579	0
1580	-1
1581	0
1582	-1
1583	0
1584	-1
1585	0
1586	-1
1587	0
1588	0
1589	0
1590	0
1591	0
1592	0
1593	0
1594	0
1595	0
1596	0
1597	0
1598	-1
1599	0
1600	-1
1601	0
1602	-1
1603	0
1604	-1
1605	0
1606	-1
1607	-1
1608	-1
1609	0
1610	0
1611	0
1612	-1
1613	0
1614	-1
1615	0
1616	-1
1617	0
1618	0
1619	0
1620	-1
1621	0
1622	-2
1623	0
1624	-1
1625	0
1626	-1
1627	0
1628	0
1629	0
1630	0
1631	0
1632	-1
1633	0
1634	0
1635	0
1636	0
1637	0
1638	-2
1639	0
1640	-1
1641	0
1642	-1
1643	0
1644	-1
1645	0
1646	0
1647	0
1648	-1
1649	0
1650	-1
1651	0
1652	-1
1653	0
1654	-1
1655	0
1656	-1
1657	0
1658	-1
1659	0
1660	0
1661	0
1662	-1
1663	0
1664	0
1665	0
1666	0
1667	0
1668	0
1669	0
1670	0
1671	0
1672	0
1673	0
1674	-1
1675	0
1676	0
1677	0
1678	0
1679	0
1680	-1
1681	0
1682	0
1683	0
1684	0
1685	0
1686	-1
1687	0
1688	-1
1689	0
1690	-1
1691	0
1692	-1
1693	0
1694	-2
1695	0
1696	-1
1697	-1
1698	-1
1699	-1
1700	0
1701	-1
1702	-1
1703	0
1704	-1
1705	0
1706	-2
1707	-1
1708	-2
1709	0
1710	-2
1711	-1
1712	-1
1713	0
1714	0
1715	0
1716	0
1717	0
1718	0
1719	0
1720	0
1721	0
1722	0
1723	0
1724	0
1725	0
1726	0
1727	0
1728	-1
1729	0
1730	0
1731	0
1732	0
1733	0
1734	0
1735	0
1736	0
1737	-1
1738	-2
1739	0
1740	-1
1741	0
1742	-1
1743	-1
1744	-1
1745	0
1746	-1
1747	0
1748	-1
1749	0
1750	-1
1751	0
1752	-1
1753	0
1754	-1
1755	0
1756	-1
1757	0
1758	0
1759	0
1760	0
1761	0
1762	0
1763	0
1764	0
1765	0
1766	0
1767	0
1768	0
1769	0
1770	0
1771	1
1772	-1
1773	0
1774	0
1775	0
1776	0
1777	0
1778	0
1779	0
1780	0
1781	0
1782	-1
1783	0
1784	-1
1785	0
1786	0
1787	0
1788	-1
1789	0
1790	0
1791	0
1792	0
1793	0
1794	0
1795	0
1796	0
1797	0
1798	0
1799	0
1800	0
1801	0
1802	0
1803	0
1804	0
1805	0
1806	0
1807	0
1808	0
1809	0
1810	0
1811	0
1812	0
1813	1
1814	0
1815	1
1816	0
1817	1
1818	0
1819	1
1820	0
1821	1
1822	0
1823	2
1824	1
1825	2
1826	0
1827	1
1828	1
1829	2
1830	0
1831	1
1832	0
1833	1
1834	0
1835	1
1836	0
1837	1
1838	0
1839	0
1840	0
1841	1
1842	0
1843	1
1844	0
1845	0
1846	0
1847	0
1848	0
1849	0
1850	0
1851	1
1852	0
1853	0
1854	0
1855	1
1856	0
1857	1
1858	0
1859	1
1860	0
1861	0
1862	0
1863	1
1864	0
1865	1
1866	0
1867	0
1868	0
1869	0
1870	0
1871	0
1872	0
1873	0
1874	0
1875	0
1876	0
1877	0
1878	0
1879	0
1880	0
1881	0
1882	0
1883	0
1884	0
1885	0
1886	0
1887	0
1888	-1
1889	0
1890	0
1891	0
1892	-1
1893	0
1894	0
1895	0
1896	0
1897	0
1898	-1
1899	0
1900	-1
1901	0
1902	-2
1903	0
1904	0
1905	0
1906	0
1907	0
1908	-1
1909	0
1910	0
1911	0
1912	0
1913	0
1914	0
1915	0
1916	0
1917	0
1918	0
1919	1
1920	0
1921	0
1922	0
1923	1
1924	1
1925	0
1926	0
1927	1
1928	0
1929	0
1930	0
1931	1
1932	0
1933	1
1934	1
1935	0
1936	0
1937	1
1938	0
1939	1
1940	0
1941	1
1942	0
1943	1
1944	0
1945	1
1946	1
1947	1
1948	0
1949	1
1950	0
1951	1
1952	0
1953	1
1954	1
1955	1
1956	1
1957	2
1958	1
1959	1
1960	1
1961	0
1962	0
1963	1
1964	0
1965	2
1966	1
1967	2
1968	0
1969	1
1970	0
1971	2
1972	0
1973	2
1974	0
1975	1
1976	0
1977	1
1978	0
1979	0
1980	0
1981	1
1982	1
1983	1
1984	0
1985	2
1986	0
1987	2
1988	1
1989	2
1990	1
1991	2
1992	0
1993	2
1994	1
1995	2
1996	1
1997	1
1998	1
1999	2
