0	0
1	0
2	0
3	0
4	0
5	0
6	0
7	0
8	0
9	0
10	0
11	0
12	0
13	1
14	0
15	1
16	0
17	0
18	0
19	0
20	0
21	1
22	0
23	1
24	0
25	0
26	0
27	0
28	0
29	1
30	1
31	2
32	1
33	2
34	1
35	2
36	0
37	3
38	1
39	2
40	0
41	2
42	1
43	2
44	0
45	1
46	1
47	1
48	0
49	2
50	0
51	1
52	0
53	1
54	0
55	1
56	0
57	0
58	0
59	0
60	0
61	0
62	0
63	0
64	0
65	0
66	0
67	0
68	0
69	0
70	0
71	0
72	0
73	0
74	0
75	0
76	0
77	0
78	0
79	0
80	0
81	0
82	0
83	0
84	0
85	0
86	0
87	0
88	0
89	0
90	0
91	0
92	0
93	0
94	0
95	0
96	0
97	0
98	0
99	0
100	0
101	0
102	0
103	1
104	0
105	0
106	0
107	0
108	0
109	0
110	0
111	0
112	-1
113	0
114	0
115	0
116	0
117	-1
118	0
119	0
120	0
121	0
122	0
123	2
124	0
125	1
126	1
127	1
128	0
129	1
130	1
131	2
132	1
133	1
134	0
135	1
136	1
137	2
138	1
139	1
140	2
141	1
142	1
143	1
144	1
145	0
146	0
147	0
148	0
149	0
150	0
151	0
152	0
153	0
154	0
155	0
156	0
157	0
158	0
159	0
160	0
161	0
162	0
163	0
164	0
165	1
166	0
167	0
168	0
169	1
170	0
171	0
172	1
173	0
174	0
175	1
176	0
177	1
178	0
179	0
180	1
181	0
182	0
183	0
184	0
185	0
186	0
187	0
188	0
189	0
190	0
191	0
192	0
193	0
194	0
195	0
196	0
197	0
198	0
199	-1
200	-1
201	0
202	0
203	0
204	0
205	0
206	0
207	0
208	0
209	0
210	0
211	0
212	0
213	1
214	0
215	1
216	0
217	1
218	0
219	0
220	0
221	2
222	0
223	2
224	0
225	0
226	0
227	0
228	1
229	0
230	0
231	0
232	0
233	0
234	0
235	0
236	0
237	0
238	0
239	0
240	0
241	0
242	0
243	0
244	0
245	0
246	0
247	0
248	0
249	0
250	0
251	0
252	0
253	0
254	0
255	0
256	0
257	0
258	0
259	0
260	0
261	1
262	0
263	1
264	1
265	1
266	0
267	2
268	1
269	1
270	1
271	1
272	0
273	1
274	0
275	0
276	0
277	0
278	0
279	0
280	0
281	0
282	0
283	0
284	0
285	0
286	1
287	0
288	0
289	0
290	0
291	0
292	1
293	0
294	0
295	0
296	0
297	0
298	1
299	0
300	1
301	1
302	0
303	0
304	1
305	1
306	1
307	2
308	0
309	1
310	0
311	1
312	0
313	1
314	1
315	1
316	0
317	0
318	0
319	0
320	0
321	0
322	0
323	0
324	0
325	0
326	0
327	0
328	0
329	0
330	0
331	0
332	-1
333	-1
334	0
335	0
336	-1
337	0
338	0
339	0
340	0
341	0
342	0
343	0
344	0
345	1
346	0
347	1
348	0
349	2
350	1
351	1
352	1
353	0
354	1
355	1
356	1
357	0
358	1
359	0
360	0
361	1
362	0
363	0
364	1
365	0
366	0
367	0
368	0
369	0
370	0
371	0
372	0
373	0
374	0
375	0
376	0
377	0
378	0
379	0
380	0
381	0
382	0
383	0
384	0
385	0
386	0
387	0
388	0
389	0
390	0
391	0
392	1
393	0
394	0
395	1
396	0
397	1
398	0
399	0
400	1
401	0
402	0
403	0
404	0
405	0
406	0
407	0
408	0
409	0
410	0
411	0
412	0
413	0
414	0
415	0
416	0
417	0
418	0
419	0
420	0
421	0
422	0
423	0
424	0
425	0
426	1
427	0
428	1
429	1
430	1
431	3
432	6
433	7
434	9
435	13
436	16
437	17
438	19
439	25
440	27
441	31
442	33
443	39
444	41
445	45
446	48
447	53
448	55
449	59
450	63
451	67
452	69
453	75
454	77
455	82
456	83
457	87
458	89
459	94
460	94
461	97
462	99
463	101
464	101
465	107
466	105
467	110
468	110
469	109
470	109
471	110
472	110
473	110
474	109
475	110
476	108
477	108
478	108
479	107
480	104
481	104
482	101
483	101
484	100
485	97
486	96
487	95
488	91
489	91
490	87
491	87
492	84
493	85
494	83
495	78
496	75
497	76
498	76
499	78
500	62
501	66
502	64
503	65
504	62
505	59
506	57
507	55
508	53
509	52
510	49
511	47
512	44
513	44
514	41
515	41
516	38
517	38
518	34
519	34
520	31
521	31
522	29
523	28
524	26
525	24
526	23
527	21
528	18
529	19
530	16
531	15
532	13
533	13
534	11
535	11
536	9
537	8
538	5
539	5
540	2
541	3
542	0
543	0
544	-1
545	-1
546	-2
547	-3
548	-4
549	-3
550	-4
551	-4
552	-5
553	-6
554	-5
555	-5
556	-6
557	-8
558	-8
559	-7
560	-8
561	-8
562	-8
563	-8
564	-8
565	-10
566	-10
567	-10
568	-9
569	-11
570	-11
571	-11
572	-11
573	-12
574	-13
575	-12
576	-12
577	-12
578	-12
579	-12
580	-13
581	-12
582	-13
583	-13
584	-14
585	-13
586	-13
587	-13
588	-13
589	-13
590	-14
591	-14
592	-14
593	-13
594	-14
595	-13
596	-14
597	-13
598	-13
599	-13
600	-14
601	-13
602	-13
603	-13
604	-12
605	-13
606	-13
607	-11
608	-12
609	-11
610	-12
611	-12
612	-12
613	-11
614	-12
615	-12
616	-13
617	-10
618	-11
619	-8
620	-10
621	-10
622	-10
623	-9
624	-8
625	-8
626	-10
627	-10
628	-11
629	-7
630	-9
631	-7
632	-9
633	-8
634	-7
635	-8
636	-8
637	-8
638	-7
639	-7
640	-7
641	-6
642	-8
643	-6
644	-8
645	-6
646	-6
647	-4
648	-5
649	-6
650	-5
651	-5
652	-5
653	-3
654	-4
655	-4
656	-3
657	-3
658	-4
659	-4
660	-3
661	-4
662	-4
663	-2
664	-3
665	-3
666	-2
667	-1
668	-1
669	-1
670	-2
671	-2
672	-3
673	-1
674	-3
675	-2
676	-3
677	-2
678	-2
679	-1
680	-2
681	-1
682	-2
683	-1
684	-1
685	-3
686	-3
687	-2
688	-2
689	-2
690	-3
691	-2
692	-2
693	-2
694	-1
695	-2
696	-2
697	-2
698	-3
699	-2
700	-1
701	-3
702	-2
703	-2
704	-1
705	-1
706	-2
707	-2
708	-3
709	-1
710	-2
711	-1
712	-1
713	-1
714	-1
715	-1
716	0
717	-1
718	-1
719	0
720	-2
721	-1
722	-1
723	-1
724	-1
725	-2
726	0
727	-2
728	-2
729	-1
730	-1
731	0
732	-2
733	-1
734	-2
735	-1
736	-3
737	0
738	-1
739	-1
740	-1
741	-1
742	-1
743	-1
744	-1
745	0
746	-2
747	-1
748	-2
749	-1
750	-1
751	-1
752	-1
753	-1
754	-3
755	-2
756	-2
757	-1
758	-2
759	-1
760	-2
761	-1
762	-1
763	-1
764	-1
765	-2
766	-2
767	-2
768	-2
769	-2
770	-2
771	-2
772	-3
773	-3
774	-2
775	-1
776	-2
777	-2
778	-3
779	-1
780	-2
781	0
782	-2
783	-2
784	-1
785	-1
786	-1
787	-2
788	-1
789	-2
790	-1
791	-2
792	-2
793	-2
794	0
795	-1
796	-1
797	0
798	-1
799	-2
800	-1
801	0
802	-1
803	0
804	-1
805	0
806	-1
807	0
808	-1
809	-1
810	-2
811	-1
812	-1
813	-1
814	-3
815	-1
816	-2
817	-2
818	-2
819	-3
820	-2
821	-2
822	-3
823	-2
824	-2
825	-4
826	-1
827	-2
828	-2
829	-2
830	-2
831	-1
832	-2
833	0
834	-1
835	-1
836	-1
837	-1
838	-3
839	-1
840	-2
841	-2
842	-2
843	-1
844	-2
845	0
846	-1
847	-1
848	-1
849	-1
850	-1
851	-1
852	-2
853	-2
854	-2
855	-2
856	-1
857	-1
858	-1
859	-1
860	-1
861	-2
862	-1
863	-1
864	-2
865	-2
866	-2
867	-2
868	-1
869	-1
870	-2
871	-1
872	-2
873	-3
874	-2
875	-2
876	-1
877	-1
878	-1
879	-2
880	0
881	-2
882	-2
883	-1
884	-2
885	-1
886	-1
887	-1
888	-2
889	-1
890	0
891	-2
892	-2
893	-1
894	-2
895	-1
896	-2
897	-1
898	-1
899	0
900	-1
901	0
902	-1
903	0
904	0
905	-1
906	-1
907	-1
908	-1
909	-1
910	0
911	0
912	-1
913	0
914	-2
915	0
916	-1
917	0
918	0
919	0
920	0
921	0
922	0
923	-1
924	0
925	0
926	0
927	0
928	0
929	0
930	0
931	0
932	0
933	0
934	-1
935	-1
936	-1
937	-2
938	-2
939	-2
940	-1
941	-1
942	-2
943	-2
944	-2
945	-1
946	0
947	-2
948	-2
949	-2
950	-2
951	-1
952	-2
953	0
954	-2
955	-1
956	-2
957	0
958	-1
959	0
960	-2
961	-3
962	-2
963	-2
964	-3
965	-1
966	-2
967	-3
968	-2
969	-3
970	-2
971	-2
972	-3
973	-2
974	-3
975	-1
976	-2
977	-3
978	-3
979	-3
980	-2
981	-2
982	-2
983	-2
984	-2
985	-1
986	-2
987	-2
988	-3
989	0
990	-2
991	-1
992	-1
993	0
994	-2
995	-1
996	-2
997	-1
998	-1
999	-1
1000	-2
1001	0
1002	-1
1003	-1
1004	-2
1005	-1
1006	-1
1007	-1
1008	-1
1009	-1
1010	-1
1011	-1
1012	-1
1013	0
1014	-2
1015	-1
1016	-2
1017	-1
1018	-3
1019	-1
1020	-2
1021	-1
1022	-1
1023	-2
1024	-2
1025	-2
1026	-2
1027	-1
1028	-1
1029	-1
1030	-1
1031	-1
1032	-1
1033	-2
1034	-2
1035	-2
1036	0
1037	0
1038	-1
1039	-1
1040	0
1041	-2
1042	-1
1043	-1
1044	-1
1045	0
1046	0
1047	-1
1048	0
1049	-1
1050	-1
1051	0
1052	0
1053	0
1054	0
1055	0
1056	-1
1057	0
1058	-2
1059	0
1060	0
1061	-1
1062	-1
1063	-1
1064	-2
1065	-2
1066	-3
1067	-2
1068	-3
1069	-1
1070	-3
1071	-2
1072	-2
1073	-3
1074	-4
1075	-3
1076	-3
1077	-2
1078	-2
1079	-2
1080	-4
1081	-2
1082	-3
1083	-1
1084	-2
1085	-2
1086	-2
1087	0
1088	-3
1089	-1
1090	-3
1091	-1
1092	-1
1093	-1
1094	-1
1095	0
1096	-1
1097	0
1098	-1
1099	0
1100	0
1101	0
1102	0
1103	-1
1104	0
1105	-1
1106	0
1107	0
1108	0
1109	0
1110	0
1111	-1
1112	-1
1113	0
1114	0
1115	-1
1116	0
1117	-1
1118	-1
1119	-1
1120	-1
1121	-2
1122	-2
1123	-2
1124	-3
1125	-1
1126	-3
1127	-2
1128	-2
1129	-2
1130	-2
1131	-1
1132	-2
1133	0
1134	-2
1135	0
1136	-1
1137	-1
1138	0
1139	0
1140	0
1141	-1
1142	-1
1143	-1
1144	0
1145	0
1146	0
1147	0
1148	-1
1149	0
1150	0
1151	-1
1152	-1
1153	-1
1154	-1
1155	0
1156	-2
1157	-1
1158	-2
1159	-1
1160	-1
1161	-1
1162	0
1163	-1
1164	-1
1165	-1
1166	0
1167	0
1168	-1
1169	-1
1170	-2
1171	0
1172	-1
1173	0
1174	0
1175	0
1176	-1
1177	-1
1178	-2
1179	0
1180	-1
1181	-1
1182	-1
1183	0
1184	0
1185	0
1186	-1
1187	0
1188	-1
1189	0
1190	-1
1191	0
1192	-1
1193	0
1194	0
1195	-1
1196	-1
1197	-1
1198	-1
1199	-1
1200	-2
1201	-1
1202	-2
1203	-1
1204	-2
1205	-2
1206	-2
1207	-2
1208	-2
1209	-1
1210	-1
1211	0
1212	-2
1213	-1
1214	-3
1215	-2
1216	-3
1217	0
1218	-2
1219	-2
1220	-1
1221	-2
1222	-1
1223	0
1224	-1
1225	-1
1226	-1
1227	-1
1228	0
1229	0
1230	-1
1231	-1
1232	0
1233	-1
1234	-1
1235	-1
1236	-1
1237	0
1238	0
1239	0
1240	0
1241	0
1242	-1
1243	0
1244	0
1245	0
1246	0
1247	0
1248	0
1249	0
1250	-2
1251	-1
1252	-1
1253	-1
1254	-1
1255	0
1256	-1
1257	0
1258	0
1259	-1
1260	0
1261	0
1262	-1
1263	0
1264	0
1265	-1
1266	-1
1267	-1
1268	-1
1269	-1
1270	-2
1271	-1
1272	-1
1273	0
1274	-2
1275	0
1276	-1
1277	0
1278	-1
1279	-1
1280	-2
1281	0
1282	-3
1283	0
1284	-2
1285	-2
1286	-2
1287	-1
1288	-1
1289	-1
1290	-2
1291	-2
1292	-1
1293	-1
1294	-1
1295	-1
1296	0
1297	0
1298	0
1299	0
1300	0
1301	0
1302	0
1303	0
1304	0
1305	0
1306	0
1307	0
1308	0
1309	0
1310	0
1311	0
1312	-1
1313	0
1314	0
1315	0
1316	0
1317	0
1318	-1
1319	0
1320	-1
1321	0
1322	-1
1323	0
1324	0
1325	0
1326	-2
1327	0
1328	-1
1329	-1
1330	-1
1331	0
1332	-1
1333	-1
1334	-1
1335	-2
1336	-2
1337	-2
1338	-1
1339	-1
1340	-2
1341	0
1342	-2
1343	0
1344	-2
1345	-1
1346	-1
1347	-1
1348	0
1349	0
1350	-2
1351	0
1352	0
1353	0
1354	0
1355	0
1356	-1
1357	0
1358	0
1359	0
1360	0
1361	0
1362	0
1363	0
1364	0
1365	0
1366	0
1367	0
1368	0
1369	0
1370	-1
1371	0
1372	0
1373	0
1374	-1
1375	0
1376	0
1377	0
1378	-1
1379	0
1380	-2
1381	0
1382	-2
1383	-1
1384	-1
1385	-1
1386	-1
1387	0
1388	-1
1389	0
1390	0
1391	-1
1392	-1
1393	-1
1394	-1
1395	0
1396	-1
1397	0
1398	-1
1399	0
1400	0
1401	0
1402	0
1403	0
1404	0
1405	0
1406	0
1407	0
1408	0
1409	0
1410	0
1411	0
1412	0
1413	-1
1414	-1
1415	0
1416	0
1417	0
1418	-1
1419	-1
1420	-1
1421	-1
1422	-2
1423	-1
1424	-2
1425	0
1426	-2
1427	-1
1428	-2
1429	-2
1430	-1
1431	-2
1432	-1
1433	-2
1434	-2
1435	0
1436	-1
1437	-1
1438	-1
1439	-1
1440	0
1441	-1
1442	0
1443	-1
1444	0
1445	0
1446	0
1447	-1
1448	0
1449	0
1450	0
1451	0
1452	0
1453	0
1454	-1
1455	0
1456	0
1457	0
1458	0
1459	0
1460	0
1461	0
1462	0
1463	0
1464	0
1465	0
1466	-1
1467	0
1468	0
1469	0
1470	0
1471	0
1472	0
1473	0
1474	-1
1475	0
1476	0
1477	-1
1478	0
1479	0
1480	0
1481	0
1482	0
1483	0
1484	0
1485	0
1486	0
1487	0
1488	0
1489	0
1490	0
1491	0
1492	0
1493	0
1494	0
1495	0
1496	0
1497	0
1498	0
1499	0
1500	0
1501	0
1502	-1
1503	0
1504	0
1505	-1
1506	0
1507	0
1508	0
1509	0
1510	0
1511	0
1512	0
1513	0
1514	0
1515	0
1516	0
1517	0
1518	1
1519	0
1520	0
1521	0
1522	0
1523	0
1524	1
1525	1
1526	0
1527	1
1528	0
1529	1
1530	0
1531	1
1532	1
1533	0
1534	0
1535	1
1536	1
1537	1
1538	0
1539	1
1540	0
1541	1
1542	0
1543	0
1544	1
1545	1
1546	0
1547	1
1548	1
1549	1
1550	1
1551	1
1552	0
1553	1
1554	0
1555	1
1556	1
1557	0
1558	0
1559	0
1560	1
1561	0
1562	1
1563	1
1564	1
1565	0
1566	1
1567	0
1568	1
1569	0
1570	1
1571	0
1572	0
1573	0
1574	0
1575	1
1576	0
1577	0
1578	0
1579	0
1580	0
1581	0
1582	0
1583	0
1584	0
1585	0
1586	0
1587	0
1588	0
1589	0
1590	0
1591	0
1592	0
1593	0
1594	0
1595	1
1596	0
1597	0
1598	0
1599	0
1600	0
1601	0
1602	0
1603	0
1604	1
1605	1
1606	1
1607	1
1608	1
1609	1
1610	1
1611	2
1612	1
1613	2
1614	0
1615	1
1616	1
1617	1
1618	2
1619	1
1620	1
1621	2
1622	1
1623	1
1624	0
1625	1
1626	1
1627	0
1628	0
1629	1
1630	0
1631	0
1632	1
1633	1
1634	1
1635	0
1636	0
1637	0
1638	1
1639	0
1640	0
1641	0
1642	0
1643	0
1644	0
1645	1
1646	0
1647	0
1648	0
1649	1
1650	0
1651	0
1652	0
1653	0
1654	0
1655	0
1656	1
1657	0
1658	0
1659	0
1660	0
1661	0
1662	0
1663	0
1664	0
1665	0
1666	0
1667	0
1668	1
1669	0
1670	0
1671	0
1672	0
1673	0
1674	0
1675	0
1676	0
1677	0
1678	0
1679	0
1680	0
1681	0
1682	-1
1683	0
1684	0
1685	0
1686	0
1687	0
1688	-1
1689	-1
1690	0
1691	0
1692	0
1693	0
1694	0
1695	0
1696	0
1697	0
1698	0
1699	0
1700	-1
1701	0
1702	0
1703	0
1704	0
1705	0
1706	0
1707	0
1708	0
1709	0
1710	1
1711	0
1712	0
1713	0
1714	0
1715	0
1716	0
1717	1
1718	0
1719	1
1720	0
1721	1
1722	0
1723	0
1724	0
1725	0
1726	0
1727	0
1728	1
1729	0
1730	0
1731	0
1732	0
1733	0
1734	1
1735	0
1736	0
1737	1
1738	1
1739	1
1740	1
1741	1
1742	1
1743	1
1744	1
1745	1
1746	1
1747	0
1748	1
1749	1
1750	1
1751	1
1752	1
1753	1
1754	1
1755	0
1756	0
1757	0
1758	1
1759	1
1760	1
1761	1
1762	1
1763	0
1764	0
1765	1
1766	0
1767	1
1768	0
1769	1
1770	0
1771	0
1772	0
1773	1
1774	0
1775	1
1776	0
1777	0
1778	0
1779	0
1780	0
1781	0
1782	0
1783	0
1784	0
1785	0
1786	-1
1787	-1
1788	0
1789	0
1790	-1
1791	0
1792	-1
1793	0
1794	-1
1795	0
1796	0
1797	0
1798	-2
1799	0
1800	-1
1801	-1
1802	-1
1803	0
1804	0
1805	0
1806	0
1807	0
1808	0
1809	0
1810	0
1811	-1
1812	0
1813	-1
1814	0
1815	0
1816	0
1817	0
1818	0
1819	-1
1820	0
1821	0
1822	0
1823	0
1824	0
1825	0
1826	-1
1827	0
1828	0
1829	0
1830	0
1831	0
1832	0
1833	0
1834	0
1835	0
1836	0
1837	0
1838	1
1839	0
1840	1
1841	1
1842	0
1843	1
1844	0
1845	1
1846	1
1847	1
1848	0
1849	0
1850	1
1851	1
1852	1
1853	1
1854	1
1855	1
1856	1
1857	1
1858	2
1859	1
1860	1
1861	1
1862	1
1863	1
1864	2
1865	1
1866	1
1867	1
1868	1
1869	1
1870	2
1871	1
1872	1
1873	1
1874	0
1875	1
1876	1
1877	1
1878	1
1879	1
1880	1
1881	1
1882	1
1883	1
1884	1
1885	2
1886	0
1887	0
1888	0
1889	0
1890	2
1891	0
1892	0
1893	0
1894	1
1895	0
1896	0
1897	0
1898	0
1899	0
1900	0
1901	0
1902	0
1903	0
1904	0
1905	0
1906	0
1907	0
1908	0
1909	0
1910	0
1911	0
1912	0
1913	0
1914	0
1915	0
1916	0
1917	0
1918	0
1919	0
1920	-1
1921	-1
1922	0
1923	0
1924	-2
1925	0
1926	0
1927	0
1928	0
1929	0
1930	0
1931	0
1932	0
1933	0
1934	0
1935	0
1936	0
1937	-1
1938	0
1939	0
1940	0
1941	-1
1942	0
1943	0
1944	-1
1945	0
1946	0
1947	-1
1948	0
1949	-1
1950	0
1951	-1
1952	0
1953	-1
1954	-1
1955	-1
1956	-1
1957	0
1958	-2
1959	0
1960	-1
1961	-1
1962	-1
1963	0
1964	0
1965	-1
1966	0
1967	-1
1968	0
1969	-1
1970	0
1971	-1
1972	-1
1973	-1
1974	-1
1975	0
1976	0
1977	0
1978	0
1979	0
1980	0
1981	0
1982	0
1983	0
1984	0
1985	0
1986	0
1987	0
1988	0
1989	0
1990	-1
1991	0
1992	0
1993	0
1994	0
1995	-1
1996	0
1997	0
1998	-1
1999	0
