0	-1
1	0
2	0
3	0
4	0
5	0
6	0
7	0
8	0
9	1
10	0
11	0
12	0
13	1
14	0
15	1
16	0
17	0
18	0
19	1
20	1
21	1
22	1
23	1
24	1
25	2
26	0
27	2
28	1
29	2
30	0
31	4
32	1
33	3
34	0
35	2
36	1
37	2
38	1
39	2
40	2
41	2
42	1
43	3
44	0
45	1
46	0
47	1
48	0
49	2
50	0
51	2
52	0
53	1
54	0
55	0
56	0
57	1
58	0
59	0
60	0
61	0
62	0
63	0
64	-1
65	0
66	0
67	-1
68	-1
69	0
70	-1
71	0
72	0
73	0
74	-1
75	0
76	0
77	0
78	0
79	0
80	0
81	0
82	-1
83	0
84	0
85	0
86	0
87	0
88	-1
89	0
90	0
91	0
92	0
93	0
94	0
95	0
96	-1
97	0
98	0
99	-1
100	0
101	-1
102	-1
103	-1
104	-1
105	-1
106	0
107	0
108	-1
109	-1
110	0
111	0
112	0
113	0
114	0
115	0
116	-1
117	0
118	0
119	1
120	0
121	2
122	1
123	2
124	1
125	1
126	1
127	3
128	1
129	2
130	1
131	2
132	1
133	2
134	1
135	2
136	1
137	3
138	1
139	2
140	1
141	3
142	1
143	3
144	1
145	2
146	1
147	2
148	0
149	3
150	1
151	2
152	0
153	1
154	0
155	1
156	0
157	2
158	0
159	1
160	-1
161	0
162	0
163	0
164	0
165	0
166	-1
167	0
168	0
169	0
170	0
171	0
172	-1
173	0
174	-1
175	0
176	-1
177	0
178	-1
179	0
180	-1
181	0
182	0
183	0
184	0
185	0
186	0
187	0
188	-1
189	0
190	-1
191	0
192	-1
193	0
194	-1
195	0
196	0
197	0
198	0
199	0
200	0
201	1
202	0
203	0
204	0
205	1
206	0
207	0
208	0
209	0
210	0
211	0
212	0
213	1
214	0
215	0
216	0
217	1
218	0
219	0
220	0
221	1
222	0
223	1
224	0
225	2
226	0
227	2
228	0
229	0
230	0
231	1
232	0
233	1
234	0
235	1
236	0
237	1
238	0
239	1
240	0
241	2
242	0
243	2
244	0
245	2
246	1
247	1
248	0
249	2
250	1
251	1
252	0
253	1
254	0
255	1
256	0
257	1
258	0
259	1
260	0
261	0
262	0
263	1
264	0
265	1
266	0
267	1
268	0
269	0
270	0
271	1
272	0
273	0
274	0
275	0
276	0
277	0
278	0
279	0
280	0
281	1
282	0
283	1
284	0
285	0
286	0
287	0
288	0
289	1
290	0
291	0
292	1
293	1
294	0
295	1
296	0
297	0
298	1
299	0
300	0
301	1
302	1
303	1
304	0
305	1
306	0
307	1
308	0
309	2
310	0
311	2
312	0
313	0
314	0
315	0
316	0
317	1
318	0
319	0
320	0
321	0
322	0
323	0
324	-1
325	0
326	0
327	0
328	0
329	1
330	0
331	0
332	0
333	0
334	0
335	2
336	0
337	1
338	0
339	0
340	0
341	1
342	0
343	0
344	0
345	0
346	0
347	2
348	-1
349	1
350	0
351	2
352	0
353	0
354	0
355	1
356	0
357	1
358	0
359	0
360	0
361	0
362	0
363	0
364	0
365	0
366	0
367	0
368	0
369	0
370	0
371	0
372	0
373	1
374	0
375	1
376	0
377	0
378	0
379	0
380	0
381	1
382	0
383	0
384	0
385	1
386	0
387	2
388	0
389	2
390	0
391	1
392	0
393	2
394	0
395	2
396	1
397	1
398	0
399	0
400	1
401	2
402	1
403	1
404	0
405	1
406	0
407	1
408	0
409	0
410	0
411	0
412	0
413	0
414	1
415	0
416	0
417	1
418	0
419	1
420	0
421	2
422	0
423	2
424	0
425	1
426	1
427	2
428	1
429	3
430	2
431	7
432	6
433	10
434	11
435	15
436	17
437	21
438	22
439	28
440	30
441	36
442	37
443	43
444	47
445	51
446	54
447	61
448	63
449	69
450	72
451	77
452	80
453	87
454	88
455	95
456	96
457	102
458	103
459	108
460	111
461	116
462	118
463	122
464	122
465	127
466	128
467	131
468	130
469	133
470	131
471	134
472	133
473	134
474	131
475	133
476	129
477	130
478	127
479	127
480	123
481	122
482	119
483	117
484	113
485	113
486	108
487	107
488	101
489	101
490	97
491	96
492	90
493	88
494	85
495	84
496	78
497	78
498	77
499	78
500	62
501	65
502	64
503	63
504	60
505	57
506	52
507	53
508	50
509	49
510	44
511	43
512	39
513	39
514	36
515	36
516	31
517	32
518	28
519	28
520	25
521	24
522	20
523	21
524	18
525	18
526	15
527	15
528	12
529	10
530	9
531	9
532	4
533	5
534	2
535	2
536	0
537	0
538	-2
539	-1
540	-4
541	-4
542	-6
543	-4
544	-7
545	-8
546	-9
547	-9
548	-10
549	-9
550	-11
551	-11
552	-12
553	-11
554	-14
555	-13
556	-14
557	-14
558	-16
559	-14
560	-16
561	-14
562	-15
563	-14
564	-15
565	-14
566	-15
567	-14
568	-14
569	-14
570	-16
571	-13
572	-16
573	-14
574	-16
575	-14
576	-16
577	-13
578	-16
579	-13
580	-16
581	-14
582	-16
583	-14
584	-15
585	-14
586	-16
587	-14
588	-15
589	-15
590	-16
591	-14
592	-16
593	-14
594	-15
595	-14
596	-14
597	-13
598	-16
599	-14
600	-13
601	-13
602	-15
603	-14
604	-15
605	-11
606	-13
607	-11
608	-12
609	-11
610	-11
611	-11
612	-11
613	-10
614	-11
615	-9
616	-10
617	-10
618	-10
619	-7
620	-9
621	-7
622	-10
623	-9
624	-9
625	-8
626	-8
627	-8
628	-8
629	-7
630	-8
631	-6
632	-7
633	-6
634	-7
635	-6
636	-9
637	-6
638	-8
639	-5
640	-9
641	-8
642	-7
643	-8
644	-7
645	-6
646	-6
647	-6
648	-6
649	-5
650	-5
651	-5
652	-4
653	-5
654	-5
655	-5
656	-6
657	-4
658	-5
659	-5
660	-6
661	-4
662	-4
663	-3
664	-4
665	-3
666	-4
667	-2
668	-5
669	-2
670	-4
671	-3
672	-4
673	-2
674	-4
675	-4
676	-4
677	-4
678	-4
679	-4
680	-5
681	-3
682	-4
683	-3
684	-6
685	-2
686	-4
687	-3
688	-4
689	-3
690	-5
691	-3
692	-5
693	-3
694	-4
695	-2
696	-5
697	-2
698	-3
699	-2
700	-3
701	-2
702	-4
703	-1
704	-3
705	-2
706	-2
707	-1
708	-3
709	-1
710	-2
711	-1
712	-2
713	-1
714	-2
715	0
716	-1
717	0
718	-1
719	0
720	-1
721	-1
722	-1
723	-1
724	-2
725	-1
726	-2
727	0
728	-2
729	-1
730	-3
731	-2
732	-4
733	-1
734	-3
735	-3
736	-4
737	-3
738	-4
739	-3
740	-5
741	-3
742	-4
743	-4
744	-5
745	-4
746	-6
747	-4
748	-4
749	-4
750	-5
751	-3
752	-6
753	-4
754	-6
755	-5
756	-6
757	-3
758	-4
759	-3
760	-4
761	-3
762	-4
763	-2
764	-4
765	-1
766	-4
767	-1
768	-3
769	-1
770	-2
771	0
772	-1
773	0
774	0
775	0
776	-1
777	0
778	0
779	1
780	0
781	0
782	-2
783	0
784	-1
785	0
786	-1
787	0
788	-1
789	-1
790	0
791	0
792	-3
793	-2
794	-1
795	0
796	-2
797	-1
798	-2
799	0
800	-2
801	-2
802	-2
803	0
804	-2
805	0
806	-3
807	0
808	-2
809	-1
810	-1
811	0
812	-1
813	-1
814	-2
815	-2
816	-1
817	0
818	-1
819	0
820	-1
821	0
822	-1
823	0
824	-2
825	0
826	0
827	0
828	-2
829	0
830	-2
831	0
832	-2
833	-1
834	0
835	0
836	-1
837	-1
838	-3
839	-1
840	-2
841	0
842	-3
843	-2
844	-4
845	-2
846	-2
847	-1
848	-4
849	-3
850	-3
851	-2
852	-4
853	-3
854	-5
855	-2
856	-3
857	-3
858	-3
859	-2
860	-4
861	-2
862	-4
863	-1
864	-5
865	-2
866	-4
867	-2
868	-5
869	-3
870	-4
871	-3
872	-4
873	-3
874	-4
875	-3
876	-4
877	-4
878	-5
879	-4
880	-5
881	-4
882	-5
883	-4
884	-6
885	-3
886	-5
887	-3
888	-4
889	-5
890	-4
891	-5
892	-5
893	-6
894	-6
895	-4
896	-6
897	-4
898	-5
899	-4
900	-6
901	-4
902	-6
903	-4
904	-5
905	-3
906	-4
907	-3
908	-4
909	-3
910	-3
911	-3
912	-4
913	-3
914	-4
915	-3
916	-3
917	-2
918	-4
919	-1
920	-4
921	-3
922	-3
923	-2
924	-3
925	0
926	-3
927	-1
928	-4
929	-2
930	-3
931	-2
932	-3
933	-1
934	-3
935	-1
936	-3
937	-1
938	-2
939	0
940	-3
941	-1
942	-3
943	-2
944	-3
945	-2
946	-1
947	-2
948	-3
949	-1
950	-2
951	0
952	-4
953	-3
954	-4
955	-3
956	-3
957	-2
958	-3
959	-1
960	-4
961	-2
962	-3
963	-3
964	-3
965	-2
966	-2
967	-3
968	-2
969	-3
970	-3
971	-3
972	-4
973	-2
974	-3
975	-2
976	-4
977	-3
978	-3
979	-3
980	-3
981	-3
982	-4
983	-3
984	-3
985	-2
986	-4
987	-3
988	-3
989	-3
990	-4
991	-2
992	-4
993	-3
994	-2
995	-2
996	-3
997	-2
998	-2
999	-1
1000	-3
1001	-1
1002	-3
1003	-1
1004	-3
1005	-2
1006	-4
1007	-3
1008	-4
1009	-3
1010	-3
1011	-4
1012	-3
1013	-4
1014	-4
1015	-4
1016	-5
1017	-5
1018	-4
1019	-4
1020	-3
1021	-3
1022	-5
1023	-2
1024	-4
1025	-3
1026	-3
1027	-2
1028	-5
1029	-2
1030	-3
1031	-2
1032	-3
1033	0
1034	-3
1035	-1
1036	-3
1037	-1
1038	-2
1039	0
1040	-2
1041	0
1042	-2
1043	0
1044	-1
1045	0
1046	-2
1047	-1
1048	-2
1049	-2
1050	-3
1051	-1
1052	-2
1053	-1
1054	-2
1055	-3
1056	-3
1057	-4
1058	-3
1059	-3
1060	-4
1061	-3
1062	-4
1063	-2
1064	-4
1065	-2
1066	-4
1067	-2
1068	-4
1069	-3
1070	-4
1071	-2
1072	-2
1073	-2
1074	-3
1075	-1
1076	-2
1077	-1
1078	-2
1079	-1
1080	-3
1081	-1
1082	-2
1083	-1
1084	-1
1085	-3
1086	-3
1087	-2
1088	-2
1089	-1
1090	-2
1091	-1
1092	-3
1093	-2
1094	-2
1095	-1
1096	-2
1097	-1
1098	0
1099	0
1100	-1
1101	-2
1102	-1
1103	-1
1104	0
1105	-1
1106	-1
1107	0
1108	0
1109	0
1110	-1
1111	-1
1112	-2
1113	-1
1114	0
1115	0
1116	0
1117	-1
1118	-1
1119	0
1120	-1
1121	0
1122	0
1123	0
1124	0
1125	0
1126	0
1127	0
1128	0
1129	0
1130	0
1131	0
1132	0
1133	0
1134	-1
1135	0
1136	0
1137	0
1138	0
1139	0
1140	0
1141	0
1142	0
1143	0
1144	0
1145	0
1146	0
1147	0
1148	-1
1149	0
1150	-1
1151	0
1152	-1
1153	-2
1154	-1
1155	-1
1156	-1
1157	-2
1158	-2
1159	-1
1160	-2
1161	-1
1162	-2
1163	-1
1164	-2
1165	-2
1166	-2
1167	-3
1168	-3
1169	-1
1170	-1
1171	-1
1172	-1
1173	-2
1174	-4
1175	-2
1176	-2
1177	-1
1178	-2
1179	-1
1180	-3
1181	-1
1182	-2
1183	-1
1184	-3
1185	-2
1186	-2
1187	-2
1188	-3
1189	-1
1190	-3
1191	-2
1192	-3
1193	-1
1194	-3
1195	-2
1196	-2
1197	-2
1198	-2
1199	-2
1200	-3
1201	-2
1202	-2
1203	-1
1204	-3
1205	-1
1206	-2
1207	0
1208	-2
1209	0
1210	-2
1211	0
1212	-2
1213	0
1214	-2
1215	-1
1216	-2
1217	-1
1218	-1
1219	-1
1220	-1
1221	-2
1222	-3
1223	-1
1224	-3
1225	-1
1226	-4
1227	-2
1228	-3
1229	-1
1230	-4
1231	-2
1232	-3
1233	-3
1234	-4
1235	-2
1236	-3
1237	-2
1238	-3
1239	-2
1240	-3
1241	-2
1242	-4
1243	-1
1244	-3
1245	-1
1246	-2
1247	0
1248	-2
1249	-1
1250	-1
1251	-1
1252	-3
1253	-1
1254	-2
1255	0
1256	-2
1257	0
1258	-1
1259	0
1260	-1
1261	0
1262	-2
1263	0
1264	-1
1265	0
1266	-2
1267	-1
1268	-2
1269	-1
1270	-3
1271	0
1272	-3
1273	-1
1274	-4
1275	0
1276	-3
1277	0
1278	-2
1279	0
1280	-2
1281	-1
1282	-2
1283	0
1284	-2
1285	0
1286	-2
1287	-1
1288	-2
1289	-1
1290	-3
1291	-2
1292	-3
1293	-3
1294	-3
1295	-1
1296	-4
1297	-3
1298	-4
1299	-3
1300	-4
1301	-3
1302	-4
1303	-3
1304	-4
1305	-2
1306	-4
1307	-3
1308	-4
1309	-3
1310	-5
1311	-3
1312	-4
1313	-3
1314	-5
1315	-2
1316	-3
1317	-2
1318	-3
1319	-2
1320	-1
1321	-1
1322	-3
1323	-2
1324	-2
1325	0
1326	0
1327	0
1328	-1
1329	0
1330	-1
1331	-1
1332	-3
1333	0
1334	-2
1335	0
1336	-2
1337	0
1338	-3
1339	0
1340	-3
1341	-1
1342	-3
1343	-1
1344	-3
1345	-1
1346	-3
1347	-2
1348	-4
1349	-1
1350	-3
1351	-2
1352	-3
1353	-2
1354	-3
1355	-3
1356	-3
1357	-2
1358	-3
1359	-2
1360	-2
1361	-2
1362	-1
1363	-1
1364	-3
1365	-1
1366	-2
1367	0
1368	-2
1369	-1
1370	-2
1371	0
1372	-1
1373	0
1374	-2
1375	0
1376	-1
1377	0
1378	0
1379	0
1380	0
1381	0
1382	0
1383	0
1384	0
1385	0
1386	0
1387	0
1388	0
1389	0
1390	-1
1391	0
1392	-1
1393	-1
1394	-3
1395	-1
1396	-2
1397	-1
1398	-3
1399	-1
1400	-2
1401	-1
1402	-3
1403	-1
1404	-4
1405	-1
1406	-4
1407	-1
1408	-4
1409	-2
1410	-3
1411	-1
1412	-2
1413	-2
1414	-3
1415	-1
1416	-4
1417	0
1418	-2
1419	0
1420	-2
1421	0
1422	-1
1423	0
1424	-1
1425	0
1426	-2
1427	0
1428	-1
1429	0
1430	-1
1431	0
1432	-2
1433	0
1434	0
1435	0
1436	-2
1437	-1
1438	-2
1439	0
1440	-2
1441	0
1442	-2
1443	-1
1444	-2
1445	-2
1446	-2
1447	-2
1448	-3
1449	-3
1450	-2
1451	-2
1452	-2
1453	-2
1454	-3
1455	-1
1456	-2
1457	-2
1458	-3
1459	-2
1460	-2
1461	-2
1462	-2
1463	-1
1464	-2
1465	-2
1466	-1
1467	0
1468	0
1469	0
1470	-1
1471	0
1472	0
1473	-1
1474	0
1475	0
1476	0
1477	0
1478	0
1479	0
1480	-1
1481	0
1482	0
1483	0
1484	0
1485	0
1486	0
1487	0
1488	0
1489	0
1490	0
1491	0
1492	-1
1493	-1
1494	-1
1495	0
1496	-1
1497	0
1498	-1
1499	-1
1500	-2
1501	-2
1502	-1
1503	0
1504	-1
1505	0
1506	-1
1507	0
1508	-1
1509	0
1510	-2
1511	0
1512	-1
1513	0
1514	-1
1515	0
1516	-2
1517	0
1518	-2
1519	0
1520	-2
1521	0
1522	-2
1523	0
1524	-2
1525	-1
1526	-1
1527	0
1528	0
1529	0
1530	0
1531	0
1532	0
1533	0
1534	0
1535	0
1536	0
1537	0
1538	-1
1539	1
1540	0
1541	1
1542	0
1543	1
1544	0
1545	1
1546	0
1547	1
1548	0
1549	2
1550	1
1551	0
1552	1
1553	1
1554	1
1555	2
1556	0
1557	3
1558	1
1559	2
1560	1
1561	2
1562	1
1563	2
1564	0
1565	2
1566	0
1567	1
1568	1
1569	2
1570	0
1571	1
1572	0
1573	1
1574	0
1575	0
1576	0
1577	2
1578	0
1579	0
1580	0
1581	0
1582	0
1583	1
1584	0
1585	1
1586	0
1587	0
1588	0
1589	0
1590	0
1591	0
1592	0
1593	0
1594	1
1595	0
1596	0
1597	1
1598	0
1599	0
1600	0
1601	0
1602	0
1603	1
1604	0
1605	0
1606	0
1607	1
1608	0
1609	1
1610	0
1611	0
1612	0
1613	0
1614	0
1615	0
1616	0
1617	0
1618	-1
1619	-1
1620	-1
1621	-1
1622	-2
1623	-1
1624	-2
1625	-1
1626	-2
1627	-1
1628	-1
1629	-2
1630	-1
1631	-2
1632	-2
1633	-1
1634	-1
1635	-2
1636	-2
1637	0
1638	-1
1639	-2
1640	-2
1641	-1
1642	-2
1643	-1
1644	-1
1645	-2
1646	-1
1647	-1
1648	-3
1649	-1
1650	-2
1651	0
1652	-2
1653	-1
1654	-1
1655	-1
1656	-3
1657	-1
1658	-1
1659	-1
1660	-1
1661	-1
1662	-1
1663	-1
1664	-1
1665	0
1666	-2
1667	-1
1668	-1
1669	-2
1670	-1
1671	-2
1672	-1
1673	-2
1674	-1
1675	0
1676	0
1677	-1
1678	-1
1679	-1
1680	0
1681	-1
1682	0
1683	-1
1684	-1
1685	-1
1686	-2
1687	-1
1688	-1
1689	0
1690	-1
1691	0
1692	0
1693	-1
1694	-1
1695	0
1696	0
1697	0
1698	0
1699	0
1700	0
1701	0
1702	0
1703	0
1704	0
1705	0
1706	-1
1707	0
1708	0
1709	0
1710	0
1711	0
1712	0
1713	0
1714	-1
1715	-1
1716	-1
1717	0
1718	0
1719	0
1720	0
1721	0
1722	-1
1723	-1
1724	-2
1725	0
1726	-2
1727	0
1728	-1
1729	0
1730	-2
1731	0
1732	-1
1733	1
1734	0
1735	1
1736	0
1737	0
1738	0
1739	0
1740	0
1741	0
1742	0
1743	0
1744	0
1745	0
1746	0
1747	1
1748	0
1749	0
1750	0
1751	0
1752	0
1753	0
1754	0
1755	0
1756	0
1757	0
1758	0
1759	0
1760	0
1761	1
1762	0
1763	0
1764	0
1765	1
1766	1
1767	0
1768	0
1769	1
1770	0
1771	1
1772	0
1773	2
1774	1
1775	2
1776	0
1777	1
1778	1
1779	1
1780	0
1781	1
1782	1
1783	1
1784	1
1785	1
1786	1
1787	1
1788	2
1789	1
1790	0
1791	1
1792	0
1793	1
1794	1
1795	2
1796	1
1797	2
1798	0
1799	2
1800	0
1801	1
1802	0
1803	1
1804	0
1805	2
1806	0
1807	0
1808	0
1809	2
1810	0
1811	0
1812	0
1813	1
1814	0
1815	0
1816	0
1817	0
1818	0
1819	0
1820	0
1821	0
1822	0
1823	0
1824	0
1825	0
1826	-1
1827	0
1828	-1
1829	0
1830	0
1831	0
1832	-1
1833	0
1834	-1
1835	-1
1836	-1
1837	0
1838	-1
1839	0
1840	-1
1841	0
1842	-1
1843	0
1844	-1
1845	0
1846	-1
1847	0
1848	-1
1849	0
1850	-1
1851	0
1852	-1
1853	0
1854	0
1855	0
1856	-1
1857	0
1858	-1
1859	0
1860	-2
1861	0
1862	-1
1863	0
1864	0
1865	0
1866	-1
1867	-1
1868	0
1869	0
1870	-2
1871	-1
1872	-1
1873	0
1874	-2
1875	-1
1876	-3
1877	-1
1878	-1
1879	-1
1880	-2
1881	-1
1882	-2
1883	-1
1884	-2
1885	-1
1886	-2
1887	0
1888	0
1889	-1
1890	-1
1891	0
1892	-2
1893	0
1894	0
1895	1
1896	0
1897	0
1898	0
1899	0
1900	0
1901	1
1902	0
1903	0
1904	0
1905	1
1906	0
1907	1
1908	0
1909	0
1910	0
1911	1
1912	0
1913	0
1914	0
1915	0
1916	0
1917	0
1918	0
1919	0
1920	0
1921	0
1922	0
1923	0
1924	0
1925	1
1926	0
1927	1
1928	0
1929	1
1930	0
1931	2
1932	0
1933	1
1934	2
1935	2
1936	1
1937	2
1938	0
1939	1
1940	0
1941	2
1942	1
1943	2
1944	2
1945	3
1946	2
1947	2
1948	1
1949	1
1950	1
1951	1
1952	0
1953	2
1954	1
1955	1
1956	1
1957	0
1958	0
1959	0
1960	0
1961	0
1962	0
1963	0
1964	0
1965	0
1966	-1
1967	0
1968	-1
1969	0
1970	0
1971	-1
1972	0
1973	0
1974	-1
1975	0
1976	-1
1977	0
1978	0
1979	0
1980	-1
1981	-1
1982	0
1983	0
1984	0
1985	0
1986	0
1987	0
1988	0
1989	0
1990	-1
1991	0
1992	-1
1993	0
1994	0
1995	-1
1996	-1
1997	0
1998	-1
1999	0
