0	0
1	0
2	0
3	0
4	0
5	0
6	0
7	1
8	0
9	1
10	0
11	1
12	0
13	0
14	0
15	0
16	0
17	1
18	0
19	0
20	0
21	1
22	0
23	1
24	0
25	0
26	0
27	0
28	0
29	0
30	0
31	1
32	0
33	1
34	0
35	0
36	0
37	1
38	0
39	0
40	0
41	0
42	0
43	0
44	0
45	0
46	0
47	1
48	0
49	0
50	1
51	1
52	0
53	0
54	0
55	1
56	0
57	0
58	0
59	2
60	0
61	1
62	0
63	0
64	0
65	0
66	0
67	0
68	0
69	0
70	0
71	0
72	0
73	0
74	0
75	0
76	0
77	0
78	0
79	0
80	0
81	0
82	0
83	0
84	0
85	1
86	0
87	0
88	0
89	0
90	0
91	0
92	0
93	0
94	-1
95	0
96	0
97	0
98	0
99	1
100	0
101	0
102	0
103	0
104	0
105	1
106	0
107	1
108	0
109	1
110	0
111	1
112	0
113	1
114	0
115	0
116	0
117	1
118	0
119	1
120	0
121	1
122	0
123	0
124	0
125	0
126	0
127	0
128	0
129	1
130	0
131	0
132	0
133	1
134	0
135	1
136	0
137	1
138	0
139	0
140	0
141	1
142	0
143	2
144	1
145	1
146	1
147	1
148	1
149	1
150	0
151	1
152	0
153	1
154	0
155	1
156	0
157	1
158	0
159	0
160	0
161	0
162	0
163	0
164	0
165	0
166	0
167	0
168	0
169	0
170	0
171	0
172	0
173	1
174	0
175	0
176	0
177	0
178	0
179	0
180	0
181	0
182	0
183	0
184	0
185	0
186	0
187	0
188	0
189	1
190	0
191	0
192	0
193	0
194	0
195	0
196	0
197	1
198	0
199	1
200	0
201	1
202	0
203	1
204	0
205	1
206	0
207	1
208	0
209	1
210	0
211	1
212	0
213	0
214	0
215	0
216	0
217	0
218	0
219	0
220	0
221	1
222	0
223	1
224	0
225	1
226	0
227	0
228	0
229	1
230	0
231	2
232	0
233	1
234	0
235	1
236	0
237	1
238	0
239	0
240	0
241	2
242	0
243	1
244	0
245	1
246	0
247	2
248	0
249	1
250	0
251	1
252	0
253	1
254	0
255	1
256	0
257	1
258	0
259	1
260	0
261	0
262	0
263	0
264	0
265	1
266	0
267	1
268	0
269	1
270	0
271	1
272	0
273	1
274	0
275	1
276	0
277	0
278	0
279	0
280	0
281	0
282	0
283	0
284	0
285	0
286	0
287	0
288	0
289	1
290	0
291	0
292	0
293	0
294	0
295	0
296	0
297	1
298	0
299	1
300	0
301	1
302	0
303	0
304	0
305	0
306	0
307	0
308	0
309	1
310	0
311	0
312	0
313	0
314	0
315	0
316	0
317	0
318	0
319	0
320	0
321	1
322	0
323	0
324	0
325	0
326	0
327	1
328	0
329	1
330	0
331	1
332	0
333	2
334	0
335	1
336	0
337	0
338	0
339	1
340	0
341	1
342	0
343	1
344	0
345	0
346	0
347	0
348	0
349	0
350	0
351	1
352	0
353	0
354	0
355	1
356	0
357	2
358	0
359	0
360	0
361	0
362	0
363	0
364	0
365	0
366	0
367	0
368	0
369	1
370	0
371	0
372	0
373	0
374	0
375	1
376	0
377	0
378	0
379	0
380	0
381	0
382	0
383	1
384	0
385	1
386	0
387	1
388	0
389	1
390	0
391	0
392	0
393	1
394	0
395	1
396	0
397	1
398	0
399	1
400	0
401	1
402	0
403	1
404	0
405	1
406	0
407	1
408	0
409	1
410	0
411	1
412	0
413	1
414	0
415	1
416	0
417	1
418	0
419	1
420	0
421	0
422	0
423	1
424	0
425	1
426	0
427	1
428	0
429	2
430	1
431	4
432	2
433	5
434	6
435	10
436	11
437	15
438	16
439	21
440	21
441	27
442	27
443	34
444	34
445	40
446	42
447	49
448	50
449	55
450	58
451	63
452	66
453	68
454	71
455	79
456	79
457	84
458	86
459	92
460	91
461	96
462	97
463	101
464	101
465	108
466	105
467	111
468	108
469	112
470	111
471	113
472	112
473	113
474	113
475	114
476	112
477	114
478	111
479	113
480	108
481	111
482	107
483	107
484	103
485	105
486	101
487	99
488	97
489	95
490	90
491	91
492	87
493	88
494	81
495	80
496	77
497	77
498	77
499	78
500	62
501	67
502	63
503	63
504	60
505	59
506	53
507	54
508	49
509	51
510	45
511	46
512	41
513	41
514	37
515	37
516	33
517	34
518	29
519	30
520	26
521	26
522	23
523	22
524	19
525	20
526	17
527	20
528	14
529	15
530	11
531	12
532	8
533	10
534	6
535	6
536	4
537	4
538	3
539	3
540	1
541	2
542	0
543	0
544	-2
545	0
546	-2
547	-3
548	-6
549	-4
550	-8
551	-6
552	-9
553	-7
554	-9
555	-7
556	-10
557	-9
558	-10
559	-10
560	-12
561	-11
562	-13
563	-12
564	-12
565	-12
566	-13
567	-12
568	-12
569	-11
570	-13
571	-11
572	-13
573	-12
574	-13
575	-11
576	-13
577	-11
578	-13
579	-12
580	-12
581	-11
582	-11
583	-11
584	-12
585	-12
586	-12
587	-10
588	-12
589	-10
590	-11
591	-11
592	-12
593	-8
594	-11
595	-8
596	-11
597	-8
598	-10
599	-9
600	-9
601	-8
602	-10
603	-7
604	-11
605	-8
606	-11
607	-7
608	-10
609	-8
610	-9
611	-5
612	-9
613	-7
614	-7
615	-5
616	-9
617	-5
618	-6
619	-3
620	-6
621	-3
622	-6
623	-2
624	-6
625	-2
626	-6
627	-3
628	-5
629	-3
630	-4
631	-4
632	-4
633	-3
634	-4
635	0
636	-4
637	-1
638	-4
639	-2
640	-4
641	-2
642	-3
643	-2
644	-2
645	-2
646	-4
647	-3
648	-3
649	-2
650	-2
651	-2
652	-3
653	-3
654	-3
655	-2
656	-2
657	-2
658	-3
659	-2
660	-3
661	-2
662	-2
663	-2
664	-2
665	-2
666	-2
667	-2
668	-2
669	-2
670	-2
671	-1
672	-2
673	-3
674	-4
675	-3
676	-4
677	-3
678	-3
679	-2
680	-3
681	-2
682	-2
683	-1
684	-2
685	-1
686	-2
687	-1
688	-1
689	-1
690	-2
691	0
692	-1
693	0
694	-2
695	-1
696	-2
697	-1
698	-2
699	-1
700	-1
701	0
702	-1
703	0
704	-2
705	0
706	-2
707	0
708	-2
709	0
710	-1
711	-1
712	-1
713	0
714	-1
715	-1
716	-1
717	-1
718	-2
719	0
720	-3
721	0
722	-2
723	0
724	-2
725	0
726	-2
727	0
728	-3
729	-1
730	-3
731	-1
732	-4
733	-1
734	-3
735	-1
736	-3
737	-2
738	-4
739	-2
740	-4
741	-1
742	-2
743	-1
744	-3
745	-1
746	-2
747	-2
748	-3
749	-2
750	-3
751	-1
752	-2
753	-1
754	-1
755	0
756	-3
757	-2
758	-2
759	-2
760	-1
761	-1
762	-3
763	-2
764	-2
765	-2
766	-1
767	-1
768	-3
769	-2
770	-4
771	-2
772	-2
773	-3
774	-2
775	-2
776	-3
777	-1
778	-2
779	-1
780	-3
781	-1
782	-3
783	-2
784	-3
785	0
786	-2
787	-2
788	-3
789	-2
790	-3
791	-2
792	-3
793	-1
794	-2
795	0
796	-3
797	0
798	-2
799	0
800	-2
801	-2
802	-2
803	-1
804	-1
805	-1
806	-2
807	-1
808	-2
809	-1
810	-2
811	-1
812	-2
813	-1
814	-4
815	0
816	-3
817	-2
818	-2
819	-1
820	-2
821	-1
822	-2
823	0
824	-3
825	-1
826	-1
827	-1
828	-2
829	-1
830	-3
831	0
832	-2
833	0
834	-2
835	0
836	-3
837	-1
838	-3
839	-1
840	-1
841	0
842	-2
843	0
844	-1
845	0
846	-1
847	0
848	-1
849	0
850	-2
851	0
852	-2
853	-1
854	-1
855	0
856	-1
857	0
858	-2
859	-1
860	-3
861	-1
862	-3
863	-1
864	-3
865	-1
866	-3
867	-1
868	-3
869	0
870	-4
871	-2
872	-4
873	-2
874	-4
875	-2
876	-4
877	-3
878	-4
879	-1
880	-3
881	-1
882	-4
883	-1
884	-3
885	-2
886	-3
887	-2
888	-3
889	-1
890	-2
891	-1
892	-2
893	-1
894	-3
895	0
896	-2
897	0
898	-3
899	0
900	-3
901	-1
902	-1
903	-1
904	-2
905	-1
906	-3
907	-1
908	-4
909	-1
910	-4
911	-2
912	-3
913	-1
914	-2
915	-1
916	-3
917	-2
918	-4
919	-1
920	-3
921	-1
922	-4
923	-1
924	-3
925	-2
926	-2
927	-1
928	-3
929	0
930	-2
931	0
932	-3
933	0
934	-2
935	0
936	-3
937	0
938	-3
939	0
940	-3
941	-1
942	-4
943	0
944	-2
945	-1
946	-3
947	-1
948	-2
949	-1
950	-2
951	0
952	-3
953	0
954	-2
955	0
956	-1
957	0
958	-2
959	0
960	-1
961	-1
962	-3
963	-2
964	-3
965	-1
966	-2
967	0
968	-2
969	-1
970	-3
971	-2
972	-4
973	-1
974	-3
975	0
976	-2
977	0
978	-1
979	0
980	-2
981	-1
982	-2
983	-1
984	-2
985	-1
986	-3
987	-2
988	-2
989	-1
990	-1
991	-1
992	-3
993	0
994	-1
995	0
996	-2
997	-1
998	-2
999	0
1000	-2
1001	-1
1002	-3
1003	-2
1004	-2
1005	-2
1006	-2
1007	-2
1008	-2
1009	-1
1010	-2
1011	-1
1012	-2
1013	-1
1014	-2
1015	-1
1016	-2
1017	-1
1018	-3
1019	-1
1020	-1
1021	-1
1022	-3
1023	-2
1024	-3
1025	-1
1026	-2
1027	-2
1028	-3
1029	0
1030	-2
1031	-1
1032	-2
1033	-1
1034	-1
1035	0
1036	-2
1037	0
1038	-3
1039	-1
1040	-2
1041	0
1042	-2
1043	0
1044	-3
1045	0
1046	-1
1047	0
1048	-2
1049	-1
1050	-1
1051	0
1052	-2
1053	0
1054	-2
1055	0
1056	-2
1057	0
1058	-3
1059	0
1060	-3
1061	-1
1062	-2
1063	-1
1064	-3
1065	-2
1066	-3
1067	-3
1068	-3
1069	-1
1070	-3
1071	-2
1072	-3
1073	-1
1074	-4
1075	-2
1076	-2
1077	-1
1078	-3
1079	-1
1080	-2
1081	-1
1082	-2
1083	0
1084	-3
1085	0
1086	-1
1087	-1
1088	-2
1089	0
1090	-2
1091	0
1092	-1
1093	0
1094	-2
1095	0
1096	-1
1097	0
1098	-1
1099	0
1100	-1
1101	-2
1102	0
1103	0
1104	-1
1105	0
1106	-1
1107	0
1108	-2
1109	0
1110	-1
1111	0
1112	-2
1113	0
1114	-2
1115	0
1116	0
1117	0
1118	-1
1119	0
1120	-1
1121	0
1122	0
1123	0
1124	-1
1125	0
1126	-1
1127	0
1128	-1
1129	0
1130	-1
1131	0
1132	-2
1133	0
1134	-2
1135	-1
1136	-3
1137	-1
1138	-2
1139	-2
1140	-1
1141	-1
1142	-2
1143	-1
1144	-3
1145	-2
1146	-4
1147	-1
1148	-4
1149	-1
1150	-3
1151	-2
1152	-4
1153	-2
1154	-2
1155	-1
1156	-2
1157	0
1158	-2
1159	-1
1160	-2
1161	0
1162	-2
1163	0
1164	-2
1165	0
1166	-1
1167	0
1168	-1
1169	0
1170	0
1171	0
1172	0
1173	0
1174	0
1175	0
1176	-1
1177	0
1178	-1
1179	-1
1180	0
1181	0
1182	-2
1183	0
1184	-2
1185	0
1186	-1
1187	0
1188	-2
1189	0
1190	-2
1191	-1
1192	-2
1193	-1
1194	-2
1195	0
1196	-3
1197	-1
1198	-2
1199	0
1200	-1
1201	-1
1202	-2
1203	0
1204	-2
1205	0
1206	-1
1207	0
1208	0
1209	0
1210	0
1211	0
1212	-1
1213	0
1214	-2
1215	0
1216	-1
1217	0
1218	-1
1219	0
1220	-1
1221	0
1222	-1
1223	-1
1224	-1
1225	0
1226	0
1227	0
1228	0
1229	0
1230	-1
1231	0
1232	0
1233	0
1234	-1
1235	-1
1236	-2
1237	-1
1238	-3
1239	-1
1240	-2
1241	-1
1242	-2
1243	-1
1244	-2
1245	0
1246	-1
1247	0
1248	-1
1249	0
1250	-2
1251	0
1252	-1
1253	0
1254	-1
1255	-1
1256	-2
1257	-1
1258	-2
1259	-1
1260	-2
1261	-2
1262	-2
1263	-2
1264	-1
1265	0
1266	-1
1267	-1
1268	-3
1269	0
1270	-3
1271	0
1272	-2
1273	-1
1274	-2
1275	-1
1276	-2
1277	0
1278	-2
1279	0
1280	-2
1281	0
1282	-2
1283	-1
1284	-2
1285	-1
1286	-1
1287	-1
1288	-1
1289	0
1290	-1
1291	0
1292	-2
1293	0
1294	-2
1295	-1
1296	-2
1297	0
1298	-2
1299	0
1300	-2
1301	0
1302	0
1303	0
1304	0
1305	0
1306	0
1307	0
1308	0
1309	0
1310	-1
1311	0
1312	-1
1313	0
1314	-1
1315	0
1316	-1
1317	0
1318	0
1319	0
1320	-1
1321	0
1322	-2
1323	0
1324	-1
1325	0
1326	-1
1327	0
1328	-3
1329	0
1330	-1
1331	0
1332	-2
1333	0
1334	-2
1335	0
1336	-2
1337	0
1338	-1
1339	-1
1340	-2
1341	-1
1342	-1
1343	-1
1344	-2
1345	-1
1346	-1
1347	-1
1348	-1
1349	-1
1350	-1
1351	0
1352	-1
1353	0
1354	-1
1355	-1
1356	-2
1357	0
1358	0
1359	0
1360	0
1361	0
1362	0
1363	0
1364	0
1365	0
1366	0
1367	0
1368	0
1369	0
1370	0
1371	0
1372	0
1373	0
1374	-1
1375	0
1376	-2
1377	-1
1378	-2
1379	0
1380	-1
1381	0
1382	-2
1383	0
1384	-1
1385	-1
1386	-2
1387	-1
1388	-1
1389	0
1390	-2
1391	0
1392	-1
1393	0
1394	-1
1395	-1
1396	0
1397	-1
1398	-1
1399	0
1400	-1
1401	0
1402	0
1403	0
1404	0
1405	0
1406	-1
1407	-1
1408	-1
1409	0
1410	-1
1411	0
1412	-1
1413	0
1414	-1
1415	0
1416	-1
1417	0
1418	-1
1419	0
1420	-1
1421	0
1422	-1
1423	0
1424	0
1425	0
1426	-1
1427	0
1428	0
1429	0
1430	0
1431	0
1432	-1
1433	0
1434	-1
1435	0
1436	-1
1437	0
1438	-1
1439	0
1440	0
1441	0
1442	0
1443	0
1444	0
1445	0
1446	-1
1447	0
1448	0
1449	0
1450	-1
1451	0
1452	-1
1453	0
1454	0
1455	0
1456	-1
1457	0
1458	-1
1459	0
1460	-2
1461	0
1462	-2
1463	-1
1464	-2
1465	-1
1466	-2
1467	0
1468	-1
1469	-1
1470	-1
1471	-1
1472	-2
1473	0
1474	-1
1475	-1
1476	-1
1477	0
1478	-1
1479	0
1480	-1
1481	0
1482	-1
1483	0
1484	-1
1485	0
1486	-1
1487	0
1488	-1
1489	0
1490	-1
1491	0
1492	-1
1493	0
1494	-1
1495	0
1496	-2
1497	0
1498	-2
1499	0
1500	-1
1501	0
1502	-3
1503	0
1504	-2
1505	-1
1506	-2
1507	0
1508	-2
1509	-1
1510	-2
1511	-1
1512	-1
1513	-1
1514	-1
1515	0
1516	-1
1517	0
1518	-1
1519	0
1520	-1
1521	0
1522	-1
1523	0
1524	0
1525	0
1526	-1
1527	0
1528	0
1529	0
1530	0
1531	0
1532	0
1533	0
1534	0
1535	0
1536	0
1537	0
1538	0
1539	0
1540	-2
1541	0
1542	-1
1543	0
1544	-2
1545	0
1546	-1
1547	0
1548	-2
1549	0
1550	-1
1551	0
1552	-1
1553	0
1554	-2
1555	0
1556	0
1557	0
1558	-1
1559	0
1560	-1
1561	0
1562	0
1563	0
1564	-1
1565	0
1566	0
1567	0
1568	-1
1569	0
1570	-1
1571	0
1572	0
1573	0
1574	0
1575	0
1576	-1
1577	0
1578	-1
1579	0
1580	0
1581	0
1582	0
1583	0
1584	0
1585	0
1586	0
1587	0
1588	0
1589	0
1590	0
1591	0
1592	-1
1593	0
1594	0
1595	0
1596	-1
1597	0
1598	0
1599	-1
1600	0
1601	0
1602	-1
1603	0
1604	-1
1605	0
1606	-1
1607	-1
1608	-1
1609	-1
1610	-1
1611	-1
1612	-1
1613	0
1614	-1
1615	0
1616	-2
1617	0
1618	-2
1619	0
1620	0
1621	-1
1622	-1
1623	0
1624	0
1625	0
1626	0
1627	0
1628	0
1629	0
1630	0
1631	0
1632	-1
1633	0
1634	0
1635	0
1636	0
1637	1
1638	0
1639	0
1640	-1
1641	0
1642	0
1643	0
1644	0
1645	0
1646	-1
1647	0
1648	-1
1649	0
1650	-1
1651	0
1652	0
1653	0
1654	-1
1655	0
1656	0
1657	0
1658	0
1659	0
1660	0
1661	0
1662	-2
1663	0
1664	-1
1665	0
1666	0
1667	0
1668	0
1669	0
1670	-1
1671	0
1672	0
1673	0
1674	0
1675	0
1676	0
1677	0
1678	0
1679	0
1680	0
1681	0
1682	-2
1683	0
1684	0
1685	0
1686	0
1687	0
1688	0
1689	0
1690	0
1691	0
1692	0
1693	0
1694	0
1695	0
1696	0
1697	0
1698	-1
1699	0
1700	0
1701	0
1702	-1
1703	0
1704	-1
1705	-1
1706	-2
1707	0
1708	-2
1709	-1
1710	-1
1711	0
1712	-1
1713	-1
1714	-2
1715	0
1716	-1
1717	0
1718	0
1719	-1
1720	-2
1721	0
1722	-1
1723	0
1724	0
1725	0
1726	0
1727	0
1728	0
1729	0
1730	0
1731	0
1732	0
1733	0
1734	0
1735	0
1736	0
1737	0
1738	-1
1739	0
1740	0
1741	0
1742	-1
1743	0
1744	-1
1745	0
1746	-1
1747	1
1748	-1
1749	0
1750	-1
1751	0
1752	0
1753	0
1754	0
1755	0
1756	-1
1757	0
1758	0
1759	0
1760	0
1761	0
1762	0
1763	0
1764	0
1765	0
1766	0
1767	0
1768	0
1769	0
1770	-1
1771	0
1772	-1
1773	0
1774	0
1775	0
1776	0
1777	0
1778	0
1779	0
1780	0
1781	0
1782	0
1783	0
1784	0
1785	0
1786	0
1787	0
1788	0
1789	0
1790	0
1791	1
1792	-1
1793	0
1794	0
1795	0
1796	0
1797	0
1798	0
1799	0
1800	0
1801	0
1802	0
1803	0
1804	0
1805	0
1806	0
1807	0
1808	-1
1809	0
1810	-1
1811	0
1812	-1
1813	0
1814	-1
1815	0
1816	0
1817	0
1818	-1
1819	0
1820	0
1821	0
1822	-1
1823	0
1824	-1
1825	0
1826	-1
1827	0
1828	-1
1829	0
1830	0
1831	0
1832	0
1833	0
1834	-1
1835	0
1836	-1
1837	0
1838	0
1839	0
1840	0
1841	0
1842	-1
1843	0
1844	0
1845	0
1846	0
1847	0
1848	0
1849	0
1850	0
1851	0
1852	0
1853	0
1854	0
1855	0
1856	0
1857	0
1858	0
1859	0
1860	0
1861	0
1862	-2
1863	1
1864	0
1865	0
1866	0
1867	0
1868	0
1869	0
1870	0
1871	0
1872	0
1873	0
1874	0
1875	1
1876	0
1877	0
1878	0
1879	0
1880	-1
1881	0
1882	-2
1883	0
1884	0
1885	0
1886	-1
1887	0
1888	-1
1889	0
1890	-1
1891	0
1892	-2
1893	0
1894	-1
1895	0
1896	-1
1897	0
1898	-1
1899	0
1900	-1
1901	0
1902	-1
1903	0
1904	-1
1905	0
1906	-1
1907	1
1908	-1
1909	0
1910	0
1911	0
1912	0
1913	0
1914	0
1915	1
1916	0
1917	0
1918	0
1919	0
1920	0
1921	1
1922	0
1923	0
1924	1
1925	0
1926	0
1927	0
1928	0
1929	0
1930	0
1931	0
1932	0
1933	0
1934	0
1935	0
1936	0
1937	0
1938	0
1939	0
1940	0
1941	0
1942	0
1943	0
1944	-1
1945	0
1946	0
1947	0
1948	-1
1949	0
1950	0
1951	0
1952	0
1953	0
1954	0
1955	0
1956	0
1957	0
1958	0
1959	0
1960	0
1961	0
1962	0
1963	0
1964	0
1965	0
1966	0
1967	0
1968	0
1969	0
1970	0
1971	0
1972	-1
1973	0
1974	0
1975	0
1976	0
1977	0
1978	-1
1979	0
1980	-1
1981	0
1982	-1
1983	0
1984	-1
1985	0
1986	-1
1987	0
1988	-1
1989	0
1990	-1
1991	0
1992	0
1993	0
1994	-1
1995	0
1996	-1
1997	0
1998	-2
1999	0
