0	0
1	0
2	0
3	0
4	0
5	1
6	0
7	0
8	0
9	0
10	0
11	1
12	0
13	0
14	0
15	0
16	0
17	0
18	-1
19	0
20	0
21	0
22	0
23	0
24	0
25	0
26	0
27	0
28	0
29	1
30	0
31	0
32	0
33	0
34	0
35	0
36	0
37	0
38	0
39	0
40	0
41	0
42	0
43	1
44	0
45	1
46	0
47	0
48	0
49	0
50	0
51	1
52	0
53	1
54	0
55	0
56	0
57	1
58	0
59	0
60	0
61	0
62	0
63	1
64	0
65	1
66	0
67	0
68	0
69	0
70	0
71	0
72	0
73	1
74	0
75	0
76	0
77	0
78	0
79	0
80	0
81	0
82	0
83	0
84	0
85	0
86	0
87	1
88	0
89	0
90	0
91	0
92	0
93	0
94	0
95	1
96	0
97	0
98	0
99	0
100	0
101	0
102	0
103	1
104	0
105	0
106	0
107	0
108	0
109	0
110	0
111	1
112	0
113	0
114	0
115	0
116	0
117	1
118	0
119	1
120	0
121	0
122	0
123	0
124	0
125	0
126	0
127	0
128	0
129	0
130	0
131	0
132	0
133	0
134	-1
135	0
136	0
137	0
138	0
139	0
140	-1
141	0
142	0
143	0
144	0
145	0
146	-1
147	0
148	0
149	0
150	0
151	0
152	0
153	1
154	0
155	1
156	0
157	0
158	0
159	1
160	0
161	1
162	0
163	0
164	0
165	0
166	0
167	0
168	0
169	0
170	0
171	0
172	0
173	1
174	0
175	1
176	0
177	0
178	0
179	1
180	0
181	0
182	0
183	0
184	0
185	0
186	0
187	0
188	0
189	0
190	0
191	0
192	0
193	0
194	0
195	0
196	0
197	1
198	0
199	1
200	0
201	1
202	0
203	0
204	0
205	1
206	0
207	1
208	0
209	0
210	0
211	0
212	0
213	0
214	0
215	0
216	0
217	1
218	0
219	0
220	0
221	0
222	0
223	0
224	0
225	0
226	0
227	0
228	0
229	0
230	0
231	0
232	0
233	1
234	0
235	0
236	0
237	0
238	0
239	0
240	-1
241	0
242	0
243	0
244	0
245	0
246	0
247	0
248	0
249	0
250	0
251	1
252	0
253	1
254	0
255	0
256	0
257	0
258	0
259	0
260	0
261	0
262	0
263	2
264	0
265	0
266	0
267	0
268	0
269	0
270	0
271	0
272	0
273	0
274	0
275	0
276	0
277	0
278	0
279	0
280	0
281	0
282	0
283	0
284	0
285	0
286	0
287	0
288	0
289	0
290	0
291	0
292	0
293	0
294	0
295	1
296	0
297	0
298	0
299	0
300	0
301	0
302	0
303	0
304	0
305	0
306	0
307	1
308	0
309	0
310	0
311	1
312	0
313	0
314	0
315	0
316	0
317	0
318	0
319	0
320	0
321	0
322	0
323	0
324	0
325	0
326	0
327	0
328	0
329	0
330	0
331	0
332	0
333	0
334	0
335	0
336	-1
337	0
338	0
339	0
340	0
341	0
342	0
343	0
344	0
345	0
346	-1
347	0
348	-1
349	0
350	0
351	1
352	0
353	1
354	-1
355	1
356	0
357	0
358	0
359	1
360	0
361	1
362	0
363	0
364	0
365	0
366	0
367	0
368	0
369	0
370	0
371	1
372	0
373	0
374	0
375	0
376	0
377	0
378	0
379	0
380	0
381	1
382	0
383	0
384	0
385	1
386	0
387	2
388	0
389	1
390	0
391	0
392	0
393	0
394	0
395	1
396	0
397	1
398	0
399	1
400	0
401	1
402	0
403	1
404	0
405	0
406	0
407	1
408	-1
409	0
410	0
411	0
412	0
413	0
414	0
415	0
416	-1
417	0
418	0
419	0
420	-1
421	0
422	0
423	0
424	0
425	0
426	0
427	0
428	0
429	0
430	0
431	1
432	0
433	1
434	0
435	1
436	0
437	1
438	1
439	2
440	1
441	4
442	2
443	5
444	4
445	6
446	5
447	8
448	9
449	11
450	13
451	16
452	16
453	20
454	20
455	24
456	25
457	29
458	29
459	34
460	35
461	39
462	39
463	43
464	44
465	48
466	48
467	51
468	52
469	54
470	56
471	59
472	59
473	60
474	61
475	62
476	62
477	67
478	62
479	69
480	67
481	69
482	67
483	72
484	68
485	73
486	70
487	74
488	70
489	74
490	70
491	74
492	70
493	72
494	70
495	73
496	73
497	74
498	74
499	78
500	62
501	70
502	69
503	69
504	67
505	67
506	66
507	68
508	64
509	66
510	61
511	62
512	59
513	62
514	58
515	59
516	55
517	56
518	53
519	55
520	50
521	53
522	48
523	50
524	46
525	46
526	42
527	44
528	40
529	41
530	37
531	36
532	34
533	34
534	32
535	32
536	30
537	31
538	27
539	30
540	26
541	27
542	24
543	25
544	22
545	22
546	18
547	19
548	14
549	17
550	13
551	15
552	11
553	13
554	10
555	12
556	8
557	11
558	8
559	9
560	6
561	8
562	4
563	7
564	4
565	6
566	3
567	5
568	2
569	3
570	1
571	4
572	2
573	3
574	1
575	3
576	0
577	3
578	0
579	2
580	0
581	2
582	0
583	1
584	-2
585	1
586	-1
587	1
588	0
589	0
590	0
591	0
592	-2
593	0
594	-2
595	0
596	-2
597	-1
598	-2
599	-1
600	-1
601	-1
602	-2
603	-1
604	-1
605	-1
606	-2
607	-1
608	-1
609	-1
610	-1
611	0
612	0
613	0
614	-2
615	-2
616	-1
617	0
618	-1
619	0
620	-1
621	0
622	-1
623	0
624	-1
625	0
626	-2
627	0
628	-2
629	0
630	-2
631	0
632	-1
633	0
634	-2
635	0
636	-2
637	-1
638	-2
639	0
640	-2
641	0
642	-2
643	0
644	-1
645	-1
646	0
647	0
648	-2
649	0
650	-1
651	0
652	-1
653	0
654	-1
655	0
656	-1
657	-1
658	-2
659	0
660	-1
661	0
662	-1
663	-1
664	-3
665	0
666	-3
667	-1
668	-1
669	0
670	0
671	0
672	-1
673	-1
674	-2
675	0
676	-2
677	0
678	-2
679	0
680	-1
681	0
682	0
683	0
684	0
685	0
686	-1
687	0
688	0
689	0
690	0
691	0
692	0
693	0
694	0
695	0
696	-1
697	0
698	-1
699	0
700	-1
701	0
702	-1
703	0
704	0
705	0
706	-1
707	0
708	0
709	0
710	0
711	0
712	0
713	0
714	-1
715	0
716	-1
717	0
718	0
719	0
720	0
721	0
722	0
723	0
724	0
725	0
726	0
727	0
728	0
729	0
730	0
731	0
732	0
733	1
734	0
735	0
736	0
737	1
738	0
739	0
740	0
741	0
742	0
743	1
744	0
745	0
746	0
747	0
748	0
749	0
750	0
751	1
752	0
753	1
754	0
755	1
756	0
757	1
758	0
759	1
760	0
761	0
762	0
763	0
764	0
765	1
766	0
767	0
768	0
769	1
770	0
771	1
772	0
773	1
774	0
775	1
776	0
777	1
778	0
779	1
780	0
781	1
782	0
783	0
784	0
785	0
786	0
787	0
788	0
789	0
790	0
791	0
792	0
793	0
794	0
795	0
796	0
797	0
798	0
799	0
800	-1
801	0
802	-1
803	0
804	-2
805	0
806	-1
807	0
808	-1
809	0
810	-1
811	0
812	-1
813	0
814	-2
815	0
816	-1
817	0
818	-1
819	0
820	-1
821	0
822	0
823	0
824	0
825	0
826	0
827	0
828	-1
829	0
830	-1
831	0
832	-2
833	0
834	-1
835	0
836	-2
837	0
838	-1
839	0
840	-1
841	-1
842	-1
843	0
844	-1
845	0
846	0
847	0
848	-1
849	0
850	-2
851	0
852	-1
853	0
854	-1
855	0
856	-1
857	0
858	-1
859	0
860	-1
861	0
862	0
863	0
864	-1
865	0
866	-3
867	0
868	-1
869	0
870	-1
871	0
872	0
873	0
874	-1
875	0
876	0
877	0
878	-1
879	0
880	0
881	0
882	-1
883	0
884	-1
885	0
886	-2
887	0
888	-2
889	0
890	-3
891	0
892	-2
893	0
894	-3
895	-1
896	-2
897	-1
898	0
899	0
900	-1
901	0
902	-1
903	0
904	0
905	0
906	-1
907	0
908	-1
909	0
910	-1
911	0
912	-2
913	0
914	-1
915	0
916	-1
917	0
918	-2
919	0
920	-1
921	0
922	-1
923	0
924	-1
925	0
926	-2
927	0
928	-1
929	0
930	-1
931	0
932	-1
933	0
934	-2
935	-1
936	-2
937	0
938	-2
939	0
940	-1
941	0
942	-1
943	0
944	-1
945	0
946	-2
947	-1
948	-2
949	-2
950	-1
951	0
952	-1
953	0
954	-1
955	0
956	0
957	-1
958	0
959	0
960	-1
961	0
962	0
963	0
964	0
965	0
966	0
967	0
968	0
969	0
970	0
971	1
972	-1
973	0
974	0
975	1
976	0
977	1
978	0
979	0
980	0
981	1
982	0
983	1
984	0
985	1
986	0
987	1
988	0
989	1
990	0
991	0
992	0
993	0
994	0
995	0
996	0
997	0
998	0
999	1
1000	0
1001	0
1002	0
1003	0
1004	0
1005	0
1006	-1
1007	0
1008	-1
1009	0
1010	-1
1011	0
1012	0
1013	0
1014	-1
1015	0
1016	-1
1017	0
1018	0
1019	-1
1020	0
1021	0
1022	-1
1023	0
1024	0
1025	0
1026	-1
1027	0
1028	0
1029	0
1030	-1
1031	0
1032	0
1033	0
1034	-1
1035	0
1036	0
1037	0
1038	0
1039	-1
1040	0
1041	0
1042	-1
1043	0
1044	-1
1045	-1
1046	0
1047	-1
1048	0
1049	0
1050	-1
1051	0
1052	-1
1053	0
1054	-1
1055	0
1056	-1
1057	0
1058	0
1059	0
1060	-1
1061	0
1062	-1
1063	0
1064	-1
1065	0
1066	-2
1067	0
1068	-1
1069	0
1070	-2
1071	0
1072	-1
1073	0
1074	-2
1075	0
1076	-1
1077	0
1078	-2
1079	0
1080	-1
1081	0
1082	-1
1083	0
1084	-1
1085	0
1086	-2
1087	0
1088	-2
1089	0
1090	-3
1091	0
1092	-2
1093	0
1094	-1
1095	0
1096	-1
1097	0
1098	-2
1099	0
1100	-2
1101	0
1102	-1
1103	0
1104	-1
1105	0
1106	-1
1107	0
1108	-1
1109	0
1110	-1
1111	-1
1112	-2
1113	0
1114	-1
1115	0
1116	-1
1117	0
1118	-1
1119	0
1120	-1
1121	0
1122	-1
1123	0
1124	-1
1125	0
1126	0
1127	0
1128	0
1129	0
1130	0
1131	0
1132	0
1133	0
1134	0
1135	0
1136	-1
1137	0
1138	0
1139	0
1140	-1
1141	0
1142	0
1143	0
1144	0
1145	0
1146	0
1147	0
1148	-2
1149	0
1150	-1
1151	0
1152	0
1153	0
1154	0
1155	0
1156	-2
1157	0
1158	0
1159	0
1160	0
1161	0
1162	-1
1163	0
1164	-1
1165	0
1166	-1
1167	0
1168	-2
1169	0
1170	-1
1171	0
1172	-1
1173	0
1174	-1
1175	0
1176	-2
1177	0
1178	-1
1179	0
1180	-2
1181	0
1182	-2
1183	0
1184	-2
1185	0
1186	-2
1187	0
1188	-1
1189	0
1190	-1
1191	0
1192	-2
1193	0
1194	-1
1195	0
1196	0
1197	0
1198	0
1199	0
1200	-1
1201	0
1202	0
1203	0
1204	-1
1205	0
1206	0
1207	0
1208	-1
1209	-1
1210	-2
1211	0
1212	-2
1213	0
1214	-1
1215	-1
1216	-1
1217	0
1218	-2
1219	0
1220	-2
1221	-1
1222	-2
1223	0
1224	-3
1225	-1
1226	-1
1227	-1
1228	-1
1229	0
1230	-1
1231	0
1232	0
1233	-1
1234	-1
1235	0
1236	0
1237	0
1238	-1
1239	0
1240	-1
1241	0
1242	0
1243	0
1244	0
1245	0
1246	0
1247	0
1248	0
1249	0
1250	0
1251	0
1252	0
1253	0
1254	-1
1255	0
1256	0
1257	0
1258	0
1259	0
1260	0
1261	0
1262	0
1263	0
1264	-1
1265	0
1266	-1
1267	0
1268	0
1269	0
1270	0
1271	0
1272	0
1273	0
1274	0
1275	0
1276	0
1277	0
1278	-1
1279	0
1280	0
1281	0
1282	0
1283	0
1284	0
1285	0
1286	0
1287	0
1288	0
1289	0
1290	-1
1291	0
1292	0
1293	0
1294	0
1295	0
1296	0
1297	0
1298	0
1299	0
1300	0
1301	0
1302	-1
1303	0
1304	0
1305	0
1306	0
1307	0
1308	-1
1309	0
1310	-1
1311	0
1312	-1
1313	0
1314	-1
1315	0
1316	-1
1317	0
1318	-2
1319	0
1320	-2
1321	0
1322	-1
1323	0
1324	-3
1325	0
1326	0
1327	0
1328	-2
1329	0
1330	-1
1331	0
1332	0
1333	0
1334	-1
1335	0
1336	-1
1337	0
1338	0
1339	0
1340	-1
1341	0
1342	-1
1343	0
1344	-1
1345	0
1346	-1
1347	0
1348	0
1349	-1
1350	-1
1351	0
1352	-2
1353	0
1354	0
1355	0
1356	-1
1357	0
1358	0
1359	0
1360	-1
1361	0
1362	-2
1363	0
1364	0
1365	-1
1366	-2
1367	-1
1368	-3
1369	-1
1370	-2
1371	-1
1372	-3
1373	-1
1374	-3
1375	0
1376	-2
1377	0
1378	-1
1379	0
1380	-1
1381	0
1382	-1
1383	-1
1384	-1
1385	0
1386	-1
1387	0
1388	-1
1389	0
1390	-1
1391	0
1392	0
1393	0
1394	0
1395	0
1396	-1
1397	0
1398	0
1399	-1
1400	-2
1401	0
1402	0
1403	0
1404	-1
1405	0
1406	-1
1407	-1
1408	-1
1409	-1
1410	-2
1411	0
1412	-1
1413	0
1414	0
1415	0
1416	-1
1417	0
1418	0
1419	0
1420	-1
1421	0
1422	-1
1423	0
1424	0
1425	0
1426	-1
1427	0
1428	-1
1429	0
1430	0
1431	0
1432	0
1433	0
1434	-1
1435	0
1436	0
1437	0
1438	-1
1439	0
1440	-1
1441	0
1442	-1
1443	0
1444	-1
1445	0
1446	-2
1447	0
1448	-1
1449	0
1450	-2
1451	0
1452	-1
1453	0
1454	-1
1455	0
1456	-1
1457	0
1458	-1
1459	0
1460	-1
1461	0
1462	-1
1463	0
1464	-1
1465	0
1466	-1
1467	0
1468	-2
1469	0
1470	-2
1471	0
1472	-1
1473	0
1474	-2
1475	0
1476	0
1477	0
1478	-1
1479	0
1480	-2
1481	0
1482	-1
1483	0
1484	-1
1485	0
1486	-1
1487	0
1488	-1
1489	0
1490	0
1491	0
1492	0
1493	0
1494	0
1495	0
1496	-1
1497	0
1498	0
1499	-1
1500	-1
1501	-1
1502	-2
1503	-1
1504	-1
1505	0
1506	-3
1507	-1
1508	-1
1509	-1
1510	0
1511	0
1512	-2
1513	-1
1514	-1
1515	0
1516	-1
1517	0
1518	-1
1519	-1
1520	0
1521	0
1522	-1
1523	0
1524	-1
1525	0
1526	0
1527	0
1528	0
1529	0
1530	-1
1531	0
1532	-1
1533	0
1534	0
1535	0
1536	0
1537	0
1538	0
1539	0
1540	-2
1541	0
1542	-1
1543	0
1544	0
1545	0
1546	-1
1547	0
1548	0
1549	0
1550	-1
1551	0
1552	0
1553	0
1554	-1
1555	0
1556	-1
1557	0
1558	-1
1559	0
1560	-1
1561	0
1562	0
1563	0
1564	-1
1565	0
1566	-1
1567	0
1568	-1
1569	0
1570	0
1571	0
1572	-1
1573	0
1574	0
1575	0
1576	-1
1577	0
1578	-1
1579	0
1580	0
1581	0
1582	0
1583	0
1584	-1
1585	0
1586	-1
1587	0
1588	-1
1589	0
1590	-2
1591	0
1592	-2
1593	-1
1594	-1
1595	0
1596	-1
1597	-1
1598	-1
1599	0
1600	-1
1601	0
1602	0
1603	0
1604	0
1605	0
1606	-1
1607	0
1608	-1
1609	0
1610	0
1611	0
1612	0
1613	0
1614	0
1615	0
1616	0
1617	0
1618	0
1619	0
1620	1
1621	1
1622	1
1623	1
1624	1
1625	1
1626	0
1627	1
1628	0
1629	1
1630	1
1631	2
1632	1
1633	1
1634	0
1635	0
1636	0
1637	0
1638	0
1639	1
1640	0
1641	0
1642	0
1643	1
1644	0
1645	1
1646	0
1647	1
1648	0
1649	0
1650	0
1651	0
1652	0
1653	1
1654	0
1655	1
1656	0
1657	1
1658	0
1659	1
1660	0
1661	1
1662	0
1663	2
1664	0
1665	2
1666	0
1667	1
1668	0
1669	1
1670	0
1671	1
1672	0
1673	0
1674	0
1675	1
1676	0
1677	1
1678	0
1679	0
1680	0
1681	1
1682	0
1683	0
1684	0
1685	0
1686	0
1687	0
1688	0
1689	0
1690	0
1691	0
1692	0
1693	0
1694	-1
1695	0
1696	0
1697	0
1698	0
1699	0
1700	0
1701	0
1702	-1
1703	0
1704	-1
1705	0
1706	0
1707	-1
1708	-1
1709	0
1710	0
1711	0
1712	-1
1713	0
1714	0
1715	0
1716	0
1717	0
1718	0
1719	0
1720	0
1721	-1
1722	-1
1723	0
1724	0
1725	0
1726	-1
1727	0
1728	-1
1729	0
1730	-1
1731	0
1732	-1
1733	0
1734	0
1735	0
1736	-1
1737	0
1738	0
1739	0
1740	0
1741	0
1742	0
1743	0
1744	0
1745	0
1746	-1
1747	0
1748	0
1749	0
1750	0
1751	0
1752	0
1753	0
1754	0
1755	0
1756	0
1757	0
1758	-1
1759	0
1760	0
1761	0
1762	0
1763	0
1764	0
1765	0
1766	0
1767	0
1768	0
1769	0
1770	0
1771	0
1772	0
1773	0
1774	0
1775	1
1776	0
1777	0
1778	0
1779	0
1780	0
1781	1
1782	0
1783	0
1784	0
1785	1
1786	0
1787	2
1788	0
1789	2
1790	0
1791	0
1792	0
1793	1
1794	0
1795	1
1796	0
1797	1
1798	1
1799	1
1800	0
1801	2
1802	0
1803	2
1804	0
1805	1
1806	1
1807	1
1808	1
1809	1
1810	0
1811	1
1812	0
1813	0
1814	0
1815	1
1816	0
1817	0
1818	0
1819	0
1820	0
1821	0
1822	0
1823	0
1824	0
1825	1
1826	0
1827	0
1828	0
1829	1
1830	0
1831	0
1832	0
1833	1
1834	0
1835	0
1836	0
1837	0
1838	-1
1839	0
1840	0
1841	0
1842	0
1843	0
1844	0
1845	0
1846	-2
1847	0
1848	0
1849	0
1850	0
1851	0
1852	0
1853	0
1854	0
1855	0
1856	-1
1857	0
1858	-1
1859	0
1860	-2
1861	0
1862	-1
1863	0
1864	0
1865	0
1866	0
1867	0
1868	0
1869	0
1870	0
1871	0
1872	-1
1873	0
1874	0
1875	0
1876	-1
1877	0
1878	-1
1879	0
1880	0
1881	0
1882	-1
1883	0
1884	0
1885	0
1886	-1
1887	0
1888	-1
1889	0
1890	0
1891	0
1892	0
1893	0
1894	0
1895	0
1896	0
1897	0
1898	0
1899	0
1900	0
1901	0
1902	-1
1903	0
1904	-1
1905	-1
1906	0
1907	0
1908	0
1909	-1
1910	0
1911	0
1912	-1
1913	0
1914	0
1915	0
1916	-1
1917	0
1918	0
1919	0
1920	0
1921	0
1922	0
1923	0
1924	-1
1925	0
1926	0
1927	0
1928	0
1929	0
1930	-1
1931	0
1932	0
1933	0
1934	0
1935	0
1936	0
1937	0
1938	-1
1939	0
1940	0
1941	0
1942	0
1943	0
1944	0
1945	0
1946	-1
1947	0
1948	-1
1949	0
1950	-1
1951	0
1952	0
1953	0
1954	0
1955	0
1956	0
1957	1
1958	0
1959	0
1960	1
1961	1
1962	0
1963	1
1964	0
1965	1
1966	0
1967	1
1968	0
1969	1
1970	0
1971	1
1972	0
1973	2
1974	2
1975	1
1976	0
1977	1
1978	0
1979	1
1980	0
1981	1
1982	0
1983	1
1984	1
1985	1
1986	0
1987	1
1988	0
1989	1
1990	0
1991	1
1992	0
1993	0
1994	0
1995	0
1996	0
1997	0
1998	0
1999	0
