0	1
1	2
2	0
3	2
4	0
5	1
6	1
7	0
8	0
9	1
10	1
11	0
12	0
13	0
14	0
15	0
16	0
17	0
18	0
19	0
20	-1
21	0
22	-1
23	0
24	0
25	0
26	0
27	1
28	0
29	0
30	0
31	0
32	0
33	0
34	0
35	1
36	0
37	0
38	0
39	0
40	0
41	0
42	0
43	2
44	0
45	2
46	1
47	1
48	0
49	2
50	1
51	2
52	1
53	2
54	2
55	2
56	1
57	1
58	1
59	0
60	1
61	1
62	1
63	2
64	0
65	2
66	0
67	1
68	0
69	1
70	0
71	0
72	0
73	0
74	-1
75	0
76	-1
77	0
78	-1
79	0
80	-1
81	0
82	-1
83	0
84	-2
85	0
86	-1
87	-1
88	0
89	0
90	0
91	0
92	-1
93	0
94	0
95	0
96	0
97	0
98	0
99	0
100	0
101	0
102	0
103	0
104	0
105	0
106	0
107	0
108	0
109	0
110	0
111	0
112	0
113	0
114	0
115	0
116	0
117	0
118	0
119	0
120	1
121	0
122	1
123	0
124	1
125	2
126	0
127	2
128	2
129	2
130	1
131	2
132	0
133	2
134	0
135	1
136	1
137	3
138	1
139	2
140	1
141	2
142	1
143	2
144	2
145	3
146	1
147	3
148	2
149	2
150	1
151	1
152	0
153	1
154	1
155	1
156	1
157	1
158	0
159	1
160	1
161	1
162	0
163	0
164	0
165	0
166	0
167	0
168	0
169	0
170	0
171	0
172	0
173	0
174	0
175	0
176	0
177	0
178	-1
179	-1
180	-1
181	0
182	0
183	0
184	0
185	0
186	-1
187	0
188	-1
189	0
190	0
191	0
192	0
193	0
194	0
195	-1
196	0
197	0
198	0
199	0
200	0
201	0
202	0
203	0
204	-1
205	1
206	0
207	0
208	0
209	0
210	0
211	1
212	0
213	0
214	-1
215	1
216	0
217	0
218	0
219	0
220	0
221	0
222	0
223	0
224	0
225	0
226	0
227	0
228	1
229	0
230	0
231	1
232	0
233	0
234	1
235	0
236	1
237	1
238	0
239	1
240	0
241	1
242	1
243	1
244	0
245	1
246	2
247	1
248	1
249	3
250	1
251	2
252	2
253	3
254	1
255	2
256	3
257	3
258	2
259	2
260	0
261	2
262	1
263	3
264	1
265	2
266	1
267	1
268	1
269	2
270	1
271	1
272	1
273	2
274	1
275	1
276	2
277	0
278	1
279	0
280	0
281	1
282	0
283	1
284	0
285	0
286	0
287	0
288	0
289	1
290	0
291	0
292	0
293	0
294	0
295	0
296	0
297	0
298	0
299	0
300	0
301	0
302	0
303	0
304	0
305	1
306	0
307	0
308	-1
309	0
310	0
311	0
312	0
313	0
314	0
315	0
316	0
317	0
318	0
319	0
320	0
321	1
322	0
323	1
324	0
325	1
326	0
327	1
328	0
329	0
330	1
331	1
332	0
333	0
334	0
335	0
336	0
337	0
338	0
339	0
340	0
341	1
342	0
343	1
344	0
345	0
346	0
347	1
348	0
349	0
350	1
351	0
352	0
353	2
354	1
355	1
356	1
357	0
358	1
359	0
360	1
361	0
362	1
363	2
364	1
365	0
366	0
367	1
368	0
369	1
370	1
371	0
372	0
373	0
374	0
375	0
376	0
377	1
378	1
379	0
380	1
381	1
382	1
383	1
384	1
385	1
386	1
387	2
388	1
389	1
390	1
391	1
392	1
393	1
394	1
395	1
396	0
397	1
398	0
399	0
400	1
401	0
402	0
403	0
404	0
405	0
406	0
407	0
408	0
409	0
410	0
411	0
412	0
413	0
414	0
415	0
416	0
417	0
418	0
419	0
420	0
421	0
422	0
423	0
424	0
425	1
426	1
427	2
428	4
429	6
430	8
431	12
432	16
433	18
434	22
435	27
436	28
437	36
438	39
439	45
440	49
441	53
442	59
443	65
444	68
445	75
446	80
447	85
448	89
449	96
450	100
451	107
452	111
453	116
454	120
455	124
456	128
457	136
458	140
459	143
460	147
461	151
462	153
463	155
464	159
465	161
466	164
467	164
468	165
469	165
470	165
471	166
472	165
473	166
474	163
475	163
476	159
477	159
478	156
479	153
480	149
481	148
482	143
483	141
484	135
485	132
486	126
487	122
488	119
489	116
490	110
491	107
492	102
493	98
494	92
495	90
496	83
497	80
498	78
499	78
500	62
501	64
502	60
503	55
504	51
505	49
506	45
507	42
508	36
509	34
510	29
511	28
512	22
513	21
514	16
515	15
516	11
517	10
518	7
519	4
520	0
521	0
522	-3
523	-3
524	-7
525	-9
526	-12
527	-13
528	-16
529	-16
530	-17
531	-19
532	-22
533	-21
534	-22
535	-24
536	-24
537	-25
538	-28
539	-28
540	-28
541	-28
542	-30
543	-29
544	-30
545	-31
546	-32
547	-30
548	-32
549	-31
550	-33
551	-32
552	-33
553	-32
554	-33
555	-33
556	-32
557	-33
558	-31
559	-31
560	-31
561	-32
562	-32
563	-32
564	-32
565	-31
566	-30
567	-30
568	-31
569	-30
570	-30
571	-29
572	-28
573	-29
574	-29
575	-28
576	-27
577	-28
578	-29
579	-27
580	-27
581	-27
582	-27
583	-27
584	-27
585	-27
586	-27
587	-24
588	-26
589	-24
590	-25
591	-22
592	-24
593	-22
594	-24
595	-21
596	-22
597	-22
598	-21
599	-19
600	-20
601	-18
602	-20
603	-18
604	-18
605	-18
606	-17
607	-16
608	-16
609	-16
610	-15
611	-15
612	-15
613	-14
614	-14
615	-15
616	-13
617	-15
618	-14
619	-14
620	-13
621	-13
622	-13
623	-14
624	-13
625	-13
626	-13
627	-12
628	-13
629	-11
630	-13
631	-11
632	-13
633	-10
634	-12
635	-11
636	-12
637	-10
638	-11
639	-11
640	-11
641	-10
642	-11
643	-10
644	-10
645	-9
646	-10
647	-8
648	-10
649	-9
650	-9
651	-9
652	-10
653	-8
654	-8
655	-6
656	-9
657	-5
658	-8
659	-4
660	-9
661	-4
662	-9
663	-4
664	-6
665	-4
666	-5
667	-4
668	-5
669	-4
670	-4
671	-5
672	-4
673	-4
674	-5
675	-3
676	-6
677	-4
678	-4
679	-2
680	-4
681	-3
682	-4
683	-4
684	-4
685	-4
686	-4
687	-3
688	-4
689	-2
690	-4
691	-2
692	-4
693	-3
694	-4
695	-4
696	-5
697	-4
698	-5
699	-4
700	-5
701	-3
702	-5
703	-5
704	-5
705	-4
706	-5
707	-4
708	-5
709	-4
710	-4
711	-3
712	-4
713	-4
714	-5
715	-3
716	-4
717	-3
718	-4
719	-3
720	-4
721	-2
722	-3
723	-3
724	-3
725	-1
726	-2
727	-2
728	-3
729	-2
730	-2
731	-3
732	-3
733	-2
734	-2
735	-3
736	-5
737	-2
738	-3
739	-2
740	-2
741	-2
742	-4
743	-3
744	-4
745	-3
746	-4
747	-4
748	-4
749	-2
750	-4
751	-4
752	-4
753	-3
754	-3
755	-4
756	-5
757	-4
758	-4
759	-4
760	-5
761	-4
762	-4
763	-4
764	-4
765	-4
766	-4
767	-4
768	-4
769	-3
770	-3
771	-4
772	-4
773	-1
774	-2
775	-1
776	-3
777	-1
778	-3
779	-1
780	-2
781	-2
782	-1
783	-1
784	-1
785	-2
786	-1
787	-2
788	-2
789	-2
790	-2
791	-2
792	-2
793	-2
794	-2
795	-1
796	-2
797	-3
798	-4
799	-2
800	-4
801	-3
802	-4
803	-2
804	-3
805	-3
806	-2
807	-2
808	-2
809	-3
810	-3
811	-3
812	-3
813	-3
814	-2
815	-4
816	-4
817	-3
818	-2
819	-3
820	-4
821	-4
822	-4
823	-4
824	-5
825	-3
826	-5
827	-2
828	-4
829	-4
830	-5
831	-3
832	-4
833	-3
834	-4
835	-3
836	-3
837	-3
838	-4
839	-2
840	-5
841	-3
842	-4
843	-2
844	-4
845	-3
846	-3
847	-3
848	-3
849	-3
850	-3
851	-1
852	-4
853	-2
854	-2
855	-1
856	-3
857	-2
858	-3
859	-1
860	-3
861	-2
862	-3
863	-2
864	-2
865	-2
866	-2
867	-2
868	-3
869	-2
870	-4
871	-2
872	-3
873	-2
874	-3
875	-1
876	-3
877	-2
878	-4
879	-3
880	-4
881	-1
882	-5
883	-2
884	-5
885	-2
886	-6
887	-3
888	-5
889	-4
890	-5
891	-4
892	-5
893	-4
894	-4
895	-3
896	-4
897	-4
898	-4
899	-3
900	-4
901	-3
902	-4
903	-3
904	-3
905	-2
906	-4
907	-3
908	-3
909	-2
910	-2
911	-3
912	-3
913	-2
914	-3
915	-2
916	-4
917	-2
918	-4
919	-2
920	-4
921	-2
922	-4
923	-2
924	-2
925	-2
926	-2
927	-2
928	-3
929	-2
930	-2
931	-2
932	-2
933	-2
934	-3
935	-2
936	-4
937	-3
938	-3
939	-3
940	-4
941	-3
942	-4
943	-2
944	-2
945	-2
946	-3
947	-2
948	-3
949	-2
950	-3
951	-1
952	-4
953	-2
954	-4
955	-1
956	-2
957	-2
958	-4
959	-1
960	-3
961	-1
962	-2
963	-2
964	-2
965	-3
966	-2
967	-3
968	-2
969	-3
970	-1
971	-2
972	-3
973	-2
974	-2
975	-2
976	-2
977	-1
978	-3
979	-2
980	-3
981	-2
982	-2
983	-1
984	-4
985	-2
986	-2
987	-1
988	-2
989	-2
990	-2
991	-1
992	-3
993	-1
994	-2
995	-3
996	-2
997	-4
998	-2
999	-2
1000	-3
1001	-1
1002	-2
1003	-2
1004	-2
1005	-3
1006	-3
1007	-3
1008	-3
1009	-3
1010	-2
1011	-3
1012	-2
1013	-2
1014	-1
1015	-2
1016	-3
1017	-2
1018	-1
1019	-2
1020	-2
1021	-2
1022	-1
1023	0
1024	0
1025	0
1026	-1
1027	-1
1028	-2
1029	0
1030	-1
1031	0
1032	-1
1033	0
1034	-1
1035	-1
1036	0
1037	-1
1038	-1
1039	0
1040	-2
1041	0
1042	-3
1043	0
1044	-2
1045	0
1046	-2
1047	-1
1048	-3
1049	0
1050	-1
1051	-1
1052	-2
1053	-1
1054	-2
1055	-2
1056	-3
1057	-1
1058	-3
1059	-1
1060	-4
1061	-2
1062	-2
1063	-1
1064	-2
1065	-2
1066	-3
1067	-2
1068	-3
1069	-2
1070	-3
1071	-2
1072	-2
1073	-2
1074	-3
1075	-2
1076	-3
1077	-2
1078	-3
1079	-2
1080	-4
1081	-2
1082	-2
1083	-3
1084	-2
1085	-3
1086	-4
1087	-2
1088	-3
1089	-1
1090	-3
1091	-2
1092	-3
1093	-1
1094	-4
1095	-2
1096	-4
1097	-4
1098	-3
1099	-2
1100	-3
1101	-2
1102	-4
1103	-3
1104	-3
1105	-3
1106	-3
1107	-3
1108	-2
1109	-2
1110	-2
1111	-2
1112	-3
1113	-1
1114	-2
1115	-2
1116	-2
1117	-2
1118	-1
1119	-2
1120	-1
1121	-3
1122	-1
1123	-2
1124	-1
1125	-1
1126	-2
1127	0
1128	-1
1129	-1
1130	-2
1131	-1
1132	-1
1133	0
1134	-2
1135	0
1136	0
1137	0
1138	0
1139	0
1140	-1
1141	0
1142	0
1143	0
1144	-1
1145	-1
1146	-1
1147	0
1148	-1
1149	0
1150	-1
1151	0
1152	-3
1153	0
1154	-2
1155	0
1156	-1
1157	-1
1158	-4
1159	0
1160	-2
1161	0
1162	-2
1163	0
1164	-1
1165	0
1166	-1
1167	0
1168	-1
1169	0
1170	-1
1171	-1
1172	-1
1173	-1
1174	-1
1175	-3
1176	-1
1177	-1
1178	-2
1179	-2
1180	-2
1181	-2
1182	-2
1183	-3
1184	-2
1185	-2
1186	-2
1187	-4
1188	-3
1189	-3
1190	-3
1191	-2
1192	-3
1193	-1
1194	-2
1195	-2
1196	-3
1197	-3
1198	-2
1199	-3
1200	-3
1201	-2
1202	-4
1203	-3
1204	-2
1205	-2
1206	-2
1207	-1
1208	-3
1209	-1
1210	-1
1211	-2
1212	-1
1213	-2
1214	-3
1215	-1
1216	-2
1217	-2
1218	-3
1219	-1
1220	-4
1221	-2
1222	-3
1223	-2
1224	-3
1225	-2
1226	-2
1227	-2
1228	-3
1229	-1
1230	-3
1231	-3
1232	-2
1233	-2
1234	-2
1235	-1
1236	-2
1237	-2
1238	-2
1239	-3
1240	-2
1241	0
1242	-2
1243	0
1244	-2
1245	0
1246	-2
1247	0
1248	-1
1249	0
1250	-1
1251	0
1252	-1
1253	0
1254	0
1255	-1
1256	0
1257	-1
1258	0
1259	0
1260	0
1261	0
1262	0
1263	0
1264	0
1265	0
1266	0
1267	0
1268	0
1269	0
1270	-1
1271	0
1272	0
1273	-2
1274	-2
1275	-1
1276	0
1277	-1
1278	0
1279	0
1280	0
1281	0
1282	0
1283	0
1284	0
1285	0
1286	0
1287	0
1288	0
1289	2
1290	-1
1291	1
1292	0
1293	0
1294	0
1295	0
1296	1
1297	1
1298	1
1299	3
1300	1
1301	1
1302	0
1303	1
1304	2
1305	3
1306	0
1307	2
1308	0
1309	2
1310	0
1311	1
1312	0
1313	2
1314	0
1315	1
1316	0
1317	0
1318	0
1319	0
1320	0
1321	0
1322	0
1323	-1
1324	-1
1325	0
1326	-1
1327	-1
1328	-1
1329	0
1330	-2
1331	-2
1332	0
1333	-2
1334	-1
1335	-1
1336	-1
1337	-1
1338	0
1339	-1
1340	0
1341	0
1342	0
1343	0
1344	-1
1345	-1
1346	0
1347	0
1348	0
1349	0
1350	0
1351	0
1352	0
1353	0
1354	0
1355	0
1356	0
1357	-1
1358	0
1359	-1
1360	0
1361	-2
1362	0
1363	-1
1364	-1
1365	0
1366	-2
1367	0
1368	-1
1369	0
1370	-3
1371	-2
1372	-1
1373	-1
1374	-1
1375	-1
1376	-2
1377	-1
1378	-2
1379	-1
1380	-2
1381	0
1382	-2
1383	-1
1384	-3
1385	-2
1386	-3
1387	-2
1388	-2
1389	-2
1390	-2
1391	-1
1392	-1
1393	-1
1394	-1
1395	0
1396	0
1397	-1
1398	-1
1399	0
1400	0
1401	0
1402	0
1403	0
1404	0
1405	0
1406	1
1407	1
1408	1
1409	1
1410	1
1411	1
1412	1
1413	1
1414	1
1415	1
1416	2
1417	2
1418	1
1419	1
1420	1
1421	2
1422	1
1423	2
1424	1
1425	2
1426	1
1427	0
1428	2
1429	0
1430	0
1431	0
1432	0
1433	1
1434	0
1435	0
1436	0
1437	0
1438	0
1439	0
1440	0
1441	0
1442	0
1443	0
1444	0
1445	1
1446	-1
1447	0
1448	-1
1449	0
1450	-1
1451	0
1452	-1
1453	0
1454	0
1455	0
1456	0
1457	0
1458	0
1459	0
1460	0
1461	0
1462	0
1463	0
1464	0
1465	0
1466	0
1467	0
1468	-1
1469	0
1470	-1
1471	0
1472	-2
1473	-1
1474	-1
1475	-1
1476	-1
1477	0
1478	-1
1479	0
1480	-1
1481	-1
1482	-1
1483	-1
1484	-2
1485	-1
1486	-2
1487	0
1488	-2
1489	-2
1490	-3
1491	-1
1492	-2
1493	-2
1494	-1
1495	-2
1496	-2
1497	-1
1498	-3
1499	-1
1500	-3
1501	-2
1502	-1
1503	-2
1504	-1
1505	-1
1506	-2
1507	0
1508	-2
1509	-1
1510	-2
1511	-2
1512	-2
1513	-2
1514	-2
1515	-2
1516	-2
1517	0
1518	-1
1519	0
1520	-2
1521	0
1522	-1
1523	0
1524	-1
1525	-1
1526	-1
1527	0
1528	-1
1529	-1
1530	0
1531	0
1532	-2
1533	-1
1534	-2
1535	-1
1536	-1
1537	0
1538	-1
1539	-1
1540	-3
1541	-1
1542	-2
1543	0
1544	-2
1545	0
1546	-2
1547	-1
1548	-1
1549	0
1550	-3
1551	-2
1552	-2
1553	0
1554	-3
1555	-1
1556	-2
1557	-2
1558	-1
1559	-1
1560	0
1561	-2
1562	0
1563	0
1564	-1
1565	0
1566	0
1567	0
1568	0
1569	0
1570	0
1571	2
1572	0
1573	1
1574	0
1575	1
1576	1
1577	1
1578	1
1579	2
1580	0
1581	2
1582	2
1583	1
1584	2
1585	2
1586	2
1587	2
1588	1
1589	3
1590	2
1591	2
1592	0
1593	2
1594	3
1595	3
1596	2
1597	2
1598	1
1599	1
1600	1
1601	1
1602	1
1603	2
1604	2
1605	1
1606	0
1607	0
1608	1
1609	0
1610	1
1611	0
1612	1
1613	1
1614	1
1615	2
1616	1
1617	0
1618	0
1619	1
1620	0
1621	1
1622	0
1623	0
1624	0
1625	0
1626	0
1627	0
1628	0
1629	0
1630	0
1631	-1
1632	0
1633	0
1634	0
1635	0
1636	0
1637	0
1638	0
1639	0
1640	0
1641	-1
1642	0
1643	0
1644	0
1645	-1
1646	0
1647	0
1648	-2
1649	0
1650	-1
1651	0
1652	-1
1653	-1
1654	-1
1655	-1
1656	-1
1657	-1
1658	-2
1659	-2
1660	-2
1661	-1
1662	-2
1663	-1
1664	-1
1665	-2
1666	-3
1667	0
1668	-3
1669	-1
1670	-1
1671	-1
1672	-2
1673	0
1674	-2
1675	-1
1676	-1
1677	0
1678	0
1679	0
1680	-1
1681	0
1682	-1
1683	0
1684	0
1685	0
1686	-1
1687	0
1688	0
1689	0
1690	0
1691	0
1692	0
1693	0
1694	0
1695	0
1696	-1
1697	0
1698	0
1699	0
1700	0
1701	0
1702	-1
1703	0
1704	-1
1705	0
1706	-1
1707	0
1708	0
1709	0
1710	0
1711	0
1712	0
1713	0
1714	-1
1715	0
1716	-2
1717	0
1718	-1
1719	0
1720	-1
1721	-1
1722	-1
1723	-1
1724	-2
1725	0
1726	-2
1727	0
1728	-1
1729	0
1730	0
1731	0
1732	-1
1733	0
1734	0
1735	0
1736	-1
1737	0
1738	-1
1739	0
1740	0
1741	0
1742	0
1743	0
1744	0
1745	0
1746	0
1747	0
1748	-1
1749	0
1750	-1
1751	0
1752	0
1753	0
1754	-1
1755	0
1756	-2
1757	-1
1758	-1
1759	0
1760	-1
1761	0
1762	0
1763	-1
1764	0
1765	-1
1766	-2
1767	0
1768	-1
1769	0
1770	-1
1771	-1
1772	-1
1773	0
1774	-1
1775	1
1776	-1
1777	2
1778	-1
1779	0
1780	-1
1781	0
1782	-1
1783	0
1784	0
1785	0
1786	-1
1787	0
1788	0
1789	0
1790	0
1791	0
1792	-1
1793	0
1794	0
1795	0
1796	-1
1797	0
1798	-1
1799	0
1800	0
1801	0
1802	-1
1803	-1
1804	-1
1805	-1
1806	-1
1807	-2
1808	-2
1809	-1
1810	-2
1811	-1
1812	-1
1813	-1
1814	-1
1815	0
1816	-1
1817	0
1818	-1
1819	-1
1820	0
1821	0
1822	-1
1823	0
1824	-1
1825	0
1826	-1
1827	0
1828	0
1829	0
1830	0
1831	0
1832	0
1833	0
1834	0
1835	0
1836	0
1837	0
1838	0
1839	1
1840	0
1841	2
1842	0
1843	1
1844	0
1845	0
1846	0
1847	0
1848	0
1849	0
1850	0
1851	0
1852	-1
1853	0
1854	-2
1855	0
1856	-1
1857	-1
1858	-1
1859	-1
1860	-1
1861	0
1862	-1
1863	0
1864	-1
1865	-2
1866	0
1867	0
1868	-1
1869	0
1870	0
1871	0
1872	0
1873	0
1874	0
1875	0
1876	0
1877	0
1878	0
1879	0
1880	-1
1881	0
1882	0
1883	1
1884	0
1885	0
1886	0
1887	1
1888	0
1889	1
1890	0
1891	0
1892	0
1893	1
1894	0
1895	0
1896	0
1897	0
1898	0
1899	1
1900	0
1901	1
1902	0
1903	0
1904	0
1905	0
1906	0
1907	0
1908	-1
1909	0
1910	-1
1911	0
1912	-1
1913	0
1914	-2
1915	0
1916	-1
1917	0
1918	-1
1919	0
1920	0
1921	0
1922	0
1923	0
1924	-1
1925	0
1926	-1
1927	0
1928	0
1929	0
1930	-1
1931	0
1932	-2
1933	0
1934	-1
1935	1
1936	0
1937	0
1938	0
1939	0
1940	-1
1941	0
1942	-1
1943	0
1944	-1
1945	0
1946	0
1947	0
1948	0
1949	0
1950	0
1951	0
1952	0
1953	0
1954	0
1955	1
1956	0
1957	0
1958	0
1959	0
1960	0
1961	0
1962	-1
1963	0
1964	0
1965	0
1966	0
1967	0
1968	0
1969	0
1970	-1
1971	0
1972	0
1973	0
1974	0
1975	0
1976	0
1977	0
1978	0
1979	0
1980	0
1981	0
1982	-1
1983	0
1984	0
1985	0
1986	-1
1987	0
1988	0
1989	0
1990	0
1991	0
1992	0
1993	0
1994	0
1995	0
1996	0
1997	0
1998	0
1999	0
