0	1
1	0
2	0
3	1
4	0
5	0
6	0
7	1
8	0
9	1
10	0
11	2
12	0
13	0
14	0
15	0
16	0
17	1
18	0
19	1
20	0
21	0
22	0
23	0
24	-1
25	0
26	0
27	0
28	0
29	0
30	-1
31	0
32	0
33	0
34	0
35	0
36	-1
37	0
38	0
39	1
40	0
41	2
42	0
43	1
44	0
45	1
46	0
47	1
48	0
49	0
50	0
51	1
52	0
53	1
54	0
55	2
56	0
57	1
58	0
59	2
60	0
61	1
62	0
63	0
64	0
65	0
66	-1
67	0
68	0
69	0
70	0
71	0
72	0
73	0
74	0
75	0
76	1
77	0
78	0
79	0
80	1
81	1
82	1
83	0
84	0
85	0
86	1
87	1
88	0
89	0
90	0
91	1
92	0
93	0
94	1
95	1
96	0
97	1
98	0
99	1
100	0
101	1
102	0
103	0
104	1
105	1
106	0
107	1
108	0
109	1
110	0
111	1
112	0
113	1
114	0
115	0
116	0
117	1
118	0
119	1
120	0
121	1
122	0
123	1
124	0
125	0
126	0
127	0
128	0
129	1
130	0
131	0
132	0
133	0
134	0
135	0
136	-1
137	0
138	-1
139	0
140	0
141	0
142	-1
143	0
144	-2
145	0
146	0
147	0
148	-1
149	0
150	-1
151	0
152	-1
153	0
154	-1
155	0
156	-1
157	0
158	0
159	0
160	0
161	0
162	0
163	1
164	1
165	1
166	1
167	0
168	1
169	0
170	2
171	2
172	0
173	1
174	2
175	2
176	1
177	1
178	0
179	2
180	1
181	1
182	1
183	1
184	1
185	3
186	1
187	1
188	1
189	1
190	0
191	2
192	0
193	0
194	0
195	2
196	0
197	1
198	0
199	2
200	0
201	0
202	0
203	1
204	0
205	1
206	-1
207	1
208	0
209	0
210	1
211	0
212	0
213	1
214	0
215	1
216	0
217	1
218	0
219	0
220	0
221	0
222	0
223	1
224	0
225	0
226	0
227	0
228	-1
229	0
230	0
231	0
232	-1
233	0
234	-1
235	0
236	0
237	-1
238	-2
239	-1
240	-1
241	-1
242	-1
243	0
244	0
245	0
246	-1
247	0
248	0
249	0
250	0
251	0
252	0
253	0
254	0
255	0
256	0
257	0
258	0
259	0
260	0
261	0
262	0
263	0
264	0
265	0
266	0
267	0
268	0
269	1
270	1
271	1
272	1
273	1
274	0
275	2
276	0
277	1
278	0
279	1
280	0
281	2
282	0
283	1
284	1
285	1
286	0
287	1
288	0
289	1
290	1
291	2
292	1
293	1
294	1
295	1
296	1
297	2
298	1
299	0
300	1
301	1
302	0
303	1
304	0
305	0
306	0
307	1
308	0
309	1
310	0
311	1
312	0
313	0
314	0
315	2
316	0
317	1
318	0
319	1
320	0
321	1
322	0
323	0
324	0
325	0
326	-1
327	-1
328	-1
329	-1
330	-1
331	0
332	-1
333	0
334	0
335	0
336	-1
337	0
338	-1
339	0
340	0
341	0
342	0
343	0
344	0
345	0
346	0
347	0
348	0
349	1
350	0
351	1
352	0
353	0
354	0
355	1
356	0
357	1
358	2
359	0
360	1
361	1
362	0
363	2
364	1
365	0
366	0
367	0
368	0
369	0
370	0
371	0
372	0
373	0
374	0
375	0
376	0
377	0
378	0
379	0
380	0
381	0
382	0
383	0
384	-2
385	0
386	-1
387	0
388	0
389	0
390	0
391	1
392	0
393	1
394	0
395	1
396	1
397	2
398	1
399	1
400	0
401	1
402	1
403	1
404	0
405	0
406	0
407	1
408	0
409	1
410	0
411	2
412	0
413	2
414	0
415	1
416	0
417	0
418	0
419	1
420	0
421	2
422	1
423	1
424	0
425	1
426	1
427	2
428	1
429	2
430	3
431	6
432	6
433	11
434	11
435	15
436	16
437	21
438	22
439	27
440	29
441	34
442	37
443	41
444	45
445	50
446	53
447	59
448	62
449	67
450	70
451	75
452	79
453	84
454	85
455	92
456	93
457	99
458	100
459	106
460	108
461	112
462	111
463	116
464	119
465	121
466	123
467	125
468	125
469	127
470	126
471	127
472	126
473	127
474	126
475	127
476	124
477	125
478	122
479	120
480	118
481	116
482	113
483	111
484	109
485	108
486	105
487	104
488	99
489	98
490	94
491	93
492	88
493	87
494	84
495	84
496	78
497	77
498	76
499	78
500	62
501	67
502	64
503	64
504	55
505	57
506	53
507	54
508	49
509	49
510	42
511	43
512	40
513	40
514	35
515	36
516	32
517	31
518	29
519	27
520	26
521	25
522	21
523	21
524	17
525	18
526	15
527	15
528	11
529	11
530	9
531	9
532	6
533	5
534	4
535	4
536	1
537	0
538	0
539	0
540	-1
541	-2
542	-2
543	-3
544	-4
545	-5
546	-6
547	-8
548	-7
549	-7
550	-9
551	-8
552	-10
553	-10
554	-10
555	-9
556	-12
557	-10
558	-12
559	-10
560	-12
561	-12
562	-13
563	-12
564	-12
565	-12
566	-13
567	-13
568	-13
569	-13
570	-14
571	-13
572	-14
573	-13
574	-15
575	-13
576	-16
577	-14
578	-16
579	-14
580	-16
581	-14
582	-15
583	-16
584	-15
585	-16
586	-15
587	-15
588	-16
589	-16
590	-17
591	-17
592	-16
593	-16
594	-16
595	-15
596	-15
597	-15
598	-15
599	-14
600	-15
601	-14
602	-14
603	-13
604	-14
605	-11
606	-14
607	-12
608	-13
609	-11
610	-12
611	-11
612	-12
613	-11
614	-12
615	-11
616	-11
617	-9
618	-12
619	-8
620	-9
621	-8
622	-9
623	-8
624	-11
625	-8
626	-8
627	-8
628	-10
629	-8
630	-9
631	-8
632	-11
633	-7
634	-9
635	-9
636	-10
637	-8
638	-9
639	-5
640	-9
641	-6
642	-8
643	-8
644	-8
645	-6
646	-7
647	-6
648	-7
649	-6
650	-6
651	-4
652	-6
653	-4
654	-4
655	-3
656	-4
657	-3
658	-5
659	-3
660	-3
661	-1
662	-3
663	-2
664	-3
665	-1
666	-3
667	-1
668	-2
669	-1
670	-3
671	-1
672	-3
673	0
674	-2
675	0
676	-2
677	0
678	-2
679	-1
680	-1
681	0
682	-1
683	-1
684	-2
685	0
686	-1
687	0
688	-2
689	-1
690	-2
691	-1
692	-1
693	0
694	-2
695	-1
696	-1
697	-1
698	-2
699	-1
700	-2
701	-1
702	-3
703	-1
704	-2
705	-2
706	0
707	-1
708	-1
709	-1
710	-1
711	0
712	0
713	-1
714	0
715	0
716	0
717	0
718	-1
719	1
720	0
721	0
722	-1
723	0
724	0
725	1
726	0
727	0
728	-2
729	0
730	-2
731	0
732	-2
733	-1
734	0
735	-1
736	-2
737	-2
738	-1
739	-1
740	-1
741	-2
742	-2
743	-3
744	-3
745	-3
746	-3
747	-3
748	-4
749	-2
750	-4
751	-2
752	-4
753	-2
754	-4
755	-3
756	-4
757	-3
758	-5
759	-2
760	-6
761	-1
762	-5
763	-3
764	-4
765	-3
766	-4
767	-3
768	-4
769	-2
770	-4
771	-2
772	-4
773	-2
774	-4
775	-2
776	-4
777	-2
778	-4
779	-2
780	-4
781	-2
782	-3
783	-2
784	-4
785	-3
786	-5
787	-3
788	-5
789	-3
790	-4
791	-3
792	-5
793	-3
794	-4
795	-4
796	-5
797	-4
798	-5
799	-4
800	-5
801	-5
802	-6
803	-4
804	-5
805	-5
806	-7
807	-5
808	-7
809	-5
810	-5
811	-4
812	-5
813	-4
814	-7
815	-3
816	-5
817	-3
818	-4
819	-1
820	-4
821	-2
822	-4
823	-2
824	-4
825	-1
826	-4
827	-2
828	-3
829	-2
830	-3
831	-1
832	-3
833	-2
834	-3
835	-2
836	-4
837	-2
838	-5
839	-3
840	-4
841	-3
842	-4
843	-3
844	-5
845	-3
846	-4
847	-3
848	-4
849	-4
850	-5
851	-3
852	-4
853	-3
854	-4
855	-3
856	-3
857	-2
858	-5
859	-2
860	-6
861	-2
862	-4
863	-3
864	-4
865	-3
866	-4
867	-3
868	-5
869	-4
870	-4
871	-3
872	-5
873	-4
874	-5
875	-4
876	-4
877	-4
878	-4
879	-3
880	-4
881	-3
882	-4
883	-4
884	-5
885	-4
886	-5
887	-4
888	-6
889	-4
890	-4
891	-4
892	-5
893	-3
894	-6
895	-4
896	-8
897	-5
898	-6
899	-3
900	-5
901	-4
902	-4
903	-3
904	-3
905	-3
906	-4
907	-3
908	-5
909	-3
910	-5
911	0
912	-3
913	-3
914	-3
915	-2
916	-3
917	-3
918	-4
919	-1
920	-4
921	-2
922	-2
923	-2
924	-3
925	-2
926	-3
927	-2
928	-4
929	-2
930	-4
931	-1
932	-3
933	-1
934	-1
935	-2
936	-3
937	-1
938	-4
939	0
940	-3
941	-1
942	-4
943	-2
944	-4
945	-2
946	-3
947	-2
948	-3
949	0
950	-3
951	-2
952	-3
953	-2
954	-3
955	-1
956	-2
957	-2
958	-4
959	-2
960	-4
961	-2
962	-4
963	-3
964	-4
965	-3
966	-4
967	-3
968	-4
969	-3
970	-4
971	-2
972	-4
973	-3
974	-4
975	-4
976	-4
977	-3
978	-4
979	-3
980	-3
981	-3
982	-4
983	-3
984	-4
985	-4
986	-5
987	-4
988	-4
989	-4
990	-6
991	-2
992	-4
993	-4
994	-5
995	-4
996	-5
997	-4
998	-5
999	-4
1000	-7
1001	-4
1002	-5
1003	-5
1004	-7
1005	-5
1006	-6
1007	-4
1008	-4
1009	-6
1010	-5
1011	-6
1012	-5
1013	-4
1014	-5
1015	-3
1016	-5
1017	-3
1018	-4
1019	-2
1020	-4
1021	-3
1022	-3
1023	-2
1024	-3
1025	0
1026	-2
1027	0
1028	-1
1029	0
1030	0
1031	0
1032	0
1033	0
1034	-1
1035	0
1036	0
1037	0
1038	-2
1039	0
1040	-2
1041	0
1042	-1
1043	-1
1044	-2
1045	-1
1046	-2
1047	-1
1048	-2
1049	-1
1050	-4
1051	-1
1052	-2
1053	-3
1054	-3
1055	-2
1056	-3
1057	-2
1058	-4
1059	-3
1060	-3
1061	-2
1062	-3
1063	-2
1064	-3
1065	-2
1066	-4
1067	-2
1068	-3
1069	-2
1070	-3
1071	-1
1072	-2
1073	-2
1074	-3
1075	-2
1076	-4
1077	-2
1078	-3
1079	-2
1080	-5
1081	-2
1082	-4
1083	-2
1084	-4
1085	-3
1086	-4
1087	-2
1088	-4
1089	-3
1090	-4
1091	-4
1092	-4
1093	-4
1094	-5
1095	-4
1096	-6
1097	-4
1098	-4
1099	-4
1100	-4
1101	-3
1102	-6
1103	-3
1104	-6
1105	-4
1106	-5
1107	-5
1108	-3
1109	-5
1110	-5
1111	-3
1112	-4
1113	-4
1114	-4
1115	-2
1116	-2
1117	-3
1118	-3
1119	-3
1120	-3
1121	-2
1122	-2
1123	0
1124	-2
1125	-2
1126	-2
1127	-2
1128	-2
1129	-1
1130	-2
1131	-1
1132	-2
1133	0
1134	-2
1135	-1
1136	-1
1137	0
1138	-2
1139	0
1140	-2
1141	-2
1142	-2
1143	-2
1144	-3
1145	-2
1146	-3
1147	-2
1148	-2
1149	-2
1150	-2
1151	-2
1152	-3
1153	-3
1154	-3
1155	-1
1156	-2
1157	-2
1158	-2
1159	0
1160	-2
1161	-1
1162	-2
1163	0
1164	-3
1165	0
1166	-2
1167	0
1168	-1
1169	0
1170	-1
1171	0
1172	0
1173	0
1174	-1
1175	0
1176	0
1177	0
1178	-1
1179	-1
1180	-1
1181	0
1182	-1
1183	0
1184	-3
1185	0
1186	-3
1187	0
1188	-2
1189	-1
1190	-2
1191	-2
1192	-3
1193	-2
1194	-3
1195	-2
1196	-4
1197	-2
1198	-3
1199	-3
1200	-3
1201	-3
1202	-4
1203	-1
1204	-3
1205	-4
1206	-5
1207	-4
1208	-5
1209	-2
1210	-3
1211	-3
1212	-5
1213	-4
1214	-6
1215	-4
1216	-4
1217	-4
1218	-5
1219	-4
1220	-5
1221	-3
1222	-5
1223	-3
1224	-4
1225	-3
1226	-4
1227	-4
1228	-5
1229	-4
1230	-5
1231	-2
1232	-3
1233	-3
1234	-4
1235	-4
1236	-3
1237	-2
1238	-4
1239	-2
1240	-3
1241	-3
1242	-3
1243	-3
1244	-1
1245	-2
1246	-2
1247	-1
1248	-1
1249	0
1250	-1
1251	-1
1252	-1
1253	-2
1254	0
1255	-1
1256	-1
1257	0
1258	-1
1259	0
1260	-1
1261	-1
1262	-2
1263	0
1264	0
1265	0
1266	-2
1267	-1
1268	-2
1269	0
1270	-2
1271	-1
1272	-2
1273	-1
1274	-2
1275	-2
1276	-3
1277	-2
1278	-3
1279	-2
1280	-2
1281	-2
1282	-2
1283	-2
1284	-3
1285	0
1286	-4
1287	-2
1288	-3
1289	-1
1290	-2
1291	-2
1292	-2
1293	0
1294	-2
1295	-1
1296	-2
1297	-2
1298	-1
1299	-2
1300	-3
1301	-1
1302	-2
1303	0
1304	0
1305	-1
1306	-2
1307	0
1308	-1
1309	0
1310	-2
1311	0
1312	-1
1313	-1
1314	-1
1315	0
1316	-1
1317	0
1318	-1
1319	0
1320	-1
1321	0
1322	0
1323	0
1324	-2
1325	0
1326	-1
1327	0
1328	0
1329	0
1330	0
1331	0
1332	-1
1333	0
1334	0
1335	0
1336	0
1337	2
1338	0
1339	1
1340	0
1341	1
1342	0
1343	1
1344	0
1345	1
1346	1
1347	1
1348	0
1349	1
1350	1
1351	1
1352	1
1353	0
1354	0
1355	1
1356	0
1357	1
1358	0
1359	1
1360	0
1361	1
1362	0
1363	1
1364	-1
1365	1
1366	0
1367	0
1368	0
1369	1
1370	0
1371	0
1372	0
1373	-1
1374	0
1375	0
1376	-1
1377	0
1378	-1
1379	0
1380	0
1381	0
1382	0
1383	0
1384	-1
1385	0
1386	0
1387	0
1388	-1
1389	-1
1390	0
1391	-1
1392	0
1393	0
1394	0
1395	-1
1396	-1
1397	-2
1398	-1
1399	-2
1400	-1
1401	-1
1402	-1
1403	-1
1404	-2
1405	-1
1406	0
1407	-2
1408	-1
1409	0
1410	-2
1411	-1
1412	-1
1413	-1
1414	-2
1415	0
1416	-2
1417	-1
1418	-1
1419	0
1420	-2
1421	0
1422	-1
1423	0
1424	-2
1425	0
1426	-3
1427	0
1428	-2
1429	-1
1430	-2
1431	-1
1432	-3
1433	-1
1434	-3
1435	-2
1436	-2
1437	-1
1438	-2
1439	-1
1440	-3
1441	0
1442	-2
1443	-1
1444	-2
1445	-1
1446	-1
1447	-1
1448	0
1449	0
1450	-1
1451	0
1452	-1
1453	0
1454	-1
1455	-1
1456	0
1457	-1
1458	-1
1459	0
1460	-1
1461	0
1462	-1
1463	0
1464	0
1465	0
1466	-1
1467	0
1468	0
1469	0
1470	0
1471	-1
1472	-1
1473	-1
1474	-2
1475	-1
1476	-1
1477	0
1478	-2
1479	-1
1480	-1
1481	0
1482	-1
1483	-1
1484	-2
1485	-2
1486	-2
1487	-3
1488	-1
1489	-2
1490	-2
1491	-2
1492	-3
1493	-1
1494	-3
1495	-1
1496	-1
1497	-1
1498	-1
1499	-1
1500	-1
1501	-1
1502	-3
1503	-1
1504	-1
1505	-1
1506	-1
1507	-1
1508	-3
1509	-1
1510	-2
1511	0
1512	-1
1513	-1
1514	-1
1515	0
1516	-2
1517	-1
1518	-2
1519	0
1520	-1
1521	0
1522	-3
1523	0
1524	-1
1525	0
1526	-2
1527	-2
1528	-2
1529	0
1530	-1
1531	0
1532	-1
1533	0
1534	-1
1535	0
1536	-2
1537	-1
1538	-1
1539	-1
1540	-2
1541	0
1542	-1
1543	0
1544	-1
1545	-1
1546	-1
1547	0
1548	0
1549	0
1550	0
1551	0
1552	0
1553	0
1554	0
1555	0
1556	-1
1557	0
1558	0
1559	0
1560	-1
1561	0
1562	-1
1563	0
1564	0
1565	0
1566	-1
1567	0
1568	-1
1569	0
1570	-1
1571	0
1572	-1
1573	0
1574	0
1575	0
1576	-1
1577	0
1578	-1
1579	0
1580	-1
1581	0
1582	0
1583	0
1584	-1
1585	0
1586	-2
1587	0
1588	-1
1589	0
1590	-1
1591	0
1592	-1
1593	0
1594	0
1595	-1
1596	-2
1597	-1
1598	-1
1599	-1
1600	-2
1601	-2
1602	-2
1603	-1
1604	-3
1605	-1
1606	-2
1607	0
1608	-2
1609	-1
1610	-1
1611	-1
1612	-2
1613	-1
1614	-1
1615	-1
1616	-2
1617	-1
1618	-1
1619	-1
1620	-1
1621	0
1622	-1
1623	0
1624	-1
1625	0
1626	-2
1627	-1
1628	-2
1629	-1
1630	-1
1631	-1
1632	-2
1633	0
1634	-2
1635	0
1636	-2
1637	-1
1638	-1
1639	-2
1640	-3
1641	-1
1642	-2
1643	0
1644	0
1645	0
1646	-1
1647	0
1648	0
1649	0
1650	-1
1651	0
1652	0
1653	-1
1654	0
1655	0
1656	0
1657	0
1658	-1
1659	0
1660	-1
1661	0
1662	0
1663	0
1664	0
1665	0
1666	0
1667	0
1668	0
1669	0
1670	-1
1671	0
1672	-1
1673	0
1674	-1
1675	0
1676	-1
1677	0
1678	-1
1679	0
1680	-1
1681	0
1682	-3
1683	0
1684	-1
1685	-1
1686	-1
1687	0
1688	0
1689	0
1690	-1
1691	0
1692	-1
1693	0
1694	-1
1695	0
1696	-2
1697	-1
1698	0
1699	-1
1700	-1
1701	0
1702	-1
1703	0
1704	-1
1705	0
1706	0
1707	0
1708	-2
1709	0
1710	-1
1711	0
1712	-3
1713	0
1714	-1
1715	0
1716	-1
1717	-1
1718	-2
1719	-1
1720	-1
1721	0
1722	-2
1723	0
1724	-2
1725	0
1726	-1
1727	-1
1728	-1
1729	0
1730	-1
1731	-1
1732	-1
1733	0
1734	-1
1735	-1
1736	-1
1737	-1
1738	-2
1739	-1
1740	-1
1741	0
1742	-1
1743	-1
1744	-1
1745	-1
1746	-1
1747	-1
1748	0
1749	-1
1750	-1
1751	0
1752	0
1753	0
1754	0
1755	-2
1756	0
1757	-1
1758	-1
1759	-1
1760	0
1761	0
1762	0
1763	0
1764	0
1765	-1
1766	-1
1767	0
1768	0
1769	-1
1770	0
1771	0
1772	-1
1773	0
1774	0
1775	0
1776	0
1777	0
1778	0
1779	0
1780	0
1781	0
1782	0
1783	0
1784	0
1785	0
1786	0
1787	0
1788	0
1789	1
1790	0
1791	0
1792	0
1793	0
1794	0
1795	0
1796	0
1797	0
1798	0
1799	0
1800	0
1801	0
1802	0
1803	0
1804	-1
1805	0
1806	0
1807	0
1808	-2
1809	0
1810	-2
1811	-2
1812	-1
1813	-1
1814	-2
1815	-1
1816	-1
1817	-1
1818	0
1819	0
1820	-1
1821	-1
1822	0
1823	-1
1824	-1
1825	-1
1826	-1
1827	0
1828	0
1829	0
1830	-1
1831	0
1832	0
1833	1
1834	0
1835	2
1836	1
1837	0
1838	1
1839	1
1840	0
1841	1
1842	1
1843	1
1844	0
1845	1
1846	1
1847	2
1848	1
1849	1
1850	2
1851	2
1852	1
1853	3
1854	1
1855	3
1856	0
1857	2
1858	2
1859	2
1860	2
1861	3
1862	2
1863	4
1864	2
1865	2
1866	2
1867	3
1868	2
1869	2
1870	2
1871	2
1872	2
1873	1
1874	1
1875	1
1876	2
1877	0
1878	1
1879	0
1880	2
1881	1
1882	0
1883	2
1884	1
1885	2
1886	0
1887	1
1888	0
1889	1
1890	0
1891	0
1892	0
1893	0
1894	0
1895	0
1896	0
1897	0
1898	0
1899	0
1900	0
1901	0
1902	0
1903	0
1904	0
1905	0
1906	0
1907	0
1908	-2
1909	0
1910	0
1911	0
1912	0
1913	0
1914	0
1915	0
1916	-1
1917	0
1918	-1
1919	0
1920	-1
1921	0
1922	-1
1923	0
1924	-1
1925	0
1926	0
1927	0
1928	0
1929	0
1930	0
1931	0
1932	0
1933	0
1934	0
1935	0
1936	-2
1937	0
1938	-1
1939	0
1940	-1
1941	0
1942	0
1943	0
1944	0
1945	0
1946	0
1947	0
1948	0
1949	0
1950	-1
1951	0
1952	-1
1953	0
1954	-2
1955	0
1956	-2
1957	0
1958	-1
1959	-1
1960	-1
1961	-1
1962	-2
1963	0
1964	-1
1965	0
1966	-2
1967	0
1968	-1
1969	0
1970	-1
1971	0
1972	0
1973	0
1974	-1
1975	0
1976	0
1977	0
1978	-1
1979	-1
1980	-1
1981	-1
1982	-1
1983	0
1984	-1
1985	0
1986	0
1987	-1
1988	0
1989	-1
1990	-1
1991	0
1992	-1
1993	0
1994	-1
1995	0
1996	-1
1997	0
1998	-2
1999	0
