0	0
1	0
2	0
3	0
4	0
5	0
6	0
7	0
8	0
9	1
10	0
11	0
12	0
13	0
14	0
15	0
16	-1
17	0
18	-1
19	0
20	-1
21	0
22	-1
23	0
24	-1
25	0
26	-1
27	0
28	-1
29	0
30	0
31	0
32	-1
33	0
34	0
35	0
36	-1
37	0
38	0
39	0
40	0
41	0
42	0
43	0
44	0
45	0
46	0
47	0
48	0
49	1
50	0
51	0
52	0
53	0
54	0
55	2
56	0
57	0
58	0
59	1
60	0
61	1
62	0
63	1
64	0
65	0
66	0
67	0
68	0
69	0
70	0
71	0
72	0
73	0
74	0
75	0
76	-1
77	0
78	0
79	0
80	0
81	0
82	0
83	1
84	0
85	0
86	0
87	0
88	0
89	0
90	0
91	0
92	0
93	0
94	0
95	0
96	0
97	0
98	0
99	0
100	0
101	0
102	0
103	0
104	0
105	0
106	0
107	0
108	0
109	0
110	0
111	0
112	0
113	0
114	0
115	0
116	0
117	0
118	0
119	0
120	0
121	0
122	0
123	0
124	0
125	1
126	0
127	0
128	0
129	0
130	0
131	0
132	0
133	1
134	0
135	0
136	0
137	0
138	0
139	0
140	0
141	0
142	0
143	0
144	0
145	0
146	0
147	0
148	0
149	1
150	0
151	0
152	0
153	1
154	0
155	0
156	0
157	0
158	0
159	0
160	0
161	0
162	0
163	0
164	0
165	0
166	0
167	0
168	0
169	0
170	0
171	0
172	0
173	0
174	0
175	0
176	0
177	0
178	0
179	0
180	0
181	1
182	0
183	0
184	0
185	1
186	0
187	1
188	0
189	1
190	0
191	0
192	0
193	1
194	0
195	1
196	0
197	1
198	0
199	0
200	0
201	0
202	0
203	0
204	0
205	0
206	0
207	0
208	0
209	0
210	-1
211	0
212	-1
213	0
214	0
215	0
216	0
217	0
218	-1
219	0
220	-1
221	0
222	0
223	0
224	0
225	0
226	0
227	0
228	0
229	0
230	0
231	0
232	0
233	0
234	0
235	0
236	0
237	0
238	0
239	0
240	0
241	0
242	0
243	0
244	0
245	0
246	0
247	0
248	0
249	1
250	0
251	0
252	0
253	1
254	0
255	1
256	0
257	0
258	0
259	0
260	0
261	1
262	0
263	0
264	0
265	0
266	0
267	0
268	0
269	0
270	0
271	0
272	0
273	0
274	0
275	0
276	0
277	1
278	0
279	1
280	0
281	1
282	0
283	1
284	0
285	1
286	0
287	0
288	0
289	1
290	0
291	1
292	0
293	1
294	0
295	0
296	0
297	1
298	0
299	1
300	0
301	0
302	0
303	0
304	0
305	1
306	0
307	0
308	0
309	0
310	0
311	0
312	0
313	0
314	0
315	0
316	0
317	0
318	0
319	0
320	0
321	0
322	0
323	0
324	0
325	0
326	0
327	0
328	0
329	0
330	0
331	0
332	0
333	0
334	0
335	0
336	0
337	0
338	0
339	1
340	0
341	0
342	0
343	0
344	0
345	0
346	0
347	0
348	0
349	0
350	0
351	0
352	0
353	0
354	0
355	0
356	0
357	0
358	0
359	0
360	-1
361	0
362	0
363	0
364	0
365	0
366	0
367	0
368	0
369	0
370	0
371	0
372	0
373	0
374	0
375	0
376	0
377	0
378	0
379	0
380	0
381	1
382	0
383	0
384	0
385	1
386	0
387	1
388	0
389	2
390	0
391	2
392	0
393	1
394	0
395	0
396	0
397	0
398	0
399	0
400	0
401	0
402	0
403	0
404	0
405	0
406	0
407	0
408	0
409	0
410	0
411	0
412	0
413	0
414	0
415	0
416	0
417	0
418	0
419	0
420	0
421	0
422	0
423	1
424	0
425	0
426	0
427	0
428	0
429	1
430	0
431	1
432	0
433	1
434	0
435	0
436	0
437	1
438	0
439	1
440	0
441	0
442	0
443	0
444	0
445	0
446	0
447	0
448	0
449	3
450	1
451	4
452	4
453	7
454	6
455	9
456	10
457	11
458	13
459	16
460	16
461	20
462	21
463	24
464	25
465	27
466	28
467	31
468	32
469	35
470	37
471	39
472	39
473	43
474	43
475	46
476	45
477	49
478	48
479	52
480	51
481	56
482	54
483	59
484	57
485	62
486	60
487	63
488	62
489	66
490	64
491	67
492	65
493	68
494	68
495	71
496	71
497	72
498	72
499	78
500	62
501	74
502	69
503	70
504	68
505	70
506	68
507	69
508	64
509	67
510	63
511	65
512	62
513	64
514	60
515	60
516	55
517	56
518	53
519	54
520	51
521	50
522	46
523	48
524	45
525	45
526	42
527	42
528	39
529	40
530	35
531	36
532	31
533	33
534	30
535	30
536	27
537	28
538	23
539	25
540	19
541	21
542	16
543	19
544	13
545	15
546	13
547	13
548	10
549	12
550	7
551	10
552	5
553	6
554	3
555	4
556	1
557	3
558	0
559	2
560	-1
561	0
562	-3
563	0
564	-5
565	-3
566	-6
567	-3
568	-7
569	-5
570	-7
571	-5
572	-8
573	-7
574	-9
575	-7
576	-10
577	-7
578	-10
579	-7
580	-11
581	-10
582	-11
583	-9
584	-13
585	-11
586	-14
587	-12
588	-14
589	-11
590	-14
591	-12
592	-15
593	-12
594	-14
595	-12
596	-14
597	-13
598	-14
599	-13
600	-14
601	-13
602	-14
603	-12
604	-14
605	-12
606	-13
607	-12
608	-14
609	-12
610	-15
611	-11
612	-14
613	-11
614	-14
615	-12
616	-14
617	-12
618	-14
619	-11
620	-12
621	-11
622	-13
623	-12
624	-12
625	-10
626	-12
627	-11
628	-14
629	-10
630	-11
631	-10
632	-11
633	-10
634	-11
635	-9
636	-12
637	-10
638	-11
639	-9
640	-10
641	-7
642	-11
643	-7
644	-12
645	-8
646	-11
647	-8
648	-11
649	-8
650	-10
651	-8
652	-10
653	-8
654	-9
655	-6
656	-8
657	-5
658	-9
659	-5
660	-9
661	-5
662	-8
663	-4
664	-8
665	-5
666	-7
667	-5
668	-7
669	-5
670	-7
671	-4
672	-7
673	-2
674	-7
675	-2
676	-5
677	-1
678	-4
679	-1
680	-4
681	-1
682	-4
683	-1
684	-4
685	-1
686	-4
687	-1
688	-4
689	-3
690	-3
691	-1
692	-3
693	-1
694	-4
695	-3
696	-4
697	-3
698	-4
699	-2
700	-4
701	-2
702	-4
703	-2
704	-4
705	-3
706	-4
707	-2
708	-4
709	-3
710	-4
711	-3
712	-4
713	-2
714	-3
715	-1
716	-4
717	0
718	-5
719	0
720	-4
721	-1
722	-2
723	0
724	-2
725	-1
726	-2
727	-1
728	-2
729	-1
730	-3
731	-1
732	-2
733	0
734	-2
735	0
736	-1
737	0
738	-3
739	-1
740	-2
741	-1
742	-1
743	-1
744	0
745	-2
746	-2
747	0
748	-3
749	0
750	-2
751	0
752	-3
753	0
754	-1
755	0
756	-2
757	-1
758	-2
759	0
760	-1
761	0
762	-1
763	0
764	-1
765	0
766	-2
767	0
768	-2
769	0
770	-2
771	0
772	-2
773	0
774	-2
775	0
776	0
777	0
778	0
779	0
780	-2
781	0
782	-1
783	0
784	-1
785	0
786	-1
787	0
788	-2
789	0
790	-2
791	0
792	-1
793	0
794	-1
795	0
796	-1
797	0
798	-1
799	0
800	-2
801	0
802	-1
803	0
804	-1
805	0
806	-1
807	0
808	0
809	0
810	0
811	0
812	0
813	0
814	0
815	0
816	-1
817	0
818	-1
819	0
820	0
821	0
822	0
823	0
824	0
825	0
826	0
827	0
828	0
829	0
830	0
831	0
832	0
833	0
834	-1
835	0
836	0
837	0
838	0
839	0
840	-1
841	0
842	-1
843	0
844	0
845	0
846	0
847	0
848	-1
849	0
850	-1
851	0
852	-1
853	0
854	-1
855	0
856	0
857	0
858	0
859	0
860	0
861	0
862	0
863	0
864	-1
865	0
866	0
867	0
868	0
869	0
870	0
871	0
872	-1
873	0
874	0
875	0
876	0
877	0
878	0
879	0
880	0
881	0
882	0
883	0
884	0
885	0
886	0
887	0
888	0
889	0
890	-1
891	0
892	-2
893	-1
894	-1
895	0
896	-1
897	0
898	0
899	0
900	-1
901	0
902	0
903	0
904	-1
905	1
906	0
907	0
908	0
909	0
910	0
911	0
912	0
913	0
914	-1
915	0
916	-1
917	1
918	0
919	0
920	0
921	0
922	0
923	-1
924	0
925	0
926	0
927	0
928	0
929	0
930	-1
931	0
932	-1
933	0
934	-1
935	0
936	-1
937	0
938	-1
939	0
940	0
941	0
942	-1
943	0
944	0
945	0
946	0
947	0
948	0
949	1
950	0
951	1
952	0
953	1
954	0
955	1
956	0
957	2
958	0
959	1
960	0
961	2
962	0
963	3
964	0
965	2
966	0
967	1
968	1
969	1
970	0
971	1
972	0
973	2
974	0
975	2
976	0
977	2
978	0
979	1
980	0
981	2
982	0
983	1
984	0
985	0
986	0
987	1
988	0
989	0
990	0
991	0
992	0
993	0
994	0
995	0
996	0
997	1
998	0
999	1
1000	0
1001	0
1002	0
1003	0
1004	0
1005	1
1006	0
1007	0
1008	0
1009	1
1010	0
1011	0
1012	0
1013	0
1014	0
1015	0
1016	0
1017	0
1018	0
1019	0
1020	0
1021	0
1022	0
1023	0
1024	0
1025	0
1026	0
1027	0
1028	0
1029	0
1030	0
1031	0
1032	-1
1033	0
1034	-1
1035	0
1036	0
1037	0
1038	0
1039	0
1040	0
1041	0
1042	-1
1043	0
1044	0
1045	0
1046	-1
1047	0
1048	-1
1049	0
1050	-1
1051	0
1052	-1
1053	0
1054	-1
1055	-1
1056	-2
1057	0
1058	-1
1059	-1
1060	-1
1061	0
1062	-2
1063	-1
1064	-1
1065	0
1066	-1
1067	0
1068	0
1069	0
1070	0
1071	0
1072	-1
1073	0
1074	-1
1075	0
1076	0
1077	0
1078	0
1079	0
1080	-1
1081	0
1082	-1
1083	0
1084	0
1085	0
1086	0
1087	0
1088	0
1089	0
1090	0
1091	0
1092	0
1093	0
1094	0
1095	0
1096	0
1097	0
1098	0
1099	0
1100	-1
1101	0
1102	-1
1103	0
1104	0
1105	0
1106	-1
1107	0
1108	-1
1109	0
1110	-2
1111	0
1112	-1
1113	0
1114	0
1115	0
1116	0
1117	0
1118	-1
1119	0
1120	0
1121	0
1122	0
1123	0
1124	0
1125	0
1126	0
1127	0
1128	0
1129	0
1130	-1
1131	0
1132	-1
1133	0
1134	-1
1135	1
1136	0
1137	0
1138	0
1139	0
1140	0
1141	1
1142	0
1143	0
1144	0
1145	0
1146	0
1147	1
1148	0
1149	1
1150	0
1151	1
1152	0
1153	2
1154	0
1155	1
1156	0
1157	1
1158	0
1159	1
1160	0
1161	0
1162	0
1163	1
1164	0
1165	1
1166	0
1167	0
1168	0
1169	0
1170	0
1171	0
1172	0
1173	0
1174	0
1175	1
1176	0
1177	0
1178	0
1179	0
1180	0
1181	1
1182	0
1183	0
1184	0
1185	1
1186	1
1187	1
1188	0
1189	1
1190	1
1191	1
1192	0
1193	1
1194	0
1195	1
1196	0
1197	0
1198	0
1199	0
1200	0
1201	1
1202	0
1203	0
1204	0
1205	0
1206	0
1207	0
1208	0
1209	0
1210	0
1211	0
1212	-1
1213	0
1214	0
1215	1
1216	0
1217	0
1218	0
1219	0
1220	0
1221	1
1222	0
1223	0
1224	0
1225	0
1226	0
1227	0
1228	0
1229	0
1230	0
1231	0
1232	-1
1233	-1
1234	0
1235	0
1236	0
1237	0
1238	0
1239	0
1240	0
1241	0
1242	0
1243	-1
1244	0
1245	0
1246	-1
1247	0
1248	0
1249	0
1250	-1
1251	0
1252	-1
1253	0
1254	0
1255	0
1256	-1
1257	0
1258	-1
1259	0
1260	-1
1261	0
1262	-1
1263	0
1264	-1
1265	0
1266	0
1267	0
1268	0
1269	0
1270	0
1271	0
1272	0
1273	0
1274	0
1275	0
1276	0
1277	0
1278	0
1279	0
1280	0
1281	0
1282	-1
1283	0
1284	0
1285	0
1286	0
1287	0
1288	0
1289	0
1290	-1
1291	0
1292	-1
1293	0
1294	0
1295	0
1296	-1
1297	0
1298	-1
1299	-1
1300	-1
1301	0
1302	-2
1303	0
1304	-1
1305	0
1306	-1
1307	-1
1308	0
1309	-1
1310	0
1311	-1
1312	-1
1313	0
1314	-1
1315	0
1316	0
1317	0
1318	0
1319	0
1320	-1
1321	0
1322	0
1323	0
1324	0
1325	0
1326	0
1327	0
1328	0
1329	0
1330	0
1331	0
1332	0
1333	0
1334	-1
1335	0
1336	0
1337	0
1338	-1
1339	0
1340	0
1341	0
1342	0
1343	1
1344	0
1345	0
1346	-1
1347	0
1348	-1
1349	0
1350	0
1351	0
1352	0
1353	0
1354	0
1355	0
1356	0
1357	0
1358	0
1359	0
1360	0
1361	0
1362	0
1363	0
1364	0
1365	1
1366	0
1367	0
1368	0
1369	1
1370	0
1371	1
1372	0
1373	1
1374	0
1375	0
1376	0
1377	0
1378	0
1379	0
1380	-2
1381	0
1382	0
1383	0
1384	-1
1385	0
1386	-1
1387	0
1388	-1
1389	0
1390	-1
1391	0
1392	-1
1393	0
1394	-1
1395	0
1396	0
1397	0
1398	-1
1399	0
1400	-1
1401	0
1402	-1
1403	0
1404	-1
1405	0
1406	0
1407	0
1408	0
1409	0
1410	0
1411	0
1412	0
1413	0
1414	0
1415	0
1416	0
1417	0
1418	-1
1419	0
1420	0
1421	0
1422	-1
1423	0
1424	0
1425	1
1426	0
1427	0
1428	0
1429	0
1430	0
1431	0
1432	0
1433	0
1434	0
1435	0
1436	-1
1437	0
1438	-1
1439	0
1440	-1
1441	0
1442	-1
1443	0
1444	-1
1445	0
1446	0
1447	0
1448	-1
1449	0
1450	0
1451	0
1452	0
1453	0
1454	0
1455	0
1456	0
1457	0
1458	-1
1459	0
1460	-1
1461	0
1462	0
1463	0
1464	0
1465	0
1466	0
1467	0
1468	0
1469	0
1470	0
1471	0
1472	0
1473	0
1474	0
1475	0
1476	0
1477	0
1478	0
1479	0
1480	-1
1481	1
1482	-1
1483	0
1484	-1
1485	0
1486	0
1487	0
1488	-1
1489	0
1490	0
1491	0
1492	0
1493	0
1494	0
1495	0
1496	0
1497	0
1498	0
1499	1
1500	0
1501	1
1502	0
1503	1
1504	0
1505	0
1506	0
1507	1
1508	1
1509	1
1510	0
1511	1
1512	1
1513	2
1514	1
1515	1
1516	1
1517	1
1518	1
1519	1
1520	1
1521	2
1522	0
1523	1
1524	0
1525	1
1526	0
1527	1
1528	0
1529	1
1530	0
1531	1
1532	0
1533	0
1534	0
1535	0
1536	0
1537	0
1538	0
1539	0
1540	0
1541	0
1542	0
1543	0
1544	0
1545	0
1546	-1
1547	0
1548	0
1549	0
1550	0
1551	0
1552	0
1553	1
1554	0
1555	0
1556	0
1557	0
1558	0
1559	1
1560	0
1561	0
1562	0
1563	0
1564	-1
1565	0
1566	0
1567	0
1568	0
1569	0
1570	-1
1571	1
1572	0
1573	0
1574	0
1575	0
1576	0
1577	-1
1578	-1
1579	0
1580	-1
1581	0
1582	-1
1583	0
1584	-2
1585	0
1586	-1
1587	0
1588	-1
1589	0
1590	0
1591	0
1592	-1
1593	0
1594	-1
1595	0
1596	0
1597	0
1598	0
1599	0
1600	0
1601	0
1602	0
1603	0
1604	0
1605	0
1606	0
1607	1
1608	0
1609	0
1610	0
1611	1
1612	0
1613	0
1614	0
1615	0
1616	0
1617	0
1618	0
1619	0
1620	0
1621	0
1622	0
1623	0
1624	0
1625	0
1626	0
1627	0
1628	-1
1629	0
1630	-1
1631	0
1632	0
1633	-1
1634	-1
1635	0
1636	-1
1637	-1
1638	-1
1639	0
1640	0
1641	0
1642	0
1643	0
1644	0
1645	0
1646	0
1647	0
1648	0
1649	0
1650	0
1651	0
1652	0
1653	0
1654	0
1655	0
1656	0
1657	1
1658	0
1659	0
1660	0
1661	1
1662	0
1663	0
1664	0
1665	0
1666	0
1667	0
1668	0
1669	0
1670	0
1671	0
1672	0
1673	0
1674	0
1675	0
1676	0
1677	0
1678	0
1679	0
1680	0
1681	0
1682	0
1683	0
1684	0
1685	1
1686	0
1687	0
1688	0
1689	1
1690	0
1691	1
1692	0
1693	0
1694	0
1695	1
1696	0
1697	2
1698	1
1699	1
1700	0
1701	2
1702	0
1703	2
1704	0
1705	1
1706	0
1707	1
1708	0
1709	1
1710	0
1711	2
1712	0
1713	1
1714	0
1715	0
1716	0
1717	0
1718	0
1719	1
1720	0
1721	0
1722	0
1723	0
1724	0
1725	0
1726	0
1727	0
1728	0
1729	0
1730	0
1731	0
1732	0
1733	1
1734	0
1735	1
1736	1
1737	1
1738	0
1739	2
1740	0
1741	1
1742	0
1743	1
1744	0
1745	1
1746	0
1747	2
1748	0
1749	2
1750	0
1751	1
1752	1
1753	3
1754	0
1755	2
1756	0
1757	1
1758	1
1759	1
1760	1
1761	1
1762	0
1763	2
1764	0
1765	1
1766	0
1767	1
1768	1
1769	0
1770	0
1771	2
1772	0
1773	1
1774	0
1775	1
1776	0
1777	0
1778	0
1779	1
1780	0
1781	1
1782	0
1783	1
1784	0
1785	0
1786	0
1787	1
1788	0
1789	0
1790	0
1791	0
1792	0
1793	1
1794	0
1795	1
1796	0
1797	0
1798	0
1799	1
1800	0
1801	0
1802	0
1803	1
1804	0
1805	0
1806	0
1807	1
1808	0
1809	1
1810	0
1811	1
1812	0
1813	0
1814	0
1815	0
1816	0
1817	0
1818	0
1819	0
1820	0
1821	0
1822	0
1823	0
1824	0
1825	0
1826	0
1827	0
1828	-1
1829	0
1830	0
1831	0
1832	-1
1833	0
1834	-1
1835	0
1836	-1
1837	0
1838	-1
1839	0
1840	0
1841	0
1842	-1
1843	0
1844	-1
1845	0
1846	-1
1847	0
1848	0
1849	0
1850	0
1851	0
1852	-1
1853	0
1854	0
1855	0
1856	0
1857	0
1858	0
1859	0
1860	-1
1861	0
1862	-1
1863	0
1864	-1
1865	0
1866	-1
1867	0
1868	-2
1869	0
1870	-1
1871	0
1872	-2
1873	-1
1874	-1
1875	0
1876	-1
1877	0
1878	-1
1879	0
1880	-1
1881	0
1882	0
1883	0
1884	0
1885	0
1886	0
1887	0
1888	0
1889	0
1890	1
1891	0
1892	0
1893	1
1894	0
1895	1
1896	0
1897	1
1898	0
1899	2
1900	1
1901	2
1902	0
1903	1
1904	1
1905	2
1906	1
1907	2
1908	2
1909	3
1910	2
1911	3
1912	1
1913	2
1914	1
1915	3
1916	2
1917	2
1918	2
1919	2
1920	2
1921	3
1922	2
1923	2
1924	1
1925	2
1926	1
1927	2
1928	2
1929	2
1930	2
1931	2
1932	1
1933	2
1934	2
1935	2
1936	0
1937	2
1938	1
1939	2
1940	1
1941	1
1942	1
1943	2
1944	0
1945	2
1946	1
1947	0
1948	0
1949	2
1950	0
1951	1
1952	0
1953	1
1954	0
1955	0
1956	0
1957	1
1958	0
1959	0
1960	0
1961	0
1962	-1
1963	0
1964	0
1965	0
1966	0
1967	0
1968	0
1969	0
1970	0
1971	0
1972	-1
1973	0
1974	-1
1975	0
1976	0
1977	0
1978	0
1979	0
1980	0
1981	0
1982	-1
1983	0
1984	-1
1985	0
1986	0
1987	0
1988	0
1989	0
1990	0
1991	0
1992	0
1993	0
1994	-1
1995	0
1996	-1
1997	0
1998	0
1999	0
