0	0
1	0
2	0
3	0
4	0
5	0
6	0
7	0
8	0
9	0
10	0
11	0
12	0
13	0
14	0
15	0
16	0
17	0
18	0
19	0
20	0
21	0
22	0
23	0
24	0
25	0
26	0
27	0
28	0
29	0
30	0
31	0
32	0
33	0
34	0
35	0
36	0
37	0
38	0
39	0
40	0
41	0
42	0
43	0
44	0
45	0
46	0
47	0
48	0
49	1
50	0
51	0
52	0
53	0
54	0
55	0
56	0
57	0
58	0
59	0
60	0
61	0
62	0
63	0
64	0
65	0
66	0
67	1
68	0
69	0
70	0
71	1
72	0
73	1
74	0
75	1
76	0
77	1
78	0
79	0
80	0
81	0
82	0
83	0
84	0
85	1
86	0
87	0
88	0
89	0
90	0
91	0
92	0
93	0
94	0
95	0
96	0
97	0
98	0
99	0
100	0
101	0
102	0
103	0
104	-1
105	0
106	0
107	0
108	0
109	0
110	0
111	0
112	0
113	0
114	0
115	0
116	0
117	0
118	0
119	0
120	0
121	0
122	1
123	0
124	0
125	0
126	0
127	0
128	0
129	0
130	0
131	0
132	0
133	0
134	0
135	0
136	0
137	0
138	0
139	0
140	0
141	0
142	1
143	0
144	0
145	0
146	0
147	0
148	0
149	0
150	0
151	0
152	0
153	1
154	0
155	0
156	0
157	0
158	0
159	0
160	0
161	0
162	0
163	0
164	0
165	0
166	0
167	0
168	0
169	0
170	0
171	0
172	0
173	0
174	0
175	0
176	0
177	0
178	0
179	1
180	0
181	1
182	0
183	1
184	0
185	0
186	1
187	1
188	0
189	1
190	1
191	0
192	0
193	0
194	1
195	0
196	1
197	0
198	1
199	1
200	1
201	1
202	0
203	1
204	0
205	1
206	0
207	0
208	0
209	0
210	0
211	1
212	0
213	0
214	0
215	1
216	0
217	1
218	0
219	0
220	0
221	0
222	-1
223	0
224	0
225	0
226	0
227	0
228	0
229	0
230	0
231	0
232	-1
233	0
234	0
235	0
236	0
237	0
238	0
239	0
240	0
241	0
242	0
243	0
244	0
245	0
246	0
247	0
248	0
249	1
250	0
251	1
252	0
253	1
254	0
255	1
256	0
257	2
258	0
259	0
260	1
261	0
262	0
263	1
264	0
265	0
266	0
267	1
268	0
269	0
270	0
271	0
272	0
273	1
274	0
275	0
276	0
277	1
278	0
279	0
280	1
281	0
282	0
283	0
284	0
285	0
286	0
287	1
288	0
289	1
290	0
291	0
292	1
293	0
294	1
295	0
296	1
297	0
298	0
299	0
300	0
301	0
302	0
303	0
304	0
305	0
306	0
307	0
308	0
309	0
310	0
311	0
312	0
313	0
314	0
315	1
316	0
317	1
318	0
319	0
320	0
321	0
322	0
323	0
324	0
325	0
326	0
327	0
328	0
329	0
330	0
331	0
332	0
333	0
334	0
335	0
336	0
337	0
338	0
339	1
340	0
341	0
342	0
343	0
344	0
345	0
346	0
347	0
348	0
349	0
350	0
351	0
352	0
353	0
354	0
355	1
356	0
357	0
358	0
359	0
360	0
361	0
362	0
363	0
364	0
365	0
366	0
367	0
368	0
369	0
370	0
371	0
372	0
373	0
374	0
375	1
376	0
377	1
378	0
379	1
380	0
381	0
382	0
383	1
384	1
385	2
386	1
387	2
388	0
389	1
390	1
391	1
392	1
393	2
394	2
395	2
396	1
397	1
398	0
399	0
400	0
401	0
402	0
403	0
404	0
405	0
406	0
407	0
408	0
409	0
410	0
411	0
412	0
413	0
414	0
415	0
416	-1
417	0
418	-1
419	0
420	0
421	0
422	0
423	0
424	0
425	0
426	0
427	0
428	0
429	0
430	0
431	1
432	0
433	0
434	0
435	0
436	0
437	0
438	0
439	2
440	0
441	2
442	3
443	5
444	6
445	9
446	11
447	15
448	16
449	19
450	22
451	27
452	29
453	33
454	37
455	41
456	44
457	48
458	51
459	56
460	58
461	62
462	66
463	71
464	74
465	76
466	79
467	83
468	84
469	87
470	90
471	92
472	94
473	97
474	96
475	99
476	99
477	101
478	99
479	101
480	99
481	101
482	100
483	100
484	97
485	98
486	96
487	94
488	92
489	93
490	90
491	89
492	87
493	85
494	81
495	79
496	78
497	77
498	77
499	78
500	62
501	69
502	63
503	62
504	61
505	58
506	55
507	52
508	49
509	48
510	45
511	45
512	39
513	39
514	35
515	35
516	32
517	28
518	27
519	25
520	23
521	22
522	18
523	19
524	16
525	15
526	11
527	11
528	9
529	5
530	4
531	4
532	3
533	3
534	0
535	0
536	-1
537	0
538	-4
539	-4
540	-7
541	-7
542	-10
543	-10
544	-11
545	-12
546	-12
547	-13
548	-12
549	-13
550	-13
551	-14
552	-14
553	-14
554	-15
555	-14
556	-17
557	-16
558	-16
559	-16
560	-16
561	-17
562	-17
563	-16
564	-17
565	-17
566	-19
567	-16
568	-18
569	-17
570	-19
571	-17
572	-17
573	-17
574	-17
575	-16
576	-17
577	-15
578	-17
579	-18
580	-17
581	-16
582	-17
583	-16
584	-17
585	-16
586	-16
587	-16
588	-17
589	-17
590	-17
591	-17
592	-17
593	-16
594	-16
595	-16
596	-16
597	-16
598	-16
599	-16
600	-16
601	-15
602	-15
603	-15
604	-15
605	-16
606	-15
607	-15
608	-15
609	-15
610	-15
611	-15
612	-15
613	-15
614	-15
615	-14
616	-14
617	-14
618	-14
619	-13
620	-14
621	-12
622	-14
623	-14
624	-13
625	-12
626	-12
627	-11
628	-13
629	-10
630	-11
631	-10
632	-11
633	-9
634	-11
635	-10
636	-12
637	-10
638	-11
639	-9
640	-10
641	-9
642	-10
643	-8
644	-8
645	-8
646	-6
647	-8
648	-7
649	-5
650	-6
651	-7
652	-5
653	-7
654	-5
655	-5
656	-5
657	-5
658	-5
659	-5
660	-4
661	-5
662	-3
663	-4
664	-3
665	-3
666	-2
667	-3
668	-2
669	-2
670	-2
671	-1
672	-2
673	-1
674	-2
675	-1
676	-1
677	-2
678	-1
679	-1
680	-2
681	-1
682	-1
683	-1
684	-1
685	-1
686	-1
687	0
688	-1
689	0
690	-1
691	-1
692	-1
693	0
694	-2
695	0
696	-1
697	-1
698	-2
699	0
700	-2
701	-1
702	-1
703	0
704	0
705	0
706	-1
707	0
708	-1
709	0
710	-1
711	0
712	-1
713	0
714	0
715	0
716	0
717	0
718	-1
719	0
720	0
721	0
722	0
723	0
724	0
725	0
726	0
727	0
728	0
729	0
730	0
731	0
732	0
733	0
734	0
735	0
736	0
737	0
738	0
739	0
740	0
741	0
742	0
743	0
744	0
745	0
746	0
747	0
748	0
749	0
750	0
751	0
752	0
753	0
754	0
755	0
756	0
757	0
758	0
759	0
760	0
761	0
762	0
763	0
764	0
765	0
766	0
767	0
768	0
769	0
770	0
771	0
772	0
773	0
774	0
775	0
776	0
777	0
778	0
779	-1
780	0
781	0
782	0
783	0
784	-2
785	-1
786	-2
787	0
788	-1
789	-1
790	-1
791	0
792	-1
793	0
794	0
795	0
796	0
797	0
798	-1
799	0
800	0
801	0
802	0
803	0
804	0
805	0
806	0
807	1
808	0
809	0
810	0
811	0
812	0
813	0
814	0
815	0
816	0
817	0
818	0
819	1
820	0
821	1
822	0
823	0
824	0
825	0
826	0
827	0
828	0
829	0
830	0
831	0
832	0
833	0
834	0
835	0
836	0
837	0
838	-1
839	0
840	0
841	0
842	0
843	0
844	-1
845	0
846	0
847	0
848	0
849	0
850	0
851	0
852	0
853	0
854	0
855	0
856	0
857	0
858	0
859	-1
860	0
861	0
862	0
863	0
864	0
865	0
866	0
867	0
868	0
869	0
870	0
871	0
872	0
873	0
874	0
875	0
876	0
877	0
878	0
879	0
880	0
881	0
882	0
883	0
884	0
885	0
886	-1
887	0
888	0
889	0
890	0
891	0
892	0
893	0
894	0
895	0
896	0
897	0
898	0
899	0
900	0
901	0
902	0
903	0
904	0
905	0
906	0
907	0
908	0
909	0
910	0
911	0
912	0
913	0
914	0
915	0
916	0
917	0
918	0
919	0
920	0
921	0
922	0
923	0
924	0
925	0
926	0
927	0
928	0
929	0
930	-1
931	0
932	-1
933	-1
934	-1
935	0
936	0
937	0
938	0
939	0
940	-1
941	0
942	0
943	0
944	0
945	0
946	0
947	0
948	0
949	0
950	0
951	0
952	0
953	0
954	0
955	0
956	0
957	0
958	0
959	0
960	0
961	0
962	0
963	1
964	0
965	0
966	0
967	0
968	0
969	1
970	0
971	0
972	0
973	1
974	0
975	0
976	1
977	1
978	0
979	1
980	1
981	1
982	0
983	0
984	1
985	1
986	1
987	2
988	1
989	1
990	1
991	1
992	1
993	2
994	1
995	1
996	2
997	1
998	1
999	1
1000	1
1001	1
1002	1
1003	1
1004	2
1005	1
1006	2
1007	2
1008	2
1009	2
1010	1
1011	2
1012	1
1013	2
1014	2
1015	2
1016	2
1017	2
1018	2
1019	1
1020	1
1021	1
1022	0
1023	1
1024	1
1025	1
1026	0
1027	0
1028	0
1029	0
1030	0
1031	0
1032	0
1033	0
1034	0
1035	0
1036	0
1037	0
1038	0
1039	0
1040	0
1041	0
1042	0
1043	0
1044	0
1045	0
1046	0
1047	0
1048	0
1049	0
1050	0
1051	0
1052	-1
1053	0
1054	-1
1055	0
1056	0
1057	0
1058	0
1059	0
1060	0
1061	0
1062	0
1063	0
1064	0
1065	0
1066	0
1067	0
1068	0
1069	0
1070	0
1071	0
1072	0
1073	0
1074	0
1075	0
1076	0
1077	0
1078	-1
1079	0
1080	0
1081	-1
1082	-1
1083	0
1084	-1
1085	0
1086	-1
1087	-1
1088	-1
1089	0
1090	-1
1091	0
1092	-1
1093	-1
1094	-1
1095	0
1096	-1
1097	0
1098	0
1099	0
1100	-1
1101	0
1102	-1
1103	0
1104	0
1105	0
1106	-1
1107	0
1108	-1
1109	0
1110	0
1111	0
1112	0
1113	0
1114	0
1115	0
1116	0
1117	0
1118	0
1119	-1
1120	0
1121	0
1122	0
1123	0
1124	0
1125	0
1126	0
1127	0
1128	0
1129	0
1130	0
1131	0
1132	0
1133	0
1134	0
1135	0
1136	0
1137	0
1138	0
1139	0
1140	0
1141	0
1142	0
1143	0
1144	0
1145	0
1146	0
1147	0
1148	0
1149	0
1150	-1
1151	0
1152	0
1153	0
1154	0
1155	0
1156	0
1157	0
1158	-1
1159	0
1160	0
1161	0
1162	0
1163	0
1164	0
1165	0
1166	0
1167	0
1168	0
1169	0
1170	0
1171	0
1172	0
1173	0
1174	-1
1175	0
1176	-1
1177	0
1178	-1
1179	0
1180	0
1181	0
1182	0
1183	0
1184	0
1185	0
1186	0
1187	0
1188	0
1189	0
1190	0
1191	0
1192	-1
1193	0
1194	0
1195	0
1196	0
1197	0
1198	0
1199	0
1200	0
1201	0
1202	0
1203	0
1204	0
1205	0
1206	0
1207	0
1208	0
1209	0
1210	0
1211	0
1212	0
1213	0
1214	0
1215	0
1216	0
1217	0
1218	0
1219	0
1220	0
1221	0
1222	0
1223	0
1224	0
1225	0
1226	0
1227	0
1228	0
1229	0
1230	0
1231	0
1232	0
1233	0
1234	0
1235	0
1236	0
1237	0
1238	0
1239	0
1240	0
1241	1
1242	1
1243	0
1244	0
1245	0
1246	0
1247	0
1248	0
1249	1
1250	0
1251	0
1252	0
1253	0
1254	0
1255	0
1256	0
1257	0
1258	0
1259	0
1260	0
1261	0
1262	0
1263	0
1264	0
1265	0
1266	0
1267	0
1268	0
1269	0
1270	0
1271	0
1272	0
1273	0
1274	0
1275	0
1276	0
1277	0
1278	0
1279	0
1280	0
1281	0
1282	0
1283	0
1284	-1
1285	0
1286	0
1287	0
1288	-1
1289	0
1290	0
1291	0
1292	0
1293	0
1294	-1
1295	-1
1296	-1
1297	-1
1298	-1
1299	-1
1300	-1
1301	-1
1302	-1
1303	0
1304	0
1305	0
1306	-1
1307	-1
1308	-1
1309	0
1310	-1
1311	0
1312	0
1313	0
1314	0
1315	0
1316	0
1317	0
1318	0
1319	0
1320	0
1321	0
1322	0
1323	0
1324	0
1325	1
1326	0
1327	0
1328	0
1329	0
1330	0
1331	0
1332	1
1333	0
1334	0
1335	0
1336	0
1337	0
1338	0
1339	0
1340	0
1341	0
1342	0
1343	0
1344	0
1345	0
1346	0
1347	0
1348	0
1349	0
1350	0
1351	0
1352	0
1353	0
1354	0
1355	0
1356	0
1357	0
1358	0
1359	0
1360	0
1361	0
1362	0
1363	0
1364	0
1365	0
1366	0
1367	0
1368	0
1369	0
1370	0
1371	0
1372	0
1373	0
1374	0
1375	0
1376	0
1377	0
1378	1
1379	1
1380	0
1381	0
1382	0
1383	1
1384	0
1385	0
1386	0
1387	0
1388	1
1389	0
1390	0
1391	1
1392	0
1393	0
1394	0
1395	0
1396	0
1397	1
1398	1
1399	0
1400	0
1401	1
1402	0
1403	1
1404	1
1405	1
1406	1
1407	1
1408	0
1409	1
1410	1
1411	1
1412	1
1413	1
1414	0
1415	1
1416	1
1417	0
1418	0
1419	0
1420	0
1421	1
1422	0
1423	0
1424	0
1425	0
1426	0
1427	0
1428	0
1429	0
1430	0
1431	0
1432	0
1433	0
1434	0
1435	0
1436	0
1437	0
1438	0
1439	0
1440	0
1441	0
1442	0
1443	0
1444	0
1445	0
1446	0
1447	0
1448	0
1449	0
1450	0
1451	0
1452	0
1453	0
1454	0
1455	0
1456	0
1457	0
1458	0
1459	0
1460	0
1461	0
1462	0
1463	0
1464	0
1465	0
1466	0
1467	0
1468	0
1469	0
1470	0
1471	0
1472	0
1473	0
1474	0
1475	0
1476	0
1477	0
1478	0
1479	0
1480	0
1481	0
1482	-1
1483	0
1484	0
1485	0
1486	0
1487	0
1488	0
1489	0
1490	0
1491	0
1492	0
1493	0
1494	0
1495	0
1496	0
1497	0
1498	0
1499	0
1500	0
1501	0
1502	0
1503	0
1504	0
1505	0
1506	0
1507	0
1508	0
1509	1
1510	0
1511	0
1512	-1
1513	0
1514	0
1515	0
1516	0
1517	0
1518	0
1519	0
1520	0
1521	0
1522	0
1523	0
1524	0
1525	0
1526	0
1527	0
1528	0
1529	0
1530	0
1531	0
1532	0
1533	0
1534	0
1535	0
1536	0
1537	0
1538	0
1539	0
1540	0
1541	0
1542	0
1543	0
1544	0
1545	0
1546	0
1547	0
1548	-1
1549	0
1550	0
1551	0
1552	0
1553	0
1554	0
1555	0
1556	0
1557	0
1558	0
1559	-1
1560	0
1561	0
1562	-1
1563	0
1564	0
1565	0
1566	0
1567	0
1568	0
1569	0
1570	0
1571	0
1572	0
1573	0
1574	0
1575	0
1576	0
1577	0
1578	0
1579	0
1580	0
1581	0
1582	0
1583	-1
1584	-1
1585	-1
1586	-1
1587	0
1588	0
1589	0
1590	0
1591	0
1592	0
1593	0
1594	0
1595	0
1596	0
1597	0
1598	0
1599	0
1600	0
1601	0
1602	0
1603	0
1604	0
1605	0
1606	0
1607	0
1608	0
1609	0
1610	0
1611	0
1612	0
1613	0
1614	0
1615	0
1616	0
1617	0
1618	0
1619	0
1620	0
1621	0
1622	0
1623	0
1624	0
1625	0
1626	0
1627	0
1628	0
1629	0
1630	0
1631	0
1632	0
1633	0
1634	0
1635	0
1636	0
1637	0
1638	0
1639	0
1640	0
1641	0
1642	0
1643	0
1644	0
1645	0
1646	0
1647	0
1648	0
1649	0
1650	0
1651	0
1652	0
1653	0
1654	0
1655	0
1656	0
1657	0
1658	0
1659	0
1660	0
1661	0
1662	0
1663	0
1664	0
1665	0
1666	0
1667	0
1668	0
1669	0
1670	0
1671	0
1672	0
1673	0
1674	0
1675	0
1676	-1
1677	0
1678	0
1679	0
1680	-1
1681	0
1682	0
1683	0
1684	0
1685	0
1686	0
1687	0
1688	-1
1689	0
1690	-1
1691	0
1692	0
1693	0
1694	0
1695	1
1696	1
1697	1
1698	0
1699	1
1700	1
1701	0
1702	0
1703	0
1704	1
1705	0
1706	0
1707	1
1708	0
1709	0
1710	0
1711	0
1712	0
1713	0
1714	0
1715	0
1716	0
1717	0
1718	0
1719	0
1720	-1
1721	-1
1722	-1
1723	0
1724	0
1725	0
1726	0
1727	0
1728	-1
1729	0
1730	0
1731	0
1732	0
1733	0
1734	0
1735	0
1736	0
1737	0
1738	0
1739	0
1740	0
1741	0
1742	0
1743	0
1744	0
1745	1
1746	1
1747	1
1748	1
1749	1
1750	1
1751	0
1752	1
1753	0
1754	1
1755	0
1756	0
1757	0
1758	0
1759	0
1760	0
1761	0
1762	0
1763	0
1764	0
1765	0
1766	-1
1767	0
1768	-1
1769	-1
1770	-1
1771	-1
1772	-1
1773	-1
1774	-1
1775	-1
1776	-1
1777	0
1778	-1
1779	0
1780	-1
1781	0
1782	0
1783	0
1784	-1
1785	0
1786	0
1787	0
1788	0
1789	0
1790	0
1791	0
1792	0
1793	0
1794	0
1795	1
1796	0
1797	0
1798	0
1799	0
1800	0
1801	0
1802	0
1803	0
1804	0
1805	1
1806	0
1807	0
1808	0
1809	0
1810	0
1811	0
1812	0
1813	0
1814	0
1815	0
1816	0
1817	0
1818	0
1819	0
1820	0
1821	0
1822	0
1823	0
1824	0
1825	0
1826	0
1827	0
1828	0
1829	0
1830	0
1831	0
1832	0
1833	0
1834	0
1835	0
1836	0
1837	0
1838	0
1839	0
1840	0
1841	0
1842	0
1843	0
1844	0
1845	0
1846	0
1847	0
1848	0
1849	0
1850	-1
1851	0
1852	0
1853	0
1854	0
1855	0
1856	0
1857	0
1858	0
1859	0
1860	0
1861	0
1862	0
1863	0
1864	0
1865	0
1866	0
1867	0
1868	0
1869	0
1870	0
1871	0
1872	0
1873	0
1874	0
1875	0
1876	0
1877	0
1878	0
1879	0
1880	0
1881	0
1882	0
1883	0
1884	0
1885	0
1886	0
1887	0
1888	0
1889	0
1890	0
1891	0
1892	0
1893	0
1894	0
1895	0
1896	0
1897	0
1898	-1
1899	0
1900	-1
1901	0
1902	0
1903	0
1904	-1
1905	0
1906	0
1907	0
1908	0
1909	0
1910	-1
1911	-1
1912	-1
1913	-1
1914	0
1915	0
1916	-1
1917	-1
1918	0
1919	0
1920	0
1921	0
1922	0
1923	0
1924	0
1925	0
1926	0
1927	0
1928	0
1929	1
1930	0
1931	1
1932	0
1933	0
1934	1
1935	0
1936	0
1937	0
1938	0
1939	0
1940	0
1941	1
1942	0
1943	0
1944	0
1945	0
1946	0
1947	0
1948	0
1949	0
1950	0
1951	0
1952	0
1953	0
1954	0
1955	0
1956	0
1957	0
1958	0
1959	0
1960	0
1961	0
1962	0
1963	0
1964	0
1965	0
1966	0
1967	0
1968	0
1969	0
1970	0
1971	0
1972	0
1973	0
1974	0
1975	0
1976	0
1977	0
1978	0
1979	0
1980	0
1981	0
1982	0
1983	0
1984	0
1985	0
1986	0
1987	0
1988	0
1989	0
1990	0
1991	0
1992	0
1993	0
1994	0
1995	0
1996	0
1997	0
1998	0
1999	0
