0	0
1	0
2	0
3	0
4	-1
5	1
6	-1
7	1
8	-1
9	0
10	-1
11	0
12	0
13	1
14	0
15	1
16	0
17	1
18	0
19	1
20	0
21	1
22	0
23	1
24	0
25	1
26	0
27	2
28	0
29	2
30	0
31	2
32	0
33	1
34	0
35	2
36	1
37	1
38	0
39	1
40	0
41	2
42	0
43	1
44	0
45	1
46	0
47	2
48	0
49	2
50	0
51	1
52	0
53	1
54	0
55	0
56	0
57	0
58	0
59	0
60	0
61	1
62	0
63	0
64	0
65	0
66	0
67	0
68	0
69	0
70	0
71	0
72	0
73	1
74	0
75	0
76	0
77	0
78	0
79	0
80	0
81	0
82	0
83	0
84	0
85	0
86	0
87	0
88	0
89	0
90	0
91	0
92	0
93	1
94	0
95	0
96	0
97	0
98	0
99	0
100	0
101	0
102	0
103	0
104	0
105	0
106	0
107	0
108	0
109	0
110	0
111	0
112	0
113	0
114	1
115	1
116	0
117	0
118	0
119	1
120	0
121	1
122	0
123	1
124	0
125	1
126	0
127	1
128	0
129	1
130	0
131	1
132	0
133	0
134	0
135	1
136	0
137	1
138	0
139	1
140	0
141	0
142	0
143	2
144	0
145	0
146	0
147	0
148	0
149	0
150	0
151	0
152	0
153	1
154	0
155	1
156	0
157	1
158	0
159	0
160	0
161	0
162	0
163	1
164	0
165	1
166	0
167	1
168	0
169	2
170	1
171	0
172	0
173	0
174	0
175	1
176	0
177	0
178	0
179	1
180	0
181	0
182	0
183	1
184	0
185	1
186	0
187	1
188	-1
189	0
190	0
191	0
192	0
193	1
194	0
195	0
196	0
197	0
198	0
199	0
200	0
201	0
202	0
203	0
204	0
205	0
206	0
207	0
208	0
209	1
210	0
211	0
212	0
213	0
214	0
215	0
216	0
217	0
218	0
219	1
220	0
221	1
222	0
223	0
224	0
225	1
226	0
227	1
228	0
229	1
230	0
231	0
232	0
233	0
234	0
235	0
236	0
237	0
238	-1
239	0
240	0
241	0
242	0
243	0
244	0
245	0
246	0
247	0
248	0
249	0
250	0
251	0
252	0
253	0
254	0
255	0
256	0
257	0
258	0
259	1
260	0
261	0
262	0
263	1
264	0
265	1
266	0
267	1
268	0
269	1
270	0
271	1
272	0
273	1
274	0
275	1
276	0
277	0
278	0
279	0
280	0
281	0
282	0
283	1
284	0
285	1
286	0
287	1
288	0
289	0
290	0
291	1
292	0
293	0
294	0
295	2
296	0
297	2
298	0
299	0
300	0
301	2
302	0
303	0
304	0
305	0
306	0
307	0
308	0
309	0
310	0
311	0
312	0
313	0
314	0
315	0
316	0
317	0
318	0
319	0
320	0
321	1
322	0
323	0
324	0
325	1
326	0
327	0
328	0
329	0
330	0
331	0
332	0
333	0
334	0
335	1
336	0
337	0
338	0
339	0
340	0
341	0
342	0
343	0
344	0
345	1
346	0
347	0
348	0
349	1
350	0
351	0
352	0
353	0
354	0
355	0
356	0
357	0
358	0
359	0
360	0
361	0
362	0
363	1
364	0
365	1
366	0
367	0
368	0
369	1
370	0
371	0
372	0
373	1
374	0
375	1
376	0
377	0
378	0
379	0
380	0
381	1
382	0
383	0
384	0
385	1
386	0
387	1
388	0
389	0
390	0
391	0
392	0
393	1
394	0
395	1
396	0
397	1
398	0
399	0
400	0
401	1
402	0
403	1
404	0
405	0
406	0
407	0
408	0
409	0
410	0
411	0
412	0
413	0
414	0
415	0
416	0
417	0
418	0
419	2
420	0
421	0
422	0
423	1
424	0
425	1
426	0
427	1
428	0
429	1
430	0
431	1
432	0
433	1
434	0
435	2
436	1
437	2
438	1
439	3
440	3
441	7
442	6
443	11
444	11
445	16
446	15
447	20
448	22
449	26
450	27
451	33
452	35
453	39
454	41
455	46
456	49
457	53
458	55
459	61
460	63
461	67
462	68
463	73
464	74
465	79
466	79
467	83
468	84
469	87
470	89
471	91
472	92
473	95
474	93
475	96
476	94
477	98
478	94
479	98
480	95
481	97
482	95
483	96
484	94
485	95
486	91
487	91
488	89
489	89
490	86
491	87
492	83
493	84
494	79
495	78
496	75
497	77
498	76
499	78
500	62
501	68
502	64
503	64
504	60
505	61
506	54
507	55
508	51
509	51
510	46
511	46
512	42
513	42
514	37
515	39
516	35
517	34
518	31
519	30
520	25
521	27
522	24
523	24
524	19
525	19
526	14
527	16
528	11
529	12
530	8
531	8
532	6
533	4
534	2
535	2
536	0
537	0
538	-3
539	-3
540	-4
541	-4
542	-6
543	-5
544	-8
545	-6
546	-9
547	-9
548	-11
549	-10
550	-13
551	-10
552	-15
553	-11
554	-15
555	-13
556	-16
557	-16
558	-17
559	-15
560	-19
561	-15
562	-18
563	-16
564	-19
565	-18
566	-20
567	-18
568	-22
569	-18
570	-21
571	-19
572	-21
573	-18
574	-22
575	-20
576	-23
577	-20
578	-22
579	-20
580	-20
581	-18
582	-20
583	-20
584	-21
585	-18
586	-20
587	-19
588	-19
589	-18
590	-17
591	-17
592	-18
593	-16
594	-17
595	-16
596	-17
597	-15
598	-18
599	-16
600	-16
601	-16
602	-16
603	-15
604	-16
605	-15
606	-16
607	-15
608	-16
609	-15
610	-16
611	-15
612	-15
613	-15
614	-15
615	-13
616	-15
617	-14
618	-15
619	-14
620	-14
621	-12
622	-14
623	-13
624	-14
625	-13
626	-15
627	-12
628	-13
629	-12
630	-15
631	-11
632	-12
633	-10
634	-12
635	-12
636	-14
637	-11
638	-12
639	-9
640	-11
641	-8
642	-11
643	-8
644	-9
645	-7
646	-10
647	-8
648	-9
649	-8
650	-7
651	-7
652	-8
653	-5
654	-6
655	-6
656	-6
657	-4
658	-6
659	-4
660	-5
661	-4
662	-6
663	-4
664	-5
665	-5
666	-4
667	-2
668	-4
669	-2
670	-5
671	-2
672	-4
673	-2
674	-4
675	-3
676	-4
677	-4
678	-3
679	-2
680	-3
681	-1
682	-3
683	-1
684	-2
685	-2
686	-3
687	-1
688	-3
689	0
690	-2
691	-1
692	-2
693	-1
694	-1
695	0
696	-1
697	0
698	-1
699	-1
700	-1
701	0
702	-1
703	0
704	0
705	0
706	0
707	0
708	-1
709	0
710	-1
711	0
712	-1
713	0
714	-1
715	0
716	0
717	0
718	0
719	0
720	0
721	0
722	-1
723	0
724	0
725	0
726	0
727	0
728	0
729	0
730	-1
731	0
732	0
733	0
734	0
735	0
736	0
737	0
738	0
739	0
740	0
741	0
742	0
743	0
744	0
745	0
746	0
747	0
748	0
749	0
750	-1
751	0
752	0
753	0
754	0
755	0
756	0
757	0
758	0
759	0
760	-1
761	0
762	0
763	0
764	-1
765	0
766	-1
767	0
768	-1
769	0
770	-1
771	0
772	-1
773	0
774	-1
775	-1
776	-1
777	0
778	-1
779	0
780	-2
781	0
782	-1
783	-1
784	-1
785	0
786	0
787	0
788	0
789	0
790	0
791	0
792	0
793	0
794	-1
795	0
796	0
797	0
798	0
799	0
800	0
801	0
802	0
803	0
804	0
805	0
806	0
807	0
808	0
809	0
810	0
811	0
812	0
813	0
814	0
815	0
816	0
817	0
818	0
819	0
820	0
821	0
822	0
823	0
824	0
825	0
826	0
827	0
828	0
829	0
830	0
831	0
832	0
833	0
834	0
835	0
836	0
837	0
838	0
839	0
840	-1
841	0
842	-1
843	0
844	0
845	0
846	0
847	0
848	0
849	0
850	0
851	0
852	0
853	0
854	0
855	0
856	0
857	1
858	0
859	0
860	0
861	0
862	0
863	1
864	0
865	2
866	0
867	1
868	0
869	1
870	0
871	0
872	0
873	0
874	0
875	0
876	0
877	0
878	0
879	0
880	0
881	0
882	0
883	0
884	0
885	0
886	0
887	0
888	0
889	0
890	-1
891	0
892	0
893	0
894	0
895	0
896	-1
897	0
898	0
899	0
900	0
901	0
902	0
903	-1
904	0
905	0
906	0
907	0
908	0
909	0
910	0
911	0
912	0
913	0
914	0
915	0
916	0
917	0
918	0
919	0
920	0
921	0
922	0
923	0
924	0
925	0
926	0
927	0
928	0
929	0
930	0
931	0
932	0
933	0
934	0
935	1
936	0
937	1
938	0
939	1
940	0
941	1
942	0
943	1
944	0
945	1
946	0
947	0
948	0
949	0
950	0
951	0
952	0
953	0
954	0
955	0
956	0
957	0
958	0
959	0
960	0
961	0
962	0
963	0
964	0
965	0
966	0
967	0
968	0
969	0
970	0
971	0
972	-1
973	0
974	0
975	0
976	-1
977	0
978	0
979	0
980	0
981	0
982	0
983	0
984	0
985	0
986	0
987	0
988	0
989	0
990	0
991	0
992	0
993	0
994	0
995	-1
996	0
997	0
998	0
999	0
1000	0
1001	0
1002	-1
1003	0
1004	-1
1005	0
1006	-1
1007	0
1008	0
1009	0
1010	0
1011	0
1012	0
1013	0
1014	-1
1015	0
1016	0
1017	0
1018	0
1019	0
1020	-1
1021	0
1022	0
1023	0
1024	0
1025	0
1026	0
1027	0
1028	0
1029	0
1030	0
1031	0
1032	1
1033	1
1034	0
1035	0
1036	0
1037	0
1038	0
1039	0
1040	0
1041	0
1042	0
1043	1
1044	0
1045	0
1046	0
1047	0
1048	0
1049	0
1050	0
1051	0
1052	0
1053	0
1054	0
1055	0
1056	0
1057	0
1058	0
1059	0
1060	0
1061	0
1062	0
1063	0
1064	0
1065	0
1066	0
1067	0
1068	0
1069	0
1070	0
1071	0
1072	0
1073	-1
1074	-1
1075	0
1076	0
1077	0
1078	0
1079	0
1080	0
1081	0
1082	0
1083	-1
1084	0
1085	0
1086	0
1087	0
1088	0
1089	0
1090	0
1091	0
1092	0
1093	0
1094	0
1095	0
1096	0
1097	0
1098	-1
1099	0
1100	-1
1101	0
1102	0
1103	0
1104	0
1105	0
1106	0
1107	0
1108	0
1109	0
1110	0
1111	0
1112	0
1113	0
1114	0
1115	0
1116	0
1117	0
1118	0
1119	0
1120	-1
1121	0
1122	0
1123	0
1124	0
1125	0
1126	0
1127	0
1128	0
1129	0
1130	0
1131	0
1132	0
1133	0
1134	0
1135	0
1136	0
1137	0
1138	0
1139	0
1140	0
1141	0
1142	0
1143	0
1144	0
1145	0
1146	0
1147	0
1148	0
1149	0
1150	0
1151	0
1152	-1
1153	1
1154	0
1155	0
1156	0
1157	0
1158	0
1159	0
1160	0
1161	0
1162	0
1163	0
1164	0
1165	0
1166	0
1167	0
1168	0
1169	1
1170	0
1171	0
1172	0
1173	0
1174	0
1175	0
1176	0
1177	0
1178	0
1179	0
1180	0
1181	0
1182	0
1183	0
1184	0
1185	0
1186	0
1187	0
1188	0
1189	0
1190	0
1191	0
1192	0
1193	0
1194	0
1195	0
1196	0
1197	0
1198	0
1199	0
1200	0
1201	0
1202	0
1203	0
1204	0
1205	0
1206	-1
1207	0
1208	-1
1209	0
1210	0
1211	0
1212	0
1213	0
1214	0
1215	0
1216	0
1217	0
1218	1
1219	1
1220	0
1221	0
1222	0
1223	0
1224	1
1225	2
1226	1
1227	2
1228	2
1229	2
1230	1
1231	2
1232	2
1233	2
1234	2
1235	2
1236	2
1237	1
1238	1
1239	3
1240	2
1241	2
1242	1
1243	2
1244	2
1245	2
1246	1
1247	2
1248	1
1249	3
1250	2
1251	2
1252	1
1253	1
1254	1
1255	1
1256	1
1257	2
1258	1
1259	2
1260	1
1261	1
1262	1
1263	1
1264	1
1265	1
1266	0
1267	1
1268	0
1269	1
1270	0
1271	0
1272	0
1273	0
1274	0
1275	0
1276	0
1277	0
1278	0
1279	0
1280	0
1281	0
1282	0
1283	1
1284	0
1285	0
1286	0
1287	0
1288	0
1289	0
1290	0
1291	0
1292	0
1293	0
1294	0
1295	0
1296	0
1297	0
1298	0
1299	0
1300	0
1301	0
1302	0
1303	0
1304	0
1305	0
1306	0
1307	0
1308	0
1309	0
1310	-1
1311	0
1312	0
1313	0
1314	0
1315	0
1316	0
1317	-1
1318	0
1319	0
1320	0
1321	0
1322	-1
1323	0
1324	0
1325	0
1326	0
1327	0
1328	-1
1329	-1
1330	0
1331	0
1332	0
1333	-1
1334	-1
1335	0
1336	-1
1337	0
1338	0
1339	0
1340	-1
1341	0
1342	-1
1343	-1
1344	0
1345	0
1346	0
1347	0
1348	0
1349	0
1350	0
1351	0
1352	0
1353	0
1354	0
1355	0
1356	0
1357	0
1358	0
1359	0
1360	0
1361	0
1362	0
1363	0
1364	0
1365	0
1366	0
1367	0
1368	0
1369	0
1370	0
1371	0
1372	-1
1373	0
1374	0
1375	0
1376	-1
1377	0
1378	0
1379	0
1380	0
1381	-1
1382	0
1383	-1
1384	-1
1385	0
1386	-1
1387	0
1388	0
1389	0
1390	0
1391	0
1392	0
1393	0
1394	0
1395	0
1396	0
1397	0
1398	0
1399	0
1400	0
1401	0
1402	-1
1403	0
1404	0
1405	0
1406	0
1407	0
1408	0
1409	0
1410	0
1411	0
1412	0
1413	0
1414	0
1415	0
1416	0
1417	0
1418	0
1419	0
1420	0
1421	0
1422	0
1423	0
1424	0
1425	0
1426	-1
1427	0
1428	-1
1429	0
1430	0
1431	0
1432	0
1433	-1
1434	0
1435	0
1436	0
1437	0
1438	-1
1439	0
1440	-1
1441	0
1442	0
1443	0
1444	0
1445	0
1446	0
1447	0
1448	0
1449	0
1450	0
1451	0
1452	0
1453	0
1454	0
1455	0
1456	-1
1457	0
1458	-1
1459	1
1460	0
1461	0
1462	0
1463	0
1464	0
1465	0
1466	0
1467	0
1468	-1
1469	0
1470	0
1471	0
1472	0
1473	0
1474	0
1475	0
1476	0
1477	0
1478	0
1479	0
1480	0
1481	0
1482	0
1483	0
1484	0
1485	0
1486	0
1487	0
1488	0
1489	0
1490	0
1491	0
1492	0
1493	0
1494	0
1495	0
1496	-1
1497	0
1498	0
1499	0
1500	0
1501	0
1502	0
1503	0
1504	0
1505	0
1506	0
1507	0
1508	0
1509	0
1510	0
1511	0
1512	0
1513	0
1514	0
1515	0
1516	0
1517	0
1518	0
1519	0
1520	0
1521	0
1522	0
1523	0
1524	-1
1525	0
1526	-1
1527	0
1528	0
1529	0
1530	-1
1531	0
1532	-1
1533	0
1534	0
1535	0
1536	0
1537	0
1538	0
1539	0
1540	-1
1541	0
1542	-1
1543	0
1544	-1
1545	0
1546	-1
1547	0
1548	0
1549	0
1550	0
1551	0
1552	0
1553	0
1554	0
1555	0
1556	0
1557	0
1558	0
1559	0
1560	0
1561	0
1562	0
1563	0
1564	0
1565	0
1566	0
1567	0
1568	-1
1569	0
1570	0
1571	0
1572	0
1573	1
1574	1
1575	0
1576	0
1577	0
1578	0
1579	0
1580	0
1581	0
1582	0
1583	0
1584	0
1585	0
1586	0
1587	0
1588	0
1589	0
1590	0
1591	1
1592	0
1593	0
1594	0
1595	1
1596	0
1597	1
1598	0
1599	0
1600	0
1601	0
1602	0
1603	0
1604	0
1605	0
1606	0
1607	0
1608	0
1609	0
1610	0
1611	0
1612	0
1613	0
1614	0
1615	0
1616	0
1617	0
1618	0
1619	0
1620	0
1621	0
1622	0
1623	0
1624	0
1625	0
1626	-1
1627	0
1628	0
1629	0
1630	0
1631	0
1632	0
1633	0
1634	0
1635	0
1636	0
1637	0
1638	0
1639	0
1640	-1
1641	0
1642	-1
1643	0
1644	-1
1645	0
1646	0
1647	0
1648	0
1649	0
1650	0
1651	0
1652	-1
1653	0
1654	-1
1655	0
1656	-1
1657	0
1658	-1
1659	0
1660	0
1661	0
1662	0
1663	0
1664	0
1665	1
1666	0
1667	1
1668	0
1669	0
1670	0
1671	0
1672	0
1673	0
1674	0
1675	0
1676	0
1677	0
1678	0
1679	0
1680	0
1681	0
1682	0
1683	0
1684	0
1685	0
1686	0
1687	0
1688	0
1689	0
1690	0
1691	0
1692	0
1693	0
1694	0
1695	0
1696	0
1697	0
1698	0
1699	0
1700	0
1701	0
1702	0
1703	0
1704	0
1705	0
1706	0
1707	0
1708	0
1709	0
1710	-1
1711	0
1712	-1
1713	0
1714	-1
1715	0
1716	-1
1717	0
1718	0
1719	0
1720	0
1721	0
1722	0
1723	0
1724	0
1725	0
1726	0
1727	0
1728	0
1729	0
1730	0
1731	1
1732	0
1733	0
1734	0
1735	0
1736	0
1737	0
1738	0
1739	0
1740	0
1741	0
1742	0
1743	1
1744	0
1745	1
1746	0
1747	1
1748	0
1749	1
1750	0
1751	1
1752	0
1753	1
1754	1
1755	2
1756	1
1757	1
1758	1
1759	2
1760	2
1761	2
1762	1
1763	1
1764	1
1765	2
1766	1
1767	2
1768	2
1769	2
1770	2
1771	3
1772	1
1773	2
1774	2
1775	2
1776	1
1777	2
1778	1
1779	2
1780	2
1781	3
1782	1
1783	2
1784	2
1785	2
1786	1
1787	2
1788	1
1789	1
1790	0
1791	1
1792	1
1793	2
1794	0
1795	1
1796	0
1797	1
1798	0
1799	1
1800	0
1801	2
1802	0
1803	1
1804	0
1805	0
1806	0
1807	0
1808	0
1809	0
1810	0
1811	1
1812	1
1813	2
1814	1
1815	2
1816	1
1817	1
1818	0
1819	1
1820	0
1821	2
1822	2
1823	2
1824	2
1825	1
1826	1
1827	1
1828	1
1829	3
1830	1
1831	3
1832	1
1833	2
1834	2
1835	3
1836	2
1837	3
1838	2
1839	2
1840	2
1841	2
1842	2
1843	3
1844	1
1845	3
1846	1
1847	2
1848	1
1849	3
1850	1
1851	2
1852	0
1853	2
1854	1
1855	2
1856	1
1857	2
1858	2
1859	3
1860	2
1861	2
1862	1
1863	2
1864	2
1865	2
1866	1
1867	2
1868	2
1869	2
1870	1
1871	2
1872	1
1873	3
1874	1
1875	2
1876	1
1877	3
1878	2
1879	2
1880	1
1881	2
1882	2
1883	2
1884	0
1885	1
1886	0
1887	1
1888	1
1889	1
1890	0
1891	0
1892	0
1893	0
1894	0
1895	0
1896	0
1897	0
1898	0
1899	0
1900	0
1901	0
1902	0
1903	0
1904	0
1905	0
1906	0
1907	0
1908	0
1909	0
1910	0
1911	0
1912	0
1913	0
1914	0
1915	0
1916	0
1917	0
1918	0
1919	0
1920	-1
1921	0
1922	0
1923	0
1924	-1
1925	0
1926	0
1927	-1
1928	-1
1929	0
1930	-1
1931	0
1932	0
1933	0
1934	-1
1935	0
1936	-1
1937	0
1938	-1
1939	0
1940	-1
1941	0
1942	-1
1943	0
1944	-1
1945	0
1946	-1
1947	0
1948	-1
1949	0
1950	-1
1951	0
1952	0
1953	0
1954	-1
1955	0
1956	-1
1957	0
1958	-1
1959	0
1960	-1
1961	0
1962	0
1963	0
1964	0
1965	0
1966	0
1967	0
1968	0
1969	0
1970	0
1971	0
1972	0
1973	0
1974	0
1975	0
1976	0
1977	0
1978	-1
1979	0
1980	0
1981	0
1982	-1
1983	0
1984	-1
1985	0
1986	-1
1987	0
1988	-1
1989	0
1990	-1
1991	0
1992	0
1993	0
1994	0
1995	0
1996	-1
1997	0
1998	0
1999	0
