0	0
1	0
2	0
3	1
4	0
5	1
6	0
7	0
8	-1
9	0
10	-1
11	0
12	-1
13	-1
14	-1
15	0
16	-1
17	-1
18	-1
19	0
20	-1
21	-1
22	-1
23	0
24	-1
25	0
26	-1
27	0
28	0
29	0
30	0
31	0
32	0
33	0
34	0
35	1
36	0
37	1
38	0
39	0
40	0
41	0
42	0
43	1
44	-1
45	1
46	0
47	0
48	-1
49	1
50	0
51	0
52	0
53	1
54	0
55	1
56	0
57	0
58	0
59	0
60	0
61	0
62	-1
63	0
64	0
65	1
66	0
67	0
68	0
69	0
70	0
71	0
72	-1
73	0
74	0
75	0
76	0
77	0
78	0
79	0
80	-1
81	0
82	0
83	0
84	-1
85	1
86	-1
87	1
88	0
89	0
90	0
91	0
92	0
93	1
94	0
95	1
96	0
97	0
98	0
99	0
100	0
101	1
102	0
103	0
104	0
105	0
106	0
107	0
108	0
109	0
110	-1
111	1
112	0
113	0
114	0
115	1
116	0
117	0
118	0
119	0
120	-1
121	0
122	-1
123	0
124	0
125	0
126	0
127	0
128	0
129	0
130	0
131	0
132	0
133	0
134	0
135	0
136	-1
137	0
138	0
139	0
140	0
141	0
142	0
143	0
144	0
145	0
146	0
147	0
148	0
149	0
150	0
151	0
152	0
153	1
154	0
155	0
156	0
157	1
158	0
159	1
160	0
161	1
162	0
163	2
164	0
165	1
166	0
167	1
168	0
169	1
170	0
171	0
172	0
173	0
174	0
175	1
176	0
177	0
178	-1
179	0
180	-1
181	0
182	-1
183	0
184	-1
185	-1
186	0
187	-1
188	-1
189	0
190	-1
191	0
192	-1
193	0
194	-2
195	-1
196	-1
197	0
198	-1
199	0
200	0
201	0
202	0
203	0
204	0
205	1
206	0
207	1
208	0
209	0
210	0
211	1
212	0
213	0
214	0
215	1
216	0
217	1
218	0
219	0
220	0
221	0
222	0
223	0
224	0
225	0
226	0
227	0
228	0
229	0
230	0
231	0
232	0
233	1
234	-1
235	2
236	0
237	1
238	0
239	1
240	0
241	0
242	0
243	1
244	0
245	1
246	0
247	1
248	-1
249	1
250	0
251	0
252	0
253	1
254	0
255	1
256	0
257	0
258	0
259	0
260	0
261	0
262	0
263	0
264	0
265	0
266	0
267	0
268	0
269	0
270	0
271	1
272	0
273	0
274	-1
275	1
276	0
277	1
278	0
279	0
280	0
281	2
282	0
283	0
284	0
285	0
286	0
287	0
288	0
289	0
290	0
291	0
292	0
293	0
294	-1
295	0
296	0
297	0
298	-1
299	0
300	-2
301	0
302	-1
303	0
304	-1
305	0
306	-1
307	0
308	-1
309	0
310	-1
311	0
312	-1
313	0
314	0
315	0
316	-1
317	0
318	-1
319	1
320	0
321	0
322	0
323	0
324	0
325	0
326	0
327	0
328	0
329	1
330	0
331	1
332	0
333	1
334	0
335	1
336	0
337	0
338	0
339	0
340	0
341	0
342	0
343	0
344	0
345	0
346	-1
347	0
348	0
349	0
350	0
351	0
352	0
353	0
354	-1
355	0
356	0
357	1
358	-1
359	1
360	-1
361	1
362	0
363	1
364	0
365	0
366	0
367	2
368	0
369	2
370	0
371	2
372	0
373	2
374	1
375	2
376	0
377	2
378	0
379	2
380	0
381	1
382	0
383	2
384	0
385	1
386	0
387	1
388	0
389	0
390	0
391	0
392	-1
393	0
394	-1
395	0
396	-1
397	-1
398	-2
399	0
400	-1
401	0
402	-3
403	0
404	-1
405	0
406	-1
407	0
408	0
409	0
410	0
411	0
412	0
413	0
414	0
415	0
416	0
417	0
418	0
419	0
420	0
421	2
422	0
423	3
424	1
425	2
426	1
427	2
428	0
429	2
430	1
431	2
432	1
433	1
434	1
435	1
436	1
437	1
438	1
439	2
440	2
441	4
442	3
443	6
444	5
445	10
446	9
447	14
448	15
449	21
450	24
451	27
452	29
453	37
454	38
455	45
456	45
457	51
458	56
459	61
460	63
461	68
462	69
463	76
464	77
465	83
466	84
467	89
468	88
469	93
470	92
471	96
472	96
473	100
474	99
475	104
476	100
477	105
478	101
479	104
480	101
481	103
482	99
483	101
484	98
485	99
486	97
487	97
488	92
489	93
490	88
491	89
492	85
493	85
494	82
495	80
496	76
497	77
498	76
499	78
500	62
501	68
502	64
503	65
504	60
505	62
506	55
507	55
508	51
509	52
510	46
511	45
512	42
513	42
514	38
515	38
516	34
517	34
518	29
519	28
520	26
521	26
522	23
523	24
524	18
525	19
526	14
527	16
528	12
529	11
530	9
531	8
532	5
533	5
534	3
535	4
536	0
537	0
538	-3
539	-3
540	-5
541	-4
542	-7
543	-7
544	-8
545	-8
546	-11
547	-10
548	-11
549	-10
550	-12
551	-11
552	-13
553	-13
554	-15
555	-14
556	-16
557	-14
558	-19
559	-15
560	-19
561	-16
562	-19
563	-16
564	-18
565	-16
566	-21
567	-17
568	-21
569	-18
570	-21
571	-18
572	-22
573	-18
574	-21
575	-18
576	-23
577	-19
578	-22
579	-20
580	-22
581	-20
582	-22
583	-17
584	-21
585	-19
586	-19
587	-18
588	-19
589	-18
590	-21
591	-18
592	-21
593	-18
594	-19
595	-17
596	-18
597	-17
598	-20
599	-18
600	-19
601	-18
602	-19
603	-17
604	-19
605	-17
606	-19
607	-17
608	-18
609	-17
610	-18
611	-16
612	-17
613	-16
614	-18
615	-16
616	-17
617	-15
618	-16
619	-15
620	-15
621	-15
622	-15
623	-14
624	-14
625	-13
626	-14
627	-13
628	-14
629	-12
630	-13
631	-11
632	-12
633	-12
634	-12
635	-11
636	-12
637	-11
638	-11
639	-9
640	-12
641	-9
642	-11
643	-9
644	-11
645	-9
646	-11
647	-9
648	-10
649	-9
650	-11
651	-9
652	-10
653	-8
654	-10
655	-8
656	-10
657	-9
658	-11
659	-7
660	-11
661	-7
662	-10
663	-7
664	-9
665	-6
666	-8
667	-7
668	-9
669	-4
670	-8
671	-4
672	-8
673	-4
674	-7
675	-4
676	-6
677	-3
678	-4
679	-2
680	-6
681	-1
682	-4
683	-1
684	-4
685	-2
686	-2
687	-3
688	-4
689	-2
690	-5
691	-3
692	-5
693	-3
694	-5
695	-3
696	-4
697	-3
698	-3
699	-2
700	-5
701	-2
702	-4
703	-4
704	-4
705	-3
706	-4
707	-3
708	-5
709	-2
710	-5
711	-2
712	-4
713	-2
714	-5
715	-2
716	-4
717	-2
718	-4
719	-1
720	-5
721	-1
722	-2
723	-2
724	-3
725	-1
726	-3
727	-2
728	-4
729	-2
730	-3
731	-2
732	-3
733	-1
734	-4
735	-1
736	-3
737	-2
738	-2
739	-1
740	-2
741	-2
742	-1
743	-1
744	-2
745	0
746	-2
747	-1
748	-1
749	-1
750	-1
751	0
752	-2
753	0
754	-1
755	0
756	-2
757	-1
758	-1
759	0
760	-1
761	0
762	-2
763	-1
764	-2
765	-1
766	-2
767	-1
768	-2
769	-1
770	-3
771	-2
772	-2
773	-1
774	-2
775	-2
776	-1
777	-2
778	-3
779	-1
780	-2
781	-1
782	-4
783	-2
784	-4
785	0
786	-3
787	0
788	-3
789	-1
790	-3
791	-2
792	-3
793	0
794	-3
795	-2
796	-4
797	0
798	-2
799	-1
800	-2
801	0
802	-1
803	-1
804	-1
805	0
806	-1
807	0
808	-1
809	0
810	-3
811	0
812	-3
813	0
814	-3
815	0
816	-2
817	0
818	-2
819	-1
820	-2
821	-1
822	-3
823	-2
824	-4
825	-2
826	-2
827	-1
828	-4
829	-2
830	-1
831	-1
832	-3
833	-1
834	-1
835	-2
836	-2
837	0
838	-1
839	0
840	-1
841	0
842	0
843	0
844	-2
845	0
846	-1
847	0
848	-2
849	0
850	0
851	0
852	0
853	0
854	0
855	0
856	0
857	0
858	0
859	0
860	0
861	0
862	0
863	0
864	0
865	0
866	-1
867	0
868	0
869	0
870	-2
871	0
872	-2
873	-1
874	-2
875	0
876	-2
877	-1
878	-2
879	0
880	-1
881	-1
882	-2
883	0
884	-1
885	0
886	-1
887	0
888	-2
889	0
890	-1
891	0
892	-1
893	0
894	-2
895	0
896	-1
897	0
898	-1
899	0
900	0
901	1
902	0
903	0
904	-1
905	0
906	0
907	0
908	0
909	0
910	-1
911	0
912	-2
913	0
914	-1
915	0
916	-2
917	0
918	-1
919	0
920	-1
921	0
922	-1
923	0
924	-1
925	0
926	-1
927	0
928	-1
929	0
930	-1
931	0
932	-1
933	0
934	0
935	0
936	-1
937	0
938	0
939	0
940	0
941	0
942	-1
943	0
944	-3
945	0
946	-1
947	0
948	-1
949	0
950	0
951	0
952	-1
953	0
954	-1
955	0
956	0
957	0
958	-1
959	0
960	-1
961	0
962	-1
963	0
964	-1
965	0
966	-2
967	-1
968	-1
969	0
970	-1
971	0
972	-1
973	0
974	-1
975	0
976	-1
977	0
978	0
979	0
980	-1
981	0
982	-1
983	0
984	-1
985	0
986	-1
987	0
988	-1
989	1
990	0
991	1
992	0
993	0
994	-1
995	0
996	-1
997	0
998	0
999	0
1000	-1
1001	0
1002	-1
1003	0
1004	-1
1005	0
1006	-2
1007	0
1008	-1
1009	0
1010	-1
1011	-1
1012	-2
1013	0
1014	-2
1015	0
1016	-2
1017	-1
1018	-1
1019	-1
1020	-2
1021	0
1022	0
1023	0
1024	0
1025	0
1026	0
1027	0
1028	0
1029	0
1030	0
1031	0
1032	0
1033	0
1034	-1
1035	0
1036	0
1037	0
1038	0
1039	0
1040	0
1041	1
1042	0
1043	0
1044	-1
1045	0
1046	-1
1047	0
1048	-1
1049	0
1050	-1
1051	0
1052	-1
1053	0
1054	0
1055	0
1056	-1
1057	0
1058	-1
1059	-1
1060	-1
1061	0
1062	-2
1063	0
1064	-2
1065	0
1066	-2
1067	0
1068	0
1069	-1
1070	-1
1071	0
1072	-1
1073	0
1074	-1
1075	0
1076	-1
1077	0
1078	-2
1079	0
1080	-2
1081	-1
1082	0
1083	0
1084	-1
1085	0
1086	-1
1087	0
1088	-1
1089	0
1090	-1
1091	0
1092	0
1093	0
1094	-1
1095	0
1096	-1
1097	0
1098	-2
1099	0
1100	-1
1101	0
1102	0
1103	0
1104	0
1105	0
1106	-2
1107	0
1108	0
1109	0
1110	-1
1111	0
1112	0
1113	0
1114	-2
1115	0
1116	-2
1117	0
1118	-1
1119	0
1120	-2
1121	0
1122	0
1123	0
1124	0
1125	0
1126	-1
1127	0
1128	0
1129	0
1130	-1
1131	0
1132	0
1133	0
1134	0
1135	0
1136	-1
1137	0
1138	-1
1139	0
1140	-1
1141	0
1142	-1
1143	0
1144	-1
1145	0
1146	-1
1147	0
1148	0
1149	0
1150	-1
1151	0
1152	0
1153	0
1154	0
1155	0
1156	-2
1157	0
1158	0
1159	0
1160	0
1161	0
1162	-1
1163	0
1164	0
1165	0
1166	0
1167	0
1168	-1
1169	0
1170	0
1171	0
1172	0
1173	0
1174	0
1175	0
1176	-1
1177	0
1178	0
1179	0
1180	0
1181	0
1182	0
1183	0
1184	0
1185	0
1186	0
1187	0
1188	-1
1189	0
1190	0
1191	0
1192	0
1193	0
1194	0
1195	0
1196	0
1197	0
1198	0
1199	0
1200	-1
1201	0
1202	-1
1203	0
1204	-1
1205	0
1206	-1
1207	0
1208	-1
1209	-1
1210	-1
1211	0
1212	-1
1213	0
1214	-1
1215	0
1216	-1
1217	0
1218	-1
1219	0
1220	-1
1221	0
1222	0
1223	0
1224	0
1225	0
1226	-1
1227	0
1228	0
1229	0
1230	-1
1231	0
1232	0
1233	0
1234	-1
1235	0
1236	-1
1237	0
1238	0
1239	0
1240	0
1241	0
1242	-1
1243	0
1244	-1
1245	0
1246	0
1247	0
1248	-1
1249	0
1250	0
1251	0
1252	0
1253	0
1254	-1
1255	0
1256	-2
1257	0
1258	0
1259	0
1260	0
1261	0
1262	-1
1263	0
1264	0
1265	0
1266	0
1267	0
1268	0
1269	0
1270	-1
1271	0
1272	-1
1273	0
1274	-2
1275	0
1276	-1
1277	0
1278	-1
1279	0
1280	-1
1281	0
1282	-1
1283	0
1284	-1
1285	0
1286	-1
1287	0
1288	-1
1289	0
1290	-1
1291	0
1292	0
1293	0
1294	-1
1295	0
1296	0
1297	0
1298	0
1299	1
1300	0
1301	0
1302	0
1303	0
1304	0
1305	0
1306	0
1307	0
1308	-1
1309	0
1310	0
1311	0
1312	-1
1313	0
1314	-2
1315	0
1316	-1
1317	0
1318	-3
1319	0
1320	-1
1321	-1
1322	-2
1323	0
1324	-2
1325	0
1326	-1
1327	0
1328	-1
1329	0
1330	-1
1331	-1
1332	-1
1333	0
1334	-1
1335	0
1336	-1
1337	0
1338	-1
1339	0
1340	-1
1341	0
1342	0
1343	0
1344	0
1345	0
1346	-1
1347	1
1348	0
1349	0
1350	0
1351	0
1352	0
1353	1
1354	0
1355	0
1356	0
1357	0
1358	0
1359	0
1360	0
1361	0
1362	0
1363	0
1364	-1
1365	0
1366	-1
1367	0
1368	-1
1369	0
1370	0
1371	0
1372	-1
1373	-1
1374	-2
1375	0
1376	-2
1377	0
1378	-1
1379	0
1380	0
1381	0
1382	-1
1383	0
1384	-1
1385	0
1386	0
1387	0
1388	0
1389	0
1390	0
1391	0
1392	-1
1393	0
1394	0
1395	0
1396	0
1397	1
1398	0
1399	1
1400	0
1401	1
1402	0
1403	1
1404	0
1405	0
1406	0
1407	0
1408	0
1409	0
1410	0
1411	0
1412	-1
1413	0
1414	0
1415	0
1416	-1
1417	-1
1418	-1
1419	0
1420	-1
1421	0
1422	-1
1423	-1
1424	-1
1425	0
1426	-1
1427	-1
1428	-1
1429	0
1430	-2
1431	-1
1432	-1
1433	-1
1434	-2
1435	0
1436	0
1437	0
1438	-1
1439	0
1440	-2
1441	0
1442	0
1443	1
1444	0
1445	0
1446	0
1447	0
1448	0
1449	0
1450	0
1451	0
1452	0
1453	1
1454	0
1455	0
1456	-1
1457	1
1458	0
1459	0
1460	0
1461	0
1462	0
1463	0
1464	0
1465	0
1466	-1
1467	0
1468	-2
1469	0
1470	-1
1471	0
1472	-2
1473	-1
1474	-1
1475	-1
1476	-1
1477	-1
1478	-2
1479	-2
1480	-2
1481	-1
1482	-3
1483	-1
1484	-2
1485	-1
1486	-2
1487	-1
1488	-1
1489	-1
1490	-1
1491	0
1492	-1
1493	0
1494	0
1495	0
1496	0
1497	0
1498	0
1499	0
1500	-1
1501	0
1502	0
1503	0
1504	0
1505	0
1506	0
1507	0
1508	0
1509	0
1510	-1
1511	0
1512	-1
1513	0
1514	-1
1515	0
1516	-1
1517	0
1518	0
1519	0
1520	0
1521	-1
1522	-1
1523	0
1524	0
1525	0
1526	-2
1527	0
1528	-1
1529	0
1530	0
1531	0
1532	-1
1533	0
1534	0
1535	0
1536	-2
1537	0
1538	-1
1539	0
1540	0
1541	0
1542	0
1543	0
1544	-1
1545	0
1546	-1
1547	0
1548	0
1549	0
1550	-1
1551	1
1552	0
1553	0
1554	0
1555	0
1556	0
1557	0
1558	0
1559	0
1560	0
1561	1
1562	0
1563	0
1564	-1
1565	0
1566	-1
1567	0
1568	-2
1569	0
1570	-2
1571	0
1572	-2
1573	0
1574	-2
1575	-1
1576	-2
1577	0
1578	-1
1579	0
1580	-1
1581	-1
1582	-1
1583	0
1584	-2
1585	0
1586	-2
1587	0
1588	-2
1589	0
1590	0
1591	0
1592	0
1593	0
1594	0
1595	0
1596	-1
1597	0
1598	-1
1599	0
1600	-1
1601	0
1602	0
1603	0
1604	-1
1605	0
1606	0
1607	0
1608	-1
1609	0
1610	0
1611	0
1612	0
1613	0
1614	-1
1615	0
1616	0
1617	0
1618	0
1619	0
1620	0
1621	0
1622	-1
1623	1
1624	-1
1625	0
1626	-1
1627	0
1628	0
1629	0
1630	-1
1631	0
1632	-1
1633	0
1634	0
1635	0
1636	-1
1637	0
1638	-2
1639	0
1640	-1
1641	0
1642	-1
1643	0
1644	-1
1645	0
1646	-1
1647	0
1648	-1
1649	0
1650	0
1651	0
1652	-1
1653	0
1654	-1
1655	0
1656	-2
1657	0
1658	-1
1659	0
1660	0
1661	0
1662	-2
1663	0
1664	-1
1665	0
1666	-1
1667	0
1668	0
1669	0
1670	-1
1671	0
1672	0
1673	0
1674	0
1675	0
1676	0
1677	0
1678	-1
1679	0
1680	0
1681	1
1682	-1
1683	0
1684	-2
1685	0
1686	-1
1687	0
1688	-2
1689	-1
1690	-2
1691	-1
1692	-1
1693	-1
1694	-3
1695	-1
1696	-2
1697	-1
1698	-2
1699	-1
1700	-2
1701	-1
1702	-3
1703	0
1704	-1
1705	0
1706	-1
1707	0
1708	-1
1709	0
1710	0
1711	0
1712	-1
1713	0
1714	0
1715	1
1716	-1
1717	0
1718	0
1719	0
1720	-1
1721	0
1722	-1
1723	1
1724	0
1725	0
1726	-1
1727	0
1728	-2
1729	0
1730	-2
1731	0
1732	0
1733	0
1734	-1
1735	0
1736	-1
1737	0
1738	-1
1739	0
1740	-1
1741	0
1742	-1
1743	0
1744	-1
1745	0
1746	-2
1747	0
1748	-1
1749	0
1750	-1
1751	0
1752	-2
1753	0
1754	-2
1755	0
1756	-1
1757	0
1758	0
1759	0
1760	0
1761	0
1762	0
1763	0
1764	0
1765	0
1766	0
1767	1
1768	0
1769	0
1770	0
1771	0
1772	0
1773	0
1774	-1
1775	0
1776	0
1777	0
1778	-1
1779	0
1780	-1
1781	0
1782	0
1783	0
1784	-1
1785	0
1786	-1
1787	0
1788	-1
1789	0
1790	-1
1791	0
1792	-1
1793	0
1794	-1
1795	0
1796	-2
1797	0
1798	-2
1799	0
1800	-1
1801	0
1802	-1
1803	0
1804	-2
1805	0
1806	-1
1807	0
1808	-1
1809	-1
1810	-1
1811	0
1812	-1
1813	0
1814	-1
1815	0
1816	-1
1817	0
1818	-1
1819	-1
1820	-1
1821	0
1822	0
1823	0
1824	0
1825	0
1826	0
1827	0
1828	-2
1829	0
1830	0
1831	0
1832	0
1833	0
1834	-1
1835	0
1836	0
1837	0
1838	-1
1839	0
1840	0
1841	0
1842	0
1843	0
1844	0
1845	0
1846	0
1847	0
1848	0
1849	0
1850	0
1851	0
1852	0
1853	0
1854	0
1855	0
1856	0
1857	0
1858	0
1859	0
1860	0
1861	1
1862	0
1863	0
1864	0
1865	1
1866	-1
1867	0
1868	-1
1869	0
1870	0
1871	0
1872	-1
1873	0
1874	-1
1875	0
1876	-1
1877	0
1878	-1
1879	0
1880	-1
1881	0
1882	-2
1883	0
1884	-2
1885	0
1886	-1
1887	0
1888	-1
1889	0
1890	-1
1891	0
1892	0
1893	-1
1894	0
1895	0
1896	0
1897	0
1898	-1
1899	0
1900	-1
1901	-1
1902	0
1903	0
1904	-1
1905	0
1906	-1
1907	0
1908	-1
1909	0
1910	-2
1911	0
1912	-1
1913	0
1914	-1
1915	0
1916	-1
1917	-1
1918	0
1919	0
1920	0
1921	0
1922	0
1923	0
1924	0
1925	0
1926	0
1927	0
1928	0
1929	0
1930	-1
1931	0
1932	0
1933	0
1934	0
1935	0
1936	0
1937	0
1938	0
1939	0
1940	0
1941	0
1942	-1
1943	0
1944	-2
1945	0
1946	-1
1947	0
1948	0
1949	0
1950	0
1951	0
1952	0
1953	0
1954	0
1955	0
1956	0
1957	0
1958	0
1959	0
1960	0
1961	0
1962	0
1963	0
1964	0
1965	0
1966	-2
1967	0
1968	-1
1969	0
1970	-1
1971	0
1972	0
1973	0
1974	-1
1975	0
1976	0
1977	0
1978	0
1979	0
1980	-1
1981	0
1982	-1
1983	0
1984	-1
1985	0
1986	-1
1987	0
1988	0
1989	0
1990	0
1991	0
1992	0
1993	0
1994	0
1995	0
1996	-1
1997	0
1998	0
1999	0
