0	1
1	0
2	0
3	0
4	0
5	0
6	0
7	0
8	0
9	1
10	0
11	3
12	1
13	1
14	0
15	2
16	1
17	2
18	1
19	3
20	2
21	4
22	2
23	2
24	1
25	1
26	1
27	2
28	1
29	1
30	1
31	1
32	2
33	0
34	1
35	0
36	0
37	2
38	0
39	1
40	0
41	1
42	0
43	1
44	0
45	0
46	0
47	0
48	0
49	0
50	0
51	0
52	0
53	2
54	0
55	0
56	0
57	2
58	0
59	1
60	0
61	1
62	0
63	2
64	0
65	1
66	0
67	1
68	0
69	0
70	0
71	1
72	0
73	1
74	0
75	0
76	0
77	1
78	0
79	1
80	0
81	0
82	0
83	1
84	0
85	0
86	0
87	0
88	0
89	1
90	0
91	0
92	0
93	0
94	0
95	0
96	0
97	0
98	0
99	1
100	2
101	1
102	0
103	1
104	1
105	1
106	0
107	2
108	0
109	0
110	0
111	0
112	0
113	0
114	0
115	1
116	0
117	0
118	0
119	1
120	0
121	1
122	1
123	1
124	2
125	2
126	2
127	3
128	1
129	2
130	1
131	0
132	1
133	2
134	0
135	1
136	0
137	0
138	0
139	0
140	0
141	1
142	0
143	0
144	0
145	0
146	0
147	0
148	0
149	0
150	0
151	0
152	0
153	-1
154	-1
155	0
156	-1
157	0
158	0
159	0
160	0
161	0
162	-1
163	0
164	0
165	0
166	0
167	0
168	0
169	0
170	0
171	1
172	0
173	0
174	0
175	2
176	1
177	1
178	0
179	2
180	1
181	1
182	2
183	1
184	1
185	2
186	1
187	2
188	0
189	1
190	0
191	0
192	0
193	2
194	0
195	1
196	0
197	0
198	0
199	1
200	0
201	0
202	0
203	0
204	0
205	0
206	0
207	0
208	0
209	1
210	0
211	0
212	0
213	0
214	1
215	1
216	0
217	2
218	0
219	3
220	0
221	3
222	1
223	3
224	0
225	4
226	1
227	3
228	1
229	2
230	1
231	1
232	2
233	3
234	2
235	2
236	1
237	1
238	1
239	1
240	2
241	1
242	1
243	2
244	0
245	0
246	1
247	0
248	0
249	0
250	0
251	0
252	0
253	0
254	0
255	0
256	0
257	0
258	0
259	0
260	0
261	0
262	-1
263	0
264	0
265	0
266	0
267	0
268	0
269	1
270	0
271	0
272	0
273	0
274	0
275	1
276	0
277	1
278	0
279	1
280	0
281	1
282	0
283	1
284	1
285	2
286	1
287	1
288	1
289	1
290	0
291	1
292	0
293	1
294	0
295	2
296	1
297	2
298	1
299	1
300	2
301	2
302	1
303	1
304	2
305	2
306	1
307	2
308	3
309	2
310	3
311	3
312	2
313	3
314	1
315	3
316	1
317	2
318	0
319	2
320	0
321	1
322	0
323	2
324	0
325	2
326	0
327	0
328	0
329	0
330	0
331	1
332	0
333	0
334	0
335	0
336	0
337	0
338	0
339	0
340	0
341	0
342	0
343	0
344	0
345	0
346	0
347	0
348	0
349	0
350	0
351	1
352	0
353	0
354	1
355	0
356	0
357	0
358	0
359	1
360	0
361	1
362	0
363	1
364	1
365	1
366	0
367	0
368	0
369	0
370	0
371	0
372	0
373	0
374	0
375	0
376	0
377	0
378	0
379	0
380	0
381	0
382	0
383	0
384	0
385	0
386	0
387	0
388	-1
389	0
390	0
391	0
392	0
393	0
394	0
395	0
396	0
397	1
398	0
399	1
400	0
401	1
402	0
403	2
404	1
405	1
406	1
407	3
408	0
409	1
410	1
411	2
412	1
413	3
414	1
415	3
416	1
417	3
418	2
419	2
420	1
421	3
422	1
423	2
424	1
425	3
426	0
427	2
428	0
429	2
430	2
431	1
432	1
433	1
434	2
435	4
436	4
437	7
438	8
439	10
440	13
441	16
442	19
443	22
444	27
445	30
446	33
447	39
448	43
449	47
450	52
451	57
452	61
453	66
454	69
455	75
456	80
457	85
458	89
459	94
460	97
461	105
462	106
463	113
464	114
465	118
466	122
467	127
468	129
469	131
470	133
471	136
472	137
473	140
474	139
475	141
476	140
477	142
478	140
479	142
480	138
481	138
482	135
483	132
484	130
485	127
486	123
487	121
488	117
489	113
490	110
491	106
492	101
493	98
494	92
495	91
496	85
497	79
498	77
499	78
500	62
501	64
502	61
503	56
504	50
505	48
506	43
507	37
508	35
509	31
510	26
511	24
512	18
513	17
514	11
515	10
516	5
517	4
518	-2
519	-4
520	-6
521	-7
522	-9
523	-11
524	-14
525	-17
526	-21
527	-21
528	-22
529	-25
530	-27
531	-27
532	-29
533	-32
534	-33
535	-34
536	-36
537	-36
538	-38
539	-38
540	-39
541	-40
542	-39
543	-41
544	-40
545	-42
546	-41
547	-43
548	-42
549	-43
550	-43
551	-43
552	-44
553	-45
554	-45
555	-44
556	-45
557	-44
558	-45
559	-44
560	-44
561	-43
562	-43
563	-43
564	-43
565	-43
566	-44
567	-42
568	-42
569	-40
570	-42
571	-41
572	-42
573	-40
574	-39
575	-38
576	-39
577	-38
578	-38
579	-36
580	-37
581	-34
582	-35
583	-34
584	-33
585	-32
586	-31
587	-30
588	-31
589	-30
590	-30
591	-29
592	-29
593	-29
594	-29
595	-27
596	-28
597	-27
598	-27
599	-26
600	-27
601	-27
602	-25
603	-24
604	-24
605	-25
606	-22
607	-21
608	-20
609	-21
610	-20
611	-18
612	-19
613	-18
614	-19
615	-18
616	-17
617	-16
618	-17
619	-16
620	-16
621	-16
622	-16
623	-15
624	-15
625	-13
626	-14
627	-14
628	-14
629	-12
630	-12
631	-12
632	-11
633	-11
634	-11
635	-12
636	-11
637	-11
638	-10
639	-9
640	-8
641	-9
642	-8
643	-8
644	-8
645	-8
646	-6
647	-7
648	-6
649	-4
650	-5
651	-4
652	-5
653	-4
654	-3
655	-4
656	-3
657	-3
658	-4
659	-3
660	-2
661	-3
662	-2
663	-2
664	-2
665	-3
666	-3
667	-3
668	-2
669	-3
670	-2
671	-4
672	-3
673	-4
674	-3
675	-2
676	-2
677	-2
678	-2
679	-4
680	-2
681	-3
682	-2
683	-1
684	-1
685	-1
686	0
687	0
688	0
689	-1
690	0
691	-1
692	0
693	0
694	0
695	0
696	0
697	1
698	0
699	0
700	0
701	0
702	0
703	1
704	0
705	1
706	0
707	1
708	0
709	1
710	0
711	2
712	0
713	1
714	0
715	2
716	0
717	1
718	0
719	1
720	0
721	0
722	1
723	1
724	0
725	0
726	0
727	0
728	0
729	0
730	-1
731	-1
732	0
733	0
734	0
735	0
736	0
737	1
738	-1
739	0
740	0
741	0
742	-1
743	0
744	-1
745	0
746	0
747	0
748	0
749	0
750	0
751	0
752	0
753	0
754	0
755	0
756	0
757	0
758	0
759	0
760	0
761	0
762	-1
763	0
764	-1
765	0
766	-1
767	-1
768	-1
769	0
770	-1
771	0
772	0
773	0
774	0
775	0
776	0
777	0
778	0
779	0
780	0
781	0
782	0
783	0
784	0
785	0
786	0
787	0
788	0
789	0
790	0
791	0
792	0
793	0
794	0
795	0
796	0
797	0
798	0
799	0
800	0
801	0
802	0
803	0
804	0
805	0
806	0
807	0
808	0
809	0
810	0
811	1
812	0
813	0
814	0
815	0
816	0
817	1
818	0
819	0
820	0
821	0
822	0
823	1
824	2
825	0
826	0
827	1
828	0
829	1
830	1
831	1
832	0
833	0
834	1
835	1
836	1
837	0
838	1
839	1
840	1
841	0
842	1
843	0
844	0
845	0
846	0
847	0
848	1
849	0
850	0
851	0
852	0
853	0
854	0
855	0
856	0
857	0
858	0
859	0
860	0
861	-1
862	0
863	0
864	0
865	0
866	0
867	0
868	0
869	0
870	-1
871	0
872	-1
873	0
874	0
875	-1
876	0
877	-1
878	0
879	0
880	0
881	-1
882	-1
883	-1
884	-1
885	-1
886	-1
887	0
888	0
889	-1
890	0
891	0
892	-1
893	0
894	0
895	0
896	0
897	0
898	0
899	0
900	0
901	0
902	0
903	0
904	0
905	0
906	0
907	0
908	0
909	1
910	0
911	1
912	0
913	1
914	0
915	0
916	0
917	1
918	0
919	0
920	0
921	0
922	0
923	0
924	0
925	0
926	0
927	0
928	0
929	0
930	0
931	0
932	0
933	0
934	0
935	1
936	0
937	0
938	0
939	1
940	0
941	1
942	0
943	1
944	1
945	1
946	0
947	2
948	1
949	2
950	1
951	2
952	2
953	2
954	3
955	3
956	3
957	3
958	3
959	4
960	3
961	3
962	3
963	3
964	3
965	3
966	2
967	3
968	2
969	3
970	2
971	3
972	1
973	2
974	2
975	2
976	1
977	2
978	2
979	3
980	1
981	2
982	2
983	2
984	1
985	2
986	2
987	2
988	3
989	1
990	2
991	2
992	3
993	2
994	1
995	1
996	2
997	1
998	1
999	2
1000	1
1001	2
1002	0
1003	2
1004	0
1005	1
1006	0
1007	0
1008	0
1009	0
1010	0
1011	-1
1012	0
1013	0
1014	0
1015	1
1016	-1
1017	0
1018	0
1019	-1
1020	-2
1021	-1
1022	-1
1023	-1
1024	-1
1025	-1
1026	-1
1027	-1
1028	-1
1029	-1
1030	-2
1031	0
1032	-2
1033	-1
1034	-2
1035	0
1036	-2
1037	-1
1038	-1
1039	-1
1040	0
1041	0
1042	-1
1043	0
1044	0
1045	0
1046	0
1047	0
1048	0
1049	1
1050	0
1051	0
1052	0
1053	0
1054	0
1055	0
1056	1
1057	0
1058	0
1059	0
1060	0
1061	1
1062	0
1063	0
1064	0
1065	0
1066	0
1067	0
1068	0
1069	0
1070	0
1071	-1
1072	0
1073	0
1074	-1
1075	-2
1076	-1
1077	-1
1078	-1
1079	0
1080	0
1081	0
1082	-1
1083	0
1084	-1
1085	0
1086	0
1087	0
1088	0
1089	0
1090	0
1091	0
1092	0
1093	0
1094	0
1095	1
1096	-1
1097	0
1098	0
1099	0
1100	-1
1101	0
1102	0
1103	0
1104	0
1105	0
1106	0
1107	0
1108	0
1109	0
1110	0
1111	0
1112	-1
1113	0
1114	-1
1115	0
1116	0
1117	0
1118	-1
1119	0
1120	0
1121	0
1122	0
1123	0
1124	-1
1125	0
1126	0
1127	0
1128	0
1129	0
1130	0
1131	0
1132	1
1133	0
1134	0
1135	0
1136	0
1137	0
1138	1
1139	0
1140	0
1141	0
1142	0
1143	0
1144	0
1145	0
1146	0
1147	0
1148	0
1149	0
1150	0
1151	0
1152	0
1153	0
1154	-1
1155	0
1156	0
1157	0
1158	0
1159	0
1160	0
1161	0
1162	0
1163	0
1164	0
1165	0
1166	0
1167	0
1168	0
1169	0
1170	0
1171	0
1172	0
1173	1
1174	1
1175	1
1176	0
1177	0
1178	0
1179	1
1180	0
1181	1
1182	0
1183	1
1184	1
1185	1
1186	1
1187	1
1188	0
1189	1
1190	0
1191	1
1192	0
1193	0
1194	0
1195	0
1196	0
1197	0
1198	0
1199	0
1200	0
1201	0
1202	0
1203	0
1204	0
1205	0
1206	-1
1207	0
1208	0
1209	0
1210	0
1211	-1
1212	0
1213	-1
1214	0
1215	0
1216	0
1217	0
1218	0
1219	-1
1220	-1
1221	0
1222	0
1223	0
1224	0
1225	-1
1226	0
1227	0
1228	0
1229	0
1230	0
1231	0
1232	0
1233	0
1234	0
1235	0
1236	0
1237	0
1238	0
1239	0
1240	0
1241	0
1242	1
1243	1
1244	1
1245	0
1246	0
1247	0
1248	0
1249	0
1250	1
1251	0
1252	0
1253	0
1254	1
1255	0
1256	1
1257	0
1258	0
1259	0
1260	0
1261	0
1262	0
1263	1
1264	1
1265	2
1266	2
1267	2
1268	2
1269	2
1270	3
1271	2
1272	3
1273	4
1274	3
1275	4
1276	4
1277	4
1278	4
1279	4
1280	4
1281	4
1282	4
1283	2
1284	3
1285	3
1286	2
1287	3
1288	2
1289	2
1290	2
1291	2
1292	2
1293	2
1294	2
1295	0
1296	0
1297	1
1298	1
1299	0
1300	1
1301	1
1302	1
1303	2
1304	0
1305	1
1306	1
1307	0
1308	1
1309	1
1310	0
1311	1
1312	1
1313	0
1314	0
1315	1
1316	0
1317	0
1318	0
1319	1
1320	0
1321	1
1322	0
1323	0
1324	0
1325	0
1326	-1
1327	0
1328	0
1329	0
1330	0
1331	0
1332	-1
1333	0
1334	-1
1335	0
1336	-1
1337	0
1338	-1
1339	0
1340	-1
1341	-1
1342	-1
1343	0
1344	-2
1345	-1
1346	-1
1347	-1
1348	-2
1349	-1
1350	0
1351	-1
1352	0
1353	0
1354	-1
1355	-1
1356	0
1357	-1
1358	0
1359	0
1360	-1
1361	-2
1362	-1
1363	0
1364	0
1365	0
1366	-2
1367	0
1368	-1
1369	-1
1370	-1
1371	-1
1372	-1
1373	0
1374	0
1375	0
1376	-2
1377	0
1378	-1
1379	0
1380	0
1381	0
1382	0
1383	0
1384	-1
1385	0
1386	-2
1387	-1
1388	-1
1389	0
1390	-1
1391	0
1392	-1
1393	0
1394	0
1395	0
1396	-1
1397	0
1398	0
1399	0
1400	0
1401	0
1402	0
1403	0
1404	0
1405	0
1406	0
1407	0
1408	0
1409	1
1410	0
1411	0
1412	0
1413	0
1414	1
1415	0
1416	0
1417	0
1418	0
1419	0
1420	0
1421	0
1422	0
1423	0
1424	0
1425	1
1426	0
1427	0
1428	0
1429	0
1430	0
1431	1
1432	0
1433	0
1434	0
1435	0
1436	-1
1437	0
1438	0
1439	0
1440	0
1441	0
1442	0
1443	0
1444	0
1445	0
1446	0
1447	0
1448	0
1449	1
1450	0
1451	0
1452	0
1453	0
1454	0
1455	0
1456	0
1457	0
1458	0
1459	0
1460	0
1461	0
1462	0
1463	0
1464	0
1465	0
1466	0
1467	0
1468	-1
1469	0
1470	0
1471	0
1472	0
1473	0
1474	0
1475	-1
1476	-1
1477	-2
1478	-1
1479	-1
1480	-2
1481	-1
1482	-1
1483	0
1484	-1
1485	-1
1486	-1
1487	-1
1488	-1
1489	0
1490	-1
1491	0
1492	-1
1493	0
1494	-1
1495	0
1496	-1
1497	0
1498	0
1499	0
1500	0
1501	0
1502	0
1503	0
1504	0
1505	0
1506	0
1507	0
1508	0
1509	1
1510	0
1511	1
1512	0
1513	0
1514	0
1515	0
1516	0
1517	0
1518	0
1519	1
1520	1
1521	1
1522	0
1523	0
1524	0
1525	0
1526	-1
1527	0
1528	0
1529	0
1530	0
1531	0
1532	0
1533	0
1534	0
1535	0
1536	0
1537	0
1538	0
1539	1
1540	0
1541	0
1542	1
1543	0
1544	0
1545	0
1546	0
1547	0
1548	1
1549	0
1550	0
1551	0
1552	0
1553	0
1554	0
1555	0
1556	0
1557	0
1558	0
1559	0
1560	0
1561	0
1562	0
1563	0
1564	-1
1565	0
1566	0
1567	0
1568	0
1569	0
1570	0
1571	0
1572	0
1573	0
1574	0
1575	0
1576	0
1577	0
1578	0
1579	0
1580	0
1581	0
1582	0
1583	0
1584	0
1585	0
1586	0
1587	0
1588	0
1589	0
1590	0
1591	0
1592	0
1593	0
1594	0
1595	0
1596	0
1597	0
1598	0
1599	0
1600	0
1601	0
1602	0
1603	0
1604	0
1605	0
1606	0
1607	0
1608	0
1609	0
1610	0
1611	0
1612	0
1613	1
1614	0
1615	1
1616	0
1617	1
1618	0
1619	1
1620	0
1621	0
1622	0
1623	0
1624	0
1625	1
1626	-1
1627	1
1628	0
1629	1
1630	0
1631	0
1632	0
1633	0
1634	0
1635	0
1636	-1
1637	0
1638	0
1639	0
1640	0
1641	0
1642	0
1643	0
1644	-1
1645	0
1646	0
1647	0
1648	0
1649	0
1650	0
1651	-1
1652	0
1653	0
1654	0
1655	0
1656	0
1657	0
1658	0
1659	0
1660	0
1661	0
1662	-1
1663	0
1664	-1
1665	0
1666	0
1667	0
1668	0
1669	0
1670	0
1671	1
1672	0
1673	1
1674	1
1675	1
1676	0
1677	1
1678	2
1679	2
1680	2
1681	2
1682	1
1683	2
1684	1
1685	1
1686	0
1687	1
1688	1
1689	1
1690	1
1691	0
1692	0
1693	0
1694	0
1695	0
1696	0
1697	0
1698	0
1699	0
1700	0
1701	0
1702	0
1703	0
1704	0
1705	0
1706	0
1707	0
1708	-1
1709	0
1710	-1
1711	0
1712	0
1713	-1
1714	0
1715	-1
1716	0
1717	-1
1718	0
1719	0
1720	0
1721	0
1722	0
1723	0
1724	0
1725	0
1726	0
1727	0
1728	0
1729	0
1730	0
1731	0
1732	0
1733	0
1734	-1
1735	-1
1736	0
1737	0
1738	0
1739	0
1740	0
1741	0
1742	0
1743	0
1744	0
1745	0
1746	0
1747	0
1748	-1
1749	0
1750	0
1751	0
1752	0
1753	0
1754	0
1755	0
1756	0
1757	1
1758	0
1759	0
1760	0
1761	0
1762	0
1763	0
1764	0
1765	0
1766	0
1767	0
1768	0
1769	0
1770	0
1771	0
1772	0
1773	0
1774	0
1775	0
1776	0
1777	0
1778	0
1779	1
1780	0
1781	0
1782	0
1783	0
1784	0
1785	1
1786	0
1787	1
1788	1
1789	1
1790	0
1791	2
1792	1
1793	2
1794	0
1795	2
1796	1
1797	1
1798	0
1799	1
1800	1
1801	1
1802	0
1803	2
1804	1
1805	0
1806	1
1807	1
1808	1
1809	0
1810	0
1811	0
1812	0
1813	0
1814	0
1815	-1
1816	0
1817	0
1818	-1
1819	0
1820	-1
1821	0
1822	0
1823	0
1824	-1
1825	0
1826	0
1827	0
1828	0
1829	-1
1830	-2
1831	-2
1832	-1
1833	-1
1834	0
1835	0
1836	-1
1837	0
1838	0
1839	0
1840	0
1841	0
1842	0
1843	0
1844	0
1845	0
1846	0
1847	0
1848	0
1849	0
1850	0
1851	0
1852	0
1853	0
1854	1
1855	0
1856	1
1857	0
1858	0
1859	0
1860	0
1861	0
1862	1
1863	1
1864	0
1865	0
1866	1
1867	0
1868	1
1869	1
1870	0
1871	0
1872	0
1873	0
1874	0
1875	0
1876	0
1877	0
1878	0
1879	0
1880	0
1881	0
1882	0
1883	0
1884	0
1885	0
1886	0
1887	0
1888	0
1889	0
1890	0
1891	0
1892	0
1893	0
1894	0
1895	0
1896	0
1897	0
1898	0
1899	0
1900	0
1901	0
1902	0
1903	0
1904	1
1905	0
1906	0
1907	0
1908	0
1909	0
1910	0
1911	0
1912	0
1913	0
1914	0
1915	0
1916	0
1917	0
1918	0
1919	0
1920	0
1921	0
1922	0
1923	0
1924	1
1925	0
1926	0
1927	1
1928	1
1929	0
1930	1
1931	1
1932	2
1933	2
1934	2
1935	2
1936	2
1937	2
1938	1
1939	3
1940	2
1941	3
1942	2
1943	4
1944	2
1945	3
1946	1
1947	3
1948	2
1949	3
1950	2
1951	3
1952	2
1953	2
1954	3
1955	2
1956	2
1957	3
1958	3
1959	3
1960	2
1961	2
1962	2
1963	3
1964	1
1965	2
1966	2
1967	2
1968	1
1969	1
1970	2
1971	2
1972	1
1973	2
1974	0
1975	3
1976	1
1977	2
1978	0
1979	0
1980	1
1981	1
1982	1
1983	0
1984	0
1985	0
1986	0
1987	0
1988	0
1989	0
1990	0
1991	0
1992	-1
1993	-1
1994	0
1995	0
1996	-1
1997	0
1998	0
1999	0
