0	0
1	0
2	0
3	1
4	0
5	0
6	0
7	0
8	0
9	0
10	0
11	0
12	0
13	0
14	0
15	0
16	0
17	1
18	0
19	0
20	0
21	0
22	0
23	0
24	0
25	1
26	0
27	1
28	0
29	0
30	0
31	0
32	0
33	0
34	0
35	0
36	0
37	0
38	0
39	0
40	0
41	0
42	0
43	0
44	0
45	0
46	0
47	0
48	0
49	0
50	0
51	0
52	0
53	0
54	0
55	0
56	0
57	0
58	0
59	0
60	0
61	0
62	0
63	0
64	0
65	0
66	0
67	0
68	0
69	0
70	0
71	0
72	0
73	1
74	0
75	0
76	0
77	0
78	0
79	1
80	0
81	0
82	0
83	0
84	0
85	0
86	0
87	1
88	0
89	0
90	0
91	0
92	0
93	0
94	0
95	0
96	0
97	0
98	0
99	0
100	0
101	0
102	0
103	0
104	0
105	0
106	0
107	0
108	0
109	0
110	0
111	0
112	0
113	0
114	0
115	0
116	0
117	0
118	0
119	0
120	0
121	0
122	0
123	0
124	0
125	0
126	0
127	0
128	0
129	0
130	0
131	0
132	0
133	0
134	0
135	0
136	0
137	0
138	0
139	0
140	0
141	0
142	0
143	0
144	0
145	0
146	0
147	0
148	0
149	0
150	0
151	0
152	0
153	1
154	0
155	0
156	-1
157	0
158	0
159	0
160	0
161	0
162	0
163	0
164	0
165	0
166	0
167	0
168	0
169	0
170	0
171	0
172	0
173	0
174	0
175	0
176	0
177	0
178	0
179	1
180	0
181	0
182	0
183	1
184	0
185	0
186	0
187	0
188	0
189	0
190	0
191	0
192	0
193	0
194	0
195	0
196	0
197	0
198	0
199	0
200	0
201	0
202	0
203	0
204	0
205	1
206	0
207	0
208	0
209	0
210	0
211	0
212	0
213	0
214	0
215	0
216	0
217	0
218	0
219	0
220	0
221	0
222	0
223	0
224	0
225	0
226	0
227	0
228	0
229	0
230	0
231	0
232	0
233	0
234	0
235	0
236	0
237	1
238	0
239	0
240	0
241	1
242	0
243	0
244	0
245	0
246	0
247	0
248	0
249	0
250	0
251	0
252	0
253	0
254	0
255	0
256	0
257	0
258	0
259	0
260	0
261	0
262	0
263	0
264	0
265	0
266	0
267	0
268	0
269	0
270	0
271	0
272	0
273	0
274	0
275	0
276	0
277	1
278	0
279	0
280	0
281	0
282	0
283	0
284	0
285	0
286	0
287	0
288	0
289	0
290	0
291	0
292	0
293	0
294	0
295	0
296	0
297	0
298	0
299	0
300	0
301	0
302	0
303	0
304	0
305	0
306	0
307	0
308	0
309	0
310	0
311	0
312	0
313	0
314	0
315	0
316	0
317	0
318	0
319	0
320	0
321	0
322	0
323	0
324	0
325	0
326	0
327	0
328	0
329	0
330	0
331	0
332	0
333	0
334	-1
335	0
336	0
337	0
338	0
339	0
340	0
341	0
342	0
343	0
344	0
345	0
346	0
347	0
348	0
349	0
350	0
351	0
352	0
353	0
354	0
355	0
356	0
357	0
358	0
359	1
360	0
361	1
362	0
363	1
364	0
365	1
366	0
367	1
368	0
369	0
370	0
371	0
372	0
373	0
374	0
375	0
376	0
377	0
378	0
379	0
380	0
381	0
382	0
383	0
384	0
385	0
386	0
387	0
388	0
389	0
390	0
391	0
392	0
393	0
394	0
395	0
396	0
397	0
398	0
399	0
400	0
401	0
402	0
403	1
404	0
405	1
406	0
407	0
408	0
409	1
410	0
411	1
412	0
413	1
414	0
415	0
416	0
417	0
418	0
419	1
420	0
421	1
422	1
423	1
424	0
425	2
426	0
427	1
428	0
429	0
430	1
431	1
432	0
433	2
434	1
435	1
436	1
437	1
438	1
439	1
440	1
441	1
442	0
443	1
444	1
445	2
446	2
447	2
448	2
449	3
450	3
451	5
452	5
453	7
454	9
455	11
456	11
457	13
458	13
459	18
460	20
461	22
462	23
463	26
464	29
465	32
466	32
467	36
468	37
469	40
470	41
471	44
472	46
473	48
474	49
475	52
476	51
477	55
478	56
479	58
480	60
481	61
482	61
483	64
484	62
485	66
486	66
487	69
488	66
489	69
490	69
491	69
492	69
493	70
494	70
495	71
496	73
497	73
498	74
499	78
500	62
501	71
502	68
503	68
504	67
505	67
506	65
507	64
508	62
509	62
510	59
511	60
512	56
513	56
514	53
515	53
516	49
517	51
518	46
519	45
520	44
521	43
522	41
523	40
524	37
525	36
526	32
527	32
528	29
529	29
530	27
531	27
532	26
533	24
534	22
535	22
536	18
537	18
538	17
539	16
540	11
541	13
542	11
543	10
544	9
545	9
546	8
547	7
548	5
549	4
550	1
551	2
552	0
553	2
554	-1
555	0
556	-1
557	-3
558	-4
559	-4
560	-6
561	-4
562	-8
563	-9
564	-8
565	-7
566	-9
567	-8
568	-10
569	-9
570	-10
571	-9
572	-10
573	-9
574	-12
575	-10
576	-12
577	-11
578	-12
579	-11
580	-11
581	-12
582	-12
583	-10
584	-13
585	-12
586	-13
587	-12
588	-11
589	-12
590	-12
591	-11
592	-12
593	-12
594	-13
595	-11
596	-13
597	-12
598	-14
599	-12
600	-12
601	-11
602	-11
603	-11
604	-11
605	-11
606	-12
607	-10
608	-12
609	-12
610	-11
611	-10
612	-11
613	-9
614	-11
615	-9
616	-11
617	-10
618	-11
619	-8
620	-12
621	-7
622	-9
623	-9
624	-10
625	-9
626	-10
627	-7
628	-10
629	-7
630	-9
631	-6
632	-9
633	-7
634	-8
635	-7
636	-7
637	-6
638	-6
639	-4
640	-6
641	-4
642	-7
643	-4
644	-4
645	-3
646	-4
647	-2
648	-5
649	0
650	-3
651	-1
652	-2
653	0
654	-2
655	0
656	-2
657	0
658	-2
659	0
660	-1
661	0
662	-1
663	0
664	-1
665	0
666	0
667	0
668	0
669	1
670	0
671	0
672	0
673	0
674	0
675	1
676	0
677	2
678	0
679	1
680	1
681	2
682	1
683	1
684	0
685	2
686	1
687	1
688	1
689	1
690	0
691	1
692	0
693	1
694	0
695	1
696	0
697	1
698	0
699	0
700	0
701	0
702	0
703	0
704	0
705	0
706	0
707	0
708	0
709	0
710	0
711	0
712	0
713	0
714	0
715	0
716	0
717	0
718	0
719	0
720	0
721	0
722	-1
723	0
724	0
725	-1
726	0
727	0
728	0
729	0
730	0
731	0
732	-2
733	-2
734	-1
735	-1
736	-2
737	0
738	-1
739	0
740	-1
741	0
742	-1
743	0
744	-1
745	0
746	-1
747	0
748	-1
749	0
750	-1
751	0
752	-1
753	0
754	-1
755	0
756	-1
757	0
758	0
759	0
760	0
761	0
762	0
763	0
764	0
765	0
766	0
767	0
768	0
769	0
770	0
771	0
772	0
773	0
774	0
775	0
776	0
777	0
778	0
779	0
780	0
781	0
782	0
783	0
784	0
785	0
786	-1
787	0
788	0
789	0
790	-1
791	0
792	-1
793	0
794	-1
795	0
796	-1
797	0
798	-1
799	0
800	-1
801	0
802	-1
803	-1
804	-1
805	-1
806	-1
807	0
808	-1
809	0
810	0
811	0
812	0
813	0
814	0
815	0
816	0
817	0
818	0
819	0
820	0
821	0
822	0
823	0
824	0
825	0
826	0
827	0
828	0
829	0
830	0
831	0
832	0
833	0
834	-1
835	0
836	-1
837	-1
838	0
839	-1
840	0
841	-1
842	0
843	-1
844	0
845	0
846	0
847	0
848	0
849	0
850	0
851	0
852	0
853	0
854	0
855	0
856	0
857	0
858	0
859	0
860	0
861	0
862	0
863	0
864	0
865	0
866	0
867	0
868	1
869	1
870	0
871	0
872	0
873	0
874	0
875	0
876	0
877	0
878	0
879	0
880	0
881	0
882	0
883	0
884	0
885	0
886	0
887	0
888	0
889	0
890	0
891	0
892	0
893	0
894	0
895	0
896	0
897	0
898	0
899	0
900	0
901	0
902	0
903	0
904	0
905	0
906	0
907	0
908	0
909	0
910	0
911	0
912	0
913	0
914	0
915	0
916	0
917	0
918	0
919	0
920	0
921	0
922	0
923	0
924	0
925	-1
926	0
927	0
928	0
929	0
930	0
931	0
932	0
933	0
934	0
935	-1
936	0
937	-1
938	-1
939	0
940	0
941	0
942	-1
943	-1
944	-1
945	-1
946	0
947	0
948	-1
949	-1
950	-1
951	-1
952	-1
953	0
954	0
955	0
956	0
957	0
958	0
959	0
960	0
961	0
962	0
963	0
964	0
965	0
966	0
967	0
968	0
969	0
970	0
971	0
972	0
973	0
974	0
975	0
976	0
977	0
978	0
979	0
980	0
981	0
982	0
983	0
984	0
985	0
986	0
987	0
988	0
989	0
990	-1
991	0
992	0
993	-1
994	-1
995	0
996	0
997	-1
998	0
999	0
1000	0
1001	0
1002	0
1003	0
1004	0
1005	0
1006	0
1007	0
1008	-1
1009	0
1010	0
1011	0
1012	0
1013	0
1014	0
1015	0
1016	0
1017	0
1018	0
1019	0
1020	0
1021	0
1022	0
1023	0
1024	0
1025	0
1026	0
1027	0
1028	0
1029	0
1030	0
1031	0
1032	0
1033	0
1034	-1
1035	0
1036	0
1037	-1
1038	0
1039	0
1040	0
1041	-1
1042	0
1043	0
1044	0
1045	0
1046	0
1047	0
1048	0
1049	0
1050	0
1051	0
1052	0
1053	0
1054	-1
1055	0
1056	0
1057	0
1058	0
1059	0
1060	0
1061	0
1062	0
1063	0
1064	0
1065	0
1066	0
1067	0
1068	0
1069	0
1070	0
1071	0
1072	0
1073	0
1074	0
1075	0
1076	0
1077	0
1078	0
1079	0
1080	0
1081	0
1082	0
1083	0
1084	0
1085	0
1086	0
1087	0
1088	0
1089	0
1090	0
1091	1
1092	0
1093	0
1094	0
1095	0
1096	0
1097	0
1098	0
1099	1
1100	1
1101	0
1102	0
1103	0
1104	0
1105	0
1106	0
1107	0
1108	0
1109	0
1110	0
1111	0
1112	0
1113	0
1114	0
1115	1
1116	0
1117	0
1118	0
1119	1
1120	0
1121	1
1122	0
1123	0
1124	0
1125	0
1126	0
1127	0
1128	0
1129	0
1130	0
1131	0
1132	0
1133	0
1134	0
1135	0
1136	0
1137	0
1138	0
1139	0
1140	0
1141	0
1142	0
1143	0
1144	0
1145	1
1146	0
1147	1
1148	0
1149	0
1150	0
1151	1
1152	0
1153	0
1154	1
1155	0
1156	0
1157	0
1158	0
1159	1
1160	0
1161	0
1162	0
1163	0
1164	0
1165	0
1166	0
1167	0
1168	0
1169	0
1170	0
1171	0
1172	0
1173	0
1174	0
1175	0
1176	0
1177	0
1178	0
1179	0
1180	0
1181	0
1182	0
1183	0
1184	0
1185	0
1186	0
1187	0
1188	-1
1189	0
1190	0
1191	0
1192	0
1193	0
1194	0
1195	0
1196	-1
1197	0
1198	0
1199	0
1200	0
1201	0
1202	0
1203	0
1204	-1
1205	0
1206	-1
1207	0
1208	-1
1209	0
1210	0
1211	0
1212	0
1213	0
1214	0
1215	0
1216	0
1217	0
1218	0
1219	0
1220	0
1221	0
1222	0
1223	0
1224	0
1225	0
1226	0
1227	0
1228	0
1229	0
1230	0
1231	0
1232	0
1233	0
1234	0
1235	0
1236	0
1237	0
1238	0
1239	0
1240	-1
1241	-1
1242	-1
1243	0
1244	-1
1245	-1
1246	-1
1247	0
1248	-1
1249	-1
1250	-2
1251	-1
1252	0
1253	0
1254	0
1255	0
1256	0
1257	0
1258	0
1259	0
1260	-1
1261	0
1262	0
1263	0
1264	0
1265	0
1266	0
1267	0
1268	-1
1269	0
1270	0
1271	0
1272	0
1273	0
1274	-1
1275	0
1276	-1
1277	0
1278	0
1279	0
1280	-1
1281	-1
1282	-1
1283	-1
1284	0
1285	-1
1286	-1
1287	0
1288	-1
1289	0
1290	-1
1291	-1
1292	-1
1293	0
1294	-1
1295	0
1296	-1
1297	-1
1298	0
1299	0
1300	0
1301	0
1302	0
1303	0
1304	0
1305	0
1306	0
1307	0
1308	0
1309	0
1310	0
1311	0
1312	0
1313	0
1314	0
1315	0
1316	0
1317	0
1318	-1
1319	0
1320	0
1321	0
1322	0
1323	0
1324	0
1325	0
1326	0
1327	0
1328	0
1329	0
1330	0
1331	0
1332	0
1333	0
1334	0
1335	0
1336	0
1337	0
1338	0
1339	0
1340	0
1341	0
1342	0
1343	0
1344	0
1345	0
1346	0
1347	0
1348	0
1349	0
1350	0
1351	0
1352	-1
1353	0
1354	0
1355	0
1356	0
1357	0
1358	0
1359	0
1360	-1
1361	0
1362	-1
1363	0
1364	-1
1365	0
1366	-1
1367	0
1368	0
1369	0
1370	-1
1371	0
1372	0
1373	0
1374	0
1375	-1
1376	0
1377	0
1378	-1
1379	-1
1380	-1
1381	0
1382	0
1383	0
1384	-1
1385	0
1386	0
1387	0
1388	0
1389	0
1390	0
1391	0
1392	-1
1393	0
1394	0
1395	0
1396	0
1397	0
1398	0
1399	0
1400	0
1401	0
1402	0
1403	0
1404	0
1405	0
1406	0
1407	0
1408	0
1409	0
1410	0
1411	0
1412	0
1413	0
1414	0
1415	0
1416	-1
1417	0
1418	-1
1419	0
1420	-1
1421	0
1422	-1
1423	0
1424	0
1425	0
1426	-1
1427	0
1428	0
1429	0
1430	0
1431	0
1432	0
1433	0
1434	0
1435	0
1436	0
1437	0
1438	0
1439	0
1440	0
1441	0
1442	0
1443	0
1444	0
1445	1
1446	0
1447	1
1448	0
1449	0
1450	0
1451	0
1452	0
1453	0
1454	0
1455	0
1456	0
1457	0
1458	0
1459	0
1460	0
1461	0
1462	0
1463	0
1464	-1
1465	0
1466	0
1467	0
1468	-1
1469	-1
1470	0
1471	0
1472	-1
1473	0
1474	0
1475	0
1476	0
1477	0
1478	0
1479	0
1480	0
1481	0
1482	0
1483	0
1484	0
1485	0
1486	0
1487	0
1488	0
1489	0
1490	0
1491	0
1492	0
1493	0
1494	0
1495	0
1496	0
1497	0
1498	0
1499	0
1500	0
1501	0
1502	-1
1503	0
1504	0
1505	0
1506	0
1507	0
1508	-1
1509	0
1510	0
1511	0
1512	0
1513	0
1514	0
1515	0
1516	0
1517	0
1518	-1
1519	0
1520	0
1521	0
1522	0
1523	0
1524	0
1525	0
1526	0
1527	0
1528	0
1529	0
1530	-1
1531	0
1532	-1
1533	0
1534	0
1535	0
1536	0
1537	0
1538	0
1539	0
1540	0
1541	0
1542	-1
1543	-1
1544	0
1545	0
1546	0
1547	-1
1548	0
1549	0
1550	0
1551	0
1552	-1
1553	0
1554	0
1555	0
1556	0
1557	0
1558	0
1559	0
1560	-1
1561	0
1562	0
1563	0
1564	0
1565	0
1566	0
1567	0
1568	0
1569	0
1570	0
1571	0
1572	0
1573	0
1574	0
1575	0
1576	0
1577	0
1578	0
1579	0
1580	0
1581	0
1582	0
1583	0
1584	0
1585	0
1586	0
1587	0
1588	-1
1589	0
1590	0
1591	0
1592	0
1593	0
1594	0
1595	0
1596	0
1597	0
1598	0
1599	0
1600	0
1601	0
1602	0
1603	0
1604	0
1605	0
1606	0
1607	0
1608	0
1609	0
1610	0
1611	0
1612	0
1613	0
1614	0
1615	0
1616	0
1617	0
1618	0
1619	0
1620	0
1621	0
1622	0
1623	0
1624	0
1625	0
1626	0
1627	0
1628	0
1629	0
1630	0
1631	0
1632	0
1633	0
1634	0
1635	0
1636	0
1637	0
1638	0
1639	0
1640	-1
1641	0
1642	0
1643	0
1644	0
1645	0
1646	0
1647	0
1648	0
1649	0
1650	0
1651	0
1652	0
1653	0
1654	0
1655	0
1656	0
1657	0
1658	0
1659	0
1660	0
1661	0
1662	0
1663	0
1664	0
1665	0
1666	0
1667	0
1668	0
1669	0
1670	0
1671	0
1672	0
1673	0
1674	-1
1675	0
1676	0
1677	0
1678	0
1679	0
1680	0
1681	0
1682	0
1683	0
1684	0
1685	0
1686	0
1687	0
1688	0
1689	0
1690	0
1691	0
1692	0
1693	0
1694	0
1695	0
1696	0
1697	0
1698	0
1699	0
1700	0
1701	0
1702	0
1703	0
1704	0
1705	0
1706	0
1707	0
1708	0
1709	0
1710	0
1711	0
1712	0
1713	0
1714	-1
1715	0
1716	0
1717	0
1718	0
1719	0
1720	-1
1721	0
1722	0
1723	0
1724	0
1725	0
1726	0
1727	0
1728	0
1729	0
1730	0
1731	0
1732	0
1733	0
1734	0
1735	0
1736	0
1737	0
1738	0
1739	0
1740	0
1741	0
1742	0
1743	0
1744	0
1745	0
1746	0
1747	2
1748	1
1749	1
1750	1
1751	2
1752	2
1753	2
1754	1
1755	3
1756	2
1757	2
1758	2
1759	2
1760	2
1761	2
1762	2
1763	2
1764	1
1765	1
1766	2
1767	2
1768	2
1769	3
1770	3
1771	3
1772	2
1773	2
1774	2
1775	3
1776	3
1777	3
1778	3
1779	3
1780	3
1781	2
1782	3
1783	3
1784	2
1785	2
1786	2
1787	2
1788	2
1789	2
1790	2
1791	1
1792	1
1793	1
1794	0
1795	1
1796	1
1797	1
1798	1
1799	1
1800	0
1801	1
1802	0
1803	0
1804	0
1805	0
1806	0
1807	0
1808	0
1809	0
1810	0
1811	0
1812	0
1813	0
1814	0
1815	0
1816	0
1817	0
1818	0
1819	0
1820	0
1821	0
1822	0
1823	0
1824	0
1825	0
1826	0
1827	0
1828	0
1829	0
1830	0
1831	0
1832	0
1833	0
1834	0
1835	0
1836	0
1837	0
1838	0
1839	0
1840	0
1841	0
1842	0
1843	0
1844	0
1845	0
1846	0
1847	0
1848	-1
1849	0
1850	0
1851	0
1852	0
1853	0
1854	0
1855	0
1856	0
1857	0
1858	0
1859	0
1860	-1
1861	-1
1862	-1
1863	0
1864	0
1865	-1
1866	0
1867	0
1868	-1
1869	0
1870	-1
1871	-1
1872	-1
1873	-1
1874	-1
1875	0
1876	-2
1877	0
1878	-2
1879	-1
1880	-2
1881	-1
1882	-1
1883	-1
1884	0
1885	-1
1886	-2
1887	0
1888	-1
1889	0
1890	0
1891	-1
1892	0
1893	0
1894	0
1895	0
1896	0
1897	0
1898	0
1899	0
1900	0
1901	0
1902	-1
1903	0
1904	0
1905	0
1906	0
1907	0
1908	0
1909	0
1910	0
1911	0
1912	0
1913	0
1914	0
1915	0
1916	0
1917	0
1918	0
1919	0
1920	0
1921	0
1922	0
1923	0
1924	0
1925	0
1926	0
1927	0
1928	0
1929	-1
1930	-1
1931	0
1932	0
1933	0
1934	-1
1935	0
1936	-1
1937	0
1938	0
1939	0
1940	-1
1941	0
1942	0
1943	0
1944	0
1945	0
1946	0
1947	0
1948	0
1949	0
1950	0
1951	0
1952	0
1953	0
1954	0
1955	0
1956	0
1957	0
1958	0
1959	0
1960	0
1961	0
1962	0
1963	0
1964	0
1965	0
1966	0
1967	0
1968	-1
1969	0
1970	-1
1971	0
1972	-1
1973	0
1974	-1
1975	-1
1976	-1
1977	0
1978	-2
1979	0
1980	-1
1981	0
1982	-1
1983	0
1984	0
1985	0
1986	0
1987	0
1988	0
1989	0
1990	0
1991	0
1992	0
1993	0
1994	0
1995	0
1996	0
1997	0
1998	0
1999	0
