0	0
1	1
2	0
3	0
4	0
5	2
6	0
7	2
8	0
9	1
10	0
11	1
12	0
13	2
14	0
15	1
16	0
17	0
18	0
19	1
20	0
21	3
22	0
23	3
24	0
25	1
26	-1
27	2
28	0
29	1
30	0
31	1
32	-1
33	2
34	-2
35	0
36	-1
37	0
38	-1
39	1
40	0
41	1
42	0
43	1
44	-1
45	1
46	-1
47	2
48	0
49	2
50	0
51	1
52	-1
53	1
54	0
55	2
56	0
57	1
58	0
59	2
60	0
61	2
62	0
63	1
64	-1
65	0
66	0
67	1
68	0
69	0
70	-1
71	1
72	0
73	0
74	0
75	1
76	0
77	1
78	0
79	0
80	0
81	1
82	0
83	0
84	0
85	0
86	0
87	1
88	0
89	0
90	0
91	1
92	0
93	0
94	0
95	0
96	0
97	0
98	0
99	1
100	0
101	1
102	0
103	0
104	0
105	1
106	0
107	0
108	0
109	1
110	0
111	2
112	0
113	1
114	0
115	0
116	0
117	1
118	0
119	2
120	0
121	1
122	0
123	1
124	0
125	0
126	0
127	2
128	0
129	1
130	0
131	1
132	0
133	1
134	0
135	0
136	0
137	1
138	0
139	1
140	0
141	1
142	0
143	0
144	0
145	0
146	0
147	1
148	0
149	1
150	-1
151	0
152	0
153	0
154	-1
155	0
156	0
157	0
158	0
159	0
160	-1
161	1
162	0
163	0
164	0
165	0
166	-1
167	1
168	-1
169	0
170	0
171	1
172	-1
173	1
174	0
175	1
176	0
177	1
178	0
179	1
180	0
181	2
182	0
183	2
184	0
185	2
186	0
187	3
188	0
189	3
190	0
191	4
192	0
193	3
194	0
195	2
196	0
197	1
198	0
199	1
200	0
201	1
202	-1
203	0
204	0
205	2
206	0
207	2
208	-1
209	2
210	0
211	1
212	0
213	2
214	0
215	1
216	0
217	2
218	0
219	2
220	0
221	2
222	-1
223	1
224	0
225	2
226	0
227	1
228	0
229	1
230	0
231	1
232	0
233	0
234	0
235	3
236	-1
237	1
238	0
239	2
240	0
241	3
242	0
243	1
244	0
245	0
246	0
247	1
248	0
249	0
250	0
251	1
252	0
253	1
254	0
255	1
256	0
257	0
258	0
259	1
260	0
261	1
262	-1
263	0
264	0
265	0
266	0
267	0
268	-1
269	0
270	-1
271	0
272	0
273	0
274	0
275	0
276	-1
277	1
278	-2
279	1
280	-1
281	0
282	0
283	0
284	0
285	1
286	-1
287	1
288	-1
289	0
290	0
291	0
292	-1
293	0
294	0
295	1
296	0
297	1
298	0
299	1
300	0
301	2
302	1
303	1
304	0
305	2
306	1
307	3
308	0
309	3
310	0
311	2
312	0
313	2
314	0
315	2
316	0
317	1
318	0
319	1
320	0
321	0
322	0
323	1
324	0
325	0
326	0
327	0
328	0
329	0
330	-1
331	1
332	-1
333	0
334	-1
335	1
336	0
337	0
338	-1
339	0
340	0
341	1
342	0
343	0
344	0
345	0
346	-1
347	1
348	0
349	0
350	0
351	0
352	0
353	1
354	0
355	1
356	0
357	1
358	0
359	2
360	0
361	1
362	0
363	2
364	0
365	2
366	0
367	3
368	0
369	3
370	0
371	2
372	0
373	2
374	0
375	2
376	0
377	1
378	0
379	2
380	-1
381	2
382	0
383	1
384	0
385	2
386	0
387	2
388	0
389	1
390	-1
391	0
392	0
393	0
394	0
395	2
396	0
397	0
398	-1
399	0
400	0
401	0
402	0
403	1
404	0
405	1
406	0
407	1
408	-1
409	2
410	0
411	2
412	-1
413	2
414	0
415	0
416	0
417	0
418	-1
419	0
420	-1
421	0
422	-1
423	2
424	0
425	1
426	0
427	0
428	0
429	1
430	0
431	1
432	0
433	1
434	0
435	0
436	0
437	1
438	0
439	4
440	0
441	4
442	2
443	7
444	5
445	11
446	10
447	18
448	14
449	21
450	21
451	28
452	29
453	36
454	34
455	43
456	43
457	47
458	50
459	56
460	56
461	63
462	64
463	69
464	70
465	75
466	75
467	82
468	81
469	86
470	84
471	90
472	88
473	94
474	91
475	96
476	93
477	97
478	94
479	97
480	93
481	97
482	93
483	96
484	91
485	94
486	89
487	92
488	88
489	90
490	85
491	85
492	81
493	84
494	77
495	80
496	74
497	76
498	75
499	78
500	62
501	69
502	65
503	67
504	60
505	62
506	56
507	59
508	52
509	56
510	47
511	50
512	44
513	47
514	40
515	43
516	38
517	38
518	34
519	36
520	31
521	33
522	26
523	29
524	23
525	24
526	20
527	21
528	16
529	17
530	12
531	14
532	9
533	11
534	7
535	9
536	6
537	5
538	3
539	4
540	1
541	3
542	-1
543	0
544	-4
545	0
546	-6
547	-2
548	-7
549	-4
550	-9
551	-9
552	-12
553	-9
554	-15
555	-11
556	-17
557	-13
558	-18
559	-13
560	-19
561	-16
562	-20
563	-17
564	-20
565	-18
566	-21
567	-18
568	-22
569	-19
570	-23
571	-20
572	-24
573	-21
574	-24
575	-22
576	-24
577	-20
578	-25
579	-20
580	-26
581	-20
582	-25
583	-20
584	-25
585	-21
586	-24
587	-21
588	-24
589	-19
590	-24
591	-20
592	-21
593	-20
594	-23
595	-19
596	-22
597	-19
598	-21
599	-18
600	-20
601	-19
602	-20
603	-18
604	-19
605	-18
606	-19
607	-17
608	-18
609	-18
610	-19
611	-17
612	-18
613	-16
614	-18
615	-16
616	-18
617	-16
618	-16
619	-15
620	-17
621	-15
622	-16
623	-14
624	-16
625	-13
626	-15
627	-12
628	-15
629	-11
630	-15
631	-11
632	-14
633	-10
634	-14
635	-9
636	-14
637	-9
638	-13
639	-9
640	-12
641	-8
642	-11
643	-6
644	-11
645	-5
646	-10
647	-6
648	-11
649	-5
650	-11
651	-6
652	-9
653	-5
654	-9
655	-5
656	-9
657	-5
658	-9
659	-4
660	-10
661	-5
662	-9
663	-4
664	-9
665	-4
666	-8
667	-3
668	-8
669	-3
670	-8
671	-2
672	-7
673	-3
674	-5
675	-2
676	-5
677	-2
678	-5
679	-3
680	-4
681	-3
682	-4
683	-1
684	-4
685	-3
686	-4
687	-2
688	-3
689	-2
690	-3
691	-1
692	-4
693	-1
694	-2
695	-1
696	-4
697	-2
698	-3
699	-1
700	-3
701	-1
702	-3
703	0
704	-3
705	-1
706	-4
707	0
708	-4
709	0
710	-4
711	0
712	-3
713	0
714	-2
715	1
716	-1
717	0
718	-2
719	0
720	-1
721	1
722	-1
723	1
724	0
725	2
726	0
727	1
728	0
729	2
730	0
731	2
732	0
733	1
734	-1
735	1
736	0
737	1
738	0
739	1
740	-1
741	0
742	-1
743	0
744	-1
745	0
746	0
747	0
748	-2
749	0
750	-1
751	0
752	-1
753	0
754	-1
755	0
756	0
757	0
758	-1
759	0
760	-3
761	0
762	-1
763	0
764	-1
765	0
766	-2
767	0
768	0
769	0
770	-1
771	0
772	-1
773	0
774	-1
775	0
776	-1
777	0
778	-1
779	0
780	-1
781	0
782	-1
783	0
784	-1
785	0
786	-1
787	0
788	-2
789	-1
790	-2
791	-1
792	-2
793	0
794	-2
795	0
796	-3
797	0
798	-2
799	0
800	-2
801	0
802	-1
803	0
804	-1
805	0
806	-1
807	0
808	-2
809	0
810	-2
811	0
812	-1
813	1
814	-2
815	1
816	-1
817	1
818	0
819	0
820	-1
821	1
822	0
823	1
824	0
825	1
826	0
827	1
828	0
829	2
830	0
831	1
832	-1
833	2
834	0
835	1
836	0
837	1
838	0
839	1
840	0
841	2
842	0
843	2
844	1
845	2
846	1
847	2
848	1
849	2
850	0
851	3
852	1
853	3
854	1
855	3
856	1
857	2
858	0
859	3
860	0
861	2
862	1
863	1
864	0
865	2
866	0
867	2
868	0
869	2
870	0
871	1
872	0
873	2
874	0
875	1
876	0
877	2
878	0
879	1
880	0
881	1
882	0
883	1
884	0
885	0
886	0
887	0
888	0
889	0
890	0
891	0
892	0
893	1
894	0
895	0
896	0
897	0
898	0
899	0
900	-1
901	0
902	0
903	0
904	0
905	0
906	-2
907	0
908	-1
909	0
910	-2
911	0
912	-1
913	0
914	-1
915	1
916	-1
917	1
918	0
919	0
920	-1
921	0
922	-1
923	0
924	0
925	0
926	-1
927	0
928	-2
929	0
930	0
931	0
932	0
933	1
934	-1
935	0
936	-1
937	0
938	-1
939	0
940	0
941	0
942	0
943	0
944	-1
945	0
946	0
947	0
948	-1
949	0
950	-1
951	0
952	-1
953	0
954	-1
955	0
956	-2
957	0
958	-2
959	0
960	-2
961	0
962	-2
963	0
964	-1
965	0
966	-1
967	0
968	-1
969	0
970	-2
971	0
972	-1
973	0
974	0
975	0
976	0
977	0
978	-1
979	0
980	0
981	0
982	-1
983	2
984	0
985	0
986	0
987	0
988	0
989	1
990	0
991	1
992	0
993	0
994	0
995	0
996	0
997	0
998	-1
999	0
1000	0
1001	0
1002	0
1003	0
1004	-2
1005	0
1006	-1
1007	0
1008	-1
1009	0
1010	-1
1011	0
1012	-1
1013	0
1014	-1
1015	0
1016	-1
1017	0
1018	-1
1019	0
1020	-1
1021	0
1022	-1
1023	0
1024	-2
1025	0
1026	-1
1027	0
1028	-1
1029	0
1030	-1
1031	0
1032	-2
1033	0
1034	-2
1035	0
1036	-2
1037	0
1038	-2
1039	0
1040	-1
1041	0
1042	-1
1043	1
1044	-1
1045	0
1046	-2
1047	0
1048	-1
1049	0
1050	-1
1051	0
1052	0
1053	0
1054	0
1055	0
1056	0
1057	1
1058	0
1059	0
1060	-1
1061	0
1062	-1
1063	0
1064	-1
1065	0
1066	-1
1067	0
1068	-2
1069	0
1070	-1
1071	0
1072	-2
1073	0
1074	-2
1075	0
1076	-1
1077	0
1078	-1
1079	0
1080	-1
1081	0
1082	-2
1083	0
1084	-2
1085	0
1086	-2
1087	0
1088	-2
1089	0
1090	-3
1091	0
1092	-1
1093	0
1094	-1
1095	0
1096	0
1097	1
1098	0
1099	1
1100	0
1101	1
1102	0
1103	2
1104	0
1105	2
1106	2
1107	3
1108	1
1109	2
1110	2
1111	3
1112	1
1113	4
1114	2
1115	3
1116	2
1117	3
1118	1
1119	4
1120	1
1121	3
1122	1
1123	2
1124	0
1125	3
1126	0
1127	2
1128	1
1129	2
1130	0
1131	3
1132	1
1133	2
1134	0
1135	3
1136	0
1137	2
1138	0
1139	1
1140	0
1141	2
1142	0
1143	2
1144	0
1145	2
1146	0
1147	0
1148	0
1149	0
1150	0
1151	0
1152	0
1153	1
1154	0
1155	1
1156	0
1157	1
1158	-1
1159	0
1160	0
1161	0
1162	0
1163	1
1164	0
1165	1
1166	0
1167	0
1168	-1
1169	0
1170	0
1171	0
1172	0
1173	0
1174	-2
1175	0
1176	-1
1177	0
1178	0
1179	0
1180	-1
1181	-1
1182	-1
1183	0
1184	-1
1185	0
1186	-1
1187	0
1188	-1
1189	0
1190	0
1191	0
1192	-1
1193	0
1194	-1
1195	0
1196	-2
1197	0
1198	-1
1199	0
1200	-1
1201	0
1202	0
1203	0
1204	-1
1205	0
1206	-1
1207	-1
1208	-2
1209	0
1210	-2
1211	0
1212	-2
1213	0
1214	-3
1215	0
1216	-3
1217	0
1218	-3
1219	0
1220	-3
1221	0
1222	-2
1223	0
1224	-2
1225	0
1226	-3
1227	-1
1228	-1
1229	0
1230	-1
1231	0
1232	-1
1233	0
1234	-1
1235	0
1236	-1
1237	0
1238	-2
1239	0
1240	-1
1241	0
1242	-1
1243	0
1244	-1
1245	0
1246	-1
1247	0
1248	-2
1249	0
1250	-1
1251	0
1252	-1
1253	0
1254	-2
1255	0
1256	-1
1257	0
1258	-2
1259	0
1260	-1
1261	0
1262	-1
1263	0
1264	-2
1265	0
1266	-2
1267	0
1268	-1
1269	0
1270	-2
1271	0
1272	-2
1273	0
1274	-2
1275	0
1276	-1
1277	0
1278	-1
1279	0
1280	-2
1281	0
1282	-1
1283	0
1284	-2
1285	0
1286	0
1287	0
1288	0
1289	0
1290	0
1291	1
1292	-1
1293	0
1294	-1
1295	0
1296	-1
1297	1
1298	-2
1299	1
1300	-1
1301	1
1302	-2
1303	1
1304	-1
1305	0
1306	0
1307	0
1308	0
1309	0
1310	-1
1311	0
1312	-1
1313	0
1314	0
1315	1
1316	-1
1317	0
1318	-1
1319	0
1320	-1
1321	0
1322	-1
1323	0
1324	0
1325	0
1326	-2
1327	0
1328	-1
1329	0
1330	-3
1331	0
1332	-3
1333	0
1334	-3
1335	0
1336	-2
1337	0
1338	-2
1339	0
1340	-2
1341	0
1342	-2
1343	0
1344	-1
1345	0
1346	-2
1347	0
1348	-2
1349	1
1350	-2
1351	1
1352	0
1353	0
1354	-1
1355	0
1356	0
1357	0
1358	0
1359	0
1360	-1
1361	1
1362	-1
1363	1
1364	-1
1365	0
1366	0
1367	1
1368	0
1369	1
1370	-1
1371	1
1372	0
1373	0
1374	-1
1375	1
1376	0
1377	1
1378	0
1379	0
1380	0
1381	0
1382	0
1383	1
1384	-1
1385	0
1386	-1
1387	0
1388	0
1389	0
1390	0
1391	0
1392	0
1393	0
1394	-1
1395	0
1396	0
1397	0
1398	-1
1399	0
1400	-1
1401	0
1402	0
1403	0
1404	-1
1405	1
1406	0
1407	3
1408	0
1409	3
1410	0
1411	2
1412	0
1413	2
1414	0
1415	2
1416	1
1417	2
1418	1
1419	3
1420	1
1421	2
1422	1
1423	2
1424	1
1425	2
1426	0
1427	2
1428	1
1429	2
1430	1
1431	2
1432	0
1433	2
1434	0
1435	2
1436	0
1437	2
1438	0
1439	0
1440	0
1441	1
1442	0
1443	1
1444	0
1445	0
1446	-1
1447	1
1448	-1
1449	1
1450	-1
1451	1
1452	-1
1453	0
1454	0
1455	1
1456	-1
1457	1
1458	-1
1459	1
1460	-2
1461	0
1462	0
1463	1
1464	-1
1465	1
1466	0
1467	1
1468	0
1469	0
1470	0
1471	0
1472	0
1473	1
1474	0
1475	1
1476	0
1477	0
1478	0
1479	0
1480	0
1481	0
1482	0
1483	1
1484	-1
1485	0
1486	-1
1487	0
1488	0
1489	1
1490	-1
1491	0
1492	-1
1493	0
1494	-2
1495	0
1496	-2
1497	0
1498	-1
1499	0
1500	-2
1501	0
1502	-1
1503	0
1504	-2
1505	0
1506	0
1507	0
1508	-1
1509	0
1510	-1
1511	0
1512	-1
1513	0
1514	-1
1515	0
1516	-1
1517	1
1518	-2
1519	0
1520	-1
1521	1
1522	-1
1523	0
1524	-1
1525	0
1526	-2
1527	0
1528	-1
1529	0
1530	-2
1531	0
1532	-1
1533	0
1534	-1
1535	0
1536	0
1537	0
1538	-1
1539	0
1540	-1
1541	0
1542	-1
1543	0
1544	-2
1545	0
1546	-2
1547	0
1548	-1
1549	0
1550	-1
1551	0
1552	0
1553	0
1554	-1
1555	0
1556	-1
1557	0
1558	-2
1559	0
1560	-1
1561	0
1562	-1
1563	0
1564	0
1565	0
1566	0
1567	0
1568	0
1569	0
1570	0
1571	1
1572	0
1573	1
1574	-1
1575	1
1576	0
1577	0
1578	0
1579	0
1580	-1
1581	0
1582	0
1583	1
1584	0
1585	1
1586	0
1587	0
1588	0
1589	1
1590	0
1591	0
1592	0
1593	0
1594	0
1595	0
1596	0
1597	0
1598	0
1599	0
1600	0
1601	0
1602	0
1603	0
1604	0
1605	0
1606	-1
1607	1
1608	0
1609	0
1610	-1
1611	0
1612	-1
1613	0
1614	0
1615	0
1616	-1
1617	1
1618	-1
1619	0
1620	-1
1621	0
1622	-2
1623	0
1624	0
1625	0
1626	0
1627	0
1628	-1
1629	0
1630	0
1631	0
1632	-1
1633	0
1634	-2
1635	0
1636	-2
1637	0
1638	-1
1639	0
1640	-1
1641	0
1642	-1
1643	0
1644	-1
1645	0
1646	-1
1647	-1
1648	-1
1649	0
1650	-1
1651	0
1652	-2
1653	-1
1654	-1
1655	0
1656	-1
1657	0
1658	-1
1659	0
1660	-2
1661	0
1662	-1
1663	0
1664	-1
1665	0
1666	-1
1667	0
1668	-1
1669	0
1670	-1
1671	0
1672	-2
1673	0
1674	0
1675	0
1676	0
1677	0
1678	-1
1679	0
1680	0
1681	2
1682	0
1683	1
1684	0
1685	1
1686	0
1687	1
1688	-1
1689	0
1690	0
1691	1
1692	0
1693	0
1694	0
1695	1
1696	0
1697	1
1698	0
1699	2
1700	0
1701	1
1702	0
1703	2
1704	0
1705	1
1706	0
1707	1
1708	0
1709	1
1710	0
1711	1
1712	0
1713	1
1714	0
1715	1
1716	0
1717	2
1718	1
1719	3
1720	2
1721	3
1722	0
1723	2
1724	0
1725	3
1726	1
1727	2
1728	1
1729	2
1730	1
1731	3
1732	1
1733	3
1734	1
1735	4
1736	1
1737	3
1738	2
1739	3
1740	2
1741	4
1742	1
1743	4
1744	3
1745	3
1746	2
1747	4
1748	3
1749	5
1750	3
1751	5
1752	4
1753	5
1754	3
1755	5
1756	4
1757	5
1758	4
1759	6
1760	4
1761	5
1762	4
1763	6
1764	4
1765	5
1766	3
1767	5
1768	4
1769	6
1770	4
1771	6
1772	4
1773	5
1774	4
1775	5
1776	4
1777	5
1778	3
1779	4
1780	2
1781	3
1782	2
1783	3
1784	1
1785	3
1786	2
1787	2
1788	0
1789	1
1790	0
1791	2
1792	0
1793	1
1794	0
1795	1
1796	0
1797	1
1798	0
1799	0
1800	0
1801	1
1802	0
1803	2
1804	0
1805	2
1806	0
1807	3
1808	2
1809	2
1810	0
1811	2
1812	0
1813	2
1814	1
1815	3
1816	1
1817	3
1818	1
1819	2
1820	1
1821	3
1822	0
1823	2
1824	0
1825	1
1826	0
1827	1
1828	0
1829	1
1830	0
1831	1
1832	0
1833	0
1834	0
1835	1
1836	-1
1837	0
1838	-1
1839	0
1840	0
1841	0
1842	-1
1843	0
1844	-2
1845	0
1846	-2
1847	0
1848	-1
1849	0
1850	-1
1851	0
1852	-2
1853	0
1854	-2
1855	-1
1856	-2
1857	-1
1858	-1
1859	-2
1860	-1
1861	-1
1862	-2
1863	-1
1864	-2
1865	0
1866	-1
1867	0
1868	-1
1869	0
1870	-1
1871	0
1872	-2
1873	2
1874	0
1875	0
1876	0
1877	1
1878	-1
1879	1
1880	-1
1881	1
1882	0
1883	1
1884	0
1885	2
1886	0
1887	2
1888	0
1889	2
1890	0
1891	1
1892	1
1893	2
1894	0
1895	1
1896	1
1897	2
1898	0
1899	1
1900	0
1901	1
1902	0
1903	1
1904	0
1905	1
1906	0
1907	1
1908	0
1909	1
1910	0
1911	0
1912	0
1913	0
1914	0
1915	1
1916	0
1917	1
1918	0
1919	0
1920	0
1921	0
1922	0
1923	0
1924	-1
1925	0
1926	0
1927	0
1928	-1
1929	0
1930	0
1931	0
1932	-2
1933	0
1934	-1
1935	0
1936	-1
1937	0
1938	-2
1939	0
1940	-2
1941	-1
1942	-2
1943	0
1944	-3
1945	0
1946	-2
1947	0
1948	-3
1949	0
1950	-2
1951	-1
1952	-2
1953	0
1954	-1
1955	0
1956	-1
1957	0
1958	-1
1959	0
1960	-1
1961	0
1962	-1
1963	0
1964	-1
1965	0
1966	-1
1967	0
1968	0
1969	0
1970	0
1971	0
1972	-1
1973	0
1974	0
1975	1
1976	0
1977	0
1978	0
1979	0
1980	0
1981	0
1982	0
1983	1
1984	0
1985	0
1986	0
1987	1
1988	0
1989	0
1990	0
1991	1
1992	0
1993	1
1994	0
1995	0
1996	0
1997	1
1998	0
1999	1
