0	-1
1	0
2	0
3	0
4	0
5	0
6	0
7	0
8	0
9	0
10	1
11	0
12	0
13	0
14	0
15	0
16	0
17	0
18	0
19	0
20	0
21	0
22	0
23	0
24	0
25	0
26	0
27	0
28	0
29	0
30	0
31	0
32	0
33	0
34	0
35	0
36	0
37	0
38	-1
39	0
40	-1
41	0
42	-1
43	-1
44	-2
45	-1
46	-1
47	-1
48	0
49	-1
50	-2
51	-1
52	-1
53	0
54	-2
55	0
56	-1
57	0
58	-1
59	0
60	-1
61	0
62	0
63	0
64	-1
65	0
66	0
67	0
68	0
69	0
70	0
71	0
72	0
73	1
74	0
75	0
76	0
77	0
78	0
79	0
80	0
81	0
82	0
83	0
84	0
85	0
86	0
87	0
88	0
89	0
90	0
91	0
92	0
93	0
94	0
95	0
96	0
97	0
98	0
99	0
100	0
101	0
102	0
103	0
104	0
105	0
106	0
107	0
108	0
109	0
110	0
111	0
112	0
113	0
114	0
115	0
116	0
117	0
118	0
119	0
120	0
121	0
122	0
123	0
124	0
125	0
126	0
127	0
128	0
129	0
130	0
131	0
132	0
133	0
134	0
135	0
136	0
137	0
138	0
139	0
140	0
141	0
142	0
143	0
144	-1
145	0
146	0
147	0
148	0
149	0
150	0
151	0
152	0
153	0
154	0
155	0
156	-1
157	0
158	0
159	0
160	0
161	0
162	0
163	0
164	0
165	0
166	0
167	0
168	0
169	0
170	0
171	0
172	0
173	0
174	0
175	0
176	0
177	0
178	0
179	0
180	0
181	0
182	0
183	0
184	0
185	0
186	-1
187	0
188	0
189	0
190	0
191	0
192	0
193	0
194	0
195	0
196	0
197	0
198	0
199	0
200	0
201	0
202	0
203	0
204	0
205	0
206	0
207	0
208	0
209	0
210	0
211	0
212	0
213	0
214	0
215	0
216	0
217	1
218	0
219	0
220	0
221	0
222	0
223	0
224	0
225	0
226	0
227	0
228	0
229	1
230	0
231	0
232	0
233	0
234	0
235	0
236	0
237	0
238	-1
239	0
240	0
241	0
242	0
243	0
244	0
245	0
246	0
247	0
248	-1
249	-1
250	-1
251	0
252	-1
253	0
254	-1
255	0
256	-1
257	-1
258	-1
259	-1
260	-1
261	0
262	-1
263	0
264	0
265	0
266	0
267	0
268	0
269	0
270	0
271	0
272	0
273	0
274	0
275	0
276	0
277	0
278	0
279	0
280	0
281	1
282	0
283	1
284	0
285	1
286	0
287	0
288	0
289	0
290	0
291	0
292	0
293	0
294	0
295	0
296	0
297	0
298	0
299	0
300	-1
301	0
302	0
303	0
304	0
305	0
306	0
307	0
308	-1
309	0
310	0
311	0
312	0
313	0
314	0
315	0
316	0
317	0
318	0
319	0
320	-1
321	-1
322	0
323	-1
324	0
325	0
326	0
327	0
328	0
329	0
330	0
331	0
332	0
333	0
334	0
335	0
336	-1
337	0
338	0
339	0
340	0
341	0
342	0
343	0
344	-1
345	0
346	0
347	1
348	0
349	1
350	0
351	1
352	0
353	0
354	0
355	0
356	0
357	0
358	0
359	0
360	0
361	0
362	0
363	0
364	0
365	0
366	0
367	0
368	0
369	0
370	-1
371	0
372	0
373	0
374	0
375	0
376	-1
377	0
378	0
379	0
380	0
381	0
382	0
383	0
384	0
385	0
386	0
387	0
388	0
389	0
390	0
391	0
392	0
393	0
394	0
395	0
396	0
397	0
398	0
399	0
400	0
401	0
402	0
403	0
404	-1
405	0
406	0
407	0
408	0
409	0
410	0
411	0
412	0
413	0
414	0
415	1
416	0
417	1
418	0
419	0
420	0
421	0
422	0
423	0
424	0
425	0
426	-1
427	0
428	0
429	1
430	0
431	0
432	0
433	1
434	2
435	2
436	5
437	8
438	9
439	13
440	15
441	17
442	20
443	24
444	28
445	33
446	35
447	40
448	45
449	49
450	54
451	59
452	62
453	66
454	69
455	77
456	78
457	83
458	87
459	91
460	95
461	99
462	100
463	105
464	107
465	111
466	112
467	115
468	116
469	119
470	121
471	124
472	123
473	124
474	122
475	125
476	125
477	125
478	123
479	124
480	120
481	120
482	117
483	118
484	116
485	114
486	110
487	109
488	104
489	104
490	101
491	99
492	92
493	93
494	89
495	87
496	81
497	79
498	78
499	78
500	62
501	65
502	62
503	62
504	53
505	52
506	49
507	48
508	44
509	39
510	35
511	34
512	30
513	28
514	23
515	22
516	19
517	19
518	13
519	12
520	9
521	6
522	4
523	4
524	0
525	0
526	-4
527	-6
528	-8
529	-8
530	-10
531	-11
532	-14
533	-15
534	-17
535	-17
536	-20
537	-20
538	-21
539	-22
540	-24
541	-25
542	-26
543	-25
544	-25
545	-26
546	-26
547	-28
548	-28
549	-27
550	-29
551	-30
552	-30
553	-29
554	-30
555	-30
556	-31
557	-30
558	-31
559	-32
560	-32
561	-32
562	-32
563	-30
564	-31
565	-30
566	-30
567	-31
568	-31
569	-30
570	-31
571	-31
572	-32
573	-30
574	-31
575	-29
576	-31
577	-30
578	-30
579	-28
580	-29
581	-28
582	-29
583	-27
584	-29
585	-27
586	-28
587	-27
588	-27
589	-27
590	-26
591	-26
592	-26
593	-25
594	-26
595	-26
596	-26
597	-25
598	-25
599	-25
600	-24
601	-23
602	-23
603	-23
604	-23
605	-21
606	-22
607	-20
608	-21
609	-20
610	-19
611	-19
612	-18
613	-19
614	-19
615	-19
616	-18
617	-17
618	-18
619	-17
620	-16
621	-17
622	-16
623	-17
624	-17
625	-15
626	-16
627	-14
628	-16
629	-15
630	-15
631	-15
632	-15
633	-15
634	-14
635	-14
636	-15
637	-14
638	-15
639	-13
640	-14
641	-13
642	-14
643	-12
644	-13
645	-12
646	-13
647	-13
648	-13
649	-12
650	-13
651	-12
652	-13
653	-12
654	-14
655	-13
656	-13
657	-13
658	-13
659	-12
660	-12
661	-12
662	-11
663	-12
664	-11
665	-10
666	-11
667	-10
668	-11
669	-9
670	-10
671	-10
672	-11
673	-8
674	-10
675	-8
676	-10
677	-7
678	-9
679	-6
680	-9
681	-8
682	-8
683	-6
684	-9
685	-6
686	-7
687	-5
688	-7
689	-6
690	-5
691	-6
692	-7
693	-4
694	-5
695	-4
696	-6
697	-4
698	-7
699	-4
700	-5
701	-4
702	-7
703	-3
704	-6
705	-4
706	-5
707	-3
708	-6
709	-4
710	-4
711	-4
712	-4
713	-4
714	-6
715	-4
716	-4
717	-4
718	-4
719	-4
720	-5
721	-5
722	-4
723	-4
724	-4
725	-4
726	-4
727	-3
728	-4
729	-4
730	-3
731	-3
732	-4
733	-2
734	-4
735	-2
736	-3
737	-2
738	-3
739	-2
740	-4
741	-2
742	-2
743	-1
744	-2
745	-2
746	-3
747	0
748	-3
749	0
750	-2
751	-2
752	-2
753	-1
754	-2
755	-2
756	-1
757	-1
758	-2
759	-2
760	-2
761	-1
762	-4
763	-3
764	-4
765	-3
766	-4
767	-3
768	-4
769	-3
770	-3
771	-2
772	-4
773	-2
774	-4
775	-2
776	-4
777	-3
778	-3
779	-4
780	-4
781	-3
782	-4
783	-4
784	-3
785	-3
786	-3
787	-3
788	-2
789	-2
790	-3
791	-3
792	-3
793	-2
794	-2
795	-1
796	-1
797	-1
798	0
799	0
800	-1
801	-1
802	-1
803	-1
804	0
805	-1
806	-1
807	-1
808	-1
809	-1
810	-1
811	-1
812	-1
813	-2
814	-3
815	-1
816	-1
817	-2
818	-2
819	0
820	-2
821	-1
822	0
823	-2
824	-2
825	-1
826	-3
827	-1
828	-2
829	-2
830	0
831	-1
832	-1
833	-1
834	-1
835	-2
836	-2
837	0
838	-1
839	-1
840	0
841	-1
842	0
843	0
844	0
845	0
846	-1
847	-1
848	0
849	0
850	0
851	0
852	0
853	-1
854	0
855	0
856	-1
857	0
858	0
859	0
860	-1
861	0
862	0
863	0
864	-1
865	0
866	0
867	0
868	0
869	0
870	-1
871	0
872	-2
873	-1
874	-1
875	0
876	-1
877	-1
878	-1
879	-1
880	-1
881	-1
882	0
883	-2
884	-1
885	-1
886	-1
887	-2
888	-1
889	-1
890	-2
891	-1
892	-1
893	-2
894	-2
895	0
896	-2
897	-1
898	-1
899	0
900	-2
901	0
902	-1
903	0
904	-1
905	-1
906	-1
907	0
908	0
909	-1
910	-1
911	0
912	0
913	0
914	-1
915	0
916	-1
917	0
918	0
919	0
920	0
921	0
922	-1
923	0
924	-1
925	0
926	0
927	0
928	0
929	0
930	0
931	0
932	0
933	-1
934	0
935	0
936	0
937	0
938	0
939	0
940	-1
941	0
942	0
943	0
944	0
945	0
946	0
947	0
948	-1
949	0
950	-1
951	0
952	-1
953	0
954	-1
955	0
956	-1
957	0
958	-1
959	0
960	-1
961	-1
962	-1
963	0
964	-1
965	-1
966	-3
967	-1
968	-2
969	-1
970	-1
971	-2
972	0
973	-1
974	0
975	-1
976	0
977	0
978	0
979	0
980	0
981	0
982	0
983	0
984	0
985	0
986	0
987	1
988	0
989	0
990	0
991	0
992	-1
993	0
994	0
995	0
996	0
997	0
998	-2
999	-1
1000	-2
1001	-2
1002	-3
1003	-2
1004	-2
1005	-2
1006	-2
1007	-2
1008	-2
1009	-1
1010	-2
1011	-1
1012	-4
1013	-1
1014	-3
1015	-2
1016	-2
1017	-1
1018	-3
1019	0
1020	-2
1021	-1
1022	-1
1023	0
1024	0
1025	0
1026	0
1027	0
1028	0
1029	0
1030	0
1031	0
1032	0
1033	1
1034	1
1035	1
1036	0
1037	2
1038	0
1039	2
1040	1
1041	3
1042	1
1043	2
1044	2
1045	2
1046	2
1047	2
1048	2
1049	2
1050	1
1051	2
1052	2
1053	1
1054	1
1055	2
1056	0
1057	2
1058	0
1059	2
1060	0
1061	1
1062	0
1063	0
1064	0
1065	0
1066	0
1067	1
1068	0
1069	1
1070	0
1071	0
1072	0
1073	0
1074	0
1075	0
1076	0
1077	0
1078	0
1079	0
1080	0
1081	0
1082	0
1083	0
1084	0
1085	0
1086	0
1087	0
1088	0
1089	0
1090	0
1091	0
1092	0
1093	0
1094	0
1095	0
1096	0
1097	0
1098	0
1099	0
1100	0
1101	0
1102	0
1103	0
1104	0
1105	0
1106	0
1107	0
1108	0
1109	-1
1110	-1
1111	-1
1112	-1
1113	0
1114	-2
1115	0
1116	-1
1117	0
1118	-1
1119	0
1120	-1
1121	-1
1122	0
1123	0
1124	-1
1125	0
1126	-1
1127	0
1128	-2
1129	-1
1130	-1
1131	-2
1132	-2
1133	-2
1134	-2
1135	-2
1136	-3
1137	-1
1138	-2
1139	-2
1140	-3
1141	-3
1142	-2
1143	-1
1144	-2
1145	-1
1146	-1
1147	-1
1148	-1
1149	-1
1150	-1
1151	-1
1152	-1
1153	-1
1154	-1
1155	-1
1156	-1
1157	-1
1158	-1
1159	0
1160	0
1161	0
1162	-1
1163	0
1164	-2
1165	0
1166	-2
1167	-1
1168	-1
1169	-1
1170	-1
1171	0
1172	0
1173	-1
1174	0
1175	-1
1176	-1
1177	-1
1178	-2
1179	-1
1180	-1
1181	-2
1182	-1
1183	-1
1184	-2
1185	-1
1186	-1
1187	0
1188	0
1189	0
1190	0
1191	0
1192	0
1193	0
1194	0
1195	0
1196	0
1197	-1
1198	0
1199	0
1200	-1
1201	0
1202	0
1203	0
1204	0
1205	0
1206	0
1207	0
1208	0
1209	0
1210	0
1211	0
1212	0
1213	0
1214	0
1215	0
1216	0
1217	0
1218	0
1219	0
1220	-1
1221	-1
1222	-1
1223	0
1224	0
1225	-1
1226	-1
1227	-1
1228	-1
1229	0
1230	-1
1231	-1
1232	-1
1233	-1
1234	-1
1235	-1
1236	-1
1237	0
1238	-1
1239	-2
1240	-1
1241	-2
1242	0
1243	-1
1244	-1
1245	0
1246	-1
1247	0
1248	0
1249	0
1250	0
1251	0
1252	0
1253	0
1254	0
1255	0
1256	0
1257	1
1258	1
1259	0
1260	2
1261	2
1262	1
1263	2
1264	2
1265	2
1266	1
1267	3
1268	1
1269	3
1270	3
1271	3
1272	3
1273	4
1274	2
1275	4
1276	3
1277	4
1278	4
1279	4
1280	4
1281	4
1282	4
1283	5
1284	5
1285	4
1286	4
1287	4
1288	5
1289	4
1290	5
1291	4
1292	3
1293	5
1294	5
1295	5
1296	4
1297	4
1298	4
1299	5
1300	4
1301	4
1302	4
1303	4
1304	3
1305	3
1306	3
1307	3
1308	3
1309	2
1310	1
1311	1
1312	1
1313	2
1314	0
1315	1
1316	0
1317	0
1318	0
1319	2
1320	0
1321	1
1322	0
1323	0
1324	0
1325	0
1326	-1
1327	0
1328	-1
1329	0
1330	0
1331	0
1332	-1
1333	0
1334	0
1335	0
1336	0
1337	0
1338	-1
1339	0
1340	-2
1341	-2
1342	-1
1343	-1
1344	-1
1345	-1
1346	-3
1347	-1
1348	-3
1349	-2
1350	-3
1351	-3
1352	-2
1353	-3
1354	-3
1355	-4
1356	-3
1357	-3
1358	-4
1359	-3
1360	-4
1361	-4
1362	-4
1363	-3
1364	-4
1365	-3
1366	-4
1367	-3
1368	-4
1369	-2
1370	-3
1371	-1
1372	-2
1373	-2
1374	-2
1375	-2
1376	-2
1377	-2
1378	-3
1379	-1
1380	-3
1381	-2
1382	-3
1383	-2
1384	-3
1385	-1
1386	-3
1387	-1
1388	-3
1389	-2
1390	-2
1391	-2
1392	-2
1393	-3
1394	-4
1395	-2
1396	-3
1397	-3
1398	-2
1399	-1
1400	-2
1401	-2
1402	-1
1403	-1
1404	-2
1405	-1
1406	-2
1407	0
1408	-2
1409	-1
1410	-1
1411	-1
1412	-1
1413	0
1414	-1
1415	0
1416	-1
1417	0
1418	-1
1419	0
1420	0
1421	0
1422	-1
1423	0
1424	0
1425	0
1426	-1
1427	-1
1428	-2
1429	-1
1430	-1
1431	-1
1432	-1
1433	-1
1434	-1
1435	-2
1436	-1
1437	-1
1438	-1
1439	-1
1440	-1
1441	-1
1442	-1
1443	-1
1444	-2
1445	-1
1446	-1
1447	0
1448	-1
1449	0
1450	0
1451	0
1452	-1
1453	0
1454	-1
1455	0
1456	-1
1457	0
1458	-1
1459	-1
1460	-1
1461	-1
1462	-1
1463	0
1464	-1
1465	0
1466	0
1467	0
1468	-1
1469	0
1470	-1
1471	-1
1472	0
1473	-1
1474	-1
1475	0
1476	-2
1477	-1
1478	-2
1479	0
1480	-2
1481	0
1482	-1
1483	0
1484	-1
1485	-1
1486	-1
1487	0
1488	-1
1489	-1
1490	-2
1491	-1
1492	-1
1493	-1
1494	-3
1495	0
1496	-2
1497	-1
1498	-1
1499	-2
1500	-2
1501	0
1502	-1
1503	0
1504	0
1505	0
1506	-1
1507	0
1508	-2
1509	0
1510	0
1511	0
1512	0
1513	0
1514	0
1515	0
1516	0
1517	0
1518	-1
1519	0
1520	0
1521	0
1522	-1
1523	0
1524	0
1525	0
1526	0
1527	0
1528	0
1529	0
1530	-1
1531	0
1532	0
1533	0
1534	-1
1535	0
1536	-1
1537	0
1538	-1
1539	0
1540	0
1541	0
1542	0
1543	0
1544	0
1545	0
1546	0
1547	0
1548	-1
1549	0
1550	-1
1551	0
1552	0
1553	0
1554	-1
1555	-1
1556	-1
1557	0
1558	-2
1559	-1
1560	-2
1561	-1
1562	-2
1563	-2
1564	-1
1565	-1
1566	-2
1567	-2
1568	-1
1569	-1
1570	-1
1571	0
1572	-1
1573	0
1574	-1
1575	0
1576	0
1577	0
1578	0
1579	0
1580	0
1581	0
1582	0
1583	1
1584	0
1585	0
1586	0
1587	1
1588	0
1589	1
1590	0
1591	0
1592	1
1593	0
1594	1
1595	0
1596	0
1597	1
1598	0
1599	2
1600	1
1601	0
1602	1
1603	0
1604	0
1605	1
1606	1
1607	1
1608	1
1609	2
1610	2
1611	1
1612	1
1613	1
1614	1
1615	2
1616	2
1617	2
1618	1
1619	2
1620	1
1621	2
1622	1
1623	2
1624	2
1625	2
1626	2
1627	2
1628	1
1629	1
1630	1
1631	2
1632	1
1633	2
1634	0
1635	1
1636	0
1637	1
1638	1
1639	2
1640	1
1641	1
1642	0
1643	1
1644	0
1645	1
1646	1
1647	0
1648	0
1649	0
1650	0
1651	0
1652	0
1653	-1
1654	0
1655	0
1656	0
1657	-1
1658	-1
1659	0
1660	-1
1661	0
1662	-2
1663	0
1664	-2
1665	0
1666	-1
1667	-1
1668	-1
1669	0
1670	-1
1671	0
1672	0
1673	0
1674	0
1675	0
1676	0
1677	0
1678	1
1679	1
1680	0
1681	1
1682	1
1683	1
1684	2
1685	1
1686	3
1687	1
1688	2
1689	3
1690	3
1691	3
1692	3
1693	2
1694	2
1695	1
1696	3
1697	1
1698	2
1699	1
1700	1
1701	1
1702	0
1703	1
1704	1
1705	2
1706	0
1707	1
1708	0
1709	1
1710	0
1711	1
1712	0
1713	0
1714	0
1715	0
1716	0
1717	0
1718	-1
1719	0
1720	-1
1721	0
1722	-1
1723	0
1724	-1
1725	0
1726	-1
1727	0
1728	0
1729	0
1730	-1
1731	0
1732	0
1733	0
1734	0
1735	0
1736	0
1737	-1
1738	-1
1739	-1
1740	-1
1741	-1
1742	-2
1743	-1
1744	-2
1745	-1
1746	-2
1747	-1
1748	-2
1749	-1
1750	-3
1751	-1
1752	-2
1753	-2
1754	-1
1755	-1
1756	-1
1757	-1
1758	-2
1759	-1
1760	-1
1761	-2
1762	-1
1763	-1
1764	-2
1765	-2
1766	-2
1767	0
1768	-1
1769	-1
1770	-2
1771	-2
1772	-1
1773	-1
1774	-1
1775	-1
1776	-2
1777	0
1778	-2
1779	-1
1780	-1
1781	-1
1782	-1
1783	-1
1784	-1
1785	0
1786	-1
1787	0
1788	0
1789	-1
1790	-2
1791	-1
1792	-1
1793	-1
1794	-2
1795	-1
1796	-2
1797	0
1798	-1
1799	0
1800	-1
1801	-1
1802	-2
1803	-1
1804	-1
1805	-1
1806	-2
1807	0
1808	-1
1809	-1
1810	-1
1811	0
1812	-1
1813	0
1814	0
1815	-1
1816	0
1817	0
1818	0
1819	-1
1820	0
1821	0
1822	-1
1823	-2
1824	0
1825	-1
1826	0
1827	-1
1828	0
1829	-1
1830	-1
1831	0
1832	-1
1833	0
1834	0
1835	0
1836	-1
1837	-1
1838	-1
1839	0
1840	-2
1841	-1
1842	0
1843	0
1844	-2
1845	-1
1846	-1
1847	-1
1848	-1
1849	0
1850	-1
1851	-1
1852	-1
1853	-1
1854	-1
1855	0
1856	-2
1857	-1
1858	-2
1859	-1
1860	-2
1861	-1
1862	-2
1863	-1
1864	-2
1865	-1
1866	-1
1867	-1
1868	-2
1869	0
1870	-1
1871	-1
1872	0
1873	-1
1874	0
1875	0
1876	0
1877	-1
1878	-1
1879	0
1880	0
1881	0
1882	0
1883	-1
1884	-1
1885	-1
1886	-1
1887	-1
1888	0
1889	-1
1890	-1
1891	-1
1892	-1
1893	-1
1894	0
1895	0
1896	0
1897	-1
1898	0
1899	-1
1900	-1
1901	-1
1902	-1
1903	0
1904	-1
1905	-1
1906	-1
1907	0
1908	-2
1909	0
1910	-1
1911	0
1912	-1
1913	0
1914	-1
1915	-1
1916	-1
1917	0
1918	-1
1919	-1
1920	-1
1921	0
1922	0
1923	0
1924	0
1925	0
1926	-1
1927	0
1928	0
1929	0
1930	0
1931	0
1932	0
1933	0
1934	0
1935	1
1936	0
1937	0
1938	0
1939	0
1940	0
1941	0
1942	0
1943	1
1944	1
1945	0
1946	0
1947	0
1948	0
1949	1
1950	0
1951	0
1952	0
1953	0
1954	0
1955	0
1956	0
1957	0
1958	0
1959	-1
1960	-1
1961	0
1962	0
1963	0
1964	-1
1965	0
1966	0
1967	0
1968	-1
1969	-1
1970	-1
1971	-1
1972	-1
1973	-2
1974	-2
1975	0
1976	-1
1977	0
1978	-1
1979	0
1980	-1
1981	0
1982	0
1983	0
1984	-1
1985	0
1986	0
1987	-1
1988	-1
1989	-1
1990	0
1991	0
1992	0
1993	0
1994	-1
1995	0
1996	0
1997	0
1998	0
1999	0
