0	0
1	0
2	0
3	0
4	0
5	0
6	0
7	0
8	0
9	0
10	0
11	0
12	0
13	0
14	0
15	0
16	0
17	0
18	0
19	0
20	0
21	0
22	0
23	0
24	0
25	0
26	0
27	0
28	0
29	-1
30	-2
31	-1
32	0
33	0
34	-1
35	0
36	0
37	0
38	0
39	-1
40	-1
41	-1
42	-1
43	0
44	-1
45	-1
46	0
47	-1
48	-1
49	0
50	-1
51	-1
52	-2
53	0
54	0
55	0
56	-1
57	-1
58	0
59	0
60	-1
61	0
62	0
63	0
64	0
65	0
66	0
67	0
68	1
69	0
70	1
71	1
72	1
73	1
74	1
75	0
76	2
77	1
78	1
79	1
80	1
81	1
82	1
83	0
84	1
85	0
86	1
87	0
88	0
89	1
90	0
91	0
92	0
93	1
94	0
95	1
96	0
97	0
98	0
99	0
100	0
101	0
102	0
103	0
104	0
105	0
106	0
107	0
108	0
109	0
110	0
111	0
112	0
113	0
114	0
115	0
116	0
117	0
118	0
119	0
120	0
121	0
122	0
123	0
124	0
125	0
126	0
127	0
128	-1
129	0
130	0
131	0
132	-1
133	0
134	-2
135	-1
136	-1
137	-1
138	-1
139	-1
140	0
141	-1
142	0
143	0
144	0
145	-1
146	-1
147	0
148	0
149	0
150	0
151	0
152	0
153	0
154	0
155	0
156	0
157	0
158	0
159	0
160	0
161	0
162	0
163	1
164	0
165	0
166	0
167	0
168	0
169	0
170	0
171	0
172	0
173	0
174	0
175	0
176	0
177	0
178	0
179	0
180	0
181	0
182	0
183	0
184	0
185	0
186	0
187	0
188	-1
189	0
190	0
191	0
192	0
193	0
194	0
195	0
196	0
197	1
198	0
199	0
200	0
201	0
202	0
203	1
204	0
205	0
206	0
207	0
208	0
209	0
210	0
211	0
212	0
213	0
214	0
215	0
216	0
217	0
218	0
219	0
220	0
221	0
222	0
223	0
224	0
225	0
226	0
227	0
228	0
229	0
230	0
231	0
232	0
233	0
234	0
235	0
236	0
237	0
238	0
239	0
240	0
241	0
242	0
243	0
244	0
245	0
246	0
247	0
248	0
249	0
250	0
251	0
252	0
253	0
254	0
255	1
256	0
257	0
258	0
259	0
260	1
261	0
262	0
263	0
264	0
265	0
266	0
267	0
268	0
269	0
270	0
271	0
272	0
273	0
274	0
275	0
276	0
277	0
278	0
279	0
280	0
281	0
282	0
283	0
284	0
285	0
286	0
287	0
288	0
289	0
290	0
291	0
292	0
293	0
294	0
295	0
296	0
297	0
298	0
299	0
300	0
301	0
302	0
303	0
304	0
305	0
306	0
307	0
308	0
309	0
310	0
311	0
312	0
313	0
314	-1
315	0
316	0
317	0
318	0
319	0
320	0
321	0
322	0
323	0
324	0
325	0
326	0
327	0
328	0
329	0
330	0
331	0
332	0
333	0
334	0
335	0
336	0
337	0
338	0
339	1
340	0
341	0
342	0
343	1
344	0
345	0
346	0
347	0
348	0
349	1
350	1
351	1
352	1
353	1
354	0
355	0
356	0
357	0
358	0
359	1
360	0
361	0
362	0
363	0
364	0
365	-1
366	0
367	0
368	0
369	0
370	0
371	0
372	0
373	0
374	0
375	0
376	0
377	0
378	0
379	0
380	0
381	0
382	0
383	0
384	0
385	0
386	0
387	0
388	0
389	0
390	0
391	0
392	0
393	1
394	0
395	0
396	0
397	0
398	0
399	0
400	0
401	0
402	0
403	0
404	0
405	0
406	0
407	0
408	0
409	0
410	-1
411	0
412	0
413	0
414	0
415	0
416	0
417	0
418	0
419	0
420	-1
421	0
422	0
423	0
424	0
425	0
426	0
427	0
428	0
429	0
430	0
431	0
432	0
433	1
434	0
435	0
436	0
437	0
438	0
439	0
440	0
441	1
442	0
443	2
444	1
445	1
446	2
447	2
448	1
449	4
450	3
451	5
452	7
453	11
454	12
455	17
456	16
457	21
458	22
459	27
460	29
461	36
462	38
463	42
464	44
465	47
466	50
467	54
468	57
469	61
470	64
471	67
472	70
473	72
474	74
475	77
476	78
477	80
478	81
479	82
480	84
481	85
482	85
483	86
484	87
485	88
486	86
487	87
488	85
489	85
490	83
491	83
492	80
493	81
494	78
495	78
496	77
497	77
498	77
499	78
500	62
501	68
502	64
503	64
504	62
505	63
506	58
507	57
508	53
509	53
510	51
511	49
512	48
513	46
514	43
515	41
516	38
517	38
518	37
519	35
520	33
521	30
522	27
523	28
524	22
525	24
526	22
527	21
528	20
529	19
530	17
531	17
532	11
533	13
534	10
535	9
536	8
537	6
538	5
539	6
540	4
541	4
542	2
543	4
544	0
545	1
546	0
547	-1
548	-3
549	-2
550	-4
551	-3
552	-5
553	-3
554	-7
555	-5
556	-6
557	-9
558	-8
559	-9
560	-10
561	-8
562	-10
563	-10
564	-12
565	-12
566	-12
567	-11
568	-11
569	-11
570	-11
571	-11
572	-13
573	-12
574	-13
575	-12
576	-14
577	-13
578	-14
579	-13
580	-14
581	-12
582	-14
583	-13
584	-14
585	-13
586	-14
587	-15
588	-13
589	-13
590	-13
591	-13
592	-13
593	-13
594	-13
595	-14
596	-14
597	-13
598	-14
599	-14
600	-13
601	-14
602	-13
603	-12
604	-13
605	-13
606	-13
607	-13
608	-14
609	-13
610	-13
611	-13
612	-13
613	-12
614	-12
615	-13
616	-13
617	-12
618	-13
619	-11
620	-11
621	-11
622	-12
623	-11
624	-11
625	-10
626	-12
627	-9
628	-11
629	-10
630	-11
631	-10
632	-11
633	-10
634	-11
635	-10
636	-11
637	-8
638	-10
639	-9
640	-11
641	-8
642	-9
643	-7
644	-8
645	-8
646	-7
647	-7
648	-7
649	-5
650	-6
651	-5
652	-6
653	-5
654	-5
655	-5
656	-5
657	-4
658	-4
659	-4
660	-4
661	-3
662	-4
663	-3
664	-4
665	-3
666	-4
667	-2
668	-3
669	-2
670	-4
671	-2
672	-5
673	-2
674	-4
675	-2
676	-4
677	-1
678	-4
679	-1
680	-3
681	-3
682	-1
683	-3
684	-3
685	-2
686	-2
687	-1
688	-2
689	-2
690	-3
691	-2
692	-3
693	-2
694	-2
695	-2
696	-2
697	-2
698	-1
699	-2
700	-3
701	-3
702	-4
703	-3
704	-2
705	-2
706	-1
707	-1
708	-3
709	-3
710	-3
711	-2
712	-2
713	-2
714	-2
715	-1
716	-3
717	-2
718	-1
719	-2
720	-3
721	-2
722	-2
723	-1
724	-2
725	-1
726	-2
727	-2
728	-2
729	-2
730	-3
731	-1
732	-2
733	-2
734	-2
735	-2
736	-2
737	0
738	-1
739	0
740	-2
741	0
742	-1
743	-2
744	-1
745	0
746	-2
747	0
748	-2
749	-2
750	-1
751	-1
752	-1
753	-2
754	-1
755	-1
756	-1
757	-1
758	-1
759	0
760	-1
761	-2
762	-1
763	-2
764	0
765	0
766	-1
767	-1
768	-2
769	0
770	-1
771	0
772	0
773	-1
774	-1
775	0
776	0
777	0
778	0
779	0
780	0
781	0
782	0
783	-1
784	0
785	0
786	0
787	0
788	-2
789	0
790	-1
791	0
792	-1
793	-1
794	-1
795	0
796	-1
797	0
798	0
799	0
800	-2
801	-1
802	0
803	0
804	-2
805	0
806	-1
807	0
808	-1
809	0
810	-1
811	0
812	0
813	0
814	0
815	0
816	-1
817	0
818	0
819	0
820	0
821	0
822	0
823	0
824	0
825	0
826	0
827	0
828	0
829	-1
830	0
831	0
832	0
833	-1
834	-1
835	0
836	-1
837	-1
838	-1
839	0
840	-2
841	0
842	-1
843	-1
844	-2
845	-1
846	0
847	-1
848	0
849	-1
850	0
851	0
852	0
853	0
854	0
855	0
856	-1
857	0
858	0
859	0
860	0
861	0
862	0
863	0
864	0
865	0
866	0
867	0
868	0
869	0
870	0
871	0
872	0
873	0
874	0
875	0
876	0
877	0
878	0
879	0
880	0
881	0
882	0
883	0
884	0
885	-1
886	0
887	0
888	0
889	0
890	0
891	0
892	-1
893	0
894	0
895	0
896	0
897	-1
898	0
899	0
900	-1
901	-1
902	0
903	0
904	0
905	-1
906	0
907	0
908	-1
909	0
910	0
911	0
912	0
913	0
914	0
915	0
916	0
917	0
918	0
919	0
920	-1
921	0
922	0
923	0
924	0
925	0
926	-1
927	0
928	-1
929	0
930	0
931	0
932	0
933	0
934	0
935	0
936	0
937	0
938	-1
939	0
940	0
941	0
942	0
943	0
944	0
945	0
946	0
947	0
948	0
949	0
950	0
951	0
952	0
953	0
954	0
955	0
956	0
957	0
958	0
959	0
960	0
961	0
962	0
963	0
964	0
965	0
966	0
967	1
968	0
969	0
970	0
971	0
972	0
973	0
974	0
975	0
976	0
977	0
978	0
979	0
980	0
981	0
982	-1
983	0
984	-1
985	0
986	-1
987	0
988	-1
989	0
990	0
991	-1
992	-1
993	0
994	-1
995	0
996	-1
997	0
998	0
999	0
1000	0
1001	0
1002	0
1003	0
1004	0
1005	0
1006	0
1007	0
1008	0
1009	0
1010	0
1011	0
1012	0
1013	0
1014	0
1015	0
1016	0
1017	0
1018	0
1019	0
1020	0
1021	0
1022	0
1023	0
1024	0
1025	0
1026	0
1027	0
1028	0
1029	0
1030	0
1031	0
1032	0
1033	0
1034	0
1035	-1
1036	0
1037	0
1038	-1
1039	0
1040	0
1041	-1
1042	0
1043	-1
1044	0
1045	0
1046	0
1047	0
1048	-1
1049	0
1050	-1
1051	0
1052	0
1053	0
1054	0
1055	0
1056	0
1057	0
1058	1
1059	0
1060	1
1061	2
1062	0
1063	1
1064	1
1065	1
1066	1
1067	2
1068	2
1069	2
1070	1
1071	2
1072	2
1073	2
1074	2
1075	2
1076	1
1077	2
1078	2
1079	2
1080	2
1081	2
1082	1
1083	2
1084	1
1085	2
1086	1
1087	0
1088	1
1089	0
1090	0
1091	0
1092	0
1093	0
1094	0
1095	0
1096	0
1097	0
1098	0
1099	0
1100	0
1101	0
1102	0
1103	0
1104	0
1105	0
1106	0
1107	0
1108	0
1109	0
1110	0
1111	0
1112	0
1113	0
1114	1
1115	0
1116	0
1117	0
1118	0
1119	0
1120	0
1121	1
1122	0
1123	0
1124	0
1125	0
1126	-1
1127	0
1128	0
1129	0
1130	0
1131	0
1132	0
1133	0
1134	-1
1135	0
1136	-1
1137	-1
1138	-1
1139	-1
1140	-1
1141	0
1142	-1
1143	0
1144	0
1145	0
1146	0
1147	0
1148	0
1149	0
1150	0
1151	0
1152	0
1153	0
1154	0
1155	0
1156	0
1157	1
1158	0
1159	0
1160	0
1161	0
1162	0
1163	0
1164	0
1165	0
1166	0
1167	0
1168	0
1169	0
1170	0
1171	0
1172	0
1173	-1
1174	0
1175	0
1176	0
1177	0
1178	-1
1179	-1
1180	0
1181	0
1182	0
1183	-1
1184	0
1185	-2
1186	-1
1187	-1
1188	-1
1189	-1
1190	-1
1191	-1
1192	-1
1193	0
1194	-1
1195	0
1196	-1
1197	-1
1198	-1
1199	0
1200	-1
1201	-1
1202	0
1203	0
1204	0
1205	0
1206	0
1207	0
1208	0
1209	-1
1210	0
1211	0
1212	0
1213	0
1214	0
1215	0
1216	0
1217	0
1218	0
1219	0
1220	0
1221	0
1222	0
1223	0
1224	0
1225	0
1226	0
1227	0
1228	0
1229	0
1230	0
1231	0
1232	-1
1233	0
1234	-1
1235	0
1236	-1
1237	-1
1238	-1
1239	-1
1240	-1
1241	-1
1242	-1
1243	-1
1244	0
1245	-1
1246	0
1247	0
1248	0
1249	0
1250	0
1251	0
1252	0
1253	0
1254	0
1255	0
1256	0
1257	0
1258	0
1259	0
1260	0
1261	0
1262	0
1263	1
1264	0
1265	1
1266	0
1267	0
1268	0
1269	0
1270	0
1271	0
1272	0
1273	0
1274	0
1275	0
1276	0
1277	0
1278	0
1279	0
1280	-1
1281	0
1282	0
1283	-1
1284	-2
1285	-1
1286	-1
1287	0
1288	-1
1289	0
1290	-1
1291	0
1292	0
1293	0
1294	-1
1295	0
1296	0
1297	0
1298	0
1299	0
1300	0
1301	0
1302	0
1303	0
1304	0
1305	0
1306	0
1307	0
1308	0
1309	0
1310	0
1311	0
1312	0
1313	0
1314	0
1315	0
1316	0
1317	0
1318	0
1319	0
1320	-1
1321	0
1322	0
1323	-2
1324	0
1325	-1
1326	-1
1327	-1
1328	-1
1329	0
1330	-1
1331	0
1332	-1
1333	-1
1334	0
1335	-1
1336	-1
1337	-1
1338	-1
1339	0
1340	-1
1341	0
1342	-1
1343	0
1344	0
1345	0
1346	0
1347	0
1348	0
1349	0
1350	0
1351	0
1352	0
1353	0
1354	0
1355	0
1356	0
1357	0
1358	0
1359	0
1360	0
1361	0
1362	0
1363	0
1364	0
1365	0
1366	0
1367	0
1368	0
1369	0
1370	0
1371	0
1372	0
1373	0
1374	0
1375	0
1376	0
1377	0
1378	0
1379	0
1380	-1
1381	0
1382	0
1383	0
1384	0
1385	0
1386	0
1387	0
1388	0
1389	0
1390	0
1391	0
1392	0
1393	0
1394	0
1395	0
1396	0
1397	0
1398	0
1399	0
1400	0
1401	0
1402	0
1403	1
1404	0
1405	1
1406	0
1407	0
1408	1
1409	0
1410	0
1411	0
1412	0
1413	0
1414	0
1415	0
1416	0
1417	0
1418	0
1419	-1
1420	0
1421	-1
1422	0
1423	-1
1424	-1
1425	-1
1426	-1
1427	-1
1428	-1
1429	0
1430	-1
1431	0
1432	-1
1433	0
1434	-1
1435	-1
1436	0
1437	0
1438	0
1439	0
1440	0
1441	0
1442	0
1443	0
1444	0
1445	0
1446	0
1447	0
1448	0
1449	0
1450	0
1451	0
1452	-1
1453	0
1454	0
1455	0
1456	0
1457	0
1458	0
1459	0
1460	0
1461	0
1462	0
1463	0
1464	0
1465	0
1466	0
1467	0
1468	0
1469	0
1470	-1
1471	0
1472	0
1473	0
1474	-1
1475	0
1476	-1
1477	0
1478	0
1479	0
1480	0
1481	0
1482	0
1483	0
1484	0
1485	-1
1486	0
1487	0
1488	0
1489	0
1490	0
1491	0
1492	0
1493	0
1494	0
1495	0
1496	0
1497	0
1498	0
1499	0
1500	0
1501	0
1502	0
1503	0
1504	0
1505	0
1506	0
1507	0
1508	0
1509	0
1510	0
1511	0
1512	0
1513	0
1514	1
1515	0
1516	0
1517	0
1518	0
1519	0
1520	0
1521	0
1522	0
1523	0
1524	0
1525	0
1526	0
1527	0
1528	0
1529	0
1530	0
1531	0
1532	0
1533	0
1534	0
1535	0
1536	-1
1537	0
1538	0
1539	0
1540	0
1541	0
1542	0
1543	0
1544	0
1545	0
1546	0
1547	0
1548	0
1549	0
1550	0
1551	0
1552	-1
1553	0
1554	0
1555	0
1556	0
1557	0
1558	0
1559	0
1560	0
1561	0
1562	0
1563	0
1564	-1
1565	0
1566	0
1567	0
1568	0
1569	0
1570	0
1571	0
1572	0
1573	0
1574	-1
1575	0
1576	0
1577	0
1578	0
1579	0
1580	0
1581	0
1582	0
1583	0
1584	0
1585	1
1586	0
1587	0
1588	0
1589	0
1590	0
1591	0
1592	0
1593	0
1594	0
1595	0
1596	0
1597	0
1598	0
1599	0
1600	0
1601	0
1602	0
1603	0
1604	0
1605	0
1606	0
1607	0
1608	0
1609	0
1610	0
1611	0
1612	0
1613	0
1614	0
1615	0
1616	0
1617	0
1618	0
1619	0
1620	0
1621	0
1622	0
1623	0
1624	-1
1625	0
1626	0
1627	0
1628	0
1629	0
1630	0
1631	0
1632	0
1633	0
1634	0
1635	0
1636	0
1637	0
1638	0
1639	0
1640	0
1641	0
1642	0
1643	0
1644	0
1645	0
1646	0
1647	0
1648	0
1649	0
1650	0
1651	0
1652	0
1653	0
1654	0
1655	0
1656	0
1657	0
1658	0
1659	0
1660	0
1661	0
1662	0
1663	0
1664	0
1665	0
1666	0
1667	0
1668	0
1669	0
1670	0
1671	0
1672	0
1673	0
1674	0
1675	0
1676	0
1677	0
1678	0
1679	0
1680	0
1681	0
1682	0
1683	0
1684	0
1685	0
1686	0
1687	0
1688	0
1689	0
1690	0
1691	0
1692	0
1693	0
1694	-1
1695	0
1696	-1
1697	0
1698	0
1699	0
1700	0
1701	-1
1702	-1
1703	-1
1704	0
1705	0
1706	0
1707	0
1708	0
1709	0
1710	0
1711	0
1712	0
1713	0
1714	0
1715	0
1716	0
1717	0
1718	0
1719	0
1720	0
1721	1
1722	0
1723	1
1724	1
1725	0
1726	1
1727	2
1728	1
1729	2
1730	1
1731	1
1732	1
1733	1
1734	2
1735	2
1736	2
1737	2
1738	1
1739	1
1740	2
1741	2
1742	1
1743	1
1744	1
1745	0
1746	0
1747	2
1748	1
1749	0
1750	0
1751	0
1752	0
1753	1
1754	0
1755	1
1756	0
1757	0
1758	0
1759	1
1760	0
1761	1
1762	0
1763	1
1764	0
1765	0
1766	0
1767	0
1768	0
1769	0
1770	0
1771	0
1772	0
1773	0
1774	0
1775	0
1776	0
1777	0
1778	0
1779	0
1780	0
1781	0
1782	0
1783	0
1784	0
1785	0
1786	0
1787	0
1788	0
1789	-1
1790	0
1791	0
1792	0
1793	-1
1794	-1
1795	-2
1796	0
1797	0
1798	0
1799	0
1800	0
1801	-1
1802	0
1803	-1
1804	0
1805	0
1806	0
1807	0
1808	-1
1809	0
1810	0
1811	0
1812	0
1813	0
1814	0
1815	0
1816	-1
1817	0
1818	-1
1819	0
1820	0
1821	0
1822	0
1823	0
1824	0
1825	0
1826	0
1827	0
1828	0
1829	0
1830	0
1831	0
1832	-1
1833	0
1834	0
1835	-1
1836	0
1837	-1
1838	0
1839	0
1840	-1
1841	0
1842	-1
1843	0
1844	0
1845	0
1846	-1
1847	0
1848	-1
1849	0
1850	-1
1851	0
1852	-1
1853	0
1854	0
1855	0
1856	0
1857	0
1858	0
1859	0
1860	0
1861	0
1862	0
1863	0
1864	0
1865	0
1866	0
1867	0
1868	0
1869	0
1870	0
1871	0
1872	0
1873	0
1874	-1
1875	0
1876	-1
1877	0
1878	-1
1879	-1
1880	0
1881	-1
1882	-1
1883	-1
1884	-1
1885	-1
1886	-1
1887	-1
1888	-1
1889	-1
1890	-2
1891	-1
1892	-2
1893	0
1894	-1
1895	0
1896	-1
1897	0
1898	0
1899	0
1900	0
1901	0
1902	0
1903	0
1904	0
1905	0
1906	-1
1907	0
1908	0
1909	0
1910	0
1911	0
1912	0
1913	0
1914	0
1915	0
1916	0
1917	0
1918	0
1919	0
1920	0
1921	0
1922	0
1923	0
1924	0
1925	0
1926	-1
1927	0
1928	0
1929	0
1930	0
1931	0
1932	-1
1933	0
1934	0
1935	0
1936	0
1937	0
1938	0
1939	0
1940	0
1941	0
1942	0
1943	0
1944	0
1945	0
1946	0
1947	0
1948	0
1949	0
1950	0
1951	0
1952	0
1953	0
1954	-1
1955	0
1956	0
1957	0
1958	0
1959	0
1960	0
1961	0
1962	0
1963	0
1964	0
1965	0
1966	0
1967	0
1968	0
1969	0
1970	-1
1971	0
1972	0
1973	0
1974	-1
1975	0
1976	-1
1977	-1
1978	-1
1979	0
1980	-1
1981	0
1982	0
1983	0
1984	-1
1985	0
1986	0
1987	0
1988	-1
1989	0
1990	0
1991	0
1992	0
1993	0
1994	0
1995	0
1996	-1
1997	0
1998	0
1999	0
