0	0
1	0
2	0
3	0
4	0
5	0
6	0
7	0
8	0
9	0
10	0
11	0
12	0
13	0
14	0
15	0
16	0
17	0
18	0
19	0
20	0
21	0
22	0
23	0
24	0
25	0
26	0
27	0
28	0
29	0
30	0
31	0
32	0
33	0
34	0
35	0
36	0
37	0
38	0
39	0
40	0
41	0
42	0
43	0
44	0
45	0
46	0
47	0
48	0
49	0
50	0
51	0
52	0
53	0
54	0
55	1
56	0
57	0
58	0
59	0
60	0
61	0
62	0
63	0
64	0
65	0
66	0
67	0
68	0
69	0
70	0
71	0
72	0
73	0
74	0
75	1
76	0
77	1
78	0
79	1
80	0
81	0
82	0
83	0
84	0
85	0
86	0
87	1
88	0
89	0
90	0
91	0
92	0
93	0
94	0
95	0
96	0
97	0
98	0
99	0
100	0
101	0
102	-1
103	0
104	0
105	0
106	-1
107	-1
108	0
109	0
110	-1
111	0
112	0
113	0
114	0
115	0
116	0
117	0
118	0
119	0
120	0
121	0
122	0
123	0
124	0
125	1
126	0
127	0
128	0
129	0
130	0
131	0
132	-1
133	0
134	0
135	0
136	0
137	0
138	0
139	0
140	0
141	0
142	0
143	0
144	0
145	0
146	0
147	0
148	0
149	0
150	0
151	0
152	0
153	0
154	0
155	0
156	0
157	0
158	0
159	0
160	0
161	0
162	0
163	0
164	0
165	1
166	0
167	0
168	0
169	0
170	0
171	0
172	0
173	0
174	0
175	0
176	0
177	0
178	0
179	1
180	0
181	0
182	0
183	1
184	0
185	0
186	0
187	0
188	0
189	0
190	0
191	0
192	-1
193	0
194	0
195	0
196	0
197	0
198	0
199	0
200	0
201	0
202	0
203	0
204	0
205	0
206	0
207	0
208	0
209	0
210	0
211	0
212	0
213	0
214	0
215	0
216	0
217	0
218	0
219	0
220	-1
221	0
222	-1
223	0
224	-1
225	0
226	0
227	0
228	0
229	0
230	0
231	0
232	0
233	0
234	0
235	0
236	0
237	0
238	0
239	0
240	0
241	0
242	0
243	0
244	0
245	0
246	0
247	0
248	0
249	0
250	-1
251	0
252	-1
253	0
254	-1
255	0
256	0
257	0
258	0
259	1
260	0
261	0
262	0
263	0
264	0
265	0
266	0
267	0
268	0
269	0
270	0
271	0
272	0
273	0
274	0
275	0
276	0
277	0
278	-1
279	0
280	0
281	0
282	0
283	0
284	0
285	0
286	0
287	0
288	0
289	0
290	0
291	0
292	0
293	0
294	0
295	0
296	0
297	0
298	0
299	0
300	0
301	0
302	0
303	0
304	0
305	0
306	0
307	0
308	0
309	0
310	0
311	0
312	0
313	0
314	-1
315	0
316	0
317	0
318	0
319	1
320	0
321	0
322	0
323	1
324	0
325	0
326	0
327	0
328	0
329	0
330	-1
331	0
332	-1
333	0
334	0
335	0
336	0
337	0
338	-1
339	0
340	0
341	0
342	0
343	1
344	0
345	1
346	0
347	0
348	0
349	0
350	0
351	0
352	0
353	0
354	0
355	0
356	0
357	0
358	0
359	0
360	0
361	0
362	0
363	0
364	0
365	0
366	-1
367	0
368	0
369	0
370	0
371	0
372	0
373	0
374	-1
375	0
376	0
377	0
378	0
379	0
380	0
381	0
382	0
383	1
384	0
385	0
386	0
387	1
388	1
389	1
390	0
391	1
392	0
393	0
394	0
395	0
396	0
397	0
398	0
399	0
400	0
401	0
402	0
403	0
404	0
405	0
406	0
407	0
408	0
409	0
410	0
411	0
412	0
413	0
414	0
415	0
416	0
417	0
418	0
419	0
420	0
421	0
422	0
423	0
424	0
425	0
426	1
427	1
428	0
429	1
430	1
431	1
432	1
433	1
434	0
435	1
436	0
437	1
438	0
439	3
440	1
441	5
442	5
443	7
444	7
445	11
446	11
447	15
448	16
449	21
450	24
451	29
452	31
453	35
454	38
455	43
456	47
457	50
458	52
459	58
460	59
461	65
462	66
463	72
464	74
465	77
466	78
467	83
468	82
469	87
470	89
471	91
472	91
473	94
474	94
475	97
476	95
477	100
478	95
479	98
480	97
481	98
482	96
483	96
484	95
485	96
486	93
487	94
488	90
489	92
490	86
491	86
492	83
493	84
494	81
495	78
496	75
497	76
498	75
499	78
500	62
501	67
502	64
503	64
504	61
505	59
506	54
507	54
508	52
509	51
510	47
511	46
512	41
513	41
514	39
515	38
516	35
517	35
518	29
519	32
520	27
521	26
522	23
523	25
524	19
525	19
526	14
527	16
528	11
529	11
530	8
531	10
532	7
533	7
534	3
535	3
536	0
537	0
538	-1
539	-1
540	-4
541	-3
542	-5
543	-6
544	-7
545	-7
546	-9
547	-8
548	-10
549	-9
550	-13
551	-11
552	-13
553	-12
554	-16
555	-14
556	-16
557	-14
558	-16
559	-14
560	-15
561	-16
562	-17
563	-16
564	-17
565	-16
566	-18
567	-18
568	-18
569	-19
570	-20
571	-17
572	-21
573	-19
574	-20
575	-18
576	-21
577	-21
578	-20
579	-19
580	-19
581	-19
582	-20
583	-18
584	-19
585	-17
586	-20
587	-18
588	-19
589	-17
590	-19
591	-17
592	-18
593	-17
594	-18
595	-18
596	-17
597	-17
598	-18
599	-16
600	-17
601	-16
602	-17
603	-16
604	-17
605	-15
606	-16
607	-15
608	-16
609	-15
610	-15
611	-16
612	-16
613	-15
614	-16
615	-15
616	-16
617	-15
618	-16
619	-15
620	-16
621	-15
622	-16
623	-14
624	-15
625	-14
626	-15
627	-14
628	-15
629	-15
630	-15
631	-15
632	-15
633	-14
634	-15
635	-14
636	-14
637	-13
638	-15
639	-13
640	-14
641	-12
642	-13
643	-12
644	-14
645	-13
646	-13
647	-12
648	-13
649	-12
650	-13
651	-11
652	-12
653	-11
654	-12
655	-10
656	-11
657	-10
658	-13
659	-9
660	-11
661	-10
662	-11
663	-9
664	-11
665	-8
666	-11
667	-8
668	-12
669	-9
670	-9
671	-8
672	-9
673	-7
674	-7
675	-7
676	-9
677	-6
678	-8
679	-4
680	-6
681	-4
682	-5
683	-4
684	-4
685	-3
686	-6
687	-3
688	-6
689	-4
690	-5
691	-2
692	-5
693	-2
694	-5
695	-2
696	-5
697	-2
698	-5
699	-3
700	-5
701	-2
702	-6
703	-2
704	-5
705	-3
706	-4
707	-2
708	-4
709	-2
710	-3
711	-2
712	-3
713	-3
714	-2
715	-3
716	-2
717	-2
718	-3
719	-3
720	-2
721	-4
722	-3
723	-4
724	-3
725	-3
726	-3
727	-2
728	-3
729	-2
730	-4
731	-2
732	-2
733	-1
734	-4
735	-1
736	-3
737	-2
738	-2
739	-2
740	-3
741	-2
742	-2
743	-2
744	-1
745	-2
746	-3
747	-1
748	-3
749	-1
750	-3
751	-3
752	-2
753	-2
754	-3
755	-1
756	-4
757	-1
758	-4
759	-2
760	-3
761	-2
762	-2
763	-1
764	-1
765	0
766	-1
767	-1
768	-1
769	-1
770	0
771	0
772	-1
773	0
774	0
775	0
776	-1
777	0
778	-1
779	0
780	-2
781	-1
782	-1
783	0
784	-2
785	-1
786	0
787	-2
788	0
789	-1
790	-2
791	0
792	-2
793	-1
794	-1
795	0
796	-2
797	0
798	-2
799	0
800	-2
801	-1
802	-3
803	0
804	-2
805	0
806	-2
807	0
808	-1
809	0
810	-1
811	-1
812	-2
813	0
814	-1
815	0
816	-1
817	0
818	-1
819	0
820	-1
821	0
822	0
823	0
824	0
825	0
826	0
827	0
828	0
829	0
830	0
831	0
832	-1
833	0
834	0
835	0
836	0
837	0
838	-1
839	0
840	0
841	0
842	0
843	0
844	0
845	0
846	-1
847	0
848	-1
849	0
850	0
851	0
852	-1
853	0
854	-2
855	0
856	-1
857	0
858	0
859	0
860	0
861	0
862	0
863	-1
864	-1
865	0
866	-1
867	0
868	-1
869	0
870	-1
871	-1
872	0
873	-1
874	0
875	0
876	-2
877	0
878	0
879	0
880	0
881	0
882	-1
883	0
884	-1
885	0
886	-1
887	-1
888	-1
889	0
890	-2
891	0
892	0
893	0
894	-1
895	0
896	-2
897	0
898	-2
899	0
900	-1
901	0
902	-1
903	0
904	0
905	0
906	0
907	0
908	0
909	0
910	0
911	0
912	0
913	0
914	0
915	0
916	0
917	0
918	0
919	0
920	0
921	0
922	0
923	0
924	-1
925	0
926	0
927	0
928	0
929	0
930	0
931	0
932	0
933	0
934	0
935	0
936	-1
937	-1
938	0
939	0
940	0
941	0
942	0
943	0
944	0
945	0
946	0
947	0
948	0
949	0
950	0
951	0
952	0
953	0
954	0
955	0
956	0
957	0
958	0
959	0
960	0
961	0
962	0
963	0
964	0
965	0
966	0
967	0
968	0
969	0
970	0
971	-1
972	0
973	0
974	0
975	0
976	-1
977	0
978	-1
979	0
980	-2
981	0
982	0
983	0
984	0
985	0
986	-1
987	0
988	0
989	0
990	0
991	0
992	-2
993	0
994	-1
995	-1
996	-1
997	0
998	0
999	0
1000	-1
1001	0
1002	-2
1003	0
1004	-2
1005	0
1006	-2
1007	-1
1008	-1
1009	0
1010	-1
1011	0
1012	-2
1013	0
1014	-1
1015	0
1016	-1
1017	0
1018	-1
1019	0
1020	-2
1021	0
1022	-1
1023	0
1024	0
1025	0
1026	0
1027	0
1028	0
1029	0
1030	0
1031	0
1032	0
1033	0
1034	0
1035	0
1036	-1
1037	0
1038	-1
1039	0
1040	-1
1041	0
1042	0
1043	0
1044	0
1045	1
1046	0
1047	0
1048	0
1049	0
1050	0
1051	0
1052	0
1053	0
1054	0
1055	0
1056	0
1057	1
1058	0
1059	0
1060	0
1061	0
1062	0
1063	0
1064	0
1065	0
1066	0
1067	0
1068	-1
1069	0
1070	0
1071	0
1072	0
1073	0
1074	0
1075	0
1076	0
1077	0
1078	0
1079	-1
1080	-1
1081	0
1082	0
1083	0
1084	0
1085	0
1086	0
1087	0
1088	0
1089	0
1090	0
1091	0
1092	0
1093	0
1094	0
1095	0
1096	-1
1097	0
1098	-1
1099	-1
1100	0
1101	0
1102	-1
1103	0
1104	-1
1105	-1
1106	0
1107	0
1108	0
1109	0
1110	0
1111	0
1112	0
1113	0
1114	0
1115	0
1116	0
1117	0
1118	0
1119	0
1120	0
1121	0
1122	0
1123	0
1124	0
1125	0
1126	0
1127	0
1128	0
1129	0
1130	0
1131	2
1132	0
1133	0
1134	0
1135	1
1136	0
1137	1
1138	1
1139	1
1140	1
1141	1
1142	1
1143	2
1144	2
1145	2
1146	2
1147	1
1148	2
1149	3
1150	1
1151	3
1152	2
1153	3
1154	2
1155	2
1156	2
1157	2
1158	1
1159	1
1160	1
1161	1
1162	1
1163	1
1164	0
1165	2
1166	0
1167	1
1168	1
1169	1
1170	1
1171	1
1172	0
1173	1
1174	0
1175	0
1176	0
1177	0
1178	0
1179	0
1180	0
1181	0
1182	-1
1183	0
1184	-1
1185	0
1186	0
1187	0
1188	0
1189	1
1190	0
1191	0
1192	0
1193	0
1194	0
1195	0
1196	-1
1197	0
1198	0
1199	0
1200	0
1201	0
1202	0
1203	0
1204	0
1205	0
1206	-1
1207	0
1208	-1
1209	0
1210	-1
1211	0
1212	0
1213	0
1214	-1
1215	0
1216	-1
1217	0
1218	-1
1219	-1
1220	-2
1221	-1
1222	-2
1223	-1
1224	-2
1225	-1
1226	-1
1227	-1
1228	-2
1229	-1
1230	-2
1231	-1
1232	-3
1233	-1
1234	-1
1235	0
1236	-1
1237	-2
1238	-2
1239	0
1240	0
1241	0
1242	0
1243	0
1244	0
1245	0
1246	0
1247	0
1248	0
1249	0
1250	-1
1251	0
1252	0
1253	0
1254	0
1255	0
1256	0
1257	0
1258	0
1259	0
1260	0
1261	0
1262	0
1263	0
1264	0
1265	0
1266	0
1267	0
1268	0
1269	0
1270	0
1271	0
1272	0
1273	0
1274	0
1275	0
1276	0
1277	0
1278	0
1279	0
1280	0
1281	0
1282	-1
1283	0
1284	-1
1285	0
1286	-1
1287	0
1288	-1
1289	0
1290	-1
1291	0
1292	-1
1293	0
1294	0
1295	0
1296	0
1297	0
1298	-1
1299	0
1300	0
1301	0
1302	-1
1303	0
1304	-1
1305	-1
1306	-1
1307	0
1308	-1
1309	-1
1310	-1
1311	0
1312	-1
1313	-1
1314	-3
1315	0
1316	-2
1317	0
1318	-2
1319	0
1320	-1
1321	0
1322	-1
1323	0
1324	-1
1325	0
1326	0
1327	0
1328	-1
1329	0
1330	0
1331	0
1332	-1
1333	0
1334	-1
1335	0
1336	-2
1337	0
1338	-2
1339	0
1340	-3
1341	-1
1342	-2
1343	0
1344	-2
1345	-2
1346	-1
1347	-2
1348	-2
1349	0
1350	-1
1351	-1
1352	-1
1353	0
1354	0
1355	0
1356	-1
1357	0
1358	-3
1359	0
1360	-1
1361	0
1362	0
1363	0
1364	0
1365	0
1366	0
1367	0
1368	0
1369	0
1370	0
1371	0
1372	0
1373	0
1374	0
1375	0
1376	0
1377	0
1378	-1
1379	0
1380	0
1381	0
1382	0
1383	0
1384	0
1385	0
1386	0
1387	0
1388	0
1389	0
1390	0
1391	0
1392	0
1393	0
1394	0
1395	0
1396	0
1397	0
1398	-2
1399	0
1400	0
1401	0
1402	-2
1403	0
1404	-1
1405	0
1406	-1
1407	0
1408	0
1409	0
1410	0
1411	0
1412	-1
1413	0
1414	0
1415	0
1416	0
1417	0
1418	0
1419	1
1420	0
1421	0
1422	0
1423	0
1424	0
1425	0
1426	0
1427	0
1428	0
1429	0
1430	0
1431	0
1432	0
1433	0
1434	0
1435	0
1436	0
1437	0
1438	0
1439	0
1440	-1
1441	0
1442	0
1443	0
1444	0
1445	0
1446	0
1447	0
1448	-1
1449	-1
1450	0
1451	0
1452	0
1453	-1
1454	0
1455	0
1456	0
1457	0
1458	0
1459	0
1460	-1
1461	0
1462	0
1463	0
1464	-1
1465	0
1466	-1
1467	0
1468	-2
1469	0
1470	-2
1471	0
1472	-1
1473	0
1474	-1
1475	0
1476	-1
1477	0
1478	0
1479	0
1480	-1
1481	0
1482	0
1483	0
1484	-2
1485	0
1486	-1
1487	-1
1488	-1
1489	-1
1490	0
1491	0
1492	0
1493	0
1494	0
1495	0
1496	0
1497	1
1498	0
1499	0
1500	0
1501	0
1502	0
1503	0
1504	0
1505	0
1506	0
1507	0
1508	0
1509	0
1510	0
1511	0
1512	-1
1513	0
1514	0
1515	0
1516	0
1517	0
1518	0
1519	0
1520	0
1521	0
1522	0
1523	1
1524	1
1525	0
1526	0
1527	0
1528	0
1529	0
1530	0
1531	0
1532	0
1533	0
1534	0
1535	0
1536	0
1537	0
1538	0
1539	0
1540	0
1541	0
1542	0
1543	0
1544	-2
1545	-1
1546	0
1547	0
1548	0
1549	-1
1550	-1
1551	0
1552	-1
1553	0
1554	-1
1555	0
1556	-1
1557	0
1558	0
1559	0
1560	-1
1561	0
1562	-1
1563	0
1564	0
1565	0
1566	-1
1567	0
1568	-1
1569	0
1570	-1
1571	0
1572	0
1573	0
1574	0
1575	0
1576	0
1577	0
1578	0
1579	0
1580	-1
1581	0
1582	0
1583	0
1584	0
1585	0
1586	0
1587	0
1588	0
1589	0
1590	0
1591	0
1592	0
1593	0
1594	0
1595	0
1596	0
1597	0
1598	0
1599	0
1600	0
1601	0
1602	0
1603	0
1604	-1
1605	0
1606	0
1607	0
1608	-2
1609	0
1610	-1
1611	0
1612	-1
1613	0
1614	-1
1615	0
1616	-1
1617	0
1618	-1
1619	0
1620	0
1621	-1
1622	-1
1623	0
1624	-2
1625	0
1626	-2
1627	-1
1628	-2
1629	-1
1630	-1
1631	0
1632	-1
1633	0
1634	0
1635	0
1636	-1
1637	0
1638	0
1639	0
1640	-1
1641	0
1642	-1
1643	0
1644	0
1645	1
1646	0
1647	0
1648	0
1649	0
1650	0
1651	0
1652	0
1653	0
1654	0
1655	0
1656	0
1657	0
1658	-1
1659	0
1660	-1
1661	0
1662	0
1663	0
1664	-1
1665	0
1666	0
1667	0
1668	0
1669	0
1670	0
1671	0
1672	0
1673	0
1674	-1
1675	0
1676	0
1677	0
1678	0
1679	0
1680	0
1681	1
1682	0
1683	0
1684	0
1685	0
1686	0
1687	0
1688	-1
1689	0
1690	-1
1691	0
1692	0
1693	0
1694	-1
1695	0
1696	0
1697	-1
1698	-1
1699	0
1700	-1
1701	0
1702	0
1703	0
1704	0
1705	0
1706	0
1707	0
1708	0
1709	0
1710	0
1711	0
1712	0
1713	0
1714	0
1715	0
1716	0
1717	0
1718	0
1719	0
1720	0
1721	0
1722	0
1723	0
1724	-1
1725	0
1726	-1
1727	0
1728	-1
1729	0
1730	-1
1731	0
1732	-1
1733	0
1734	-1
1735	0
1736	-2
1737	0
1738	-1
1739	0
1740	-1
1741	0
1742	-1
1743	0
1744	0
1745	0
1746	0
1747	0
1748	0
1749	0
1750	0
1751	1
1752	0
1753	0
1754	0
1755	0
1756	0
1757	0
1758	0
1759	0
1760	0
1761	1
1762	0
1763	0
1764	0
1765	0
1766	0
1767	0
1768	0
1769	0
1770	0
1771	0
1772	0
1773	0
1774	0
1775	0
1776	-1
1777	0
1778	0
1779	0
1780	0
1781	0
1782	0
1783	0
1784	0
1785	0
1786	0
1787	0
1788	0
1789	1
1790	0
1791	0
1792	0
1793	1
1794	0
1795	1
1796	1
1797	0
1798	1
1799	1
1800	1
1801	1
1802	0
1803	1
1804	1
1805	2
1806	1
1807	1
1808	1
1809	1
1810	1
1811	2
1812	1
1813	2
1814	0
1815	2
1816	0
1817	2
1818	0
1819	0
1820	1
1821	1
1822	1
1823	0
1824	0
1825	1
1826	0
1827	0
1828	0
1829	0
1830	0
1831	1
1832	0
1833	2
1834	0
1835	1
1836	0
1837	1
1838	0
1839	0
1840	1
1841	1
1842	1
1843	1
1844	0
1845	0
1846	0
1847	0
1848	0
1849	0
1850	0
1851	0
1852	0
1853	0
1854	0
1855	0
1856	0
1857	0
1858	0
1859	0
1860	0
1861	0
1862	0
1863	0
1864	0
1865	0
1866	0
1867	1
1868	0
1869	0
1870	-2
1871	0
1872	-1
1873	0
1874	0
1875	0
1876	-1
1877	0
1878	0
1879	0
1880	0
1881	0
1882	0
1883	0
1884	-1
1885	0
1886	-1
1887	0
1888	0
1889	0
1890	0
1891	0
1892	0
1893	0
1894	0
1895	0
1896	-1
1897	0
1898	-1
1899	0
1900	0
1901	0
1902	-1
1903	0
1904	0
1905	0
1906	0
1907	0
1908	0
1909	0
1910	0
1911	0
1912	-1
1913	0
1914	-1
1915	0
1916	-1
1917	0
1918	-1
1919	0
1920	0
1921	0
1922	0
1923	0
1924	0
1925	0
1926	0
1927	0
1928	-1
1929	0
1930	-1
1931	0
1932	0
1933	-1
1934	-1
1935	0
1936	-1
1937	-1
1938	0
1939	-1
1940	-1
1941	-1
1942	-1
1943	0
1944	-1
1945	0
1946	-2
1947	0
1948	-1
1949	0
1950	-1
1951	0
1952	0
1953	0
1954	-1
1955	0
1956	0
1957	-1
1958	-1
1959	0
1960	-1
1961	0
1962	-1
1963	0
1964	-1
1965	1
1966	-1
1967	0
1968	0
1969	0
1970	0
1971	0
1972	0
1973	0
1974	0
1975	1
1976	0
1977	0
1978	-1
1979	0
1980	0
1981	0
1982	0
1983	0
1984	0
1985	0
1986	-1
1987	0
1988	-2
1989	0
1990	-1
1991	0
1992	0
1993	0
1994	-1
1995	0
1996	0
1997	0
1998	0
1999	0
