0	0
1	0
2	0
3	0
4	-1
5	0
6	-1
7	0
8	0
9	0
10	0
11	0
12	0
13	0
14	0
15	0
16	0
17	0
18	0
19	0
20	0
21	1
22	0
23	1
24	0
25	1
26	0
27	0
28	0
29	1
30	0
31	2
32	1
33	1
34	0
35	2
36	0
37	0
38	0
39	0
40	0
41	1
42	1
43	2
44	0
45	0
46	1
47	1
48	0
49	0
50	0
51	1
52	1
53	0
54	0
55	0
56	0
57	0
58	0
59	0
60	0
61	0
62	0
63	0
64	0
65	0
66	0
67	0
68	0
69	0
70	0
71	0
72	0
73	0
74	0
75	0
76	0
77	0
78	0
79	0
80	0
81	0
82	0
83	0
84	0
85	0
86	0
87	0
88	0
89	0
90	0
91	0
92	0
93	0
94	0
95	0
96	0
97	0
98	0
99	0
100	0
101	0
102	0
103	0
104	0
105	0
106	0
107	0
108	1
109	0
110	0
111	0
112	0
113	0
114	0
115	1
116	1
117	0
118	0
119	0
120	0
121	0
122	0
123	0
124	0
125	0
126	0
127	1
128	0
129	1
130	0
131	1
132	0
133	1
134	0
135	2
136	0
137	1
138	0
139	0
140	0
141	1
142	0
143	0
144	0
145	0
146	0
147	1
148	0
149	1
150	0
151	0
152	0
153	0
154	0
155	0
156	0
157	0
158	0
159	0
160	0
161	0
162	0
163	0
164	0
165	0
166	0
167	0
168	0
169	1
170	0
171	0
172	0
173	0
174	0
175	0
176	0
177	0
178	0
179	0
180	1
181	0
182	0
183	0
184	0
185	0
186	0
187	0
188	0
189	0
190	0
191	0
192	0
193	0
194	0
195	0
196	0
197	0
198	0
199	0
200	0
201	0
202	0
203	0
204	0
205	0
206	0
207	0
208	0
209	0
210	0
211	0
212	0
213	0
214	0
215	0
216	0
217	0
218	0
219	0
220	0
221	0
222	0
223	0
224	0
225	0
226	0
227	-1
228	0
229	0
230	0
231	0
232	0
233	1
234	0
235	0
236	0
237	0
238	0
239	0
240	0
241	0
242	0
243	0
244	0
245	0
246	0
247	0
248	0
249	1
250	0
251	0
252	0
253	0
254	0
255	0
256	0
257	0
258	0
259	0
260	0
261	0
262	0
263	0
264	0
265	0
266	0
267	0
268	0
269	0
270	0
271	0
272	0
273	0
274	0
275	0
276	0
277	0
278	0
279	0
280	0
281	0
282	0
283	0
284	0
285	0
286	0
287	0
288	0
289	0
290	0
291	0
292	0
293	1
294	0
295	1
296	0
297	1
298	0
299	1
300	0
301	1
302	0
303	0
304	0
305	0
306	0
307	0
308	0
309	0
310	0
311	0
312	0
313	0
314	0
315	0
316	0
317	0
318	0
319	0
320	0
321	0
322	0
323	0
324	0
325	0
326	0
327	0
328	0
329	0
330	0
331	0
332	0
333	0
334	0
335	0
336	0
337	0
338	0
339	0
340	0
341	0
342	0
343	0
344	0
345	1
346	0
347	0
348	0
349	1
350	0
351	2
352	0
353	1
354	0
355	1
356	0
357	2
358	0
359	2
360	0
361	1
362	0
363	2
364	1
365	1
366	0
367	1
368	0
369	1
370	0
371	0
372	0
373	0
374	0
375	0
376	0
377	0
378	0
379	1
380	0
381	0
382	0
383	0
384	0
385	0
386	0
387	0
388	0
389	0
390	0
391	0
392	0
393	0
394	0
395	0
396	0
397	0
398	0
399	0
400	0
401	0
402	0
403	0
404	0
405	0
406	0
407	0
408	0
409	0
410	0
411	0
412	0
413	0
414	0
415	0
416	0
417	0
418	-1
419	0
420	0
421	0
422	0
423	0
424	0
425	0
426	0
427	0
428	0
429	0
430	0
431	0
432	0
433	0
434	0
435	0
436	1
437	1
438	2
439	4
440	6
441	7
442	10
443	11
444	14
445	18
446	21
447	24
448	27
449	31
450	34
451	39
452	41
453	46
454	49
455	54
456	56
457	62
458	64
459	67
460	72
461	77
462	78
463	81
464	83
465	87
466	88
467	92
468	93
469	95
470	96
471	100
472	100
473	102
474	101
475	105
476	102
477	106
478	103
479	105
480	102
481	104
482	101
483	101
484	99
485	101
486	97
487	99
488	93
489	94
490	89
491	88
492	87
493	86
494	84
495	80
496	76
497	78
498	77
499	78
500	62
501	67
502	64
503	63
504	60
505	58
506	53
507	54
508	49
509	49
510	44
511	43
512	38
513	39
514	35
515	36
516	32
517	30
518	26
519	25
520	22
521	22
522	19
523	17
524	15
525	14
526	12
527	11
528	9
529	6
530	3
531	4
532	1
533	1
534	0
535	-1
536	-4
537	-5
538	-6
539	-7
540	-7
541	-7
542	-9
543	-9
544	-10
545	-10
546	-12
547	-11
548	-12
549	-13
550	-14
551	-14
552	-16
553	-15
554	-17
555	-16
556	-18
557	-18
558	-19
559	-17
560	-20
561	-20
562	-21
563	-20
564	-22
565	-21
566	-22
567	-22
568	-23
569	-21
570	-22
571	-21
572	-22
573	-22
574	-24
575	-22
576	-23
577	-22
578	-24
579	-20
580	-22
581	-20
582	-23
583	-21
584	-22
585	-21
586	-21
587	-20
588	-20
589	-20
590	-19
591	-18
592	-17
593	-19
594	-18
595	-19
596	-18
597	-17
598	-18
599	-17
600	-17
601	-16
602	-17
603	-16
604	-16
605	-16
606	-16
607	-16
608	-16
609	-16
610	-16
611	-15
612	-16
613	-15
614	-16
615	-14
616	-14
617	-14
618	-15
619	-15
620	-14
621	-14
622	-14
623	-15
624	-14
625	-15
626	-15
627	-13
628	-15
629	-14
630	-14
631	-14
632	-13
633	-14
634	-14
635	-13
636	-14
637	-12
638	-13
639	-13
640	-13
641	-12
642	-13
643	-11
644	-12
645	-11
646	-13
647	-10
648	-12
649	-10
650	-11
651	-10
652	-11
653	-9
654	-10
655	-7
656	-9
657	-6
658	-10
659	-7
660	-9
661	-4
662	-9
663	-6
664	-9
665	-5
666	-7
667	-5
668	-6
669	-6
670	-6
671	-4
672	-7
673	-3
674	-5
675	-2
676	-4
677	-4
678	-4
679	-3
680	-5
681	-2
682	-3
683	-2
684	-2
685	-2
686	-3
687	-2
688	-2
689	-1
690	-3
691	-2
692	-2
693	-1
694	-2
695	-1
696	-1
697	-1
698	-1
699	-2
700	-2
701	-2
702	-1
703	-1
704	-1
705	-3
706	0
707	-2
708	-2
709	-1
710	-2
711	-1
712	-1
713	-1
714	-1
715	0
716	-2
717	0
718	-1
719	0
720	-1
721	0
722	-1
723	0
724	-1
725	0
726	0
727	0
728	-1
729	0
730	-1
731	0
732	-1
733	0
734	-1
735	-1
736	-1
737	-1
738	-1
739	0
740	-1
741	-1
742	-1
743	0
744	0
745	0
746	-3
747	0
748	-1
749	-1
750	-2
751	-1
752	-2
753	0
754	-2
755	-1
756	-1
757	0
758	-1
759	0
760	-1
761	-1
762	-1
763	0
764	0
765	-1
766	-1
767	-1
768	-1
769	-1
770	0
771	-1
772	-1
773	0
774	-1
775	0
776	0
777	0
778	0
779	0
780	-1
781	0
782	0
783	0
784	-1
785	0
786	0
787	0
788	0
789	0
790	0
791	0
792	-1
793	0
794	0
795	0
796	0
797	0
798	0
799	0
800	0
801	0
802	0
803	0
804	-1
805	0
806	-2
807	0
808	-1
809	0
810	0
811	0
812	-1
813	0
814	0
815	0
816	0
817	0
818	0
819	0
820	0
821	0
822	0
823	0
824	0
825	0
826	0
827	0
828	0
829	0
830	0
831	0
832	0
833	0
834	0
835	0
836	0
837	0
838	0
839	0
840	0
841	0
842	0
843	0
844	0
845	0
846	0
847	-1
848	0
849	0
850	-1
851	-1
852	0
853	0
854	-1
855	0
856	-1
857	0
858	0
859	0
860	-1
861	0
862	0
863	-1
864	0
865	-1
866	0
867	0
868	-1
869	0
870	0
871	-1
872	0
873	0
874	0
875	0
876	0
877	0
878	0
879	0
880	-1
881	0
882	0
883	0
884	0
885	0
886	0
887	0
888	0
889	0
890	0
891	0
892	-1
893	0
894	0
895	0
896	-2
897	0
898	-1
899	0
900	-1
901	-1
902	0
903	-1
904	-2
905	-1
906	-2
907	0
908	-2
909	-1
910	0
911	0
912	-1
913	0
914	-1
915	0
916	-1
917	0
918	-1
919	-1
920	0
921	0
922	-1
923	0
924	0
925	0
926	0
927	0
928	1
929	0
930	1
931	1
932	1
933	1
934	0
935	0
936	0
937	1
938	1
939	2
940	0
941	1
942	1
943	0
944	0
945	1
946	0
947	0
948	0
949	0
950	0
951	0
952	0
953	0
954	-1
955	0
956	-2
957	0
958	-1
959	0
960	-1
961	0
962	0
963	0
964	0
965	0
966	0
967	0
968	0
969	0
970	-1
971	0
972	-1
973	0
974	0
975	0
976	0
977	-1
978	-1
979	-1
980	-1
981	0
982	-1
983	0
984	-1
985	0
986	0
987	-1
988	-1
989	0
990	-1
991	0
992	0
993	0
994	-1
995	0
996	-1
997	0
998	-1
999	0
1000	-1
1001	0
1002	-1
1003	-1
1004	0
1005	0
1006	0
1007	0
1008	0
1009	0
1010	0
1011	0
1012	0
1013	0
1014	0
1015	0
1016	0
1017	1
1018	0
1019	1
1020	0
1021	1
1022	0
1023	1
1024	0
1025	1
1026	1
1027	2
1028	0
1029	1
1030	1
1031	1
1032	2
1033	2
1034	1
1035	2
1036	1
1037	2
1038	2
1039	2
1040	0
1041	2
1042	1
1043	2
1044	1
1045	2
1046	1
1047	2
1048	2
1049	2
1050	1
1051	3
1052	1
1053	2
1054	1
1055	2
1056	1
1057	2
1058	1
1059	1
1060	1
1061	1
1062	1
1063	0
1064	0
1065	1
1066	0
1067	1
1068	0
1069	1
1070	0
1071	0
1072	0
1073	2
1074	0
1075	0
1076	0
1077	0
1078	0
1079	0
1080	0
1081	0
1082	0
1083	0
1084	0
1085	0
1086	0
1087	0
1088	0
1089	0
1090	-1
1091	0
1092	0
1093	0
1094	-1
1095	0
1096	-1
1097	0
1098	-2
1099	0
1100	-2
1101	0
1102	-2
1103	-1
1104	-2
1105	-1
1106	-2
1107	0
1108	-1
1109	0
1110	-2
1111	0
1112	-1
1113	-1
1114	-1
1115	-1
1116	-2
1117	-1
1118	-1
1119	0
1120	-1
1121	0
1122	-1
1123	0
1124	0
1125	0
1126	0
1127	0
1128	0
1129	0
1130	0
1131	0
1132	0
1133	0
1134	0
1135	1
1136	0
1137	0
1138	0
1139	1
1140	0
1141	0
1142	0
1143	0
1144	0
1145	0
1146	0
1147	0
1148	0
1149	0
1150	0
1151	0
1152	0
1153	0
1154	0
1155	1
1156	0
1157	0
1158	0
1159	0
1160	0
1161	0
1162	0
1163	0
1164	0
1165	0
1166	0
1167	0
1168	0
1169	0
1170	-1
1171	0
1172	-1
1173	0
1174	0
1175	0
1176	-1
1177	0
1178	-1
1179	-1
1180	0
1181	0
1182	-1
1183	0
1184	0
1185	0
1186	0
1187	0
1188	0
1189	0
1190	0
1191	0
1192	0
1193	0
1194	0
1195	0
1196	0
1197	0
1198	0
1199	0
1200	0
1201	0
1202	0
1203	0
1204	0
1205	0
1206	0
1207	0
1208	0
1209	0
1210	-1
1211	0
1212	-1
1213	0
1214	0
1215	0
1216	0
1217	0
1218	-1
1219	0
1220	0
1221	0
1222	0
1223	0
1224	0
1225	0
1226	0
1227	0
1228	-1
1229	0
1230	-1
1231	0
1232	-1
1233	0
1234	0
1235	0
1236	-1
1237	0
1238	-1
1239	0
1240	0
1241	0
1242	-1
1243	0
1244	0
1245	0
1246	0
1247	0
1248	0
1249	0
1250	0
1251	0
1252	-1
1253	0
1254	0
1255	0
1256	0
1257	0
1258	0
1259	0
1260	0
1261	0
1262	0
1263	0
1264	0
1265	0
1266	0
1267	0
1268	0
1269	0
1270	0
1271	0
1272	0
1273	0
1274	0
1275	0
1276	0
1277	0
1278	0
1279	0
1280	0
1281	0
1282	0
1283	0
1284	0
1285	0
1286	0
1287	0
1288	0
1289	0
1290	0
1291	0
1292	0
1293	0
1294	0
1295	0
1296	0
1297	0
1298	0
1299	0
1300	0
1301	0
1302	0
1303	0
1304	0
1305	1
1306	0
1307	1
1308	0
1309	1
1310	1
1311	1
1312	0
1313	1
1314	0
1315	1
1316	0
1317	1
1318	0
1319	1
1320	2
1321	1
1322	1
1323	2
1324	1
1325	1
1326	2
1327	2
1328	1
1329	1
1330	1
1331	1
1332	1
1333	1
1334	1
1335	2
1336	2
1337	3
1338	1
1339	2
1340	1
1341	1
1342	1
1343	2
1344	1
1345	2
1346	0
1347	1
1348	0
1349	1
1350	1
1351	1
1352	0
1353	1
1354	0
1355	1
1356	0
1357	0
1358	0
1359	0
1360	0
1361	0
1362	0
1363	0
1364	0
1365	0
1366	0
1367	0
1368	0
1369	0
1370	0
1371	0
1372	0
1373	0
1374	0
1375	0
1376	-1
1377	0
1378	0
1379	0
1380	-1
1381	0
1382	0
1383	0
1384	0
1385	0
1386	-1
1387	0
1388	0
1389	0
1390	-1
1391	-1
1392	-1
1393	0
1394	-1
1395	0
1396	-1
1397	0
1398	-1
1399	0
1400	-2
1401	0
1402	-1
1403	0
1404	0
1405	0
1406	0
1407	0
1408	0
1409	0
1410	-2
1411	0
1412	-1
1413	0
1414	-1
1415	0
1416	0
1417	0
1418	0
1419	0
1420	0
1421	0
1422	-1
1423	0
1424	0
1425	0
1426	0
1427	0
1428	0
1429	0
1430	0
1431	0
1432	0
1433	0
1434	0
1435	0
1436	0
1437	0
1438	0
1439	0
1440	0
1441	0
1442	0
1443	1
1444	1
1445	0
1446	0
1447	1
1448	1
1449	1
1450	0
1451	2
1452	1
1453	2
1454	1
1455	2
1456	1
1457	2
1458	1
1459	2
1460	1
1461	1
1462	1
1463	2
1464	1
1465	2
1466	2
1467	1
1468	2
1469	2
1470	2
1471	2
1472	2
1473	2
1474	2
1475	2
1476	1
1477	3
1478	2
1479	2
1480	1
1481	2
1482	1
1483	1
1484	1
1485	0
1486	0
1487	0
1488	0
1489	0
1490	0
1491	0
1492	0
1493	0
1494	0
1495	0
1496	-1
1497	0
1498	0
1499	0
1500	0
1501	0
1502	0
1503	0
1504	0
1505	0
1506	0
1507	0
1508	0
1509	0
1510	0
1511	0
1512	-1
1513	0
1514	0
1515	0
1516	0
1517	0
1518	0
1519	0
1520	0
1521	0
1522	0
1523	0
1524	0
1525	0
1526	0
1527	0
1528	0
1529	0
1530	0
1531	0
1532	0
1533	0
1534	1
1535	0
1536	1
1537	0
1538	0
1539	1
1540	0
1541	1
1542	0
1543	1
1544	0
1545	1
1546	0
1547	1
1548	0
1549	1
1550	0
1551	1
1552	0
1553	1
1554	1
1555	1
1556	0
1557	1
1558	0
1559	1
1560	1
1561	1
1562	0
1563	1
1564	0
1565	1
1566	0
1567	1
1568	0
1569	1
1570	0
1571	1
1572	0
1573	0
1574	0
1575	1
1576	0
1577	1
1578	0
1579	0
1580	0
1581	1
1582	0
1583	0
1584	0
1585	0
1586	0
1587	0
1588	0
1589	0
1590	0
1591	0
1592	0
1593	0
1594	0
1595	0
1596	0
1597	0
1598	-1
1599	0
1600	-1
1601	0
1602	0
1603	-1
1604	-1
1605	-1
1606	0
1607	0
1608	0
1609	0
1610	0
1611	0
1612	-1
1613	0
1614	-1
1615	0
1616	0
1617	0
1618	0
1619	-1
1620	-1
1621	0
1622	0
1623	-1
1624	0
1625	-1
1626	-1
1627	-1
1628	-1
1629	-1
1630	0
1631	0
1632	0
1633	-1
1634	-1
1635	-1
1636	-1
1637	0
1638	-1
1639	0
1640	0
1641	0
1642	-2
1643	0
1644	-1
1645	-1
1646	0
1647	0
1648	-1
1649	0
1650	-1
1651	0
1652	0
1653	0
1654	-1
1655	0
1656	-1
1657	0
1658	0
1659	0
1660	0
1661	0
1662	-1
1663	0
1664	-1
1665	0
1666	0
1667	0
1668	0
1669	0
1670	0
1671	0
1672	-1
1673	0
1674	0
1675	0
1676	-1
1677	0
1678	0
1679	0
1680	-1
1681	0
1682	0
1683	0
1684	0
1685	0
1686	-1
1687	0
1688	-1
1689	0
1690	0
1691	0
1692	-1
1693	0
1694	0
1695	0
1696	-1
1697	0
1698	0
1699	0
1700	0
1701	0
1702	0
1703	1
1704	0
1705	1
1706	0
1707	2
1708	0
1709	2
1710	0
1711	2
1712	1
1713	2
1714	1
1715	2
1716	2
1717	3
1718	2
1719	2
1720	1
1721	2
1722	2
1723	2
1724	2
1725	2
1726	0
1727	3
1728	0
1729	3
1730	1
1731	2
1732	1
1733	2
1734	1
1735	1
1736	1
1737	1
1738	0
1739	1
1740	0
1741	0
1742	0
1743	1
1744	0
1745	0
1746	0
1747	0
1748	0
1749	0
1750	0
1751	0
1752	0
1753	0
1754	0
1755	0
1756	0
1757	0
1758	0
1759	0
1760	0
1761	0
1762	0
1763	0
1764	0
1765	0
1766	0
1767	0
1768	0
1769	0
1770	0
1771	0
1772	0
1773	0
1774	0
1775	0
1776	0
1777	0
1778	0
1779	0
1780	0
1781	0
1782	0
1783	0
1784	0
1785	0
1786	0
1787	0
1788	0
1789	0
1790	0
1791	0
1792	0
1793	0
1794	0
1795	0
1796	0
1797	0
1798	0
1799	0
1800	0
1801	0
1802	0
1803	0
1804	0
1805	0
1806	0
1807	0
1808	1
1809	0
1810	1
1811	0
1812	2
1813	2
1814	2
1815	1
1816	2
1817	2
1818	1
1819	1
1820	1
1821	2
1822	1
1823	2
1824	1
1825	1
1826	0
1827	1
1828	2
1829	1
1830	0
1831	1
1832	0
1833	0
1834	0
1835	0
1836	0
1837	0
1838	0
1839	0
1840	0
1841	0
1842	0
1843	0
1844	0
1845	0
1846	0
1847	0
1848	0
1849	0
1850	0
1851	0
1852	0
1853	0
1854	0
1855	0
1856	0
1857	0
1858	0
1859	0
1860	0
1861	0
1862	0
1863	0
1864	-1
1865	0
1866	0
1867	0
1868	-1
1869	0
1870	0
1871	0
1872	-1
1873	0
1874	-1
1875	0
1876	0
1877	0
1878	0
1879	0
1880	-1
1881	0
1882	-2
1883	0
1884	-1
1885	0
1886	0
1887	0
1888	0
1889	0
1890	-1
1891	0
1892	0
1893	0
1894	0
1895	0
1896	0
1897	0
1898	0
1899	0
1900	0
1901	0
1902	0
1903	-1
1904	0
1905	0
1906	0
1907	0
1908	-1
1909	0
1910	0
1911	0
1912	0
1913	0
1914	-1
1915	0
1916	0
1917	0
1918	-2
1919	0
1920	-1
1921	0
1922	-2
1923	0
1924	0
1925	0
1926	0
1927	0
1928	-1
1929	0
1930	-1
1931	0
1932	0
1933	0
1934	0
1935	0
1936	-1
1937	0
1938	0
1939	0
1940	0
1941	0
1942	0
1943	0
1944	0
1945	0
1946	0
1947	-1
1948	0
1949	0
1950	-1
1951	0
1952	0
1953	0
1954	-1
1955	0
1956	-2
1957	-1
1958	-1
1959	0
1960	-1
1961	-1
1962	0
1963	0
1964	-1
1965	0
1966	-1
1967	0
1968	0
1969	0
1970	0
1971	0
1972	-1
1973	0
1974	0
1975	0
1976	0
1977	0
1978	0
1979	0
1980	0
1981	0
1982	0
1983	0
1984	0
1985	0
1986	0
1987	0
1988	0
1989	0
1990	0
1991	0
1992	0
1993	0
1994	-1
1995	0
1996	-1
1997	0
1998	-1
1999	0
