0	0
1	0
2	-1
3	0
4	0
5	0
6	-1
7	1
8	0
9	0
10	0
11	2
12	0
13	1
14	0
15	0
16	0
17	1
18	0
19	1
20	0
21	0
22	1
23	1
24	0
25	1
26	0
27	0
28	0
29	1
30	0
31	1
32	0
33	1
34	0
35	1
36	0
37	1
38	1
39	2
40	0
41	1
42	0
43	2
44	0
45	1
46	0
47	2
48	0
49	1
50	0
51	1
52	0
53	1
54	0
55	1
56	0
57	1
58	0
59	1
60	0
61	0
62	0
63	1
64	0
65	0
66	0
67	0
68	0
69	0
70	0
71	0
72	0
73	0
74	0
75	0
76	0
77	0
78	0
79	1
80	0
81	1
82	0
83	1
84	0
85	0
86	0
87	1
88	0
89	1
90	0
91	1
92	-1
93	0
94	0
95	0
96	0
97	0
98	0
99	0
100	0
101	0
102	0
103	0
104	0
105	0
106	-1
107	0
108	0
109	0
110	0
111	0
112	0
113	0
114	0
115	0
116	0
117	0
118	0
119	0
120	0
121	0
122	0
123	0
124	0
125	1
126	0
127	1
128	0
129	0
130	0
131	1
132	0
133	2
134	0
135	2
136	0
137	1
138	0
139	1
140	1
141	1
142	0
143	1
144	0
145	2
146	1
147	2
148	0
149	1
150	0
151	1
152	0
153	0
154	0
155	0
156	0
157	2
158	0
159	1
160	0
161	0
162	0
163	0
164	0
165	1
166	0
167	0
168	-1
169	1
170	0
171	1
172	0
173	0
174	0
175	0
176	0
177	1
178	0
179	0
180	-1
181	0
182	-1
183	0
184	-1
185	0
186	-1
187	0
188	-1
189	0
190	-1
191	0
192	-1
193	0
194	0
195	0
196	-1
197	0
198	0
199	0
200	0
201	0
202	0
203	0
204	-1
205	0
206	0
207	0
208	0
209	0
210	0
211	0
212	0
213	0
214	0
215	0
216	0
217	0
218	0
219	1
220	0
221	1
222	0
223	1
224	0
225	1
226	0
227	1
228	0
229	0
230	-1
231	1
232	0
233	1
234	0
235	2
236	0
237	1
238	0
239	1
240	0
241	2
242	0
243	2
244	0
245	1
246	0
247	1
248	0
249	2
250	1
251	1
252	0
253	1
254	0
255	1
256	0
257	1
258	0
259	0
260	0
261	2
262	0
263	0
264	0
265	0
266	1
267	0
268	0
269	1
270	0
271	1
272	0
273	0
274	0
275	0
276	0
277	0
278	0
279	0
280	-1
281	0
282	-1
283	0
284	-1
285	0
286	0
287	1
288	0
289	0
290	0
291	1
292	0
293	0
294	0
295	0
296	0
297	0
298	0
299	0
300	0
301	1
302	0
303	0
304	-1
305	0
306	0
307	0
308	0
309	0
310	0
311	1
312	0
313	1
314	-1
315	0
316	-1
317	0
318	0
319	1
320	-1
321	0
322	-1
323	1
324	0
325	0
326	0
327	0
328	0
329	0
330	0
331	0
332	0
333	1
334	0
335	0
336	0
337	1
338	0
339	1
340	0
341	2
342	0
343	2
344	0
345	1
346	-1
347	1
348	0
349	1
350	0
351	0
352	0
353	1
354	0
355	1
356	0
357	0
358	0
359	0
360	0
361	0
362	0
363	0
364	0
365	0
366	0
367	1
368	0
369	1
370	0
371	0
372	0
373	1
374	0
375	2
376	0
377	1
378	0
379	1
380	0
381	0
382	0
383	0
384	0
385	1
386	0
387	1
388	0
389	0
390	0
391	1
392	0
393	1
394	0
395	0
396	0
397	0
398	0
399	0
400	-1
401	0
402	-1
403	0
404	-1
405	0
406	-1
407	0
408	-1
409	0
410	-1
411	0
412	-1
413	-1
414	-2
415	0
416	-2
417	0
418	-1
419	-1
420	0
421	0
422	0
423	0
424	0
425	0
426	-1
427	0
428	0
429	0
430	0
431	0
432	0
433	0
434	0
435	0
436	0
437	1
438	1
439	3
440	3
441	6
442	6
443	11
444	10
445	16
446	17
447	22
448	22
449	28
450	31
451	35
452	39
453	44
454	46
455	50
456	54
457	60
458	61
459	66
460	70
461	73
462	75
463	79
464	81
465	87
466	88
467	93
468	94
469	97
470	98
471	103
472	101
473	105
474	102
475	107
476	105
477	108
478	105
479	107
480	104
481	106
482	104
483	106
484	101
485	104
486	99
487	100
488	98
489	98
490	92
491	92
492	88
493	88
494	85
495	83
496	78
497	77
498	77
499	78
500	62
501	67
502	63
503	62
504	57
505	56
506	52
507	51
508	48
509	46
510	39
511	39
512	36
513	36
514	30
515	30
516	26
517	26
518	23
519	22
520	17
521	17
522	13
523	13
524	9
525	10
526	6
527	6
528	3
529	2
530	-1
531	0
532	-4
533	-3
534	-5
535	-5
536	-8
537	-8
538	-10
539	-10
540	-13
541	-11
542	-16
543	-14
544	-18
545	-16
546	-21
547	-20
548	-21
549	-20
550	-22
551	-22
552	-24
553	-22
554	-24
555	-24
556	-25
557	-24
558	-25
559	-24
560	-27
561	-25
562	-27
563	-25
564	-26
565	-25
566	-27
567	-25
568	-27
569	-26
570	-27
571	-27
572	-27
573	-27
574	-26
575	-25
576	-26
577	-25
578	-26
579	-24
580	-25
581	-24
582	-25
583	-24
584	-25
585	-23
586	-24
587	-22
588	-24
589	-21
590	-22
591	-20
592	-22
593	-19
594	-20
595	-19
596	-19
597	-19
598	-18
599	-19
600	-19
601	-17
602	-17
603	-18
604	-18
605	-18
606	-17
607	-16
608	-16
609	-16
610	-17
611	-16
612	-16
613	-16
614	-16
615	-16
616	-16
617	-16
618	-16
619	-16
620	-16
621	-15
622	-16
623	-14
624	-15
625	-14
626	-15
627	-13
628	-14
629	-13
630	-14
631	-13
632	-13
633	-12
634	-13
635	-11
636	-13
637	-9
638	-11
639	-10
640	-11
641	-9
642	-11
643	-8
644	-10
645	-6
646	-10
647	-4
648	-7
649	-4
650	-7
651	-5
652	-5
653	-2
654	-6
655	-3
656	-5
657	-3
658	-4
659	-3
660	-6
661	-3
662	-4
663	-2
664	-4
665	-1
666	-5
667	-1
668	-4
669	-2
670	-3
671	-2
672	-3
673	-1
674	-4
675	-2
676	-4
677	-2
678	-2
679	-2
680	-3
681	-2
682	-3
683	-1
684	-2
685	-1
686	-1
687	-1
688	-2
689	0
690	-3
691	0
692	-2
693	-1
694	-2
695	0
696	-1
697	0
698	-1
699	-1
700	0
701	0
702	0
703	0
704	-1
705	0
706	-1
707	0
708	-1
709	0
710	-2
711	1
712	0
713	0
714	0
715	0
716	-1
717	0
718	-1
719	0
720	0
721	0
722	-1
723	0
724	-2
725	0
726	-1
727	0
728	-1
729	0
730	-1
731	0
732	-1
733	0
734	-2
735	-1
736	-1
737	0
738	-3
739	0
740	-1
741	0
742	-2
743	-1
744	-3
745	-1
746	-1
747	-2
748	-1
749	-1
750	-2
751	0
752	-1
753	0
754	-1
755	0
756	-1
757	0
758	-1
759	0
760	-1
761	0
762	-1
763	0
764	0
765	0
766	0
767	0
768	0
769	0
770	0
771	0
772	0
773	0
774	0
775	0
776	0
777	1
778	0
779	0
780	0
781	0
782	0
783	1
784	0
785	1
786	0
787	1
788	0
789	0
790	0
791	0
792	0
793	0
794	-1
795	0
796	-2
797	0
798	-1
799	1
800	-1
801	0
802	0
803	0
804	0
805	0
806	-1
807	0
808	0
809	0
810	0
811	0
812	0
813	0
814	-1
815	0
816	0
817	0
818	-1
819	0
820	-1
821	-1
822	-1
823	0
824	-1
825	0
826	-2
827	-1
828	-1
829	-1
830	-2
831	0
832	-1
833	0
834	-1
835	0
836	-1
837	0
838	-1
839	-1
840	-1
841	0
842	0
843	0
844	-1
845	0
846	0
847	0
848	0
849	0
850	0
851	0
852	0
853	1
854	0
855	1
856	0
857	2
858	0
859	1
860	0
861	1
862	0
863	2
864	0
865	2
866	0
867	1
868	0
869	2
870	1
871	2
872	1
873	3
874	2
875	4
876	1
877	3
878	2
879	3
880	2
881	2
882	1
883	2
884	2
885	3
886	3
887	2
888	2
889	2
890	2
891	2
892	0
893	2
894	1
895	2
896	1
897	2
898	0
899	3
900	0
901	1
902	0
903	2
904	1
905	2
906	0
907	2
908	0
909	1
910	0
911	1
912	0
913	2
914	0
915	1
916	0
917	1
918	0
919	1
920	-1
921	1
922	0
923	0
924	-1
925	0
926	-1
927	0
928	-2
929	0
930	0
931	0
932	-1
933	0
934	-1
935	-1
936	-2
937	0
938	-1
939	0
940	-2
941	0
942	-1
943	0
944	-2
945	0
946	-2
947	0
948	-2
949	0
950	-1
951	0
952	-1
953	0
954	-2
955	0
956	-1
957	-1
958	-2
959	0
960	-2
961	0
962	-2
963	0
964	-1
965	0
966	-2
967	-1
968	-2
969	0
970	-2
971	-1
972	-1
973	0
974	-1
975	-1
976	-1
977	0
978	-2
979	0
980	-1
981	0
982	0
983	0
984	0
985	0
986	0
987	0
988	-1
989	0
990	0
991	1
992	0
993	1
994	0
995	0
996	0
997	0
998	0
999	0
1000	-1
1001	0
1002	0
1003	0
1004	-1
1005	0
1006	0
1007	0
1008	0
1009	0
1010	-2
1011	0
1012	-2
1013	0
1014	0
1015	0
1016	-1
1017	0
1018	-2
1019	0
1020	0
1021	0
1022	0
1023	0
1024	-1
1025	0
1026	0
1027	0
1028	0
1029	0
1030	-1
1031	0
1032	-1
1033	0
1034	-1
1035	0
1036	-1
1037	0
1038	-1
1039	0
1040	0
1041	0
1042	0
1043	0
1044	0
1045	0
1046	0
1047	0
1048	0
1049	0
1050	-1
1051	0
1052	-2
1053	0
1054	-1
1055	0
1056	-2
1057	0
1058	-1
1059	0
1060	0
1061	0
1062	-1
1063	0
1064	0
1065	0
1066	0
1067	0
1068	-1
1069	0
1070	0
1071	0
1072	-1
1073	0
1074	-1
1075	0
1076	0
1077	0
1078	0
1079	0
1080	0
1081	0
1082	0
1083	0
1084	-1
1085	0
1086	0
1087	0
1088	0
1089	0
1090	0
1091	0
1092	0
1093	0
1094	0
1095	0
1096	0
1097	0
1098	0
1099	0
1100	0
1101	0
1102	0
1103	0
1104	0
1105	0
1106	0
1107	0
1108	0
1109	0
1110	0
1111	0
1112	0
1113	0
1114	0
1115	0
1116	0
1117	1
1118	0
1119	1
1120	0
1121	1
1122	0
1123	1
1124	1
1125	1
1126	0
1127	1
1128	0
1129	1
1130	0
1131	0
1132	1
1133	0
1134	0
1135	0
1136	0
1137	0
1138	1
1139	1
1140	1
1141	1
1142	0
1143	1
1144	0
1145	1
1146	1
1147	2
1148	1
1149	1
1150	1
1151	1
1152	0
1153	1
1154	1
1155	2
1156	1
1157	2
1158	0
1159	2
1160	1
1161	2
1162	1
1163	2
1164	2
1165	1
1166	1
1167	2
1168	1
1169	1
1170	1
1171	1
1172	0
1173	1
1174	0
1175	1
1176	0
1177	1
1178	0
1179	0
1180	0
1181	1
1182	0
1183	0
1184	0
1185	0
1186	0
1187	0
1188	0
1189	1
1190	0
1191	0
1192	0
1193	0
1194	0
1195	0
1196	0
1197	0
1198	0
1199	0
1200	0
1201	0
1202	0
1203	0
1204	0
1205	0
1206	-1
1207	0
1208	-1
1209	0
1210	-1
1211	0
1212	-1
1213	-1
1214	-1
1215	0
1216	-2
1217	0
1218	-2
1219	-2
1220	-1
1221	-1
1222	-2
1223	0
1224	-3
1225	0
1226	-2
1227	0
1228	-2
1229	-1
1230	-3
1231	0
1232	-4
1233	0
1234	-2
1235	0
1236	-2
1237	-1
1238	-2
1239	0
1240	-3
1241	0
1242	-1
1243	0
1244	-1
1245	0
1246	-1
1247	0
1248	-1
1249	0
1250	-1
1251	0
1252	0
1253	0
1254	-2
1255	0
1256	-1
1257	0
1258	-1
1259	0
1260	0
1261	0
1262	-1
1263	0
1264	-2
1265	0
1266	-2
1267	0
1268	-2
1269	0
1270	0
1271	0
1272	-1
1273	0
1274	-1
1275	0
1276	-1
1277	0
1278	-1
1279	0
1280	0
1281	0
1282	0
1283	0
1284	0
1285	0
1286	0
1287	0
1288	-1
1289	0
1290	0
1291	0
1292	0
1293	0
1294	0
1295	0
1296	0
1297	0
1298	-1
1299	0
1300	-1
1301	0
1302	-1
1303	0
1304	-1
1305	-1
1306	0
1307	0
1308	0
1309	0
1310	0
1311	0
1312	0
1313	0
1314	-1
1315	0
1316	-1
1317	-1
1318	-1
1319	0
1320	-1
1321	0
1322	-1
1323	0
1324	-1
1325	0
1326	-1
1327	0
1328	-1
1329	0
1330	0
1331	0
1332	-2
1333	0
1334	0
1335	0
1336	0
1337	0
1338	0
1339	0
1340	0
1341	0
1342	-1
1343	0
1344	0
1345	0
1346	0
1347	0
1348	-2
1349	0
1350	0
1351	0
1352	-1
1353	0
1354	-1
1355	0
1356	-2
1357	0
1358	-2
1359	-1
1360	-1
1361	-1
1362	-2
1363	-1
1364	-1
1365	0
1366	-1
1367	0
1368	-1
1369	0
1370	0
1371	0
1372	0
1373	0
1374	0
1375	0
1376	-1
1377	0
1378	0
1379	0
1380	0
1381	0
1382	0
1383	0
1384	0
1385	0
1386	0
1387	0
1388	0
1389	0
1390	1
1391	1
1392	0
1393	0
1394	0
1395	0
1396	0
1397	1
1398	0
1399	1
1400	0
1401	0
1402	0
1403	0
1404	0
1405	1
1406	0
1407	0
1408	0
1409	0
1410	0
1411	0
1412	0
1413	0
1414	0
1415	0
1416	0
1417	0
1418	0
1419	0
1420	-1
1421	0
1422	0
1423	0
1424	-2
1425	0
1426	-1
1427	0
1428	-1
1429	0
1430	-1
1431	0
1432	-1
1433	-1
1434	-2
1435	-1
1436	-2
1437	-1
1438	-3
1439	0
1440	-2
1441	0
1442	-2
1443	-1
1444	0
1445	0
1446	0
1447	0
1448	-1
1449	0
1450	0
1451	0
1452	0
1453	0
1454	-1
1455	0
1456	0
1457	0
1458	0
1459	0
1460	0
1461	0
1462	-1
1463	0
1464	0
1465	0
1466	-1
1467	0
1468	0
1469	0
1470	0
1471	0
1472	0
1473	0
1474	-1
1475	0
1476	0
1477	0
1478	0
1479	0
1480	-1
1481	0
1482	-1
1483	0
1484	-1
1485	0
1486	0
1487	0
1488	0
1489	0
1490	0
1491	0
1492	-1
1493	0
1494	-1
1495	0
1496	0
1497	0
1498	-1
1499	0
1500	0
1501	0
1502	0
1503	0
1504	0
1505	1
1506	0
1507	0
1508	0
1509	0
1510	0
1511	0
1512	0
1513	0
1514	0
1515	0
1516	0
1517	0
1518	0
1519	1
1520	0
1521	1
1522	0
1523	0
1524	0
1525	0
1526	0
1527	0
1528	0
1529	0
1530	0
1531	0
1532	0
1533	0
1534	-1
1535	0
1536	0
1537	0
1538	-1
1539	0
1540	0
1541	0
1542	-1
1543	0
1544	-1
1545	0
1546	-1
1547	0
1548	-1
1549	0
1550	0
1551	0
1552	0
1553	0
1554	0
1555	0
1556	0
1557	0
1558	0
1559	0
1560	0
1561	0
1562	-1
1563	0
1564	0
1565	0
1566	0
1567	0
1568	0
1569	0
1570	-1
1571	0
1572	-1
1573	0
1574	-1
1575	0
1576	-1
1577	0
1578	0
1579	0
1580	-1
1581	0
1582	0
1583	0
1584	0
1585	0
1586	0
1587	0
1588	0
1589	0
1590	0
1591	1
1592	0
1593	0
1594	0
1595	0
1596	0
1597	1
1598	0
1599	1
1600	0
1601	0
1602	0
1603	0
1604	0
1605	0
1606	0
1607	0
1608	0
1609	0
1610	0
1611	1
1612	0
1613	0
1614	0
1615	1
1616	0
1617	1
1618	0
1619	0
1620	0
1621	0
1622	0
1623	0
1624	-1
1625	0
1626	0
1627	0
1628	0
1629	0
1630	-1
1631	1
1632	0
1633	0
1634	0
1635	0
1636	-2
1637	0
1638	0
1639	0
1640	0
1641	-1
1642	-1
1643	0
1644	-1
1645	0
1646	-2
1647	0
1648	-1
1649	0
1650	-1
1651	0
1652	0
1653	0
1654	0
1655	0
1656	0
1657	0
1658	-2
1659	0
1660	-1
1661	0
1662	-1
1663	1
1664	-1
1665	0
1666	0
1667	0
1668	-1
1669	0
1670	0
1671	0
1672	0
1673	0
1674	0
1675	0
1676	0
1677	0
1678	0
1679	0
1680	0
1681	1
1682	0
1683	1
1684	0
1685	1
1686	0
1687	1
1688	0
1689	0
1690	0
1691	1
1692	0
1693	0
1694	0
1695	0
1696	-1
1697	0
1698	-1
1699	0
1700	0
1701	0
1702	0
1703	0
1704	0
1705	0
1706	-1
1707	0
1708	0
1709	0
1710	-1
1711	0
1712	-1
1713	0
1714	-1
1715	0
1716	-2
1717	0
1718	-1
1719	-1
1720	0
1721	0
1722	-2
1723	0
1724	-1
1725	0
1726	-1
1727	0
1728	0
1729	0
1730	-1
1731	-1
1732	-1
1733	0
1734	-1
1735	0
1736	-2
1737	0
1738	-1
1739	0
1740	0
1741	0
1742	0
1743	0
1744	0
1745	0
1746	0
1747	0
1748	0
1749	0
1750	0
1751	0
1752	0
1753	0
1754	0
1755	0
1756	0
1757	0
1758	0
1759	0
1760	0
1761	0
1762	0
1763	0
1764	0
1765	0
1766	0
1767	0
1768	-1
1769	0
1770	-1
1771	0
1772	0
1773	0
1774	0
1775	0
1776	-1
1777	0
1778	-1
1779	0
1780	-1
1781	0
1782	0
1783	0
1784	-1
1785	0
1786	-1
1787	0
1788	0
1789	0
1790	0
1791	0
1792	-1
1793	0
1794	-1
1795	0
1796	-1
1797	0
1798	-1
1799	0
1800	0
1801	0
1802	-1
1803	0
1804	0
1805	0
1806	0
1807	0
1808	0
1809	0
1810	0
1811	0
1812	0
1813	0
1814	0
1815	0
1816	0
1817	0
1818	0
1819	0
1820	0
1821	0
1822	0
1823	2
1824	0
1825	1
1826	0
1827	0
1828	0
1829	1
1830	0
1831	1
1832	0
1833	1
1834	1
1835	2
1836	1
1837	1
1838	0
1839	0
1840	0
1841	0
1842	0
1843	0
1844	0
1845	1
1846	0
1847	0
1848	0
1849	0
1850	0
1851	0
1852	0
1853	0
1854	0
1855	0
1856	0
1857	0
1858	0
1859	0
1860	0
1861	0
1862	0
1863	1
1864	0
1865	0
1866	0
1867	1
1868	0
1869	0
1870	0
1871	0
1872	0
1873	1
1874	-1
1875	0
1876	0
1877	0
1878	0
1879	0
1880	0
1881	0
1882	0
1883	0
1884	0
1885	0
1886	0
1887	0
1888	0
1889	0
1890	0
1891	0
1892	-1
1893	0
1894	0
1895	0
1896	-1
1897	-1
1898	0
1899	-1
1900	-2
1901	-1
1902	-1
1903	0
1904	-1
1905	0
1906	0
1907	-1
1908	0
1909	0
1910	0
1911	0
1912	0
1913	0
1914	0
1915	0
1916	0
1917	-1
1918	0
1919	-1
1920	0
1921	0
1922	-1
1923	0
1924	0
1925	0
1926	0
1927	0
1928	-1
1929	0
1930	-1
1931	0
1932	0
1933	0
1934	0
1935	0
1936	0
1937	0
1938	0
1939	0
1940	0
1941	0
1942	0
1943	0
1944	0
1945	0
1946	0
1947	0
1948	0
1949	-1
1950	-1
1951	0
1952	0
1953	0
1954	0
1955	0
1956	-1
1957	0
1958	0
1959	0
1960	0
1961	0
1962	0
1963	0
1964	-1
1965	0
1966	0
1967	0
1968	0
1969	0
1970	0
1971	0
1972	0
1973	0
1974	0
1975	0
1976	0
1977	0
1978	0
1979	0
1980	0
1981	0
1982	-1
1983	0
1984	0
1985	0
1986	-1
1987	0
1988	-1
1989	0
1990	-1
1991	-1
1992	-2
1993	-1
1994	-1
1995	-1
1996	-1
1997	-1
1998	-2
1999	-1
