0	0
1	0
2	0
3	0
4	0
5	0
6	0
7	0
8	0
9	0
10	0
11	0
12	-1
13	0
14	0
15	0
16	0
17	0
18	0
19	0
20	0
21	0
22	0
23	0
24	0
25	0
26	0
27	1
28	0
29	0
30	0
31	1
32	0
33	0
34	0
35	0
36	0
37	0
38	0
39	0
40	0
41	0
42	0
43	1
44	0
45	1
46	0
47	0
48	0
49	0
50	0
51	0
52	0
53	0
54	0
55	0
56	0
57	0
58	0
59	0
60	0
61	0
62	0
63	0
64	0
65	0
66	-1
67	-1
68	-1
69	0
70	-2
71	0
72	-1
73	0
74	-1
75	0
76	0
77	0
78	0
79	0
80	0
81	0
82	0
83	0
84	0
85	0
86	0
87	0
88	0
89	0
90	0
91	0
92	0
93	0
94	0
95	0
96	0
97	0
98	0
99	0
100	0
101	0
102	0
103	1
104	0
105	0
106	0
107	0
108	0
109	0
110	0
111	1
112	0
113	0
114	0
115	0
116	0
117	0
118	0
119	-1
120	0
121	0
122	0
123	0
124	0
125	0
126	0
127	0
128	0
129	0
130	0
131	0
132	0
133	0
134	0
135	0
136	0
137	0
138	0
139	0
140	0
141	1
142	0
143	1
144	0
145	0
146	0
147	0
148	0
149	1
150	0
151	1
152	0
153	1
154	0
155	0
156	0
157	0
158	0
159	0
160	0
161	0
162	0
163	0
164	0
165	0
166	-1
167	0
168	-1
169	0
170	0
171	0
172	-1
173	0
174	-1
175	0
176	-1
177	0
178	-1
179	0
180	0
181	-1
182	0
183	-1
184	-1
185	0
186	0
187	0
188	0
189	0
190	0
191	0
192	0
193	0
194	0
195	0
196	0
197	0
198	-1
199	0
200	0
201	0
202	0
203	0
204	0
205	0
206	0
207	0
208	0
209	0
210	0
211	0
212	0
213	0
214	0
215	0
216	0
217	0
218	0
219	0
220	0
221	0
222	0
223	0
224	0
225	0
226	0
227	0
228	0
229	0
230	0
231	0
232	0
233	0
234	0
235	0
236	0
237	0
238	0
239	1
240	0
241	0
242	0
243	0
244	0
245	0
246	0
247	0
248	0
249	1
250	0
251	0
252	0
253	0
254	0
255	0
256	0
257	0
258	0
259	0
260	0
261	0
262	0
263	0
264	0
265	0
266	0
267	0
268	0
269	0
270	-1
271	0
272	0
273	0
274	0
275	0
276	0
277	0
278	0
279	0
280	0
281	0
282	0
283	0
284	0
285	0
286	0
287	0
288	0
289	0
290	0
291	0
292	0
293	0
294	-1
295	0
296	-1
297	0
298	-1
299	-1
300	0
301	0
302	-1
303	-1
304	-1
305	0
306	-1
307	0
308	0
309	0
310	0
311	0
312	0
313	0
314	0
315	0
316	0
317	0
318	0
319	0
320	0
321	0
322	0
323	0
324	0
325	0
326	0
327	0
328	0
329	1
330	0
331	0
332	0
333	0
334	0
335	0
336	0
337	0
338	0
339	0
340	0
341	0
342	0
343	0
344	0
345	0
346	0
347	0
348	0
349	0
350	0
351	0
352	0
353	0
354	-1
355	0
356	0
357	0
358	0
359	0
360	0
361	0
362	0
363	0
364	0
365	0
366	0
367	0
368	0
369	0
370	0
371	0
372	0
373	0
374	0
375	0
376	0
377	0
378	0
379	0
380	0
381	0
382	0
383	0
384	0
385	0
386	0
387	0
388	0
389	0
390	0
391	0
392	0
393	0
394	0
395	1
396	0
397	0
398	0
399	2
400	0
401	1
402	0
403	1
404	0
405	1
406	0
407	2
408	1
409	2
410	1
411	1
412	0
413	2
414	0
415	3
416	1
417	2
418	1
419	1
420	1
421	2
422	1
423	3
424	3
425	2
426	1
427	3
428	1
429	2
430	1
431	2
432	1
433	1
434	1
435	1
436	1
437	1
438	1
439	2
440	2
441	4
442	4
443	6
444	7
445	10
446	10
447	15
448	14
449	20
450	21
451	25
452	27
453	31
454	32
455	37
456	40
457	43
458	45
459	51
460	50
461	55
462	58
463	62
464	64
465	67
466	69
467	72
468	74
469	77
470	77
471	79
472	80
473	82
474	84
475	84
476	85
477	86
478	85
479	87
480	86
481	89
482	87
483	87
484	86
485	88
486	85
487	85
488	85
489	84
490	82
491	82
492	79
493	78
494	75
495	76
496	75
497	76
498	76
499	78
500	62
501	67
502	65
503	65
504	64
505	63
506	57
507	58
508	54
509	54
510	52
511	52
512	48
513	47
514	45
515	43
516	40
517	42
518	39
519	38
520	34
521	35
522	30
523	30
524	27
525	27
526	25
527	24
528	21
529	21
530	18
531	18
532	14
533	14
534	10
535	10
536	9
537	7
538	6
539	6
540	3
541	4
542	1
543	2
544	0
545	-2
546	-3
547	-2
548	-5
549	-5
550	-6
551	-7
552	-8
553	-8
554	-9
555	-8
556	-10
557	-10
558	-11
559	-11
560	-11
561	-11
562	-11
563	-12
564	-12
565	-12
566	-13
567	-13
568	-13
569	-13
570	-14
571	-15
572	-14
573	-14
574	-15
575	-15
576	-16
577	-15
578	-15
579	-16
580	-16
581	-16
582	-17
583	-15
584	-17
585	-14
586	-16
587	-16
588	-15
589	-16
590	-16
591	-15
592	-16
593	-16
594	-16
595	-15
596	-15
597	-15
598	-15
599	-15
600	-15
601	-15
602	-15
603	-15
604	-15
605	-15
606	-15
607	-15
608	-15
609	-15
610	-15
611	-16
612	-15
613	-15
614	-15
615	-16
616	-15
617	-15
618	-15
619	-15
620	-15
621	-15
622	-15
623	-15
624	-15
625	-15
626	-14
627	-14
628	-13
629	-13
630	-15
631	-13
632	-14
633	-12
634	-13
635	-13
636	-12
637	-12
638	-12
639	-12
640	-12
641	-12
642	-13
643	-12
644	-13
645	-11
646	-13
647	-10
648	-13
649	-11
650	-13
651	-11
652	-13
653	-11
654	-12
655	-10
656	-12
657	-10
658	-12
659	-9
660	-11
661	-10
662	-11
663	-9
664	-9
665	-9
666	-9
667	-9
668	-10
669	-8
670	-10
671	-7
672	-8
673	-7
674	-7
675	-8
676	-7
677	-6
678	-7
679	-5
680	-6
681	-4
682	-7
683	-5
684	-7
685	-3
686	-7
687	-4
688	-7
689	-5
690	-6
691	-4
692	-6
693	-4
694	-4
695	-4
696	-6
697	-4
698	-5
699	-3
700	-6
701	-3
702	-4
703	-3
704	-5
705	-3
706	-5
707	-1
708	-6
709	-3
710	-5
711	-3
712	-4
713	-3
714	-4
715	-3
716	-4
717	0
718	-3
719	-2
720	-3
721	-1
722	-3
723	-2
724	-2
725	-1
726	-4
727	-1
728	-2
729	0
730	-3
731	-1
732	-3
733	-3
734	-4
735	-1
736	-3
737	-1
738	-2
739	-1
740	-2
741	-1
742	-3
743	-1
744	-3
745	-2
746	-2
747	-1
748	-1
749	-1
750	-3
751	-1
752	-2
753	-1
754	-2
755	-2
756	-3
757	-1
758	-3
759	-1
760	-3
761	-1
762	-4
763	-1
764	-2
765	-1
766	0
767	0
768	-2
769	-1
770	-2
771	-1
772	-1
773	0
774	0
775	0
776	0
777	-2
778	-2
779	-1
780	0
781	0
782	-1
783	0
784	-1
785	0
786	-2
787	0
788	-2
789	-1
790	-1
791	-1
792	-2
793	-1
794	-1
795	-1
796	0
797	-1
798	-2
799	-1
800	-3
801	-1
802	-3
803	-1
804	-3
805	-1
806	-3
807	-1
808	-2
809	0
810	-1
811	-2
812	-3
813	-1
814	-2
815	-1
816	-2
817	0
818	-1
819	0
820	-1
821	0
822	-1
823	0
824	-1
825	0
826	-1
827	0
828	0
829	0
830	0
831	0
832	0
833	1
834	0
835	0
836	0
837	1
838	0
839	1
840	0
841	0
842	0
843	1
844	0
845	1
846	0
847	0
848	0
849	1
850	0
851	0
852	0
853	0
854	0
855	0
856	0
857	0
858	0
859	0
860	0
861	0
862	0
863	0
864	0
865	1
866	0
867	1
868	1
869	1
870	0
871	1
872	1
873	1
874	1
875	2
876	1
877	1
878	1
879	1
880	2
881	2
882	1
883	2
884	1
885	2
886	0
887	1
888	0
889	1
890	1
891	1
892	1
893	1
894	1
895	1
896	0
897	1
898	0
899	1
900	1
901	0
902	0
903	1
904	1
905	1
906	0
907	1
908	0
909	1
910	1
911	1
912	0
913	1
914	0
915	1
916	1
917	1
918	0
919	0
920	0
921	0
922	0
923	0
924	0
925	0
926	0
927	0
928	0
929	0
930	0
931	0
932	-1
933	0
934	-1
935	0
936	-1
937	0
938	-1
939	0
940	-2
941	0
942	-2
943	0
944	-2
945	0
946	-1
947	0
948	0
949	0
950	0
951	0
952	0
953	0
954	0
955	0
956	0
957	0
958	-1
959	0
960	0
961	0
962	0
963	0
964	0
965	0
966	0
967	0
968	0
969	0
970	0
971	0
972	0
973	0
974	0
975	0
976	0
977	0
978	0
979	0
980	0
981	0
982	0
983	0
984	0
985	0
986	0
987	0
988	0
989	0
990	0
991	1
992	0
993	0
994	0
995	0
996	0
997	0
998	0
999	1
1000	0
1001	0
1002	0
1003	0
1004	0
1005	0
1006	0
1007	1
1008	0
1009	0
1010	0
1011	0
1012	0
1013	0
1014	0
1015	0
1016	0
1017	0
1018	0
1019	1
1020	0
1021	0
1022	0
1023	0
1024	0
1025	0
1026	0
1027	0
1028	0
1029	0
1030	0
1031	0
1032	0
1033	1
1034	0
1035	1
1036	0
1037	1
1038	0
1039	2
1040	1
1041	1
1042	1
1043	0
1044	0
1045	0
1046	0
1047	1
1048	0
1049	1
1050	0
1051	0
1052	0
1053	0
1054	0
1055	0
1056	0
1057	0
1058	0
1059	0
1060	0
1061	0
1062	0
1063	0
1064	-1
1065	0
1066	0
1067	0
1068	0
1069	0
1070	0
1071	0
1072	0
1073	0
1074	0
1075	0
1076	0
1077	0
1078	0
1079	0
1080	0
1081	0
1082	0
1083	0
1084	-1
1085	0
1086	-1
1087	0
1088	-1
1089	0
1090	-1
1091	0
1092	-1
1093	0
1094	-1
1095	0
1096	-1
1097	0
1098	-2
1099	0
1100	-1
1101	0
1102	-1
1103	-1
1104	0
1105	0
1106	0
1107	0
1108	0
1109	0
1110	0
1111	0
1112	0
1113	0
1114	0
1115	0
1116	0
1117	0
1118	0
1119	0
1120	-1
1121	0
1122	-1
1123	0
1124	0
1125	0
1126	-1
1127	0
1128	-1
1129	0
1130	0
1131	0
1132	-1
1133	-2
1134	-2
1135	-1
1136	-1
1137	-1
1138	-2
1139	-1
1140	-2
1141	-1
1142	-2
1143	-1
1144	-2
1145	-2
1146	-2
1147	-1
1148	-2
1149	-1
1150	-1
1151	-1
1152	-1
1153	-2
1154	-2
1155	-1
1156	-2
1157	-1
1158	0
1159	-1
1160	-1
1161	-1
1162	-1
1163	-1
1164	-1
1165	0
1166	0
1167	-1
1168	0
1169	0
1170	0
1171	0
1172	0
1173	0
1174	0
1175	0
1176	0
1177	0
1178	0
1179	0
1180	-1
1181	0
1182	-1
1183	0
1184	-1
1185	0
1186	0
1187	-1
1188	0
1189	-1
1190	-2
1191	-1
1192	-2
1193	-1
1194	-2
1195	-1
1196	-2
1197	0
1198	-2
1199	0
1200	-1
1201	-1
1202	-1
1203	-1
1204	-1
1205	-1
1206	-1
1207	0
1208	-1
1209	0
1210	0
1211	0
1212	-1
1213	0
1214	-1
1215	0
1216	-1
1217	0
1218	0
1219	0
1220	0
1221	0
1222	0
1223	0
1224	0
1225	0
1226	0
1227	0
1228	0
1229	0
1230	0
1231	0
1232	0
1233	0
1234	-1
1235	0
1236	-1
1237	0
1238	0
1239	0
1240	0
1241	0
1242	-1
1243	0
1244	-1
1245	0
1246	-1
1247	0
1248	-1
1249	-1
1250	-1
1251	0
1252	-1
1253	0
1254	0
1255	-1
1256	-1
1257	0
1258	0
1259	0
1260	0
1261	-1
1262	-1
1263	0
1264	0
1265	0
1266	-1
1267	0
1268	-1
1269	0
1270	-1
1271	0
1272	0
1273	0
1274	-1
1275	0
1276	-1
1277	0
1278	-1
1279	-1
1280	-1
1281	0
1282	-1
1283	-1
1284	-1
1285	0
1286	-2
1287	0
1288	-1
1289	0
1290	0
1291	0
1292	-1
1293	0
1294	0
1295	0
1296	-1
1297	-1
1298	0
1299	0
1300	0
1301	0
1302	-1
1303	0
1304	-1
1305	0
1306	-1
1307	0
1308	-1
1309	0
1310	-1
1311	0
1312	-2
1313	0
1314	-1
1315	-1
1316	-1
1317	0
1318	-1
1319	0
1320	0
1321	-1
1322	-2
1323	0
1324	-1
1325	-1
1326	-1
1327	0
1328	-1
1329	0
1330	0
1331	0
1332	0
1333	0
1334	0
1335	-1
1336	0
1337	-1
1338	0
1339	0
1340	0
1341	0
1342	0
1343	0
1344	0
1345	0
1346	0
1347	0
1348	0
1349	0
1350	0
1351	0
1352	0
1353	0
1354	-1
1355	0
1356	-1
1357	0
1358	0
1359	0
1360	-2
1361	0
1362	-1
1363	0
1364	-1
1365	0
1366	-1
1367	0
1368	-1
1369	0
1370	0
1371	0
1372	-1
1373	0
1374	-1
1375	0
1376	-1
1377	0
1378	0
1379	0
1380	0
1381	0
1382	0
1383	0
1384	-1
1385	0
1386	-1
1387	0
1388	0
1389	0
1390	-1
1391	0
1392	-2
1393	0
1394	-1
1395	0
1396	-1
1397	0
1398	-1
1399	-1
1400	0
1401	-1
1402	-1
1403	-1
1404	-1
1405	0
1406	-2
1407	0
1408	-1
1409	0
1410	-1
1411	0
1412	0
1413	0
1414	0
1415	0
1416	0
1417	0
1418	0
1419	0
1420	-1
1421	0
1422	0
1423	0
1424	0
1425	0
1426	-1
1427	0
1428	0
1429	0
1430	-1
1431	0
1432	-1
1433	0
1434	-1
1435	0
1436	0
1437	0
1438	-1
1439	0
1440	0
1441	0
1442	-1
1443	0
1444	0
1445	0
1446	0
1447	0
1448	0
1449	0
1450	0
1451	0
1452	0
1453	1
1454	-1
1455	0
1456	0
1457	0
1458	0
1459	0
1460	0
1461	0
1462	0
1463	0
1464	0
1465	0
1466	0
1467	0
1468	0
1469	0
1470	0
1471	0
1472	-1
1473	0
1474	-1
1475	0
1476	-1
1477	0
1478	-1
1479	-1
1480	-1
1481	0
1482	-2
1483	0
1484	-1
1485	0
1486	0
1487	0
1488	-1
1489	0
1490	0
1491	0
1492	-1
1493	0
1494	0
1495	0
1496	0
1497	0
1498	0
1499	0
1500	0
1501	0
1502	0
1503	0
1504	0
1505	0
1506	0
1507	0
1508	0
1509	0
1510	0
1511	0
1512	0
1513	0
1514	-1
1515	0
1516	0
1517	0
1518	-1
1519	0
1520	-1
1521	-1
1522	0
1523	0
1524	-1
1525	0
1526	-1
1527	0
1528	-1
1529	0
1530	-1
1531	0
1532	0
1533	0
1534	-2
1535	-1
1536	-2
1537	-1
1538	-1
1539	-1
1540	0
1541	0
1542	0
1543	0
1544	0
1545	0
1546	0
1547	0
1548	0
1549	0
1550	0
1551	0
1552	0
1553	0
1554	0
1555	0
1556	0
1557	0
1558	0
1559	0
1560	0
1561	0
1562	0
1563	0
1564	-1
1565	0
1566	0
1567	0
1568	-1
1569	0
1570	-1
1571	0
1572	0
1573	-1
1574	0
1575	0
1576	-1
1577	0
1578	0
1579	0
1580	-1
1581	0
1582	-1
1583	0
1584	0
1585	0
1586	-1
1587	0
1588	-1
1589	0
1590	0
1591	0
1592	0
1593	0
1594	0
1595	0
1596	0
1597	0
1598	0
1599	0
1600	0
1601	0
1602	0
1603	0
1604	0
1605	0
1606	-1
1607	0
1608	-1
1609	0
1610	0
1611	0
1612	0
1613	0
1614	-1
1615	0
1616	0
1617	0
1618	-1
1619	-1
1620	-1
1621	-1
1622	-1
1623	0
1624	0
1625	0
1626	0
1627	0
1628	0
1629	0
1630	0
1631	0
1632	0
1633	0
1634	0
1635	-1
1636	0
1637	0
1638	0
1639	0
1640	0
1641	0
1642	-1
1643	0
1644	0
1645	0
1646	0
1647	0
1648	0
1649	0
1650	0
1651	0
1652	0
1653	0
1654	0
1655	0
1656	0
1657	-1
1658	-1
1659	0
1660	0
1661	0
1662	0
1663	0
1664	-1
1665	0
1666	0
1667	0
1668	-1
1669	0
1670	0
1671	0
1672	-1
1673	0
1674	0
1675	0
1676	0
1677	0
1678	0
1679	0
1680	-1
1681	0
1682	0
1683	0
1684	0
1685	0
1686	0
1687	0
1688	0
1689	0
1690	0
1691	0
1692	0
1693	0
1694	0
1695	0
1696	0
1697	0
1698	0
1699	0
1700	0
1701	0
1702	0
1703	0
1704	0
1705	0
1706	-1
1707	0
1708	0
1709	0
1710	0
1711	0
1712	0
1713	0
1714	0
1715	0
1716	0
1717	0
1718	0
1719	0
1720	0
1721	0
1722	0
1723	0
1724	0
1725	0
1726	0
1727	0
1728	0
1729	0
1730	0
1731	0
1732	0
1733	0
1734	0
1735	0
1736	0
1737	0
1738	0
1739	0
1740	1
1741	0
1742	0
1743	0
1744	0
1745	1
1746	0
1747	1
1748	0
1749	1
1750	0
1751	1
1752	1
1753	2
1754	1
1755	1
1756	0
1757	0
1758	0
1759	0
1760	0
1761	0
1762	0
1763	1
1764	0
1765	0
1766	0
1767	0
1768	0
1769	0
1770	0
1771	1
1772	0
1773	2
1774	0
1775	1
1776	0
1777	0
1778	0
1779	1
1780	1
1781	1
1782	1
1783	1
1784	1
1785	1
1786	1
1787	2
1788	1
1789	1
1790	0
1791	0
1792	1
1793	0
1794	2
1795	1
1796	2
1797	1
1798	0
1799	1
1800	1
1801	1
1802	1
1803	1
1804	0
1805	1
1806	0
1807	1
1808	1
1809	1
1810	1
1811	1
1812	1
1813	1
1814	1
1815	1
1816	1
1817	1
1818	1
1819	1
1820	1
1821	1
1822	0
1823	1
1824	0
1825	1
1826	0
1827	1
1828	0
1829	1
1830	1
1831	1
1832	0
1833	0
1834	0
1835	0
1836	0
1837	0
1838	0
1839	1
1840	0
1841	0
1842	0
1843	0
1844	0
1845	0
1846	-1
1847	0
1848	0
1849	0
1850	0
1851	0
1852	0
1853	0
1854	0
1855	0
1856	0
1857	0
1858	0
1859	0
1860	0
1861	0
1862	0
1863	0
1864	-1
1865	0
1866	0
1867	0
1868	0
1869	-1
1870	0
1871	0
1872	0
1873	0
1874	0
1875	-2
1876	-1
1877	-1
1878	-1
1879	-1
1880	-1
1881	-1
1882	-1
1883	0
1884	-1
1885	-1
1886	-1
1887	-1
1888	0
1889	-1
1890	-1
1891	0
1892	-1
1893	0
1894	0
1895	0
1896	-1
1897	0
1898	0
1899	0
1900	0
1901	-1
1902	-1
1903	-1
1904	-1
1905	-1
1906	-2
1907	-1
1908	0
1909	0
1910	-2
1911	0
1912	-2
1913	-1
1914	-1
1915	0
1916	-1
1917	0
1918	-2
1919	0
1920	0
1921	0
1922	0
1923	0
1924	0
1925	0
1926	0
1927	0
1928	-1
1929	0
1930	-1
1931	0
1932	0
1933	0
1934	0
1935	0
1936	0
1937	-1
1938	0
1939	-1
1940	-2
1941	-1
1942	-1
1943	-1
1944	-1
1945	-1
1946	-1
1947	0
1948	-1
1949	0
1950	-1
1951	0
1952	0
1953	0
1954	0
1955	0
1956	0
1957	0
1958	0
1959	0
1960	0
1961	0
1962	0
1963	0
1964	0
1965	0
1966	0
1967	0
1968	-2
1969	0
1970	0
1971	0
1972	0
1973	0
1974	-1
1975	0
1976	-1
1977	0
1978	0
1979	-1
1980	0
1981	-1
1982	0
1983	0
1984	0
1985	0
1986	0
1987	0
1988	-1
1989	0
1990	0
1991	0
1992	-1
1993	0
1994	-2
1995	0
1996	-1
1997	0
1998	-1
1999	-1
