0	0
1	0
2	0
3	0
4	0
5	0
6	0
7	0
8	0
9	0
10	0
11	0
12	-1
13	0
14	0
15	0
16	0
17	0
18	0
19	1
20	0
21	0
22	0
23	1
24	0
25	0
26	0
27	0
28	0
29	0
30	0
31	0
32	0
33	0
34	0
35	0
36	0
37	0
38	0
39	0
40	0
41	0
42	0
43	0
44	0
45	0
46	0
47	0
48	0
49	0
50	0
51	0
52	0
53	0
54	0
55	0
56	0
57	1
58	0
59	0
60	0
61	0
62	0
63	0
64	0
65	2
66	0
67	1
68	0
69	1
70	0
71	1
72	0
73	2
74	1
75	1
76	1
77	1
78	1
79	1
80	1
81	1
82	0
83	1
84	0
85	1
86	0
87	0
88	0
89	0
90	0
91	0
92	0
93	0
94	0
95	0
96	0
97	0
98	0
99	0
100	0
101	0
102	0
103	0
104	0
105	0
106	0
107	0
108	0
109	0
110	0
111	0
112	0
113	0
114	-1
115	0
116	-1
117	0
118	0
119	-1
120	0
121	0
122	0
123	0
124	0
125	0
126	0
127	0
128	-1
129	0
130	0
131	0
132	0
133	0
134	0
135	0
136	0
137	0
138	-1
139	0
140	0
141	0
142	0
143	0
144	0
145	0
146	0
147	0
148	0
149	1
150	0
151	0
152	0
153	0
154	0
155	0
156	0
157	0
158	0
159	0
160	0
161	0
162	0
163	0
164	1
165	0
166	0
167	0
168	0
169	0
170	0
171	1
172	1
173	0
174	1
175	1
176	0
177	0
178	0
179	0
180	0
181	1
182	0
183	1
184	0
185	2
186	0
187	0
188	1
189	1
190	0
191	0
192	0
193	0
194	0
195	1
196	0
197	0
198	0
199	0
200	0
201	0
202	0
203	0
204	0
205	0
206	-1
207	0
208	-1
209	0
210	0
211	0
212	-1
213	0
214	-1
215	0
216	-1
217	0
218	0
219	0
220	-1
221	0
222	-1
223	0
224	0
225	0
226	0
227	0
228	0
229	0
230	0
231	0
232	0
233	0
234	0
235	0
236	0
237	0
238	0
239	0
240	0
241	-1
242	0
243	0
244	0
245	0
246	0
247	0
248	0
249	0
250	-1
251	0
252	0
253	0
254	0
255	0
256	0
257	0
258	0
259	0
260	0
261	0
262	0
263	1
264	0
265	0
266	0
267	0
268	0
269	1
270	0
271	1
272	0
273	0
274	1
275	0
276	1
277	1
278	0
279	0
280	1
281	1
282	1
283	1
284	1
285	1
286	0
287	1
288	0
289	1
290	0
291	1
292	0
293	0
294	1
295	0
296	0
297	0
298	0
299	0
300	0
301	1
302	0
303	0
304	0
305	0
306	0
307	0
308	0
309	0
310	0
311	0
312	0
313	0
314	0
315	0
316	0
317	0
318	0
319	0
320	-1
321	0
322	0
323	0
324	0
325	0
326	0
327	0
328	-1
329	0
330	0
331	0
332	0
333	0
334	-1
335	0
336	0
337	0
338	0
339	0
340	0
341	0
342	0
343	0
344	-1
345	0
346	-2
347	0
348	-1
349	0
350	0
351	0
352	0
353	0
354	0
355	0
356	0
357	0
358	0
359	0
360	0
361	0
362	0
363	0
364	0
365	0
366	0
367	0
368	0
369	0
370	0
371	1
372	0
373	1
374	0
375	0
376	0
377	0
378	0
379	0
380	0
381	0
382	0
383	0
384	0
385	1
386	0
387	1
388	0
389	1
390	0
391	0
392	0
393	0
394	0
395	0
396	0
397	1
398	0
399	0
400	0
401	0
402	0
403	0
404	0
405	0
406	0
407	0
408	0
409	0
410	0
411	0
412	0
413	0
414	0
415	0
416	0
417	0
418	0
419	0
420	0
421	0
422	0
423	0
424	0
425	0
426	-1
427	0
428	0
429	0
430	0
431	0
432	0
433	0
434	0
435	0
436	0
437	0
438	0
439	1
440	0
441	0
442	0
443	1
444	2
445	4
446	4
447	7
448	7
449	15
450	14
451	18
452	21
453	26
454	28
455	33
456	35
457	40
458	44
459	47
460	50
461	57
462	60
463	63
464	65
465	70
466	73
467	76
468	78
469	82
470	84
471	87
472	87
473	93
474	92
475	97
476	95
477	97
478	97
479	100
480	98
481	99
482	97
483	99
484	97
485	99
486	95
487	94
488	93
489	92
490	89
491	90
492	86
493	85
494	81
495	81
496	77
497	77
498	77
499	78
500	62
501	67
502	64
503	63
504	60
505	57
506	53
507	52
508	50
509	48
510	43
511	42
512	37
513	36
514	33
515	31
516	28
517	28
518	23
519	22
520	18
521	18
522	16
523	14
524	11
525	10
526	5
527	8
528	4
529	2
530	1
531	0
532	-2
533	-2
534	-5
535	-5
536	-9
537	-8
538	-10
539	-10
540	-12
541	-12
542	-12
543	-12
544	-12
545	-12
546	-13
547	-13
548	-15
549	-15
550	-16
551	-16
552	-17
553	-16
554	-18
555	-17
556	-18
557	-17
558	-19
559	-17
560	-19
561	-18
562	-19
563	-18
564	-22
565	-17
566	-21
567	-18
568	-21
569	-19
570	-19
571	-18
572	-20
573	-19
574	-18
575	-19
576	-20
577	-19
578	-19
579	-18
580	-19
581	-17
582	-17
583	-16
584	-17
585	-16
586	-17
587	-16
588	-16
589	-16
590	-16
591	-15
592	-16
593	-14
594	-15
595	-14
596	-15
597	-14
598	-14
599	-14
600	-14
601	-13
602	-14
603	-13
604	-14
605	-14
606	-14
607	-13
608	-14
609	-13
610	-13
611	-11
612	-12
613	-10
614	-12
615	-11
616	-12
617	-10
618	-11
619	-9
620	-11
621	-8
622	-10
623	-8
624	-10
625	-8
626	-8
627	-7
628	-7
629	-6
630	-7
631	-5
632	-7
633	-4
634	-7
635	-4
636	-6
637	-3
638	-7
639	-3
640	-4
641	-2
642	-4
643	-2
644	-4
645	-2
646	-4
647	-2
648	-4
649	-1
650	-4
651	-2
652	-2
653	-1
654	-3
655	-1
656	-2
657	-1
658	-2
659	0
660	-2
661	-1
662	-2
663	-1
664	-3
665	-1
666	-2
667	0
668	-3
669	-1
670	-3
671	-1
672	-3
673	-1
674	-2
675	0
676	-1
677	0
678	-2
679	0
680	-1
681	0
682	0
683	0
684	0
685	0
686	0
687	0
688	0
689	-1
690	-1
691	0
692	-1
693	0
694	0
695	0
696	0
697	0
698	-1
699	0
700	-1
701	0
702	-1
703	0
704	-1
705	0
706	0
707	0
708	0
709	0
710	0
711	0
712	0
713	0
714	0
715	0
716	0
717	0
718	0
719	0
720	0
721	0
722	0
723	0
724	-1
725	0
726	-1
727	0
728	0
729	0
730	0
731	0
732	0
733	0
734	0
735	0
736	-1
737	0
738	-1
739	0
740	-1
741	0
742	-1
743	0
744	0
745	0
746	-1
747	0
748	-1
749	-1
750	0
751	0
752	0
753	0
754	0
755	0
756	0
757	0
758	0
759	0
760	0
761	0
762	0
763	0
764	0
765	0
766	0
767	0
768	0
769	0
770	0
771	-1
772	0
773	0
774	-1
775	-1
776	-1
777	0
778	-1
779	0
780	0
781	0
782	0
783	0
784	0
785	0
786	0
787	-1
788	0
789	0
790	-1
791	0
792	0
793	0
794	0
795	0
796	0
797	0
798	0
799	0
800	0
801	0
802	0
803	0
804	0
805	0
806	-1
807	0
808	0
809	0
810	0
811	0
812	-1
813	-1
814	-1
815	0
816	0
817	0
818	0
819	-1
820	-1
821	-1
822	-1
823	-1
824	-1
825	-1
826	-1
827	-1
828	-1
829	-1
830	-1
831	-1
832	0
833	0
834	0
835	0
836	0
837	0
838	0
839	-1
840	-1
841	0
842	-1
843	0
844	-1
845	0
846	0
847	0
848	0
849	0
850	-1
851	0
852	0
853	0
854	0
855	0
856	0
857	0
858	0
859	0
860	0
861	0
862	-1
863	0
864	-1
865	-1
866	0
867	0
868	0
869	-1
870	0
871	-1
872	-1
873	-1
874	-2
875	-1
876	-1
877	0
878	-1
879	-1
880	-1
881	0
882	-1
883	-1
884	-2
885	0
886	0
887	0
888	0
889	0
890	-1
891	-1
892	0
893	0
894	0
895	0
896	0
897	0
898	0
899	0
900	0
901	0
902	0
903	0
904	0
905	0
906	0
907	0
908	0
909	0
910	0
911	-1
912	0
913	0
914	0
915	0
916	0
917	0
918	-1
919	0
920	0
921	0
922	0
923	0
924	-1
925	0
926	0
927	0
928	-1
929	0
930	-1
931	0
932	0
933	0
934	0
935	0
936	0
937	0
938	0
939	0
940	0
941	0
942	0
943	0
944	0
945	0
946	0
947	0
948	0
949	0
950	0
951	0
952	-1
953	0
954	-3
955	-1
956	-1
957	0
958	-2
959	-1
960	-1
961	0
962	-2
963	0
964	-2
965	0
966	-2
967	-1
968	-1
969	-1
970	-2
971	-1
972	0
973	-1
974	-1
975	-1
976	-1
977	0
978	-1
979	0
980	-1
981	0
982	0
983	0
984	0
985	0
986	0
987	0
988	-1
989	0
990	-2
991	0
992	-1
993	-1
994	0
995	-1
996	-1
997	0
998	0
999	0
1000	0
1001	0
1002	0
1003	0
1004	-2
1005	0
1006	0
1007	0
1008	0
1009	0
1010	0
1011	0
1012	-1
1013	0
1014	0
1015	-1
1016	-1
1017	0
1018	-1
1019	0
1020	-1
1021	-2
1022	-1
1023	-1
1024	-1
1025	0
1026	-1
1027	-1
1028	-1
1029	-1
1030	-1
1031	-1
1032	-1
1033	0
1034	-1
1035	0
1036	-1
1037	0
1038	0
1039	0
1040	0
1041	0
1042	0
1043	0
1044	0
1045	0
1046	0
1047	1
1048	0
1049	1
1050	0
1051	2
1052	0
1053	0
1054	0
1055	1
1056	0
1057	0
1058	0
1059	0
1060	0
1061	0
1062	-1
1063	0
1064	-2
1065	0
1066	-1
1067	0
1068	-1
1069	0
1070	-1
1071	-1
1072	-2
1073	-1
1074	-2
1075	0
1076	-2
1077	-1
1078	-1
1079	0
1080	-1
1081	0
1082	-1
1083	0
1084	-1
1085	0
1086	-1
1087	0
1088	0
1089	0
1090	0
1091	0
1092	0
1093	0
1094	0
1095	0
1096	0
1097	1
1098	0
1099	0
1100	0
1101	0
1102	1
1103	1
1104	0
1105	1
1106	0
1107	0
1108	1
1109	0
1110	1
1111	0
1112	0
1113	2
1114	0
1115	1
1116	0
1117	0
1118	0
1119	0
1120	0
1121	0
1122	0
1123	1
1124	0
1125	0
1126	0
1127	0
1128	0
1129	0
1130	1
1131	0
1132	0
1133	0
1134	0
1135	0
1136	-1
1137	1
1138	0
1139	1
1140	0
1141	0
1142	0
1143	0
1144	0
1145	0
1146	-1
1147	0
1148	0
1149	0
1150	0
1151	0
1152	0
1153	1
1154	0
1155	1
1156	1
1157	0
1158	0
1159	0
1160	0
1161	1
1162	0
1163	1
1164	0
1165	1
1166	0
1167	0
1168	0
1169	0
1170	0
1171	1
1172	0
1173	1
1174	0
1175	0
1176	0
1177	0
1178	0
1179	1
1180	0
1181	0
1182	0
1183	0
1184	0
1185	0
1186	0
1187	0
1188	0
1189	0
1190	0
1191	0
1192	0
1193	0
1194	0
1195	0
1196	0
1197	0
1198	0
1199	1
1200	-1
1201	1
1202	-1
1203	0
1204	-1
1205	0
1206	0
1207	0
1208	0
1209	0
1210	0
1211	0
1212	0
1213	0
1214	0
1215	1
1216	0
1217	0
1218	0
1219	0
1220	0
1221	0
1222	0
1223	0
1224	0
1225	0
1226	0
1227	0
1228	0
1229	0
1230	0
1231	0
1232	0
1233	-1
1234	0
1235	0
1236	0
1237	-1
1238	-1
1239	-1
1240	-1
1241	-2
1242	-2
1243	0
1244	-2
1245	-1
1246	-2
1247	-1
1248	-2
1249	-1
1250	-2
1251	-1
1252	-2
1253	-2
1254	-1
1255	0
1256	-2
1257	-1
1258	-2
1259	-2
1260	-1
1261	-1
1262	-1
1263	-1
1264	-1
1265	-1
1266	-1
1267	0
1268	-2
1269	0
1270	0
1271	0
1272	-1
1273	0
1274	-1
1275	0
1276	-2
1277	0
1278	-1
1279	0
1280	0
1281	0
1282	0
1283	-1
1284	-1
1285	-1
1286	0
1287	-1
1288	-1
1289	-1
1290	-1
1291	-1
1292	-1
1293	0
1294	-3
1295	-1
1296	-1
1297	-1
1298	-2
1299	-1
1300	-2
1301	-1
1302	-1
1303	-1
1304	0
1305	0
1306	-1
1307	-1
1308	-2
1309	0
1310	-1
1311	0
1312	0
1313	-1
1314	-2
1315	0
1316	0
1317	0
1318	0
1319	0
1320	0
1321	-1
1322	-1
1323	0
1324	-1
1325	0
1326	-1
1327	0
1328	-2
1329	0
1330	-1
1331	0
1332	-1
1333	0
1334	0
1335	0
1336	0
1337	0
1338	0
1339	0
1340	0
1341	-1
1342	-1
1343	-1
1344	0
1345	-1
1346	0
1347	0
1348	-1
1349	0
1350	0
1351	0
1352	0
1353	0
1354	0
1355	0
1356	-1
1357	0
1358	0
1359	0
1360	-1
1361	0
1362	-1
1363	0
1364	-1
1365	0
1366	-2
1367	0
1368	-2
1369	0
1370	-1
1371	0
1372	-2
1373	-1
1374	-2
1375	-1
1376	-1
1377	-1
1378	-1
1379	-1
1380	-2
1381	0
1382	-2
1383	-1
1384	-1
1385	-1
1386	-1
1387	0
1388	-1
1389	0
1390	-1
1391	0
1392	-2
1393	0
1394	0
1395	0
1396	0
1397	0
1398	0
1399	0
1400	0
1401	0
1402	0
1403	0
1404	0
1405	0
1406	-1
1407	0
1408	0
1409	0
1410	0
1411	1
1412	0
1413	0
1414	0
1415	0
1416	0
1417	1
1418	0
1419	0
1420	0
1421	0
1422	0
1423	0
1424	0
1425	-1
1426	0
1427	0
1428	0
1429	0
1430	0
1431	0
1432	-2
1433	-1
1434	-1
1435	-1
1436	-1
1437	0
1438	-2
1439	0
1440	-1
1441	0
1442	-2
1443	0
1444	-1
1445	0
1446	-2
1447	0
1448	-2
1449	-1
1450	0
1451	0
1452	0
1453	0
1454	-1
1455	0
1456	0
1457	0
1458	0
1459	1
1460	0
1461	0
1462	0
1463	0
1464	0
1465	0
1466	0
1467	0
1468	0
1469	0
1470	0
1471	0
1472	-1
1473	0
1474	0
1475	0
1476	0
1477	0
1478	0
1479	0
1480	0
1481	0
1482	0
1483	0
1484	-2
1485	0
1486	-1
1487	0
1488	-1
1489	0
1490	-2
1491	0
1492	-2
1493	0
1494	-1
1495	-1
1496	-2
1497	0
1498	-2
1499	0
1500	0
1501	0
1502	-1
1503	-1
1504	-2
1505	0
1506	-1
1507	0
1508	-2
1509	0
1510	0
1511	0
1512	0
1513	0
1514	0
1515	0
1516	0
1517	0
1518	0
1519	0
1520	0
1521	0
1522	-1
1523	0
1524	-1
1525	0
1526	-1
1527	0
1528	0
1529	0
1530	0
1531	0
1532	0
1533	0
1534	-1
1535	0
1536	0
1537	0
1538	0
1539	0
1540	0
1541	0
1542	0
1543	0
1544	0
1545	0
1546	0
1547	0
1548	0
1549	0
1550	0
1551	0
1552	0
1553	0
1554	-1
1555	0
1556	0
1557	0
1558	0
1559	0
1560	-1
1561	0
1562	-1
1563	0
1564	-1
1565	0
1566	-1
1567	0
1568	0
1569	0
1570	0
1571	0
1572	-1
1573	0
1574	-1
1575	0
1576	-1
1577	0
1578	-1
1579	0
1580	0
1581	0
1582	0
1583	0
1584	0
1585	0
1586	0
1587	0
1588	-1
1589	0
1590	-1
1591	0
1592	0
1593	0
1594	-1
1595	0
1596	0
1597	0
1598	0
1599	-1
1600	0
1601	0
1602	-1
1603	0
1604	-1
1605	0
1606	-1
1607	0
1608	-1
1609	0
1610	-1
1611	0
1612	0
1613	0
1614	-1
1615	0
1616	-1
1617	0
1618	-1
1619	0
1620	-1
1621	0
1622	-1
1623	0
1624	-2
1625	0
1626	-2
1627	-1
1628	-1
1629	0
1630	0
1631	0
1632	-2
1633	-1
1634	-1
1635	-1
1636	-2
1637	-1
1638	0
1639	0
1640	-1
1641	0
1642	-1
1643	-1
1644	-1
1645	0
1646	-1
1647	0
1648	-1
1649	0
1650	0
1651	0
1652	0
1653	0
1654	0
1655	0
1656	0
1657	0
1658	0
1659	0
1660	-1
1661	0
1662	0
1663	0
1664	0
1665	0
1666	0
1667	0
1668	0
1669	0
1670	0
1671	0
1672	0
1673	0
1674	-1
1675	0
1676	0
1677	0
1678	0
1679	0
1680	0
1681	0
1682	-1
1683	0
1684	-1
1685	0
1686	-1
1687	0
1688	-2
1689	0
1690	0
1691	0
1692	-1
1693	0
1694	-1
1695	0
1696	-1
1697	-1
1698	-1
1699	0
1700	0
1701	0
1702	-1
1703	0
1704	0
1705	0
1706	-1
1707	0
1708	0
1709	0
1710	0
1711	0
1712	0
1713	0
1714	0
1715	0
1716	0
1717	0
1718	0
1719	0
1720	0
1721	0
1722	0
1723	0
1724	0
1725	0
1726	0
1727	0
1728	0
1729	0
1730	0
1731	0
1732	0
1733	0
1734	-1
1735	0
1736	0
1737	0
1738	-1
1739	0
1740	-1
1741	0
1742	0
1743	0
1744	-1
1745	0
1746	-1
1747	0
1748	-1
1749	0
1750	-1
1751	0
1752	-1
1753	0
1754	-1
1755	-1
1756	0
1757	0
1758	0
1759	0
1760	0
1761	0
1762	0
1763	0
1764	0
1765	0
1766	0
1767	0
1768	0
1769	0
1770	0
1771	0
1772	0
1773	0
1774	0
1775	0
1776	0
1777	0
1778	0
1779	0
1780	0
1781	0
1782	0
1783	0
1784	0
1785	0
1786	0
1787	0
1788	0
1789	0
1790	0
1791	0
1792	0
1793	1
1794	0
1795	0
1796	0
1797	0
1798	0
1799	1
1800	0
1801	1
1802	0
1803	1
1804	1
1805	1
1806	1
1807	1
1808	1
1809	1
1810	2
1811	1
1812	2
1813	1
1814	1
1815	1
1816	1
1817	1
1818	0
1819	1
1820	0
1821	1
1822	0
1823	1
1824	0
1825	0
1826	0
1827	0
1828	0
1829	0
1830	0
1831	1
1832	0
1833	0
1834	0
1835	0
1836	0
1837	0
1838	0
1839	0
1840	0
1841	0
1842	0
1843	0
1844	0
1845	0
1846	0
1847	0
1848	-1
1849	0
1850	0
1851	0
1852	-1
1853	0
1854	0
1855	0
1856	-1
1857	0
1858	0
1859	0
1860	0
1861	0
1862	0
1863	0
1864	0
1865	1
1866	0
1867	0
1868	0
1869	0
1870	0
1871	0
1872	0
1873	0
1874	-1
1875	0
1876	-1
1877	-1
1878	0
1879	-1
1880	-1
1881	0
1882	-1
1883	0
1884	-1
1885	0
1886	-1
1887	-1
1888	-1
1889	-1
1890	-2
1891	0
1892	0
1893	0
1894	0
1895	0
1896	-1
1897	0
1898	-1
1899	0
1900	0
1901	0
1902	0
1903	0
1904	0
1905	0
1906	0
1907	0
1908	0
1909	0
1910	-1
1911	0
1912	0
1913	0
1914	-1
1915	0
1916	-1
1917	-1
1918	-1
1919	-1
1920	-1
1921	0
1922	-1
1923	-1
1924	-2
1925	-2
1926	-1
1927	-2
1928	-1
1929	-1
1930	0
1931	-2
1932	-1
1933	-1
1934	-2
1935	0
1936	-2
1937	-1
1938	-1
1939	0
1940	-1
1941	0
1942	0
1943	0
1944	0
1945	0
1946	-1
1947	0
1948	0
1949	0
1950	0
1951	0
1952	0
1953	1
1954	-1
1955	0
1956	0
1957	0
1958	-1
1959	0
1960	0
1961	0
1962	0
1963	0
1964	0
1965	0
1966	0
1967	0
1968	0
1969	0
1970	-1
1971	-1
1972	-3
1973	-1
1974	-1
1975	-1
1976	-2
1977	-1
1978	-1
1979	-1
1980	-2
1981	-1
1982	-2
1983	-1
1984	-2
1985	-1
1986	-2
1987	0
1988	-1
1989	0
1990	-1
1991	0
1992	-1
1993	0
1994	-1
1995	0
1996	0
1997	0
1998	0
1999	-1
