0	0
1	0
2	0
3	0
4	0
5	0
6	0
7	0
8	0
9	0
10	0
11	0
12	-1
13	1
14	0
15	1
16	0
17	0
18	0
19	0
20	0
21	0
22	-1
23	0
24	0
25	0
26	-1
27	0
28	0
29	1
30	-1
31	0
32	0
33	0
34	0
35	0
36	0
37	0
38	0
39	0
40	-1
41	0
42	0
43	0
44	0
45	0
46	0
47	0
48	0
49	0
50	0
51	0
52	0
53	0
54	0
55	0
56	0
57	0
58	0
59	0
60	0
61	0
62	0
63	0
64	-1
65	0
66	0
67	0
68	0
69	0
70	0
71	0
72	-1
73	0
74	-1
75	0
76	-1
77	0
78	-2
79	0
80	-1
81	0
82	0
83	0
84	-1
85	0
86	-1
87	0
88	0
89	0
90	-1
91	1
92	0
93	0
94	0
95	0
96	0
97	1
98	0
99	0
100	0
101	2
102	0
103	1
104	0
105	1
106	0
107	1
108	0
109	1
110	0
111	1
112	1
113	0
114	0
115	0
116	0
117	1
118	0
119	0
120	-1
121	1
122	-1
123	0
124	0
125	1
126	0
127	0
128	0
129	0
130	0
131	0
132	-1
133	0
134	0
135	0
136	0
137	0
138	-1
139	0
140	0
141	0
142	0
143	0
144	-1
145	0
146	0
147	0
148	0
149	0
150	0
151	0
152	0
153	0
154	0
155	0
156	0
157	0
158	0
159	0
160	0
161	0
162	0
163	0
164	0
165	0
166	-1
167	0
168	0
169	0
170	0
171	0
172	0
173	0
174	0
175	1
176	0
177	0
178	0
179	0
180	0
181	1
182	0
183	0
184	-1
185	0
186	-2
187	0
188	0
189	0
190	0
191	0
192	0
193	0
194	0
195	0
196	0
197	0
198	0
199	0
200	0
201	0
202	-1
203	0
204	0
205	0
206	0
207	0
208	0
209	0
210	0
211	0
212	0
213	0
214	0
215	0
216	0
217	0
218	0
219	1
220	0
221	1
222	0
223	1
224	0
225	1
226	0
227	1
228	0
229	0
230	0
231	0
232	0
233	0
234	0
235	1
236	0
237	0
238	0
239	0
240	0
241	0
242	0
243	0
244	0
245	0
246	0
247	0
248	0
249	0
250	0
251	0
252	0
253	0
254	0
255	0
256	0
257	0
258	0
259	1
260	0
261	1
262	0
263	1
264	0
265	1
266	0
267	0
268	0
269	0
270	0
271	1
272	0
273	1
274	0
275	1
276	0
277	0
278	0
279	0
280	0
281	0
282	-1
283	0
284	0
285	0
286	-1
287	0
288	-1
289	0
290	0
291	0
292	-1
293	0
294	0
295	0
296	-1
297	0
298	0
299	0
300	0
301	0
302	0
303	0
304	0
305	0
306	0
307	0
308	0
309	0
310	0
311	0
312	0
313	0
314	0
315	0
316	-1
317	0
318	-1
319	0
320	-1
321	0
322	0
323	0
324	-1
325	0
326	-1
327	0
328	-1
329	0
330	0
331	0
332	-1
333	0
334	-1
335	0
336	0
337	0
338	0
339	0
340	0
341	0
342	0
343	0
344	0
345	0
346	0
347	0
348	0
349	0
350	0
351	0
352	0
353	0
354	0
355	0
356	0
357	0
358	0
359	0
360	0
361	1
362	0
363	1
364	0
365	0
366	0
367	1
368	0
369	1
370	0
371	0
372	0
373	1
374	1
375	1
376	0
377	0
378	0
379	0
380	-1
381	1
382	0
383	0
384	0
385	1
386	-1
387	0
388	0
389	0
390	0
391	0
392	0
393	0
394	0
395	0
396	0
397	0
398	0
399	0
400	0
401	0
402	0
403	0
404	0
405	0
406	0
407	0
408	0
409	1
410	0
411	0
412	0
413	0
414	0
415	0
416	0
417	0
418	-1
419	0
420	0
421	0
422	0
423	0
424	0
425	0
426	0
427	0
428	0
429	0
430	-1
431	0
432	-1
433	0
434	-1
435	0
436	0
437	0
438	0
439	1
440	0
441	2
442	1
443	4
444	4
445	10
446	9
447	13
448	13
449	17
450	18
451	21
452	21
453	27
454	28
455	32
456	33
457	40
458	40
459	45
460	45
461	50
462	52
463	56
464	57
465	60
466	61
467	66
468	67
469	71
470	70
471	73
472	74
473	76
474	76
475	79
476	78
477	82
478	79
479	83
480	80
481	84
482	81
483	83
484	82
485	83
486	80
487	83
488	81
489	82
490	81
491	81
492	80
493	79
494	74
495	77
496	73
497	76
498	75
499	78
500	62
501	69
502	66
503	66
504	62
505	63
506	59
507	59
508	56
509	57
510	53
511	53
512	47
513	48
514	45
515	44
516	42
517	41
518	36
519	37
520	35
521	34
522	32
523	31
524	28
525	27
526	24
527	25
528	21
529	21
530	17
531	16
532	15
533	15
534	10
535	12
536	8
537	8
538	3
539	5
540	3
541	3
542	0
543	1
544	0
545	-1
546	-3
547	-3
548	-5
549	-4
550	-7
551	-4
552	-7
553	-7
554	-8
555	-9
556	-11
557	-10
558	-13
559	-11
560	-13
561	-11
562	-13
563	-11
564	-16
565	-11
566	-15
567	-14
568	-16
569	-14
570	-16
571	-14
572	-16
573	-14
574	-17
575	-14
576	-19
577	-15
578	-18
579	-15
580	-17
581	-15
582	-17
583	-15
584	-17
585	-15
586	-17
587	-15
588	-16
589	-14
590	-15
591	-14
592	-15
593	-14
594	-15
595	-13
596	-16
597	-13
598	-16
599	-13
600	-16
601	-13
602	-15
603	-13
604	-14
605	-12
606	-14
607	-12
608	-14
609	-13
610	-14
611	-13
612	-13
613	-12
614	-14
615	-13
616	-13
617	-13
618	-13
619	-12
620	-12
621	-12
622	-13
623	-10
624	-13
625	-11
626	-12
627	-10
628	-10
629	-10
630	-11
631	-10
632	-12
633	-9
634	-11
635	-10
636	-10
637	-8
638	-11
639	-9
640	-10
641	-8
642	-9
643	-8
644	-9
645	-8
646	-9
647	-9
648	-9
649	-8
650	-9
651	-8
652	-8
653	-7
654	-9
655	-6
656	-7
657	-6
658	-8
659	-6
660	-7
661	-4
662	-8
663	-5
664	-6
665	-4
666	-5
667	-4
668	-4
669	-3
670	-4
671	-3
672	-4
673	-3
674	-4
675	-2
676	-4
677	-2
678	-4
679	-2
680	-3
681	-1
682	-4
683	-2
684	-3
685	-3
686	-4
687	-1
688	-3
689	0
690	-4
691	-1
692	-3
693	-1
694	-2
695	-1
696	-2
697	-1
698	-3
699	-1
700	-3
701	-2
702	-3
703	-1
704	-3
705	-3
706	-3
707	-1
708	-2
709	-2
710	-2
711	-2
712	-2
713	-1
714	-2
715	-1
716	-1
717	-1
718	-1
719	-1
720	-2
721	-1
722	-2
723	0
724	-2
725	-1
726	-2
727	0
728	-2
729	0
730	-1
731	0
732	-1
733	0
734	-1
735	0
736	-1
737	0
738	-1
739	0
740	-1
741	0
742	0
743	0
744	-2
745	0
746	0
747	0
748	-1
749	0
750	-1
751	0
752	-1
753	0
754	-1
755	0
756	-1
757	-1
758	-2
759	-1
760	-1
761	-1
762	0
763	0
764	-1
765	0
766	-1
767	0
768	0
769	0
770	-1
771	0
772	-1
773	0
774	0
775	0
776	-1
777	0
778	-1
779	0
780	0
781	0
782	0
783	0
784	0
785	0
786	0
787	0
788	-1
789	0
790	-2
791	0
792	-2
793	0
794	-1
795	0
796	-1
797	-1
798	-1
799	0
800	0
801	0
802	-1
803	0
804	-1
805	-1
806	-2
807	-1
808	-2
809	-1
810	-1
811	-1
812	-1
813	-1
814	-1
815	-1
816	-2
817	-1
818	-1
819	0
820	-1
821	0
822	-1
823	0
824	0
825	0
826	0
827	0
828	0
829	0
830	0
831	0
832	0
833	0
834	0
835	0
836	0
837	0
838	0
839	0
840	0
841	0
842	0
843	0
844	0
845	0
846	0
847	0
848	0
849	1
850	0
851	0
852	-1
853	0
854	0
855	1
856	0
857	0
858	0
859	0
860	0
861	0
862	0
863	0
864	0
865	0
866	0
867	0
868	0
869	0
870	0
871	0
872	0
873	0
874	0
875	0
876	0
877	0
878	0
879	0
880	0
881	0
882	0
883	0
884	0
885	0
886	0
887	1
888	0
889	0
890	0
891	0
892	0
893	0
894	0
895	0
896	0
897	0
898	0
899	0
900	0
901	0
902	0
903	0
904	0
905	0
906	0
907	0
908	0
909	1
910	0
911	1
912	0
913	2
914	0
915	0
916	0
917	2
918	0
919	1
920	0
921	1
922	0
923	1
924	0
925	1
926	0
927	0
928	0
929	0
930	0
931	0
932	0
933	0
934	0
935	0
936	0
937	0
938	0
939	0
940	0
941	0
942	0
943	0
944	0
945	0
946	0
947	0
948	0
949	0
950	0
951	0
952	0
953	0
954	0
955	0
956	0
957	0
958	0
959	0
960	0
961	0
962	0
963	0
964	-1
965	0
966	0
967	0
968	0
969	0
970	0
971	0
972	-2
973	0
974	-1
975	0
976	-2
977	0
978	-1
979	0
980	-1
981	0
982	-2
983	0
984	0
985	-1
986	0
987	0
988	0
989	-1
990	-1
991	0
992	-2
993	0
994	-1
995	0
996	-1
997	-1
998	-2
999	0
1000	-1
1001	-1
1002	-1
1003	-1
1004	-1
1005	0
1006	0
1007	0
1008	-1
1009	0
1010	0
1011	0
1012	-1
1013	0
1014	-1
1015	0
1016	-1
1017	0
1018	-1
1019	0
1020	-1
1021	0
1022	0
1023	0
1024	0
1025	0
1026	0
1027	0
1028	-1
1029	0
1030	0
1031	0
1032	0
1033	0
1034	0
1035	0
1036	0
1037	0
1038	0
1039	0
1040	0
1041	0
1042	-1
1043	0
1044	-1
1045	0
1046	0
1047	0
1048	0
1049	-1
1050	0
1051	0
1052	-1
1053	0
1054	-2
1055	0
1056	-2
1057	0
1058	-2
1059	-1
1060	-2
1061	-1
1062	-2
1063	0
1064	-1
1065	0
1066	-1
1067	-2
1068	-2
1069	-1
1070	-1
1071	-2
1072	0
1073	0
1074	-1
1075	0
1076	0
1077	0
1078	-1
1079	0
1080	0
1081	0
1082	-1
1083	0
1084	0
1085	0
1086	0
1087	0
1088	0
1089	0
1090	-1
1091	0
1092	-1
1093	0
1094	0
1095	0
1096	0
1097	0
1098	-1
1099	0
1100	0
1101	0
1102	0
1103	0
1104	-1
1105	0
1106	0
1107	0
1108	0
1109	0
1110	0
1111	0
1112	0
1113	0
1114	0
1115	0
1116	0
1117	0
1118	0
1119	0
1120	0
1121	0
1122	-1
1123	0
1124	-2
1125	0
1126	0
1127	0
1128	0
1129	0
1130	0
1131	0
1132	0
1133	0
1134	0
1135	0
1136	0
1137	0
1138	0
1139	0
1140	0
1141	0
1142	0
1143	0
1144	-1
1145	0
1146	0
1147	0
1148	-1
1149	0
1150	-1
1151	0
1152	0
1153	0
1154	0
1155	0
1156	0
1157	0
1158	0
1159	0
1160	0
1161	0
1162	-1
1163	0
1164	0
1165	0
1166	0
1167	0
1168	0
1169	0
1170	0
1171	0
1172	-1
1173	0
1174	0
1175	0
1176	-1
1177	0
1178	-1
1179	-1
1180	-1
1181	0
1182	-1
1183	0
1184	-1
1185	-1
1186	0
1187	-1
1188	-1
1189	0
1190	-1
1191	0
1192	-1
1193	-2
1194	-1
1195	0
1196	-1
1197	0
1198	-2
1199	0
1200	-1
1201	0
1202	0
1203	0
1204	0
1205	0
1206	0
1207	0
1208	0
1209	0
1210	0
1211	0
1212	-1
1213	0
1214	-1
1215	0
1216	0
1217	0
1218	0
1219	0
1220	0
1221	0
1222	0
1223	0
1224	-1
1225	-1
1226	0
1227	0
1228	-1
1229	0
1230	0
1231	0
1232	0
1233	0
1234	-1
1235	0
1236	-1
1237	0
1238	0
1239	0
1240	-1
1241	0
1242	0
1243	0
1244	-1
1245	0
1246	0
1247	0
1248	0
1249	0
1250	0
1251	0
1252	-1
1253	0
1254	-1
1255	0
1256	-1
1257	0
1258	0
1259	0
1260	0
1261	0
1262	0
1263	0
1264	0
1265	0
1266	0
1267	0
1268	0
1269	0
1270	0
1271	0
1272	-1
1273	0
1274	0
1275	0
1276	0
1277	0
1278	0
1279	0
1280	0
1281	0
1282	-1
1283	0
1284	0
1285	0
1286	0
1287	0
1288	0
1289	0
1290	0
1291	-1
1292	0
1293	0
1294	0
1295	0
1296	-1
1297	0
1298	0
1299	0
1300	-1
1301	0
1302	0
1303	0
1304	-1
1305	0
1306	0
1307	0
1308	0
1309	0
1310	0
1311	0
1312	-1
1313	0
1314	0
1315	0
1316	0
1317	0
1318	-1
1319	0
1320	-1
1321	0
1322	-1
1323	0
1324	-2
1325	0
1326	-1
1327	0
1328	0
1329	0
1330	-1
1331	0
1332	-1
1333	0
1334	0
1335	0
1336	0
1337	0
1338	-1
1339	0
1340	0
1341	0
1342	0
1343	0
1344	0
1345	0
1346	0
1347	0
1348	0
1349	0
1350	0
1351	0
1352	0
1353	0
1354	0
1355	0
1356	0
1357	0
1358	-1
1359	0
1360	0
1361	0
1362	0
1363	0
1364	0
1365	0
1366	-1
1367	0
1368	0
1369	0
1370	0
1371	0
1372	0
1373	0
1374	-1
1375	0
1376	0
1377	0
1378	-1
1379	0
1380	0
1381	0
1382	0
1383	0
1384	0
1385	0
1386	0
1387	0
1388	-1
1389	0
1390	-1
1391	0
1392	-1
1393	0
1394	-1
1395	0
1396	0
1397	0
1398	-1
1399	0
1400	-1
1401	0
1402	-2
1403	0
1404	-1
1405	0
1406	-1
1407	0
1408	0
1409	0
1410	0
1411	0
1412	0
1413	0
1414	0
1415	0
1416	0
1417	0
1418	-1
1419	0
1420	-1
1421	0
1422	0
1423	0
1424	-1
1425	0
1426	0
1427	0
1428	0
1429	-1
1430	0
1431	0
1432	-2
1433	0
1434	-1
1435	0
1436	-1
1437	0
1438	0
1439	0
1440	-1
1441	0
1442	-1
1443	0
1444	0
1445	0
1446	-1
1447	0
1448	-2
1449	0
1450	0
1451	0
1452	0
1453	0
1454	0
1455	0
1456	-1
1457	0
1458	-1
1459	0
1460	-1
1461	0
1462	0
1463	0
1464	0
1465	0
1466	0
1467	0
1468	0
1469	0
1470	0
1471	0
1472	0
1473	0
1474	0
1475	0
1476	0
1477	0
1478	0
1479	0
1480	0
1481	0
1482	0
1483	-1
1484	-1
1485	-1
1486	-1
1487	-1
1488	-1
1489	-1
1490	-2
1491	-1
1492	-1
1493	0
1494	-2
1495	0
1496	0
1497	0
1498	-1
1499	0
1500	-1
1501	0
1502	-1
1503	0
1504	-1
1505	0
1506	-1
1507	0
1508	0
1509	0
1510	-1
1511	-1
1512	-1
1513	0
1514	-1
1515	0
1516	0
1517	0
1518	0
1519	0
1520	0
1521	0
1522	-1
1523	0
1524	-1
1525	0
1526	-1
1527	0
1528	0
1529	0
1530	-1
1531	0
1532	0
1533	0
1534	-1
1535	0
1536	-1
1537	0
1538	-1
1539	-1
1540	0
1541	0
1542	0
1543	-1
1544	-1
1545	0
1546	-1
1547	0
1548	-1
1549	0
1550	0
1551	0
1552	0
1553	0
1554	-1
1555	0
1556	0
1557	0
1558	-1
1559	0
1560	0
1561	0
1562	0
1563	0
1564	0
1565	0
1566	0
1567	1
1568	0
1569	0
1570	0
1571	0
1572	0
1573	0
1574	0
1575	0
1576	0
1577	0
1578	0
1579	0
1580	0
1581	0
1582	0
1583	0
1584	0
1585	0
1586	0
1587	0
1588	0
1589	0
1590	0
1591	0
1592	0
1593	0
1594	0
1595	0
1596	0
1597	0
1598	-1
1599	0
1600	-1
1601	0
1602	-1
1603	0
1604	-1
1605	0
1606	-2
1607	-2
1608	-1
1609	0
1610	-1
1611	-1
1612	-2
1613	-1
1614	-2
1615	-1
1616	0
1617	0
1618	-1
1619	-1
1620	-1
1621	-1
1622	-1
1623	0
1624	-1
1625	0
1626	-1
1627	0
1628	0
1629	0
1630	-1
1631	0
1632	0
1633	0
1634	-1
1635	0
1636	0
1637	0
1638	0
1639	0
1640	0
1641	0
1642	-1
1643	0
1644	0
1645	0
1646	-1
1647	0
1648	0
1649	0
1650	0
1651	0
1652	0
1653	0
1654	0
1655	0
1656	-1
1657	0
1658	0
1659	0
1660	0
1661	0
1662	0
1663	0
1664	0
1665	0
1666	-1
1667	0
1668	-1
1669	0
1670	-1
1671	0
1672	0
1673	0
1674	0
1675	0
1676	0
1677	0
1678	-1
1679	-1
1680	0
1681	0
1682	0
1683	0
1684	-1
1685	0
1686	-2
1687	0
1688	0
1689	0
1690	0
1691	0
1692	0
1693	0
1694	0
1695	0
1696	0
1697	0
1698	0
1699	0
1700	0
1701	0
1702	0
1703	0
1704	-1
1705	0
1706	0
1707	0
1708	0
1709	0
1710	-1
1711	0
1712	-2
1713	0
1714	-1
1715	0
1716	0
1717	0
1718	0
1719	0
1720	0
1721	0
1722	-1
1723	1
1724	0
1725	0
1726	0
1727	1
1728	0
1729	1
1730	0
1731	0
1732	0
1733	0
1734	0
1735	1
1736	1
1737	0
1738	0
1739	0
1740	0
1741	1
1742	0
1743	0
1744	0
1745	1
1746	0
1747	0
1748	0
1749	0
1750	1
1751	1
1752	0
1753	2
1754	0
1755	1
1756	0
1757	1
1758	1
1759	1
1760	0
1761	1
1762	0
1763	0
1764	0
1765	0
1766	0
1767	0
1768	0
1769	0
1770	0
1771	0
1772	0
1773	1
1774	0
1775	2
1776	0
1777	0
1778	0
1779	0
1780	0
1781	0
1782	0
1783	1
1784	0
1785	0
1786	0
1787	0
1788	0
1789	0
1790	0
1791	0
1792	-1
1793	0
1794	-1
1795	0
1796	0
1797	0
1798	-1
1799	-1
1800	-2
1801	0
1802	-1
1803	-1
1804	-1
1805	-1
1806	-2
1807	0
1808	-2
1809	-1
1810	-1
1811	0
1812	-2
1813	-1
1814	-1
1815	-1
1816	-1
1817	-1
1818	-1
1819	0
1820	-1
1821	0
1822	0
1823	0
1824	-1
1825	0
1826	-1
1827	0
1828	0
1829	0
1830	0
1831	0
1832	0
1833	0
1834	-1
1835	0
1836	0
1837	0
1838	0
1839	0
1840	0
1841	0
1842	0
1843	0
1844	0
1845	0
1846	0
1847	0
1848	0
1849	0
1850	0
1851	0
1852	0
1853	0
1854	-1
1855	0
1856	0
1857	0
1858	0
1859	-1
1860	-1
1861	-1
1862	0
1863	-1
1864	-1
1865	0
1866	-1
1867	0
1868	-1
1869	0
1870	-1
1871	0
1872	0
1873	0
1874	-1
1875	0
1876	-1
1877	-1
1878	-1
1879	-1
1880	-1
1881	-1
1882	-1
1883	-1
1884	-1
1885	0
1886	-1
1887	-1
1888	-2
1889	-1
1890	-1
1891	0
1892	-2
1893	0
1894	-1
1895	-1
1896	-1
1897	-1
1898	-1
1899	-1
1900	-1
1901	-1
1902	-2
1903	0
1904	-1
1905	0
1906	-1
1907	0
1908	-1
1909	0
1910	-2
1911	-1
1912	-1
1913	0
1914	-1
1915	0
1916	-1
1917	0
1918	0
1919	0
1920	0
1921	0
1922	0
1923	0
1924	0
1925	0
1926	0
1927	0
1928	0
1929	0
1930	0
1931	0
1932	0
1933	0
1934	0
1935	0
1936	0
1937	0
1938	-1
1939	0
1940	0
1941	0
1942	0
1943	0
1944	0
1945	0
1946	0
1947	0
1948	0
1949	0
1950	0
1951	0
1952	0
1953	0
1954	0
1955	0
1956	0
1957	0
1958	0
1959	0
1960	0
1961	0
1962	0
1963	0
1964	0
1965	0
1966	0
1967	0
1968	0
1969	0
1970	-1
1971	0
1972	-1
1973	0
1974	-1
1975	0
1976	0
1977	0
1978	0
1979	0
1980	0
1981	0
1982	0
1983	0
1984	0
1985	0
1986	0
1987	0
1988	0
1989	0
1990	0
1991	0
1992	-1
1993	-1
1994	0
1995	0
1996	-1
1997	-1
1998	-1
1999	0
