0	0
1	0
2	0
3	1
4	0
5	0
6	0
7	0
8	0
9	1
10	0
11	1
12	0
13	2
14	0
15	1
16	0
17	1
18	1
19	0
20	1
21	1
22	0
23	1
24	0
25	1
26	0
27	1
28	0
29	1
30	0
31	0
32	0
33	0
34	0
35	0
36	0
37	0
38	0
39	0
40	0
41	0
42	0
43	0
44	0
45	0
46	0
47	0
48	0
49	0
50	0
51	0
52	0
53	1
54	0
55	0
56	0
57	0
58	0
59	1
60	0
61	0
62	0
63	1
64	0
65	1
66	0
67	1
68	0
69	1
70	0
71	1
72	0
73	1
74	0
75	1
76	0
77	1
78	0
79	1
80	0
81	1
82	0
83	1
84	0
85	1
86	1
87	1
88	0
89	1
90	0
91	0
92	0
93	0
94	0
95	0
96	0
97	0
98	0
99	0
100	0
101	0
102	-1
103	0
104	0
105	0
106	0
107	0
108	-1
109	0
110	-1
111	0
112	-1
113	0
114	-1
115	0
116	-1
117	0
118	0
119	0
120	0
121	0
122	0
123	0
124	0
125	0
126	0
127	1
128	0
129	0
130	0
131	0
132	0
133	0
134	0
135	0
136	0
137	0
138	0
139	0
140	-1
141	0
142	0
143	0
144	-1
145	0
146	-1
147	0
148	-2
149	-1
150	-1
151	-1
152	-2
153	0
154	-1
155	0
156	0
157	0
158	-1
159	0
160	0
161	0
162	0
163	0
164	0
165	0
166	0
167	0
168	0
169	0
170	0
171	0
172	0
173	0
174	0
175	0
176	0
177	1
178	0
179	1
180	0
181	0
182	0
183	0
184	1
185	0
186	0
187	0
188	0
189	0
190	0
191	0
192	0
193	1
194	0
195	0
196	0
197	0
198	0
199	0
200	0
201	0
202	0
203	0
204	0
205	0
206	0
207	0
208	0
209	0
210	0
211	0
212	0
213	0
214	0
215	0
216	0
217	0
218	0
219	0
220	0
221	0
222	0
223	0
224	-1
225	0
226	0
227	0
228	-1
229	0
230	0
231	0
232	-1
233	0
234	-1
235	0
236	-1
237	0
238	-1
239	0
240	0
241	0
242	-1
243	0
244	0
245	0
246	0
247	0
248	0
249	0
250	0
251	0
252	0
253	0
254	0
255	0
256	0
257	0
258	0
259	0
260	0
261	0
262	0
263	0
264	0
265	0
266	0
267	0
268	0
269	0
270	0
271	0
272	0
273	0
274	0
275	0
276	-1
277	0
278	-1
279	0
280	0
281	0
282	0
283	0
284	0
285	0
286	0
287	0
288	0
289	0
290	0
291	0
292	0
293	0
294	0
295	0
296	0
297	0
298	0
299	0
300	0
301	0
302	0
303	0
304	0
305	0
306	0
307	0
308	0
309	0
310	0
311	0
312	0
313	0
314	0
315	0
316	0
317	0
318	0
319	0
320	-1
321	0
322	0
323	0
324	0
325	0
326	0
327	0
328	0
329	0
330	0
331	0
332	0
333	0
334	0
335	0
336	0
337	0
338	0
339	0
340	0
341	0
342	0
343	0
344	0
345	0
346	0
347	0
348	0
349	1
350	0
351	0
352	0
353	1
354	0
355	0
356	0
357	1
358	-1
359	0
360	0
361	0
362	0
363	0
364	0
365	0
366	0
367	0
368	0
369	0
370	-1
371	0
372	0
373	0
374	0
375	0
376	0
377	1
378	0
379	0
380	0
381	0
382	0
383	0
384	0
385	1
386	0
387	0
388	0
389	0
390	0
391	0
392	0
393	0
394	0
395	0
396	0
397	0
398	0
399	0
400	-1
401	0
402	-1
403	0
404	-1
405	0
406	-1
407	0
408	0
409	0
410	0
411	0
412	-1
413	0
414	0
415	0
416	0
417	0
418	0
419	0
420	0
421	0
422	0
423	0
424	0
425	0
426	0
427	0
428	0
429	0
430	0
431	0
432	0
433	0
434	0
435	0
436	0
437	0
438	0
439	1
440	1
441	3
442	2
443	4
444	4
445	8
446	6
447	11
448	11
449	15
450	16
451	19
452	21
453	26
454	26
455	31
456	33
457	36
458	39
459	42
460	46
461	50
462	51
463	54
464	58
465	60
466	62
467	65
468	67
469	71
470	71
471	74
472	74
473	76
474	77
475	79
476	79
477	81
478	81
479	83
480	82
481	85
482	84
483	85
484	84
485	84
486	83
487	84
488	80
489	82
490	80
491	82
492	79
493	80
494	74
495	76
496	73
497	75
498	75
499	78
500	62
501	67
502	67
503	66
504	63
505	64
506	57
507	60
508	56
509	56
510	54
511	53
512	49
513	49
514	44
515	46
516	41
517	42
518	38
519	39
520	35
521	33
522	32
523	32
524	27
525	29
526	24
527	23
528	19
529	20
530	18
531	18
532	14
533	15
534	12
535	12
536	7
537	8
538	4
539	5
540	2
541	3
542	0
543	0
544	-1
545	-1
546	-3
547	-2
548	-5
549	-4
550	-8
551	-5
552	-9
553	-7
554	-10
555	-8
556	-12
557	-10
558	-14
559	-12
560	-14
561	-13
562	-16
563	-15
564	-17
565	-14
566	-18
567	-15
568	-19
569	-16
570	-17
571	-15
572	-17
573	-16
574	-19
575	-17
576	-19
577	-17
578	-19
579	-17
580	-18
581	-16
582	-16
583	-16
584	-16
585	-16
586	-16
587	-16
588	-16
589	-16
590	-16
591	-16
592	-16
593	-16
594	-16
595	-15
596	-16
597	-15
598	-16
599	-16
600	-15
601	-15
602	-16
603	-16
604	-16
605	-14
606	-16
607	-14
608	-16
609	-13
610	-15
611	-14
612	-13
613	-13
614	-13
615	-14
616	-13
617	-13
618	-13
619	-12
620	-13
621	-11
622	-13
623	-11
624	-13
625	-11
626	-12
627	-11
628	-11
629	-11
630	-11
631	-9
632	-12
633	-9
634	-10
635	-9
636	-10
637	-11
638	-10
639	-10
640	-11
641	-7
642	-11
643	-6
644	-11
645	-5
646	-9
647	-7
648	-8
649	-6
650	-8
651	-6
652	-7
653	-5
654	-8
655	-5
656	-9
657	-5
658	-7
659	-4
660	-7
661	-5
662	-6
663	-5
664	-6
665	-5
666	-5
667	-3
668	-5
669	-4
670	-6
671	-4
672	-6
673	-4
674	-6
675	-4
676	-5
677	-2
678	-5
679	-3
680	-4
681	-2
682	-3
683	-2
684	-4
685	-2
686	-2
687	-1
688	-3
689	-1
690	-3
691	-1
692	-3
693	-2
694	-2
695	-2
696	-3
697	-2
698	-3
699	-2
700	-3
701	-2
702	-3
703	-1
704	-3
705	-2
706	-2
707	-1
708	-2
709	-1
710	-1
711	-1
712	-1
713	-1
714	-1
715	-1
716	-2
717	0
718	-3
719	0
720	-1
721	-1
722	-3
723	0
724	-2
725	0
726	-1
727	0
728	-1
729	-1
730	-2
731	0
732	-1
733	0
734	-1
735	0
736	0
737	0
738	0
739	-1
740	-1
741	0
742	0
743	0
744	0
745	0
746	-1
747	0
748	-1
749	0
750	-1
751	0
752	-1
753	0
754	-1
755	0
756	-1
757	0
758	-2
759	-2
760	-1
761	0
762	-1
763	-1
764	-1
765	-1
766	-3
767	-1
768	-1
769	0
770	-1
771	-1
772	-1
773	0
774	-1
775	0
776	-1
777	0
778	-1
779	-1
780	-1
781	0
782	-1
783	0
784	-1
785	0
786	-1
787	0
788	0
789	0
790	0
791	-1
792	-1
793	0
794	-1
795	0
796	-1
797	0
798	0
799	0
800	0
801	0
802	0
803	0
804	-1
805	0
806	-1
807	0
808	-1
809	0
810	0
811	0
812	0
813	0
814	-1
815	0
816	-2
817	0
818	0
819	0
820	0
821	0
822	0
823	-1
824	-1
825	-2
826	-1
827	-2
828	-1
829	-2
830	-2
831	-1
832	-1
833	-1
834	0
835	-1
836	-1
837	0
838	0
839	0
840	-1
841	0
842	-1
843	0
844	0
845	0
846	0
847	0
848	0
849	1
850	0
851	0
852	0
853	0
854	0
855	0
856	0
857	0
858	0
859	0
860	0
861	0
862	0
863	0
864	0
865	1
866	0
867	0
868	0
869	0
870	0
871	0
872	-1
873	0
874	-1
875	0
876	-1
877	0
878	0
879	0
880	0
881	0
882	-1
883	-1
884	-1
885	-1
886	-2
887	0
888	-1
889	-1
890	-1
891	0
892	0
893	0
894	-1
895	0
896	0
897	0
898	-1
899	0
900	-1
901	-1
902	-1
903	0
904	-1
905	0
906	0
907	0
908	0
909	0
910	0
911	0
912	0
913	0
914	-1
915	0
916	-1
917	0
918	-1
919	0
920	-1
921	0
922	-3
923	-1
924	-2
925	-2
926	-2
927	-1
928	-2
929	0
930	-2
931	-1
932	-3
933	0
934	-2
935	0
936	-2
937	0
938	-2
939	-1
940	0
941	-1
942	-1
943	-1
944	0
945	0
946	-1
947	0
948	-1
949	-1
950	0
951	0
952	0
953	0
954	0
955	0
956	0
957	-1
958	-1
959	0
960	-2
961	0
962	-1
963	0
964	0
965	0
966	-2
967	0
968	-1
969	0
970	0
971	0
972	0
973	0
974	0
975	0
976	0
977	0
978	0
979	0
980	-1
981	0
982	0
983	0
984	0
985	0
986	0
987	0
988	0
989	0
990	0
991	1
992	0
993	0
994	0
995	1
996	0
997	0
998	0
999	0
1000	0
1001	0
1002	0
1003	0
1004	0
1005	0
1006	0
1007	0
1008	0
1009	0
1010	0
1011	0
1012	-1
1013	0
1014	-1
1015	0
1016	0
1017	0
1018	0
1019	-1
1020	-1
1021	0
1022	-2
1023	0
1024	-1
1025	-1
1026	-1
1027	0
1028	-1
1029	0
1030	-1
1031	-1
1032	-2
1033	-1
1034	-1
1035	-2
1036	-1
1037	-1
1038	0
1039	-1
1040	-2
1041	-1
1042	-1
1043	-2
1044	0
1045	-1
1046	0
1047	-1
1048	-1
1049	-1
1050	-1
1051	0
1052	-1
1053	0
1054	-1
1055	-1
1056	-1
1057	-1
1058	-1
1059	-1
1060	0
1061	-2
1062	0
1063	0
1064	-1
1065	0
1066	0
1067	-1
1068	0
1069	0
1070	-1
1071	0
1072	0
1073	0
1074	0
1075	0
1076	0
1077	0
1078	0
1079	0
1080	0
1081	0
1082	0
1083	1
1084	0
1085	0
1086	0
1087	0
1088	0
1089	1
1090	0
1091	1
1092	0
1093	1
1094	0
1095	1
1096	1
1097	0
1098	0
1099	0
1100	1
1101	1
1102	1
1103	0
1104	0
1105	1
1106	0
1107	1
1108	0
1109	0
1110	0
1111	1
1112	-1
1113	0
1114	0
1115	0
1116	0
1117	0
1118	0
1119	0
1120	0
1121	0
1122	0
1123	0
1124	-1
1125	0
1126	0
1127	0
1128	0
1129	0
1130	0
1131	0
1132	-1
1133	0
1134	0
1135	0
1136	0
1137	0
1138	-1
1139	0
1140	-1
1141	0
1142	0
1143	0
1144	0
1145	0
1146	0
1147	0
1148	-1
1149	0
1150	-1
1151	0
1152	0
1153	-1
1154	-2
1155	-1
1156	-1
1157	0
1158	-1
1159	0
1160	-1
1161	0
1162	-1
1163	-1
1164	-1
1165	0
1166	-1
1167	-1
1168	0
1169	0
1170	-1
1171	0
1172	0
1173	0
1174	-1
1175	0
1176	-1
1177	0
1178	0
1179	0
1180	-1
1181	0
1182	-1
1183	0
1184	0
1185	0
1186	-2
1187	-1
1188	-1
1189	0
1190	-1
1191	-1
1192	-1
1193	-1
1194	-1
1195	0
1196	-1
1197	-1
1198	-1
1199	-1
1200	-1
1201	-1
1202	-1
1203	0
1204	0
1205	0
1206	0
1207	0
1208	0
1209	0
1210	-1
1211	0
1212	0
1213	0
1214	0
1215	0
1216	0
1217	0
1218	0
1219	0
1220	0
1221	0
1222	0
1223	0
1224	0
1225	0
1226	0
1227	0
1228	0
1229	0
1230	-1
1231	-1
1232	0
1233	0
1234	0
1235	-1
1236	-2
1237	-1
1238	-2
1239	-1
1240	-2
1241	-1
1242	-2
1243	-1
1244	-1
1245	-1
1246	-1
1247	-1
1248	-1
1249	-1
1250	-1
1251	0
1252	-1
1253	0
1254	0
1255	0
1256	-1
1257	0
1258	-1
1259	0
1260	0
1261	0
1262	0
1263	0
1264	0
1265	0
1266	0
1267	0
1268	0
1269	0
1270	0
1271	0
1272	0
1273	0
1274	0
1275	0
1276	0
1277	0
1278	0
1279	0
1280	0
1281	0
1282	0
1283	0
1284	-1
1285	0
1286	-1
1287	0
1288	-1
1289	0
1290	-1
1291	0
1292	-2
1293	-1
1294	-2
1295	0
1296	-1
1297	0
1298	-2
1299	0
1300	-4
1301	0
1302	-2
1303	0
1304	-1
1305	0
1306	0
1307	-1
1308	-1
1309	-1
1310	0
1311	0
1312	-1
1313	0
1314	0
1315	0
1316	-1
1317	0
1318	0
1319	0
1320	0
1321	0
1322	-1
1323	0
1324	0
1325	0
1326	-1
1327	0
1328	-1
1329	0
1330	-1
1331	-2
1332	-1
1333	-1
1334	-2
1335	-1
1336	-1
1337	-1
1338	-1
1339	0
1340	-1
1341	-1
1342	-1
1343	0
1344	-2
1345	-1
1346	-1
1347	0
1348	-1
1349	-1
1350	0
1351	0
1352	-1
1353	0
1354	-1
1355	0
1356	-1
1357	0
1358	0
1359	0
1360	0
1361	0
1362	-1
1363	0
1364	-1
1365	0
1366	0
1367	0
1368	0
1369	0
1370	0
1371	0
1372	0
1373	0
1374	0
1375	0
1376	0
1377	0
1378	0
1379	0
1380	0
1381	0
1382	0
1383	0
1384	0
1385	0
1386	0
1387	0
1388	0
1389	0
1390	0
1391	0
1392	0
1393	0
1394	0
1395	0
1396	0
1397	0
1398	-1
1399	0
1400	0
1401	-1
1402	-1
1403	0
1404	-1
1405	0
1406	-1
1407	0
1408	-1
1409	0
1410	-1
1411	0
1412	-1
1413	-1
1414	-1
1415	-1
1416	0
1417	0
1418	0
1419	0
1420	0
1421	0
1422	-1
1423	0
1424	0
1425	0
1426	0
1427	0
1428	0
1429	0
1430	0
1431	0
1432	0
1433	1
1434	0
1435	2
1436	1
1437	2
1438	0
1439	2
1440	2
1441	2
1442	2
1443	3
1444	2
1445	2
1446	3
1447	4
1448	3
1449	4
1450	3
1451	4
1452	2
1453	3
1454	2
1455	3
1456	2
1457	3
1458	2
1459	3
1460	1
1461	2
1462	1
1463	2
1464	2
1465	3
1466	2
1467	2
1468	2
1469	2
1470	1
1471	2
1472	1
1473	3
1474	1
1475	2
1476	1
1477	2
1478	0
1479	1
1480	1
1481	1
1482	0
1483	1
1484	0
1485	1
1486	0
1487	0
1488	0
1489	0
1490	0
1491	1
1492	0
1493	0
1494	0
1495	1
1496	0
1497	0
1498	0
1499	0
1500	0
1501	0
1502	0
1503	0
1504	-1
1505	0
1506	-1
1507	-1
1508	-1
1509	0
1510	-1
1511	0
1512	0
1513	0
1514	0
1515	-1
1516	0
1517	0
1518	-1
1519	0
1520	-1
1521	0
1522	0
1523	0
1524	0
1525	0
1526	0
1527	-1
1528	0
1529	0
1530	0
1531	0
1532	0
1533	0
1534	0
1535	0
1536	0
1537	-1
1538	0
1539	0
1540	0
1541	0
1542	-1
1543	0
1544	0
1545	0
1546	-1
1547	0
1548	-2
1549	0
1550	-1
1551	0
1552	0
1553	0
1554	-1
1555	0
1556	-1
1557	0
1558	0
1559	0
1560	0
1561	0
1562	0
1563	0
1564	0
1565	0
1566	0
1567	1
1568	1
1569	0
1570	1
1571	0
1572	1
1573	0
1574	0
1575	0
1576	0
1577	0
1578	0
1579	0
1580	0
1581	0
1582	0
1583	0
1584	0
1585	0
1586	0
1587	0
1588	0
1589	0
1590	0
1591	0
1592	-2
1593	0
1594	-1
1595	0
1596	-1
1597	0
1598	-2
1599	-1
1600	-1
1601	-1
1602	-1
1603	-1
1604	-2
1605	-1
1606	-2
1607	-1
1608	-1
1609	-1
1610	-1
1611	0
1612	-1
1613	0
1614	-1
1615	0
1616	0
1617	0
1618	-1
1619	0
1620	0
1621	0
1622	-1
1623	0
1624	0
1625	1
1626	0
1627	0
1628	0
1629	0
1630	0
1631	0
1632	0
1633	0
1634	-1
1635	0
1636	0
1637	0
1638	0
1639	0
1640	0
1641	0
1642	0
1643	0
1644	-1
1645	0
1646	-1
1647	0
1648	-1
1649	0
1650	-1
1651	0
1652	-2
1653	0
1654	-1
1655	-1
1656	-2
1657	0
1658	-1
1659	0
1660	-2
1661	-1
1662	-1
1663	0
1664	0
1665	0
1666	-1
1667	-1
1668	-2
1669	0
1670	0
1671	0
1672	-1
1673	0
1674	-1
1675	0
1676	-1
1677	0
1678	-1
1679	0
1680	-1
1681	-1
1682	-2
1683	0
1684	-1
1685	-1
1686	-2
1687	-1
1688	-2
1689	-1
1690	-1
1691	-1
1692	-2
1693	-1
1694	-2
1695	-1
1696	-2
1697	0
1698	-2
1699	-1
1700	-1
1701	0
1702	-1
1703	0
1704	0
1705	-1
1706	-1
1707	0
1708	0
1709	0
1710	0
1711	0
1712	0
1713	0
1714	0
1715	0
1716	0
1717	1
1718	0
1719	0
1720	0
1721	-1
1722	0
1723	0
1724	-1
1725	0
1726	-1
1727	0
1728	0
1729	0
1730	-1
1731	0
1732	-1
1733	0
1734	-1
1735	0
1736	0
1737	0
1738	0
1739	0
1740	0
1741	0
1742	0
1743	0
1744	0
1745	0
1746	0
1747	0
1748	-1
1749	0
1750	0
1751	0
1752	-1
1753	0
1754	0
1755	0
1756	0
1757	0
1758	0
1759	0
1760	-1
1761	0
1762	0
1763	0
1764	0
1765	0
1766	-1
1767	0
1768	-1
1769	0
1770	0
1771	0
1772	0
1773	0
1774	-1
1775	0
1776	0
1777	0
1778	-1
1779	0
1780	0
1781	0
1782	-1
1783	0
1784	0
1785	0
1786	0
1787	0
1788	0
1789	0
1790	0
1791	0
1792	0
1793	0
1794	0
1795	0
1796	0
1797	0
1798	0
1799	0
1800	0
1801	0
1802	0
1803	0
1804	-1
1805	0
1806	-1
1807	0
1808	-1
1809	0
1810	0
1811	0
1812	-2
1813	0
1814	-2
1815	0
1816	-1
1817	0
1818	0
1819	0
1820	-1
1821	0
1822	-1
1823	0
1824	0
1825	0
1826	-1
1827	0
1828	-1
1829	0
1830	-2
1831	0
1832	-1
1833	0
1834	0
1835	0
1836	0
1837	0
1838	0
1839	0
1840	0
1841	0
1842	0
1843	0
1844	0
1845	0
1846	0
1847	0
1848	0
1849	0
1850	0
1851	0
1852	0
1853	0
1854	0
1855	0
1856	-1
1857	0
1858	-1
1859	0
1860	-2
1861	-1
1862	-2
1863	-1
1864	-1
1865	-1
1866	-2
1867	0
1868	-1
1869	0
1870	-1
1871	0
1872	-1
1873	-1
1874	-1
1875	-1
1876	-1
1877	-1
1878	-1
1879	0
1880	0
1881	-1
1882	0
1883	0
1884	-1
1885	0
1886	-1
1887	0
1888	0
1889	0
1890	0
1891	0
1892	0
1893	0
1894	0
1895	0
1896	0
1897	0
1898	0
1899	0
1900	0
1901	-1
1902	0
1903	0
1904	0
1905	0
1906	0
1907	0
1908	0
1909	0
1910	0
1911	0
1912	-1
1913	-1
1914	-1
1915	0
1916	0
1917	0
1918	0
1919	0
1920	0
1921	0
1922	0
1923	0
1924	-1
1925	-1
1926	-1
1927	0
1928	0
1929	0
1930	0
1931	0
1932	0
1933	0
1934	0
1935	0
1936	0
1937	0
1938	0
1939	0
1940	0
1941	0
1942	0
1943	0
1944	0
1945	0
1946	0
1947	0
1948	0
1949	0
1950	0
1951	0
1952	0
1953	0
1954	0
1955	0
1956	0
1957	0
1958	0
1959	0
1960	0
1961	0
1962	-2
1963	0
1964	0
1965	-1
1966	-2
1967	-1
1968	0
1969	0
1970	0
1971	0
1972	-1
1973	-1
1974	0
1975	0
1976	-2
1977	0
1978	-1
1979	0
1980	-2
1981	0
1982	-2
1983	-1
1984	-1
1985	-1
1986	-2
1987	0
1988	-1
1989	-1
1990	-1
1991	0
1992	-2
1993	0
1994	-2
1995	0
1996	-1
1997	0
1998	0
1999	0
