0	1
1	2
2	1
3	3
4	0
5	1
6	0
7	1
8	0
9	0
10	0
11	0
12	0
13	0
14	-1
15	0
16	-1
17	-1
18	-1
19	0
20	-1
21	0
22	-1
23	0
24	-1
25	0
26	-1
27	0
28	-1
29	0
30	0
31	0
32	0
33	0
34	0
35	0
36	0
37	0
38	0
39	1
40	1
41	1
42	0
43	1
44	0
45	1
46	0
47	2
48	0
49	1
50	0
51	0
52	0
53	0
54	0
55	-1
56	0
57	-1
58	-1
59	-1
60	-1
61	-1
62	-1
63	-1
64	-1
65	0
66	-1
67	0
68	-1
69	0
70	-2
71	0
72	-2
73	-2
74	-2
75	0
76	-2
77	-1
78	-3
79	0
80	-2
81	0
82	-1
83	0
84	-1
85	0
86	0
87	0
88	0
89	0
90	0
91	0
92	0
93	0
94	0
95	0
96	-1
97	1
98	0
99	0
100	0
101	0
102	-1
103	0
104	0
105	-1
106	-1
107	0
108	0
109	0
110	-2
111	-1
112	-1
113	0
114	-1
115	0
116	0
117	-1
118	-1
119	0
120	-1
121	0
122	0
123	0
124	0
125	0
126	0
127	0
128	1
129	0
130	0
131	0
132	0
133	0
134	0
135	0
136	0
137	1
138	1
139	0
140	0
141	0
142	0
143	0
144	0
145	0
146	0
147	0
148	0
149	0
150	0
151	0
152	0
153	0
154	0
155	0
156	0
157	0
158	0
159	0
160	0
161	0
162	0
163	0
164	0
165	0
166	0
167	0
168	0
169	0
170	0
171	0
172	0
173	0
174	0
175	0
176	0
177	0
178	0
179	0
180	0
181	0
182	0
183	0
184	0
185	1
186	0
187	0
188	0
189	1
190	0
191	0
192	0
193	0
194	0
195	0
196	-1
197	-1
198	-1
199	-1
200	-2
201	0
202	-2
203	0
204	-1
205	-1
206	-1
207	0
208	-1
209	0
210	-1
211	0
212	0
213	0
214	0
215	0
216	0
217	1
218	0
219	0
220	0
221	0
222	0
223	0
224	0
225	0
226	0
227	0
228	0
229	1
230	0
231	0
232	0
233	0
234	0
235	0
236	-1
237	0
238	-1
239	0
240	-1
241	0
242	-1
243	0
244	-1
245	0
246	-1
247	0
248	0
249	0
250	0
251	-1
252	0
253	0
254	0
255	0
256	-1
257	0
258	0
259	0
260	0
261	0
262	0
263	0
264	0
265	0
266	0
267	0
268	0
269	0
270	0
271	0
272	0
273	0
274	0
275	0
276	-1
277	0
278	0
279	0
280	-1
281	0
282	-1
283	0
284	0
285	0
286	-1
287	0
288	0
289	-1
290	0
291	-1
292	0
293	0
294	0
295	0
296	0
297	0
298	0
299	1
300	0
301	0
302	0
303	0
304	1
305	0
306	0
307	0
308	0
309	0
310	1
311	0
312	0
313	1
314	0
315	1
316	0
317	0
318	0
319	0
320	0
321	0
322	0
323	-1
324	0
325	0
326	-1
327	0
328	0
329	0
330	-1
331	0
332	0
333	0
334	-1
335	-1
336	-2
337	0
338	-1
339	-1
340	-2
341	0
342	0
343	0
344	0
345	0
346	0
347	0
348	0
349	0
350	0
351	0
352	0
353	0
354	0
355	0
356	0
357	1
358	0
359	0
360	0
361	0
362	0
363	0
364	0
365	0
366	0
367	0
368	0
369	0
370	0
371	0
372	0
373	-1
374	0
375	0
376	0
377	-1
378	0
379	0
380	0
381	-1
382	-1
383	0
384	-1
385	0
386	0
387	0
388	-1
389	0
390	0
391	1
392	0
393	1
394	0
395	1
396	0
397	1
398	0
399	1
400	0
401	0
402	0
403	1
404	0
405	0
406	1
407	0
408	0
409	0
410	1
411	0
412	0
413	0
414	1
415	0
416	1
417	1
418	0
419	1
420	0
421	1
422	0
423	0
424	0
425	0
426	0
427	0
428	0
429	0
430	0
431	0
432	0
433	0
434	0
435	0
436	0
437	3
438	2
439	5
440	6
441	10
442	11
443	16
444	18
445	22
446	24
447	30
448	31
449	38
450	40
451	47
452	50
453	57
454	59
455	66
456	69
457	74
458	78
459	83
460	86
461	91
462	94
463	101
464	102
465	106
466	110
467	114
468	115
469	119
470	122
471	125
472	125
473	127
474	128
475	130
476	129
477	131
478	130
479	129
480	129
481	128
482	125
483	125
484	121
485	119
486	116
487	115
488	111
489	109
490	105
491	103
492	97
493	95
494	91
495	87
496	83
497	78
498	76
499	78
500	62
501	64
502	61
503	59
504	54
505	53
506	46
507	44
508	40
509	37
510	35
511	33
512	28
513	26
514	23
515	21
516	17
517	15
518	12
519	10
520	5
521	4
522	2
523	0
524	-4
525	-3
526	-7
527	-7
528	-11
529	-12
530	-16
531	-17
532	-17
533	-18
534	-21
535	-21
536	-25
537	-24
538	-27
539	-27
540	-28
541	-29
542	-31
543	-31
544	-32
545	-32
546	-34
547	-34
548	-35
549	-34
550	-36
551	-38
552	-37
553	-39
554	-40
555	-38
556	-39
557	-38
558	-40
559	-39
560	-41
561	-40
562	-40
563	-41
564	-41
565	-40
566	-42
567	-40
568	-40
569	-40
570	-39
571	-39
572	-39
573	-38
574	-38
575	-38
576	-37
577	-35
578	-36
579	-35
580	-36
581	-33
582	-34
583	-34
584	-33
585	-33
586	-33
587	-32
588	-33
589	-32
590	-32
591	-32
592	-30
593	-30
594	-28
595	-29
596	-29
597	-27
598	-28
599	-26
600	-28
601	-24
602	-27
603	-23
604	-25
605	-23
606	-22
607	-21
608	-22
609	-22
610	-21
611	-20
612	-20
613	-19
614	-19
615	-18
616	-19
617	-17
618	-18
619	-18
620	-18
621	-17
622	-17
623	-16
624	-16
625	-15
626	-17
627	-15
628	-14
629	-13
630	-15
631	-13
632	-14
633	-12
634	-12
635	-11
636	-11
637	-11
638	-11
639	-11
640	-11
641	-10
642	-9
643	-9
644	-7
645	-8
646	-7
647	-7
648	-7
649	-5
650	-4
651	-6
652	-7
653	-4
654	-4
655	-4
656	-4
657	-4
658	-5
659	-3
660	-4
661	-2
662	-3
663	-3
664	-4
665	-3
666	-4
667	-3
668	-4
669	-3
670	-1
671	-3
672	-4
673	-4
674	-3
675	-4
676	-3
677	-4
678	-3
679	-3
680	-3
681	-3
682	-4
683	-3
684	-3
685	-2
686	-2
687	-3
688	-2
689	-2
690	-2
691	-1
692	-2
693	-1
694	-2
695	0
696	0
697	0
698	0
699	0
700	0
701	0
702	0
703	0
704	0
705	0
706	0
707	1
708	0
709	1
710	0
711	1
712	0
713	1
714	0
715	0
716	0
717	1
718	1
719	1
720	0
721	0
722	0
723	1
724	1
725	1
726	0
727	0
728	1
729	0
730	0
731	0
732	0
733	0
734	0
735	0
736	0
737	1
738	1
739	1
740	2
741	1
742	0
743	1
744	0
745	0
746	0
747	1
748	2
749	1
750	1
751	1
752	1
753	1
754	0
755	0
756	0
757	1
758	0
759	1
760	1
761	2
762	0
763	2
764	1
765	1
766	0
767	0
768	0
769	1
770	0
771	0
772	0
773	0
774	-1
775	0
776	0
777	-1
778	0
779	-1
780	0
781	0
782	-1
783	0
784	-2
785	-3
786	-2
787	-2
788	-3
789	-1
790	-3
791	-2
792	-3
793	-2
794	-3
795	-2
796	-4
797	-2
798	-2
799	-1
800	-2
801	-2
802	-3
803	-2
804	-3
805	-2
806	-2
807	-2
808	-3
809	-1
810	-2
811	-2
812	-2
813	-2
814	-3
815	-2
816	-3
817	-2
818	-4
819	-3
820	-3
821	-2
822	-2
823	-2
824	-2
825	-2
826	-3
827	-1
828	-2
829	0
830	-2
831	0
832	-2
833	0
834	-1
835	-1
836	-2
837	-1
838	-2
839	-1
840	-3
841	-1
842	-1
843	0
844	-2
845	-2
846	-1
847	-1
848	-2
849	-1
850	-2
851	-1
852	-2
853	-2
854	-2
855	-2
856	-2
857	-1
858	-1
859	-1
860	-3
861	-2
862	-4
863	-2
864	-3
865	-2
866	-4
867	-2
868	-3
869	-1
870	-3
871	-1
872	-2
873	-2
874	-1
875	-1
876	-2
877	0
878	-2
879	-1
880	0
881	0
882	0
883	0
884	0
885	0
886	0
887	1
888	0
889	1
890	0
891	0
892	0
893	1
894	1
895	0
896	0
897	2
898	0
899	1
900	0
901	1
902	1
903	1
904	0
905	1
906	0
907	1
908	0
909	0
910	0
911	1
912	0
913	0
914	0
915	0
916	0
917	0
918	0
919	0
920	0
921	0
922	0
923	-1
924	-1
925	0
926	-1
927	-1
928	-2
929	0
930	-2
931	-1
932	-2
933	-2
934	-2
935	-1
936	-2
937	-1
938	-2
939	-1
940	-3
941	-1
942	-2
943	-1
944	-2
945	-2
946	-1
947	-1
948	-1
949	-2
950	-2
951	-1
952	-2
953	0
954	-1
955	0
956	-2
957	0
958	-2
959	0
960	-3
961	-2
962	-1
963	0
964	-2
965	-1
966	-2
967	-2
968	-2
969	-2
970	-3
971	-2
972	-3
973	-1
974	-3
975	-1
976	-2
977	-1
978	-3
979	-1
980	-2
981	-2
982	-2
983	-1
984	-2
985	0
986	-2
987	0
988	-1
989	0
990	0
991	-1
992	-1
993	0
994	0
995	0
996	0
997	0
998	0
999	0
1000	1
1001	2
1002	1
1003	2
1004	2
1005	3
1006	2
1007	3
1008	3
1009	4
1010	3
1011	4
1012	3
1013	5
1014	3
1015	4
1016	3
1017	4
1018	4
1019	3
1020	3
1021	4
1022	2
1023	4
1024	2
1025	4
1026	3
1027	4
1028	2
1029	3
1030	3
1031	3
1032	2
1033	3
1034	2
1035	3
1036	1
1037	0
1038	1
1039	2
1040	2
1041	1
1042	1
1043	2
1044	1
1045	1
1046	1
1047	2
1048	1
1049	1
1050	0
1051	1
1052	0
1053	0
1054	0
1055	1
1056	0
1057	1
1058	0
1059	0
1060	0
1061	0
1062	0
1063	2
1064	0
1065	1
1066	0
1067	0
1068	0
1069	0
1070	0
1071	0
1072	0
1073	0
1074	0
1075	0
1076	-1
1077	0
1078	1
1079	0
1080	0
1081	0
1082	1
1083	0
1084	0
1085	0
1086	0
1087	0
1088	0
1089	0
1090	0
1091	0
1092	-2
1093	0
1094	-2
1095	-2
1096	-1
1097	-1
1098	-3
1099	0
1100	-3
1101	-2
1102	-2
1103	-3
1104	-2
1105	-2
1106	-3
1107	-2
1108	-3
1109	-1
1110	-3
1111	-3
1112	-3
1113	-4
1114	-3
1115	-3
1116	-2
1117	-3
1118	-2
1119	-2
1120	-2
1121	-3
1122	-2
1123	-2
1124	-2
1125	-2
1126	-2
1127	-1
1128	-1
1129	0
1130	-2
1131	-1
1132	-1
1133	-2
1134	-1
1135	-1
1136	-1
1137	-1
1138	-1
1139	0
1140	-2
1141	0
1142	-2
1143	-1
1144	-1
1145	-1
1146	-1
1147	-2
1148	-1
1149	-1
1150	-2
1151	0
1152	-1
1153	0
1154	-1
1155	1
1156	-1
1157	0
1158	0
1159	0
1160	0
1161	-1
1162	-1
1163	-1
1164	0
1165	0
1166	0
1167	-1
1168	-2
1169	0
1170	-2
1171	0
1172	-1
1173	0
1174	-1
1175	0
1176	-2
1177	-1
1178	-2
1179	-1
1180	-3
1181	-1
1182	-3
1183	-1
1184	-3
1185	-2
1186	-2
1187	-2
1188	-2
1189	-2
1190	-2
1191	-2
1192	-3
1193	-2
1194	-2
1195	-2
1196	-2
1197	-2
1198	-2
1199	-2
1200	-3
1201	-2
1202	-2
1203	-1
1204	-2
1205	-2
1206	-2
1207	-3
1208	-2
1209	-1
1210	-3
1211	-1
1212	-2
1213	-1
1214	-2
1215	0
1216	-1
1217	-2
1218	0
1219	-2
1220	-2
1221	-1
1222	-1
1223	-1
1224	-2
1225	-2
1226	-1
1227	-1
1228	-3
1229	-1
1230	-4
1231	-3
1232	-2
1233	-2
1234	-3
1235	-2
1236	-2
1237	-1
1238	-3
1239	-1
1240	-2
1241	-1
1242	-1
1243	0
1244	-1
1245	0
1246	0
1247	0
1248	0
1249	0
1250	0
1251	0
1252	0
1253	0
1254	0
1255	1
1256	0
1257	1
1258	0
1259	1
1260	0
1261	2
1262	0
1263	2
1264	1
1265	1
1266	0
1267	1
1268	1
1269	1
1270	0
1271	0
1272	0
1273	0
1274	-1
1275	0
1276	-1
1277	0
1278	-1
1279	-1
1280	-1
1281	-1
1282	-1
1283	-2
1284	-3
1285	-2
1286	-2
1287	-2
1288	-2
1289	-1
1290	-2
1291	-1
1292	-2
1293	0
1294	-2
1295	-2
1296	-2
1297	-1
1298	-2
1299	-2
1300	-2
1301	-1
1302	-2
1303	-1
1304	-2
1305	-1
1306	-2
1307	-1
1308	-3
1309	-1
1310	-3
1311	-1
1312	-3
1313	-1
1314	-3
1315	-2
1316	-3
1317	-2
1318	-3
1319	0
1320	-2
1321	-1
1322	-3
1323	-1
1324	-3
1325	-2
1326	-2
1327	-2
1328	-2
1329	-2
1330	-3
1331	-2
1332	-2
1333	0
1334	-3
1335	-2
1336	-2
1337	-3
1338	-2
1339	-2
1340	-1
1341	-1
1342	0
1343	0
1344	0
1345	0
1346	0
1347	0
1348	0
1349	0
1350	0
1351	1
1352	0
1353	1
1354	0
1355	0
1356	0
1357	0
1358	0
1359	0
1360	0
1361	1
1362	1
1363	1
1364	0
1365	2
1366	0
1367	0
1368	0
1369	0
1370	0
1371	0
1372	0
1373	0
1374	0
1375	0
1376	-2
1377	0
1378	-1
1379	0
1380	-1
1381	0
1382	-1
1383	-1
1384	-1
1385	-1
1386	0
1387	-1
1388	-1
1389	0
1390	-1
1391	-1
1392	0
1393	0
1394	-1
1395	0
1396	-1
1397	0
1398	0
1399	0
1400	-1
1401	0
1402	-2
1403	0
1404	-1
1405	-1
1406	-2
1407	-1
1408	-2
1409	-1
1410	-1
1411	-2
1412	-2
1413	-1
1414	-1
1415	0
1416	-2
1417	-1
1418	-2
1419	-1
1420	-1
1421	0
1422	-1
1423	0
1424	-1
1425	-1
1426	-1
1427	0
1428	-1
1429	0
1430	-2
1431	0
1432	-3
1433	0
1434	-2
1435	-1
1436	0
1437	-1
1438	0
1439	-1
1440	-1
1441	-1
1442	-2
1443	-1
1444	-2
1445	0
1446	-2
1447	0
1448	-2
1449	0
1450	-1
1451	0
1452	-2
1453	-2
1454	-1
1455	0
1456	-1
1457	-1
1458	-1
1459	0
1460	-2
1461	0
1462	0
1463	0
1464	-2
1465	-1
1466	-1
1467	0
1468	-1
1469	0
1470	-1
1471	0
1472	0
1473	0
1474	0
1475	0
1476	0
1477	0
1478	0
1479	0
1480	0
1481	0
1482	0
1483	0
1484	-1
1485	0
1486	-1
1487	0
1488	-1
1489	0
1490	-1
1491	-2
1492	-1
1493	-2
1494	-1
1495	-1
1496	-2
1497	-2
1498	-2
1499	-1
1500	-2
1501	-1
1502	-2
1503	-1
1504	-2
1505	-1
1506	-2
1507	-1
1508	-1
1509	-1
1510	0
1511	-1
1512	0
1513	0
1514	0
1515	0
1516	0
1517	0
1518	0
1519	1
1520	0
1521	0
1522	1
1523	0
1524	1
1525	0
1526	0
1527	1
1528	0
1529	0
1530	0
1531	2
1532	0
1533	1
1534	0
1535	0
1536	0
1537	0
1538	0
1539	0
1540	-1
1541	0
1542	-1
1543	0
1544	-1
1545	0
1546	-1
1547	-1
1548	-1
1549	-2
1550	-1
1551	-1
1552	-3
1553	-1
1554	-2
1555	-2
1556	-3
1557	-2
1558	-2
1559	-1
1560	-3
1561	-1
1562	-3
1563	-1
1564	0
1565	0
1566	-1
1567	0
1568	0
1569	0
1570	-1
1571	0
1572	0
1573	0
1574	-1
1575	0
1576	0
1577	0
1578	0
1579	0
1580	-1
1581	0
1582	0
1583	-1
1584	-1
1585	-1
1586	-1
1587	0
1588	-2
1589	-1
1590	-2
1591	-1
1592	-2
1593	0
1594	-3
1595	-2
1596	-2
1597	-1
1598	-2
1599	-1
1600	-3
1601	0
1602	-1
1603	0
1604	-1
1605	0
1606	-1
1607	0
1608	-2
1609	0
1610	-1
1611	0
1612	-1
1613	0
1614	0
1615	0
1616	0
1617	0
1618	-1
1619	0
1620	0
1621	0
1622	0
1623	0
1624	0
1625	0
1626	0
1627	0
1628	0
1629	0
1630	0
1631	0
1632	0
1633	0
1634	-2
1635	0
1636	-1
1637	-1
1638	-1
1639	-1
1640	-1
1641	-1
1642	-2
1643	-2
1644	-2
1645	-2
1646	-3
1647	-2
1648	-2
1649	-2
1650	0
1651	-1
1652	-1
1653	0
1654	-1
1655	0
1656	0
1657	0
1658	0
1659	1
1660	0
1661	0
1662	0
1663	0
1664	0
1665	0
1666	0
1667	0
1668	0
1669	0
1670	0
1671	0
1672	0
1673	0
1674	0
1675	1
1676	0
1677	0
1678	0
1679	0
1680	0
1681	0
1682	0
1683	0
1684	-1
1685	0
1686	-1
1687	0
1688	0
1689	0
1690	0
1691	0
1692	-1
1693	0
1694	0
1695	0
1696	-1
1697	0
1698	-1
1699	0
1700	-1
1701	-1
1702	-1
1703	0
1704	0
1705	0
1706	0
1707	0
1708	0
1709	0
1710	0
1711	0
1712	0
1713	0
1714	0
1715	0
1716	0
1717	0
1718	0
1719	0
1720	0
1721	0
1722	0
1723	0
1724	-1
1725	-1
1726	-1
1727	0
1728	0
1729	-1
1730	-1
1731	0
1732	0
1733	0
1734	0
1735	0
1736	-1
1737	0
1738	0
1739	0
1740	0
1741	0
1742	0
1743	0
1744	-1
1745	0
1746	-1
1747	0
1748	0
1749	0
1750	-1
1751	-1
1752	-1
1753	0
1754	0
1755	-1
1756	-2
1757	-1
1758	-1
1759	-1
1760	0
1761	-1
1762	-1
1763	-1
1764	0
1765	-1
1766	-1
1767	0
1768	0
1769	-1
1770	-1
1771	0
1772	0
1773	-1
1774	-1
1775	-1
1776	-1
1777	0
1778	-1
1779	-1
1780	-1
1781	0
1782	-1
1783	0
1784	0
1785	0
1786	0
1787	0
1788	-1
1789	0
1790	0
1791	0
1792	0
1793	0
1794	0
1795	0
1796	0
1797	0
1798	0
1799	0
1800	0
1801	0
1802	0
1803	0
1804	0
1805	0
1806	0
1807	0
1808	-1
1809	0
1810	0
1811	0
1812	0
1813	0
1814	0
1815	0
1816	-1
1817	0
1818	0
1819	0
1820	-1
1821	0
1822	-1
1823	0
1824	0
1825	0
1826	-1
1827	0
1828	0
1829	0
1830	-1
1831	0
1832	-1
1833	0
1834	-1
1835	0
1836	0
1837	0
1838	0
1839	0
1840	-1
1841	0
1842	0
1843	0
1844	-1
1845	0
1846	0
1847	0
1848	-2
1849	0
1850	0
1851	0
1852	-1
1853	-1
1854	-2
1855	0
1856	-2
1857	0
1858	-1
1859	-1
1860	-1
1861	-1
1862	-1
1863	0
1864	-1
1865	-1
1866	-1
1867	-1
1868	-1
1869	-1
1870	-1
1871	0
1872	-1
1873	-1
1874	-1
1875	-1
1876	-1
1877	0
1878	-1
1879	0
1880	-1
1881	0
1882	-1
1883	0
1884	-1
1885	0
1886	0
1887	0
1888	0
1889	0
1890	0
1891	0
1892	-1
1893	0
1894	0
1895	0
1896	0
1897	0
1898	-1
1899	0
1900	-1
1901	0
1902	0
1903	0
1904	-2
1905	0
1906	-1
1907	0
1908	0
1909	0
1910	-1
1911	0
1912	0
1913	0
1914	0
1915	-1
1916	-2
1917	0
1918	-1
1919	0
1920	0
1921	0
1922	0
1923	0
1924	0
1925	0
1926	0
1927	0
1928	0
1929	0
1930	0
1931	0
1932	0
1933	0
1934	0
1935	0
1936	0
1937	0
1938	0
1939	0
1940	-1
1941	0
1942	-1
1943	0
1944	-1
1945	0
1946	0
1947	-1
1948	0
1949	-1
1950	-1
1951	0
1952	-1
1953	0
1954	-2
1955	-1
1956	-3
1957	-1
1958	-3
1959	0
1960	-2
1961	0
1962	-2
1963	0
1964	0
1965	0
1966	-1
1967	0
1968	0
1969	0
1970	0
1971	1
1972	0
1973	0
1974	0
1975	1
1976	1
1977	0
1978	0
1979	1
1980	1
1981	2
1982	1
1983	1
1984	2
1985	2
1986	1
1987	1
1988	1
1989	1
1990	1
1991	2
1992	1
1993	2
1994	2
1995	1
1996	3
1997	2
1998	2
1999	3
