0	-1
1	0
2	-1
3	0
4	-1
5	-1
6	-1
7	0
8	-1
9	0
10	-1
11	0
12	0
13	0
14	0
15	0
16	0
17	0
18	0
19	0
20	0
21	0
22	0
23	0
24	0
25	1
26	0
27	1
28	0
29	1
30	0
31	2
32	0
33	1
34	0
35	1
36	0
37	1
38	0
39	2
40	0
41	1
42	1
43	0
44	1
45	1
46	0
47	2
48	1
49	2
50	0
51	2
52	0
53	2
54	1
55	1
56	0
57	2
58	1
59	1
60	0
61	1
62	0
63	1
64	0
65	2
66	0
67	1
68	0
69	0
70	-1
71	2
72	0
73	0
74	0
75	0
76	0
77	0
78	0
79	0
80	0
81	0
82	-1
83	0
84	-2
85	0
86	-1
87	0
88	-1
89	0
90	-1
91	0
92	-1
93	0
94	-2
95	0
96	-2
97	0
98	0
99	0
100	0
101	0
102	-1
103	0
104	0
105	1
106	0
107	0
108	0
109	0
110	0
111	1
112	-1
113	0
114	0
115	0
116	0
117	0
118	0
119	0
120	0
121	0
122	0
123	0
124	0
125	0
126	0
127	1
128	0
129	1
130	0
131	1
132	0
133	1
134	0
135	1
136	0
137	0
138	0
139	0
140	0
141	1
142	0
143	0
144	0
145	1
146	0
147	1
148	0
149	1
150	0
151	1
152	0
153	1
154	0
155	2
156	0
157	0
158	0
159	1
160	0
161	0
162	0
163	1
164	0
165	1
166	0
167	0
168	0
169	1
170	0
171	1
172	0
173	1
174	0
175	1
176	0
177	0
178	0
179	0
180	1
181	0
182	0
183	1
184	0
185	1
186	0
187	0
188	0
189	1
190	0
191	1
192	0
193	0
194	0
195	0
196	0
197	0
198	0
199	0
200	0
201	0
202	0
203	0
204	-1
205	0
206	0
207	0
208	-1
209	0
210	0
211	1
212	0
213	0
214	0
215	-1
216	0
217	0
218	0
219	0
220	0
221	0
222	-1
223	0
224	0
225	0
226	0
227	0
228	0
229	0
230	0
231	0
232	0
233	1
234	0
235	0
236	0
237	0
238	0
239	0
240	0
241	0
242	0
243	1
244	-1
245	0
246	0
247	0
248	0
249	0
250	0
251	0
252	0
253	0
254	0
255	0
256	-1
257	0
258	0
259	0
260	-1
261	0
262	0
263	0
264	0
265	0
266	0
267	0
268	0
269	0
270	0
271	0
272	0
273	0
274	0
275	0
276	0
277	0
278	0
279	1
280	0
281	1
282	0
283	1
284	0
285	2
286	0
287	3
288	0
289	2
290	0
291	2
292	0
293	2
294	0
295	1
296	0
297	1
298	0
299	1
300	0
301	1
302	0
303	2
304	0
305	1
306	1
307	0
308	1
309	1
310	0
311	2
312	1
313	2
314	1
315	2
316	1
317	3
318	1
319	2
320	0
321	1
322	0
323	1
324	0
325	2
326	0
327	0
328	0
329	1
330	0
331	1
332	0
333	1
334	-1
335	0
336	0
337	1
338	0
339	0
340	0
341	0
342	0
343	0
344	-1
345	0
346	0
347	0
348	0
349	0
350	0
351	0
352	0
353	0
354	0
355	0
356	0
357	0
358	0
359	0
360	0
361	0
362	0
363	0
364	0
365	0
366	0
367	0
368	-1
369	0
370	-1
371	0
372	-1
373	0
374	-1
375	0
376	-1
377	0
378	-1
379	-1
380	0
381	0
382	0
383	0
384	-1
385	0
386	-1
387	0
388	0
389	0
390	-1
391	0
392	0
393	0
394	0
395	0
396	0
397	1
398	0
399	1
400	0
401	1
402	0
403	2
404	1
405	2
406	0
407	1
408	0
409	2
410	0
411	2
412	0
413	2
414	0
415	2
416	0
417	1
418	1
419	1
420	0
421	1
422	0
423	1
424	0
425	1
426	0
427	1
428	0
429	0
430	0
431	0
432	0
433	1
434	1
435	3
436	3
437	4
438	3
439	8
440	8
441	13
442	14
443	18
444	20
445	26
446	28
447	34
448	37
449	41
450	45
451	53
452	54
453	61
454	66
455	70
456	74
457	79
458	83
459	89
460	93
461	97
462	100
463	108
464	109
465	114
466	115
467	120
468	122
469	126
470	126
471	131
472	131
473	134
474	133
475	136
476	132
477	136
478	133
479	134
480	131
481	132
482	126
483	128
484	123
485	123
486	117
487	117
488	112
489	112
490	105
491	106
492	98
493	96
494	91
495	90
496	83
497	81
498	77
499	78
500	62
501	64
502	60
503	57
504	50
505	48
506	41
507	38
508	34
509	32
510	26
511	24
512	18
513	16
514	9
515	9
516	4
517	3
518	-1
519	-4
520	-7
521	-6
522	-11
523	-11
524	-16
525	-17
526	-21
527	-22
528	-25
529	-24
530	-27
531	-26
532	-30
533	-30
534	-32
535	-33
536	-34
537	-35
538	-36
539	-36
540	-38
541	-38
542	-40
543	-39
544	-42
545	-40
546	-42
547	-40
548	-42
549	-40
550	-44
551	-42
552	-42
553	-41
554	-43
555	-42
556	-43
557	-42
558	-42
559	-41
560	-42
561	-41
562	-42
563	-40
564	-42
565	-39
566	-41
567	-39
568	-40
569	-38
570	-40
571	-37
572	-40
573	-37
574	-39
575	-38
576	-38
577	-36
578	-38
579	-37
580	-36
581	-36
582	-35
583	-33
584	-34
585	-32
586	-33
587	-31
588	-32
589	-30
590	-31
591	-29
592	-31
593	-29
594	-30
595	-28
596	-28
597	-25
598	-28
599	-25
600	-25
601	-24
602	-25
603	-22
604	-22
605	-20
606	-21
607	-18
608	-18
609	-18
610	-18
611	-16
612	-16
613	-16
614	-17
615	-15
616	-16
617	-15
618	-16
619	-15
620	-15
621	-15
622	-14
623	-13
624	-15
625	-14
626	-14
627	-11
628	-13
629	-11
630	-12
631	-9
632	-11
633	-8
634	-11
635	-9
636	-10
637	-6
638	-9
639	-6
640	-8
641	-5
642	-7
643	-5
644	-6
645	-5
646	-5
647	-4
648	-6
649	-3
650	-4
651	-4
652	-4
653	-2
654	-4
655	-2
656	-5
657	-1
658	-4
659	-1
660	-3
661	-2
662	-2
663	-2
664	-2
665	0
666	-1
667	0
668	-2
669	0
670	0
671	0
672	-2
673	0
674	-2
675	0
676	-2
677	0
678	-2
679	-1
680	0
681	0
682	0
683	0
684	0
685	0
686	-1
687	0
688	0
689	0
690	0
691	1
692	0
693	0
694	-1
695	0
696	0
697	0
698	0
699	0
700	0
701	-1
702	-1
703	-1
704	0
705	0
706	-2
707	0
708	-1
709	0
710	-1
711	0
712	-2
713	-1
714	-2
715	0
716	-2
717	0
718	-1
719	0
720	-1
721	0
722	-2
723	0
724	0
725	0
726	0
727	0
728	-1
729	0
730	0
731	0
732	-1
733	0
734	-1
735	0
736	-2
737	0
738	-1
739	0
740	-1
741	0
742	0
743	-1
744	-1
745	0
746	0
747	0
748	-2
749	0
750	-1
751	0
752	-1
753	0
754	0
755	0
756	0
757	0
758	-1
759	0
760	0
761	0
762	0
763	-1
764	0
765	0
766	0
767	0
768	0
769	0
770	0
771	0
772	-1
773	0
774	0
775	0
776	-1
777	0
778	-1
779	-1
780	0
781	0
782	0
783	0
784	0
785	0
786	0
787	0
788	-1
789	1
790	0
791	0
792	0
793	0
794	0
795	0
796	0
797	0
798	0
799	0
800	0
801	0
802	0
803	0
804	0
805	0
806	-1
807	0
808	-1
809	0
810	-1
811	0
812	-1
813	-1
814	-2
815	-1
816	-2
817	0
818	-2
819	0
820	-1
821	0
822	-1
823	0
824	-1
825	0
826	-2
827	0
828	-2
829	0
830	-1
831	0
832	-1
833	0
834	-1
835	0
836	-2
837	0
838	-2
839	0
840	-1
841	0
842	-1
843	0
844	0
845	1
846	0
847	0
848	0
849	1
850	0
851	0
852	0
853	0
854	0
855	0
856	0
857	0
858	0
859	0
860	0
861	0
862	0
863	0
864	0
865	0
866	0
867	0
868	-1
869	0
870	-2
871	0
872	-1
873	-1
874	-1
875	-1
876	-2
877	-2
878	-1
879	0
880	-1
881	-1
882	-2
883	-1
884	-1
885	0
886	-2
887	0
888	-1
889	0
890	0
891	0
892	0
893	0
894	0
895	1
896	0
897	0
898	0
899	0
900	0
901	0
902	0
903	0
904	0
905	0
906	-1
907	0
908	0
909	0
910	-1
911	0
912	-1
913	0
914	-1
915	0
916	-2
917	0
918	0
919	-1
920	-1
921	0
922	-1
923	0
924	-2
925	0
926	-1
927	0
928	-1
929	0
930	0
931	0
932	-2
933	0
934	-2
935	0
936	-1
937	0
938	-2
939	0
940	-1
941	-1
942	-1
943	0
944	-1
945	0
946	0
947	1
948	0
949	0
950	0
951	1
952	0
953	1
954	0
955	1
956	0
957	2
958	0
959	1
960	0
961	1
962	0
963	0
964	0
965	0
966	0
967	1
968	0
969	0
970	0
971	0
972	-1
973	0
974	-1
975	0
976	-1
977	0
978	-1
979	0
980	-1
981	0
982	-2
983	0
984	-1
985	0
986	0
987	0
988	-1
989	0
990	-1
991	0
992	-1
993	0
994	-1
995	0
996	-1
997	0
998	-1
999	0
1000	-1
1001	0
1002	-2
1003	0
1004	-2
1005	0
1006	-2
1007	0
1008	-1
1009	-1
1010	-1
1011	0
1012	-2
1013	-1
1014	-2
1015	-1
1016	0
1017	-1
1018	-1
1019	-1
1020	-1
1021	0
1022	-1
1023	0
1024	-1
1025	0
1026	-1
1027	0
1028	-1
1029	0
1030	-1
1031	-1
1032	-1
1033	0
1034	0
1035	0
1036	0
1037	0
1038	0
1039	0
1040	0
1041	0
1042	0
1043	1
1044	0
1045	0
1046	0
1047	1
1048	0
1049	1
1050	-1
1051	1
1052	0
1053	1
1054	0
1055	0
1056	0
1057	1
1058	0
1059	2
1060	0
1061	0
1062	-1
1063	0
1064	-1
1065	0
1066	-1
1067	0
1068	-1
1069	0
1070	-1
1071	0
1072	-1
1073	0
1074	0
1075	-1
1076	-1
1077	0
1078	-1
1079	0
1080	-1
1081	0
1082	-1
1083	0
1084	-1
1085	0
1086	-1
1087	0
1088	-1
1089	0
1090	-1
1091	0
1092	0
1093	0
1094	-1
1095	0
1096	-2
1097	0
1098	-1
1099	-1
1100	-1
1101	-1
1102	-3
1103	0
1104	-2
1105	0
1106	-2
1107	-1
1108	-2
1109	-1
1110	-2
1111	0
1112	-2
1113	-1
1114	-2
1115	-1
1116	-2
1117	-1
1118	-1
1119	-1
1120	-2
1121	0
1122	-2
1123	0
1124	-1
1125	0
1126	-1
1127	0
1128	0
1129	0
1130	0
1131	0
1132	0
1133	1
1134	0
1135	1
1136	0
1137	1
1138	-2
1139	2
1140	0
1141	1
1142	-1
1143	1
1144	0
1145	2
1146	-1
1147	0
1148	0
1149	0
1150	0
1151	0
1152	0
1153	0
1154	0
1155	0
1156	0
1157	0
1158	0
1159	1
1160	0
1161	2
1162	0
1163	1
1164	0
1165	0
1166	0
1167	0
1168	0
1169	1
1170	0
1171	1
1172	1
1173	2
1174	0
1175	1
1176	0
1177	3
1178	0
1179	2
1180	0
1181	3
1182	1
1183	2
1184	1
1185	2
1186	0
1187	3
1188	1
1189	2
1190	1
1191	3
1192	0
1193	2
1194	1
1195	1
1196	1
1197	2
1198	0
1199	1
1200	0
1201	1
1202	-1
1203	0
1204	0
1205	0
1206	-1
1207	0
1208	0
1209	0
1210	0
1211	0
1212	-1
1213	0
1214	-2
1215	0
1216	-1
1217	0
1218	0
1219	1
1220	0
1221	0
1222	-1
1223	0
1224	-1
1225	0
1226	0
1227	1
1228	-1
1229	0
1230	-1
1231	0
1232	-1
1233	0
1234	-1
1235	0
1236	-1
1237	0
1238	-1
1239	0
1240	-1
1241	0
1242	0
1243	0
1244	-3
1245	0
1246	-3
1247	0
1248	-1
1249	0
1250	-2
1251	0
1252	-2
1253	0
1254	-2
1255	0
1256	-3
1257	0
1258	-2
1259	0
1260	-2
1261	0
1262	-2
1263	0
1264	-2
1265	0
1266	-1
1267	0
1268	0
1269	0
1270	-1
1271	0
1272	-1
1273	-1
1274	-2
1275	0
1276	-2
1277	0
1278	0
1279	0
1280	-2
1281	0
1282	-2
1283	0
1284	-1
1285	-1
1286	-2
1287	-1
1288	-2
1289	-1
1290	-1
1291	0
1292	-2
1293	0
1294	-2
1295	-1
1296	-3
1297	-1
1298	-3
1299	-2
1300	-2
1301	0
1302	-1
1303	-1
1304	-1
1305	-1
1306	-2
1307	0
1308	-3
1309	-1
1310	-3
1311	0
1312	-1
1313	0
1314	-2
1315	0
1316	-2
1317	-1
1318	-3
1319	0
1320	-3
1321	0
1322	-2
1323	0
1324	-2
1325	0
1326	-1
1327	0
1328	-1
1329	0
1330	-2
1331	0
1332	-2
1333	0
1334	-1
1335	0
1336	-2
1337	0
1338	-1
1339	0
1340	-1
1341	0
1342	-1
1343	0
1344	-1
1345	0
1346	-1
1347	0
1348	-1
1349	1
1350	-1
1351	0
1352	-1
1353	0
1354	0
1355	0
1356	0
1357	1
1358	0
1359	1
1360	0
1361	1
1362	0
1363	0
1364	0
1365	1
1366	0
1367	1
1368	0
1369	1
1370	0
1371	0
1372	-1
1373	0
1374	-1
1375	1
1376	0
1377	1
1378	-1
1379	0
1380	0
1381	0
1382	0
1383	0
1384	-1
1385	0
1386	0
1387	0
1388	0
1389	0
1390	-1
1391	-2
1392	-1
1393	-1
1394	-2
1395	-1
1396	-3
1397	-1
1398	-1
1399	0
1400	-1
1401	0
1402	0
1403	0
1404	0
1405	0
1406	0
1407	0
1408	-2
1409	0
1410	-1
1411	0
1412	-2
1413	0
1414	-1
1415	0
1416	-1
1417	0
1418	-2
1419	0
1420	-2
1421	0
1422	-3
1423	-1
1424	-3
1425	-1
1426	-2
1427	0
1428	-3
1429	-1
1430	-2
1431	-1
1432	-2
1433	-1
1434	-2
1435	-1
1436	-2
1437	-1
1438	-3
1439	0
1440	-1
1441	0
1442	0
1443	0
1444	-1
1445	0
1446	0
1447	0
1448	-1
1449	0
1450	0
1451	-1
1452	-1
1453	0
1454	-2
1455	0
1456	-1
1457	0
1458	-1
1459	0
1460	0
1461	0
1462	-1
1463	0
1464	0
1465	1
1466	0
1467	0
1468	0
1469	0
1470	0
1471	1
1472	0
1473	1
1474	0
1475	1
1476	0
1477	1
1478	0
1479	0
1480	-1
1481	0
1482	0
1483	0
1484	-1
1485	0
1486	0
1487	0
1488	0
1489	0
1490	0
1491	1
1492	0
1493	1
1494	0
1495	0
1496	0
1497	0
1498	-1
1499	0
1500	0
1501	1
1502	0
1503	0
1504	0
1505	0
1506	-2
1507	0
1508	-2
1509	-1
1510	-2
1511	-1
1512	-2
1513	-1
1514	-3
1515	-1
1516	-2
1517	0
1518	-2
1519	-2
1520	-2
1521	-1
1522	-1
1523	-1
1524	-3
1525	-1
1526	-2
1527	-1
1528	-1
1529	-1
1530	-1
1531	-1
1532	-1
1533	-1
1534	-1
1535	0
1536	-1
1537	1
1538	0
1539	0
1540	0
1541	0
1542	-1
1543	0
1544	-1
1545	-1
1546	0
1547	0
1548	-1
1549	0
1550	-1
1551	0
1552	-2
1553	0
1554	-1
1555	0
1556	-1
1557	0
1558	-1
1559	-1
1560	0
1561	0
1562	0
1563	0
1564	-1
1565	0
1566	-1
1567	1
1568	0
1569	0
1570	-1
1571	0
1572	0
1573	1
1574	0
1575	0
1576	0
1577	0
1578	-1
1579	0
1580	-1
1581	0
1582	-1
1583	0
1584	-1
1585	0
1586	-1
1587	0
1588	-2
1589	0
1590	-1
1591	0
1592	-2
1593	-1
1594	-1
1595	0
1596	-2
1597	0
1598	-3
1599	0
1600	-2
1601	0
1602	-1
1603	0
1604	-1
1605	0
1606	0
1607	0
1608	0
1609	0
1610	0
1611	0
1612	0
1613	0
1614	0
1615	0
1616	0
1617	0
1618	0
1619	0
1620	0
1621	0
1622	0
1623	0
1624	0
1625	0
1626	-1
1627	0
1628	-2
1629	0
1630	-1
1631	0
1632	0
1633	0
1634	-1
1635	0
1636	-1
1637	0
1638	-1
1639	0
1640	-1
1641	0
1642	-1
1643	0
1644	-2
1645	0
1646	-2
1647	0
1648	0
1649	0
1650	0
1651	0
1652	0
1653	0
1654	0
1655	0
1656	0
1657	0
1658	-1
1659	0
1660	0
1661	0
1662	-1
1663	0
1664	0
1665	0
1666	0
1667	0
1668	0
1669	0
1670	0
1671	0
1672	-1
1673	0
1674	-1
1675	0
1676	-3
1677	0
1678	-2
1679	0
1680	-3
1681	-1
1682	-3
1683	-1
1684	-1
1685	-2
1686	-3
1687	-1
1688	-2
1689	-1
1690	0
1691	0
1692	-1
1693	0
1694	0
1695	0
1696	0
1697	0
1698	0
1699	0
1700	0
1701	0
1702	0
1703	1
1704	0
1705	0
1706	0
1707	1
1708	0
1709	0
1710	0
1711	0
1712	0
1713	0
1714	0
1715	0
1716	0
1717	0
1718	0
1719	0
1720	0
1721	0
1722	0
1723	0
1724	0
1725	0
1726	-1
1727	0
1728	-1
1729	0
1730	-1
1731	0
1732	-2
1733	0
1734	-2
1735	0
1736	-2
1737	0
1738	-1
1739	0
1740	-1
1741	0
1742	-1
1743	0
1744	-1
1745	0
1746	0
1747	0
1748	0
1749	0
1750	0
1751	0
1752	0
1753	0
1754	-1
1755	0
1756	-1
1757	0
1758	0
1759	0
1760	0
1761	0
1762	0
1763	0
1764	0
1765	0
1766	0
1767	0
1768	0
1769	0
1770	0
1771	0
1772	-1
1773	0
1774	-1
1775	0
1776	0
1777	0
1778	-1
1779	0
1780	-1
1781	0
1782	-1
1783	0
1784	-1
1785	-1
1786	-2
1787	0
1788	-2
1789	0
1790	-1
1791	0
1792	0
1793	0
1794	-2
1795	0
1796	-1
1797	0
1798	0
1799	0
1800	0
1801	0
1802	-1
1803	0
1804	-1
1805	0
1806	-1
1807	0
1808	-1
1809	0
1810	-1
1811	0
1812	-1
1813	-1
1814	-1
1815	-1
1816	-1
1817	0
1818	0
1819	0
1820	0
1821	0
1822	0
1823	0
1824	0
1825	0
1826	0
1827	0
1828	-1
1829	0
1830	0
1831	0
1832	0
1833	0
1834	-1
1835	0
1836	0
1837	0
1838	0
1839	1
1840	0
1841	0
1842	0
1843	0
1844	-2
1845	0
1846	-1
1847	0
1848	0
1849	0
1850	-1
1851	-1
1852	-3
1853	0
1854	0
1855	0
1856	0
1857	0
1858	0
1859	0
1860	0
1861	0
1862	0
1863	0
1864	0
1865	0
1866	0
1867	0
1868	0
1869	1
1870	0
1871	1
1872	0
1873	1
1874	0
1875	0
1876	0
1877	1
1878	0
1879	1
1880	0
1881	1
1882	0
1883	2
1884	0
1885	1
1886	1
1887	1
1888	0
1889	2
1890	0
1891	0
1892	0
1893	0
1894	0
1895	0
1896	-1
1897	0
1898	-1
1899	-1
1900	0
1901	-2
1902	0
1903	-2
1904	-2
1905	0
1906	-3
1907	-2
1908	-3
1909	-1
1910	-3
1911	-1
1912	-2
1913	-2
1914	-2
1915	0
1916	-2
1917	0
1918	-1
1919	-1
1920	-2
1921	0
1922	-1
1923	0
1924	-1
1925	0
1926	0
1927	0
1928	0
1929	1
1930	0
1931	1
1932	2
1933	2
1934	1
1935	1
1936	1
1937	1
1938	1
1939	1
1940	0
1941	0
1942	0
1943	0
1944	0
1945	0
1946	0
1947	0
1948	0
1949	0
1950	0
1951	0
1952	0
1953	0
1954	0
1955	0
1956	0
1957	0
1958	0
1959	0
1960	-1
1961	0
1962	0
1963	0
1964	0
1965	0
1966	0
1967	0
1968	-1
1969	0
1970	0
1971	0
1972	-2
1973	0
1974	0
1975	0
1976	0
1977	0
1978	0
1979	0
1980	-1
1981	0
1982	-1
1983	0
1984	0
1985	0
1986	-1
1987	0
1988	-2
1989	0
1990	-3
1991	-1
1992	-1
1993	0
1994	-2
1995	0
1996	-1
1997	0
1998	-1
1999	0
