0	-1
1	0
2	0
3	0
4	0
5	0
6	0
7	0
8	0
9	0
10	0
11	0
12	0
13	0
14	0
15	0
16	0
17	0
18	0
19	0
20	0
21	0
22	0
23	0
24	0
25	0
26	0
27	0
28	0
29	0
30	0
31	0
32	0
33	0
34	0
35	0
36	0
37	0
38	0
39	0
40	0
41	0
42	0
43	0
44	0
45	0
46	0
47	0
48	0
49	0
50	0
51	0
52	-1
53	0
54	0
55	0
56	0
57	0
58	0
59	0
60	0
61	1
62	0
63	0
64	0
65	0
66	-1
67	0
68	0
69	0
70	0
71	0
72	0
73	0
74	0
75	0
76	0
77	0
78	0
79	0
80	0
81	0
82	0
83	0
84	0
85	0
86	0
87	0
88	0
89	0
90	0
91	1
92	0
93	0
94	0
95	0
96	-1
97	0
98	0
99	0
100	-1
101	0
102	0
103	0
104	-1
105	0
106	0
107	0
108	0
109	0
110	-1
111	0
112	0
113	0
114	0
115	0
116	0
117	0
118	0
119	0
120	0
121	0
122	0
123	0
124	0
125	0
126	0
127	0
128	0
129	0
130	0
131	0
132	0
133	0
134	0
135	0
136	0
137	0
138	0
139	0
140	1
141	1
142	0
143	0
144	0
145	0
146	0
147	1
148	0
149	1
150	0
151	1
152	0
153	0
154	0
155	0
156	0
157	0
158	0
159	0
160	0
161	0
162	0
163	0
164	0
165	0
166	0
167	0
168	0
169	0
170	0
171	0
172	0
173	0
174	0
175	0
176	0
177	0
178	0
179	0
180	0
181	0
182	0
183	0
184	-1
185	0
186	0
187	0
188	0
189	0
190	-1
191	-1
192	-1
193	0
194	-1
195	0
196	-1
197	0
198	-1
199	0
200	-1
201	0
202	-1
203	-1
204	0
205	-1
206	0
207	-1
208	0
209	0
210	0
211	1
212	0
213	0
214	0
215	0
216	1
217	0
218	1
219	1
220	0
221	1
222	0
223	1
224	0
225	1
226	0
227	2
228	0
229	1
230	0
231	0
232	0
233	0
234	0
235	0
236	0
237	0
238	0
239	0
240	0
241	0
242	0
243	0
244	0
245	0
246	0
247	0
248	0
249	0
250	0
251	0
252	0
253	0
254	0
255	0
256	0
257	0
258	-1
259	0
260	0
261	0
262	0
263	0
264	0
265	0
266	0
267	0
268	0
269	0
270	0
271	0
272	0
273	0
274	0
275	0
276	0
277	1
278	0
279	0
280	0
281	0
282	0
283	0
284	0
285	0
286	0
287	0
288	-1
289	0
290	-1
291	0
292	0
293	0
294	-1
295	0
296	-1
297	0
298	-2
299	-1
300	-1
301	0
302	-1
303	-1
304	-2
305	0
306	-2
307	0
308	-1
309	0
310	-1
311	0
312	0
313	0
314	-1
315	0
316	0
317	0
318	-1
319	0
320	0
321	0
322	-1
323	0
324	-1
325	0
326	0
327	0
328	0
329	0
330	0
331	0
332	0
333	0
334	0
335	0
336	0
337	0
338	0
339	1
340	0
341	0
342	0
343	0
344	0
345	0
346	0
347	0
348	-1
349	0
350	-1
351	2
352	0
353	1
354	0
355	0
356	0
357	0
358	0
359	1
360	0
361	0
362	0
363	0
364	0
365	-1
366	-1
367	0
368	0
369	0
370	0
371	0
372	0
373	0
374	0
375	0
376	0
377	0
378	0
379	0
380	0
381	0
382	0
383	0
384	0
385	0
386	0
387	0
388	-1
389	0
390	0
391	0
392	0
393	0
394	-1
395	0
396	0
397	0
398	-1
399	0
400	0
401	0
402	0
403	0
404	0
405	0
406	0
407	0
408	0
409	0
410	0
411	0
412	0
413	0
414	0
415	0
416	0
417	0
418	0
419	0
420	0
421	0
422	0
423	1
424	0
425	0
426	-1
427	0
428	0
429	0
430	0
431	0
432	0
433	0
434	0
435	0
436	0
437	0
438	0
439	0
440	1
441	3
442	3
443	7
444	7
445	11
446	11
447	14
448	18
449	24
450	25
451	31
452	34
453	39
454	43
455	50
456	52
457	58
458	62
459	67
460	72
461	76
462	80
463	86
464	87
465	92
466	96
467	101
468	103
469	109
470	109
471	115
472	115
473	119
474	118
475	123
476	121
477	124
478	124
479	124
480	124
481	123
482	123
483	121
484	118
485	120
486	113
487	114
488	109
489	109
490	104
491	102
492	96
493	94
494	90
495	88
496	82
497	79
498	78
499	79
500	62
501	64
502	59
503	57
504	52
505	50
506	45
507	44
508	37
509	36
510	32
511	30
512	25
513	24
514	18
515	17
516	13
517	10
518	7
519	7
520	2
521	1
522	0
523	-1
524	-5
525	-7
526	-11
527	-10
528	-13
529	-13
530	-15
531	-17
532	-20
533	-20
534	-23
535	-22
536	-25
537	-24
538	-27
539	-27
540	-28
541	-27
542	-29
543	-29
544	-31
545	-29
546	-32
547	-31
548	-32
549	-32
550	-33
551	-31
552	-33
553	-32
554	-33
555	-33
556	-33
557	-32
558	-31
559	-31
560	-33
561	-31
562	-32
563	-31
564	-32
565	-31
566	-31
567	-31
568	-31
569	-30
570	-32
571	-29
572	-30
573	-29
574	-29
575	-28
576	-29
577	-27
578	-27
579	-26
580	-26
581	-25
582	-26
583	-24
584	-25
585	-22
586	-24
587	-21
588	-24
589	-20
590	-21
591	-20
592	-20
593	-16
594	-19
595	-16
596	-18
597	-16
598	-18
599	-16
600	-16
601	-15
602	-16
603	-15
604	-16
605	-15
606	-15
607	-13
608	-14
609	-14
610	-15
611	-13
612	-12
613	-13
614	-13
615	-12
616	-15
617	-11
618	-14
619	-10
620	-13
621	-10
622	-10
623	-9
624	-9
625	-9
626	-10
627	-7
628	-8
629	-7
630	-8
631	-6
632	-7
633	-5
634	-6
635	-3
636	-6
637	-4
638	-5
639	-4
640	-5
641	-3
642	-4
643	-2
644	-6
645	-1
646	-3
647	-1
648	-3
649	-1
650	-3
651	-1
652	-3
653	-1
654	0
655	-1
656	-2
657	-1
658	-3
659	0
660	-1
661	-1
662	-2
663	0
664	-1
665	-1
666	-1
667	-1
668	-1
669	0
670	0
671	0
672	-1
673	0
674	-2
675	0
676	0
677	0
678	0
679	0
680	0
681	0
682	0
683	0
684	0
685	0
686	0
687	0
688	0
689	0
690	0
691	0
692	0
693	0
694	0
695	0
696	0
697	0
698	0
699	0
700	0
701	0
702	0
703	0
704	0
705	0
706	0
707	0
708	0
709	0
710	0
711	0
712	0
713	0
714	-1
715	0
716	-1
717	0
718	-2
719	-1
720	-1
721	0
722	-1
723	0
724	0
725	0
726	0
727	0
728	0
729	0
730	0
731	0
732	0
733	1
734	0
735	1
736	1
737	1
738	0
739	1
740	0
741	2
742	0
743	2
744	0
745	3
746	1
747	2
748	1
749	2
750	1
751	2
752	1
753	1
754	1
755	1
756	0
757	2
758	0
759	1
760	0
761	1
762	0
763	1
764	0
765	1
766	0
767	0
768	0
769	0
770	0
771	1
772	0
773	1
774	0
775	0
776	0
777	1
778	0
779	0
780	0
781	0
782	0
783	0
784	0
785	0
786	-2
787	0
788	0
789	0
790	-2
791	0
792	0
793	0
794	0
795	0
796	-1
797	0
798	-1
799	0
800	-1
801	0
802	0
803	0
804	-1
805	0
806	0
807	0
808	-1
809	0
810	-1
811	0
812	-1
813	0
814	-2
815	-1
816	-3
817	0
818	-2
819	-1
820	-2
821	-1
822	-2
823	-1
824	-2
825	-1
826	-2
827	-1
828	-3
829	-1
830	-3
831	-1
832	-2
833	-1
834	-2
835	-1
836	-2
837	-1
838	-3
839	-1
840	-2
841	-1
842	-2
843	-2
844	-1
845	-1
846	-1
847	0
848	-1
849	0
850	-2
851	-1
852	-2
853	-1
854	-1
855	0
856	-1
857	0
858	-2
859	0
860	-1
861	0
862	-1
863	0
864	-1
865	0
866	0
867	0
868	0
869	0
870	0
871	0
872	0
873	0
874	0
875	0
876	0
877	0
878	-1
879	0
880	-1
881	0
882	-1
883	0
884	-1
885	0
886	-1
887	0
888	-2
889	-1
890	-2
891	0
892	-3
893	0
894	-3
895	0
896	-2
897	0
898	-3
899	0
900	-1
901	-1
902	-1
903	0
904	-1
905	0
906	-2
907	0
908	0
909	0
910	-1
911	0
912	0
913	0
914	0
915	0
916	0
917	1
918	0
919	1
920	0
921	1
922	0
923	1
924	0
925	1
926	0
927	0
928	0
929	0
930	0
931	0
932	-2
933	-1
934	-2
935	-1
936	-3
937	-2
938	-2
939	-2
940	-3
941	-1
942	-3
943	-3
944	-3
945	-2
946	-2
947	-3
948	-4
949	-3
950	-3
951	-1
952	-2
953	-3
954	-4
955	-2
956	-3
957	-3
958	-2
959	0
960	0
961	0
962	-1
963	0
964	-2
965	0
966	-1
967	0
968	-1
969	0
970	0
971	0
972	0
973	0
974	0
975	0
976	0
977	0
978	0
979	0
980	0
981	0
982	0
983	0
984	0
985	0
986	0
987	0
988	-1
989	1
990	-1
991	0
992	0
993	-1
994	-1
995	0
996	0
997	0
998	-1
999	0
1000	-1
1001	0
1002	-1
1003	0
1004	-2
1005	0
1006	-2
1007	0
1008	-2
1009	0
1010	-1
1011	0
1012	0
1013	0
1014	0
1015	0
1016	-1
1017	0
1018	-1
1019	0
1020	-1
1021	0
1022	-1
1023	0
1024	-1
1025	-1
1026	-1
1027	-2
1028	-3
1029	-1
1030	-2
1031	-1
1032	-2
1033	-1
1034	-1
1035	0
1036	-2
1037	-1
1038	-1
1039	0
1040	0
1041	0
1042	-1
1043	0
1044	-1
1045	0
1046	-1
1047	0
1048	-1
1049	0
1050	-1
1051	0
1052	0
1053	0
1054	-1
1055	0
1056	-2
1057	0
1058	-2
1059	0
1060	-1
1061	-1
1062	-1
1063	0
1064	-1
1065	-1
1066	-3
1067	0
1068	-2
1069	0
1070	-2
1071	-1
1072	-2
1073	-1
1074	-3
1075	-1
1076	-2
1077	0
1078	-2
1079	0
1080	-3
1081	-1
1082	-1
1083	0
1084	-1
1085	0
1086	0
1087	0
1088	-2
1089	0
1090	0
1091	-1
1092	-1
1093	0
1094	-1
1095	0
1096	-1
1097	0
1098	-1
1099	0
1100	-1
1101	0
1102	-1
1103	0
1104	-1
1105	0
1106	0
1107	0
1108	0
1109	0
1110	-1
1111	0
1112	0
1113	0
1114	-1
1115	0
1116	-1
1117	0
1118	-1
1119	0
1120	-1
1121	0
1122	-1
1123	0
1124	-1
1125	0
1126	-1
1127	0
1128	-1
1129	-1
1130	-2
1131	-1
1132	-3
1133	-2
1134	-3
1135	0
1136	-1
1137	-1
1138	-1
1139	0
1140	-1
1141	0
1142	-2
1143	0
1144	-1
1145	0
1146	-2
1147	0
1148	-1
1149	0
1150	-2
1151	0
1152	-2
1153	-1
1154	-1
1155	0
1156	-1
1157	0
1158	-1
1159	0
1160	-2
1161	-1
1162	-2
1163	-1
1164	-1
1165	0
1166	-2
1167	-1
1168	-1
1169	-1
1170	-1
1171	0
1172	-2
1173	-1
1174	-1
1175	0
1176	-1
1177	0
1178	0
1179	0
1180	0
1181	0
1182	-1
1183	0
1184	-1
1185	0
1186	0
1187	0
1188	0
1189	0
1190	-1
1191	-1
1192	-1
1193	0
1194	-1
1195	0
1196	-1
1197	0
1198	0
1199	0
1200	-1
1201	0
1202	-1
1203	-1
1204	-1
1205	0
1206	-1
1207	0
1208	-2
1209	0
1210	0
1211	0
1212	-1
1213	0
1214	-1
1215	-1
1216	-2
1217	-1
1218	-1
1219	0
1220	-1
1221	0
1222	-1
1223	0
1224	-1
1225	0
1226	-1
1227	0
1228	-1
1229	0
1230	-1
1231	0
1232	-1
1233	0
1234	0
1235	0
1236	-1
1237	0
1238	-1
1239	0
1240	-1
1241	0
1242	-1
1243	0
1244	0
1245	0
1246	-1
1247	0
1248	-1
1249	0
1250	-1
1251	0
1252	-3
1253	-1
1254	-2
1255	0
1256	-1
1257	0
1258	0
1259	0
1260	-1
1261	0
1262	0
1263	0
1264	0
1265	0
1266	0
1267	0
1268	0
1269	0
1270	0
1271	0
1272	0
1273	0
1274	0
1275	1
1276	0
1277	1
1278	0
1279	0
1280	1
1281	1
1282	0
1283	1
1284	0
1285	1
1286	0
1287	0
1288	0
1289	1
1290	0
1291	2
1292	0
1293	1
1294	0
1295	0
1296	1
1297	1
1298	1
1299	0
1300	0
1301	0
1302	0
1303	1
1304	0
1305	1
1306	0
1307	0
1308	0
1309	0
1310	0
1311	1
1312	0
1313	0
1314	0
1315	0
1316	0
1317	1
1318	0
1319	1
1320	0
1321	1
1322	0
1323	1
1324	0
1325	0
1326	0
1327	1
1328	0
1329	1
1330	0
1331	1
1332	0
1333	0
1334	0
1335	0
1336	0
1337	0
1338	0
1339	1
1340	0
1341	2
1342	0
1343	1
1344	0
1345	1
1346	0
1347	2
1348	1
1349	1
1350	0
1351	2
1352	0
1353	1
1354	0
1355	0
1356	0
1357	0
1358	0
1359	0
1360	0
1361	0
1362	0
1363	0
1364	0
1365	0
1366	0
1367	0
1368	0
1369	-2
1370	-1
1371	0
1372	-1
1373	0
1374	-2
1375	0
1376	-3
1377	-1
1378	-2
1379	-1
1380	-2
1381	-1
1382	-3
1383	-2
1384	-4
1385	-1
1386	-3
1387	-1
1388	-2
1389	-1
1390	-2
1391	-2
1392	-2
1393	-1
1394	-3
1395	-2
1396	-2
1397	-1
1398	-2
1399	-1
1400	-3
1401	-1
1402	-2
1403	-2
1404	-2
1405	-1
1406	-2
1407	-1
1408	-1
1409	0
1410	-2
1411	-1
1412	-1
1413	-1
1414	-1
1415	-1
1416	-1
1417	-1
1418	-1
1419	-1
1420	-2
1421	-1
1422	-3
1423	-1
1424	-2
1425	0
1426	-3
1427	0
1428	-1
1429	0
1430	-1
1431	0
1432	-1
1433	0
1434	0
1435	-1
1436	-2
1437	0
1438	-1
1439	0
1440	-1
1441	0
1442	-1
1443	0
1444	-2
1445	0
1446	-1
1447	0
1448	-1
1449	0
1450	-1
1451	0
1452	0
1453	0
1454	-2
1455	0
1456	-1
1457	0
1458	-1
1459	0
1460	-1
1461	0
1462	-1
1463	0
1464	-2
1465	0
1466	0
1467	0
1468	0
1469	0
1470	-1
1471	0
1472	-2
1473	0
1474	-1
1475	0
1476	-1
1477	0
1478	-2
1479	0
1480	-2
1481	0
1482	-1
1483	-1
1484	-1
1485	0
1486	-1
1487	-1
1488	-2
1489	-2
1490	-3
1491	0
1492	-2
1493	-1
1494	-2
1495	-1
1496	-2
1497	-2
1498	-3
1499	-1
1500	-2
1501	-1
1502	-3
1503	-2
1504	-2
1505	-1
1506	-1
1507	-2
1508	-2
1509	-1
1510	-2
1511	-1
1512	-1
1513	-1
1514	-1
1515	0
1516	-1
1517	-1
1518	-1
1519	-1
1520	0
1521	0
1522	-1
1523	0
1524	-1
1525	0
1526	-1
1527	0
1528	-1
1529	0
1530	-1
1531	0
1532	0
1533	0
1534	0
1535	0
1536	-1
1537	1
1538	-1
1539	0
1540	0
1541	0
1542	0
1543	0
1544	0
1545	0
1546	0
1547	0
1548	0
1549	1
1550	0
1551	0
1552	0
1553	0
1554	0
1555	0
1556	0
1557	0
1558	0
1559	0
1560	0
1561	0
1562	0
1563	0
1564	0
1565	0
1566	0
1567	0
1568	-1
1569	0
1570	-1
1571	0
1572	-1
1573	0
1574	-1
1575	0
1576	-2
1577	0
1578	-1
1579	0
1580	-1
1581	0
1582	-1
1583	-1
1584	-2
1585	-1
1586	-2
1587	-1
1588	-1
1589	-1
1590	0
1591	0
1592	0
1593	0
1594	-1
1595	0
1596	0
1597	0
1598	-1
1599	0
1600	-1
1601	0
1602	-1
1603	0
1604	-1
1605	-1
1606	-1
1607	0
1608	-1
1609	0
1610	-1
1611	0
1612	-1
1613	0
1614	-2
1615	-1
1616	-2
1617	-1
1618	-2
1619	-1
1620	-3
1621	0
1622	-4
1623	0
1624	-5
1625	0
1626	-4
1627	0
1628	-2
1629	-1
1630	-2
1631	-1
1632	-2
1633	-1
1634	-2
1635	-1
1636	-2
1637	-1
1638	-3
1639	-1
1640	-2
1641	0
1642	-1
1643	0
1644	-1
1645	0
1646	-1
1647	-1
1648	-1
1649	0
1650	-1
1651	0
1652	-1
1653	1
1654	-2
1655	0
1656	0
1657	1
1658	0
1659	1
1660	0
1661	1
1662	0
1663	1
1664	0
1665	1
1666	1
1667	0
1668	0
1669	1
1670	0
1671	1
1672	0
1673	1
1674	0
1675	0
1676	-1
1677	0
1678	0
1679	0
1680	0
1681	-1
1682	-2
1683	-2
1684	-1
1685	0
1686	-2
1687	-1
1688	-2
1689	-2
1690	-1
1691	-2
1692	-3
1693	-1
1694	-2
1695	-2
1696	-3
1697	0
1698	-2
1699	0
1700	-1
1701	0
1702	-1
1703	0
1704	-1
1705	0
1706	-1
1707	0
1708	-1
1709	0
1710	-2
1711	0
1712	0
1713	0
1714	0
1715	0
1716	-1
1717	0
1718	0
1719	0
1720	-1
1721	0
1722	-1
1723	-1
1724	0
1725	0
1726	-1
1727	0
1728	-1
1729	0
1730	0
1731	0
1732	-1
1733	0
1734	-2
1735	0
1736	-2
1737	-1
1738	-1
1739	-1
1740	0
1741	0
1742	-1
1743	0
1744	-2
1745	-1
1746	-1
1747	-1
1748	-2
1749	0
1750	-2
1751	0
1752	-3
1753	0
1754	-2
1755	0
1756	-1
1757	0
1758	-2
1759	0
1760	-1
1761	0
1762	-1
1763	0
1764	-1
1765	0
1766	-2
1767	0
1768	-1
1769	0
1770	0
1771	0
1772	-1
1773	0
1774	0
1775	0
1776	-1
1777	0
1778	0
1779	0
1780	0
1781	0
1782	0
1783	0
1784	0
1785	0
1786	0
1787	0
1788	0
1789	0
1790	0
1791	0
1792	0
1793	0
1794	0
1795	0
1796	0
1797	0
1798	0
1799	-1
1800	0
1801	-1
1802	0
1803	-1
1804	-2
1805	-1
1806	-2
1807	-1
1808	-2
1809	0
1810	-2
1811	-1
1812	-2
1813	-1
1814	0
1815	-1
1816	0
1817	-2
1818	-1
1819	-1
1820	-1
1821	-1
1822	-1
1823	-1
1824	-2
1825	0
1826	-1
1827	0
1828	0
1829	0
1830	-1
1831	0
1832	-2
1833	0
1834	-1
1835	-1
1836	-1
1837	0
1838	-1
1839	-1
1840	-1
1841	0
1842	-1
1843	0
1844	-1
1845	-1
1846	-2
1847	-1
1848	-1
1849	-1
1850	-1
1851	0
1852	-2
1853	0
1854	-2
1855	0
1856	-1
1857	0
1858	-1
1859	0
1860	-1
1861	0
1862	-1
1863	0
1864	-1
1865	0
1866	-1
1867	0
1868	-2
1869	0
1870	-2
1871	0
1872	-1
1873	-1
1874	-1
1875	-1
1876	0
1877	-1
1878	0
1879	0
1880	-1
1881	0
1882	0
1883	0
1884	-1
1885	0
1886	-1
1887	0
1888	-1
1889	0
1890	0
1891	0
1892	-1
1893	0
1894	-2
1895	0
1896	-1
1897	0
1898	-1
1899	0
1900	0
1901	0
1902	-1
1903	0
1904	-2
1905	0
1906	-1
1907	0
1908	-1
1909	0
1910	-1
1911	0
1912	-1
1913	0
1914	0
1915	0
1916	-1
1917	0
1918	-1
1919	0
1920	-1
1921	0
1922	0
1923	0
1924	0
1925	0
1926	0
1927	0
1928	0
1929	0
1930	0
1931	0
1932	0
1933	0
1934	0
1935	0
1936	-1
1937	0
1938	0
1939	0
1940	-1
1941	0
1942	-1
1943	0
1944	-1
1945	0
1946	0
1947	0
1948	-1
1949	0
1950	-3
1951	0
1952	-2
1953	-1
1954	-1
1955	-2
1956	-2
1957	-2
1958	-1
1959	-2
1960	-2
1961	-1
1962	-3
1963	-1
1964	-3
1965	-2
1966	-2
1967	-1
1968	-3
1969	-1
1970	-1
1971	0
1972	-2
1973	0
1974	0
1975	0
1976	-1
1977	0
1978	0
1979	0
1980	-1
1981	0
1982	0
1983	0
1984	0
1985	0
1986	0
1987	0
1988	0
1989	0
1990	-1
1991	0
1992	0
1993	0
1994	-1
1995	0
1996	0
1997	-1
1998	-1
1999	0
