0	0
1	1
2	0
3	1
4	0
5	1
6	0
7	0
8	0
9	1
10	0
11	0
12	0
13	0
14	0
15	1
16	0
17	1
18	-1
19	1
20	0
21	0
22	0
23	0
24	0
25	0
26	0
27	0
28	0
29	0
30	0
31	1
32	0
33	0
34	0
35	0
36	0
37	0
38	0
39	1
40	0
41	0
42	0
43	1
44	0
45	1
46	0
47	2
48	0
49	0
50	0
51	0
52	0
53	1
54	0
55	1
56	0
57	2
58	0
59	0
60	0
61	1
62	0
63	1
64	1
65	0
66	1
67	0
68	1
69	0
70	0
71	1
72	0
73	0
74	0
75	0
76	0
77	1
78	0
79	1
80	0
81	1
82	0
83	1
84	0
85	0
86	0
87	1
88	0
89	0
90	0
91	1
92	0
93	0
94	0
95	0
96	0
97	2
98	-1
99	2
100	0
101	0
102	0
103	0
104	0
105	0
106	0
107	0
108	0
109	0
110	0
111	0
112	0
113	0
114	-1
115	0
116	-1
117	0
118	-1
119	0
120	-1
121	0
122	-1
123	1
124	-1
125	1
126	0
127	0
128	-1
129	0
130	0
131	1
132	0
133	1
134	0
135	0
136	0
137	2
138	0
139	1
140	0
141	2
142	0
143	2
144	0
145	2
146	0
147	1
148	0
149	0
150	0
151	1
152	0
153	1
154	0
155	2
156	0
157	0
158	0
159	1
160	0
161	1
162	0
163	1
164	1
165	1
166	0
167	0
168	0
169	0
170	0
171	1
172	0
173	1
174	0
175	1
176	0
177	1
178	0
179	0
180	0
181	1
182	0
183	0
184	0
185	1
186	0
187	1
188	0
189	1
190	0
191	0
192	0
193	1
194	0
195	0
196	0
197	0
198	0
199	0
200	0
201	0
202	0
203	1
204	0
205	1
206	0
207	0
208	0
209	0
210	-1
211	0
212	0
213	1
214	0
215	0
216	0
217	0
218	0
219	0
220	0
221	0
222	-1
223	1
224	0
225	0
226	0
227	1
228	0
229	1
230	0
231	0
232	0
233	1
234	0
235	1
236	0
237	0
238	0
239	1
240	0
241	0
242	0
243	1
244	1
245	0
246	0
247	0
248	0
249	0
250	0
251	1
252	0
253	1
254	0
255	0
256	0
257	1
258	0
259	0
260	0
261	1
262	0
263	1
264	0
265	2
266	0
267	1
268	0
269	1
270	0
271	1
272	0
273	0
274	0
275	0
276	0
277	0
278	0
279	1
280	0
281	1
282	0
283	0
284	0
285	2
286	-1
287	1
288	1
289	1
290	0
291	1
292	0
293	0
294	0
295	0
296	0
297	0
298	-1
299	0
300	0
301	0
302	0
303	1
304	0
305	0
306	-1
307	0
308	0
309	0
310	0
311	0
312	0
313	0
314	0
315	0
316	0
317	0
318	0
319	0
320	0
321	0
322	0
323	0
324	-1
325	0
326	0
327	0
328	0
329	0
330	0
331	0
332	0
333	0
334	0
335	1
336	0
337	1
338	1
339	0
340	0
341	1
342	0
343	0
344	0
345	1
346	0
347	1
348	0
349	0
350	0
351	1
352	0
353	0
354	0
355	0
356	0
357	1
358	0
359	0
360	0
361	0
362	0
363	0
364	0
365	1
366	0
367	2
368	0
369	1
370	0
371	1
372	0
373	2
374	0
375	1
376	0
377	1
378	0
379	1
380	0
381	1
382	0
383	0
384	0
385	1
386	0
387	0
388	0
389	0
390	0
391	1
392	0
393	0
394	0
395	0
396	-1
397	0
398	0
399	0
400	-1
401	0
402	0
403	0
404	0
405	0
406	0
407	0
408	0
409	0
410	0
411	0
412	-2
413	0
414	-1
415	0
416	0
417	0
418	0
419	0
420	0
421	0
422	0
423	1
424	0
425	1
426	0
427	2
428	0
429	2
430	0
431	2
432	2
433	4
434	2
435	6
436	4
437	8
438	9
439	12
440	12
441	16
442	17
443	21
444	23
445	28
446	28
447	34
448	36
449	42
450	42
451	48
452	50
453	56
454	59
455	63
456	66
457	71
458	74
459	77
460	81
461	85
462	86
463	91
464	92
465	97
466	98
467	102
468	101
469	106
470	105
471	109
472	108
473	111
474	110
475	113
476	113
477	113
478	110
479	112
480	110
481	110
482	108
483	108
484	105
485	106
486	102
487	101
488	97
489	98
490	95
491	92
492	87
493	88
494	85
495	82
496	78
497	76
498	77
499	78
500	62
501	66
502	62
503	63
504	57
505	55
506	52
507	53
508	46
509	47
510	42
511	40
512	38
513	36
514	33
515	33
516	28
517	27
518	23
519	22
520	21
521	20
522	15
523	15
524	12
525	11
526	6
527	6
528	3
529	3
530	1
531	0
532	-1
533	-2
534	-5
535	-6
536	-8
537	-8
538	-11
539	-11
540	-15
541	-13
542	-17
543	-16
544	-18
545	-18
546	-19
547	-20
548	-21
549	-20
550	-22
551	-22
552	-24
553	-23
554	-24
555	-24
556	-25
557	-23
558	-26
559	-25
560	-27
561	-27
562	-27
563	-27
564	-27
565	-26
566	-28
567	-27
568	-30
569	-29
570	-29
571	-27
572	-29
573	-28
574	-30
575	-27
576	-31
577	-28
578	-31
579	-29
580	-30
581	-29
582	-30
583	-29
584	-31
585	-29
586	-30
587	-30
588	-31
589	-29
590	-31
591	-29
592	-30
593	-29
594	-30
595	-29
596	-27
597	-27
598	-27
599	-26
600	-27
601	-24
602	-27
603	-25
604	-27
605	-22
606	-25
607	-21
608	-23
609	-19
610	-21
611	-19
612	-20
613	-19
614	-19
615	-18
616	-19
617	-17
618	-19
619	-17
620	-18
621	-18
622	-17
623	-17
624	-17
625	-16
626	-17
627	-16
628	-16
629	-16
630	-16
631	-15
632	-16
633	-15
634	-16
635	-15
636	-16
637	-16
638	-17
639	-15
640	-16
641	-14
642	-16
643	-13
644	-14
645	-12
646	-14
647	-11
648	-12
649	-10
650	-12
651	-10
652	-11
653	-7
654	-10
655	-6
656	-8
657	-6
658	-7
659	-5
660	-6
661	-6
662	-6
663	-5
664	-7
665	-4
666	-4
667	-4
668	-5
669	-3
670	-3
671	-4
672	-4
673	-5
674	-6
675	-4
676	-5
677	-4
678	-6
679	-3
680	-4
681	-3
682	-5
683	-3
684	-6
685	-3
686	-5
687	-2
688	-4
689	-3
690	-4
691	-3
692	-3
693	-2
694	-4
695	-2
696	-3
697	-1
698	-3
699	-1
700	-3
701	-1
702	-3
703	-1
704	-2
705	0
706	-2
707	-1
708	-3
709	-1
710	-3
711	0
712	-3
713	-2
714	-4
715	-1
716	-5
717	-2
718	-4
719	-1
720	-4
721	-2
722	-3
723	-2
724	-4
725	-1
726	-3
727	-2
728	-2
729	-1
730	-2
731	0
732	-2
733	-1
734	-2
735	-1
736	0
737	0
738	0
739	0
740	-1
741	0
742	0
743	0
744	-1
745	0
746	-1
747	0
748	0
749	0
750	0
751	1
752	0
753	0
754	-1
755	0
756	0
757	0
758	0
759	0
760	0
761	0
762	-1
763	0
764	-1
765	0
766	-2
767	-1
768	-1
769	-1
770	-1
771	0
772	-2
773	0
774	-1
775	-1
776	-1
777	0
778	-1
779	0
780	-1
781	0
782	0
783	0
784	-1
785	0
786	0
787	0
788	-1
789	0
790	0
791	0
792	0
793	0
794	0
795	0
796	0
797	0
798	-1
799	-1
800	-1
801	0
802	-2
803	0
804	-1
805	-1
806	0
807	-1
808	0
809	0
810	-1
811	0
812	-2
813	0
814	-2
815	0
816	-2
817	-1
818	-1
819	0
820	-2
821	0
822	-2
823	0
824	-3
825	-1
826	-1
827	0
828	0
829	0
830	0
831	0
832	-1
833	0
834	-1
835	0
836	-1
837	0
838	0
839	0
840	0
841	0
842	0
843	0
844	0
845	0
846	0
847	0
848	-1
849	0
850	0
851	0
852	0
853	1
854	0
855	0
856	0
857	-1
858	0
859	0
860	0
861	0
862	0
863	0
864	0
865	0
866	-1
867	0
868	0
869	0
870	-1
871	0
872	0
873	0
874	-2
875	0
876	0
877	1
878	-1
879	0
880	0
881	0
882	0
883	0
884	0
885	0
886	0
887	0
888	0
889	-1
890	0
891	0
892	0
893	0
894	0
895	-1
896	-1
897	-1
898	0
899	0
900	-1
901	0
902	-1
903	0
904	-1
905	0
906	-1
907	0
908	-2
909	0
910	0
911	0
912	0
913	0
914	0
915	0
916	0
917	0
918	0
919	0
920	0
921	0
922	0
923	0
924	-1
925	0
926	0
927	0
928	0
929	0
930	-1
931	0
932	-1
933	0
934	0
935	0
936	0
937	0
938	0
939	1
940	0
941	0
942	0
943	0
944	0
945	0
946	0
947	0
948	0
949	0
950	0
951	0
952	0
953	0
954	0
955	0
956	0
957	0
958	0
959	0
960	-1
961	0
962	0
963	0
964	0
965	1
966	0
967	0
968	-1
969	0
970	0
971	0
972	0
973	0
974	0
975	0
976	0
977	0
978	0
979	0
980	0
981	1
982	0
983	0
984	0
985	0
986	0
987	0
988	-1
989	0
990	0
991	0
992	0
993	0
994	-1
995	0
996	-1
997	0
998	-1
999	-1
1000	-1
1001	-1
1002	-2
1003	-1
1004	-2
1005	0
1006	-1
1007	0
1008	-2
1009	0
1010	-1
1011	0
1012	-1
1013	0
1014	-1
1015	-1
1016	-1
1017	0
1018	0
1019	0
1020	-1
1021	0
1022	0
1023	0
1024	0
1025	0
1026	0
1027	0
1028	0
1029	0
1030	0
1031	0
1032	0
1033	0
1034	0
1035	0
1036	0
1037	1
1038	0
1039	0
1040	0
1041	0
1042	0
1043	0
1044	0
1045	0
1046	0
1047	0
1048	0
1049	0
1050	0
1051	0
1052	0
1053	0
1054	-1
1055	0
1056	0
1057	0
1058	-1
1059	0
1060	0
1061	0
1062	0
1063	0
1064	0
1065	0
1066	-1
1067	0
1068	0
1069	0
1070	0
1071	1
1072	0
1073	1
1074	0
1075	0
1076	0
1077	1
1078	0
1079	1
1080	0
1081	0
1082	0
1083	0
1084	0
1085	0
1086	0
1087	0
1088	0
1089	0
1090	-1
1091	0
1092	-1
1093	0
1094	-3
1095	-2
1096	-2
1097	-1
1098	-1
1099	-2
1100	-2
1101	-2
1102	-2
1103	-2
1104	-3
1105	-2
1106	-1
1107	-1
1108	-2
1109	-1
1110	-2
1111	-2
1112	-1
1113	0
1114	-1
1115	0
1116	-1
1117	0
1118	-1
1119	0
1120	0
1121	0
1122	0
1123	0
1124	0
1125	1
1126	0
1127	1
1128	0
1129	1
1130	0
1131	0
1132	0
1133	0
1134	0
1135	0
1136	1
1137	0
1138	0
1139	0
1140	0
1141	0
1142	0
1143	0
1144	0
1145	0
1146	-1
1147	0
1148	-1
1149	1
1150	-1
1151	0
1152	0
1153	0
1154	-1
1155	0
1156	0
1157	0
1158	-1
1159	0
1160	0
1161	0
1162	-1
1163	0
1164	0
1165	1
1166	-1
1167	0
1168	0
1169	0
1170	-1
1171	0
1172	0
1173	0
1174	0
1175	0
1176	0
1177	0
1178	0
1179	0
1180	0
1181	0
1182	-1
1183	0
1184	0
1185	0
1186	0
1187	0
1188	0
1189	0
1190	-1
1191	0
1192	-2
1193	0
1194	0
1195	0
1196	0
1197	0
1198	-1
1199	0
1200	0
1201	0
1202	0
1203	0
1204	0
1205	0
1206	0
1207	0
1208	0
1209	1
1210	0
1211	1
1212	2
1213	3
1214	1
1215	3
1216	1
1217	4
1218	3
1219	3
1220	2
1221	3
1222	4
1223	4
1224	4
1225	4
1226	3
1227	4
1228	3
1229	4
1230	3
1231	4
1232	4
1233	4
1234	3
1235	5
1236	4
1237	4
1238	4
1239	5
1240	4
1241	5
1242	4
1243	3
1244	3
1245	4
1246	4
1247	4
1248	4
1249	4
1250	3
1251	4
1252	1
1253	3
1254	2
1255	3
1256	3
1257	3
1258	2
1259	3
1260	2
1261	2
1262	2
1263	2
1264	2
1265	2
1266	1
1267	2
1268	0
1269	3
1270	1
1271	2
1272	2
1273	2
1274	0
1275	2
1276	1
1277	1
1278	1
1279	1
1280	1
1281	2
1282	1
1283	1
1284	1
1285	1
1286	1
1287	1
1288	0
1289	1
1290	0
1291	2
1292	2
1293	1
1294	0
1295	2
1296	0
1297	1
1298	0
1299	1
1300	1
1301	2
1302	0
1303	1
1304	0
1305	1
1306	0
1307	1
1308	0
1309	1
1310	1
1311	0
1312	0
1313	1
1314	1
1315	0
1316	0
1317	0
1318	-1
1319	1
1320	0
1321	1
1322	-1
1323	0
1324	0
1325	0
1326	-1
1327	0
1328	0
1329	0
1330	0
1331	0
1332	-1
1333	-1
1334	-1
1335	0
1336	-2
1337	-1
1338	-2
1339	0
1340	-2
1341	-1
1342	-3
1343	-1
1344	-2
1345	-1
1346	-3
1347	-1
1348	-1
1349	-1
1350	-2
1351	0
1352	-1
1353	0
1354	-1
1355	0
1356	-1
1357	0
1358	-3
1359	0
1360	-2
1361	0
1362	-2
1363	0
1364	-2
1365	0
1366	-1
1367	-1
1368	-1
1369	0
1370	-1
1371	0
1372	-1
1373	-1
1374	-3
1375	0
1376	-3
1377	0
1378	-4
1379	-1
1380	-2
1381	-1
1382	-3
1383	0
1384	-2
1385	-2
1386	-3
1387	-1
1388	-3
1389	0
1390	-2
1391	0
1392	-2
1393	-1
1394	-2
1395	0
1396	-2
1397	-2
1398	-1
1399	-1
1400	-2
1401	0
1402	-1
1403	-1
1404	-1
1405	-1
1406	-2
1407	0
1408	-1
1409	0
1410	0
1411	0
1412	-1
1413	0
1414	-1
1415	0
1416	-1
1417	0
1418	-2
1419	-1
1420	-1
1421	0
1422	0
1423	-1
1424	0
1425	0
1426	-2
1427	-1
1428	-2
1429	-1
1430	0
1431	0
1432	0
1433	0
1434	0
1435	0
1436	0
1437	0
1438	0
1439	0
1440	0
1441	-1
1442	-1
1443	0
1444	-1
1445	0
1446	-1
1447	-1
1448	-1
1449	0
1450	-1
1451	0
1452	0
1453	0
1454	-1
1455	0
1456	-1
1457	0
1458	0
1459	0
1460	-1
1461	0
1462	0
1463	0
1464	0
1465	0
1466	0
1467	0
1468	0
1469	0
1470	0
1471	0
1472	0
1473	0
1474	0
1475	0
1476	0
1477	0
1478	-1
1479	0
1480	-1
1481	0
1482	-1
1483	-1
1484	0
1485	0
1486	-1
1487	0
1488	0
1489	0
1490	0
1491	0
1492	0
1493	0
1494	0
1495	0
1496	-1
1497	0
1498	-1
1499	0
1500	-2
1501	0
1502	-1
1503	0
1504	-1
1505	0
1506	0
1507	0
1508	-1
1509	1
1510	0
1511	0
1512	-1
1513	1
1514	0
1515	-1
1516	0
1517	0
1518	-1
1519	0
1520	-1
1521	0
1522	-1
1523	0
1524	-1
1525	0
1526	-2
1527	0
1528	-1
1529	0
1530	-1
1531	0
1532	-1
1533	-1
1534	-2
1535	-1
1536	-1
1537	-1
1538	-1
1539	0
1540	-1
1541	0
1542	-1
1543	0
1544	-2
1545	0
1546	-1
1547	0
1548	-1
1549	0
1550	-1
1551	0
1552	-1
1553	0
1554	0
1555	0
1556	-1
1557	0
1558	0
1559	0
1560	0
1561	0
1562	0
1563	0
1564	0
1565	1
1566	0
1567	0
1568	0
1569	1
1570	0
1571	0
1572	0
1573	1
1574	0
1575	0
1576	0
1577	2
1578	0
1579	1
1580	0
1581	1
1582	0
1583	0
1584	0
1585	0
1586	0
1587	0
1588	0
1589	1
1590	0
1591	0
1592	0
1593	0
1594	0
1595	0
1596	-1
1597	1
1598	0
1599	0
1600	0
1601	0
1602	0
1603	0
1604	-1
1605	0
1606	-1
1607	0
1608	0
1609	0
1610	0
1611	0
1612	0
1613	0
1614	-1
1615	0
1616	-1
1617	0
1618	-1
1619	0
1620	-2
1621	0
1622	-2
1623	0
1624	-1
1625	0
1626	-1
1627	-1
1628	-1
1629	0
1630	-2
1631	0
1632	-1
1633	0
1634	0
1635	-1
1636	0
1637	0
1638	-1
1639	0
1640	-1
1641	0
1642	-1
1643	0
1644	-2
1645	0
1646	-1
1647	-1
1648	-1
1649	0
1650	0
1651	0
1652	0
1653	0
1654	0
1655	0
1656	0
1657	0
1658	0
1659	0
1660	0
1661	0
1662	0
1663	0
1664	0
1665	0
1666	0
1667	0
1668	0
1669	0
1670	0
1671	0
1672	0
1673	0
1674	0
1675	0
1676	0
1677	0
1678	-1
1679	0
1680	0
1681	0
1682	0
1683	0
1684	0
1685	0
1686	0
1687	1
1688	0
1689	1
1690	0
1691	0
1692	0
1693	1
1694	0
1695	1
1696	0
1697	2
1698	0
1699	1
1700	0
1701	1
1702	1
1703	1
1704	1
1705	1
1706	0
1707	2
1708	0
1709	2
1710	1
1711	2
1712	1
1713	2
1714	1
1715	1
1716	0
1717	1
1718	0
1719	1
1720	1
1721	1
1722	0
1723	1
1724	2
1725	2
1726	0
1727	1
1728	1
1729	1
1730	1
1731	2
1732	0
1733	2
1734	1
1735	2
1736	0
1737	2
1738	0
1739	1
1740	2
1741	1
1742	0
1743	1
1744	0
1745	2
1746	0
1747	1
1748	1
1749	1
1750	0
1751	2
1752	0
1753	1
1754	0
1755	0
1756	0
1757	1
1758	-1
1759	0
1760	-1
1761	0
1762	-1
1763	0
1764	-1
1765	0
1766	-1
1767	-1
1768	-1
1769	0
1770	-1
1771	-1
1772	-1
1773	0
1774	0
1775	0
1776	0
1777	-1
1778	-1
1779	0
1780	-1
1781	0
1782	-1
1783	0
1784	0
1785	0
1786	0
1787	0
1788	0
1789	0
1790	0
1791	0
1792	0
1793	0
1794	0
1795	0
1796	0
1797	0
1798	0
1799	0
1800	0
1801	0
1802	0
1803	0
1804	-1
1805	0
1806	0
1807	0
1808	0
1809	0
1810	0
1811	0
1812	0
1813	0
1814	0
1815	0
1816	0
1817	0
1818	-1
1819	0
1820	0
1821	0
1822	0
1823	0
1824	0
1825	0
1826	0
1827	0
1828	0
1829	0
1830	0
1831	0
1832	0
1833	0
1834	-1
1835	0
1836	0
1837	0
1838	-2
1839	0
1840	0
1841	-1
1842	0
1843	0
1844	-1
1845	0
1846	-1
1847	0
1848	-1
1849	-1
1850	-1
1851	0
1852	-2
1853	-1
1854	-1
1855	0
1856	-1
1857	0
1858	-2
1859	0
1860	-2
1861	0
1862	-1
1863	0
1864	-1
1865	0
1866	-1
1867	0
1868	-1
1869	0
1870	-2
1871	0
1872	-1
1873	0
1874	0
1875	0
1876	-1
1877	0
1878	-1
1879	0
1880	0
1881	0
1882	0
1883	0
1884	-1
1885	0
1886	0
1887	0
1888	0
1889	0
1890	0
1891	0
1892	0
1893	0
1894	0
1895	0
1896	-1
1897	0
1898	0
1899	0
1900	0
1901	0
1902	0
1903	-1
1904	0
1905	0
1906	0
1907	0
1908	-1
1909	0
1910	0
1911	0
1912	0
1913	0
1914	0
1915	0
1916	0
1917	0
1918	0
1919	0
1920	0
1921	0
1922	0
1923	0
1924	0
1925	0
1926	0
1927	0
1928	0
1929	1
1930	0
1931	0
1932	0
1933	0
1934	0
1935	1
1936	0
1937	0
1938	0
1939	0
1940	-1
1941	0
1942	0
1943	0
1944	0
1945	0
1946	-1
1947	-1
1948	-1
1949	0
1950	-1
1951	0
1952	-1
1953	0
1954	-1
1955	-1
1956	-1
1957	0
1958	-2
1959	0
1960	-1
1961	0
1962	0
1963	0
1964	-1
1965	0
1966	0
1967	0
1968	0
1969	0
1970	0
1971	0
1972	0
1973	0
1974	0
1975	1
1976	0
1977	2
1978	1
1979	2
1980	0
1981	2
1982	1
1983	2
1984	1
1985	2
1986	2
1987	2
1988	2
1989	2
1990	2
1991	2
1992	1
1993	3
1994	2
1995	2
1996	1
1997	3
1998	1
1999	3
