0	0
1	1
2	0
3	0
4	0
5	0
6	0
7	0
8	0
9	0
10	0
11	0
12	-1
13	0
14	0
15	0
16	0
17	0
18	-1
19	0
20	-1
21	0
22	0
23	-1
24	-1
25	-1
26	-1
27	0
28	0
29	0
30	-1
31	0
32	-1
33	0
34	-1
35	0
36	-1
37	0
38	0
39	0
40	0
41	1
42	0
43	0
44	0
45	0
46	-1
47	0
48	0
49	0
50	0
51	0
52	0
53	1
54	0
55	0
56	0
57	0
58	0
59	0
60	0
61	0
62	0
63	1
64	0
65	0
66	-1
67	1
68	0
69	1
70	0
71	1
72	0
73	1
74	0
75	0
76	0
77	0
78	-1
79	2
80	0
81	0
82	0
83	0
84	0
85	0
86	0
87	0
88	0
89	0
90	0
91	0
92	0
93	0
94	-1
95	0
96	0
97	0
98	0
99	0
100	0
101	0
102	0
103	0
104	0
105	0
106	0
107	0
108	0
109	0
110	0
111	0
112	0
113	0
114	0
115	0
116	0
117	0
118	-1
119	0
120	0
121	0
122	-1
123	0
124	0
125	0
126	0
127	0
128	-1
129	0
130	-2
131	0
132	-1
133	0
134	-1
135	0
136	-1
137	0
138	0
139	2
140	0
141	0
142	-1
143	0
144	-1
145	1
146	-1
147	1
148	-1
149	0
150	0
151	0
152	0
153	0
154	0
155	0
156	0
157	0
158	0
159	0
160	0
161	0
162	0
163	1
164	0
165	1
166	1
167	0
168	0
169	0
170	0
171	0
172	0
173	0
174	0
175	0
176	0
177	0
178	0
179	0
180	0
181	1
182	1
183	0
184	0
185	1
186	0
187	1
188	0
189	0
190	0
191	0
192	0
193	0
194	0
195	0
196	0
197	1
198	0
199	0
200	0
201	0
202	0
203	0
204	0
205	0
206	0
207	0
208	0
209	0
210	0
211	0
212	0
213	0
214	0
215	0
216	0
217	0
218	0
219	0
220	0
221	0
222	0
223	0
224	0
225	0
226	0
227	0
228	-1
229	0
230	-1
231	0
232	0
233	0
234	0
235	0
236	0
237	0
238	0
239	0
240	-1
241	0
242	0
243	0
244	-1
245	0
246	-1
247	0
248	-2
249	0
250	-1
251	0
252	-1
253	-1
254	-1
255	0
256	0
257	0
258	0
259	0
260	0
261	0
262	0
263	0
264	0
265	0
266	0
267	0
268	0
269	1
270	0
271	1
272	0
273	1
274	0
275	1
276	0
277	2
278	0
279	2
280	0
281	1
282	0
283	1
284	0
285	0
286	0
287	0
288	0
289	1
290	0
291	0
292	0
293	0
294	0
295	1
296	0
297	0
298	0
299	0
300	0
301	0
302	0
303	0
304	0
305	0
306	0
307	0
308	0
309	0
310	0
311	0
312	0
313	0
314	0
315	0
316	0
317	0
318	0
319	0
320	0
321	0
322	0
323	0
324	0
325	0
326	0
327	0
328	0
329	0
330	0
331	0
332	0
333	0
334	0
335	0
336	0
337	0
338	0
339	0
340	0
341	0
342	0
343	0
344	0
345	0
346	0
347	0
348	0
349	1
350	0
351	0
352	0
353	0
354	0
355	0
356	-1
357	0
358	-1
359	0
360	-1
361	0
362	-1
363	0
364	0
365	0
366	0
367	0
368	0
369	0
370	-1
371	0
372	0
373	0
374	0
375	0
376	0
377	0
378	0
379	0
380	0
381	1
382	0
383	0
384	0
385	0
386	0
387	0
388	0
389	1
390	0
391	0
392	0
393	0
394	0
395	1
396	0
397	1
398	0
399	1
400	0
401	1
402	0
403	1
404	0
405	0
406	0
407	0
408	0
409	0
410	0
411	1
412	0
413	0
414	0
415	0
416	0
417	0
418	0
419	0
420	0
421	0
422	0
423	0
424	0
425	0
426	0
427	0
428	0
429	0
430	0
431	0
432	0
433	0
434	0
435	0
436	0
437	0
438	0
439	0
440	0
441	1
442	1
443	6
444	4
445	10
446	10
447	15
448	17
449	23
450	24
451	30
452	32
453	41
454	43
455	50
456	52
457	58
458	62
459	69
460	73
461	78
462	80
463	87
464	89
465	95
466	99
467	103
468	105
469	109
470	111
471	116
472	116
473	121
474	120
475	123
476	124
477	124
478	123
479	124
480	123
481	124
482	121
483	122
484	120
485	121
486	114
487	115
488	110
489	110
490	102
491	101
492	97
493	95
494	89
495	89
496	82
497	79
498	78
499	78
500	62
501	64
502	60
503	58
504	50
505	49
506	43
507	43
508	36
509	34
510	29
511	28
512	22
513	22
514	17
515	15
516	10
517	10
518	4
519	4
520	0
521	0
522	-4
523	-5
524	-9
525	-9
526	-13
527	-12
528	-16
529	-15
530	-19
531	-18
532	-21
533	-21
534	-24
535	-23
536	-27
537	-25
538	-29
539	-29
540	-30
541	-30
542	-30
543	-30
544	-31
545	-31
546	-32
547	-31
548	-33
549	-32
550	-31
551	-31
552	-33
553	-32
554	-33
555	-32
556	-33
557	-31
558	-33
559	-30
560	-32
561	-31
562	-32
563	-30
564	-32
565	-30
566	-31
567	-30
568	-30
569	-30
570	-30
571	-28
572	-30
573	-28
574	-30
575	-26
576	-28
577	-27
578	-27
579	-25
580	-27
581	-24
582	-26
583	-23
584	-25
585	-22
586	-23
587	-21
588	-21
589	-18
590	-19
591	-17
592	-18
593	-16
594	-16
595	-17
596	-17
597	-16
598	-17
599	-15
600	-16
601	-15
602	-16
603	-15
604	-15
605	-15
606	-15
607	-14
608	-14
609	-15
610	-14
611	-13
612	-14
613	-13
614	-12
615	-11
616	-12
617	-10
618	-11
619	-8
620	-11
621	-8
622	-10
623	-7
624	-10
625	-7
626	-8
627	-4
628	-6
629	-4
630	-6
631	-3
632	-5
633	-5
634	-5
635	-4
636	-5
637	-2
638	-5
639	-3
640	-5
641	-3
642	-4
643	-2
644	-4
645	-2
646	-3
647	-2
648	-3
649	-1
650	-3
651	-2
652	-1
653	-1
654	-1
655	0
656	-1
657	0
658	-1
659	0
660	0
661	0
662	0
663	0
664	0
665	0
666	0
667	0
668	0
669	1
670	0
671	0
672	0
673	0
674	0
675	0
676	0
677	0
678	0
679	0
680	0
681	0
682	-1
683	0
684	0
685	0
686	-1
687	0
688	-2
689	0
690	0
691	0
692	0
693	0
694	-2
695	0
696	-1
697	0
698	-1
699	0
700	0
701	0
702	-1
703	0
704	0
705	0
706	-2
707	0
708	-1
709	0
710	-1
711	0
712	0
713	0
714	0
715	0
716	-1
717	0
718	-1
719	0
720	-1
721	0
722	-1
723	0
724	-1
725	0
726	0
727	0
728	0
729	0
730	0
731	0
732	0
733	0
734	0
735	0
736	-1
737	0
738	0
739	0
740	0
741	0
742	0
743	0
744	-1
745	1
746	0
747	1
748	0
749	1
750	0
751	2
752	0
753	1
754	0
755	1
756	0
757	1
758	0
759	1
760	0
761	1
762	0
763	0
764	-1
765	0
766	0
767	0
768	0
769	0
770	0
771	0
772	0
773	0
774	0
775	0
776	-1
777	0
778	-1
779	0
780	0
781	0
782	-1
783	-1
784	-1
785	0
786	-1
787	0
788	-2
789	-1
790	-3
791	0
792	-1
793	0
794	-3
795	-1
796	-3
797	-1
798	-3
799	-3
800	-3
801	-2
802	-2
803	-1
804	-2
805	0
806	-1
807	0
808	-1
809	-1
810	-2
811	0
812	-2
813	0
814	-2
815	0
816	-1
817	0
818	-1
819	0
820	0
821	0
822	0
823	0
824	0
825	0
826	-1
827	0
828	0
829	0
830	-1
831	0
832	0
833	0
834	0
835	0
836	0
837	0
838	-1
839	0
840	-1
841	0
842	0
843	0
844	-1
845	1
846	-2
847	0
848	-1
849	-1
850	-1
851	0
852	0
853	0
854	-2
855	0
856	-2
857	0
858	-1
859	0
860	0
861	0
862	-2
863	0
864	0
865	0
866	-1
867	0
868	0
869	0
870	0
871	0
872	-2
873	0
874	0
875	0
876	0
877	0
878	0
879	0
880	-1
881	0
882	0
883	0
884	-1
885	0
886	0
887	0
888	-1
889	0
890	-1
891	0
892	0
893	0
894	0
895	0
896	-2
897	0
898	-1
899	0
900	-2
901	0
902	-1
903	0
904	-1
905	0
906	-1
907	-1
908	-1
909	-1
910	-1
911	0
912	-1
913	0
914	-1
915	0
916	-1
917	0
918	-1
919	-1
920	-1
921	0
922	-2
923	-1
924	-2
925	0
926	-1
927	0
928	-2
929	0
930	-2
931	-1
932	-3
933	0
934	-1
935	-1
936	-1
937	0
938	0
939	0
940	-1
941	0
942	0
943	0
944	0
945	0
946	0
947	0
948	0
949	0
950	0
951	0
952	-1
953	0
954	0
955	0
956	0
957	0
958	0
959	0
960	0
961	0
962	0
963	0
964	0
965	0
966	0
967	0
968	-1
969	0
970	-1
971	0
972	-1
973	0
974	0
975	0
976	0
977	0
978	-2
979	-1
980	-2
981	0
982	-2
983	0
984	-2
985	-1
986	-1
987	-1
988	-2
989	-1
990	-2
991	-1
992	-3
993	0
994	-2
995	0
996	-3
997	-2
998	-2
999	-1
1000	-1
1001	-1
1002	-2
1003	-1
1004	-1
1005	0
1006	-2
1007	0
1008	-1
1009	0
1010	0
1011	0
1012	-2
1013	-1
1014	-1
1015	-1
1016	-1
1017	0
1018	-1
1019	0
1020	-2
1021	0
1022	0
1023	0
1024	0
1025	0
1026	0
1027	0
1028	-2
1029	0
1030	0
1031	0
1032	0
1033	0
1034	0
1035	0
1036	-1
1037	-1
1038	0
1039	0
1040	-1
1041	0
1042	-1
1043	0
1044	-1
1045	0
1046	0
1047	0
1048	0
1049	0
1050	-2
1051	0
1052	-1
1053	0
1054	-1
1055	0
1056	-1
1057	0
1058	0
1059	0
1060	-1
1061	0
1062	0
1063	0
1064	-1
1065	0
1066	-2
1067	0
1068	-2
1069	0
1070	0
1071	0
1072	-1
1073	0
1074	0
1075	0
1076	-1
1077	0
1078	0
1079	0
1080	-1
1081	0
1082	-1
1083	0
1084	-2
1085	0
1086	-1
1087	0
1088	-1
1089	0
1090	-2
1091	0
1092	-1
1093	0
1094	-1
1095	-1
1096	-1
1097	-2
1098	-1
1099	0
1100	-2
1101	0
1102	-2
1103	0
1104	-2
1105	-1
1106	-1
1107	-1
1108	-2
1109	0
1110	-1
1111	-1
1112	-2
1113	0
1114	-2
1115	-1
1116	-1
1117	0
1118	-2
1119	0
1120	-2
1121	0
1122	0
1123	0
1124	-1
1125	0
1126	-1
1127	0
1128	-1
1129	0
1130	-2
1131	0
1132	-1
1133	-1
1134	-1
1135	0
1136	-3
1137	0
1138	-2
1139	-1
1140	-2
1141	0
1142	-2
1143	-1
1144	-2
1145	0
1146	-2
1147	0
1148	-1
1149	0
1150	-1
1151	0
1152	-1
1153	0
1154	-2
1155	0
1156	-1
1157	0
1158	-1
1159	0
1160	0
1161	0
1162	0
1163	0
1164	-1
1165	0
1166	-1
1167	0
1168	0
1169	0
1170	0
1171	0
1172	0
1173	1
1174	0
1175	0
1176	-1
1177	0
1178	-1
1179	0
1180	0
1181	0
1182	-1
1183	-1
1184	-1
1185	-1
1186	-1
1187	0
1188	0
1189	0
1190	-1
1191	0
1192	-1
1193	-1
1194	-1
1195	-1
1196	-1
1197	0
1198	-1
1199	-1
1200	-1
1201	-2
1202	0
1203	-2
1204	-1
1205	-1
1206	0
1207	-1
1208	-2
1209	0
1210	-1
1211	0
1212	0
1213	0
1214	0
1215	0
1216	0
1217	0
1218	0
1219	0
1220	0
1221	0
1222	0
1223	1
1224	0
1225	0
1226	-1
1227	0
1228	-1
1229	-1
1230	-2
1231	-1
1232	-1
1233	0
1234	-1
1235	-1
1236	-1
1237	-1
1238	-2
1239	-1
1240	-2
1241	-2
1242	-2
1243	-2
1244	-2
1245	-1
1246	-2
1247	-1
1248	-2
1249	-1
1250	-2
1251	-1
1252	-3
1253	-1
1254	-2
1255	0
1256	-2
1257	0
1258	-1
1259	0
1260	-1
1261	0
1262	-1
1263	0
1264	-1
1265	0
1266	-1
1267	0
1268	0
1269	0
1270	0
1271	0
1272	-1
1273	0
1274	-1
1275	0
1276	-1
1277	0
1278	-2
1279	0
1280	-1
1281	0
1282	-1
1283	0
1284	-2
1285	0
1286	-1
1287	0
1288	-2
1289	0
1290	-2
1291	0
1292	-1
1293	0
1294	-1
1295	0
1296	-1
1297	0
1298	-1
1299	0
1300	-1
1301	0
1302	0
1303	0
1304	-1
1305	0
1306	-1
1307	-1
1308	-1
1309	0
1310	-1
1311	0
1312	0
1313	0
1314	0
1315	0
1316	0
1317	0
1318	-1
1319	0
1320	-1
1321	0
1322	-1
1323	0
1324	-1
1325	0
1326	-2
1327	0
1328	-2
1329	0
1330	-1
1331	-1
1332	-2
1333	0
1334	-1
1335	0
1336	-2
1337	0
1338	-1
1339	0
1340	-1
1341	0
1342	-1
1343	0
1344	-1
1345	0
1346	-1
1347	0
1348	-1
1349	0
1350	0
1351	1
1352	0
1353	0
1354	-1
1355	0
1356	-1
1357	0
1358	-1
1359	0
1360	-3
1361	0
1362	-2
1363	0
1364	-3
1365	-1
1366	-2
1367	-1
1368	-2
1369	-1
1370	-1
1371	0
1372	-3
1373	0
1374	-2
1375	0
1376	-2
1377	0
1378	-2
1379	0
1380	-2
1381	-1
1382	-1
1383	0
1384	-1
1385	0
1386	0
1387	0
1388	0
1389	0
1390	0
1391	0
1392	0
1393	0
1394	-1
1395	1
1396	0
1397	0
1398	0
1399	0
1400	0
1401	1
1402	1
1403	0
1404	0
1405	0
1406	0
1407	0
1408	0
1409	0
1410	-1
1411	0
1412	-1
1413	0
1414	0
1415	0
1416	-1
1417	0
1418	0
1419	0
1420	-1
1421	1
1422	0
1423	0
1424	0
1425	1
1426	0
1427	0
1428	0
1429	1
1430	1
1431	1
1432	0
1433	1
1434	0
1435	2
1436	1
1437	2
1438	0
1439	1
1440	0
1441	3
1442	1
1443	2
1444	1
1445	2
1446	1
1447	2
1448	1
1449	1
1450	1
1451	2
1452	0
1453	1
1454	1
1455	0
1456	0
1457	0
1458	0
1459	0
1460	0
1461	0
1462	-1
1463	0
1464	-1
1465	0
1466	-1
1467	0
1468	-2
1469	0
1470	-1
1471	0
1472	-3
1473	-1
1474	-2
1475	-2
1476	-2
1477	-2
1478	-2
1479	-1
1480	-3
1481	-1
1482	-2
1483	0
1484	-2
1485	0
1486	-1
1487	0
1488	0
1489	0
1490	-1
1491	1
1492	-1
1493	1
1494	0
1495	1
1496	0
1497	2
1498	0
1499	1
1500	0
1501	1
1502	0
1503	2
1504	0
1505	1
1506	0
1507	1
1508	0
1509	2
1510	0
1511	2
1512	1
1513	1
1514	0
1515	1
1516	0
1517	0
1518	0
1519	1
1520	0
1521	0
1522	0
1523	0
1524	-2
1525	0
1526	-1
1527	0
1528	-2
1529	-1
1530	-3
1531	-1
1532	-1
1533	0
1534	-1
1535	0
1536	-1
1537	0
1538	-2
1539	-1
1540	-1
1541	-1
1542	-1
1543	0
1544	-1
1545	0
1546	-1
1547	0
1548	-1
1549	0
1550	-1
1551	0
1552	-1
1553	0
1554	-1
1555	0
1556	-1
1557	0
1558	0
1559	0
1560	0
1561	0
1562	0
1563	0
1564	-1
1565	0
1566	-1
1567	0
1568	-1
1569	0
1570	-1
1571	0
1572	-1
1573	0
1574	-2
1575	-1
1576	-2
1577	-1
1578	-1
1579	-1
1580	-2
1581	0
1582	-2
1583	0
1584	-2
1585	-1
1586	-1
1587	0
1588	-1
1589	-1
1590	-2
1591	0
1592	-2
1593	0
1594	0
1595	0
1596	-2
1597	0
1598	-2
1599	0
1600	-2
1601	0
1602	-1
1603	-1
1604	-3
1605	-1
1606	-1
1607	-1
1608	-1
1609	-1
1610	-1
1611	-1
1612	-2
1613	-1
1614	-2
1615	-1
1616	-1
1617	-1
1618	-1
1619	0
1620	-1
1621	0
1622	-1
1623	-1
1624	-1
1625	0
1626	-1
1627	0
1628	-1
1629	0
1630	-1
1631	-1
1632	-2
1633	0
1634	-1
1635	0
1636	-1
1637	-1
1638	-2
1639	0
1640	0
1641	0
1642	0
1643	0
1644	-1
1645	0
1646	0
1647	1
1648	0
1649	0
1650	0
1651	0
1652	0
1653	0
1654	0
1655	0
1656	0
1657	0
1658	0
1659	0
1660	0
1661	0
1662	0
1663	0
1664	0
1665	0
1666	-2
1667	0
1668	-1
1669	0
1670	-2
1671	-1
1672	0
1673	0
1674	0
1675	0
1676	0
1677	0
1678	-1
1679	-1
1680	0
1681	-1
1682	0
1683	-1
1684	-1
1685	-1
1686	-2
1687	-1
1688	-3
1689	-1
1690	-2
1691	-1
1692	-2
1693	-1
1694	0
1695	-1
1696	-1
1697	-1
1698	-1
1699	0
1700	-1
1701	0
1702	-1
1703	0
1704	-1
1705	0
1706	0
1707	0
1708	0
1709	0
1710	0
1711	0
1712	0
1713	1
1714	0
1715	0
1716	-1
1717	0
1718	-1
1719	0
1720	0
1721	0
1722	0
1723	-2
1724	-1
1725	-1
1726	-2
1727	0
1728	-2
1729	0
1730	-2
1731	-1
1732	-2
1733	0
1734	-3
1735	-1
1736	-3
1737	0
1738	-2
1739	-1
1740	-2
1741	0
1742	0
1743	0
1744	-1
1745	0
1746	-1
1747	-1
1748	-2
1749	0
1750	-2
1751	0
1752	-2
1753	0
1754	0
1755	0
1756	0
1757	0
1758	0
1759	0
1760	-1
1761	0
1762	-2
1763	-1
1764	-2
1765	0
1766	-1
1767	-1
1768	0
1769	-1
1770	-1
1771	-1
1772	-1
1773	-1
1774	-1
1775	0
1776	-1
1777	0
1778	-1
1779	0
1780	-1
1781	0
1782	-2
1783	0
1784	-1
1785	0
1786	-2
1787	0
1788	-2
1789	0
1790	-1
1791	-1
1792	-1
1793	0
1794	0
1795	-1
1796	-1
1797	0
1798	-1
1799	0
1800	-1
1801	0
1802	-1
1803	0
1804	0
1805	1
1806	0
1807	0
1808	0
1809	2
1810	1
1811	2
1812	0
1813	2
1814	1
1815	2
1816	2
1817	3
1818	1
1819	3
1820	2
1821	3
1822	1
1823	4
1824	2
1825	5
1826	1
1827	3
1828	3
1829	4
1830	2
1831	4
1832	2
1833	3
1834	2
1835	3
1836	3
1837	3
1838	2
1839	3
1840	2
1841	3
1842	2
1843	3
1844	2
1845	3
1846	3
1847	4
1848	2
1849	3
1850	2
1851	3
1852	2
1853	3
1854	2
1855	3
1856	1
1857	2
1858	2
1859	2
1860	1
1861	2
1862	0
1863	2
1864	1
1865	1
1866	1
1867	2
1868	1
1869	1
1870	0
1871	1
1872	-1
1873	1
1874	0
1875	0
1876	0
1877	0
1878	0
1879	0
1880	-1
1881	0
1882	0
1883	0
1884	-1
1885	-1
1886	-2
1887	-2
1888	-3
1889	-2
1890	-2
1891	-1
1892	-4
1893	-2
1894	-3
1895	-1
1896	-3
1897	-2
1898	-4
1899	-2
1900	-3
1901	-1
1902	-4
1903	-2
1904	-4
1905	-3
1906	-4
1907	-3
1908	-3
1909	-2
1910	-3
1911	0
1912	-2
1913	0
1914	-2
1915	-2
1916	-3
1917	-2
1918	-2
1919	-2
1920	-3
1921	0
1922	-3
1923	-1
1924	-1
1925	0
1926	-1
1927	-1
1928	-2
1929	-1
1930	-3
1931	-1
1932	-2
1933	0
1934	-2
1935	-1
1936	-2
1937	-1
1938	-2
1939	0
1940	-2
1941	-1
1942	-1
1943	0
1944	-1
1945	0
1946	-1
1947	0
1948	-3
1949	-1
1950	-1
1951	0
1952	-2
1953	0
1954	-2
1955	0
1956	-1
1957	0
1958	-1
1959	0
1960	0
1961	0
1962	0
1963	0
1964	0
1965	0
1966	-1
1967	-1
1968	0
1969	0
1970	0
1971	0
1972	0
1973	0
1974	0
1975	0
1976	0
1977	0
1978	0
1979	0
1980	0
1981	0
1982	-1
1983	0
1984	-2
1985	1
1986	0
1987	0
1988	-1
1989	0
1990	0
1991	0
1992	0
1993	0
1994	-1
1995	0
1996	0
1997	0
1998	0
1999	0
