0	0
1	0
2	0
3	0
4	0
5	0
6	0
7	0
8	0
9	0
10	0
11	0
12	0
13	0
14	0
15	0
16	-1
17	0
18	0
19	0
20	0
21	0
22	1
23	1
24	0
25	0
26	1
27	0
28	0
29	1
30	0
31	1
32	0
33	1
34	0
35	1
36	0
37	1
38	0
39	0
40	0
41	0
42	0
43	1
44	0
45	1
46	0
47	0
48	0
49	0
50	0
51	0
52	0
53	1
54	0
55	1
56	0
57	1
58	0
59	0
60	0
61	0
62	0
63	0
64	0
65	0
66	0
67	2
68	1
69	2
70	0
71	1
72	0
73	2
74	1
75	1
76	0
77	1
78	0
79	2
80	1
81	1
82	0
83	2
84	0
85	0
86	0
87	0
88	0
89	0
90	0
91	0
92	0
93	-1
94	0
95	0
96	0
97	0
98	0
99	0
100	0
101	1
102	-1
103	0
104	0
105	0
106	-1
107	0
108	0
109	0
110	0
111	0
112	0
113	0
114	0
115	0
116	0
117	0
118	1
119	0
120	0
121	1
122	1
123	1
124	0
125	0
126	0
127	0
128	1
129	1
130	0
131	1
132	0
133	1
134	0
135	1
136	0
137	0
138	0
139	1
140	0
141	1
142	0
143	0
144	0
145	0
146	0
147	1
148	0
149	0
150	0
151	0
152	0
153	1
154	0
155	1
156	0
157	1
158	0
159	0
160	0
161	0
162	0
163	1
164	0
165	0
166	0
167	1
168	0
169	0
170	0
171	0
172	0
173	0
174	0
175	0
176	0
177	0
178	0
179	0
180	1
181	0
182	0
183	1
184	0
185	1
186	0
187	0
188	0
189	0
190	0
191	0
192	0
193	0
194	-1
195	0
196	0
197	0
198	0
199	0
200	1
201	1
202	0
203	0
204	1
205	2
206	1
207	2
208	0
209	2
210	2
211	1
212	1
213	1
214	1
215	2
216	1
217	0
218	1
219	0
220	0
221	0
222	1
223	0
224	0
225	0
226	0
227	0
228	0
229	0
230	0
231	0
232	0
233	0
234	0
235	0
236	0
237	0
238	0
239	0
240	0
241	0
242	0
243	0
244	-1
245	0
246	0
247	0
248	0
249	0
250	0
251	0
252	0
253	0
254	0
255	0
256	-1
257	0
258	0
259	0
260	0
261	0
262	-1
263	0
264	-1
265	0
266	-1
267	0
268	0
269	0
270	0
271	0
272	0
273	0
274	0
275	0
276	0
277	0
278	0
279	0
280	0
281	0
282	0
283	0
284	0
285	0
286	0
287	1
288	1
289	1
290	1
291	2
292	1
293	2
294	2
295	2
296	1
297	2
298	2
299	3
300	1
301	3
302	1
303	3
304	2
305	2
306	2
307	2
308	1
309	2
310	1
311	1
312	0
313	0
314	0
315	0
316	0
317	0
318	-1
319	0
320	-1
321	0
322	-1
323	0
324	-1
325	-1
326	-2
327	-1
328	-2
329	0
330	-2
331	-1
332	-1
333	-2
334	-2
335	-1
336	-2
337	-1
338	-2
339	-1
340	-2
341	-1
342	-1
343	-1
344	0
345	0
346	-1
347	0
348	-1
349	0
350	-1
351	0
352	0
353	2
354	-1
355	0
356	0
357	1
358	0
359	0
360	0
361	0
362	0
363	0
364	0
365	0
366	0
367	0
368	0
369	0
370	0
371	1
372	0
373	0
374	0
375	0
376	0
377	0
378	0
379	0
380	0
381	1
382	0
383	1
384	0
385	1
386	0
387	1
388	2
389	2
390	1
391	2
392	1
393	3
394	1
395	2
396	2
397	3
398	2
399	3
400	2
401	3
402	3
403	2
404	2
405	2
406	3
407	3
408	3
409	2
410	2
411	3
412	2
413	3
414	2
415	4
416	3
417	4
418	3
419	3
420	2
421	4
422	2
423	3
424	3
425	3
426	3
427	3
428	3
429	3
430	4
431	4
432	4
433	6
434	6
435	9
436	11
437	14
438	17
439	21
440	23
441	27
442	31
443	36
444	39
445	44
446	47
447	53
448	56
449	62
450	66
451	71
452	76
453	80
454	83
455	88
456	93
457	97
458	101
459	107
460	110
461	114
462	117
463	122
464	124
465	129
466	132
467	134
468	135
469	138
470	141
471	143
472	144
473	145
474	145
475	145
476	144
477	144
478	142
479	141
480	138
481	139
482	133
483	131
484	128
485	126
486	121
487	119
488	115
489	111
490	109
491	106
492	100
493	97
494	91
495	89
496	84
497	80
498	77
499	78
500	62
501	65
502	61
503	57
504	49
505	49
506	44
507	41
508	38
509	35
510	31
511	29
512	26
513	22
514	18
515	16
516	12
517	10
518	6
519	6
520	1
521	1
522	-3
523	-5
524	-5
525	-7
526	-11
527	-12
528	-15
529	-17
530	-19
531	-19
532	-21
533	-22
534	-24
535	-24
536	-27
537	-28
538	-30
539	-30
540	-33
541	-32
542	-37
543	-34
544	-38
545	-37
546	-38
547	-38
548	-39
549	-39
550	-41
551	-40
552	-43
553	-43
554	-44
555	-43
556	-44
557	-42
558	-45
559	-44
560	-44
561	-43
562	-45
563	-45
564	-45
565	-43
566	-44
567	-43
568	-45
569	-44
570	-46
571	-44
572	-46
573	-43
574	-46
575	-44
576	-44
577	-43
578	-43
579	-42
580	-43
581	-42
582	-42
583	-42
584	-42
585	-42
586	-41
587	-41
588	-40
589	-39
590	-41
591	-39
592	-40
593	-38
594	-37
595	-38
596	-39
597	-36
598	-36
599	-35
600	-34
601	-34
602	-33
603	-32
604	-33
605	-32
606	-33
607	-31
608	-31
609	-31
610	-31
611	-30
612	-30
613	-29
614	-29
615	-28
616	-29
617	-27
618	-28
619	-25
620	-27
621	-25
622	-25
623	-23
624	-24
625	-23
626	-23
627	-23
628	-22
629	-22
630	-22
631	-22
632	-21
633	-21
634	-20
635	-19
636	-21
637	-18
638	-20
639	-18
640	-19
641	-18
642	-19
643	-17
644	-19
645	-17
646	-18
647	-16
648	-17
649	-16
650	-17
651	-14
652	-16
653	-15
654	-16
655	-13
656	-15
657	-13
658	-13
659	-11
660	-14
661	-11
662	-12
663	-12
664	-14
665	-11
666	-11
667	-11
668	-11
669	-9
670	-11
671	-9
672	-10
673	-10
674	-9
675	-10
676	-10
677	-9
678	-9
679	-8
680	-8
681	-7
682	-7
683	-8
684	-7
685	-6
686	-7
687	-5
688	-6
689	-4
690	-6
691	-4
692	-5
693	-4
694	-5
695	-4
696	-4
697	-4
698	-4
699	-4
700	-4
701	-2
702	-3
703	-1
704	-2
705	-2
706	-2
707	-1
708	-2
709	-1
710	-3
711	-1
712	-1
713	-2
714	-1
715	0
716	0
717	0
718	0
719	0
720	0
721	-1
722	-1
723	0
724	-1
725	-2
726	0
727	0
728	-1
729	0
730	0
731	0
732	-1
733	-1
734	-2
735	-2
736	-1
737	-1
738	-2
739	-2
740	-2
741	-2
742	-1
743	-2
744	-2
745	-2
746	-3
747	-1
748	-2
749	-1
750	-2
751	-1
752	-2
753	-2
754	0
755	-2
756	-1
757	-2
758	-2
759	-1
760	-2
761	-1
762	-2
763	-1
764	-2
765	-1
766	-2
767	-1
768	-2
769	-1
770	-1
771	-1
772	-1
773	-1
774	-1
775	0
776	-2
777	0
778	-2
779	0
780	-2
781	0
782	0
783	0
784	0
785	0
786	-1
787	0
788	0
789	-1
790	0
791	-1
792	-1
793	0
794	-1
795	-1
796	-1
797	-1
798	-1
799	0
800	-1
801	0
802	-1
803	0
804	0
805	-1
806	-1
807	0
808	-1
809	0
810	-3
811	-1
812	-1
813	-1
814	-2
815	0
816	-2
817	0
818	-2
819	0
820	-2
821	0
822	0
823	0
824	0
825	0
826	0
827	0
828	0
829	0
830	0
831	0
832	0
833	0
834	0
835	0
836	0
837	0
838	0
839	0
840	-1
841	0
842	0
843	0
844	-1
845	0
846	-2
847	-1
848	-2
849	0
850	0
851	0
852	0
853	0
854	-1
855	0
856	-1
857	0
858	0
859	0
860	0
861	0
862	0
863	0
864	0
865	0
866	0
867	0
868	0
869	0
870	0
871	0
872	0
873	0
874	0
875	0
876	0
877	0
878	0
879	1
880	0
881	0
882	0
883	1
884	0
885	1
886	1
887	1
888	0
889	1
890	0
891	0
892	0
893	0
894	1
895	0
896	0
897	0
898	0
899	1
900	0
901	1
902	0
903	0
904	0
905	0
906	0
907	0
908	0
909	0
910	0
911	0
912	0
913	0
914	-2
915	-1
916	-1
917	-2
918	-2
919	-1
920	-2
921	-2
922	-1
923	-2
924	-2
925	-1
926	-2
927	-2
928	-1
929	-1
930	-1
931	0
932	-1
933	0
934	-1
935	0
936	-1
937	0
938	-1
939	-1
940	-2
941	-1
942	-2
943	-1
944	-1
945	0
946	-1
947	0
948	-2
949	0
950	0
951	0
952	0
953	0
954	0
955	0
956	0
957	0
958	0
959	0
960	1
961	0
962	0
963	0
964	0
965	0
966	0
967	0
968	0
969	0
970	0
971	0
972	0
973	0
974	0
975	0
976	0
977	0
978	0
979	1
980	0
981	1
982	0
983	0
984	0
985	0
986	0
987	0
988	0
989	0
990	0
991	1
992	0
993	2
994	1
995	1
996	1
997	1
998	1
999	1
1000	1
1001	1
1002	0
1003	0
1004	0
1005	0
1006	1
1007	1
1008	0
1009	0
1010	0
1011	0
1012	0
1013	0
1014	0
1015	0
1016	-1
1017	0
1018	-1
1019	-1
1020	-1
1021	-1
1022	-1
1023	-1
1024	-2
1025	-1
1026	-1
1027	-2
1028	-2
1029	-1
1030	-1
1031	-1
1032	0
1033	-1
1034	-1
1035	0
1036	-1
1037	0
1038	-2
1039	0
1040	-1
1041	0
1042	-1
1043	0
1044	0
1045	0
1046	0
1047	0
1048	0
1049	0
1050	0
1051	0
1052	-1
1053	-1
1054	-1
1055	-1
1056	-2
1057	-1
1058	-2
1059	-2
1060	-1
1061	-1
1062	-1
1063	-1
1064	0
1065	-1
1066	-2
1067	0
1068	-1
1069	0
1070	0
1071	0
1072	0
1073	0
1074	0
1075	0
1076	0
1077	0
1078	0
1079	0
1080	0
1081	0
1082	0
1083	0
1084	0
1085	0
1086	0
1087	1
1088	0
1089	0
1090	0
1091	1
1092	-1
1093	0
1094	0
1095	0
1096	0
1097	0
1098	0
1099	0
1100	0
1101	0
1102	-1
1103	0
1104	0
1105	0
1106	0
1107	1
1108	0
1109	0
1110	0
1111	0
1112	0
1113	0
1114	0
1115	0
1116	0
1117	0
1118	0
1119	0
1120	0
1121	0
1122	0
1123	0
1124	0
1125	0
1126	0
1127	1
1128	0
1129	0
1130	0
1131	0
1132	0
1133	0
1134	0
1135	0
1136	0
1137	0
1138	0
1139	0
1140	0
1141	0
1142	-1
1143	0
1144	0
1145	0
1146	0
1147	0
1148	-1
1149	0
1150	-2
1151	0
1152	-1
1153	-1
1154	-1
1155	0
1156	-1
1157	-2
1158	-1
1159	-2
1160	0
1161	0
1162	-1
1163	0
1164	0
1165	0
1166	0
1167	0
1168	-1
1169	0
1170	0
1171	0
1172	-1
1173	0
1174	0
1175	0
1176	0
1177	0
1178	0
1179	0
1180	0
1181	0
1182	0
1183	0
1184	0
1185	0
1186	0
1187	0
1188	0
1189	-1
1190	0
1191	0
1192	-1
1193	0
1194	-1
1195	0
1196	-1
1197	1
1198	0
1199	0
1200	0
1201	0
1202	1
1203	0
1204	0
1205	1
1206	1
1207	2
1208	0
1209	2
1210	2
1211	3
1212	1
1213	2
1214	3
1215	3
1216	3
1217	5
1218	3
1219	4
1220	4
1221	4
1222	3
1223	4
1224	4
1225	4
1226	4
1227	4
1228	4
1229	5
1230	3
1231	4
1232	2
1233	4
1234	3
1235	4
1236	2
1237	3
1238	3
1239	3
1240	2
1241	3
1242	2
1243	2
1244	0
1245	2
1246	0
1247	1
1248	1
1249	1
1250	0
1251	2
1252	0
1253	1
1254	0
1255	0
1256	0
1257	0
1258	-1
1259	0
1260	0
1261	0
1262	0
1263	0
1264	0
1265	0
1266	-1
1267	0
1268	-2
1269	0
1270	-2
1271	-1
1272	-1
1273	-1
1274	-1
1275	-1
1276	-2
1277	-1
1278	-2
1279	-1
1280	-1
1281	-1
1282	-2
1283	-2
1284	-3
1285	-1
1286	-2
1287	-2
1288	-3
1289	-2
1290	-2
1291	-1
1292	-3
1293	-1
1294	-2
1295	-1
1296	-1
1297	0
1298	-2
1299	-1
1300	-2
1301	-1
1302	-1
1303	0
1304	0
1305	-1
1306	-1
1307	0
1308	-1
1309	0
1310	-1
1311	0
1312	-1
1313	0
1314	-1
1315	0
1316	-1
1317	0
1318	0
1319	0
1320	0
1321	0
1322	0
1323	0
1324	0
1325	0
1326	-1
1327	0
1328	-1
1329	0
1330	0
1331	0
1332	0
1333	0
1334	0
1335	1
1336	0
1337	0
1338	0
1339	0
1340	0
1341	0
1342	0
1343	0
1344	0
1345	0
1346	0
1347	0
1348	-2
1349	0
1350	-1
1351	-1
1352	0
1353	0
1354	0
1355	0
1356	-1
1357	0
1358	-1
1359	0
1360	0
1361	0
1362	-1
1363	0
1364	0
1365	-1
1366	0
1367	0
1368	0
1369	0
1370	0
1371	0
1372	0
1373	0
1374	-1
1375	0
1376	0
1377	0
1378	0
1379	0
1380	0
1381	0
1382	0
1383	0
1384	0
1385	0
1386	-1
1387	0
1388	0
1389	0
1390	-1
1391	-1
1392	-1
1393	0
1394	-1
1395	0
1396	-1
1397	-1
1398	-1
1399	0
1400	-1
1401	0
1402	-1
1403	0
1404	-1
1405	-1
1406	-2
1407	-1
1408	-1
1409	0
1410	-1
1411	0
1412	-1
1413	0
1414	0
1415	0
1416	-1
1417	0
1418	0
1419	0
1420	0
1421	0
1422	0
1423	0
1424	0
1425	0
1426	0
1427	0
1428	-1
1429	0
1430	-1
1431	0
1432	0
1433	0
1434	-1
1435	0
1436	-2
1437	-1
1438	-2
1439	-1
1440	-2
1441	-1
1442	-1
1443	-1
1444	-2
1445	-1
1446	-3
1447	0
1448	-1
1449	0
1450	-2
1451	0
1452	-1
1453	0
1454	-1
1455	0
1456	0
1457	0
1458	0
1459	0
1460	-1
1461	0
1462	0
1463	1
1464	0
1465	1
1466	0
1467	0
1468	0
1469	0
1470	0
1471	0
1472	-1
1473	0
1474	0
1475	0
1476	0
1477	0
1478	0
1479	1
1480	0
1481	0
1482	1
1483	0
1484	0
1485	1
1486	0
1487	0
1488	0
1489	0
1490	0
1491	0
1492	0
1493	0
1494	0
1495	0
1496	0
1497	1
1498	0
1499	0
1500	-1
1501	1
1502	-1
1503	0
1504	0
1505	0
1506	-1
1507	0
1508	0
1509	0
1510	-2
1511	0
1512	-1
1513	0
1514	0
1515	0
1516	0
1517	0
1518	0
1519	0
1520	0
1521	0
1522	0
1523	1
1524	-1
1525	0
1526	-1
1527	-1
1528	-1
1529	0
1530	0
1531	0
1532	-1
1533	0
1534	0
1535	0
1536	-1
1537	0
1538	0
1539	0
1540	0
1541	0
1542	-1
1543	0
1544	0
1545	-1
1546	-2
1547	-1
1548	-2
1549	-1
1550	-1
1551	-2
1552	-1
1553	0
1554	-2
1555	-1
1556	-1
1557	-1
1558	-1
1559	0
1560	-1
1561	0
1562	-1
1563	0
1564	-1
1565	0
1566	-1
1567	0
1568	-1
1569	0
1570	0
1571	0
1572	0
1573	0
1574	0
1575	0
1576	-1
1577	0
1578	0
1579	0
1580	0
1581	0
1582	0
1583	0
1584	0
1585	1
1586	0
1587	0
1588	0
1589	0
1590	0
1591	0
1592	0
1593	0
1594	0
1595	0
1596	0
1597	1
1598	0
1599	0
1600	0
1601	0
1602	0
1603	0
1604	0
1605	0
1606	0
1607	0
1608	0
1609	0
1610	0
1611	0
1612	0
1613	0
1614	0
1615	0
1616	0
1617	0
1618	0
1619	0
1620	0
1621	0
1622	0
1623	0
1624	0
1625	0
1626	0
1627	0
1628	0
1629	0
1630	0
1631	0
1632	0
1633	0
1634	0
1635	0
1636	-1
1637	0
1638	0
1639	0
1640	-1
1641	0
1642	0
1643	1
1644	0
1645	1
1646	0
1647	2
1648	1
1649	2
1650	1
1651	1
1652	2
1653	1
1654	2
1655	1
1656	2
1657	2
1658	2
1659	2
1660	2
1661	3
1662	2
1663	2
1664	3
1665	3
1666	2
1667	3
1668	3
1669	3
1670	2
1671	3
1672	2
1673	2
1674	1
1675	2
1676	1
1677	2
1678	0
1679	2
1680	0
1681	0
1682	0
1683	0
1684	0
1685	0
1686	-1
1687	-1
1688	0
1689	0
1690	-1
1691	-1
1692	-1
1693	-1
1694	-2
1695	0
1696	-2
1697	-2
1698	-2
1699	0
1700	-3
1701	-1
1702	-2
1703	-1
1704	-2
1705	-1
1706	-1
1707	0
1708	-2
1709	0
1710	-1
1711	-1
1712	0
1713	0
1714	0
1715	0
1716	0
1717	0
1718	0
1719	0
1720	0
1721	0
1722	0
1723	1
1724	0
1725	0
1726	0
1727	0
1728	0
1729	0
1730	0
1731	0
1732	-1
1733	0
1734	-1
1735	0
1736	0
1737	0
1738	0
1739	0
1740	0
1741	0
1742	0
1743	0
1744	0
1745	0
1746	-1
1747	0
1748	0
1749	1
1750	0
1751	1
1752	0
1753	0
1754	1
1755	1
1756	0
1757	2
1758	0
1759	2
1760	1
1761	2
1762	1
1763	2
1764	2
1765	3
1766	2
1767	3
1768	1
1769	3
1770	2
1771	2
1772	2
1773	2
1774	2
1775	2
1776	2
1777	1
1778	2
1779	2
1780	0
1781	2
1782	0
1783	2
1784	-1
1785	1
1786	-1
1787	0
1788	-2
1789	0
1790	-2
1791	0
1792	-2
1793	0
1794	-1
1795	0
1796	-1
1797	0
1798	0
1799	-1
1800	-2
1801	-1
1802	-1
1803	0
1804	-2
1805	-1
1806	-1
1807	0
1808	-2
1809	0
1810	0
1811	-2
1812	0
1813	-1
1814	0
1815	-1
1816	-1
1817	-1
1818	-1
1819	-1
1820	-1
1821	0
1822	-1
1823	-1
1824	-2
1825	0
1826	-2
1827	0
1828	-3
1829	0
1830	-3
1831	-1
1832	-2
1833	-1
1834	-3
1835	0
1836	-2
1837	0
1838	-2
1839	0
1840	-1
1841	-1
1842	-1
1843	-1
1844	-1
1845	0
1846	0
1847	0
1848	-1
1849	0
1850	-2
1851	-1
1852	-1
1853	-2
1854	0
1855	0
1856	-1
1857	0
1858	-1
1859	0
1860	0
1861	1
1862	0
1863	0
1864	0
1865	0
1866	0
1867	0
1868	0
1869	1
1870	0
1871	0
1872	0
1873	0
1874	0
1875	0
1876	-1
1877	1
1878	-1
1879	0
1880	-1
1881	0
1882	-1
1883	0
1884	-1
1885	0
1886	-1
1887	-1
1888	-1
1889	-1
1890	0
1891	-1
1892	-2
1893	-1
1894	-2
1895	0
1896	0
1897	-1
1898	-1
1899	-1
1900	-1
1901	0
1902	-1
1903	0
1904	-2
1905	0
1906	-1
1907	0
1908	-1
1909	0
1910	0
1911	0
1912	-1
1913	0
1914	-1
1915	-1
1916	-1
1917	0
1918	-1
1919	0
1920	0
1921	-1
1922	-1
1923	-1
1924	-1
1925	-1
1926	0
1927	-1
1928	0
1929	0
1930	0
1931	-1
1932	-1
1933	0
1934	0
1935	0
1936	0
1937	0
1938	0
1939	0
1940	0
1941	0
1942	0
1943	0
1944	0
1945	0
1946	0
1947	0
1948	0
1949	0
1950	0
1951	0
1952	1
1953	1
1954	0
1955	1
1956	1
1957	2
1958	1
1959	0
1960	1
1961	1
1962	1
1963	1
1964	0
1965	1
1966	0
1967	0
1968	0
1969	0
1970	0
1971	-1
1972	0
1973	0
1974	0
1975	0
1976	0
1977	0
1978	0
1979	0
1980	0
1981	0
1982	0
1983	0
1984	-1
1985	-1
1986	-2
1987	0
1988	-2
1989	0
1990	-1
1991	-1
1992	-2
1993	-2
1994	-2
1995	-3
1996	-2
1997	0
1998	-2
1999	-1
