0	0
1	1
2	0
3	2
4	0
5	1
6	0
7	1
8	0
9	1
10	0
11	1
12	0
13	0
14	0
15	0
16	0
17	0
18	0
19	0
20	0
21	0
22	0
23	0
24	0
25	0
26	0
27	0
28	0
29	1
30	0
31	1
32	0
33	0
34	0
35	1
36	0
37	1
38	0
39	2
40	0
41	2
42	0
43	2
44	0
45	1
46	0
47	1
48	0
49	1
50	0
51	1
52	0
53	0
54	0
55	0
56	-1
57	0
58	-1
59	0
60	0
61	0
62	0
63	0
64	-1
65	0
66	-1
67	0
68	-1
69	0
70	-1
71	0
72	-1
73	0
74	0
75	0
76	0
77	0
78	0
79	0
80	0
81	1
82	0
83	0
84	0
85	0
86	0
87	1
88	0
89	0
90	0
91	0
92	0
93	0
94	-2
95	1
96	-2
97	0
98	-1
99	0
100	0
101	0
102	-1
103	0
104	-1
105	0
106	0
107	0
108	0
109	0
110	0
111	0
112	0
113	0
114	-1
115	0
116	0
117	1
118	0
119	0
120	0
121	0
122	0
123	0
124	0
125	0
126	0
127	1
128	0
129	0
130	0
131	0
132	0
133	0
134	0
135	0
136	-1
137	0
138	0
139	0
140	0
141	0
142	-1
143	0
144	-1
145	0
146	0
147	0
148	-3
149	-1
150	-1
151	-1
152	0
153	0
154	-1
155	0
156	0
157	0
158	0
159	-1
160	0
161	0
162	0
163	0
164	0
165	1
166	0
167	1
168	0
169	1
170	0
171	2
172	0
173	1
174	0
175	2
176	1
177	1
178	1
179	1
180	0
181	1
182	1
183	2
184	0
185	1
186	0
187	1
188	-1
189	0
190	0
191	0
192	0
193	0
194	-3
195	0
196	-1
197	0
198	-1
199	0
200	-1
201	0
202	-1
203	0
204	-1
205	0
206	-1
207	0
208	-1
209	0
210	-1
211	0
212	0
213	0
214	0
215	0
216	0
217	0
218	-1
219	0
220	0
221	0
222	0
223	1
224	0
225	0
226	0
227	0
228	0
229	0
230	0
231	0
232	0
233	0
234	0
235	0
236	0
237	0
238	-1
239	1
240	0
241	1
242	-1
243	1
244	-1
245	0
246	-1
247	0
248	-1
249	0
250	-1
251	-1
252	0
253	-1
254	0
255	0
256	0
257	0
258	0
259	0
260	0
261	1
262	0
263	0
264	0
265	1
266	0
267	1
268	0
269	0
270	0
271	0
272	0
273	1
274	0
275	2
276	0
277	2
278	0
279	1
280	0
281	1
282	0
283	2
284	0
285	1
286	0
287	1
288	0
289	0
290	0
291	1
292	0
293	0
294	0
295	0
296	0
297	0
298	0
299	0
300	0
301	0
302	0
303	0
304	0
305	0
306	0
307	1
308	0
309	0
310	0
311	0
312	0
313	0
314	0
315	0
316	0
317	0
318	0
319	0
320	0
321	0
322	0
323	0
324	0
325	0
326	0
327	0
328	0
329	0
330	0
331	0
332	-1
333	0
334	-2
335	0
336	-1
337	0
338	-2
339	0
340	-1
341	0
342	0
343	0
344	-1
345	0
346	-1
347	0
348	-1
349	0
350	0
351	1
352	0
353	0
354	0
355	0
356	0
357	0
358	0
359	1
360	0
361	2
362	0
363	1
364	0
365	1
366	0
367	0
368	0
369	1
370	0
371	1
372	0
373	2
374	0
375	2
376	0
377	0
378	0
379	1
380	0
381	1
382	0
383	0
384	0
385	1
386	0
387	1
388	0
389	1
390	0
391	0
392	0
393	1
394	0
395	1
396	0
397	1
398	0
399	0
400	0
401	1
402	0
403	0
404	0
405	1
406	0
407	1
408	0
409	1
410	-1
411	1
412	0
413	0
414	0
415	0
416	0
417	0
418	0
419	0
420	0
421	0
422	0
423	0
424	0
425	1
426	0
427	1
428	0
429	0
430	0
431	0
432	0
433	1
434	0
435	1
436	0
437	1
438	1
439	5
440	3
441	8
442	7
443	14
444	14
445	20
446	21
447	26
448	28
449	36
450	37
451	42
452	45
453	52
454	55
455	62
456	64
457	69
458	73
459	80
460	81
461	87
462	90
463	95
464	96
465	103
466	106
467	111
468	111
469	116
470	117
471	120
472	119
473	123
474	122
475	126
476	124
477	127
478	125
479	126
480	123
481	122
482	120
483	121
484	116
485	115
486	113
487	112
488	108
489	108
490	102
491	101
492	96
493	94
494	89
495	88
496	79
497	78
498	77
499	78
500	62
501	65
502	59
503	60
504	52
505	50
506	46
507	44
508	39
509	37
510	32
511	32
512	25
513	25
514	19
515	18
516	14
517	13
518	7
519	6
520	2
521	1
522	-1
523	-3
524	-6
525	-6
526	-10
527	-12
528	-14
529	-14
530	-18
531	-18
532	-20
533	-22
534	-22
535	-23
536	-27
537	-26
538	-29
539	-28
540	-31
541	-32
542	-33
543	-32
544	-34
545	-33
546	-35
547	-34
548	-36
549	-35
550	-36
551	-36
552	-37
553	-37
554	-38
555	-37
556	-38
557	-38
558	-39
559	-37
560	-38
561	-37
562	-39
563	-37
564	-38
565	-37
566	-39
567	-38
568	-39
569	-38
570	-38
571	-36
572	-38
573	-35
574	-38
575	-33
576	-36
577	-33
578	-36
579	-33
580	-34
581	-31
582	-33
583	-31
584	-33
585	-30
586	-32
587	-28
588	-31
589	-28
590	-29
591	-27
592	-28
593	-26
594	-28
595	-25
596	-26
597	-25
598	-26
599	-21
600	-26
601	-22
602	-24
603	-20
604	-22
605	-21
606	-21
607	-20
608	-21
609	-18
610	-21
611	-18
612	-19
613	-17
614	-16
615	-16
616	-17
617	-15
618	-17
619	-14
620	-16
621	-13
622	-15
623	-12
624	-14
625	-11
626	-13
627	-11
628	-11
629	-10
630	-11
631	-11
632	-12
633	-10
634	-12
635	-11
636	-12
637	-8
638	-10
639	-9
640	-9
641	-6
642	-9
643	-7
644	-9
645	-6
646	-9
647	-6
648	-7
649	-4
650	-6
651	-4
652	-6
653	-3
654	-5
655	-3
656	-5
657	-2
658	-4
659	-3
660	-4
661	-2
662	-4
663	-3
664	-3
665	-3
666	-4
667	-2
668	-4
669	-2
670	-3
671	-2
672	-4
673	-3
674	-3
675	-2
676	-4
677	-2
678	-4
679	-2
680	-3
681	-2
682	-2
683	-1
684	-2
685	0
686	-1
687	-1
688	-1
689	0
690	-1
691	0
692	-1
693	0
694	0
695	0
696	0
697	0
698	0
699	0
700	0
701	0
702	-2
703	0
704	-1
705	0
706	0
707	0
708	0
709	0
710	-1
711	0
712	-2
713	0
714	0
715	0
716	0
717	0
718	-1
719	0
720	0
721	0
722	0
723	0
724	-1
725	-1
726	-2
727	0
728	-2
729	-1
730	-2
731	-1
732	-3
733	-1
734	-3
735	-1
736	-2
737	-1
738	-2
739	-2
740	-2
741	-1
742	-2
743	-1
744	-2
745	-1
746	-1
747	0
748	0
749	0
750	0
751	0
752	0
753	0
754	0
755	0
756	-1
757	0
758	-1
759	0
760	-1
761	0
762	-2
763	0
764	-2
765	-1
766	-1
767	0
768	0
769	0
770	-1
771	0
772	-2
773	0
774	0
775	0
776	0
777	0
778	0
779	0
780	0
781	0
782	0
783	0
784	0
785	0
786	-1
787	0
788	0
789	0
790	0
791	0
792	-1
793	0
794	-1
795	0
796	-1
797	0
798	-1
799	0
800	-1
801	0
802	-2
803	0
804	-1
805	0
806	-1
807	0
808	-1
809	0
810	-1
811	0
812	-2
813	0
814	-1
815	0
816	-1
817	0
818	-1
819	0
820	-1
821	0
822	-1
823	0
824	0
825	-1
826	-1
827	-1
828	-1
829	0
830	0
831	-1
832	0
833	0
834	-1
835	-1
836	-1
837	0
838	-3
839	-1
840	-2
841	0
842	-2
843	-1
844	-1
845	0
846	-2
847	0
848	-1
849	0
850	-1
851	0
852	-1
853	-1
854	0
855	-1
856	0
857	0
858	-2
859	0
860	0
861	0
862	-1
863	0
864	0
865	0
866	0
867	0
868	0
869	1
870	0
871	1
872	-1
873	0
874	0
875	0
876	0
877	0
878	0
879	0
880	0
881	0
882	0
883	0
884	-1
885	0
886	-1
887	0
888	0
889	-1
890	0
891	0
892	-2
893	0
894	-1
895	0
896	-1
897	0
898	-1
899	0
900	-1
901	0
902	-1
903	0
904	-1
905	0
906	0
907	0
908	0
909	0
910	0
911	0
912	0
913	0
914	0
915	0
916	0
917	0
918	0
919	1
920	0
921	0
922	0
923	0
924	0
925	0
926	0
927	1
928	0
929	0
930	0
931	0
932	0
933	1
934	0
935	0
936	0
937	1
938	0
939	1
940	0
941	2
942	0
943	2
944	0
945	2
946	0
947	1
948	0
949	2
950	1
951	4
952	0
953	2
954	0
955	3
956	1
957	2
958	0
959	2
960	0
961	1
962	0
963	1
964	0
965	1
966	0
967	0
968	0
969	0
970	-1
971	0
972	0
973	0
974	-1
975	0
976	-1
977	0
978	-2
979	0
980	-3
981	0
982	-1
983	0
984	-1
985	-1
986	-2
987	0
988	0
989	0
990	0
991	0
992	0
993	0
994	0
995	0
996	0
997	0
998	0
999	0
1000	0
1001	0
1002	0
1003	0
1004	0
1005	0
1006	0
1007	0
1008	-1
1009	0
1010	0
1011	0
1012	-1
1013	0
1014	-2
1015	-1
1016	-1
1017	-1
1018	-1
1019	0
1020	-3
1021	0
1022	-2
1023	0
1024	-2
1025	0
1026	-1
1027	0
1028	-2
1029	0
1030	-2
1031	0
1032	-1
1033	0
1034	-2
1035	0
1036	-1
1037	0
1038	-1
1039	0
1040	-2
1041	0
1042	-1
1043	0
1044	-2
1045	-1
1046	-2
1047	0
1048	-1
1049	0
1050	-2
1051	-1
1052	-1
1053	-1
1054	-2
1055	0
1056	-1
1057	0
1058	-2
1059	-1
1060	-3
1061	-1
1062	-4
1063	-2
1064	-4
1065	-2
1066	-2
1067	-2
1068	-4
1069	-2
1070	-3
1071	-2
1072	-2
1073	-1
1074	-2
1075	-2
1076	-2
1077	-1
1078	-1
1079	-1
1080	-1
1081	-1
1082	0
1083	0
1084	0
1085	0
1086	0
1087	0
1088	0
1089	0
1090	0
1091	1
1092	0
1093	0
1094	0
1095	1
1096	0
1097	0
1098	0
1099	0
1100	0
1101	0
1102	-1
1103	0
1104	-2
1105	-1
1106	-1
1107	-1
1108	-3
1109	-1
1110	-3
1111	-2
1112	-3
1113	-1
1114	-3
1115	0
1116	-2
1117	0
1118	-2
1119	0
1120	-2
1121	0
1122	-1
1123	0
1124	-1
1125	0
1126	-1
1127	0
1128	-1
1129	0
1130	0
1131	1
1132	0
1133	0
1134	1
1135	2
1136	0
1137	2
1138	0
1139	1
1140	0
1141	1
1142	0
1143	2
1144	0
1145	0
1146	0
1147	0
1148	-1
1149	0
1150	0
1151	0
1152	-1
1153	0
1154	-1
1155	0
1156	-2
1157	-1
1158	-1
1159	-2
1160	-1
1161	-1
1162	-3
1163	-1
1164	-2
1165	-1
1166	-2
1167	-1
1168	-2
1169	0
1170	-3
1171	-1
1172	-2
1173	0
1174	-2
1175	0
1176	-2
1177	0
1178	-1
1179	-1
1180	-2
1181	-1
1182	-3
1183	0
1184	-2
1185	0
1186	-1
1187	0
1188	0
1189	0
1190	-1
1191	0
1192	-1
1193	0
1194	0
1195	0
1196	-1
1197	0
1198	0
1199	0
1200	0
1201	0
1202	-1
1203	0
1204	0
1205	0
1206	-1
1207	0
1208	0
1209	0
1210	0
1211	1
1212	0
1213	1
1214	0
1215	1
1216	0
1217	0
1218	0
1219	1
1220	0
1221	2
1222	0
1223	2
1224	-1
1225	0
1226	0
1227	0
1228	-1
1229	0
1230	-1
1231	0
1232	-2
1233	0
1234	-1
1235	0
1236	-2
1237	-1
1238	-2
1239	0
1240	-1
1241	0
1242	-2
1243	0
1244	-2
1245	0
1246	-3
1247	0
1248	-3
1249	0
1250	-1
1251	0
1252	-2
1253	0
1254	-1
1255	0
1256	0
1257	0
1258	-1
1259	-1
1260	-2
1261	0
1262	-1
1263	0
1264	-2
1265	-1
1266	-2
1267	0
1268	-1
1269	0
1270	-1
1271	-1
1272	-1
1273	-1
1274	-1
1275	0
1276	0
1277	-1
1278	0
1279	0
1280	-2
1281	-1
1282	-2
1283	-1
1284	-2
1285	-1
1286	-3
1287	0
1288	-3
1289	-1
1290	-2
1291	-1
1292	-3
1293	0
1294	-3
1295	-1
1296	-3
1297	-1
1298	-3
1299	0
1300	-1
1301	0
1302	0
1303	0
1304	-1
1305	0
1306	0
1307	0
1308	0
1309	1
1310	0
1311	0
1312	0
1313	0
1314	0
1315	2
1316	0
1317	2
1318	0
1319	1
1320	0
1321	1
1322	0
1323	0
1324	0
1325	0
1326	-1
1327	0
1328	-1
1329	0
1330	-1
1331	0
1332	-3
1333	0
1334	-3
1335	0
1336	-2
1337	0
1338	-2
1339	0
1340	-1
1341	0
1342	0
1343	0
1344	-2
1345	0
1346	-2
1347	-1
1348	0
1349	0
1350	0
1351	0
1352	-1
1353	0
1354	0
1355	0
1356	-1
1357	0
1358	-1
1359	0
1360	0
1361	0
1362	-1
1363	0
1364	-1
1365	0
1366	-3
1367	0
1368	-2
1369	0
1370	-1
1371	0
1372	-1
1373	-1
1374	-1
1375	0
1376	-1
1377	-1
1378	-1
1379	-1
1380	-2
1381	-1
1382	-2
1383	-1
1384	-3
1385	-1
1386	-3
1387	-1
1388	-2
1389	0
1390	-3
1391	0
1392	-2
1393	0
1394	-2
1395	0
1396	-1
1397	0
1398	-1
1399	0
1400	-2
1401	0
1402	-1
1403	0
1404	-2
1405	0
1406	-1
1407	0
1408	0
1409	0
1410	0
1411	0
1412	-1
1413	0
1414	-1
1415	0
1416	-1
1417	0
1418	0
1419	0
1420	-1
1421	0
1422	0
1423	0
1424	0
1425	0
1426	0
1427	0
1428	0
1429	0
1430	0
1431	0
1432	0
1433	0
1434	0
1435	1
1436	0
1437	0
1438	0
1439	1
1440	0
1441	1
1442	0
1443	1
1444	0
1445	0
1446	0
1447	1
1448	0
1449	2
1450	0
1451	2
1452	0
1453	1
1454	1
1455	1
1456	0
1457	1
1458	0
1459	2
1460	0
1461	1
1462	1
1463	2
1464	1
1465	3
1466	1
1467	1
1468	1
1469	3
1470	1
1471	1
1472	1
1473	1
1474	1
1475	2
1476	1
1477	2
1478	0
1479	2
1480	1
1481	0
1482	0
1483	1
1484	0
1485	1
1486	0
1487	1
1488	0
1489	0
1490	0
1491	1
1492	-1
1493	0
1494	0
1495	0
1496	-1
1497	-1
1498	-1
1499	-1
1500	-1
1501	-1
1502	-3
1503	-1
1504	-2
1505	-1
1506	-2
1507	-3
1508	-3
1509	-2
1510	-3
1511	-3
1512	-3
1513	-4
1514	-3
1515	-2
1516	-3
1517	-1
1518	-3
1519	0
1520	-3
1521	-1
1522	-2
1523	-1
1524	-2
1525	0
1526	-2
1527	0
1528	-2
1529	-1
1530	-1
1531	0
1532	-2
1533	0
1534	-1
1535	0
1536	0
1537	0
1538	-2
1539	0
1540	-1
1541	-1
1542	-2
1543	-1
1544	-2
1545	0
1546	-3
1547	-1
1548	-3
1549	-1
1550	-2
1551	-1
1552	-1
1553	-1
1554	-3
1555	0
1556	-2
1557	-1
1558	-3
1559	0
1560	-3
1561	0
1562	-3
1563	-1
1564	-3
1565	0
1566	-2
1567	0
1568	-1
1569	0
1570	-1
1571	0
1572	0
1573	0
1574	-1
1575	0
1576	0
1577	0
1578	0
1579	0
1580	0
1581	0
1582	0
1583	0
1584	0
1585	1
1586	0
1587	1
1588	0
1589	0
1590	0
1591	1
1592	0
1593	1
1594	0
1595	0
1596	0
1597	0
1598	-1
1599	0
1600	0
1601	0
1602	-1
1603	0
1604	-2
1605	0
1606	-1
1607	0
1608	-3
1609	0
1610	-1
1611	-1
1612	-2
1613	0
1614	-2
1615	-1
1616	-2
1617	-1
1618	-2
1619	0
1620	-1
1621	-1
1622	-1
1623	0
1624	0
1625	0
1626	-1
1627	0
1628	-1
1629	0
1630	-2
1631	0
1632	0
1633	-1
1634	-1
1635	0
1636	-1
1637	0
1638	-2
1639	0
1640	-1
1641	-1
1642	-1
1643	0
1644	-1
1645	-1
1646	-2
1647	0
1648	-1
1649	0
1650	-1
1651	0
1652	-1
1653	0
1654	-2
1655	0
1656	-1
1657	-1
1658	-2
1659	-1
1660	-3
1661	-1
1662	-3
1663	0
1664	-3
1665	-1
1666	-2
1667	-1
1668	-2
1669	0
1670	-3
1671	-1
1672	-2
1673	-1
1674	-2
1675	0
1676	-2
1677	0
1678	-3
1679	0
1680	-2
1681	0
1682	-1
1683	0
1684	-1
1685	0
1686	0
1687	0
1688	0
1689	1
1690	0
1691	0
1692	0
1693	1
1694	0
1695	1
1696	0
1697	1
1698	0
1699	1
1700	0
1701	0
1702	0
1703	1
1704	0
1705	2
1706	0
1707	2
1708	0
1709	1
1710	0
1711	2
1712	0
1713	1
1714	0
1715	1
1716	0
1717	0
1718	-1
1719	0
1720	0
1721	0
1722	0
1723	0
1724	0
1725	0
1726	0
1727	0
1728	0
1729	-1
1730	-1
1731	-1
1732	-2
1733	0
1734	-2
1735	0
1736	-1
1737	0
1738	-2
1739	-1
1740	-1
1741	0
1742	-1
1743	0
1744	-2
1745	0
1746	0
1747	0
1748	-1
1749	0
1750	-1
1751	0
1752	-1
1753	1
1754	0
1755	0
1756	0
1757	0
1758	-1
1759	0
1760	-1
1761	0
1762	-1
1763	0
1764	0
1765	0
1766	0
1767	0
1768	-1
1769	0
1770	0
1771	0
1772	0
1773	1
1774	0
1775	0
1776	0
1777	0
1778	0
1779	0
1780	0
1781	2
1782	1
1783	2
1784	1
1785	2
1786	1
1787	3
1788	1
1789	2
1790	0
1791	2
1792	2
1793	3
1794	1
1795	3
1796	2
1797	2
1798	2
1799	2
1800	1
1801	2
1802	1
1803	2
1804	1
1805	1
1806	1
1807	1
1808	0
1809	2
1810	0
1811	1
1812	0
1813	0
1814	0
1815	0
1816	-1
1817	0
1818	0
1819	0
1820	0
1821	0
1822	0
1823	0
1824	-1
1825	0
1826	-1
1827	0
1828	-2
1829	0
1830	-1
1831	0
1832	-1
1833	0
1834	-1
1835	0
1836	-1
1837	0
1838	-2
1839	0
1840	0
1841	0
1842	-1
1843	0
1844	-1
1845	0
1846	0
1847	0
1848	0
1849	-1
1850	-1
1851	0
1852	-2
1853	-2
1854	-2
1855	-1
1856	-3
1857	-1
1858	-3
1859	-2
1860	-3
1861	-1
1862	-2
1863	-1
1864	-4
1865	-2
1866	-3
1867	-2
1868	-4
1869	-2
1870	-2
1871	-2
1872	-2
1873	-2
1874	-2
1875	-2
1876	-3
1877	-1
1878	-1
1879	-1
1880	-2
1881	-2
1882	-2
1883	-1
1884	-1
1885	-1
1886	-2
1887	0
1888	-2
1889	-1
1890	-2
1891	0
1892	-1
1893	0
1894	0
1895	0
1896	-2
1897	0
1898	0
1899	0
1900	-1
1901	0
1902	0
1903	0
1904	0
1905	0
1906	0
1907	1
1908	0
1909	1
1910	0
1911	0
1912	-1
1913	0
1914	0
1915	1
1916	0
1917	0
1918	0
1919	1
1920	-1
1921	0
1922	0
1923	0
1924	0
1925	0
1926	0
1927	0
1928	-1
1929	0
1930	0
1931	0
1932	0
1933	0
1934	-1
1935	0
1936	0
1937	0
1938	0
1939	1
1940	-1
1941	0
1942	-1
1943	0
1944	0
1945	0
1946	-1
1947	1
1948	-2
1949	0
1950	-1
1951	1
1952	-1
1953	0
1954	-1
1955	0
1956	0
1957	0
1958	-1
1959	0
1960	-1
1961	0
1962	0
1963	0
1964	0
1965	0
1966	0
1967	0
1968	0
1969	0
1970	0
1971	1
1972	0
1973	1
1974	0
1975	1
1976	0
1977	0
1978	-1
1979	0
1980	-1
1981	0
1982	-1
1983	0
1984	-1
1985	0
1986	-3
1987	0
1988	-2
1989	-1
1990	-3
1991	-1
1992	-2
1993	0
1994	-3
1995	0
1996	-2
1997	0
1998	-2
1999	-1
