0	0
1	0
2	0
3	-1
4	-1
5	0
6	-2
7	0
8	0
9	0
10	0
11	0
12	-1
13	0
14	0
15	0
16	0
17	0
18	0
19	0
20	0
21	1
22	0
23	1
24	0
25	0
26	0
27	0
28	0
29	0
30	0
31	1
32	0
33	1
34	0
35	0
36	0
37	0
38	0
39	0
40	0
41	0
42	0
43	0
44	0
45	0
46	0
47	0
48	-1
49	0
50	0
51	0
52	0
53	0
54	0
55	0
56	0
57	0
58	0
59	0
60	0
61	0
62	0
63	0
64	0
65	0
66	0
67	0
68	0
69	1
70	0
71	1
72	0
73	0
74	0
75	1
76	0
77	2
78	0
79	2
80	0
81	1
82	0
83	0
84	0
85	1
86	0
87	1
88	0
89	1
90	0
91	0
92	0
93	0
94	0
95	0
96	0
97	0
98	-1
99	0
100	-1
101	-1
102	-1
103	0
104	-2
105	-1
106	-2
107	-2
108	-2
109	-1
110	-1
111	-1
112	-2
113	0
114	-1
115	-1
116	-1
117	-1
118	-1
119	-1
120	0
121	-1
122	0
123	0
124	-1
125	0
126	0
127	0
128	0
129	0
130	0
131	0
132	0
133	0
134	0
135	0
136	0
137	0
138	0
139	1
140	0
141	0
142	0
143	0
144	0
145	1
146	0
147	0
148	0
149	0
150	0
151	0
152	-1
153	0
154	0
155	0
156	0
157	1
158	0
159	0
160	0
161	0
162	-1
163	0
164	0
165	0
166	-1
167	0
168	-1
169	1
170	0
171	1
172	0
173	0
174	0
175	0
176	0
177	1
178	0
179	0
180	1
181	1
182	0
183	0
184	0
185	0
186	1
187	0
188	0
189	0
190	0
191	0
192	0
193	0
194	0
195	0
196	0
197	0
198	-1
199	0
200	-1
201	0
202	-2
203	0
204	-2
205	0
206	-1
207	-1
208	-2
209	-1
210	-1
211	-1
212	-3
213	0
214	-2
215	0
216	-2
217	0
218	-1
219	0
220	0
221	0
222	-1
223	0
224	-1
225	0
226	0
227	0
228	-1
229	0
230	0
231	0
232	0
233	0
234	0
235	0
236	0
237	0
238	0
239	0
240	0
241	0
242	0
243	0
244	0
245	0
246	0
247	0
248	0
249	0
250	0
251	0
252	0
253	0
254	0
255	0
256	0
257	0
258	0
259	0
260	0
261	0
262	0
263	0
264	0
265	0
266	0
267	0
268	0
269	0
270	0
271	1
272	0
273	0
274	0
275	0
276	-1
277	1
278	0
279	0
280	0
281	0
282	0
283	0
284	0
285	0
286	0
287	0
288	-1
289	0
290	-1
291	-1
292	-1
293	0
294	0
295	0
296	-1
297	0
298	0
299	0
300	-1
301	0
302	-1
303	0
304	-1
305	0
306	-1
307	0
308	0
309	0
310	-1
311	0
312	-1
313	-1
314	0
315	0
316	-1
317	0
318	-1
319	0
320	-1
321	0
322	0
323	0
324	0
325	0
326	0
327	0
328	0
329	0
330	0
331	0
332	0
333	0
334	0
335	1
336	0
337	1
338	0
339	1
340	0
341	1
342	0
343	1
344	1
345	0
346	0
347	1
348	0
349	1
350	1
351	0
352	1
353	0
354	1
355	0
356	1
357	1
358	0
359	0
360	1
361	0
362	0
363	1
364	0
365	0
366	0
367	0
368	-1
369	0
370	-1
371	0
372	-1
373	0
374	0
375	0
376	-1
377	0
378	-1
379	0
380	0
381	0
382	0
383	0
384	-1
385	0
386	-1
387	0
388	-1
389	0
390	-1
391	0
392	-1
393	0
394	0
395	0
396	-1
397	0
398	0
399	0
400	-1
401	0
402	0
403	0
404	0
405	0
406	0
407	0
408	-1
409	0
410	0
411	0
412	0
413	0
414	0
415	0
416	0
417	0
418	0
419	0
420	-1
421	0
422	-1
423	0
424	-1
425	0
426	-1
427	0
428	0
429	0
430	0
431	0
432	0
433	0
434	-1
435	0
436	0
437	1
438	0
439	1
440	0
441	2
442	3
443	6
444	7
445	11
446	13
447	16
448	16
449	23
450	24
451	30
452	32
453	38
454	39
455	45
456	46
457	54
458	56
459	61
460	64
461	70
462	71
463	77
464	78
465	84
466	85
467	90
468	91
469	98
470	97
471	101
472	102
473	105
474	105
475	109
476	108
477	111
478	111
479	111
480	110
481	111
482	109
483	111
484	108
485	109
486	104
487	107
488	100
489	101
490	96
491	96
492	91
493	90
494	86
495	84
496	79
497	77
498	76
499	78
500	62
501	66
502	61
503	59
504	52
505	52
506	49
507	46
508	39
509	40
510	33
511	33
512	27
513	28
514	22
515	22
516	17
517	16
518	12
519	11
520	6
521	4
522	1
523	2
524	-2
525	-2
526	-5
527	-6
528	-8
529	-11
530	-12
531	-13
532	-15
533	-15
534	-17
535	-18
536	-21
537	-20
538	-21
539	-20
540	-22
541	-23
542	-26
543	-24
544	-27
545	-26
546	-28
547	-27
548	-29
549	-27
550	-30
551	-28
552	-31
553	-30
554	-31
555	-31
556	-31
557	-31
558	-33
559	-31
560	-31
561	-30
562	-31
563	-29
564	-31
565	-30
566	-32
567	-29
568	-31
569	-29
570	-30
571	-29
572	-29
573	-28
574	-29
575	-28
576	-28
577	-27
578	-28
579	-27
580	-27
581	-26
582	-27
583	-24
584	-26
585	-22
586	-24
587	-19
588	-22
589	-19
590	-21
591	-19
592	-20
593	-19
594	-20
595	-17
596	-17
597	-17
598	-17
599	-16
600	-17
601	-15
602	-16
603	-15
604	-15
605	-15
606	-16
607	-15
608	-16
609	-15
610	-14
611	-13
612	-14
613	-11
614	-14
615	-12
616	-13
617	-12
618	-14
619	-10
620	-12
621	-11
622	-12
623	-9
624	-11
625	-10
626	-11
627	-7
628	-8
629	-7
630	-9
631	-6
632	-9
633	-6
634	-7
635	-6
636	-5
637	-3
638	-4
639	-3
640	-5
641	-4
642	-5
643	-2
644	-4
645	-1
646	-4
647	-2
648	-3
649	-1
650	-2
651	0
652	-1
653	0
654	-1
655	0
656	-1
657	0
658	-1
659	0
660	-1
661	0
662	0
663	0
664	-1
665	0
666	0
667	0
668	0
669	0
670	-1
671	0
672	-1
673	0
674	0
675	0
676	-1
677	0
678	-1
679	0
680	-2
681	0
682	0
683	0
684	-1
685	0
686	-1
687	0
688	-1
689	0
690	0
691	0
692	0
693	0
694	0
695	0
696	0
697	0
698	0
699	0
700	0
701	0
702	0
703	0
704	0
705	0
706	-1
707	0
708	0
709	0
710	0
711	0
712	-1
713	0
714	0
715	0
716	0
717	0
718	0
719	-1
720	-1
721	-1
722	0
723	-1
724	0
725	0
726	0
727	0
728	-1
729	0
730	0
731	0
732	-1
733	0
734	0
735	0
736	0
737	0
738	0
739	0
740	0
741	0
742	0
743	0
744	0
745	0
746	0
747	0
748	0
749	0
750	0
751	0
752	0
753	0
754	0
755	0
756	0
757	0
758	0
759	0
760	-1
761	0
762	0
763	0
764	0
765	1
766	0
767	0
768	0
769	0
770	0
771	0
772	0
773	1
774	0
775	0
776	0
777	0
778	0
779	1
780	0
781	1
782	2
783	1
784	0
785	3
786	1
787	2
788	1
789	3
790	1
791	2
792	1
793	2
794	1
795	3
796	1
797	2
798	1
799	1
800	0
801	1
802	0
803	1
804	0
805	1
806	0
807	0
808	0
809	0
810	0
811	1
812	0
813	0
814	-1
815	0
816	-1
817	0
818	0
819	0
820	-1
821	0
822	-1
823	0
824	-1
825	-1
826	-2
827	-1
828	-1
829	-1
830	-1
831	-1
832	-1
833	0
834	0
835	-1
836	0
837	0
838	0
839	-1
840	-1
841	0
842	0
843	0
844	0
845	0
846	0
847	0
848	-2
849	-1
850	-1
851	0
852	-3
853	-1
854	-3
855	-1
856	-3
857	-1
858	-3
859	-2
860	-3
861	-2
862	-3
863	-2
864	-3
865	-2
866	-3
867	-2
868	-2
869	-2
870	-2
871	-2
872	-3
873	0
874	-3
875	-1
876	-2
877	0
878	-1
879	0
880	-3
881	0
882	-2
883	0
884	-1
885	0
886	-2
887	0
888	-1
889	0
890	-1
891	0
892	0
893	0
894	-1
895	0
896	-1
897	0
898	-1
899	0
900	0
901	0
902	-1
903	0
904	-2
905	0
906	-1
907	0
908	0
909	0
910	-2
911	0
912	-2
913	0
914	-1
915	-1
916	-1
917	-2
918	-1
919	-1
920	0
921	-1
922	-2
923	-1
924	-1
925	0
926	-1
927	0
928	-1
929	0
930	-1
931	0
932	-1
933	0
934	-2
935	0
936	-1
937	0
938	-2
939	0
940	-1
941	0
942	-1
943	-1
944	-3
945	0
946	-1
947	0
948	-1
949	0
950	-3
951	0
952	-2
953	-1
954	-1
955	0
956	-2
957	-1
958	-3
959	0
960	-2
961	-1
962	-2
963	-1
964	-1
965	0
966	-1
967	0
968	-1
969	0
970	-1
971	-1
972	-2
973	0
974	-2
975	-1
976	-2
977	-1
978	-2
979	-1
980	-2
981	-1
982	-2
983	0
984	-3
985	0
986	-2
987	-1
988	-2
989	0
990	-2
991	0
992	-2
993	0
994	-2
995	-1
996	-2
997	0
998	-1
999	0
1000	-1
1001	0
1002	-1
1003	0
1004	0
1005	0
1006	0
1007	0
1008	-1
1009	0
1010	0
1011	0
1012	-1
1013	0
1014	0
1015	0
1016	0
1017	0
1018	0
1019	0
1020	0
1021	0
1022	0
1023	0
1024	0
1025	0
1026	0
1027	0
1028	0
1029	0
1030	0
1031	0
1032	-1
1033	1
1034	0
1035	0
1036	-1
1037	0
1038	0
1039	0
1040	0
1041	0
1042	0
1043	0
1044	0
1045	0
1046	0
1047	0
1048	-2
1049	0
1050	0
1051	0
1052	-1
1053	-1
1054	-2
1055	-1
1056	-2
1057	0
1058	-2
1059	0
1060	-1
1061	0
1062	-2
1063	-1
1064	-4
1065	0
1066	-3
1067	-2
1068	-2
1069	-1
1070	-3
1071	-1
1072	-3
1073	-1
1074	-3
1075	-1
1076	-2
1077	0
1078	-1
1079	0
1080	-1
1081	0
1082	-1
1083	0
1084	0
1085	0
1086	-1
1087	0
1088	-1
1089	0
1090	0
1091	0
1092	-1
1093	0
1094	0
1095	0
1096	0
1097	0
1098	-2
1099	0
1100	-2
1101	0
1102	-1
1103	0
1104	0
1105	0
1106	0
1107	0
1108	-1
1109	0
1110	-1
1111	0
1112	-1
1113	0
1114	-1
1115	0
1116	-1
1117	-1
1118	-1
1119	0
1120	-1
1121	0
1122	-1
1123	0
1124	0
1125	0
1126	-1
1127	0
1128	-1
1129	0
1130	-2
1131	-1
1132	-2
1133	-1
1134	-1
1135	0
1136	-2
1137	0
1138	-1
1139	0
1140	-2
1141	-1
1142	-2
1143	0
1144	-2
1145	-1
1146	-2
1147	0
1148	-1
1149	0
1150	-2
1151	-1
1152	-1
1153	-1
1154	-1
1155	0
1156	-1
1157	0
1158	-1
1159	-1
1160	-3
1161	0
1162	-2
1163	0
1164	-2
1165	0
1166	-1
1167	-1
1168	-1
1169	0
1170	-2
1171	-1
1172	-1
1173	-1
1174	0
1175	0
1176	-1
1177	0
1178	-1
1179	0
1180	-1
1181	-1
1182	0
1183	0
1184	-1
1185	0
1186	-1
1187	0
1188	-1
1189	0
1190	-2
1191	0
1192	-3
1193	0
1194	-1
1195	0
1196	-2
1197	0
1198	-1
1199	0
1200	-1
1201	0
1202	0
1203	0
1204	-1
1205	0
1206	-1
1207	0
1208	-1
1209	0
1210	0
1211	0
1212	0
1213	0
1214	0
1215	1
1216	0
1217	0
1218	0
1219	0
1220	0
1221	0
1222	0
1223	0
1224	0
1225	0
1226	0
1227	0
1228	0
1229	0
1230	0
1231	0
1232	0
1233	0
1234	0
1235	0
1236	-1
1237	0
1238	0
1239	0
1240	0
1241	-1
1242	-1
1243	-1
1244	0
1245	-1
1246	-1
1247	-1
1248	-2
1249	0
1250	-3
1251	0
1252	-2
1253	-1
1254	-3
1255	-1
1256	-3
1257	0
1258	-3
1259	-1
1260	-2
1261	-1
1262	-2
1263	-1
1264	-3
1265	-2
1266	-3
1267	-1
1268	-4
1269	-1
1270	-3
1271	-2
1272	-1
1273	-2
1274	-3
1275	-1
1276	-3
1277	-1
1278	-1
1279	0
1280	-2
1281	0
1282	-2
1283	0
1284	-1
1285	0
1286	-1
1287	-1
1288	-1
1289	-2
1290	0
1291	0
1292	0
1293	0
1294	0
1295	0
1296	-2
1297	-1
1298	-3
1299	0
1300	0
1301	0
1302	-1
1303	0
1304	-1
1305	0
1306	-1
1307	0
1308	0
1309	-1
1310	0
1311	-1
1312	0
1313	0
1314	0
1315	0
1316	0
1317	0
1318	0
1319	0
1320	0
1321	0
1322	0
1323	0
1324	0
1325	0
1326	0
1327	0
1328	0
1329	0
1330	0
1331	0
1332	0
1333	0
1334	0
1335	0
1336	0
1337	1
1338	0
1339	1
1340	-1
1341	1
1342	-1
1343	0
1344	-1
1345	0
1346	-1
1347	0
1348	-1
1349	0
1350	-2
1351	0
1352	-2
1353	-1
1354	-1
1355	0
1356	-2
1357	0
1358	-1
1359	0
1360	-2
1361	0
1362	-1
1363	0
1364	0
1365	0
1366	0
1367	0
1368	0
1369	0
1370	-1
1371	0
1372	-1
1373	0
1374	-3
1375	-1
1376	-3
1377	0
1378	-2
1379	0
1380	-1
1381	-1
1382	-1
1383	0
1384	-2
1385	-1
1386	-1
1387	0
1388	-2
1389	-1
1390	-3
1391	0
1392	-2
1393	0
1394	-1
1395	0
1396	-2
1397	0
1398	-2
1399	-1
1400	-1
1401	-1
1402	-2
1403	-2
1404	-2
1405	-2
1406	-3
1407	-1
1408	-2
1409	0
1410	-1
1411	-1
1412	-2
1413	-1
1414	0
1415	0
1416	-2
1417	0
1418	-1
1419	0
1420	0
1421	0
1422	-1
1423	1
1424	-1
1425	0
1426	-1
1427	1
1428	0
1429	0
1430	0
1431	0
1432	0
1433	0
1434	-1
1435	0
1436	-1
1437	0
1438	-2
1439	0
1440	-1
1441	0
1442	-1
1443	0
1444	-1
1445	0
1446	-1
1447	0
1448	-1
1449	0
1450	-1
1451	0
1452	-1
1453	0
1454	-1
1455	0
1456	0
1457	0
1458	-1
1459	1
1460	0
1461	0
1462	0
1463	1
1464	0
1465	0
1466	0
1467	0
1468	0
1469	0
1470	0
1471	1
1472	0
1473	0
1474	0
1475	0
1476	0
1477	0
1478	-1
1479	0
1480	-1
1481	0
1482	-1
1483	0
1484	-2
1485	-1
1486	-1
1487	-2
1488	-3
1489	-2
1490	-3
1491	-1
1492	-2
1493	-2
1494	-2
1495	-2
1496	-3
1497	-2
1498	-2
1499	-2
1500	-3
1501	-2
1502	-2
1503	-1
1504	-3
1505	-2
1506	-3
1507	-1
1508	-2
1509	-1
1510	-1
1511	0
1512	-1
1513	-1
1514	-1
1515	0
1516	0
1517	0
1518	0
1519	0
1520	0
1521	0
1522	0
1523	0
1524	0
1525	1
1526	0
1527	0
1528	-2
1529	0
1530	0
1531	0
1532	0
1533	0
1534	0
1535	0
1536	-1
1537	0
1538	-2
1539	0
1540	-2
1541	0
1542	-1
1543	0
1544	-1
1545	0
1546	0
1547	-1
1548	-1
1549	-1
1550	-1
1551	0
1552	-2
1553	0
1554	-2
1555	0
1556	-2
1557	-1
1558	-3
1559	0
1560	-3
1561	-1
1562	-1
1563	-1
1564	-2
1565	0
1566	-1
1567	0
1568	-1
1569	-1
1570	-3
1571	0
1572	-2
1573	0
1574	-1
1575	0
1576	-1
1577	0
1578	-1
1579	0
1580	-1
1581	0
1582	-1
1583	0
1584	-2
1585	-1
1586	-1
1587	-1
1588	-2
1589	-1
1590	-2
1591	-1
1592	-1
1593	0
1594	-1
1595	0
1596	-1
1597	0
1598	-1
1599	0
1600	0
1601	0
1602	-1
1603	0
1604	0
1605	0
1606	-1
1607	0
1608	0
1609	0
1610	0
1611	0
1612	0
1613	0
1614	0
1615	0
1616	-1
1617	0
1618	0
1619	1
1620	0
1621	0
1622	0
1623	0
1624	0
1625	0
1626	-1
1627	0
1628	0
1629	0
1630	0
1631	1
1632	0
1633	0
1634	0
1635	0
1636	0
1637	0
1638	0
1639	0
1640	-1
1641	0
1642	-1
1643	0
1644	-1
1645	0
1646	0
1647	0
1648	0
1649	0
1650	-1
1651	0
1652	-2
1653	0
1654	-1
1655	0
1656	-2
1657	0
1658	-1
1659	0
1660	-1
1661	0
1662	-1
1663	0
1664	-2
1665	-1
1666	-1
1667	-1
1668	-2
1669	-2
1670	-2
1671	0
1672	-3
1673	0
1674	-2
1675	-1
1676	-2
1677	0
1678	-2
1679	0
1680	-2
1681	0
1682	-1
1683	0
1684	-1
1685	0
1686	-1
1687	0
1688	-1
1689	-1
1690	0
1691	-1
1692	-1
1693	0
1694	-1
1695	0
1696	0
1697	0
1698	-2
1699	0
1700	-1
1701	0
1702	-1
1703	0
1704	-1
1705	0
1706	-1
1707	0
1708	-2
1709	0
1710	-1
1711	0
1712	0
1713	0
1714	-1
1715	0
1716	-1
1717	0
1718	-1
1719	0
1720	0
1721	0
1722	0
1723	0
1724	0
1725	0
1726	0
1727	0
1728	0
1729	0
1730	-1
1731	0
1732	0
1733	0
1734	-1
1735	0
1736	-2
1737	0
1738	-2
1739	0
1740	-1
1741	-1
1742	-1
1743	0
1744	-1
1745	0
1746	-2
1747	-1
1748	-1
1749	-1
1750	-2
1751	-1
1752	-1
1753	0
1754	-1
1755	0
1756	-1
1757	0
1758	-1
1759	0
1760	-1
1761	0
1762	-1
1763	0
1764	-1
1765	0
1766	-1
1767	0
1768	0
1769	0
1770	-1
1771	0
1772	0
1773	0
1774	0
1775	0
1776	-1
1777	0
1778	-1
1779	0
1780	0
1781	0
1782	-1
1783	-1
1784	-2
1785	0
1786	0
1787	0
1788	0
1789	0
1790	0
1791	0
1792	-1
1793	0
1794	0
1795	0
1796	-1
1797	0
1798	0
1799	0
1800	0
1801	0
1802	0
1803	0
1804	-1
1805	0
1806	-1
1807	0
1808	-1
1809	0
1810	-1
1811	-1
1812	-1
1813	0
1814	-1
1815	-1
1816	-1
1817	-1
1818	-1
1819	-1
1820	-2
1821	0
1822	-1
1823	-1
1824	-1
1825	-1
1826	-2
1827	-1
1828	-1
1829	0
1830	-1
1831	0
1832	-1
1833	0
1834	0
1835	0
1836	0
1837	0
1838	-1
1839	0
1840	0
1841	0
1842	0
1843	1
1844	0
1845	0
1846	0
1847	0
1848	0
1849	1
1850	0
1851	0
1852	0
1853	0
1854	0
1855	0
1856	0
1857	1
1858	0
1859	0
1860	0
1861	0
1862	0
1863	0
1864	-1
1865	0
1866	-1
1867	0
1868	-1
1869	-1
1870	-2
1871	-1
1872	-2
1873	-1
1874	-3
1875	-1
1876	-3
1877	-2
1878	-3
1879	-2
1880	-3
1881	-2
1882	-3
1883	-2
1884	-2
1885	-2
1886	-2
1887	0
1888	-2
1889	0
1890	-1
1891	0
1892	-1
1893	-1
1894	-1
1895	0
1896	-1
1897	-1
1898	-1
1899	0
1900	-1
1901	0
1902	-2
1903	0
1904	-1
1905	0
1906	0
1907	0
1908	-1
1909	0
1910	0
1911	0
1912	-1
1913	0
1914	-2
1915	0
1916	-1
1917	0
1918	-2
1919	0
1920	-2
1921	0
1922	-1
1923	0
1924	0
1925	0
1926	-1
1927	0
1928	-1
1929	0
1930	-2
1931	0
1932	-1
1933	0
1934	-1
1935	0
1936	0
1937	0
1938	0
1939	0
1940	0
1941	0
1942	0
1943	0
1944	-1
1945	0
1946	-1
1947	0
1948	0
1949	0
1950	0
1951	1
1952	0
1953	1
1954	0
1955	0
1956	0
1957	0
1958	0
1959	0
1960	-2
1961	0
1962	-1
1963	0
1964	0
1965	0
1966	0
1967	0
1968	-2
1969	0
1970	0
1971	0
1972	0
1973	0
1974	-1
1975	0
1976	0
1977	0
1978	0
1979	0
1980	0
1981	0
1982	-1
1983	0
1984	0
1985	0
1986	-1
1987	0
1988	-1
1989	0
1990	-1
1991	0
1992	0
1993	0
1994	0
1995	0
1996	-1
1997	-1
1998	-1
1999	-2
