0	0
1	-1
2	0
3	0
4	0
5	0
6	0
7	0
8	0
9	0
10	0
11	0
12	0
13	0
14	0
15	1
16	0
17	0
18	0
19	0
20	0
21	0
22	0
23	1
24	0
25	0
26	0
27	0
28	0
29	0
30	0
31	0
32	0
33	0
34	0
35	0
36	0
37	0
38	0
39	0
40	0
41	0
42	0
43	0
44	0
45	0
46	0
47	0
48	0
49	0
50	0
51	0
52	0
53	0
54	0
55	0
56	0
57	0
58	0
59	0
60	0
61	0
62	0
63	0
64	0
65	1
66	1
67	0
68	0
69	0
70	0
71	0
72	0
73	0
74	0
75	0
76	0
77	0
78	0
79	0
80	0
81	0
82	0
83	0
84	-1
85	0
86	0
87	0
88	-1
89	0
90	-1
91	0
92	0
93	0
94	0
95	0
96	0
97	0
98	0
99	0
100	0
101	0
102	0
103	0
104	0
105	0
106	0
107	2
108	0
109	0
110	0
111	0
112	0
113	0
114	0
115	0
116	0
117	0
118	0
119	0
120	0
121	0
122	0
123	0
124	0
125	0
126	0
127	0
128	0
129	0
130	0
131	0
132	-1
133	0
134	0
135	0
136	0
137	0
138	-1
139	0
140	0
141	0
142	0
143	0
144	0
145	0
146	0
147	0
148	0
149	0
150	0
151	0
152	0
153	0
154	0
155	2
156	0
157	0
158	0
159	0
160	0
161	1
162	0
163	1
164	0
165	1
166	0
167	1
168	0
169	0
170	0
171	1
172	0
173	0
174	1
175	0
176	1
177	0
178	0
179	0
180	0
181	1
182	0
183	0
184	0
185	0
186	0
187	0
188	-1
189	0
190	-1
191	0
192	-1
193	0
194	0
195	0
196	0
197	0
198	0
199	0
200	0
201	0
202	0
203	0
204	-1
205	0
206	0
207	0
208	0
209	0
210	0
211	0
212	0
213	0
214	0
215	0
216	-1
217	0
218	0
219	0
220	0
221	0
222	0
223	0
224	0
225	0
226	0
227	0
228	0
229	0
230	0
231	1
232	0
233	0
234	0
235	0
236	0
237	0
238	0
239	0
240	0
241	0
242	0
243	0
244	0
245	0
246	0
247	0
248	0
249	0
250	0
251	0
252	0
253	0
254	0
255	0
256	0
257	0
258	-1
259	0
260	0
261	0
262	0
263	0
264	0
265	0
266	0
267	0
268	0
269	0
270	0
271	0
272	0
273	1
274	0
275	0
276	1
277	1
278	1
279	2
280	0
281	2
282	0
283	1
284	1
285	1
286	0
287	0
288	0
289	0
290	0
291	0
292	0
293	0
294	0
295	0
296	0
297	0
298	0
299	0
300	-1
301	0
302	-1
303	0
304	0
305	0
306	-1
307	0
308	-1
309	0
310	-1
311	0
312	0
313	0
314	0
315	0
316	0
317	1
318	0
319	1
320	0
321	1
322	0
323	1
324	0
325	1
326	0
327	2
328	0
329	1
330	0
331	1
332	0
333	1
334	-1
335	0
336	0
337	0
338	-1
339	0
340	-1
341	0
342	-1
343	0
344	-2
345	0
346	-1
347	-1
348	-2
349	0
350	-1
351	-1
352	-1
353	0
354	-1
355	-1
356	-1
357	0
358	0
359	0
360	0
361	1
362	0
363	0
364	0
365	0
366	0
367	0
368	0
369	0
370	0
371	0
372	0
373	1
374	0
375	0
376	0
377	1
378	0
379	0
380	0
381	0
382	0
383	0
384	0
385	1
386	0
387	1
388	0
389	0
390	0
391	0
392	0
393	0
394	0
395	0
396	0
397	0
398	0
399	1
400	0
401	1
402	0
403	1
404	0
405	0
406	0
407	0
408	0
409	0
410	0
411	0
412	0
413	0
414	0
415	0
416	0
417	0
418	-1
419	0
420	0
421	0
422	0
423	0
424	0
425	0
426	0
427	0
428	0
429	1
430	0
431	3
432	2
433	5
434	4
435	9
436	8
437	12
438	13
439	19
440	21
441	25
442	27
443	33
444	33
445	40
446	41
447	47
448	50
449	56
450	57
451	61
452	65
453	69
454	71
455	76
456	77
457	80
458	84
459	87
460	88
461	93
462	92
463	97
464	96
465	100
466	97
467	101
468	100
469	102
470	102
471	104
472	102
473	105
474	101
475	104
476	101
477	101
478	98
479	102
480	98
481	99
482	95
483	97
484	92
485	94
486	90
487	90
488	87
489	87
490	85
491	85
492	81
493	82
494	75
495	77
496	75
497	76
498	76
499	78
500	62
501	67
502	64
503	65
504	63
505	64
506	58
507	56
508	53
509	55
510	52
511	53
512	49
513	48
514	45
515	44
516	41
517	42
518	39
519	39
520	36
521	38
522	32
523	33
524	30
525	31
526	27
527	28
528	26
529	27
530	23
531	25
532	22
533	23
534	19
535	22
536	17
537	18
538	15
539	16
540	13
541	15
542	11
543	12
544	9
545	10
546	8
547	8
548	7
549	7
550	5
551	6
552	4
553	5
554	4
555	4
556	3
557	2
558	1
559	3
560	0
561	2
562	0
563	0
564	-1
565	0
566	0
567	-2
568	-3
569	-1
570	-3
571	-1
572	-4
573	0
574	-5
575	0
576	-3
577	-2
578	-3
579	0
580	-4
581	-2
582	-4
583	-3
584	-5
585	-2
586	-5
587	-3
588	-6
589	-4
590	-7
591	-3
592	-7
593	-6
594	-8
595	-5
596	-9
597	-6
598	-8
599	-6
600	-7
601	-7
602	-8
603	-6
604	-8
605	-4
606	-10
607	-7
608	-10
609	-7
610	-8
611	-4
612	-8
613	-4
614	-7
615	-4
616	-5
617	-6
618	-5
619	-4
620	-5
621	-3
622	-5
623	-3
624	-4
625	-4
626	-5
627	-4
628	-4
629	-3
630	-4
631	-1
632	-5
633	-2
634	-6
635	-3
636	-4
637	-2
638	-5
639	-4
640	-6
641	-3
642	-6
643	-3
644	-5
645	-3
646	-6
647	-6
648	-6
649	-4
650	-6
651	-4
652	-5
653	-4
654	-6
655	-4
656	-4
657	-4
658	-5
659	-1
660	-4
661	-1
662	-4
663	-2
664	-4
665	-2
666	-4
667	-1
668	-4
669	-2
670	-4
671	0
672	-4
673	0
674	-4
675	-2
676	-4
677	-2
678	-2
679	-1
680	-2
681	-2
682	-3
683	-2
684	-3
685	-2
686	-3
687	-1
688	-3
689	-1
690	-4
691	-2
692	-3
693	-4
694	-5
695	-3
696	-4
697	-2
698	-5
699	-2
700	-4
701	-3
702	-4
703	-2
704	-4
705	-3
706	-4
707	-3
708	-4
709	-3
710	-5
711	-1
712	-4
713	-2
714	-5
715	-3
716	-5
717	-2
718	-4
719	-3
720	-4
721	-1
722	-4
723	-1
724	-3
725	-3
726	-4
727	-1
728	-3
729	-2
730	-3
731	-2
732	-4
733	-3
734	-4
735	-2
736	-3
737	-2
738	-5
739	-3
740	-4
741	-3
742	-5
743	-3
744	-6
745	-3
746	-5
747	-2
748	-4
749	-3
750	-4
751	-3
752	-3
753	-3
754	-4
755	-3
756	-4
757	-3
758	-4
759	-2
760	-2
761	-2
762	-4
763	-3
764	-4
765	-2
766	-4
767	-3
768	-4
769	-1
770	-3
771	-3
772	-4
773	-3
774	-2
775	-3
776	-4
777	-3
778	-4
779	-1
780	-4
781	-1
782	-4
783	-2
784	-4
785	-3
786	-4
787	-1
788	-4
789	-2
790	-4
791	-3
792	-4
793	-3
794	-4
795	-3
796	-5
797	-3
798	-4
799	-2
800	-3
801	-3
802	-4
803	-3
804	-6
805	-3
806	-5
807	-3
808	-6
809	-3
810	-7
811	-3
812	-4
813	-3
814	-4
815	-4
816	-4
817	-2
818	-4
819	-2
820	-4
821	-2
822	-5
823	-4
824	-5
825	-3
826	-6
827	-2
828	-6
829	-4
830	-5
831	-4
832	-4
833	-3
834	-5
835	-4
836	-5
837	-2
838	-6
839	-3
840	-5
841	-4
842	-6
843	-4
844	-6
845	-3
846	-4
847	-3
848	-5
849	-4
850	-4
851	-3
852	-4
853	-2
854	-4
855	-2
856	-4
857	-2
858	-5
859	-3
860	-4
861	-1
862	-3
863	-1
864	-3
865	-1
866	-4
867	0
868	-4
869	0
870	-3
871	-1
872	-2
873	-1
874	-3
875	-1
876	-1
877	0
878	-1
879	-1
880	-2
881	0
882	-2
883	-1
884	-2
885	-1
886	-1
887	0
888	0
889	0
890	-2
891	0
892	-1
893	0
894	-2
895	0
896	-1
897	0
898	-2
899	0
900	-2
901	0
902	-2
903	0
904	-3
905	0
906	-2
907	0
908	0
909	0
910	-1
911	0
912	-3
913	0
914	-3
915	0
916	-3
917	0
918	-2
919	0
920	-1
921	0
922	-1
923	0
924	-1
925	0
926	-1
927	0
928	-4
929	0
930	-2
931	-1
932	-3
933	0
934	-2
935	-1
936	-4
937	-1
938	-4
939	-2
940	-4
941	-1
942	-5
943	-3
944	-4
945	-3
946	-4
947	0
948	-3
949	-1
950	-2
951	-1
952	-1
953	-1
954	-2
955	-1
956	-2
957	0
958	-2
959	0
960	-1
961	0
962	-3
963	0
964	-2
965	0
966	-1
967	1
968	0
969	0
970	-1
971	0
972	-1
973	-1
974	-1
975	0
976	-3
977	0
978	-2
979	0
980	-3
981	0
982	-3
983	-1
984	-3
985	-1
986	-3
987	-1
988	-3
989	0
990	-3
991	-2
992	-4
993	-2
994	-3
995	-3
996	-3
997	-2
998	-3
999	-2
1000	-3
1001	-1
1002	-3
1003	-1
1004	-3
1005	0
1006	-3
1007	-2
1008	-4
1009	-2
1010	-4
1011	-2
1012	-4
1013	-3
1014	-3
1015	-4
1016	-3
1017	-3
1018	-4
1019	-1
1020	-5
1021	-2
1022	-4
1023	-3
1024	-4
1025	-3
1026	-3
1027	-1
1028	-3
1029	-3
1030	-4
1031	-4
1032	-6
1033	-3
1034	-5
1035	-2
1036	-3
1037	-1
1038	-3
1039	-2
1040	-3
1041	-2
1042	-3
1043	-2
1044	-3
1045	-2
1046	-3
1047	-2
1048	-4
1049	-3
1050	-4
1051	-2
1052	-3
1053	-2
1054	-4
1055	-3
1056	-3
1057	-3
1058	-3
1059	-2
1060	-3
1061	-2
1062	-3
1063	-3
1064	-4
1065	-2
1066	-4
1067	-2
1068	-5
1069	-2
1070	-5
1071	-4
1072	-4
1073	-4
1074	-4
1075	-3
1076	-6
1077	-3
1078	-5
1079	-3
1080	-5
1081	-4
1082	-5
1083	-2
1084	-5
1085	-4
1086	-5
1087	-3
1088	-5
1089	-3
1090	-4
1091	-4
1092	-4
1093	-4
1094	-4
1095	-4
1096	-4
1097	-3
1098	-5
1099	-4
1100	-5
1101	-3
1102	-5
1103	-4
1104	-5
1105	-3
1106	-4
1107	-2
1108	-6
1109	-2
1110	-4
1111	-3
1112	-4
1113	-5
1114	-4
1115	-3
1116	-4
1117	-2
1118	-4
1119	-3
1120	-5
1121	-3
1122	-3
1123	-3
1124	-4
1125	-2
1126	-5
1127	-3
1128	-5
1129	-3
1130	-6
1131	-3
1132	-4
1133	-2
1134	-5
1135	-2
1136	-3
1137	-2
1138	-3
1139	-2
1140	-2
1141	-2
1142	-2
1143	-2
1144	-4
1145	-1
1146	-2
1147	-1
1148	-1
1149	-2
1150	-2
1151	0
1152	-3
1153	0
1154	0
1155	0
1156	-2
1157	0
1158	0
1159	1
1160	-1
1161	0
1162	0
1163	0
1164	0
1165	0
1166	0
1167	0
1168	0
1169	0
1170	0
1171	1
1172	-1
1173	0
1174	0
1175	0
1176	0
1177	0
1178	0
1179	0
1180	-1
1181	1
1182	-1
1183	1
1184	0
1185	0
1186	-1
1187	0
1188	-2
1189	-1
1190	-1
1191	-1
1192	-1
1193	0
1194	-1
1195	0
1196	-1
1197	0
1198	-1
1199	0
1200	-2
1201	0
1202	-2
1203	0
1204	-1
1205	-1
1206	-3
1207	0
1208	-2
1209	-1
1210	-2
1211	-1
1212	-1
1213	-2
1214	-1
1215	0
1216	-1
1217	0
1218	-2
1219	-1
1220	-1
1221	0
1222	-1
1223	-1
1224	-2
1225	0
1226	-1
1227	0
1228	-1
1229	0
1230	-1
1231	-1
1232	-2
1233	-2
1234	-2
1235	0
1236	0
1237	0
1238	-2
1239	0
1240	-4
1241	-1
1242	-2
1243	-1
1244	-2
1245	-2
1246	-3
1247	-1
1248	-2
1249	-2
1250	-3
1251	-2
1252	-2
1253	0
1254	-3
1255	-2
1256	-4
1257	-2
1258	-4
1259	-1
1260	-3
1261	-2
1262	-4
1263	-2
1264	-4
1265	-3
1266	-4
1267	-3
1268	-4
1269	-2
1270	-4
1271	-1
1272	-5
1273	-1
1274	-3
1275	-2
1276	-4
1277	-1
1278	-2
1279	-1
1280	-3
1281	-2
1282	-4
1283	-2
1284	-4
1285	-2
1286	-4
1287	-3
1288	-3
1289	-2
1290	-2
1291	-1
1292	-1
1293	-1
1294	-3
1295	-1
1296	-3
1297	-1
1298	-3
1299	-1
1300	-3
1301	-1
1302	-3
1303	-1
1304	-3
1305	-1
1306	-3
1307	-1
1308	-2
1309	-2
1310	-2
1311	-1
1312	-3
1313	0
1314	-3
1315	-1
1316	-2
1317	-1
1318	-1
1319	-1
1320	-1
1321	0
1322	0
1323	0
1324	-1
1325	0
1326	-2
1327	0
1328	-1
1329	0
1330	-1
1331	1
1332	-1
1333	0
1334	0
1335	0
1336	0
1337	1
1338	0
1339	1
1340	0
1341	0
1342	-1
1343	0
1344	-2
1345	0
1346	-2
1347	0
1348	0
1349	0
1350	-1
1351	0
1352	-1
1353	0
1354	0
1355	-1
1356	-2
1357	-1
1358	-4
1359	-1
1360	-2
1361	-1
1362	-1
1363	-1
1364	-3
1365	-1
1366	-2
1367	-1
1368	-2
1369	-2
1370	-2
1371	-2
1372	-3
1373	0
1374	-2
1375	-1
1376	-2
1377	-1
1378	0
1379	-1
1380	-1
1381	-1
1382	-1
1383	0
1384	-2
1385	0
1386	-2
1387	-1
1388	-2
1389	0
1390	-1
1391	-1
1392	0
1393	0
1394	-1
1395	0
1396	-1
1397	0
1398	-2
1399	0
1400	-1
1401	0
1402	-1
1403	0
1404	-1
1405	0
1406	-1
1407	0
1408	-1
1409	0
1410	-2
1411	0
1412	-2
1413	0
1414	-2
1415	0
1416	0
1417	0
1418	-2
1419	0
1420	-1
1421	0
1422	-3
1423	0
1424	-3
1425	0
1426	-4
1427	-1
1428	-3
1429	-1
1430	-1
1431	0
1432	0
1433	0
1434	-1
1435	0
1436	-2
1437	0
1438	-1
1439	0
1440	-1
1441	0
1442	-1
1443	0
1444	-1
1445	0
1446	-2
1447	0
1448	-1
1449	0
1450	-2
1451	-1
1452	-2
1453	-1
1454	-2
1455	-2
1456	-3
1457	-2
1458	-3
1459	-2
1460	-3
1461	-2
1462	-4
1463	0
1464	-2
1465	-2
1466	-4
1467	-3
1468	-3
1469	-2
1470	-3
1471	-1
1472	-4
1473	0
1474	-2
1475	-2
1476	-2
1477	-2
1478	-2
1479	0
1480	-3
1481	0
1482	-3
1483	-1
1484	-2
1485	-1
1486	-3
1487	-1
1488	-3
1489	0
1490	-2
1491	-1
1492	-3
1493	-1
1494	-2
1495	-1
1496	-1
1497	-1
1498	-3
1499	-1
1500	-1
1501	-1
1502	-2
1503	-1
1504	-2
1505	-1
1506	-3
1507	-2
1508	-2
1509	-2
1510	-2
1511	-1
1512	0
1513	-1
1514	-1
1515	0
1516	-1
1517	0
1518	-2
1519	0
1520	-2
1521	0
1522	-3
1523	0
1524	-2
1525	-2
1526	-3
1527	-3
1528	-3
1529	-2
1530	-4
1531	-2
1532	-4
1533	-3
1534	-4
1535	-3
1536	-4
1537	-4
1538	-4
1539	-2
1540	-3
1541	-2
1542	-4
1543	-3
1544	-3
1545	-3
1546	-5
1547	-3
1548	-3
1549	-2
1550	-4
1551	-2
1552	-5
1553	-3
1554	-4
1555	-2
1556	-3
1557	-2
1558	-2
1559	-2
1560	-3
1561	-1
1562	-3
1563	-2
1564	-3
1565	-1
1566	-2
1567	-1
1568	-4
1569	-2
1570	-3
1571	-1
1572	-2
1573	-1
1574	-3
1575	-2
1576	-3
1577	-2
1578	-2
1579	0
1580	-2
1581	0
1582	-2
1583	-1
1584	-3
1585	-2
1586	-3
1587	-2
1588	-2
1589	-1
1590	-2
1591	-1
1592	-2
1593	-1
1594	-3
1595	-1
1596	-3
1597	-2
1598	-2
1599	-1
1600	-2
1601	-1
1602	-1
1603	-1
1604	-3
1605	0
1606	-1
1607	0
1608	-2
1609	0
1610	-1
1611	0
1612	-1
1613	0
1614	0
1615	0
1616	-2
1617	0
1618	0
1619	0
1620	0
1621	0
1622	0
1623	-1
1624	-1
1625	0
1626	0
1627	0
1628	-2
1629	-1
1630	-2
1631	-1
1632	-4
1633	-1
1634	-4
1635	-1
1636	-3
1637	-2
1638	-4
1639	-2
1640	-3
1641	-3
1642	-3
1643	-3
1644	-4
1645	-2
1646	-4
1647	-4
1648	-4
1649	-1
1650	-3
1651	-2
1652	-3
1653	-2
1654	-3
1655	-2
1656	-2
1657	-1
1658	-3
1659	-2
1660	-2
1661	-1
1662	-3
1663	0
1664	-1
1665	-1
1666	-1
1667	-2
1668	-1
1669	-1
1670	0
1671	-1
1672	-1
1673	-1
1674	-1
1675	-2
1676	-2
1677	-1
1678	-3
1679	0
1680	-5
1681	-1
1682	-4
1683	-2
1684	-4
1685	-2
1686	-3
1687	-2
1688	-3
1689	-1
1690	-4
1691	-2
1692	-4
1693	-2
1694	-3
1695	-2
1696	-3
1697	-2
1698	-3
1699	-1
1700	-4
1701	-1
1702	-3
1703	-2
1704	-2
1705	-1
1706	-2
1707	0
1708	-2
1709	0
1710	-1
1711	-1
1712	-2
1713	0
1714	-1
1715	0
1716	0
1717	0
1718	-1
1719	0
1720	0
1721	-1
1722	-1
1723	0
1724	0
1725	-1
1726	0
1727	0
1728	-1
1729	0
1730	-2
1731	0
1732	-4
1733	0
1734	-2
1735	-1
1736	-3
1737	-1
1738	-1
1739	-1
1740	-2
1741	-1
1742	-2
1743	-2
1744	-3
1745	-1
1746	-3
1747	-2
1748	-2
1749	-2
1750	-1
1751	-1
1752	-3
1753	0
1754	-2
1755	-1
1756	-1
1757	0
1758	-2
1759	0
1760	-1
1761	0
1762	-1
1763	0
1764	-2
1765	0
1766	0
1767	0
1768	-1
1769	0
1770	0
1771	0
1772	0
1773	-1
1774	-1
1775	-1
1776	-1
1777	-1
1778	-2
1779	-1
1780	-2
1781	-1
1782	-3
1783	-2
1784	-3
1785	-2
1786	-3
1787	-2
1788	-2
1789	-1
1790	-2
1791	0
1792	-3
1793	-1
1794	-2
1795	0
1796	-3
1797	-2
1798	-3
1799	0
1800	-3
1801	-2
1802	-1
1803	-1
1804	-1
1805	0
1806	-2
1807	0
1808	-2
1809	0
1810	-1
1811	0
1812	0
1813	0
1814	-1
1815	0
1816	0
1817	0
1818	-1
1819	0
1820	-2
1821	0
1822	-2
1823	-1
1824	-1
1825	0
1826	-1
1827	0
1828	-2
1829	0
1830	0
1831	0
1832	-2
1833	0
1834	-2
1835	-1
1836	-2
1837	-1
1838	-2
1839	0
1840	-2
1841	0
1842	-1
1843	0
1844	-1
1845	0
1846	0
1847	0
1848	-1
1849	0
1850	-1
1851	0
1852	0
1853	0
1854	0
1855	0
1856	-1
1857	0
1858	-1
1859	0
1860	-1
1861	0
1862	-1
1863	-1
1864	-2
1865	-1
1866	-1
1867	0
1868	0
1869	0
1870	-1
1871	0
1872	-1
1873	0
1874	-1
1875	0
1876	-1
1877	0
1878	-1
1879	0
1880	-1
1881	0
1882	0
1883	0
1884	0
1885	0
1886	0
1887	0
1888	-1
1889	0
1890	-1
1891	0
1892	-1
1893	0
1894	0
1895	-1
1896	-1
1897	0
1898	-1
1899	-1
1900	-2
1901	0
1902	-1
1903	0
1904	-1
1905	-1
1906	-2
1907	-1
1908	-1
1909	-1
1910	-2
1911	-2
1912	-2
1913	-2
1914	-1
1915	-1
1916	-2
1917	-1
1918	-2
1919	0
1920	-3
1921	-1
1922	-3
1923	-1
1924	-2
1925	-2
1926	-2
1927	-2
1928	-2
1929	-2
1930	-2
1931	-1
1932	-2
1933	-2
1934	-3
1935	0
1936	-2
1937	-2
1938	-2
1939	0
1940	-2
1941	0
1942	-1
1943	0
1944	-2
1945	0
1946	-1
1947	0
1948	-2
1949	0
1950	0
1951	0
1952	0
1953	0
1954	0
1955	0
1956	0
1957	0
1958	0
1959	0
1960	0
1961	0
1962	-1
1963	1
1964	-1
1965	0
1966	-1
1967	0
1968	-1
1969	-1
1970	-2
1971	0
1972	-1
1973	-1
1974	-2
1975	-1
1976	-2
1977	-1
1978	-2
1979	0
1980	-3
1981	-1
1982	-2
1983	0
1984	-2
1985	-1
1986	-1
1987	0
1988	-2
1989	0
1990	-1
1991	0
1992	-1
1993	0
1994	-2
1995	-1
1996	-2
1997	0
1998	-1
1999	0
