0	0
1	0
2	0
3	0
4	0
5	0
6	0
7	0
8	0
9	0
10	0
11	0
12	0
13	0
14	0
15	0
16	0
17	0
18	0
19	0
20	0
21	0
22	0
23	0
24	0
25	0
26	0
27	0
28	0
29	0
30	0
31	0
32	0
33	0
34	0
35	0
36	0
37	0
38	0
39	0
40	0
41	0
42	0
43	0
44	0
45	0
46	-1
47	0
48	0
49	0
50	-1
51	0
52	0
53	0
54	0
55	0
56	0
57	0
58	0
59	0
60	0
61	0
62	-1
63	0
64	0
65	0
66	0
67	0
68	0
69	0
70	0
71	0
72	0
73	0
74	0
75	0
76	0
77	0
78	0
79	2
80	0
81	0
82	0
83	0
84	0
85	0
86	0
87	0
88	0
89	0
90	0
91	0
92	0
93	0
94	-1
95	0
96	0
97	0
98	0
99	0
100	0
101	0
102	0
103	0
104	0
105	0
106	0
107	0
108	0
109	0
110	0
111	0
112	0
113	0
114	0
115	0
116	-1
117	0
118	0
119	0
120	0
121	0
122	0
123	0
124	0
125	0
126	0
127	0
128	0
129	0
130	0
131	0
132	0
133	0
134	-1
135	0
136	0
137	0
138	0
139	0
140	0
141	0
142	0
143	0
144	0
145	0
146	0
147	0
148	0
149	0
150	0
151	0
152	0
153	0
154	0
155	0
156	0
157	0
158	0
159	0
160	0
161	0
162	0
163	0
164	0
165	0
166	0
167	1
168	0
169	0
170	0
171	1
172	0
173	0
174	0
175	0
176	0
177	1
178	0
179	0
180	0
181	0
182	0
183	1
184	0
185	0
186	0
187	0
188	0
189	0
190	0
191	0
192	-1
193	0
194	-1
195	0
196	0
197	0
198	0
199	0
200	0
201	0
202	0
203	0
204	0
205	0
206	-1
207	0
208	0
209	0
210	0
211	1
212	-1
213	0
214	0
215	0
216	-1
217	0
218	0
219	0
220	0
221	0
222	0
223	1
224	0
225	0
226	0
227	0
228	0
229	0
230	0
231	0
232	0
233	0
234	0
235	0
236	0
237	0
238	0
239	0
240	0
241	1
242	0
243	1
244	0
245	0
246	0
247	0
248	0
249	0
250	0
251	0
252	0
253	0
254	0
255	0
256	0
257	0
258	0
259	0
260	0
261	0
262	0
263	0
264	0
265	0
266	0
267	0
268	0
269	0
270	0
271	0
272	0
273	0
274	0
275	0
276	0
277	0
278	0
279	0
280	0
281	0
282	0
283	0
284	0
285	0
286	0
287	0
288	0
289	0
290	0
291	0
292	0
293	0
294	0
295	0
296	0
297	0
298	0
299	0
300	0
301	0
302	-1
303	0
304	0
305	0
306	-1
307	0
308	0
309	0
310	-1
311	0
312	-1
313	0
314	0
315	0
316	0
317	0
318	0
319	0
320	0
321	0
322	-1
323	0
324	-1
325	0
326	0
327	1
328	0
329	1
330	0
331	1
332	0
333	1
334	0
335	1
336	0
337	2
338	0
339	1
340	0
341	1
342	0
343	0
344	0
345	1
346	0
347	0
348	0
349	0
350	0
351	0
352	-1
353	0
354	-1
355	0
356	0
357	1
358	0
359	0
360	0
361	0
362	0
363	0
364	0
365	0
366	0
367	0
368	0
369	0
370	0
371	0
372	0
373	0
374	0
375	0
376	0
377	0
378	0
379	0
380	0
381	1
382	0
383	1
384	0
385	1
386	-1
387	0
388	0
389	1
390	-1
391	0
392	0
393	0
394	0
395	0
396	-1
397	0
398	-1
399	0
400	0
401	0
402	-1
403	0
404	0
405	-1
406	-1
407	0
408	-1
409	0
410	0
411	0
412	0
413	0
414	0
415	0
416	0
417	0
418	0
419	0
420	0
421	0
422	0
423	0
424	0
425	0
426	0
427	0
428	0
429	0
430	0
431	0
432	0
433	1
434	0
435	0
436	0
437	2
438	2
439	4
440	4
441	6
442	7
443	11
444	12
445	16
446	15
447	20
448	19
449	24
450	26
451	29
452	31
453	38
454	36
455	41
456	44
457	49
458	50
459	52
460	53
461	58
462	60
463	63
464	63
465	67
466	66
467	69
468	69
469	74
470	74
471	76
472	75
473	77
474	77
475	79
476	77
477	80
478	78
479	81
480	80
481	80
482	80
483	80
484	79
485	81
486	79
487	80
488	76
489	79
490	76
491	78
492	76
493	75
494	74
495	75
496	74
497	75
498	75
499	78
500	62
501	71
502	67
503	67
504	66
505	67
506	64
507	64
508	61
509	63
510	57
511	59
512	56
513	56
514	54
515	54
516	50
517	50
518	46
519	48
520	45
521	44
522	42
523	42
524	42
525	40
526	37
527	38
528	33
529	35
530	30
531	33
532	28
533	29
534	27
535	27
536	26
537	26
538	24
539	26
540	23
541	22
542	20
543	21
544	16
545	17
546	14
547	17
548	12
549	15
550	11
551	12
552	10
553	11
554	8
555	10
556	7
557	9
558	7
559	7
560	6
561	6
562	5
563	6
564	4
565	4
566	4
567	4
568	2
569	3
570	2
571	3
572	1
573	3
574	0
575	2
576	0
577	0
578	0
579	0
580	-1
581	0
582	0
583	0
584	-1
585	0
586	-2
587	0
588	-2
589	1
590	-2
591	0
592	-1
593	0
594	-2
595	-1
596	-3
597	-2
598	-3
599	-1
600	-1
601	-1
602	-2
603	0
604	-3
605	-1
606	-1
607	-2
608	-2
609	-1
610	-2
611	-2
612	-2
613	-3
614	-5
615	-2
616	-4
617	-2
618	-3
619	-3
620	-5
621	-2
622	-4
623	-3
624	-4
625	-4
626	-5
627	-3
628	-6
629	-3
630	-5
631	-1
632	-4
633	-2
634	-4
635	-1
636	-4
637	0
638	-3
639	-1
640	-4
641	-2
642	-4
643	0
644	-4
645	-1
646	-2
647	0
648	-2
649	0
650	-3
651	-1
652	-2
653	0
654	-4
655	-1
656	-2
657	-2
658	-3
659	-1
660	-2
661	-2
662	-3
663	-2
664	-4
665	-2
666	-3
667	-1
668	-3
669	-2
670	-3
671	-2
672	-5
673	-3
674	-4
675	-2
676	-4
677	-2
678	-4
679	-1
680	-4
681	-2
682	-3
683	-1
684	-3
685	-2
686	-2
687	0
688	-2
689	-1
690	-2
691	-1
692	-1
693	0
694	-1
695	0
696	-1
697	0
698	-1
699	0
700	0
701	0
702	-1
703	0
704	-2
705	0
706	-2
707	-1
708	-2
709	-1
710	-1
711	-1
712	-2
713	0
714	-3
715	0
716	-1
717	0
718	-3
719	0
720	-3
721	0
722	-2
723	-1
724	-2
725	0
726	-3
727	0
728	-3
729	-1
730	-3
731	0
732	-3
733	0
734	-3
735	-1
736	-3
737	-1
738	-2
739	-1
740	-1
741	-1
742	-2
743	-2
744	-2
745	-1
746	-2
747	-1
748	-2
749	-1
750	-2
751	-2
752	-3
753	-1
754	-4
755	-3
756	-5
757	-2
758	-4
759	-2
760	-4
761	-2
762	-4
763	-2
764	-4
765	-1
766	-4
767	-1
768	-4
769	-2
770	-3
771	-1
772	-3
773	-1
774	-4
775	-1
776	-2
777	0
778	-2
779	-1
780	-2
781	-1
782	-2
783	-1
784	-3
785	-1
786	-3
787	-1
788	-3
789	-2
790	-4
791	-1
792	-4
793	-1
794	-3
795	-1
796	-3
797	-2
798	-4
799	-3
800	-4
801	-2
802	-3
803	-3
804	-4
805	-3
806	-4
807	-2
808	-3
809	-3
810	-3
811	-3
812	-4
813	-1
814	-4
815	-1
816	-4
817	-2
818	-5
819	-1
820	-4
821	-2
822	-3
823	-1
824	-2
825	-1
826	-1
827	-1
828	-2
829	0
830	-3
831	0
832	-2
833	0
834	-2
835	-2
836	-2
837	-3
838	-3
839	0
840	-5
841	-1
842	-4
843	-2
844	-2
845	-1
846	-3
847	-2
848	-2
849	-2
850	-3
851	-2
852	-5
853	-3
854	-3
855	-1
856	-4
857	-2
858	-4
859	-1
860	-4
861	-2
862	-5
863	-2
864	-3
865	-3
866	-4
867	-1
868	-3
869	0
870	-3
871	-2
872	-3
873	-2
874	-2
875	-2
876	-3
877	-1
878	-3
879	-2
880	-2
881	-1
882	-2
883	-1
884	-4
885	-1
886	-3
887	-2
888	-3
889	-1
890	-3
891	-3
892	-3
893	-2
894	-2
895	-2
896	-4
897	-1
898	-2
899	0
900	-4
901	-2
902	-3
903	-2
904	-3
905	-2
906	-3
907	-2
908	-3
909	-2
910	-4
911	-2
912	-3
913	-2
914	-2
915	-2
916	-2
917	-2
918	-2
919	-1
920	-4
921	-1
922	-4
923	-1
924	-4
925	-2
926	-4
927	-2
928	-3
929	-2
930	-2
931	-2
932	-3
933	-2
934	-2
935	-2
936	-3
937	-1
938	-3
939	-2
940	-5
941	-1
942	-3
943	-2
944	-4
945	-2
946	-2
947	-4
948	-3
949	-4
950	-4
951	-2
952	-4
953	-3
954	-4
955	-1
956	-4
957	-1
958	-4
959	-1
960	-3
961	-2
962	-4
963	-4
964	-4
965	-2
966	-4
967	-1
968	-3
969	-2
970	-3
971	-1
972	-4
973	-1
974	-3
975	-1
976	-3
977	-1
978	-3
979	-1
980	-3
981	-1
982	-2
983	0
984	-3
985	-2
986	-4
987	-1
988	-2
989	-2
990	-3
991	-1
992	-3
993	-1
994	-4
995	-1
996	-5
997	-3
998	-3
999	-1
1000	-4
1001	-2
1002	-3
1003	-1
1004	-4
1005	-2
1006	-5
1007	-1
1008	-4
1009	-1
1010	-3
1011	-2
1012	-4
1013	-2
1014	-3
1015	-3
1016	-4
1017	-3
1018	-3
1019	-2
1020	-5
1021	-2
1022	-4
1023	-2
1024	-4
1025	-1
1026	-3
1027	-1
1028	-4
1029	-1
1030	-3
1031	-1
1032	-4
1033	-2
1034	-4
1035	-1
1036	-2
1037	-1
1038	-2
1039	0
1040	-3
1041	-1
1042	-4
1043	-1
1044	-3
1045	-1
1046	-3
1047	-1
1048	-4
1049	-2
1050	-2
1051	0
1052	-1
1053	-1
1054	-3
1055	0
1056	-3
1057	-1
1058	-2
1059	-1
1060	-4
1061	-1
1062	-3
1063	-2
1064	-3
1065	-2
1066	-3
1067	-1
1068	-4
1069	-1
1070	-3
1071	-2
1072	-4
1073	-2
1074	-4
1075	-3
1076	-3
1077	-3
1078	-3
1079	-2
1080	-4
1081	-1
1082	-4
1083	0
1084	-4
1085	-2
1086	-3
1087	-1
1088	-3
1089	-1
1090	-3
1091	-2
1092	-3
1093	0
1094	-3
1095	-1
1096	-3
1097	-2
1098	-2
1099	-1
1100	-3
1101	-2
1102	-3
1103	-2
1104	-3
1105	-1
1106	-3
1107	-2
1108	-4
1109	-1
1110	-2
1111	-1
1112	-2
1113	-1
1114	-1
1115	-2
1116	-4
1117	-2
1118	-3
1119	-1
1120	-4
1121	-2
1122	-3
1123	-2
1124	-3
1125	-1
1126	-3
1127	-1
1128	-3
1129	-1
1130	-3
1131	-1
1132	-2
1133	-1
1134	-3
1135	-1
1136	-3
1137	0
1138	-2
1139	-1
1140	-2
1141	-1
1142	-3
1143	0
1144	-3
1145	0
1146	-4
1147	-1
1148	-4
1149	-2
1150	-4
1151	0
1152	-3
1153	-1
1154	-2
1155	-2
1156	-2
1157	-1
1158	-3
1159	-2
1160	-2
1161	0
1162	-2
1163	-1
1164	-3
1165	-1
1166	-2
1167	-1
1168	-4
1169	-1
1170	-3
1171	-3
1172	-4
1173	-2
1174	-4
1175	-2
1176	-4
1177	-2
1178	-4
1179	-2
1180	-3
1181	-1
1182	-2
1183	-2
1184	-1
1185	-2
1186	-1
1187	-1
1188	-1
1189	-1
1190	-2
1191	0
1192	-1
1193	0
1194	-1
1195	0
1196	-3
1197	0
1198	-3
1199	0
1200	-2
1201	0
1202	-1
1203	0
1204	-1
1205	0
1206	0
1207	-1
1208	0
1209	0
1210	0
1211	0
1212	-1
1213	0
1214	-1
1215	-1
1216	-2
1217	0
1218	-2
1219	-1
1220	-1
1221	-1
1222	-3
1223	-2
1224	-2
1225	-2
1226	-3
1227	-2
1228	-2
1229	-1
1230	-2
1231	-2
1232	-2
1233	-2
1234	-2
1235	-2
1236	-2
1237	-2
1238	-3
1239	-2
1240	-2
1241	-1
1242	-2
1243	0
1244	-1
1245	0
1246	-1
1247	0
1248	-2
1249	0
1250	-1
1251	0
1252	-2
1253	0
1254	-1
1255	0
1256	-2
1257	-1
1258	-1
1259	0
1260	-2
1261	-2
1262	-3
1263	-2
1264	-1
1265	-2
1266	-2
1267	-1
1268	-4
1269	-1
1270	-3
1271	-1
1272	-2
1273	-1
1274	-2
1275	-1
1276	-3
1277	-1
1278	-3
1279	-2
1280	-3
1281	-1
1282	-3
1283	-2
1284	-3
1285	-2
1286	-3
1287	-2
1288	-4
1289	-2
1290	-4
1291	-1
1292	-3
1293	0
1294	-2
1295	0
1296	-3
1297	0
1298	-1
1299	0
1300	-3
1301	0
1302	-3
1303	-1
1304	-1
1305	0
1306	-2
1307	0
1308	-2
1309	-1
1310	-1
1311	0
1312	-1
1313	-2
1314	-2
1315	-1
1316	-3
1317	0
1318	-2
1319	-1
1320	-2
1321	-1
1322	-1
1323	-2
1324	-3
1325	-2
1326	-3
1327	-1
1328	-2
1329	-2
1330	-2
1331	-1
1332	-3
1333	-1
1334	-1
1335	-1
1336	-2
1337	0
1338	-1
1339	0
1340	-1
1341	0
1342	-1
1343	0
1344	-1
1345	0
1346	-1
1347	0
1348	-1
1349	1
1350	1
1351	0
1352	0
1353	1
1354	-1
1355	1
1356	0
1357	0
1358	0
1359	0
1360	0
1361	0
1362	0
1363	0
1364	0
1365	0
1366	0
1367	0
1368	0
1369	0
1370	-1
1371	0
1372	-1
1373	1
1374	-1
1375	0
1376	-1
1377	0
1378	0
1379	0
1380	0
1381	0
1382	0
1383	0
1384	0
1385	0
1386	0
1387	0
1388	1
1389	1
1390	0
1391	0
1392	0
1393	0
1394	0
1395	0
1396	0
1397	0
1398	-1
1399	0
1400	0
1401	0
1402	0
1403	0
1404	0
1405	0
1406	-1
1407	0
1408	-1
1409	0
1410	-2
1411	0
1412	-2
1413	-1
1414	-2
1415	0
1416	-2
1417	-1
1418	-2
1419	-1
1420	-2
1421	-1
1422	-1
1423	0
1424	-3
1425	0
1426	-3
1427	-1
1428	-2
1429	-1
1430	-2
1431	-1
1432	-3
1433	0
1434	-1
1435	0
1436	-2
1437	0
1438	-1
1439	0
1440	-1
1441	0
1442	-2
1443	0
1444	-1
1445	-1
1446	0
1447	0
1448	0
1449	0
1450	-1
1451	-1
1452	-1
1453	0
1454	-1
1455	-1
1456	-1
1457	-1
1458	-1
1459	0
1460	-1
1461	0
1462	-2
1463	-2
1464	-2
1465	0
1466	-1
1467	-1
1468	-3
1469	0
1470	-3
1471	-1
1472	-2
1473	-2
1474	-2
1475	-1
1476	-2
1477	-1
1478	-1
1479	0
1480	-3
1481	0
1482	-3
1483	0
1484	-1
1485	0
1486	-1
1487	0
1488	0
1489	0
1490	-1
1491	1
1492	-1
1493	0
1494	-1
1495	0
1496	-1
1497	0
1498	0
1499	0
1500	-1
1501	0
1502	-1
1503	0
1504	-2
1505	0
1506	0
1507	0
1508	0
1509	0
1510	-1
1511	0
1512	-1
1513	0
1514	0
1515	0
1516	-1
1517	0
1518	0
1519	0
1520	0
1521	1
1522	0
1523	1
1524	0
1525	1
1526	0
1527	1
1528	0
1529	1
1530	0
1531	2
1532	0
1533	2
1534	0
1535	2
1536	1
1537	2
1538	1
1539	2
1540	0
1541	1
1542	0
1543	1
1544	0
1545	2
1546	0
1547	2
1548	0
1549	1
1550	0
1551	1
1552	0
1553	2
1554	0
1555	1
1556	0
1557	1
1558	0
1559	2
1560	0
1561	2
1562	0
1563	2
1564	0
1565	2
1566	0
1567	3
1568	0
1569	1
1570	0
1571	2
1572	0
1573	1
1574	0
1575	2
1576	0
1577	1
1578	0
1579	1
1580	1
1581	1
1582	0
1583	0
1584	0
1585	0
1586	0
1587	0
1588	0
1589	0
1590	0
1591	0
1592	0
1593	0
1594	0
1595	0
1596	-1
1597	0
1598	-1
1599	-1
1600	-1
1601	0
1602	-2
1603	-1
1604	-1
1605	-1
1606	-2
1607	-1
1608	-2
1609	-1
1610	-1
1611	-1
1612	-3
1613	-1
1614	-3
1615	-1
1616	-1
1617	-2
1618	-3
1619	0
1620	-1
1621	0
1622	-1
1623	-1
1624	-1
1625	-1
1626	-1
1627	-1
1628	0
1629	-1
1630	-1
1631	0
1632	-1
1633	-2
1634	-1
1635	-2
1636	-2
1637	-1
1638	-1
1639	-1
1640	-2
1641	-1
1642	-2
1643	0
1644	-3
1645	-1
1646	-3
1647	-1
1648	-3
1649	0
1650	-1
1651	0
1652	-1
1653	0
1654	-2
1655	0
1656	-2
1657	0
1658	-1
1659	0
1660	-2
1661	-1
1662	-1
1663	-1
1664	0
1665	0
1666	-1
1667	-1
1668	-1
1669	0
1670	0
1671	0
1672	0
1673	0
1674	-1
1675	0
1676	-1
1677	0
1678	-2
1679	-1
1680	-1
1681	0
1682	-2
1683	0
1684	-1
1685	0
1686	-1
1687	-1
1688	-1
1689	-1
1690	-3
1691	-2
1692	-1
1693	-2
1694	-1
1695	-1
1696	-2
1697	0
1698	-2
1699	-1
1700	-2
1701	0
1702	-2
1703	0
1704	-1
1705	-1
1706	-1
1707	-1
1708	-2
1709	-1
1710	-2
1711	0
1712	-1
1713	0
1714	-2
1715	0
1716	-1
1717	-1
1718	-1
1719	0
1720	-1
1721	0
1722	-2
1723	0
1724	-2
1725	0
1726	-1
1727	-1
1728	-2
1729	0
1730	-1
1731	-1
1732	-1
1733	0
1734	-2
1735	-1
1736	-2
1737	-2
1738	-2
1739	0
1740	-2
1741	0
1742	-2
1743	-1
1744	-2
1745	-1
1746	-2
1747	-2
1748	-1
1749	0
1750	-1
1751	-1
1752	-1
1753	0
1754	0
1755	-1
1756	-2
1757	0
1758	-2
1759	0
1760	-1
1761	0
1762	-1
1763	0
1764	-1
1765	0
1766	-1
1767	-1
1768	-2
1769	0
1770	-1
1771	0
1772	-1
1773	0
1774	0
1775	0
1776	0
1777	0
1778	-1
1779	0
1780	-1
1781	0
1782	-1
1783	0
1784	-1
1785	0
1786	-2
1787	0
1788	-1
1789	0
1790	-2
1791	0
1792	-1
1793	0
1794	-1
1795	-1
1796	-1
1797	0
1798	-1
1799	0
1800	-1
1801	0
1802	0
1803	0
1804	-1
1805	-1
1806	-1
1807	0
1808	-1
1809	0
1810	-1
1811	0
1812	0
1813	0
1814	-2
1815	0
1816	-2
1817	0
1818	-1
1819	0
1820	-1
1821	-1
1822	-1
1823	0
1824	-2
1825	0
1826	-2
1827	-1
1828	-3
1829	-1
1830	-3
1831	-1
1832	-3
1833	-1
1834	-2
1835	-1
1836	-2
1837	-1
1838	-2
1839	0
1840	-3
1841	-2
1842	-3
1843	-2
1844	-3
1845	0
1846	-2
1847	-1
1848	-3
1849	-1
1850	-3
1851	-1
1852	-2
1853	-1
1854	-2
1855	0
1856	-2
1857	0
1858	-1
1859	0
1860	-2
1861	0
1862	-1
1863	0
1864	-1
1865	0
1866	-2
1867	0
1868	-1
1869	0
1870	-1
1871	0
1872	0
1873	0
1874	0
1875	0
1876	-1
1877	0
1878	-1
1879	0
1880	0
1881	0
1882	0
1883	0
1884	-2
1885	0
1886	-1
1887	0
1888	-1
1889	0
1890	-1
1891	0
1892	-1
1893	-1
1894	-1
1895	0
1896	-1
1897	-1
1898	0
1899	0
1900	-1
1901	-1
1902	-1
1903	0
1904	-1
1905	0
1906	-1
1907	0
1908	-1
1909	0
1910	0
1911	-1
1912	-1
1913	0
1914	0
1915	0
1916	0
1917	0
1918	-1
1919	0
1920	-2
1921	-1
1922	-2
1923	-1
1924	0
1925	0
1926	-2
1927	0
1928	-1
1929	0
1930	-2
1931	0
1932	-1
1933	0
1934	-1
1935	-1
1936	-2
1937	0
1938	-2
1939	-1
1940	-1
1941	0
1942	-1
1943	0
1944	-2
1945	0
1946	-1
1947	0
1948	-1
1949	0
1950	0
1951	0
1952	0
1953	0
1954	0
1955	0
1956	0
1957	1
1958	0
1959	1
1960	1
1961	0
1962	0
1963	1
1964	0
1965	1
1966	0
1967	1
1968	0
1969	0
1970	1
1971	2
1972	1
1973	2
1974	0
1975	1
1976	0
1977	1
1978	0
1979	2
1980	0
1981	1
1982	0
1983	0
1984	0
1985	1
1986	0
1987	2
1988	0
1989	1
1990	0
1991	2
1992	0
1993	2
1994	-1
1995	1
1996	0
1997	1
1998	0
1999	1
