0	0
1	0
2	0
3	0
4	0
5	0
6	1
7	0
8	0
9	1
10	0
11	1
12	0
13	1
14	0
15	0
16	0
17	0
18	0
19	0
20	0
21	0
22	0
23	0
24	0
25	0
26	0
27	0
28	0
29	0
30	0
31	0
32	0
33	0
34	0
35	0
36	0
37	0
38	0
39	0
40	0
41	0
42	0
43	0
44	0
45	0
46	0
47	1
48	0
49	0
50	0
51	1
52	0
53	1
54	0
55	1
56	0
57	2
58	0
59	1
60	0
61	2
62	0
63	1
64	0
65	1
66	0
67	1
68	0
69	0
70	0
71	0
72	0
73	0
74	0
75	0
76	0
77	0
78	-1
79	0
80	0
81	0
82	-1
83	0
84	0
85	0
86	0
87	0
88	0
89	0
90	0
91	0
92	0
93	0
94	0
95	0
96	0
97	0
98	0
99	1
100	0
101	0
102	0
103	1
104	0
105	0
106	0
107	1
108	0
109	1
110	0
111	0
112	0
113	0
114	0
115	0
116	0
117	0
118	0
119	0
120	0
121	0
122	0
123	0
124	-2
125	0
126	-1
127	0
128	0
129	-1
130	-1
131	0
132	0
133	0
134	0
135	0
136	0
137	0
138	0
139	0
140	0
141	0
142	0
143	0
144	0
145	0
146	0
147	0
148	0
149	-1
150	0
151	0
152	0
153	0
154	0
155	0
156	0
157	0
158	-1
159	0
160	-1
161	0
162	0
163	0
164	0
165	0
166	0
167	0
168	0
169	0
170	1
171	1
172	0
173	1
174	0
175	1
176	1
177	2
178	0
179	1
180	0
181	1
182	0
183	2
184	1
185	1
186	0
187	1
188	1
189	2
190	0
191	0
192	0
193	0
194	0
195	0
196	-1
197	0
198	0
199	0
200	-1
201	0
202	-1
203	-1
204	-1
205	-1
206	-2
207	0
208	-2
209	0
210	-1
211	0
212	-2
213	-1
214	-2
215	0
216	-1
217	0
218	0
219	0
220	0
221	0
222	0
223	0
224	0
225	0
226	0
227	0
228	0
229	0
230	0
231	0
232	0
233	0
234	0
235	0
236	0
237	0
238	0
239	0
240	0
241	0
242	0
243	0
244	0
245	0
246	0
247	0
248	0
249	0
250	0
251	0
252	0
253	0
254	0
255	0
256	0
257	0
258	0
259	0
260	0
261	0
262	0
263	0
264	0
265	0
266	0
267	0
268	0
269	0
270	0
271	0
272	-1
273	1
274	0
275	1
276	0
277	0
278	0
279	1
280	0
281	0
282	0
283	0
284	0
285	0
286	0
287	0
288	0
289	0
290	0
291	0
292	0
293	1
294	0
295	1
296	0
297	0
298	0
299	0
300	0
301	1
302	0
303	2
304	0
305	1
306	0
307	1
308	0
309	0
310	0
311	1
312	0
313	1
314	0
315	1
316	0
317	0
318	0
319	0
320	0
321	0
322	0
323	0
324	0
325	0
326	0
327	0
328	0
329	0
330	0
331	0
332	-1
333	0
334	-1
335	0
336	-1
337	0
338	0
339	0
340	0
341	0
342	0
343	0
344	0
345	0
346	0
347	0
348	0
349	0
350	0
351	0
352	0
353	0
354	0
355	0
356	0
357	0
358	0
359	0
360	0
361	1
362	1
363	0
364	0
365	0
366	0
367	0
368	0
369	1
370	0
371	0
372	0
373	0
374	0
375	0
376	0
377	0
378	0
379	0
380	0
381	1
382	0
383	1
384	0
385	1
386	0
387	0
388	0
389	1
390	0
391	0
392	0
393	0
394	0
395	0
396	0
397	1
398	0
399	0
400	0
401	0
402	0
403	0
404	-1
405	0
406	0
407	0
408	-1
409	0
410	-2
411	0
412	-1
413	0
414	0
415	0
416	-1
417	0
418	-1
419	0
420	-1
421	0
422	-1
423	0
424	0
425	1
426	0
427	4
428	2
429	8
430	7
431	10
432	10
433	16
434	16
435	22
436	23
437	30
438	31
439	36
440	39
441	43
442	45
443	51
444	55
445	58
446	61
447	68
448	71
449	74
450	77
451	82
452	84
453	90
454	92
455	96
456	97
457	101
458	101
459	108
460	108
461	110
462	112
463	115
464	114
465	117
466	114
467	118
468	116
469	121
470	118
471	120
472	117
473	119
474	117
475	118
476	115
477	115
478	113
479	113
480	110
481	111
482	107
483	108
484	104
485	102
486	101
487	101
488	96
489	96
490	90
491	90
492	86
493	87
494	82
495	80
496	77
497	77
498	77
499	78
500	62
501	66
502	64
503	62
504	59
505	59
506	53
507	53
508	50
509	50
510	46
511	46
512	40
513	41
514	37
515	37
516	35
517	34
518	31
519	31
520	26
521	27
522	23
523	25
524	22
525	23
526	20
527	21
528	17
529	19
530	13
531	15
532	11
533	11
534	10
535	10
536	8
537	9
538	6
539	8
540	4
541	4
542	3
543	4
544	2
545	3
546	0
547	1
548	-2
549	0
550	-4
551	-2
552	-4
553	-2
554	-6
555	-4
556	-6
557	-5
558	-8
559	-6
560	-8
561	-6
562	-9
563	-7
564	-10
565	-9
566	-10
567	-8
568	-11
569	-9
570	-10
571	-11
572	-11
573	-10
574	-11
575	-11
576	-11
577	-11
578	-12
579	-11
580	-12
581	-11
582	-12
583	-11
584	-12
585	-11
586	-12
587	-11
588	-13
589	-12
590	-14
591	-11
592	-13
593	-12
594	-14
595	-13
596	-14
597	-13
598	-14
599	-13
600	-15
601	-13
602	-14
603	-12
604	-13
605	-11
606	-13
607	-11
608	-13
609	-11
610	-13
611	-11
612	-13
613	-10
614	-14
615	-10
616	-13
617	-10
618	-11
619	-10
620	-11
621	-11
622	-13
623	-11
624	-13
625	-9
626	-11
627	-10
628	-11
629	-9
630	-10
631	-8
632	-8
633	-8
634	-9
635	-8
636	-9
637	-7
638	-10
639	-7
640	-9
641	-6
642	-9
643	-6
644	-10
645	-5
646	-6
647	-5
648	-7
649	-5
650	-8
651	-6
652	-7
653	-5
654	-8
655	-5
656	-6
657	-5
658	-7
659	-4
660	-8
661	-4
662	-6
663	-4
664	-8
665	-4
666	-6
667	-4
668	-7
669	-4
670	-6
671	-5
672	-6
673	-4
674	-8
675	-5
676	-9
677	-5
678	-9
679	-5
680	-8
681	-6
682	-8
683	-6
684	-8
685	-5
686	-9
687	-6
688	-7
689	-4
690	-5
691	-4
692	-8
693	-4
694	-7
695	-3
696	-6
697	-4
698	-4
699	-4
700	-4
701	-3
702	-5
703	-3
704	-7
705	-3
706	-5
707	-4
708	-6
709	-4
710	-6
711	-4
712	-6
713	-4
714	-5
715	-4
716	-7
717	-6
718	-6
719	-4
720	-7
721	-4
722	-9
723	-4
724	-8
725	-6
726	-7
727	-7
728	-6
729	-5
730	-8
731	-6
732	-7
733	-6
734	-7
735	-6
736	-7
737	-5
738	-6
739	-4
740	-7
741	-4
742	-7
743	-4
744	-5
745	-4
746	-6
747	-4
748	-7
749	-4
750	-5
751	-4
752	-7
753	-4
754	-6
755	-5
756	-7
757	-4
758	-7
759	-4
760	-8
761	-6
762	-9
763	-6
764	-9
765	-7
766	-8
767	-6
768	-8
769	-6
770	-9
771	-6
772	-9
773	-5
774	-9
775	-6
776	-9
777	-5
778	-8
779	-5
780	-7
781	-5
782	-6
783	-4
784	-8
785	-4
786	-6
787	-4
788	-6
789	-2
790	-5
791	-4
792	-6
793	-4
794	-6
795	-4
796	-6
797	-3
798	-4
799	-4
800	-5
801	-5
802	-6
803	-6
804	-5
805	-4
806	-6
807	-5
808	-6
809	-4
810	-8
811	-6
812	-7
813	-5
814	-8
815	-5
816	-8
817	-5
818	-7
819	-4
820	-7
821	-6
822	-7
823	-5
824	-7
825	-8
826	-8
827	-7
828	-7
829	-5
830	-6
831	-5
832	-6
833	-4
834	-6
835	-5
836	-8
837	-4
838	-7
839	-4
840	-7
841	-4
842	-6
843	-4
844	-4
845	-3
846	-7
847	-2
848	-7
849	-4
850	-6
851	-4
852	-6
853	-6
854	-7
855	-6
856	-7
857	-6
858	-8
859	-6
860	-7
861	-7
862	-10
863	-6
864	-9
865	-6
866	-8
867	-7
868	-9
869	-7
870	-8
871	-5
872	-8
873	-4
874	-6
875	-6
876	-8
877	-6
878	-8
879	-6
880	-8
881	-5
882	-6
883	-6
884	-6
885	-5
886	-7
887	-4
888	-6
889	-5
890	-7
891	-5
892	-5
893	-4
894	-7
895	-4
896	-6
897	-4
898	-7
899	-3
900	-6
901	-4
902	-5
903	-5
904	-5
905	-5
906	-5
907	-4
908	-5
909	-6
910	-6
911	-4
912	-4
913	-4
914	-5
915	-4
916	-6
917	-4
918	-6
919	-5
920	-5
921	-5
922	-5
923	-5
924	-4
925	-4
926	-5
927	-4
928	-6
929	-3
930	-6
931	-3
932	-8
933	-4
934	-7
935	-5
936	-7
937	-4
938	-7
939	-5
940	-8
941	-5
942	-8
943	-4
944	-7
945	-6
946	-6
947	-5
948	-7
949	-5
950	-7
951	-5
952	-7
953	-7
954	-7
955	-5
956	-7
957	-5
958	-5
959	-5
960	-7
961	-4
962	-7
963	-4
964	-7
965	-4
966	-4
967	-4
968	-5
969	-6
970	-4
971	-5
972	-5
973	-4
974	-4
975	-3
976	-6
977	-4
978	-7
979	-2
980	-6
981	-4
982	-6
983	-4
984	-6
985	-4
986	-5
987	-3
988	-6
989	-2
990	-6
991	-3
992	-7
993	-5
994	-6
995	-5
996	-6
997	-4
998	-6
999	-4
1000	-7
1001	-4
1002	-6
1003	-5
1004	-7
1005	-5
1006	-6
1007	-5
1008	-5
1009	-4
1010	-6
1011	-4
1012	-6
1013	-3
1014	-6
1015	-4
1016	-6
1017	-4
1018	-5
1019	-3
1020	-6
1021	-3
1022	-4
1023	-2
1024	-4
1025	-3
1026	-4
1027	-3
1028	-4
1029	-2
1030	-4
1031	-1
1032	-4
1033	-3
1034	-4
1035	0
1036	-5
1037	-2
1038	-4
1039	-2
1040	-5
1041	-2
1042	-5
1043	-1
1044	-4
1045	-2
1046	-5
1047	-3
1048	-5
1049	-4
1050	-5
1051	-3
1052	-4
1053	-3
1054	-7
1055	-3
1056	-7
1057	-5
1058	-7
1059	-4
1060	-6
1061	-4
1062	-6
1063	-3
1064	-8
1065	-2
1066	-5
1067	-4
1068	-7
1069	-4
1070	-6
1071	-4
1072	-5
1073	-3
1074	-6
1075	-5
1076	-7
1077	-4
1078	-7
1079	-2
1080	-5
1081	-3
1082	-6
1083	-3
1084	-7
1085	-3
1086	-6
1087	-3
1088	-6
1089	-4
1090	-5
1091	-3
1092	-4
1093	-3
1094	-4
1095	-2
1096	-4
1097	-2
1098	-5
1099	-2
1100	-6
1101	-2
1102	-5
1103	-2
1104	-5
1105	-1
1106	-4
1107	-3
1108	-4
1109	-2
1110	-4
1111	-3
1112	-5
1113	-2
1114	-4
1115	-2
1116	-5
1117	-1
1118	-2
1119	-2
1120	-4
1121	-2
1122	-5
1123	-2
1124	-3
1125	-3
1126	-4
1127	-2
1128	-3
1129	-1
1130	-4
1131	-2
1132	-4
1133	-2
1134	-6
1135	-2
1136	-4
1137	-1
1138	-4
1139	-2
1140	-3
1141	-3
1142	-4
1143	-3
1144	-4
1145	-2
1146	-4
1147	0
1148	-4
1149	-2
1150	-3
1151	-1
1152	-1
1153	-1
1154	-4
1155	0
1156	-2
1157	-1
1158	-3
1159	-1
1160	-1
1161	-3
1162	-2
1163	-2
1164	-3
1165	-3
1166	-4
1167	-2
1168	-4
1169	-3
1170	-4
1171	-3
1172	-5
1173	-3
1174	-6
1175	-2
1176	-4
1177	-3
1178	-4
1179	-4
1180	-5
1181	-3
1182	-5
1183	-3
1184	-5
1185	-3
1186	-4
1187	-3
1188	-5
1189	-3
1190	-5
1191	-3
1192	-3
1193	-3
1194	-4
1195	-2
1196	-6
1197	-3
1198	-4
1199	-3
1200	-5
1201	-3
1202	-5
1203	-2
1204	-5
1205	-3
1206	-3
1207	-3
1208	-4
1209	-2
1210	-2
1211	-2
1212	-3
1213	-1
1214	-4
1215	-1
1216	-3
1217	-1
1218	-4
1219	-2
1220	-3
1221	-1
1222	-3
1223	-1
1224	-4
1225	-1
1226	-2
1227	-1
1228	-3
1229	-1
1230	-3
1231	0
1232	-3
1233	-2
1234	-3
1235	-2
1236	-3
1237	-1
1238	-4
1239	-1
1240	-3
1241	-3
1242	-4
1243	-2
1244	-5
1245	-1
1246	-4
1247	-2
1248	-4
1249	-2
1250	-3
1251	-2
1252	-2
1253	-1
1254	-4
1255	-1
1256	-4
1257	-2
1258	-4
1259	-1
1260	-4
1261	-3
1262	-4
1263	-2
1264	-5
1265	-2
1266	-3
1267	-1
1268	-4
1269	-1
1270	-2
1271	-1
1272	-3
1273	0
1274	-2
1275	-1
1276	-2
1277	-1
1278	-2
1279	-1
1280	-2
1281	0
1282	-2
1283	-1
1284	-3
1285	-1
1286	-2
1287	-2
1288	-1
1289	-1
1290	-2
1291	-1
1292	-3
1293	-1
1294	-3
1295	-1
1296	-2
1297	0
1298	-3
1299	-1
1300	-3
1301	-1
1302	-2
1303	0
1304	-4
1305	-1
1306	-3
1307	-2
1308	-3
1309	-2
1310	-4
1311	-2
1312	-2
1313	-1
1314	-4
1315	-1
1316	-2
1317	-2
1318	-3
1319	-2
1320	-3
1321	-2
1322	-5
1323	-2
1324	-4
1325	-2
1326	-4
1327	-2
1328	-3
1329	-2
1330	-4
1331	-2
1332	-4
1333	-2
1334	-2
1335	-1
1336	-3
1337	-1
1338	-4
1339	-1
1340	-3
1341	-1
1342	-4
1343	-1
1344	-3
1345	-2
1346	-3
1347	-2
1348	-3
1349	-1
1350	-2
1351	-1
1352	-2
1353	0
1354	-3
1355	-1
1356	-2
1357	-1
1358	-2
1359	0
1360	-2
1361	0
1362	-1
1363	0
1364	-2
1365	-1
1366	-3
1367	0
1368	-1
1369	0
1370	-1
1371	0
1372	-1
1373	0
1374	-2
1375	-1
1376	-2
1377	-1
1378	-2
1379	-2
1380	-3
1381	-2
1382	-2
1383	-2
1384	-3
1385	-1
1386	-3
1387	-1
1388	-3
1389	-1
1390	-3
1391	-1
1392	-4
1393	-1
1394	-3
1395	-1
1396	-3
1397	-1
1398	-3
1399	0
1400	-2
1401	-1
1402	-2
1403	0
1404	-2
1405	0
1406	-1
1407	0
1408	0
1409	0
1410	-2
1411	0
1412	-3
1413	0
1414	0
1415	-1
1416	-1
1417	-1
1418	-2
1419	-1
1420	-2
1421	-2
1422	-2
1423	-1
1424	-2
1425	-1
1426	-3
1427	-2
1428	-2
1429	0
1430	-2
1431	-1
1432	-2
1433	-2
1434	-2
1435	-1
1436	-2
1437	0
1438	-1
1439	-1
1440	-1
1441	0
1442	-1
1443	0
1444	-1
1445	0
1446	0
1447	0
1448	0
1449	0
1450	1
1451	0
1452	1
1453	0
1454	1
1455	2
1456	1
1457	1
1458	1
1459	2
1460	0
1461	1
1462	0
1463	1
1464	0
1465	1
1466	0
1467	0
1468	0
1469	1
1470	0
1471	0
1472	0
1473	0
1474	-2
1475	0
1476	-1
1477	0
1478	-2
1479	0
1480	-4
1481	0
1482	-2
1483	0
1484	0
1485	0
1486	-2
1487	0
1488	-1
1489	0
1490	-2
1491	0
1492	-3
1493	0
1494	-1
1495	-1
1496	-1
1497	0
1498	-1
1499	0
1500	0
1501	0
1502	0
1503	0
1504	-1
1505	0
1506	-2
1507	0
1508	-2
1509	0
1510	0
1511	0
1512	0
1513	0
1514	-3
1515	0
1516	-2
1517	-3
1518	-3
1519	-2
1520	-3
1521	-2
1522	-3
1523	-3
1524	-2
1525	-3
1526	-3
1527	-2
1528	-4
1529	-3
1530	-3
1531	-2
1532	-2
1533	-3
1534	-4
1535	-2
1536	-2
1537	-1
1538	-2
1539	-1
1540	-2
1541	-2
1542	-2
1543	-2
1544	-1
1545	-2
1546	-2
1547	-1
1548	-2
1549	-1
1550	-3
1551	0
1552	-2
1553	-2
1554	-2
1555	-1
1556	-3
1557	-1
1558	-1
1559	-2
1560	-2
1561	-1
1562	-3
1563	-2
1564	-2
1565	-1
1566	-3
1567	-1
1568	-3
1569	0
1570	-3
1571	-1
1572	-3
1573	-1
1574	-3
1575	0
1576	-1
1577	-1
1578	-1
1579	0
1580	0
1581	0
1582	0
1583	0
1584	0
1585	0
1586	0
1587	0
1588	0
1589	0
1590	0
1591	0
1592	0
1593	0
1594	0
1595	0
1596	0
1597	0
1598	0
1599	0
1600	0
1601	0
1602	0
1603	0
1604	0
1605	0
1606	-1
1607	0
1608	0
1609	0
1610	-1
1611	0
1612	-1
1613	0
1614	-2
1615	-2
1616	-3
1617	0
1618	-2
1619	0
1620	-2
1621	0
1622	-2
1623	0
1624	-2
1625	1
1626	-1
1627	0
1628	0
1629	0
1630	0
1631	0
1632	0
1633	1
1634	0
1635	0
1636	0
1637	1
1638	0
1639	1
1640	-1
1641	1
1642	0
1643	1
1644	0
1645	0
1646	0
1647	0
1648	0
1649	0
1650	0
1651	0
1652	0
1653	0
1654	0
1655	0
1656	0
1657	0
1658	-1
1659	0
1660	-2
1661	-1
1662	-1
1663	-1
1664	-1
1665	0
1666	-1
1667	-1
1668	0
1669	0
1670	0
1671	0
1672	-2
1673	-1
1674	-2
1675	0
1676	-2
1677	0
1678	-2
1679	-1
1680	-3
1681	0
1682	-2
1683	0
1684	-2
1685	-1
1686	-1
1687	-1
1688	-1
1689	-1
1690	-2
1691	-1
1692	0
1693	0
1694	-2
1695	0
1696	0
1697	0
1698	-1
1699	0
1700	-1
1701	-1
1702	-2
1703	-1
1704	-2
1705	-2
1706	-2
1707	-1
1708	-1
1709	-1
1710	0
1711	-2
1712	-2
1713	-1
1714	-1
1715	-1
1716	0
1717	0
1718	-1
1719	0
1720	-2
1721	0
1722	-1
1723	0
1724	-1
1725	0
1726	0
1727	0
1728	-1
1729	0
1730	0
1731	0
1732	-1
1733	0
1734	0
1735	0
1736	-3
1737	-1
1738	-1
1739	-1
1740	-3
1741	-1
1742	-3
1743	-1
1744	-3
1745	-2
1746	-3
1747	-1
1748	-3
1749	-1
1750	-2
1751	-1
1752	-2
1753	-1
1754	-2
1755	-1
1756	-2
1757	-2
1758	-2
1759	0
1760	-2
1761	0
1762	-1
1763	0
1764	-2
1765	0
1766	-1
1767	0
1768	-2
1769	0
1770	-2
1771	0
1772	-2
1773	0
1774	-1
1775	0
1776	-2
1777	0
1778	-1
1779	0
1780	-2
1781	-1
1782	-2
1783	-2
1784	-1
1785	-1
1786	-1
1787	-1
1788	-2
1789	-1
1790	-2
1791	-1
1792	-3
1793	-1
1794	-2
1795	-3
1796	-2
1797	-1
1798	-2
1799	-2
1800	-1
1801	-1
1802	-1
1803	-1
1804	-1
1805	-1
1806	-1
1807	0
1808	-1
1809	0
1810	-1
1811	0
1812	-1
1813	0
1814	-1
1815	-1
1816	-1
1817	-1
1818	-1
1819	0
1820	-1
1821	0
1822	-1
1823	0
1824	-1
1825	0
1826	0
1827	0
1828	-1
1829	0
1830	-1
1831	0
1832	-2
1833	0
1834	-1
1835	0
1836	-1
1837	0
1838	-2
1839	0
1840	-2
1841	0
1842	-1
1843	0
1844	-1
1845	0
1846	-1
1847	0
1848	-1
1849	0
1850	0
1851	0
1852	0
1853	0
1854	-1
1855	0
1856	-1
1857	-1
1858	-1
1859	0
1860	0
1861	-1
1862	-2
1863	-2
1864	-1
1865	0
1866	-2
1867	0
1868	-1
1869	0
1870	-1
1871	-1
1872	-2
1873	-1
1874	-1
1875	0
1876	-1
1877	0
1878	-1
1879	0
1880	-1
1881	0
1882	-1
1883	0
1884	-1
1885	0
1886	-2
1887	0
1888	-2
1889	-1
1890	-1
1891	0
1892	-2
1893	0
1894	-2
1895	0
1896	-1
1897	-1
1898	-1
1899	-1
1900	-1
1901	0
1902	-2
1903	0
1904	-2
1905	0
1906	-1
1907	0
1908	-3
1909	0
1910	-1
1911	0
1912	-1
1913	0
1914	-1
1915	0
1916	0
1917	0
1918	-2
1919	-1
1920	-1
1921	-1
1922	-2
1923	0
1924	-2
1925	0
1926	-2
1927	-1
1928	-1
1929	0
1930	-3
1931	0
1932	-1
1933	0
1934	-1
1935	0
1936	0
1937	0
1938	-1
1939	0
1940	-1
1941	0
1942	-1
1943	0
1944	-2
1945	0
1946	-1
1947	0
1948	-2
1949	0
1950	0
1951	0
1952	-1
1953	0
1954	0
1955	0
1956	-1
1957	0
1958	-2
1959	-2
1960	-2
1961	-2
1962	-1
1963	0
1964	-2
1965	-1
1966	-2
1967	-1
1968	-1
1969	0
1970	-3
1971	-1
1972	-3
1973	0
1974	0
1975	0
1976	-1
1977	0
1978	-1
1979	0
1980	-1
1981	0
1982	-2
1983	0
1984	-1
1985	0
1986	-2
1987	0
1988	-1
1989	0
1990	-1
1991	0
1992	0
1993	0
1994	0
1995	0
1996	0
1997	0
1998	-1
1999	0
