0	0
1	0
2	0
3	1
4	0
5	0
6	0
7	0
8	0
9	0
10	0
11	0
12	0
13	0
14	0
15	0
16	0
17	0
18	0
19	0
20	0
21	0
22	-1
23	1
24	-1
25	0
26	0
27	0
28	0
29	0
30	-1
31	0
32	-1
33	0
34	0
35	0
36	-1
37	0
38	0
39	0
40	0
41	0
42	0
43	0
44	0
45	1
46	0
47	0
48	-1
49	0
50	0
51	0
52	0
53	0
54	0
55	1
56	0
57	0
58	0
59	0
60	0
61	0
62	0
63	0
64	0
65	0
66	0
67	0
68	0
69	0
70	-1
71	0
72	0
73	0
74	0
75	0
76	0
77	0
78	0
79	0
80	-1
81	1
82	0
83	0
84	-1
85	0
86	0
87	0
88	0
89	0
90	0
91	0
92	0
93	1
94	0
95	0
96	0
97	0
98	0
99	0
100	0
101	0
102	0
103	0
104	0
105	1
106	0
107	0
108	0
109	0
110	0
111	0
112	0
113	0
114	-1
115	0
116	-1
117	0
118	-1
119	0
120	0
121	0
122	0
123	0
124	0
125	0
126	0
127	0
128	0
129	0
130	0
131	0
132	0
133	1
134	0
135	1
136	0
137	1
138	0
139	1
140	0
141	1
142	0
143	1
144	0
145	2
146	0
147	1
148	0
149	1
150	0
151	1
152	0
153	0
154	0
155	1
156	0
157	0
158	0
159	1
160	0
161	0
162	0
163	0
164	0
165	0
166	0
167	0
168	0
169	0
170	0
171	0
172	-1
173	0
174	0
175	0
176	-1
177	0
178	-1
179	0
180	-1
181	0
182	0
183	0
184	0
185	0
186	0
187	0
188	0
189	1
190	0
191	0
192	0
193	0
194	0
195	1
196	-1
197	0
198	0
199	0
200	0
201	0
202	-1
203	0
204	0
205	0
206	-1
207	0
208	-1
209	0
210	0
211	0
212	0
213	0
214	-1
215	0
216	-1
217	0
218	-1
219	-1
220	-1
221	0
222	-1
223	-1
224	-1
225	0
226	-1
227	0
228	-1
229	0
230	-1
231	0
232	-1
233	0
234	0
235	0
236	-1
237	0
238	0
239	0
240	0
241	0
242	0
243	0
244	0
245	0
246	-1
247	1
248	0
249	1
250	0
251	1
252	0
253	0
254	0
255	1
256	0
257	1
258	0
259	1
260	0
261	0
262	0
263	0
264	0
265	0
266	0
267	0
268	0
269	0
270	0
271	0
272	0
273	0
274	0
275	0
276	0
277	0
278	-1
279	0
280	0
281	0
282	0
283	0
284	0
285	0
286	0
287	0
288	0
289	0
290	0
291	0
292	0
293	0
294	0
295	0
296	0
297	0
298	0
299	0
300	0
301	0
302	0
303	0
304	0
305	0
306	0
307	0
308	0
309	0
310	0
311	0
312	-1
313	0
314	-1
315	0
316	0
317	0
318	-1
319	0
320	0
321	0
322	0
323	0
324	0
325	0
326	0
327	0
328	0
329	0
330	0
331	0
332	0
333	0
334	-1
335	0
336	-2
337	0
338	-1
339	0
340	-1
341	0
342	0
343	0
344	0
345	0
346	0
347	0
348	0
349	0
350	-1
351	0
352	0
353	0
354	0
355	0
356	0
357	0
358	0
359	0
360	0
361	0
362	0
363	0
364	0
365	0
366	0
367	0
368	0
369	1
370	0
371	1
372	0
373	0
374	0
375	0
376	0
377	0
378	0
379	0
380	0
381	0
382	0
383	0
384	0
385	0
386	0
387	0
388	0
389	0
390	0
391	0
392	0
393	0
394	0
395	0
396	0
397	0
398	0
399	0
400	0
401	0
402	0
403	0
404	0
405	0
406	0
407	0
408	-1
409	0
410	0
411	0
412	0
413	0
414	0
415	1
416	0
417	0
418	0
419	0
420	0
421	0
422	0
423	1
424	0
425	1
426	1
427	2
428	1
429	3
430	3
431	6
432	6
433	10
434	10
435	15
436	17
437	22
438	23
439	27
440	29
441	35
442	37
443	43
444	45
445	51
446	54
447	59
448	61
449	66
450	69
451	73
452	75
453	80
454	81
455	86
456	90
457	93
458	94
459	99
460	97
461	102
462	102
463	107
464	108
465	110
466	108
467	110
468	109
469	112
470	110
471	112
472	110
473	112
474	109
475	109
476	108
477	108
478	106
479	106
480	101
481	103
482	98
483	100
484	96
485	96
486	95
487	95
488	90
489	90
490	86
491	86
492	83
493	83
494	79
495	79
496	75
497	75
498	76
499	78
500	62
501	69
502	65
503	66
504	63
505	63
506	58
507	60
508	56
509	56
510	53
511	54
512	49
513	49
514	45
515	47
516	44
517	45
518	42
519	43
520	37
521	39
522	35
523	35
524	33
525	33
526	30
527	32
528	29
529	29
530	25
531	28
532	23
533	24
534	21
535	22
536	19
537	20
538	16
539	17
540	16
541	15
542	14
543	14
544	11
545	12
546	11
547	11
548	10
549	9
550	9
551	9
552	8
553	7
554	6
555	8
556	5
557	7
558	4
559	4
560	1
561	4
562	0
563	1
564	-1
565	1
566	-2
567	0
568	-2
569	0
570	-3
571	-2
572	-4
573	-1
574	-4
575	-1
576	-3
577	-3
578	-4
579	-4
580	-8
581	-4
582	-7
583	-5
584	-8
585	-6
586	-7
587	-6
588	-7
589	-5
590	-7
591	-6
592	-8
593	-7
594	-7
595	-7
596	-7
597	-7
598	-6
599	-6
600	-9
601	-4
602	-6
603	-4
604	-8
605	-6
606	-9
607	-5
608	-9
609	-4
610	-8
611	-5
612	-7
613	-5
614	-8
615	-5
616	-8
617	-4
618	-8
619	-4
620	-7
621	-5
622	-7
623	-4
624	-6
625	-5
626	-6
627	-6
628	-7
629	-5
630	-5
631	-5
632	-7
633	-5
634	-6
635	-5
636	-8
637	-4
638	-8
639	-4
640	-7
641	-4
642	-5
643	-5
644	-7
645	-4
646	-7
647	-3
648	-6
649	-5
650	-6
651	-5
652	-8
653	-5
654	-7
655	-5
656	-8
657	-4
658	-8
659	-6
660	-7
661	-4
662	-7
663	-4
664	-8
665	-4
666	-8
667	-4
668	-8
669	-4
670	-8
671	-3
672	-8
673	-3
674	-7
675	-4
676	-6
677	-3
678	-7
679	-3
680	-7
681	-4
682	-6
683	-2
684	-6
685	-3
686	-5
687	-2
688	-6
689	0
690	-4
691	-1
692	-4
693	-1
694	-4
695	-3
696	-4
697	-2
698	-4
699	-3
700	-5
701	-2
702	-7
703	-3
704	-6
705	-3
706	-6
707	-4
708	-6
709	-3
710	-5
711	-5
712	-7
713	-5
714	-5
715	-4
716	-6
717	-3
718	-6
719	-4
720	-7
721	-5
722	-7
723	-4
724	-7
725	-2
726	-6
727	-4
728	-6
729	-4
730	-5
731	-4
732	-5
733	-4
734	-4
735	-3
736	-6
737	-2
738	-7
739	-3
740	-7
741	-4
742	-5
743	-4
744	-7
745	-4
746	-5
747	-5
748	-6
749	-4
750	-6
751	-4
752	-6
753	-5
754	-7
755	-6
756	-7
757	-5
758	-7
759	-6
760	-8
761	-8
762	-7
763	-7
764	-10
765	-8
766	-9
767	-6
768	-11
769	-5
770	-10
771	-7
772	-10
773	-8
774	-10
775	-9
776	-10
777	-9
778	-11
779	-8
780	-11
781	-7
782	-11
783	-8
784	-10
785	-7
786	-9
787	-7
788	-9
789	-7
790	-8
791	-7
792	-8
793	-7
794	-7
795	-7
796	-7
797	-6
798	-9
799	-5
800	-7
801	-4
802	-8
803	-4
804	-6
805	-4
806	-6
807	-4
808	-6
809	-4
810	-5
811	-4
812	-4
813	-3
814	-5
815	-2
816	-4
817	-2
818	-4
819	-4
820	-5
821	-4
822	-5
823	-4
824	-4
825	-2
826	-4
827	-2
828	-5
829	-3
830	-5
831	-2
832	-5
833	-3
834	-4
835	-1
836	-4
837	-1
838	-4
839	-2
840	-4
841	-3
842	-3
843	-1
844	-4
845	-2
846	-4
847	-1
848	-3
849	-3
850	-3
851	-2
852	-4
853	-3
854	-3
855	-3
856	-5
857	-4
858	-6
859	-2
860	-6
861	-4
862	-7
863	-3
864	-5
865	-4
866	-5
867	-4
868	-5
869	-5
870	-6
871	-4
872	-7
873	-4
874	-7
875	-4
876	-6
877	-4
878	-8
879	-4
880	-7
881	-4
882	-5
883	-4
884	-6
885	-3
886	-5
887	-3
888	-5
889	-4
890	-5
891	-3
892	-5
893	-4
894	-8
895	-4
896	-6
897	-5
898	-6
899	-5
900	-7
901	-6
902	-7
903	-6
904	-7
905	-6
906	-7
907	-6
908	-7
909	-7
910	-8
911	-6
912	-10
913	-7
914	-9
915	-7
916	-7
917	-7
918	-7
919	-7
920	-10
921	-7
922	-8
923	-5
924	-7
925	-6
926	-8
927	-5
928	-6
929	-4
930	-6
931	-4
932	-5
933	-4
934	-5
935	-3
936	-6
937	-4
938	-4
939	-3
940	-4
941	-4
942	-4
943	-4
944	-5
945	-3
946	-6
947	-3
948	-5
949	-4
950	-5
951	-4
952	-5
953	-4
954	-8
955	-4
956	-7
957	-5
958	-8
959	-5
960	-9
961	-5
962	-7
963	-5
964	-9
965	-6
966	-8
967	-5
968	-8
969	-5
970	-7
971	-5
972	-7
973	-5
974	-7
975	-5
976	-8
977	-5
978	-7
979	-5
980	-6
981	-4
982	-7
983	-4
984	-7
985	-3
986	-6
987	-3
988	-5
989	-5
990	-6
991	-4
992	-6
993	-5
994	-6
995	-5
996	-5
997	-4
998	-4
999	-3
1000	-5
1001	-3
1002	-4
1003	-4
1004	-5
1005	-4
1006	-5
1007	-4
1008	-6
1009	-4
1010	-6
1011	-3
1012	-5
1013	-3
1014	-5
1015	-4
1016	-5
1017	-4
1018	-7
1019	-4
1020	-6
1021	-2
1022	-6
1023	-5
1024	-6
1025	-4
1026	-8
1027	-4
1028	-8
1029	-4
1030	-6
1031	-4
1032	-5
1033	-5
1034	-5
1035	-4
1036	-6
1037	-4
1038	-5
1039	-4
1040	-5
1041	-4
1042	-5
1043	-5
1044	-5
1045	-5
1046	-4
1047	-3
1048	-6
1049	-4
1050	-5
1051	-4
1052	-5
1053	-3
1054	-6
1055	-3
1056	-5
1057	-4
1058	-7
1059	-4
1060	-7
1061	-5
1062	-7
1063	-4
1064	-7
1065	-5
1066	-5
1067	-5
1068	-5
1069	-3
1070	-5
1071	-4
1072	-6
1073	-4
1074	-4
1075	-4
1076	-6
1077	-4
1078	-7
1079	-3
1080	-7
1081	-4
1082	-6
1083	-4
1084	-6
1085	-3
1086	-4
1087	-1
1088	-4
1089	-2
1090	-5
1091	0
1092	-3
1093	0
1094	-2
1095	0
1096	-1
1097	0
1098	-2
1099	0
1100	-2
1101	0
1102	-2
1103	0
1104	-1
1105	0
1106	-1
1107	0
1108	-3
1109	0
1110	-2
1111	-1
1112	-3
1113	-2
1114	-3
1115	0
1116	-1
1117	-2
1118	-4
1119	-2
1120	-4
1121	-2
1122	-4
1123	-1
1124	-3
1125	-2
1126	-3
1127	-3
1128	-4
1129	-3
1130	-3
1131	-2
1132	-4
1133	-2
1134	-5
1135	-2
1136	-3
1137	-2
1138	-4
1139	-1
1140	-3
1141	-1
1142	-4
1143	-1
1144	-4
1145	-1
1146	-3
1147	-1
1148	-5
1149	-2
1150	-5
1151	-1
1152	-3
1153	-1
1154	-3
1155	-1
1156	-2
1157	-2
1158	-3
1159	-1
1160	-4
1161	-2
1162	-3
1163	-2
1164	-4
1165	-3
1166	-4
1167	-4
1168	-4
1169	-4
1170	-5
1171	-4
1172	-5
1173	-3
1174	-4
1175	-4
1176	-5
1177	-4
1178	-6
1179	-5
1180	-5
1181	-4
1182	-7
1183	-3
1184	-5
1185	-5
1186	-5
1187	-4
1188	-7
1189	-3
1190	-6
1191	-3
1192	-4
1193	-3
1194	-3
1195	-3
1196	-4
1197	-2
1198	-3
1199	-1
1200	-4
1201	-2
1202	-3
1203	-3
1204	-4
1205	-1
1206	-2
1207	-1
1208	-2
1209	0
1210	-4
1211	-1
1212	-2
1213	-2
1214	-3
1215	-2
1216	-4
1217	-3
1218	-4
1219	-2
1220	-3
1221	-2
1222	-4
1223	-3
1224	-4
1225	-3
1226	-5
1227	-2
1228	-6
1229	-4
1230	-4
1231	-5
1232	-7
1233	-4
1234	-6
1235	-3
1236	-5
1237	-4
1238	-5
1239	-4
1240	-5
1241	-4
1242	-5
1243	-4
1244	-4
1245	-3
1246	-5
1247	-4
1248	-3
1249	-3
1250	-3
1251	-3
1252	-4
1253	-2
1254	-5
1255	-2
1256	-4
1257	-3
1258	-4
1259	-2
1260	-4
1261	-3
1262	-5
1263	-4
1264	-6
1265	-2
1266	-5
1267	-4
1268	-5
1269	-2
1270	-5
1271	-3
1272	-6
1273	-2
1274	-4
1275	-2
1276	-5
1277	-2
1278	-6
1279	-2
1280	-4
1281	-1
1282	-2
1283	-2
1284	-4
1285	-2
1286	-3
1287	-3
1288	-5
1289	-2
1290	-5
1291	-2
1292	-5
1293	-2
1294	-4
1295	-2
1296	-4
1297	-3
1298	-3
1299	-1
1300	-3
1301	-2
1302	-3
1303	-1
1304	-1
1305	-2
1306	-4
1307	-2
1308	-4
1309	-3
1310	-4
1311	-2
1312	-3
1313	-2
1314	-4
1315	-4
1316	-3
1317	-3
1318	-2
1319	-2
1320	-2
1321	-2
1322	-2
1323	-2
1324	-1
1325	-2
1326	-2
1327	-1
1328	-1
1329	-2
1330	-1
1331	-1
1332	-3
1333	-3
1334	-3
1335	-2
1336	-3
1337	-3
1338	-2
1339	-3
1340	-4
1341	-3
1342	-4
1343	-4
1344	-4
1345	-3
1346	-4
1347	-3
1348	-5
1349	-3
1350	-4
1351	-3
1352	-5
1353	-3
1354	-4
1355	-2
1356	-4
1357	-2
1358	-4
1359	-2
1360	-4
1361	-1
1362	-5
1363	-2
1364	-6
1365	-2
1366	-6
1367	-2
1368	-3
1369	-2
1370	-2
1371	-2
1372	-3
1373	-1
1374	-3
1375	-1
1376	-2
1377	0
1378	-1
1379	0
1380	-2
1381	0
1382	-2
1383	-1
1384	-4
1385	0
1386	-4
1387	-2
1388	-3
1389	-2
1390	-2
1391	-1
1392	-2
1393	-2
1394	-4
1395	-1
1396	-4
1397	-1
1398	-3
1399	-2
1400	-4
1401	-1
1402	-3
1403	-2
1404	-3
1405	-1
1406	-4
1407	-1
1408	-3
1409	-1
1410	-4
1411	-1
1412	-3
1413	-1
1414	-3
1415	-1
1416	-4
1417	-2
1418	-4
1419	-1
1420	-5
1421	-1
1422	-3
1423	-1
1424	-4
1425	-1
1426	-3
1427	-3
1428	-4
1429	-3
1430	-4
1431	-1
1432	-3
1433	-2
1434	-4
1435	-2
1436	-4
1437	-2
1438	-3
1439	-2
1440	-4
1441	-3
1442	-4
1443	-2
1444	-4
1445	-3
1446	-5
1447	-3
1448	-5
1449	-3
1450	-4
1451	-3
1452	-5
1453	-2
1454	-5
1455	-3
1456	-4
1457	-2
1458	-5
1459	-2
1460	-4
1461	-3
1462	-4
1463	-2
1464	-4
1465	-2
1466	-3
1467	-3
1468	-3
1469	-2
1470	-4
1471	-2
1472	-2
1473	-1
1474	-3
1475	-2
1476	-1
1477	-1
1478	-3
1479	-1
1480	-3
1481	-2
1482	-2
1483	-1
1484	-3
1485	-2
1486	-3
1487	-2
1488	-3
1489	-2
1490	-3
1491	-1
1492	-1
1493	0
1494	-1
1495	-1
1496	-2
1497	0
1498	-3
1499	-1
1500	-2
1501	0
1502	-2
1503	-1
1504	-2
1505	0
1506	-1
1507	-1
1508	-2
1509	-1
1510	-2
1511	0
1512	-2
1513	-1
1514	-3
1515	-3
1516	-2
1517	-2
1518	-4
1519	-2
1520	-4
1521	-1
1522	-3
1523	-1
1524	-3
1525	-1
1526	-4
1527	-3
1528	-4
1529	-3
1530	-4
1531	-2
1532	-4
1533	-3
1534	-4
1535	-2
1536	-3
1537	-2
1538	-3
1539	-3
1540	-3
1541	-1
1542	-2
1543	0
1544	-2
1545	-1
1546	-2
1547	0
1548	-2
1549	0
1550	-2
1551	-1
1552	-3
1553	-2
1554	-3
1555	-1
1556	-4
1557	-2
1558	-4
1559	-2
1560	-5
1561	-3
1562	-3
1563	-3
1564	-5
1565	-2
1566	-4
1567	-3
1568	-4
1569	-2
1570	-3
1571	-1
1572	-4
1573	-1
1574	-3
1575	-1
1576	-2
1577	-1
1578	-2
1579	-1
1580	-1
1581	-1
1582	-1
1583	0
1584	-1
1585	-1
1586	-1
1587	0
1588	0
1589	0
1590	0
1591	0
1592	0
1593	2
1594	0
1595	1
1596	0
1597	1
1598	0
1599	1
1600	0
1601	0
1602	0
1603	1
1604	0
1605	0
1606	0
1607	1
1608	0
1609	1
1610	0
1611	0
1612	0
1613	0
1614	0
1615	1
1616	0
1617	2
1618	0
1619	2
1620	0
1621	1
1622	1
1623	1
1624	1
1625	1
1626	1
1627	2
1628	1
1629	2
1630	0
1631	2
1632	0
1633	2
1634	1
1635	2
1636	2
1637	1
1638	0
1639	1
1640	0
1641	0
1642	0
1643	0
1644	0
1645	0
1646	0
1647	0
1648	-1
1649	0
1650	-1
1651	0
1652	-3
1653	0
1654	-2
1655	0
1656	-2
1657	0
1658	-2
1659	-1
1660	-3
1661	-1
1662	-2
1663	-1
1664	-2
1665	-2
1666	-2
1667	0
1668	-2
1669	-1
1670	-2
1671	-1
1672	-1
1673	-1
1674	-1
1675	-1
1676	-3
1677	0
1678	-1
1679	0
1680	-2
1681	0
1682	-1
1683	0
1684	-1
1685	0
1686	0
1687	0
1688	0
1689	0
1690	-1
1691	0
1692	-1
1693	-1
1694	-2
1695	0
1696	-2
1697	0
1698	-2
1699	-1
1700	-2
1701	0
1702	-4
1703	-1
1704	-2
1705	-1
1706	-1
1707	-2
1708	-3
1709	-2
1710	-3
1711	-1
1712	-2
1713	-1
1714	-2
1715	-1
1716	-2
1717	-1
1718	-3
1719	0
1720	-2
1721	-1
1722	-2
1723	0
1724	-1
1725	0
1726	-1
1727	0
1728	0
1729	0
1730	-1
1731	0
1732	-1
1733	0
1734	-1
1735	-1
1736	0
1737	-1
1738	-1
1739	-1
1740	-2
1741	0
1742	-1
1743	-1
1744	-1
1745	-2
1746	-2
1747	-1
1748	-3
1749	-1
1750	-3
1751	-2
1752	-2
1753	-2
1754	-2
1755	-1
1756	-2
1757	-1
1758	-2
1759	-1
1760	-3
1761	-1
1762	-2
1763	0
1764	-2
1765	-1
1766	-1
1767	-1
1768	-1
1769	0
1770	0
1771	0
1772	-1
1773	0
1774	0
1775	0
1776	-1
1777	0
1778	-1
1779	0
1780	-1
1781	0
1782	-1
1783	0
1784	-2
1785	0
1786	-1
1787	0
1788	-1
1789	0
1790	0
1791	0
1792	0
1793	0
1794	0
1795	0
1796	0
1797	0
1798	0
1799	0
1800	-1
1801	0
1802	0
1803	-2
1804	-1
1805	-1
1806	-1
1807	0
1808	-1
1809	0
1810	0
1811	0
1812	-2
1813	-1
1814	-3
1815	-2
1816	-3
1817	-1
1818	-3
1819	-1
1820	-2
1821	-1
1822	-2
1823	-1
1824	-3
1825	-2
1826	-1
1827	-1
1828	-2
1829	0
1830	-2
1831	0
1832	-1
1833	0
1834	-2
1835	-1
1836	-1
1837	-1
1838	-2
1839	-1
1840	0
1841	0
1842	-2
1843	0
1844	-1
1845	0
1846	-1
1847	0
1848	-2
1849	0
1850	-1
1851	-1
1852	-2
1853	-1
1854	-1
1855	0
1856	-2
1857	-1
1858	-1
1859	0
1860	-2
1861	-1
1862	-2
1863	-1
1864	-3
1865	0
1866	-2
1867	-1
1868	-2
1869	-1
1870	-2
1871	-1
1872	-1
1873	-1
1874	-2
1875	0
1876	-1
1877	0
1878	-2
1879	0
1880	-2
1881	0
1882	-1
1883	0
1884	-2
1885	0
1886	-1
1887	0
1888	-1
1889	0
1890	-1
1891	0
1892	-2
1893	0
1894	0
1895	0
1896	0
1897	0
1898	0
1899	0
1900	-1
1901	0
1902	0
1903	0
1904	-1
1905	0
1906	-1
1907	-1
1908	-2
1909	-1
1910	-2
1911	-2
1912	-2
1913	-2
1914	-3
1915	0
1916	-2
1917	-1
1918	-2
1919	-1
1920	-2
1921	-2
1922	-3
1923	-1
1924	-2
1925	-1
1926	-1
1927	-1
1928	-3
1929	-2
1930	-2
1931	0
1932	-1
1933	0
1934	-2
1935	-1
1936	0
1937	0
1938	0
1939	-1
1940	-1
1941	-1
1942	-1
1943	0
1944	0
1945	0
1946	-1
1947	0
1948	-1
1949	-1
1950	-2
1951	-1
1952	-1
1953	-1
1954	-2
1955	-1
1956	-2
1957	0
1958	-2
1959	-1
1960	-3
1961	-1
1962	0
1963	-1
1964	0
1965	-1
1966	-2
1967	-1
1968	-2
1969	0
1970	-3
1971	0
1972	-2
1973	0
1974	-1
1975	0
1976	-1
1977	0
1978	0
1979	-1
1980	-1
1981	0
1982	-1
1983	0
1984	-1
1985	0
1986	0
1987	0
1988	-1
1989	0
1990	-1
1991	0
1992	-1
1993	0
1994	0
1995	0
1996	-1
1997	0
1998	0
1999	0
