0	0
1	0
2	0
3	0
4	0
5	0
6	0
7	0
8	0
9	0
10	0
11	0
12	0
13	0
14	0
15	0
16	0
17	0
18	0
19	0
20	0
21	0
22	0
23	1
24	0
25	0
26	0
27	0
28	0
29	0
30	0
31	0
32	0
33	0
34	0
35	0
36	0
37	0
38	0
39	0
40	0
41	1
42	0
43	0
44	0
45	0
46	0
47	0
48	0
49	0
50	0
51	0
52	0
53	0
54	0
55	1
56	0
57	0
58	0
59	0
60	0
61	0
62	0
63	0
64	0
65	1
66	0
67	0
68	0
69	0
70	0
71	0
72	0
73	0
74	0
75	0
76	0
77	0
78	0
79	0
80	0
81	0
82	0
83	0
84	0
85	0
86	0
87	0
88	0
89	0
90	0
91	0
92	0
93	0
94	0
95	0
96	0
97	0
98	0
99	0
100	0
101	0
102	0
103	0
104	0
105	1
106	0
107	1
108	0
109	0
110	0
111	0
112	0
113	0
114	0
115	0
116	0
117	1
118	0
119	0
120	0
121	0
122	0
123	0
124	0
125	1
126	0
127	0
128	0
129	0
130	0
131	0
132	0
133	0
134	0
135	0
136	0
137	0
138	0
139	0
140	0
141	0
142	0
143	0
144	0
145	0
146	0
147	0
148	0
149	0
150	0
151	0
152	0
153	0
154	0
155	0
156	0
157	0
158	0
159	0
160	0
161	0
162	0
163	1
164	0
165	1
166	0
167	1
168	0
169	1
170	0
171	1
172	0
173	0
174	0
175	1
176	0
177	1
178	1
179	0
180	0
181	1
182	0
183	0
184	0
185	0
186	0
187	1
188	0
189	1
190	0
191	0
192	0
193	0
194	0
195	0
196	0
197	0
198	0
199	0
200	0
201	0
202	0
203	0
204	0
205	0
206	0
207	0
208	0
209	0
210	0
211	0
212	0
213	0
214	0
215	0
216	0
217	0
218	0
219	0
220	0
221	0
222	0
223	0
224	0
225	0
226	0
227	0
228	0
229	1
230	0
231	0
232	0
233	0
234	0
235	0
236	0
237	0
238	0
239	0
240	0
241	0
242	0
243	0
244	0
245	0
246	0
247	0
248	0
249	0
250	-1
251	0
252	0
253	0
254	0
255	0
256	0
257	0
258	0
259	0
260	0
261	0
262	0
263	0
264	0
265	0
266	0
267	0
268	0
269	0
270	0
271	2
272	0
273	1
274	0
275	1
276	0
277	0
278	0
279	2
280	0
281	1
282	0
283	1
284	0
285	1
286	0
287	0
288	0
289	0
290	0
291	0
292	0
293	0
294	0
295	0
296	0
297	1
298	0
299	1
300	0
301	0
302	0
303	0
304	0
305	0
306	0
307	1
308	0
309	1
310	0
311	1
312	0
313	1
314	0
315	0
316	0
317	0
318	0
319	0
320	0
321	0
322	0
323	0
324	0
325	0
326	0
327	0
328	0
329	0
330	0
331	0
332	0
333	0
334	0
335	0
336	0
337	0
338	0
339	1
340	0
341	0
342	0
343	0
344	0
345	0
346	0
347	0
348	0
349	0
350	0
351	0
352	0
353	0
354	0
355	0
356	0
357	0
358	0
359	1
360	0
361	1
362	0
363	0
364	0
365	1
366	0
367	0
368	0
369	0
370	0
371	0
372	0
373	0
374	0
375	0
376	0
377	0
378	0
379	0
380	-1
381	0
382	0
383	0
384	-1
385	0
386	0
387	0
388	0
389	0
390	0
391	0
392	0
393	0
394	0
395	0
396	0
397	0
398	0
399	1
400	0
401	0
402	0
403	0
404	0
405	0
406	0
407	0
408	0
409	0
410	0
411	0
412	0
413	0
414	0
415	0
416	0
417	0
418	0
419	0
420	0
421	0
422	0
423	0
424	0
425	0
426	0
427	0
428	0
429	0
430	0
431	0
432	0
433	2
434	0
435	2
436	0
437	4
438	4
439	5
440	6
441	11
442	8
443	13
444	13
445	17
446	17
447	22
448	23
449	27
450	27
451	34
452	33
453	39
454	39
455	46
456	45
457	50
458	51
459	55
460	56
461	60
462	61
463	63
464	65
465	68
466	69
467	72
468	72
469	76
470	73
471	76
472	75
473	79
474	77
475	80
476	80
477	81
478	80
479	81
480	81
481	83
482	80
483	82
484	80
485	82
486	81
487	81
488	79
489	81
490	77
491	77
492	74
493	75
494	73
495	75
496	74
497	76
498	76
499	78
500	62
501	70
502	65
503	66
504	66
505	66
506	63
507	64
508	59
509	61
510	56
511	57
512	55
513	56
514	53
515	53
516	51
517	50
518	47
519	47
520	45
521	46
522	42
523	44
524	40
525	42
526	39
527	39
528	35
529	37
530	32
531	34
532	29
533	31
534	28
535	28
536	27
537	27
538	26
539	27
540	25
541	24
542	22
543	24
544	21
545	21
546	18
547	19
548	15
549	18
550	13
551	17
552	11
553	15
554	9
555	12
556	9
557	11
558	8
559	10
560	8
561	10
562	8
563	9
564	7
565	9
566	5
567	6
568	5
569	6
570	5
571	6
572	4
573	5
574	4
575	4
576	3
577	4
578	3
579	3
580	2
581	2
582	1
583	2
584	2
585	3
586	0
587	2
588	0
589	0
590	0
591	0
592	0
593	0
594	0
595	0
596	0
597	0
598	0
599	0
600	-3
601	0
602	0
603	0
604	-2
605	0
606	0
607	-1
608	-3
609	-1
610	-2
611	0
612	-1
613	0
614	-1
615	0
616	-1
617	0
618	-2
619	-1
620	-1
621	0
622	-2
623	0
624	-2
625	0
626	-1
627	0
628	-1
629	0
630	-1
631	0
632	-1
633	0
634	-1
635	0
636	-2
637	0
638	-2
639	0
640	-2
641	0
642	-2
643	0
644	-1
645	-1
646	-2
647	0
648	-1
649	-1
650	-1
651	-1
652	-1
653	-1
654	0
655	0
656	-1
657	0
658	-1
659	0
660	-1
661	0
662	-1
663	-1
664	-2
665	0
666	-2
667	-1
668	-2
669	0
670	-2
671	0
672	-1
673	0
674	0
675	0
676	-1
677	0
678	-2
679	-1
680	-1
681	-1
682	-1
683	0
684	-1
685	0
686	-1
687	0
688	-1
689	-1
690	-1
691	0
692	-1
693	0
694	-1
695	0
696	-1
697	0
698	-1
699	0
700	0
701	0
702	-1
703	0
704	-1
705	0
706	0
707	0
708	-2
709	0
710	-1
711	0
712	-1
713	0
714	-1
715	0
716	-1
717	0
718	0
719	0
720	-1
721	0
722	-1
723	0
724	-1
725	0
726	-2
727	-1
728	-2
729	-1
730	-2
731	0
732	-3
733	0
734	-1
735	0
736	-2
737	-1
738	-1
739	0
740	-1
741	0
742	0
743	0
744	-1
745	0
746	-1
747	0
748	-2
749	0
750	-2
751	0
752	-2
753	-1
754	-2
755	0
756	0
757	0
758	-2
759	-1
760	-1
761	-1
762	-1
763	0
764	-1
765	0
766	-2
767	0
768	0
769	0
770	0
771	0
772	-2
773	0
774	-1
775	-1
776	-1
777	-1
778	-2
779	-1
780	-2
781	-1
782	-2
783	-1
784	-2
785	0
786	-1
787	-1
788	-2
789	-1
790	-3
791	-1
792	-4
793	-1
794	-3
795	-3
796	-3
797	-1
798	-2
799	-2
800	-3
801	-1
802	-3
803	-1
804	-3
805	0
806	-3
807	-1
808	-3
809	0
810	-2
811	-1
812	-1
813	-1
814	0
815	-1
816	-2
817	-1
818	-2
819	-1
820	-2
821	0
822	-2
823	0
824	-2
825	-1
826	-2
827	-2
828	-2
829	-1
830	-1
831	0
832	-2
833	0
834	-2
835	0
836	-3
837	-1
838	-2
839	-1
840	-2
841	-2
842	-2
843	-1
844	-2
845	0
846	-2
847	-1
848	-1
849	-1
850	-2
851	0
852	-2
853	0
854	-2
855	0
856	-2
857	0
858	-1
859	0
860	-2
861	0
862	-1
863	0
864	-1
865	-2
866	-2
867	-1
868	-3
869	0
870	-2
871	-1
872	-2
873	-2
874	-1
875	-1
876	-2
877	-1
878	-2
879	-1
880	-1
881	0
882	-3
883	-1
884	-2
885	-1
886	-2
887	-1
888	-3
889	-1
890	-2
891	-1
892	-3
893	-1
894	-2
895	0
896	-2
897	-1
898	-2
899	0
900	-2
901	0
902	-4
903	0
904	-2
905	-1
906	-1
907	-1
908	-1
909	-1
910	-1
911	-1
912	-1
913	0
914	-2
915	-1
916	-1
917	-1
918	-2
919	-1
920	-2
921	-1
922	-2
923	-1
924	-2
925	-1
926	-1
927	0
928	-2
929	0
930	-2
931	0
932	-1
933	0
934	-2
935	0
936	-2
937	-1
938	-2
939	0
940	-1
941	0
942	-2
943	0
944	-2
945	0
946	-1
947	0
948	-2
949	0
950	-2
951	0
952	-2
953	0
954	-1
955	0
956	-2
957	0
958	-1
959	0
960	-1
961	0
962	0
963	0
964	0
965	0
966	0
967	0
968	0
969	0
970	0
971	0
972	0
973	0
974	-1
975	0
976	0
977	0
978	0
979	0
980	0
981	0
982	0
983	0
984	-1
985	0
986	-1
987	0
988	0
989	0
990	-3
991	0
992	0
993	0
994	-1
995	0
996	-1
997	-1
998	-1
999	-1
1000	-2
1001	0
1002	0
1003	0
1004	-2
1005	-1
1006	-4
1007	-1
1008	-3
1009	-2
1010	-2
1011	0
1012	-3
1013	0
1014	-3
1015	-1
1016	-2
1017	-1
1018	-3
1019	-1
1020	-1
1021	-2
1022	-1
1023	0
1024	-2
1025	0
1026	-2
1027	-1
1028	-3
1029	-1
1030	-2
1031	-1
1032	-1
1033	0
1034	-2
1035	-1
1036	-2
1037	0
1038	-2
1039	-2
1040	-1
1041	-1
1042	-1
1043	0
1044	-1
1045	0
1046	-1
1047	-1
1048	-2
1049	0
1050	-2
1051	0
1052	-2
1053	-1
1054	-3
1055	0
1056	-2
1057	-1
1058	-2
1059	-1
1060	-3
1061	-1
1062	-4
1063	0
1064	-1
1065	0
1066	-3
1067	0
1068	-4
1069	-1
1070	-2
1071	-3
1072	-2
1073	-2
1074	-4
1075	-2
1076	-4
1077	-1
1078	-3
1079	-2
1080	-3
1081	-2
1082	-2
1083	-1
1084	-3
1085	-1
1086	-2
1087	-1
1088	-2
1089	-1
1090	-3
1091	-1
1092	-2
1093	-1
1094	-2
1095	-1
1096	-1
1097	0
1098	-1
1099	0
1100	-2
1101	-1
1102	-1
1103	-1
1104	-1
1105	0
1106	-2
1107	0
1108	-2
1109	0
1110	0
1111	0
1112	-2
1113	0
1114	-2
1115	-1
1116	-1
1117	-1
1118	-2
1119	0
1120	-2
1121	0
1122	-1
1123	-1
1124	-2
1125	-1
1126	-1
1127	-1
1128	-2
1129	-3
1130	-2
1131	-2
1132	-3
1133	-2
1134	-2
1135	-2
1136	-2
1137	0
1138	-3
1139	0
1140	-1
1141	0
1142	-2
1143	0
1144	-1
1145	-1
1146	-1
1147	0
1148	-2
1149	-1
1150	-1
1151	0
1152	-1
1153	0
1154	0
1155	0
1156	0
1157	0
1158	0
1159	0
1160	0
1161	0
1162	-1
1163	0
1164	-1
1165	1
1166	-1
1167	0
1168	0
1169	1
1170	-1
1171	0
1172	0
1173	0
1174	0
1175	0
1176	0
1177	0
1178	0
1179	1
1180	0
1181	1
1182	0
1183	1
1184	0
1185	0
1186	0
1187	0
1188	0
1189	0
1190	0
1191	0
1192	0
1193	0
1194	0
1195	0
1196	0
1197	0
1198	0
1199	0
1200	0
1201	0
1202	0
1203	0
1204	0
1205	0
1206	0
1207	0
1208	-1
1209	0
1210	-1
1211	0
1212	0
1213	0
1214	0
1215	0
1216	0
1217	0
1218	0
1219	0
1220	0
1221	0
1222	0
1223	0
1224	0
1225	0
1226	0
1227	0
1228	0
1229	0
1230	0
1231	0
1232	0
1233	0
1234	0
1235	0
1236	0
1237	0
1238	-1
1239	0
1240	-1
1241	0
1242	-2
1243	0
1244	-2
1245	0
1246	-2
1247	0
1248	-3
1249	0
1250	-3
1251	0
1252	-2
1253	0
1254	-1
1255	0
1256	-1
1257	0
1258	-2
1259	-1
1260	-1
1261	-1
1262	-2
1263	-1
1264	-1
1265	-1
1266	-1
1267	-1
1268	0
1269	0
1270	-1
1271	0
1272	-2
1273	-1
1274	-2
1275	0
1276	-1
1277	0
1278	-1
1279	0
1280	0
1281	0
1282	-1
1283	0
1284	-1
1285	0
1286	0
1287	0
1288	0
1289	0
1290	0
1291	0
1292	0
1293	0
1294	-1
1295	0
1296	-2
1297	-1
1298	-1
1299	-1
1300	-1
1301	0
1302	-2
1303	-1
1304	-1
1305	0
1306	-1
1307	-1
1308	-1
1309	0
1310	-3
1311	0
1312	-1
1313	-2
1314	-1
1315	0
1316	-1
1317	0
1318	-1
1319	0
1320	-2
1321	0
1322	-2
1323	0
1324	-2
1325	0
1326	-2
1327	0
1328	-1
1329	0
1330	-2
1331	0
1332	-1
1333	0
1334	-2
1335	0
1336	-2
1337	0
1338	-1
1339	0
1340	-1
1341	-1
1342	-2
1343	-1
1344	-2
1345	0
1346	-2
1347	-1
1348	-1
1349	0
1350	-1
1351	0
1352	-2
1353	0
1354	-2
1355	-1
1356	-1
1357	-1
1358	-1
1359	-1
1360	-1
1361	-1
1362	-1
1363	0
1364	0
1365	0
1366	0
1367	0
1368	0
1369	0
1370	-1
1371	0
1372	0
1373	0
1374	0
1375	0
1376	0
1377	0
1378	-1
1379	0
1380	-1
1381	0
1382	0
1383	0
1384	0
1385	0
1386	0
1387	0
1388	0
1389	0
1390	-1
1391	0
1392	0
1393	0
1394	0
1395	0
1396	0
1397	0
1398	-1
1399	0
1400	-2
1401	0
1402	-2
1403	-1
1404	-2
1405	-1
1406	-2
1407	0
1408	0
1409	0
1410	-1
1411	-1
1412	-1
1413	-1
1414	-1
1415	-1
1416	-3
1417	-1
1418	-1
1419	-1
1420	-1
1421	-1
1422	-2
1423	-1
1424	-3
1425	-1
1426	-2
1427	0
1428	-2
1429	-1
1430	-2
1431	-1
1432	-2
1433	0
1434	-1
1435	0
1436	0
1437	0
1438	-1
1439	0
1440	-1
1441	0
1442	-1
1443	0
1444	-2
1445	0
1446	-1
1447	-1
1448	-1
1449	0
1450	-1
1451	-1
1452	-1
1453	0
1454	0
1455	0
1456	-1
1457	0
1458	-2
1459	0
1460	-2
1461	0
1462	-1
1463	0
1464	-1
1465	0
1466	-1
1467	-1
1468	-1
1469	-1
1470	-1
1471	0
1472	-1
1473	0
1474	-2
1475	0
1476	-1
1477	0
1478	0
1479	0
1480	-2
1481	0
1482	-1
1483	0
1484	0
1485	0
1486	0
1487	0
1488	-1
1489	0
1490	0
1491	0
1492	-1
1493	0
1494	-1
1495	0
1496	0
1497	0
1498	-1
1499	0
1500	-1
1501	-2
1502	-1
1503	-1
1504	-1
1505	0
1506	0
1507	-1
1508	0
1509	-1
1510	-1
1511	0
1512	-2
1513	0
1514	-2
1515	0
1516	-1
1517	0
1518	-2
1519	0
1520	-1
1521	0
1522	-1
1523	0
1524	-1
1525	0
1526	-1
1527	0
1528	-1
1529	0
1530	0
1531	-1
1532	-1
1533	-1
1534	-2
1535	0
1536	-2
1537	-1
1538	-2
1539	0
1540	-1
1541	-2
1542	-1
1543	-1
1544	-1
1545	-1
1546	-2
1547	0
1548	-1
1549	-1
1550	-1
1551	-2
1552	-2
1553	0
1554	-2
1555	-1
1556	-2
1557	-1
1558	-2
1559	-1
1560	-1
1561	0
1562	-1
1563	0
1564	-2
1565	0
1566	0
1567	0
1568	-1
1569	0
1570	-1
1571	0
1572	-1
1573	0
1574	0
1575	0
1576	0
1577	0
1578	0
1579	0
1580	-1
1581	0
1582	0
1583	0
1584	0
1585	0
1586	0
1587	0
1588	0
1589	0
1590	-1
1591	0
1592	-1
1593	0
1594	0
1595	0
1596	0
1597	0
1598	0
1599	0
1600	0
1601	0
1602	0
1603	-1
1604	-1
1605	0
1606	-1
1607	-1
1608	-1
1609	0
1610	-2
1611	-1
1612	-2
1613	-1
1614	-2
1615	0
1616	-2
1617	-1
1618	-2
1619	0
1620	-1
1621	0
1622	-1
1623	0
1624	0
1625	0
1626	-1
1627	-1
1628	-1
1629	-1
1630	-2
1631	-1
1632	-1
1633	-1
1634	-1
1635	0
1636	-2
1637	0
1638	0
1639	0
1640	-1
1641	0
1642	-1
1643	0
1644	0
1645	0
1646	-1
1647	0
1648	-1
1649	0
1650	0
1651	0
1652	0
1653	0
1654	0
1655	0
1656	0
1657	0
1658	-1
1659	0
1660	-1
1661	-1
1662	0
1663	0
1664	0
1665	0
1666	0
1667	0
1668	0
1669	0
1670	0
1671	0
1672	-1
1673	0
1674	0
1675	0
1676	-1
1677	0
1678	0
1679	0
1680	0
1681	0
1682	0
1683	0
1684	0
1685	0
1686	0
1687	0
1688	0
1689	0
1690	0
1691	0
1692	0
1693	0
1694	0
1695	0
1696	0
1697	0
1698	0
1699	0
1700	0
1701	0
1702	0
1703	0
1704	0
1705	1
1706	0
1707	0
1708	0
1709	0
1710	0
1711	2
1712	0
1713	1
1714	0
1715	2
1716	1
1717	1
1718	0
1719	1
1720	0
1721	1
1722	1
1723	1
1724	1
1725	1
1726	1
1727	2
1728	1
1729	2
1730	0
1731	2
1732	0
1733	1
1734	0
1735	1
1736	0
1737	0
1738	1
1739	1
1740	1
1741	1
1742	0
1743	0
1744	0
1745	1
1746	0
1747	0
1748	0
1749	0
1750	0
1751	0
1752	0
1753	0
1754	0
1755	0
1756	0
1757	0
1758	0
1759	0
1760	0
1761	0
1762	0
1763	0
1764	0
1765	0
1766	0
1767	0
1768	0
1769	0
1770	0
1771	0
1772	0
1773	0
1774	0
1775	0
1776	0
1777	0
1778	0
1779	0
1780	0
1781	0
1782	0
1783	1
1784	0
1785	1
1786	0
1787	1
1788	0
1789	1
1790	0
1791	1
1792	0
1793	2
1794	0
1795	1
1796	1
1797	1
1798	0
1799	2
1800	1
1801	2
1802	1
1803	2
1804	2
1805	1
1806	1
1807	2
1808	2
1809	1
1810	1
1811	1
1812	1
1813	2
1814	1
1815	2
1816	0
1817	1
1818	0
1819	2
1820	0
1821	2
1822	0
1823	1
1824	0
1825	1
1826	0
1827	1
1828	0
1829	1
1830	0
1831	1
1832	0
1833	1
1834	0
1835	0
1836	0
1837	0
1838	-1
1839	0
1840	0
1841	0
1842	0
1843	0
1844	0
1845	0
1846	0
1847	0
1848	0
1849	0
1850	0
1851	0
1852	0
1853	0
1854	0
1855	0
1856	0
1857	0
1858	0
1859	0
1860	0
1861	0
1862	0
1863	0
1864	0
1865	0
1866	0
1867	0
1868	0
1869	0
1870	-1
1871	0
1872	0
1873	-1
1874	0
1875	0
1876	-1
1877	0
1878	-1
1879	-1
1880	-1
1881	0
1882	-1
1883	-1
1884	-2
1885	-1
1886	-2
1887	-1
1888	-2
1889	-1
1890	-3
1891	-1
1892	-2
1893	0
1894	-1
1895	0
1896	0
1897	0
1898	0
1899	0
1900	0
1901	0
1902	-1
1903	0
1904	0
1905	0
1906	0
1907	0
1908	0
1909	0
1910	0
1911	0
1912	0
1913	0
1914	0
1915	0
1916	-1
1917	0
1918	0
1919	0
1920	0
1921	0
1922	-1
1923	-1
1924	-2
1925	0
1926	-1
1927	0
1928	-1
1929	0
1930	0
1931	0
1932	0
1933	0
1934	0
1935	0
1936	0
1937	0
1938	0
1939	0
1940	0
1941	0
1942	0
1943	0
1944	0
1945	0
1946	-1
1947	0
1948	0
1949	0
1950	0
1951	0
1952	0
1953	0
1954	-1
1955	0
1956	-1
1957	0
1958	-1
1959	0
1960	0
1961	0
1962	-1
1963	0
1964	-1
1965	-1
1966	-1
1967	-1
1968	-1
1969	-1
1970	-1
1971	-1
1972	-1
1973	-1
1974	-1
1975	0
1976	-1
1977	0
1978	0
1979	0
1980	0
1981	0
1982	0
1983	0
1984	0
1985	0
1986	0
1987	0
1988	-1
1989	0
1990	-1
1991	0
1992	-1
1993	0
1994	0
1995	0
1996	0
1997	0
1998	0
1999	0
