0	0
1	0
2	0
3	0
4	0
5	0
6	0
7	0
8	-1
9	0
10	0
11	0
12	0
13	0
14	0
15	0
16	0
17	0
18	0
19	0
20	0
21	0
22	0
23	0
24	0
25	0
26	0
27	0
28	0
29	0
30	0
31	0
32	0
33	0
34	0
35	0
36	0
37	0
38	0
39	0
40	0
41	0
42	0
43	0
44	0
45	0
46	0
47	0
48	0
49	0
50	0
51	1
52	0
53	0
54	0
55	0
56	0
57	0
58	0
59	0
60	0
61	0
62	0
63	0
64	0
65	0
66	0
67	0
68	0
69	0
70	0
71	0
72	0
73	0
74	0
75	1
76	0
77	0
78	0
79	0
80	0
81	0
82	-1
83	0
84	0
85	0
86	0
87	0
88	-1
89	0
90	0
91	0
92	0
93	0
94	0
95	0
96	0
97	0
98	0
99	0
100	0
101	0
102	0
103	0
104	0
105	0
106	0
107	0
108	0
109	0
110	0
111	0
112	0
113	0
114	0
115	0
116	0
117	0
118	0
119	0
120	0
121	0
122	0
123	1
124	0
125	1
126	0
127	0
128	0
129	0
130	0
131	0
132	0
133	0
134	-1
135	0
136	0
137	0
138	0
139	1
140	0
141	0
142	0
143	1
144	0
145	1
146	0
147	1
148	0
149	1
150	0
151	1
152	1
153	1
154	0
155	1
156	1
157	1
158	1
159	1
160	0
161	2
162	0
163	1
164	1
165	1
166	1
167	1
168	1
169	1
170	0
171	1
172	0
173	1
174	0
175	1
176	0
177	1
178	0
179	1
180	0
181	1
182	0
183	1
184	0
185	0
186	0
187	0
188	0
189	0
190	0
191	0
192	0
193	0
194	0
195	0
196	0
197	0
198	0
199	0
200	0
201	0
202	0
203	1
204	0
205	0
206	0
207	1
208	0
209	0
210	0
211	1
212	0
213	0
214	0
215	0
216	0
217	0
218	0
219	0
220	0
221	0
222	0
223	0
224	0
225	0
226	0
227	0
228	0
229	0
230	0
231	0
232	0
233	0
234	0
235	0
236	0
237	0
238	0
239	0
240	0
241	0
242	0
243	0
244	0
245	0
246	0
247	0
248	0
249	0
250	0
251	0
252	0
253	0
254	0
255	0
256	0
257	0
258	0
259	0
260	-1
261	0
262	0
263	0
264	0
265	0
266	0
267	0
268	0
269	0
270	0
271	0
272	0
273	0
274	0
275	0
276	0
277	0
278	0
279	0
280	0
281	0
282	0
283	0
284	0
285	0
286	0
287	0
288	0
289	0
290	0
291	0
292	0
293	0
294	0
295	0
296	0
297	0
298	0
299	0
300	0
301	0
302	0
303	0
304	0
305	0
306	0
307	0
308	0
309	0
310	0
311	0
312	0
313	0
314	0
315	0
316	0
317	0
318	0
319	0
320	0
321	0
322	0
323	0
324	0
325	0
326	0
327	0
328	0
329	0
330	0
331	0
332	0
333	0
334	0
335	0
336	0
337	0
338	0
339	0
340	0
341	1
342	0
343	0
344	0
345	0
346	-1
347	0
348	0
349	0
350	0
351	0
352	0
353	0
354	0
355	0
356	0
357	0
358	0
359	0
360	0
361	0
362	0
363	0
364	-1
365	0
366	0
367	0
368	0
369	0
370	0
371	0
372	0
373	0
374	0
375	0
376	0
377	0
378	0
379	0
380	0
381	0
382	0
383	0
384	0
385	0
386	0
387	0
388	0
389	0
390	0
391	0
392	0
393	0
394	0
395	0
396	0
397	0
398	0
399	0
400	0
401	0
402	0
403	0
404	0
405	0
406	0
407	0
408	0
409	0
410	0
411	0
412	0
413	0
414	0
415	0
416	0
417	0
418	0
419	0
420	0
421	0
422	0
423	0
424	0
425	0
426	0
427	0
428	0
429	0
430	0
431	0
432	-1
433	0
434	0
435	0
436	0
437	0
438	0
439	0
440	0
441	0
442	0
443	0
444	0
445	0
446	0
447	0
448	0
449	0
450	0
451	0
452	0
453	0
454	0
455	0
456	0
457	0
458	0
459	1
460	0
461	1
462	0
463	3
464	1
465	6
466	4
467	9
468	8
469	12
470	13
471	18
472	17
473	23
474	23
475	27
476	26
477	33
478	31
479	38
480	37
481	43
482	41
483	45
484	46
485	52
486	49
487	55
488	53
489	60
490	59
491	61
492	61
493	63
494	62
495	64
496	64
497	65
498	66
499	78
500	62
501	68
502	66
503	68
504	66
505	69
506	65
507	67
508	64
509	66
510	64
511	65
512	62
513	64
514	59
515	62
516	56
517	59
518	54
519	55
520	52
521	53
522	50
523	52
524	49
525	49
526	47
527	48
528	41
529	45
530	39
531	41
532	37
533	39
534	36
535	38
536	33
537	36
538	32
539	33
540	30
541	31
542	27
543	30
544	25
545	29
546	22
547	26
548	22
549	23
550	20
551	22
552	17
553	19
554	16
555	19
556	15
557	17
558	15
559	16
560	14
561	16
562	13
563	15
564	10
565	13
566	10
567	14
568	9
569	12
570	8
571	11
572	5
573	9
574	5
575	9
576	3
577	8
578	3
579	6
580	3
581	6
582	2
583	7
584	1
585	5
586	0
587	3
588	0
589	3
590	0
591	2
592	0
593	1
594	0
595	1
596	0
597	2
598	0
599	1
600	0
601	0
602	0
603	1
604	0
605	0
606	0
607	0
608	0
609	0
610	0
611	0
612	0
613	0
614	0
615	0
616	0
617	0
618	0
619	0
620	0
621	0
622	0
623	0
624	0
625	0
626	0
627	0
628	0
629	0
630	0
631	0
632	0
633	0
634	0
635	0
636	0
637	0
638	0
639	0
640	0
641	0
642	0
643	0
644	0
645	0
646	0
647	0
648	0
649	0
650	0
651	0
652	0
653	0
654	0
655	0
656	0
657	0
658	0
659	0
660	0
661	0
662	0
663	0
664	0
665	0
666	-1
667	0
668	0
669	0
670	0
671	0
672	-1
673	0
674	0
675	0
676	0
677	0
678	-1
679	0
680	0
681	0
682	0
683	0
684	0
685	0
686	0
687	0
688	0
689	0
690	0
691	0
692	0
693	0
694	0
695	0
696	0
697	0
698	0
699	0
700	0
701	0
702	0
703	0
704	0
705	0
706	0
707	0
708	0
709	0
710	0
711	0
712	0
713	0
714	0
715	0
716	-1
717	0
718	-1
719	0
720	0
721	0
722	0
723	0
724	0
725	0
726	0
727	0
728	0
729	0
730	0
731	0
732	0
733	0
734	0
735	0
736	0
737	0
738	0
739	0
740	0
741	0
742	0
743	0
744	0
745	0
746	0
747	0
748	0
749	0
750	0
751	0
752	0
753	0
754	0
755	0
756	0
757	0
758	0
759	0
760	0
761	0
762	0
763	0
764	0
765	1
766	0
767	1
768	0
769	1
770	0
771	0
772	0
773	1
774	0
775	1
776	0
777	0
778	0
779	0
780	0
781	1
782	0
783	1
784	0
785	1
786	0
787	1
788	0
789	0
790	0
791	1
792	0
793	0
794	0
795	0
796	0
797	0
798	0
799	1
800	0
801	0
802	0
803	0
804	0
805	0
806	0
807	0
808	0
809	0
810	0
811	0
812	0
813	0
814	0
815	0
816	0
817	0
818	0
819	0
820	0
821	0
822	0
823	0
824	0
825	0
826	0
827	0
828	0
829	0
830	0
831	0
832	0
833	0
834	0
835	0
836	0
837	0
838	-1
839	0
840	0
841	0
842	0
843	0
844	0
845	0
846	0
847	0
848	-2
849	0
850	-1
851	0
852	-1
853	0
854	-1
855	0
856	-1
857	0
858	-1
859	0
860	-1
861	0
862	0
863	0
864	0
865	0
866	0
867	0
868	0
869	0
870	0
871	0
872	-1
873	0
874	-1
875	0
876	0
877	0
878	0
879	0
880	0
881	0
882	0
883	0
884	0
885	0
886	-2
887	0
888	0
889	0
890	-1
891	0
892	-2
893	0
894	-1
895	0
896	0
897	0
898	-1
899	0
900	0
901	0
902	0
903	0
904	-1
905	0
906	0
907	0
908	0
909	0
910	0
911	0
912	0
913	0
914	0
915	0
916	0
917	0
918	0
919	0
920	0
921	0
922	0
923	0
924	-1
925	0
926	-1
927	0
928	0
929	0
930	-1
931	0
932	-1
933	0
934	-2
935	0
936	-1
937	0
938	-1
939	0
940	-2
941	0
942	-1
943	0
944	-2
945	0
946	-1
947	0
948	-2
949	0
950	-1
951	0
952	0
953	0
954	-1
955	0
956	0
957	0
958	0
959	0
960	-1
961	0
962	0
963	0
964	-1
965	0
966	0
967	0
968	0
969	0
970	-1
971	0
972	-2
973	0
974	-1
975	0
976	0
977	0
978	0
979	0
980	0
981	0
982	-1
983	0
984	0
985	0
986	0
987	0
988	-1
989	0
990	-2
991	0
992	-1
993	0
994	0
995	0
996	-1
997	0
998	-1
999	0
1000	-1
1001	0
1002	-2
1003	0
1004	-1
1005	0
1006	-1
1007	0
1008	0
1009	0
1010	0
1011	0
1012	0
1013	0
1014	0
1015	0
1016	-1
1017	0
1018	0
1019	0
1020	0
1021	0
1022	-1
1023	0
1024	-1
1025	-1
1026	-1
1027	-1
1028	-2
1029	0
1030	-1
1031	0
1032	-2
1033	0
1034	-2
1035	0
1036	-2
1037	0
1038	-2
1039	0
1040	-2
1041	0
1042	-1
1043	0
1044	-1
1045	0
1046	-1
1047	0
1048	-1
1049	0
1050	-1
1051	0
1052	0
1053	0
1054	-1
1055	0
1056	0
1057	0
1058	0
1059	0
1060	-1
1061	0
1062	0
1063	0
1064	-1
1065	0
1066	-1
1067	0
1068	-1
1069	0
1070	0
1071	0
1072	-1
1073	0
1074	0
1075	0
1076	0
1077	0
1078	-1
1079	0
1080	-2
1081	-1
1082	-2
1083	-1
1084	0
1085	0
1086	0
1087	0
1088	0
1089	0
1090	0
1091	0
1092	-1
1093	0
1094	-1
1095	0
1096	-2
1097	0
1098	-1
1099	0
1100	-2
1101	0
1102	-2
1103	0
1104	-3
1105	0
1106	-1
1107	0
1108	-1
1109	0
1110	-1
1111	0
1112	-1
1113	0
1114	0
1115	0
1116	-1
1117	-1
1118	-2
1119	0
1120	-2
1121	0
1122	0
1123	0
1124	-2
1125	0
1126	-3
1127	0
1128	-1
1129	0
1130	-2
1131	0
1132	-2
1133	0
1134	-1
1135	0
1136	-1
1137	0
1138	-1
1139	0
1140	-1
1141	0
1142	0
1143	0
1144	-2
1145	0
1146	0
1147	0
1148	0
1149	0
1150	0
1151	0
1152	-1
1153	0
1154	0
1155	0
1156	0
1157	0
1158	0
1159	0
1160	-1
1161	0
1162	-1
1163	0
1164	-1
1165	0
1166	-1
1167	0
1168	-1
1169	0
1170	-1
1171	0
1172	-1
1173	0
1174	0
1175	0
1176	0
1177	0
1178	-1
1179	0
1180	-1
1181	0
1182	0
1183	0
1184	0
1185	0
1186	0
1187	0
1188	-1
1189	0
1190	-1
1191	0
1192	0
1193	0
1194	-1
1195	0
1196	0
1197	0
1198	-1
1199	0
1200	0
1201	0
1202	-1
1203	0
1204	-1
1205	0
1206	0
1207	0
1208	-1
1209	0
1210	0
1211	0
1212	0
1213	0
1214	0
1215	0
1216	0
1217	0
1218	0
1219	1
1220	0
1221	0
1222	0
1223	0
1224	0
1225	0
1226	0
1227	0
1228	0
1229	0
1230	0
1231	0
1232	-1
1233	0
1234	0
1235	0
1236	0
1237	0
1238	0
1239	0
1240	-1
1241	0
1242	0
1243	0
1244	-1
1245	0
1246	-1
1247	0
1248	-2
1249	0
1250	-1
1251	0
1252	-1
1253	0
1254	-1
1255	0
1256	-2
1257	0
1258	0
1259	0
1260	-1
1261	0
1262	-1
1263	0
1264	0
1265	0
1266	0
1267	0
1268	-1
1269	0
1270	-1
1271	0
1272	0
1273	0
1274	0
1275	0
1276	0
1277	0
1278	-1
1279	-1
1280	0
1281	0
1282	0
1283	0
1284	-1
1285	-1
1286	-1
1287	0
1288	-1
1289	0
1290	-1
1291	0
1292	-1
1293	0
1294	-1
1295	0
1296	-1
1297	0
1298	-1
1299	0
1300	-2
1301	0
1302	-1
1303	0
1304	-2
1305	0
1306	-1
1307	0
1308	-1
1309	0
1310	-1
1311	0
1312	0
1313	0
1314	-1
1315	0
1316	-1
1317	0
1318	-1
1319	0
1320	0
1321	0
1322	0
1323	0
1324	-1
1325	0
1326	0
1327	0
1328	-1
1329	0
1330	-1
1331	0
1332	-1
1333	0
1334	0
1335	0
1336	0
1337	0
1338	-2
1339	0
1340	0
1341	0
1342	-2
1343	0
1344	-3
1345	0
1346	-2
1347	-1
1348	0
1349	0
1350	-1
1351	0
1352	-1
1353	0
1354	-1
1355	0
1356	-1
1357	0
1358	-1
1359	0
1360	-1
1361	0
1362	0
1363	0
1364	-2
1365	0
1366	0
1367	0
1368	-1
1369	0
1370	-1
1371	0
1372	0
1373	0
1374	-1
1375	0
1376	-1
1377	-1
1378	0
1379	0
1380	0
1381	0
1382	0
1383	0
1384	0
1385	-1
1386	-1
1387	0
1388	-1
1389	0
1390	0
1391	0
1392	-1
1393	0
1394	0
1395	0
1396	0
1397	0
1398	-1
1399	0
1400	-1
1401	0
1402	0
1403	0
1404	0
1405	0
1406	0
1407	0
1408	-1
1409	0
1410	-2
1411	0
1412	-1
1413	0
1414	-2
1415	0
1416	-1
1417	0
1418	0
1419	0
1420	-1
1421	0
1422	-1
1423	0
1424	0
1425	0
1426	0
1427	0
1428	-1
1429	0
1430	0
1431	0
1432	-1
1433	0
1434	-1
1435	0
1436	0
1437	0
1438	0
1439	0
1440	0
1441	0
1442	-1
1443	0
1444	0
1445	0
1446	0
1447	0
1448	0
1449	0
1450	-1
1451	0
1452	0
1453	0
1454	-1
1455	0
1456	-1
1457	0
1458	-1
1459	0
1460	-1
1461	0
1462	-1
1463	0
1464	-2
1465	0
1466	-1
1467	0
1468	0
1469	0
1470	-1
1471	0
1472	-1
1473	0
1474	-2
1475	0
1476	-2
1477	0
1478	-1
1479	0
1480	-2
1481	0
1482	0
1483	0
1484	-1
1485	0
1486	-2
1487	0
1488	0
1489	0
1490	0
1491	0
1492	0
1493	0
1494	-2
1495	0
1496	0
1497	0
1498	-1
1499	0
1500	-1
1501	0
1502	0
1503	0
1504	-1
1505	0
1506	-1
1507	0
1508	-2
1509	0
1510	-1
1511	0
1512	-2
1513	0
1514	0
1515	0
1516	0
1517	0
1518	-1
1519	0
1520	-1
1521	0
1522	-1
1523	0
1524	-1
1525	0
1526	0
1527	0
1528	-1
1529	0
1530	-1
1531	0
1532	-1
1533	0
1534	-1
1535	0
1536	-1
1537	0
1538	0
1539	0
1540	-1
1541	0
1542	-2
1543	0
1544	-1
1545	0
1546	0
1547	0
1548	-1
1549	0
1550	0
1551	0
1552	-1
1553	0
1554	-1
1555	0
1556	-1
1557	0
1558	-1
1559	0
1560	0
1561	0
1562	0
1563	0
1564	-1
1565	0
1566	-1
1567	0
1568	0
1569	0
1570	-1
1571	0
1572	-1
1573	0
1574	-1
1575	0
1576	-1
1577	0
1578	-1
1579	0
1580	-2
1581	0
1582	0
1583	0
1584	-2
1585	0
1586	-2
1587	0
1588	-1
1589	0
1590	-1
1591	0
1592	-1
1593	0
1594	-1
1595	0
1596	-1
1597	0
1598	-2
1599	0
1600	-1
1601	0
1602	0
1603	0
1604	-1
1605	0
1606	-2
1607	0
1608	-1
1609	0
1610	0
1611	0
1612	0
1613	0
1614	-1
1615	0
1616	0
1617	0
1618	-1
1619	0
1620	-1
1621	0
1622	-1
1623	0
1624	0
1625	0
1626	0
1627	0
1628	0
1629	0
1630	0
1631	0
1632	0
1633	0
1634	0
1635	0
1636	0
1637	0
1638	-1
1639	0
1640	-1
1641	0
1642	0
1643	0
1644	-1
1645	0
1646	-1
1647	0
1648	0
1649	0
1650	-1
1651	0
1652	-1
1653	0
1654	-1
1655	0
1656	-1
1657	0
1658	-1
1659	0
1660	-1
1661	0
1662	0
1663	0
1664	-1
1665	0
1666	0
1667	0
1668	0
1669	0
1670	0
1671	0
1672	0
1673	0
1674	0
1675	0
1676	-1
1677	0
1678	-1
1679	0
1680	-1
1681	0
1682	-1
1683	-1
1684	-1
1685	0
1686	-1
1687	0
1688	-2
1689	0
1690	0
1691	0
1692	-2
1693	0
1694	-1
1695	0
1696	-1
1697	0
1698	-1
1699	0
1700	-1
1701	0
1702	0
1703	0
1704	0
1705	0
1706	0
1707	0
1708	0
1709	0
1710	-1
1711	0
1712	-1
1713	0
1714	-1
1715	0
1716	-2
1717	0
1718	0
1719	0
1720	0
1721	0
1722	-2
1723	0
1724	-1
1725	0
1726	-1
1727	0
1728	0
1729	0
1730	-1
1731	0
1732	-1
1733	0
1734	-1
1735	0
1736	0
1737	0
1738	-1
1739	0
1740	-1
1741	0
1742	-1
1743	-1
1744	0
1745	0
1746	-1
1747	-1
1748	-1
1749	0
1750	-1
1751	0
1752	-1
1753	0
1754	-1
1755	0
1756	0
1757	0
1758	-1
1759	0
1760	0
1761	0
1762	-1
1763	0
1764	0
1765	0
1766	0
1767	0
1768	0
1769	0
1770	0
1771	0
1772	0
1773	0
1774	-1
1775	0
1776	0
1777	0
1778	-1
1779	0
1780	-1
1781	0
1782	0
1783	0
1784	0
1785	0
1786	-2
1787	0
1788	0
1789	0
1790	-1
1791	0
1792	-1
1793	0
1794	-1
1795	0
1796	0
1797	0
1798	-1
1799	0
1800	-2
1801	0
1802	0
1803	0
1804	-1
1805	0
1806	0
1807	0
1808	-1
1809	0
1810	0
1811	0
1812	0
1813	0
1814	0
1815	0
1816	-1
1817	0
1818	0
1819	0
1820	0
1821	0
1822	0
1823	0
1824	0
1825	0
1826	0
1827	0
1828	0
1829	0
1830	0
1831	0
1832	0
1833	0
1834	0
1835	0
1836	0
1837	0
1838	0
1839	0
1840	0
1841	0
1842	-1
1843	0
1844	0
1845	0
1846	0
1847	0
1848	0
1849	0
1850	0
1851	0
1852	0
1853	0
1854	-1
1855	0
1856	-1
1857	0
1858	0
1859	0
1860	0
1861	0
1862	-1
1863	0
1864	0
1865	0
1866	-1
1867	0
1868	0
1869	0
1870	0
1871	-1
1872	-1
1873	0
1874	-2
1875	0
1876	-1
1877	0
1878	-2
1879	0
1880	-1
1881	0
1882	-1
1883	0
1884	0
1885	0
1886	-1
1887	0
1888	0
1889	0
1890	-1
1891	0
1892	-1
1893	0
1894	-1
1895	0
1896	0
1897	0
1898	0
1899	0
1900	0
1901	0
1902	0
1903	0
1904	0
1905	0
1906	-1
1907	0
1908	0
1909	0
1910	-1
1911	0
1912	-2
1913	0
1914	0
1915	0
1916	0
1917	0
1918	0
1919	0
1920	0
1921	0
1922	0
1923	0
1924	0
1925	0
1926	-1
1927	0
1928	0
1929	0
1930	-1
1931	0
1932	-1
1933	0
1934	-1
1935	0
1936	-1
1937	0
1938	-1
1939	0
1940	-2
1941	0
1942	-1
1943	-1
1944	-1
1945	0
1946	-1
1947	0
1948	0
1949	0
1950	0
1951	0
1952	0
1953	0
1954	0
1955	0
1956	-1
1957	0
1958	-1
1959	0
1960	0
1961	0
1962	0
1963	0
1964	0
1965	0
1966	0
1967	0
1968	-1
1969	0
1970	0
1971	0
1972	0
1973	0
1974	0
1975	0
1976	0
1977	0
1978	0
1979	0
1980	0
1981	0
1982	-1
1983	0
1984	0
1985	0
1986	0
1987	0
1988	0
1989	0
1990	-2
1991	0
1992	-1
1993	0
1994	0
1995	0
1996	-1
1997	0
1998	-1
1999	0
