0	0
1	0
2	0
3	0
4	0
5	0
6	0
7	0
8	0
9	0
10	0
11	0
12	0
13	0
14	0
15	0
16	0
17	0
18	-1
19	0
20	0
21	0
22	0
23	0
24	0
25	0
26	0
27	0
28	0
29	0
30	0
31	0
32	-1
33	0
34	0
35	0
36	0
37	0
38	0
39	0
40	0
41	0
42	0
43	0
44	0
45	0
46	0
47	1
48	0
49	0
50	0
51	0
52	0
53	1
54	0
55	0
56	0
57	0
58	0
59	0
60	0
61	0
62	0
63	1
64	0
65	0
66	0
67	0
68	0
69	1
70	0
71	0
72	0
73	0
74	0
75	0
76	0
77	0
78	0
79	0
80	0
81	0
82	0
83	0
84	0
85	0
86	0
87	0
88	0
89	0
90	0
91	0
92	0
93	0
94	0
95	0
96	0
97	0
98	-1
99	0
100	0
101	0
102	0
103	0
104	0
105	0
106	0
107	0
108	0
109	0
110	0
111	0
112	0
113	0
114	0
115	0
116	0
117	0
118	0
119	0
120	0
121	0
122	0
123	0
124	0
125	0
126	0
127	0
128	0
129	0
130	0
131	0
132	0
133	0
134	-1
135	0
136	0
137	0
138	-1
139	0
140	0
141	0
142	-1
143	0
144	0
145	0
146	0
147	0
148	0
149	0
150	0
151	0
152	0
153	0
154	0
155	0
156	0
157	0
158	0
159	0
160	0
161	0
162	0
163	0
164	0
165	1
166	0
167	1
168	0
169	0
170	0
171	0
172	0
173	0
174	0
175	0
176	0
177	0
178	0
179	0
180	0
181	0
182	0
183	0
184	0
185	0
186	0
187	0
188	0
189	0
190	0
191	0
192	0
193	0
194	0
195	0
196	0
197	0
198	0
199	0
200	0
201	0
202	0
203	0
204	0
205	0
206	0
207	0
208	0
209	0
210	0
211	0
212	0
213	0
214	0
215	0
216	0
217	0
218	0
219	0
220	0
221	0
222	0
223	1
224	0
225	0
226	0
227	1
228	-1
229	0
230	0
231	0
232	0
233	0
234	0
235	0
236	0
237	0
238	0
239	0
240	-1
241	0
242	0
243	0
244	0
245	0
246	0
247	0
248	0
249	1
250	0
251	1
252	0
253	1
254	0
255	0
256	0
257	0
258	0
259	0
260	0
261	0
262	0
263	0
264	0
265	0
266	0
267	0
268	0
269	0
270	0
271	0
272	0
273	0
274	0
275	0
276	0
277	0
278	0
279	0
280	0
281	0
282	0
283	0
284	0
285	0
286	0
287	0
288	0
289	0
290	0
291	0
292	0
293	0
294	0
295	0
296	0
297	0
298	0
299	0
300	0
301	0
302	0
303	0
304	0
305	0
306	0
307	0
308	-1
309	0
310	0
311	0
312	0
313	0
314	0
315	0
316	0
317	0
318	0
319	0
320	0
321	0
322	0
323	0
324	0
325	1
326	0
327	0
328	0
329	0
330	0
331	0
332	0
333	0
334	0
335	1
336	0
337	0
338	0
339	1
340	0
341	0
342	0
343	0
344	0
345	0
346	0
347	1
348	0
349	1
350	0
351	0
352	0
353	0
354	0
355	0
356	0
357	0
358	0
359	1
360	0
361	0
362	0
363	0
364	0
365	0
366	0
367	0
368	0
369	0
370	0
371	0
372	0
373	0
374	0
375	0
376	0
377	0
378	0
379	0
380	0
381	0
382	0
383	0
384	0
385	0
386	0
387	0
388	0
389	0
390	0
391	0
392	0
393	0
394	-1
395	0
396	0
397	0
398	-1
399	0
400	-1
401	0
402	0
403	0
404	0
405	0
406	0
407	0
408	0
409	0
410	0
411	0
412	0
413	0
414	0
415	0
416	0
417	1
418	0
419	1
420	0
421	1
422	0
423	1
424	0
425	2
426	2
427	3
428	4
429	6
430	9
431	11
432	11
433	15
434	16
435	20
436	21
437	26
438	28
439	33
440	35
441	38
442	41
443	47
444	49
445	54
446	56
447	61
448	63
449	67
450	70
451	75
452	75
453	79
454	81
455	83
456	87
457	89
458	90
459	94
460	95
461	96
462	97
463	100
464	99
465	102
466	102
467	104
468	102
469	105
470	103
471	105
472	102
473	105
474	102
475	102
476	101
477	102
478	99
479	101
480	99
481	98
482	96
483	96
484	93
485	93
486	90
487	90
488	87
489	87
490	85
491	85
492	81
493	81
494	77
495	77
496	76
497	76
498	77
499	78
500	62
501	69
502	64
503	64
504	64
505	63
506	61
507	61
508	56
509	57
510	52
511	54
512	50
513	51
514	47
515	49
516	46
517	44
518	40
519	41
520	38
521	39
522	38
523	37
524	36
525	35
526	35
527	33
528	30
529	29
530	25
531	27
532	24
533	25
534	22
535	23
536	22
537	23
538	21
539	22
540	18
541	19
542	18
543	19
544	15
545	14
546	12
547	15
548	10
549	11
550	8
551	11
552	7
553	9
554	7
555	6
556	5
557	5
558	5
559	5
560	4
561	4
562	4
563	3
564	2
565	2
566	1
567	2
568	0
569	2
570	0
571	1
572	0
573	2
574	0
575	1
576	0
577	0
578	-1
579	0
580	-1
581	0
582	-1
583	0
584	-2
585	-1
586	-3
587	-2
588	-4
589	-2
590	-5
591	-1
592	-4
593	-4
594	-4
595	-2
596	-4
597	-3
598	-4
599	-4
600	-4
601	-3
602	-5
603	-4
604	-5
605	-5
606	-6
607	-4
608	-6
609	-4
610	-6
611	-4
612	-6
613	-3
614	-7
615	-4
616	-7
617	-4
618	-7
619	-5
620	-6
621	-4
622	-6
623	-3
624	-6
625	-5
626	-5
627	-3
628	-4
629	-4
630	-6
631	-4
632	-5
633	-4
634	-5
635	-3
636	-4
637	-3
638	-4
639	-4
640	-4
641	-4
642	-4
643	-2
644	-4
645	-4
646	-5
647	-3
648	-4
649	-4
650	-5
651	-4
652	-6
653	-4
654	-8
655	-4
656	-6
657	-4
658	-5
659	-5
660	-6
661	-4
662	-7
663	-4
664	-5
665	-5
666	-5
667	-4
668	-7
669	-4
670	-7
671	-5
672	-6
673	-4
674	-7
675	-4
676	-5
677	-3
678	-6
679	-4
680	-6
681	-3
682	-5
683	-4
684	-6
685	-4
686	-4
687	-4
688	-8
689	-4
690	-6
691	-6
692	-7
693	-4
694	-8
695	-5
696	-9
697	-4
698	-8
699	-4
700	-8
701	-5
702	-7
703	-4
704	-6
705	-5
706	-5
707	-6
708	-7
709	-4
710	-8
711	-4
712	-6
713	-5
714	-7
715	-5
716	-6
717	-4
718	-5
719	-4
720	-6
721	-5
722	-4
723	-4
724	-6
725	-4
726	-5
727	-3
728	-4
729	-3
730	-5
731	-4
732	-5
733	-4
734	-5
735	-3
736	-7
737	-4
738	-6
739	-4
740	-6
741	-4
742	-6
743	-5
744	-8
745	-5
746	-9
747	-6
748	-7
749	-6
750	-8
751	-8
752	-9
753	-7
754	-8
755	-6
756	-9
757	-7
758	-9
759	-7
760	-9
761	-7
762	-8
763	-6
764	-6
765	-5
766	-9
767	-5
768	-7
769	-5
770	-7
771	-4
772	-7
773	-4
774	-7
775	-4
776	-7
777	-4
778	-8
779	-4
780	-6
781	-7
782	-6
783	-6
784	-6
785	-5
786	-6
787	-5
788	-6
789	-6
790	-6
791	-6
792	-8
793	-5
794	-7
795	-8
796	-7
797	-7
798	-7
799	-7
800	-7
801	-7
802	-7
803	-5
804	-8
805	-8
806	-10
807	-7
808	-8
809	-5
810	-8
811	-5
812	-8
813	-7
814	-7
815	-6
816	-6
817	-5
818	-6
819	-7
820	-8
821	-7
822	-8
823	-7
824	-8
825	-6
826	-8
827	-7
828	-6
829	-6
830	-8
831	-7
832	-8
833	-7
834	-7
835	-5
836	-7
837	-7
838	-9
839	-5
840	-7
841	-5
842	-9
843	-6
844	-9
845	-6
846	-9
847	-5
848	-8
849	-6
850	-8
851	-6
852	-7
853	-5
854	-7
855	-4
856	-6
857	-5
858	-6
859	-4
860	-6
861	-4
862	-7
863	-4
864	-6
865	-5
866	-6
867	-4
868	-6
869	-5
870	-5
871	-5
872	-6
873	-4
874	-6
875	-4
876	-7
877	-6
878	-8
879	-7
880	-8
881	-7
882	-9
883	-6
884	-7
885	-5
886	-8
887	-6
888	-7
889	-7
890	-7
891	-5
892	-7
893	-5
894	-9
895	-7
896	-9
897	-5
898	-5
899	-6
900	-7
901	-6
902	-4
903	-4
904	-7
905	-5
906	-4
907	-4
908	-4
909	-3
910	-5
911	-3
912	-4
913	-3
914	-3
915	-3
916	-4
917	-4
918	-5
919	-4
920	-4
921	-1
922	-4
923	-3
924	-2
925	0
926	-3
927	-2
928	-4
929	-1
930	-4
931	-4
932	-4
933	-3
934	-6
935	-3
936	-6
937	-3
938	-4
939	-3
940	-4
941	-3
942	-6
943	-4
944	-6
945	-2
946	-5
947	-3
948	-6
949	-2
950	-4
951	-3
952	-3
953	-4
954	-5
955	-4
956	-5
957	-2
958	-5
959	-3
960	-5
961	-3
962	-5
963	-4
964	-4
965	-3
966	-4
967	-2
968	-6
969	-2
970	-4
971	-2
972	-4
973	-4
974	-5
975	-5
976	-6
977	-4
978	-6
979	-4
980	-6
981	-4
982	-5
983	-4
984	-5
985	-4
986	-6
987	-3
988	-5
989	-4
990	-6
991	-3
992	-6
993	-3
994	-4
995	-4
996	-4
997	-3
998	-5
999	-4
1000	-5
1001	-4
1002	-5
1003	-3
1004	-6
1005	-3
1006	-6
1007	-4
1008	-5
1009	-4
1010	-6
1011	-4
1012	-5
1013	-6
1014	-8
1015	-3
1016	-6
1017	-3
1018	-5
1019	-4
1020	-6
1021	-3
1022	-6
1023	-2
1024	-7
1025	-3
1026	-6
1027	-5
1028	-6
1029	-4
1030	-6
1031	-5
1032	-7
1033	-3
1034	-7
1035	-4
1036	-6
1037	-4
1038	-7
1039	-4
1040	-6
1041	-4
1042	-7
1043	-2
1044	-6
1045	-2
1046	-5
1047	-3
1048	-6
1049	-4
1050	-6
1051	-4
1052	-4
1053	-3
1054	-4
1055	-2
1056	-5
1057	-2
1058	-4
1059	-2
1060	-3
1061	-1
1062	-4
1063	0
1064	-3
1065	-2
1066	-2
1067	-3
1068	-2
1069	-2
1070	-2
1071	-1
1072	-2
1073	0
1074	-2
1075	-1
1076	-1
1077	0
1078	-3
1079	0
1080	-2
1081	0
1082	-2
1083	0
1084	-2
1085	0
1086	-3
1087	-1
1088	-3
1089	-1
1090	-3
1091	-1
1092	-2
1093	0
1094	-4
1095	-1
1096	-3
1097	-2
1098	-3
1099	-2
1100	-3
1101	-2
1102	-2
1103	-1
1104	-4
1105	-1
1106	-4
1107	0
1108	-2
1109	0
1110	-4
1111	-2
1112	-4
1113	-1
1114	-5
1115	-1
1116	-4
1117	-3
1118	-3
1119	-1
1120	-2
1121	-1
1122	-4
1123	-2
1124	-5
1125	-2
1126	-3
1127	-1
1128	-3
1129	-1
1130	-4
1131	-2
1132	-4
1133	-2
1134	-4
1135	-2
1136	-4
1137	-3
1138	-4
1139	-4
1140	-3
1141	-3
1142	-4
1143	-3
1144	-4
1145	-3
1146	-4
1147	-2
1148	-5
1149	-4
1150	-6
1151	-4
1152	-5
1153	-4
1154	-4
1155	-4
1156	-4
1157	-3
1158	-4
1159	-4
1160	-4
1161	-4
1162	-5
1163	-4
1164	-5
1165	-3
1166	-3
1167	-3
1168	-3
1169	-3
1170	-4
1171	-2
1172	-5
1173	-4
1174	-6
1175	-3
1176	-4
1177	-2
1178	-4
1179	-5
1180	-4
1181	-2
1182	-3
1183	-2
1184	-4
1185	-2
1186	-4
1187	-2
1188	-5
1189	-2
1190	-4
1191	-1
1192	-5
1193	-2
1194	-5
1195	-2
1196	-5
1197	-2
1198	-4
1199	-2
1200	-3
1201	-3
1202	-4
1203	-3
1204	-4
1205	-1
1206	-5
1207	-3
1208	-4
1209	-3
1210	-3
1211	-3
1212	-5
1213	-3
1214	-3
1215	-1
1216	-4
1217	-2
1218	-4
1219	-2
1220	-3
1221	-3
1222	-4
1223	-2
1224	-5
1225	-4
1226	-4
1227	-3
1228	-4
1229	-2
1230	-5
1231	-3
1232	-4
1233	-2
1234	-5
1235	-3
1236	-4
1237	-4
1238	-5
1239	-2
1240	-4
1241	-2
1242	-4
1243	-2
1244	-4
1245	-2
1246	-3
1247	-2
1248	-4
1249	-2
1250	-3
1251	-2
1252	-2
1253	-3
1254	-3
1255	-2
1256	-2
1257	-2
1258	-4
1259	-2
1260	-4
1261	-2
1262	-4
1263	-3
1264	-4
1265	-3
1266	-3
1267	-4
1268	-3
1269	-2
1270	-4
1271	-3
1272	-3
1273	-2
1274	-3
1275	-2
1276	-4
1277	-1
1278	-4
1279	-2
1280	-4
1281	-3
1282	-3
1283	-3
1284	-4
1285	-2
1286	-2
1287	-2
1288	-2
1289	-1
1290	-3
1291	-2
1292	-2
1293	0
1294	-3
1295	-1
1296	-1
1297	-2
1298	-3
1299	0
1300	-2
1301	-2
1302	-1
1303	-1
1304	-1
1305	0
1306	0
1307	0
1308	0
1309	0
1310	-1
1311	0
1312	-1
1313	0
1314	-2
1315	0
1316	-1
1317	0
1318	-1
1319	0
1320	0
1321	0
1322	0
1323	0
1324	0
1325	0
1326	-1
1327	0
1328	0
1329	0
1330	0
1331	0
1332	0
1333	0
1334	-1
1335	0
1336	-1
1337	0
1338	0
1339	-1
1340	0
1341	0
1342	0
1343	-1
1344	-1
1345	0
1346	0
1347	0
1348	-1
1349	0
1350	-1
1351	0
1352	-2
1353	-1
1354	-1
1355	0
1356	-1
1357	0
1358	0
1359	0
1360	-2
1361	0
1362	-2
1363	0
1364	0
1365	-1
1366	-3
1367	0
1368	-2
1369	-1
1370	-2
1371	-3
1372	-1
1373	-1
1374	-2
1375	-2
1376	-2
1377	-2
1378	-2
1379	-2
1380	-2
1381	-1
1382	-2
1383	-2
1384	-2
1385	-2
1386	-3
1387	-2
1388	-2
1389	-1
1390	-3
1391	-2
1392	-3
1393	-1
1394	-3
1395	-1
1396	-3
1397	-1
1398	-3
1399	-1
1400	-3
1401	-1
1402	-3
1403	-1
1404	-2
1405	0
1406	-2
1407	-1
1408	-3
1409	-1
1410	-3
1411	-1
1412	-4
1413	-1
1414	-2
1415	-1
1416	-3
1417	-1
1418	-4
1419	-2
1420	-3
1421	-2
1422	-2
1423	-2
1424	-2
1425	-3
1426	-2
1427	-2
1428	-2
1429	-1
1430	-2
1431	-1
1432	-2
1433	-1
1434	-2
1435	-2
1436	-2
1437	-2
1438	-2
1439	-1
1440	-1
1441	-1
1442	-2
1443	-2
1444	-2
1445	-2
1446	-3
1447	-1
1448	-2
1449	-2
1450	-3
1451	-1
1452	-3
1453	-2
1454	-3
1455	-3
1456	-3
1457	-1
1458	-3
1459	-1
1460	-3
1461	-3
1462	-4
1463	-2
1464	-4
1465	-1
1466	-3
1467	-3
1468	-4
1469	-3
1470	-3
1471	-2
1472	-2
1473	-3
1474	-3
1475	-3
1476	-3
1477	-2
1478	-3
1479	-2
1480	-3
1481	-2
1482	-3
1483	-2
1484	-1
1485	-2
1486	-2
1487	-2
1488	-2
1489	0
1490	-3
1491	-1
1492	-3
1493	0
1494	-2
1495	-1
1496	-2
1497	0
1498	-1
1499	0
1500	-3
1501	0
1502	-2
1503	0
1504	-1
1505	-1
1506	-2
1507	0
1508	-2
1509	-1
1510	0
1511	-1
1512	-2
1513	-1
1514	-3
1515	0
1516	-3
1517	0
1518	-3
1519	-1
1520	-2
1521	0
1522	-1
1523	0
1524	-2
1525	0
1526	-4
1527	-1
1528	-3
1529	-2
1530	-4
1531	-2
1532	-4
1533	-2
1534	-3
1535	-1
1536	-3
1537	-1
1538	-3
1539	-1
1540	-1
1541	-1
1542	-1
1543	-2
1544	-2
1545	-1
1546	-1
1547	0
1548	-1
1549	0
1550	-1
1551	-1
1552	-2
1553	-1
1554	-1
1555	0
1556	-2
1557	0
1558	-1
1559	-1
1560	-1
1561	0
1562	0
1563	0
1564	0
1565	0
1566	0
1567	0
1568	0
1569	0
1570	0
1571	0
1572	0
1573	0
1574	-1
1575	0
1576	0
1577	0
1578	-1
1579	0
1580	-1
1581	-1
1582	0
1583	0
1584	-1
1585	0
1586	0
1587	0
1588	-1
1589	0
1590	-1
1591	-1
1592	-1
1593	0
1594	-1
1595	0
1596	0
1597	0
1598	0
1599	0
1600	-1
1601	0
1602	-1
1603	0
1604	-1
1605	0
1606	-1
1607	-1
1608	-1
1609	0
1610	0
1611	0
1612	0
1613	0
1614	0
1615	-1
1616	0
1617	0
1618	-1
1619	0
1620	0
1621	0
1622	-1
1623	0
1624	-1
1625	-1
1626	-2
1627	0
1628	-1
1629	0
1630	-1
1631	-1
1632	-1
1633	-2
1634	-1
1635	-1
1636	-1
1637	-1
1638	-2
1639	-1
1640	-2
1641	-1
1642	-1
1643	0
1644	-1
1645	0
1646	-2
1647	0
1648	-3
1649	-1
1650	-3
1651	-1
1652	-3
1653	-1
1654	-2
1655	-2
1656	-2
1657	-2
1658	-1
1659	-1
1660	-2
1661	-1
1662	-2
1663	-2
1664	-3
1665	-2
1666	-1
1667	-2
1668	-3
1669	-2
1670	-2
1671	-1
1672	-2
1673	-1
1674	-1
1675	0
1676	-2
1677	-1
1678	-2
1679	-2
1680	-1
1681	-1
1682	-1
1683	-1
1684	-1
1685	0
1686	-2
1687	-1
1688	-2
1689	-1
1690	-1
1691	-1
1692	-2
1693	-1
1694	-2
1695	-1
1696	-1
1697	-1
1698	-2
1699	-1
1700	-2
1701	-1
1702	-2
1703	0
1704	-1
1705	0
1706	0
1707	0
1708	-1
1709	0
1710	-1
1711	0
1712	-1
1713	0
1714	0
1715	0
1716	0
1717	0
1718	0
1719	0
1720	0
1721	0
1722	0
1723	0
1724	0
1725	1
1726	0
1727	1
1728	0
1729	0
1730	0
1731	0
1732	0
1733	0
1734	1
1735	0
1736	0
1737	0
1738	0
1739	0
1740	0
1741	0
1742	0
1743	1
1744	0
1745	1
1746	0
1747	1
1748	0
1749	1
1750	0
1751	0
1752	0
1753	0
1754	0
1755	0
1756	0
1757	0
1758	0
1759	1
1760	0
1761	0
1762	0
1763	0
1764	0
1765	0
1766	0
1767	0
1768	-1
1769	0
1770	0
1771	0
1772	0
1773	0
1774	0
1775	0
1776	0
1777	0
1778	0
1779	0
1780	0
1781	1
1782	0
1783	0
1784	0
1785	0
1786	0
1787	0
1788	0
1789	0
1790	0
1791	0
1792	0
1793	0
1794	0
1795	0
1796	0
1797	-1
1798	0
1799	-1
1800	0
1801	0
1802	0
1803	0
1804	0
1805	0
1806	-1
1807	-1
1808	0
1809	0
1810	0
1811	0
1812	0
1813	0
1814	0
1815	0
1816	-1
1817	0
1818	-1
1819	0
1820	0
1821	0
1822	0
1823	0
1824	-1
1825	0
1826	0
1827	0
1828	0
1829	0
1830	0
1831	0
1832	0
1833	0
1834	1
1835	0
1836	0
1837	1
1838	1
1839	1
1840	1
1841	1
1842	0
1843	1
1844	1
1845	1
1846	1
1847	1
1848	0
1849	1
1850	0
1851	1
1852	0
1853	1
1854	0
1855	1
1856	0
1857	1
1858	0
1859	1
1860	0
1861	0
1862	0
1863	0
1864	0
1865	0
1866	0
1867	0
1868	0
1869	0
1870	0
1871	0
1872	0
1873	0
1874	0
1875	0
1876	0
1877	0
1878	0
1879	0
1880	0
1881	0
1882	0
1883	0
1884	0
1885	0
1886	0
1887	0
1888	0
1889	0
1890	0
1891	0
1892	-1
1893	0
1894	-1
1895	0
1896	-1
1897	0
1898	-2
1899	0
1900	-1
1901	0
1902	-1
1903	-1
1904	-2
1905	-1
1906	-1
1907	0
1908	0
1909	0
1910	-1
1911	0
1912	-1
1913	0
1914	-1
1915	-1
1916	0
1917	0
1918	0
1919	0
1920	-1
1921	0
1922	0
1923	0
1924	0
1925	0
1926	0
1927	0
1928	0
1929	0
1930	0
1931	0
1932	0
1933	0
1934	0
1935	0
1936	0
1937	0
1938	-1
1939	0
1940	0
1941	-1
1942	-1
1943	0
1944	-1
1945	-1
1946	-2
1947	-1
1948	-1
1949	-1
1950	-1
1951	-1
1952	-1
1953	-1
1954	-3
1955	-1
1956	-2
1957	0
1958	-1
1959	0
1960	-1
1961	-1
1962	-1
1963	-1
1964	-1
1965	-1
1966	-1
1967	0
1968	-1
1969	-1
1970	-1
1971	-2
1972	-2
1973	0
1974	-1
1975	-2
1976	-2
1977	-1
1978	-1
1979	0
1980	-1
1981	-1
1982	-1
1983	0
1984	0
1985	-1
1986	-2
1987	-1
1988	0
1989	-1
1990	-1
1991	-1
1992	0
1993	-1
1994	0
1995	0
1996	-1
1997	0
1998	-1
1999	-1
