0	0
1	0
2	0
3	0
4	0
5	0
6	0
7	0
8	0
9	0
10	0
11	0
12	0
13	0
14	0
15	1
16	0
17	1
18	0
19	0
20	0
21	0
22	0
23	0
24	0
25	0
26	0
27	0
28	0
29	0
30	0
31	0
32	0
33	0
34	0
35	0
36	0
37	0
38	0
39	0
40	0
41	0
42	0
43	0
44	0
45	0
46	0
47	0
48	-1
49	0
50	0
51	0
52	0
53	0
54	0
55	0
56	0
57	0
58	0
59	0
60	0
61	0
62	0
63	0
64	0
65	0
66	0
67	0
68	0
69	0
70	0
71	0
72	0
73	0
74	0
75	0
76	0
77	0
78	0
79	0
80	0
81	0
82	0
83	1
84	0
85	0
86	0
87	0
88	0
89	0
90	0
91	0
92	0
93	0
94	0
95	0
96	0
97	0
98	0
99	0
100	0
101	0
102	0
103	0
104	-1
105	0
106	0
107	0
108	0
109	0
110	0
111	0
112	0
113	0
114	0
115	0
116	0
117	0
118	0
119	0
120	0
121	0
122	0
123	0
124	0
125	0
126	0
127	0
128	0
129	0
130	0
131	0
132	0
133	0
134	0
135	0
136	0
137	0
138	0
139	0
140	0
141	0
142	0
143	0
144	0
145	0
146	0
147	0
148	0
149	0
150	0
151	0
152	0
153	0
154	0
155	0
156	0
157	0
158	0
159	0
160	0
161	0
162	0
163	0
164	0
165	0
166	0
167	0
168	0
169	0
170	0
171	0
172	0
173	0
174	0
175	0
176	0
177	0
178	0
179	0
180	0
181	0
182	0
183	0
184	0
185	0
186	0
187	0
188	0
189	0
190	0
191	0
192	0
193	0
194	0
195	1
196	0
197	0
198	0
199	0
200	0
201	0
202	0
203	0
204	0
205	0
206	0
207	0
208	0
209	0
210	0
211	0
212	0
213	0
214	0
215	0
216	0
217	0
218	0
219	0
220	0
221	0
222	0
223	0
224	0
225	0
226	0
227	0
228	0
229	1
230	0
231	0
232	0
233	0
234	0
235	0
236	0
237	0
238	0
239	0
240	0
241	0
242	0
243	0
244	0
245	0
246	0
247	0
248	0
249	0
250	0
251	0
252	0
253	0
254	0
255	0
256	0
257	0
258	0
259	0
260	0
261	0
262	0
263	0
264	0
265	0
266	0
267	0
268	0
269	0
270	0
271	0
272	0
273	0
274	0
275	0
276	0
277	0
278	0
279	0
280	0
281	0
282	0
283	0
284	0
285	0
286	0
287	0
288	0
289	0
290	0
291	0
292	0
293	0
294	0
295	0
296	0
297	0
298	0
299	0
300	0
301	0
302	0
303	0
304	0
305	0
306	0
307	0
308	-1
309	0
310	0
311	0
312	0
313	0
314	0
315	0
316	0
317	0
318	0
319	0
320	0
321	0
322	0
323	0
324	0
325	0
326	0
327	0
328	0
329	0
330	0
331	0
332	0
333	0
334	0
335	0
336	0
337	1
338	0
339	0
340	0
341	0
342	0
343	0
344	0
345	0
346	0
347	0
348	0
349	0
350	0
351	0
352	0
353	0
354	0
355	0
356	0
357	0
358	0
359	0
360	0
361	0
362	0
363	0
364	0
365	0
366	0
367	0
368	0
369	0
370	0
371	0
372	0
373	0
374	0
375	0
376	0
377	0
378	0
379	0
380	0
381	0
382	0
383	1
384	0
385	0
386	0
387	1
388	0
389	0
390	0
391	0
392	0
393	0
394	0
395	0
396	0
397	0
398	0
399	0
400	0
401	0
402	0
403	0
404	0
405	0
406	0
407	0
408	0
409	0
410	0
411	0
412	0
413	0
414	0
415	0
416	0
417	0
418	0
419	0
420	0
421	0
422	0
423	0
424	0
425	0
426	0
427	0
428	0
429	0
430	0
431	0
432	0
433	0
434	0
435	1
436	0
437	1
438	2
439	4
440	5
441	6
442	8
443	9
444	9
445	12
446	12
447	15
448	17
449	20
450	20
451	23
452	24
453	26
454	27
455	32
456	31
457	34
458	34
459	38
460	38
461	39
462	40
463	43
464	43
465	45
466	46
467	48
468	48
469	48
470	48
471	51
472	49
473	53
474	51
475	55
476	53
477	57
478	56
479	59
480	58
481	60
482	59
483	63
484	61
485	65
486	63
487	66
488	63
489	67
490	64
491	68
492	66
493	67
494	67
495	71
496	70
497	72
498	72
499	78
500	62
501	73
502	69
503	70
504	70
505	69
506	68
507	69
508	68
509	70
510	67
511	67
512	63
513	67
514	64
515	66
516	63
517	64
518	63
519	63
520	60
521	60
522	56
523	58
524	54
525	56
526	53
527	54
528	52
529	52
530	50
531	50
532	48
533	48
534	43
535	46
536	42
537	43
538	39
539	40
540	37
541	38
542	35
543	37
544	35
545	36
546	33
547	34
548	31
549	33
550	29
551	31
552	28
553	28
554	24
555	25
556	23
557	24
558	20
559	23
560	18
561	20
562	16
563	18
564	14
565	16
566	14
567	15
568	11
569	14
570	11
571	14
572	9
573	12
574	8
575	11
576	7
577	10
578	7
579	9
580	7
581	8
582	6
583	8
584	5
585	7
586	5
587	6
588	5
589	5
590	5
591	6
592	4
593	4
594	2
595	5
596	1
597	4
598	1
599	3
600	1
601	2
602	0
603	3
604	0
605	2
606	0
607	2
608	0
609	0
610	0
611	0
612	-1
613	0
614	0
615	0
616	0
617	0
618	-1
619	-1
620	0
621	0
622	0
623	0
624	0
625	0
626	0
627	0
628	-1
629	0
630	-1
631	0
632	0
633	0
634	0
635	0
636	0
637	0
638	0
639	0
640	-1
641	0
642	-1
643	0
644	-1
645	0
646	-1
647	0
648	0
649	0
650	-1
651	0
652	-1
653	0
654	0
655	0
656	-1
657	0
658	-1
659	0
660	0
661	0
662	-1
663	0
664	-1
665	0
666	-2
667	0
668	-2
669	0
670	-2
671	-1
672	-1
673	-1
674	-2
675	-1
676	-2
677	-1
678	-2
679	-1
680	0
681	-1
682	-2
683	-1
684	-1
685	0
686	-2
687	0
688	-2
689	0
690	-2
691	0
692	-1
693	0
694	-2
695	0
696	-2
697	0
698	-1
699	0
700	-3
701	0
702	-1
703	0
704	-2
705	0
706	-2
707	-1
708	-3
709	0
710	-3
711	-2
712	-3
713	-1
714	-3
715	-1
716	-2
717	-1
718	-2
719	-1
720	-3
721	0
722	-3
723	0
724	-2
725	-1
726	-3
727	0
728	-2
729	0
730	-1
731	0
732	0
733	0
734	-1
735	0
736	-1
737	0
738	-1
739	0
740	-1
741	0
742	-2
743	0
744	-1
745	0
746	-1
747	0
748	-1
749	0
750	-1
751	0
752	0
753	0
754	-2
755	-1
756	-2
757	-1
758	-1
759	0
760	-3
761	0
762	-2
763	0
764	-3
765	0
766	-1
767	0
768	-2
769	0
770	-3
771	0
772	-3
773	-1
774	-3
775	-2
776	-2
777	-1
778	-1
779	0
780	-2
781	0
782	-3
783	-1
784	-2
785	0
786	-1
787	-1
788	-3
789	-1
790	-4
791	0
792	-2
793	0
794	-3
795	-1
796	-3
797	-2
798	-3
799	-2
800	-2
801	-1
802	-3
803	-1
804	-1
805	-1
806	-3
807	0
808	-3
809	-1
810	-2
811	0
812	-2
813	0
814	-3
815	0
816	-3
817	-1
818	-3
819	-1
820	-4
821	0
822	-3
823	0
824	-3
825	-1
826	-4
827	-1
828	-3
829	-1
830	-3
831	0
832	-3
833	-2
834	-3
835	-2
836	-4
837	-1
838	-4
839	-1
840	-3
841	-2
842	-2
843	-1
844	-3
845	0
846	-3
847	0
848	-4
849	0
850	-2
851	0
852	-2
853	0
854	-2
855	0
856	-3
857	0
858	-1
859	0
860	-2
861	-1
862	-3
863	-1
864	-2
865	0
866	-3
867	0
868	-2
869	0
870	-2
871	-1
872	-2
873	0
874	-2
875	-1
876	-2
877	-1
878	-3
879	-1
880	-3
881	-1
882	-2
883	0
884	-3
885	0
886	-3
887	-1
888	-2
889	-1
890	-3
891	-1
892	-4
893	-1
894	-3
895	-2
896	-2
897	-2
898	-2
899	-2
900	-4
901	-2
902	-3
903	-3
904	-2
905	-3
906	-2
907	-3
908	-3
909	-3
910	-3
911	-3
912	-3
913	-2
914	-3
915	-1
916	-3
917	-3
918	-4
919	0
920	-2
921	-1
922	-4
923	-1
924	-4
925	-1
926	-3
927	-1
928	-3
929	-1
930	-2
931	-1
932	-2
933	-2
934	-2
935	-2
936	-2
937	-1
938	-3
939	-2
940	-3
941	0
942	-3
943	0
944	-2
945	0
946	-2
947	-1
948	-4
949	0
950	-2
951	0
952	-2
953	-1
954	-3
955	0
956	-3
957	0
958	-3
959	0
960	-4
961	0
962	-1
963	-2
964	-3
965	0
966	-4
967	0
968	-4
969	0
970	-4
971	-2
972	-3
973	0
974	-3
975	-1
976	-2
977	-2
978	-2
979	-1
980	-3
981	-1
982	-3
983	-1
984	-2
985	-1
986	-1
987	0
988	-3
989	0
990	-2
991	-2
992	-2
993	0
994	-2
995	-1
996	-2
997	-1
998	-2
999	-1
1000	-2
1001	-1
1002	-1
1003	-1
1004	-3
1005	-1
1006	-3
1007	-1
1008	-2
1009	-2
1010	-3
1011	-1
1012	-4
1013	-2
1014	-4
1015	-1
1016	-5
1017	-1
1018	-4
1019	-2
1020	-3
1021	-1
1022	-3
1023	-1
1024	-4
1025	0
1026	-3
1027	-1
1028	-3
1029	-1
1030	-4
1031	-2
1032	-3
1033	-1
1034	-3
1035	-2
1036	-3
1037	-2
1038	-5
1039	-2
1040	-3
1041	-1
1042	-5
1043	-1
1044	-4
1045	-1
1046	-4
1047	0
1048	-4
1049	-1
1050	-2
1051	-3
1052	-2
1053	-3
1054	0
1055	-2
1056	-3
1057	-1
1058	-4
1059	-1
1060	-4
1061	-2
1062	-3
1063	-2
1064	-2
1065	-1
1066	-1
1067	-1
1068	-3
1069	-1
1070	-1
1071	-2
1072	-2
1073	-1
1074	-2
1075	0
1076	-3
1077	-2
1078	-2
1079	0
1080	-2
1081	0
1082	-4
1083	0
1084	-3
1085	-1
1086	-2
1087	0
1088	-4
1089	0
1090	-2
1091	0
1092	-3
1093	-1
1094	-3
1095	-1
1096	-3
1097	-2
1098	-4
1099	-2
1100	-3
1101	-2
1102	-2
1103	-3
1104	-3
1105	-3
1106	-2
1107	-2
1108	-4
1109	-3
1110	-3
1111	-2
1112	-4
1113	-2
1114	-2
1115	-2
1116	-3
1117	-2
1118	-4
1119	-3
1120	-5
1121	-1
1122	-4
1123	-1
1124	-3
1125	-1
1126	-2
1127	-1
1128	-2
1129	0
1130	-2
1131	0
1132	-2
1133	-2
1134	-3
1135	-1
1136	-2
1137	0
1138	-1
1139	0
1140	-4
1141	-1
1142	-2
1143	-1
1144	-3
1145	-1
1146	-1
1147	0
1148	-1
1149	-1
1150	-2
1151	-2
1152	-2
1153	0
1154	-2
1155	-1
1156	-2
1157	-2
1158	-2
1159	-1
1160	-2
1161	0
1162	-1
1163	-2
1164	-2
1165	-2
1166	-3
1167	-1
1168	-2
1169	0
1170	-1
1171	-1
1172	-1
1173	-1
1174	-2
1175	0
1176	-2
1177	0
1178	-2
1179	-2
1180	-2
1181	0
1182	-2
1183	0
1184	-2
1185	-1
1186	-3
1187	-1
1188	-1
1189	-2
1190	-1
1191	0
1192	-2
1193	0
1194	-4
1195	0
1196	-3
1197	-2
1198	-4
1199	-2
1200	-4
1201	-1
1202	-4
1203	-1
1204	-4
1205	-1
1206	-3
1207	0
1208	-4
1209	-1
1210	-2
1211	-1
1212	-3
1213	0
1214	-2
1215	-1
1216	-2
1217	-2
1218	-2
1219	-1
1220	-2
1221	0
1222	-2
1223	-1
1224	-3
1225	-1
1226	-2
1227	0
1228	0
1229	0
1230	-2
1231	-1
1232	-2
1233	0
1234	-2
1235	0
1236	-2
1237	-1
1238	-2
1239	0
1240	-4
1241	-1
1242	-3
1243	-1
1244	-4
1245	-1
1246	-3
1247	-1
1248	-2
1249	-1
1250	-2
1251	-1
1252	-3
1253	0
1254	-3
1255	0
1256	-2
1257	-1
1258	-2
1259	-1
1260	-2
1261	-1
1262	-2
1263	-1
1264	-3
1265	0
1266	-2
1267	-2
1268	-2
1269	0
1270	-2
1271	0
1272	-2
1273	0
1274	-2
1275	0
1276	-2
1277	0
1278	-3
1279	0
1280	-2
1281	0
1282	-3
1283	0
1284	-1
1285	-1
1286	-2
1287	0
1288	-2
1289	-1
1290	-1
1291	0
1292	-2
1293	0
1294	-2
1295	0
1296	-2
1297	-1
1298	-3
1299	-1
1300	-2
1301	0
1302	-2
1303	0
1304	-3
1305	0
1306	-3
1307	0
1308	-1
1309	0
1310	-1
1311	0
1312	-2
1313	0
1314	-1
1315	0
1316	-2
1317	0
1318	-4
1319	0
1320	-2
1321	0
1322	-2
1323	-2
1324	-1
1325	0
1326	-1
1327	-1
1328	-2
1329	0
1330	-2
1331	0
1332	-2
1333	-2
1334	-2
1335	0
1336	-2
1337	0
1338	-1
1339	-1
1340	-1
1341	-1
1342	-2
1343	-1
1344	-2
1345	-1
1346	-1
1347	0
1348	-2
1349	-1
1350	-2
1351	0
1352	-1
1353	-1
1354	0
1355	0
1356	-1
1357	-1
1358	-1
1359	0
1360	0
1361	-1
1362	-2
1363	-1
1364	0
1365	0
1366	-1
1367	-1
1368	-2
1369	-1
1370	-3
1371	0
1372	-2
1373	-2
1374	-2
1375	-1
1376	-3
1377	0
1378	-2
1379	0
1380	-2
1381	0
1382	-2
1383	-1
1384	-3
1385	0
1386	-3
1387	-1
1388	-2
1389	0
1390	0
1391	-1
1392	-3
1393	-1
1394	-3
1395	-1
1396	-1
1397	0
1398	-4
1399	0
1400	-1
1401	0
1402	-1
1403	0
1404	-3
1405	-1
1406	-2
1407	0
1408	-1
1409	0
1410	-2
1411	0
1412	0
1413	-1
1414	-1
1415	0
1416	-1
1417	0
1418	-1
1419	-1
1420	-1
1421	0
1422	-1
1423	-1
1424	-2
1425	0
1426	-2
1427	-1
1428	-2
1429	0
1430	-1
1431	-1
1432	-2
1433	0
1434	-1
1435	-1
1436	-1
1437	0
1438	-2
1439	0
1440	-1
1441	0
1442	-1
1443	0
1444	-1
1445	0
1446	0
1447	0
1448	-1
1449	0
1450	-1
1451	0
1452	-1
1453	0
1454	-2
1455	0
1456	-2
1457	0
1458	-2
1459	0
1460	-1
1461	0
1462	-2
1463	-1
1464	-2
1465	-1
1466	-3
1467	-1
1468	-3
1469	-1
1470	-3
1471	0
1472	-4
1473	0
1474	-1
1475	0
1476	-3
1477	0
1478	-2
1479	0
1480	-2
1481	0
1482	-1
1483	0
1484	-1
1485	0
1486	-3
1487	0
1488	-1
1489	0
1490	-1
1491	0
1492	0
1493	0
1494	-1
1495	0
1496	-2
1497	0
1498	-1
1499	-1
1500	-1
1501	0
1502	-2
1503	-1
1504	-2
1505	-1
1506	-1
1507	0
1508	-1
1509	0
1510	-1
1511	0
1512	-2
1513	0
1514	-2
1515	-1
1516	-1
1517	0
1518	-2
1519	0
1520	0
1521	-1
1522	-3
1523	0
1524	-2
1525	0
1526	-2
1527	0
1528	-1
1529	0
1530	-1
1531	0
1532	-1
1533	0
1534	-1
1535	0
1536	0
1537	0
1538	-1
1539	0
1540	-1
1541	0
1542	-1
1543	0
1544	0
1545	0
1546	0
1547	0
1548	0
1549	0
1550	0
1551	0
1552	-1
1553	-1
1554	-1
1555	0
1556	0
1557	0
1558	-1
1559	0
1560	0
1561	0
1562	0
1563	0
1564	0
1565	0
1566	0
1567	1
1568	0
1569	0
1570	0
1571	1
1572	0
1573	1
1574	1
1575	1
1576	0
1577	1
1578	0
1579	1
1580	0
1581	0
1582	0
1583	0
1584	0
1585	0
1586	0
1587	0
1588	0
1589	0
1590	0
1591	0
1592	0
1593	0
1594	0
1595	0
1596	0
1597	0
1598	0
1599	0
1600	0
1601	0
1602	0
1603	0
1604	0
1605	0
1606	0
1607	0
1608	0
1609	0
1610	0
1611	1
1612	0
1613	0
1614	0
1615	0
1616	0
1617	0
1618	0
1619	1
1620	0
1621	0
1622	0
1623	0
1624	0
1625	0
1626	0
1627	1
1628	0
1629	0
1630	0
1631	1
1632	0
1633	1
1634	0
1635	1
1636	0
1637	1
1638	0
1639	0
1640	0
1641	0
1642	0
1643	0
1644	0
1645	1
1646	0
1647	0
1648	0
1649	0
1650	0
1651	0
1652	0
1653	0
1654	0
1655	1
1656	0
1657	0
1658	0
1659	2
1660	0
1661	0
1662	0
1663	0
1664	0
1665	0
1666	0
1667	0
1668	0
1669	0
1670	0
1671	0
1672	0
1673	0
1674	0
1675	0
1676	0
1677	0
1678	0
1679	0
1680	0
1681	0
1682	0
1683	0
1684	-1
1685	0
1686	-1
1687	0
1688	0
1689	0
1690	0
1691	0
1692	0
1693	0
1694	0
1695	0
1696	0
1697	0
1698	-1
1699	0
1700	0
1701	0
1702	0
1703	0
1704	-1
1705	0
1706	0
1707	-1
1708	0
1709	0
1710	0
1711	0
1712	0
1713	0
1714	-1
1715	0
1716	0
1717	0
1718	0
1719	0
1720	-1
1721	0
1722	0
1723	0
1724	0
1725	0
1726	0
1727	0
1728	0
1729	0
1730	0
1731	0
1732	0
1733	0
1734	0
1735	0
1736	0
1737	0
1738	0
1739	0
1740	0
1741	1
1742	0
1743	0
1744	0
1745	1
1746	1
1747	1
1748	0
1749	1
1750	0
1751	0
1752	0
1753	0
1754	0
1755	0
1756	0
1757	0
1758	0
1759	0
1760	0
1761	0
1762	0
1763	0
1764	0
1765	0
1766	0
1767	0
1768	1
1769	0
1770	0
1771	0
1772	0
1773	0
1774	0
1775	1
1776	0
1777	0
1778	-1
1779	0
1780	-1
1781	0
1782	0
1783	0
1784	0
1785	0
1786	0
1787	0
1788	0
1789	0
1790	0
1791	0
1792	0
1793	0
1794	0
1795	0
1796	-1
1797	0
1798	0
1799	0
1800	0
1801	0
1802	0
1803	0
1804	0
1805	0
1806	-2
1807	0
1808	0
1809	0
1810	0
1811	0
1812	-1
1813	0
1814	0
1815	0
1816	0
1817	0
1818	0
1819	0
1820	0
1821	0
1822	0
1823	0
1824	-1
1825	0
1826	0
1827	0
1828	0
1829	0
1830	0
1831	0
1832	-1
1833	0
1834	0
1835	0
1836	0
1837	0
1838	0
1839	0
1840	-1
1841	0
1842	0
1843	0
1844	-1
1845	0
1846	-1
1847	0
1848	-1
1849	0
1850	-1
1851	0
1852	0
1853	0
1854	0
1855	-1
1856	-1
1857	0
1858	0
1859	0
1860	0
1861	0
1862	0
1863	0
1864	0
1865	0
1866	0
1867	0
1868	-1
1869	0
1870	0
1871	0
1872	-1
1873	0
1874	-2
1875	0
1876	-2
1877	0
1878	-2
1879	0
1880	-1
1881	0
1882	-1
1883	0
1884	0
1885	0
1886	0
1887	0
1888	-2
1889	0
1890	-1
1891	0
1892	-1
1893	0
1894	-1
1895	-1
1896	0
1897	-1
1898	-1
1899	0
1900	-1
1901	0
1902	-1
1903	0
1904	-1
1905	0
1906	-1
1907	0
1908	-1
1909	0
1910	0
1911	0
1912	0
1913	-1
1914	-1
1915	-1
1916	0
1917	0
1918	-1
1919	0
1920	-1
1921	0
1922	-1
1923	0
1924	0
1925	-1
1926	0
1927	0
1928	0
1929	0
1930	-1
1931	0
1932	0
1933	0
1934	-1
1935	0
1936	-1
1937	0
1938	0
1939	0
1940	0
1941	0
1942	0
1943	0
1944	0
1945	0
1946	0
1947	0
1948	0
1949	0
1950	0
1951	0
1952	0
1953	1
1954	0
1955	0
1956	0
1957	0
1958	0
1959	0
1960	0
1961	0
1962	0
1963	0
1964	0
1965	1
1966	0
1967	0
1968	0
1969	1
1970	0
1971	1
1972	1
1973	1
1974	0
1975	0
1976	0
1977	1
1978	1
1979	0
1980	1
1981	0
1982	0
1983	0
1984	0
1985	0
1986	0
1987	0
1988	0
1989	0
1990	0
1991	0
1992	0
1993	0
1994	0
1995	0
1996	0
1997	0
1998	0
1999	0
