0	0
1	0
2	0
3	0
4	0
5	0
6	0
7	0
8	0
9	0
10	0
11	0
12	0
13	0
14	0
15	0
16	0
17	0
18	0
19	0
20	0
21	0
22	0
23	0
24	-1
25	0
26	-2
27	0
28	-1
29	0
30	0
31	-1
32	-1
33	-1
34	-1
35	0
36	0
37	0
38	-1
39	0
40	-1
41	0
42	0
43	0
44	-1
45	0
46	0
47	0
48	0
49	0
50	0
51	1
52	0
53	0
54	0
55	0
56	0
57	1
58	0
59	1
60	0
61	1
62	0
63	0
64	0
65	0
66	0
67	0
68	0
69	0
70	0
71	0
72	0
73	0
74	0
75	0
76	-1
77	0
78	-1
79	0
80	-1
81	0
82	-1
83	0
84	-1
85	0
86	-1
87	0
88	-1
89	0
90	0
91	0
92	0
93	0
94	-1
95	0
96	0
97	0
98	0
99	0
100	0
101	0
102	1
103	0
104	1
105	1
106	0
107	0
108	0
109	1
110	0
111	2
112	1
113	1
114	0
115	1
116	1
117	1
118	1
119	1
120	1
121	1
122	0
123	0
124	0
125	1
126	0
127	0
128	0
129	0
130	0
131	0
132	-1
133	0
134	-1
135	0
136	0
137	0
138	0
139	0
140	0
141	0
142	0
143	0
144	-1
145	0
146	-1
147	0
148	-1
149	0
150	-1
151	0
152	0
153	0
154	0
155	0
156	-1
157	0
158	0
159	0
160	0
161	0
162	0
163	0
164	0
165	0
166	0
167	0
168	0
169	0
170	0
171	0
172	-1
173	0
174	-2
175	0
176	-1
177	0
178	-1
179	-1
180	-2
181	-1
182	-2
183	-1
184	-1
185	0
186	-1
187	0
188	-2
189	0
190	-1
191	0
192	-1
193	0
194	-1
195	0
196	-1
197	0
198	-1
199	0
200	0
201	1
202	0
203	0
204	0
205	0
206	0
207	1
208	0
209	1
210	1
211	1
212	1
213	2
214	0
215	2
216	1
217	1
218	0
219	2
220	1
221	3
222	1
223	2
224	0
225	2
226	0
227	1
228	1
229	1
230	0
231	1
232	0
233	1
234	0
235	1
236	0
237	2
238	0
239	2
240	0
241	2
242	0
243	1
244	0
245	0
246	0
247	0
248	0
249	0
250	-2
251	0
252	0
253	0
254	-1
255	0
256	-1
257	0
258	-1
259	0
260	-1
261	0
262	-1
263	0
264	0
265	0
266	0
267	0
268	0
269	0
270	0
271	0
272	-1
273	0
274	-1
275	0
276	-1
277	0
278	0
279	0
280	0
281	0
282	0
283	-1
284	0
285	0
286	-1
287	0
288	-1
289	0
290	0
291	0
292	0
293	0
294	-1
295	0
296	0
297	0
298	-1
299	0
300	-1
301	0
302	-1
303	0
304	0
305	1
306	0
307	0
308	0
309	0
310	0
311	0
312	0
313	0
314	0
315	0
316	0
317	0
318	0
319	1
320	0
321	0
322	0
323	1
324	0
325	1
326	1
327	1
328	0
329	1
330	0
331	2
332	0
333	1
334	0
335	1
336	0
337	1
338	0
339	2
340	0
341	1
342	0
343	1
344	0
345	0
346	0
347	0
348	0
349	0
350	0
351	0
352	0
353	1
354	0
355	0
356	0
357	1
358	0
359	0
360	0
361	0
362	0
363	0
364	0
365	0
366	0
367	0
368	0
369	0
370	0
371	1
372	0
373	0
374	0
375	0
376	0
377	0
378	0
379	0
380	0
381	0
382	0
383	0
384	0
385	0
386	-1
387	0
388	-1
389	0
390	-1
391	0
392	0
393	0
394	0
395	0
396	0
397	0
398	0
399	0
400	0
401	0
402	0
403	0
404	0
405	0
406	0
407	0
408	0
409	0
410	0
411	0
412	0
413	0
414	-1
415	0
416	0
417	1
418	0
419	1
420	1
421	4
422	2
423	7
424	7
425	10
426	11
427	14
428	16
429	21
430	22
431	28
432	30
433	35
434	37
435	43
436	43
437	50
438	52
439	58
440	61
441	68
442	69
443	74
444	76
445	82
446	84
447	89
448	91
449	97
450	97
451	103
452	104
453	108
454	109
455	113
456	114
457	118
458	118
459	121
460	121
461	126
462	123
463	125
464	125
465	126
466	125
467	127
468	125
469	125
470	123
471	123
472	120
473	121
474	118
475	118
476	115
477	114
478	110
479	112
480	107
481	107
482	103
483	104
484	100
485	100
486	96
487	95
488	92
489	91
490	87
491	87
492	85
493	83
494	79
495	79
496	75
497	76
498	76
499	78
500	62
501	67
502	64
503	65
504	61
505	62
506	57
507	57
508	55
509	55
510	52
511	51
512	49
513	47
514	42
515	44
516	41
517	42
518	39
519	41
520	36
521	37
522	33
523	34
524	29
525	31
526	27
527	28
528	25
529	27
530	23
531	24
532	22
533	22
534	19
535	20
536	16
537	18
538	14
539	16
540	12
541	14
542	11
543	11
544	10
545	10
546	10
547	9
548	7
549	9
550	6
551	8
552	4
553	7
554	3
555	6
556	2
557	6
558	3
559	3
560	0
561	2
562	0
563	2
564	-2
565	1
566	-3
567	0
568	-2
569	0
570	-4
571	0
572	-3
573	-2
574	-4
575	-3
576	-5
577	-3
578	-6
579	-3
580	-4
581	-4
582	-6
583	-3
584	-6
585	-4
586	-6
587	-4
588	-7
589	-5
590	-7
591	-6
592	-6
593	-6
594	-7
595	-6
596	-6
597	-8
598	-9
599	-7
600	-9
601	-7
602	-10
603	-8
604	-9
605	-9
606	-10
607	-10
608	-11
609	-10
610	-10
611	-10
612	-10
613	-10
614	-11
615	-11
616	-13
617	-9
618	-12
619	-10
620	-12
621	-10
622	-12
623	-10
624	-12
625	-9
626	-11
627	-10
628	-12
629	-9
630	-11
631	-8
632	-11
633	-9
634	-11
635	-8
636	-11
637	-8
638	-9
639	-8
640	-10
641	-6
642	-11
643	-6
644	-11
645	-8
646	-10
647	-10
648	-11
649	-10
650	-10
651	-7
652	-10
653	-6
654	-10
655	-8
656	-10
657	-7
658	-10
659	-6
660	-8
661	-7
662	-8
663	-7
664	-9
665	-4
666	-8
667	-5
668	-10
669	-6
670	-9
671	-7
672	-9
673	-7
674	-9
675	-7
676	-10
677	-9
678	-10
679	-8
680	-10
681	-10
682	-11
683	-9
684	-11
685	-8
686	-10
687	-10
688	-10
689	-10
690	-11
691	-11
692	-11
693	-9
694	-11
695	-8
696	-11
697	-10
698	-10
699	-8
700	-10
701	-9
702	-12
703	-8
704	-11
705	-8
706	-11
707	-8
708	-11
709	-7
710	-11
711	-7
712	-11
713	-8
714	-9
715	-9
716	-11
717	-8
718	-10
719	-9
720	-11
721	-8
722	-9
723	-8
724	-11
725	-9
726	-8
727	-9
728	-9
729	-7
730	-11
731	-8
732	-11
733	-9
734	-11
735	-9
736	-10
737	-9
738	-11
739	-9
740	-13
741	-9
742	-13
743	-10
744	-12
745	-9
746	-11
747	-10
748	-12
749	-10
750	-12
751	-9
752	-12
753	-9
754	-12
755	-9
756	-12
757	-7
758	-11
759	-9
760	-11
761	-9
762	-12
763	-9
764	-11
765	-8
766	-11
767	-8
768	-11
769	-10
770	-11
771	-9
772	-11
773	-9
774	-10
775	-10
776	-11
777	-9
778	-10
779	-9
780	-12
781	-10
782	-13
783	-10
784	-11
785	-10
786	-10
787	-11
788	-11
789	-11
790	-11
791	-10
792	-11
793	-10
794	-12
795	-9
796	-10
797	-8
798	-11
799	-10
800	-11
801	-9
802	-11
803	-9
804	-11
805	-9
806	-13
807	-10
808	-11
809	-9
810	-10
811	-10
812	-11
813	-10
814	-11
815	-9
816	-12
817	-9
818	-12
819	-9
820	-12
821	-9
822	-11
823	-10
824	-11
825	-8
826	-11
827	-10
828	-12
829	-10
830	-11
831	-10
832	-11
833	-10
834	-11
835	-10
836	-12
837	-7
838	-13
839	-9
840	-12
841	-10
842	-12
843	-9
844	-11
845	-11
846	-11
847	-10
848	-11
849	-8
850	-11
851	-8
852	-11
853	-8
854	-11
855	-8
856	-11
857	-7
858	-9
859	-8
860	-10
861	-8
862	-11
863	-7
864	-10
865	-6
866	-9
867	-8
868	-9
869	-7
870	-9
871	-6
872	-10
873	-7
874	-9
875	-7
876	-8
877	-6
878	-9
879	-7
880	-8
881	-6
882	-11
883	-7
884	-9
885	-8
886	-10
887	-8
888	-10
889	-10
890	-11
891	-9
892	-11
893	-8
894	-10
895	-9
896	-12
897	-7
898	-11
899	-8
900	-11
901	-10
902	-11
903	-9
904	-10
905	-9
906	-9
907	-7
908	-10
909	-6
910	-10
911	-8
912	-9
913	-7
914	-9
915	-8
916	-9
917	-8
918	-7
919	-7
920	-9
921	-8
922	-9
923	-9
924	-8
925	-8
926	-9
927	-7
928	-9
929	-6
930	-9
931	-6
932	-9
933	-6
934	-10
935	-8
936	-8
937	-7
938	-9
939	-6
940	-9
941	-7
942	-8
943	-8
944	-9
945	-6
946	-8
947	-6
948	-9
949	-7
950	-11
951	-10
952	-10
953	-7
954	-10
955	-6
956	-8
957	-8
958	-8
959	-7
960	-9
961	-6
962	-8
963	-6
964	-10
965	-7
966	-9
967	-7
968	-8
969	-8
970	-9
971	-8
972	-10
973	-9
974	-9
975	-8
976	-9
977	-6
978	-9
979	-7
980	-10
981	-7
982	-9
983	-8
984	-9
985	-6
986	-6
987	-7
988	-6
989	-6
990	-7
991	-6
992	-7
993	-5
994	-9
995	-5
996	-9
997	-5
998	-9
999	-5
1000	-9
1001	-5
1002	-10
1003	-6
1004	-9
1005	-6
1006	-9
1007	-5
1008	-10
1009	-5
1010	-8
1011	-4
1012	-7
1013	-6
1014	-9
1015	-6
1016	-9
1017	-6
1018	-8
1019	-7
1020	-8
1021	-6
1022	-9
1023	-6
1024	-8
1025	-6
1026	-9
1027	-7
1028	-9
1029	-8
1030	-9
1031	-8
1032	-10
1033	-8
1034	-9
1035	-9
1036	-9
1037	-9
1038	-8
1039	-6
1040	-8
1041	-6
1042	-8
1043	-8
1044	-8
1045	-6
1046	-8
1047	-5
1048	-7
1049	-5
1050	-9
1051	-4
1052	-7
1053	-4
1054	-6
1055	-3
1056	-6
1057	-4
1058	-7
1059	-4
1060	-6
1061	-4
1062	-5
1063	-4
1064	-6
1065	-6
1066	-7
1067	-5
1068	-7
1069	-4
1070	-8
1071	-5
1072	-7
1073	-5
1074	-6
1075	-4
1076	-6
1077	-3
1078	-6
1079	-3
1080	-6
1081	-4
1082	-5
1083	-3
1084	-8
1085	-4
1086	-7
1087	-5
1088	-6
1089	-5
1090	-6
1091	-4
1092	-7
1093	-4
1094	-5
1095	-6
1096	-6
1097	-4
1098	-6
1099	-4
1100	-6
1101	-4
1102	-7
1103	-5
1104	-7
1105	-5
1106	-7
1107	-6
1108	-6
1109	-3
1110	-6
1111	-5
1112	-8
1113	-5
1114	-7
1115	-5
1116	-6
1117	-5
1118	-6
1119	-4
1120	-7
1121	-3
1122	-6
1123	-2
1124	-5
1125	-4
1126	-6
1127	-4
1128	-7
1129	-4
1130	-5
1131	-5
1132	-4
1133	-3
1134	-4
1135	-3
1136	-5
1137	-3
1138	-4
1139	-1
1140	-4
1141	-2
1142	-6
1143	-3
1144	-5
1145	-2
1146	-4
1147	-2
1148	-5
1149	-2
1150	-5
1151	-3
1152	-4
1153	-1
1154	-4
1155	-2
1156	-5
1157	-2
1158	-4
1159	-3
1160	-4
1161	-2
1162	-4
1163	-2
1164	-4
1165	0
1166	-4
1167	0
1168	-3
1169	0
1170	-3
1171	-1
1172	-4
1173	0
1174	-2
1175	-1
1176	0
1177	0
1178	-1
1179	0
1180	0
1181	1
1182	-1
1183	1
1184	-1
1185	0
1186	-1
1187	1
1188	-2
1189	0
1190	-2
1191	0
1192	-2
1193	0
1194	-1
1195	0
1196	0
1197	0
1198	-2
1199	0
1200	-3
1201	-1
1202	-3
1203	0
1204	-3
1205	0
1206	-1
1207	-1
1208	-4
1209	-1
1210	-4
1211	0
1212	-5
1213	-1
1214	-4
1215	-2
1216	-4
1217	-1
1218	-4
1219	-3
1220	-4
1221	-2
1222	-4
1223	-2
1224	-5
1225	-2
1226	-4
1227	-3
1228	-6
1229	-3
1230	-7
1231	-4
1232	-7
1233	-4
1234	-6
1235	-4
1236	-7
1237	-3
1238	-4
1239	-4
1240	-6
1241	-4
1242	-6
1243	-3
1244	-6
1245	-3
1246	-5
1247	-4
1248	-6
1249	-3
1250	-4
1251	-4
1252	-5
1253	-2
1254	-4
1255	-3
1256	-4
1257	-1
1258	-3
1259	-2
1260	-3
1261	-2
1262	-4
1263	-1
1264	-4
1265	-2
1266	-4
1267	-2
1268	-4
1269	-2
1270	-3
1271	-2
1272	-3
1273	-1
1274	-4
1275	-2
1276	-4
1277	-1
1278	-5
1279	-2
1280	-4
1281	-2
1282	-4
1283	-1
1284	-3
1285	-2
1286	-2
1287	-1
1288	-4
1289	-2
1290	-3
1291	-1
1292	-4
1293	-2
1294	-4
1295	-2
1296	-3
1297	-2
1298	-4
1299	-2
1300	-3
1301	-2
1302	-2
1303	-1
1304	-3
1305	-2
1306	-2
1307	-1
1308	-3
1309	-1
1310	-2
1311	-1
1312	-1
1313	0
1314	-1
1315	0
1316	-2
1317	0
1318	-2
1319	0
1320	-1
1321	0
1322	-2
1323	0
1324	-1
1325	0
1326	-2
1327	0
1328	-2
1329	0
1330	-2
1331	0
1332	-1
1333	1
1334	-1
1335	0
1336	-2
1337	0
1338	-1
1339	0
1340	-1
1341	0
1342	0
1343	1
1344	-1
1345	0
1346	0
1347	0
1348	-1
1349	0
1350	-1
1351	0
1352	-1
1353	0
1354	-3
1355	0
1356	-2
1357	0
1358	-1
1359	0
1360	-1
1361	0
1362	0
1363	0
1364	-2
1365	0
1366	-2
1367	0
1368	-2
1369	0
1370	-1
1371	0
1372	-1
1373	0
1374	-1
1375	-1
1376	-3
1377	0
1378	-3
1379	0
1380	-1
1381	0
1382	-2
1383	-2
1384	-3
1385	-1
1386	-2
1387	-1
1388	-2
1389	0
1390	-2
1391	-1
1392	-2
1393	-1
1394	-2
1395	-2
1396	-3
1397	-1
1398	-2
1399	-3
1400	-2
1401	-3
1402	-3
1403	-1
1404	-3
1405	-1
1406	-2
1407	-3
1408	-4
1409	-2
1410	-4
1411	-3
1412	-5
1413	-1
1414	-5
1415	0
1416	-4
1417	0
1418	-2
1419	0
1420	-3
1421	-2
1422	-3
1423	-1
1424	-2
1425	0
1426	-1
1427	-1
1428	-1
1429	0
1430	-2
1431	-1
1432	-1
1433	-1
1434	0
1435	0
1436	-1
1437	0
1438	-1
1439	0
1440	-2
1441	-1
1442	-2
1443	-1
1444	-2
1445	-1
1446	-2
1447	-1
1448	-3
1449	-1
1450	-3
1451	-2
1452	-3
1453	-2
1454	-3
1455	-2
1456	-3
1457	-3
1458	-4
1459	-2
1460	-4
1461	-2
1462	-4
1463	-3
1464	-4
1465	-1
1466	-4
1467	-4
1468	-4
1469	-2
1470	-3
1471	-2
1472	-3
1473	0
1474	-3
1475	0
1476	-1
1477	0
1478	-1
1479	0
1480	-1
1481	0
1482	-1
1483	0
1484	-2
1485	-1
1486	-2
1487	-1
1488	-3
1489	-1
1490	-2
1491	-2
1492	-3
1493	-1
1494	-2
1495	-1
1496	-2
1497	-1
1498	-4
1499	-2
1500	-3
1501	-2
1502	-3
1503	-2
1504	-3
1505	-1
1506	-3
1507	-1
1508	-4
1509	-1
1510	-3
1511	-1
1512	-3
1513	-2
1514	-4
1515	-1
1516	-3
1517	0
1518	-2
1519	-1
1520	-3
1521	-1
1522	-1
1523	-1
1524	-2
1525	0
1526	-1
1527	0
1528	-2
1529	-1
1530	-1
1531	0
1532	-1
1533	0
1534	-2
1535	0
1536	-1
1537	0
1538	-2
1539	-1
1540	-2
1541	-1
1542	0
1543	0
1544	-2
1545	-1
1546	-2
1547	-2
1548	-2
1549	-1
1550	-2
1551	-1
1552	-2
1553	-1
1554	-2
1555	-2
1556	-2
1557	-1
1558	-2
1559	0
1560	-2
1561	0
1562	-1
1563	0
1564	-1
1565	-1
1566	-1
1567	0
1568	-1
1569	0
1570	-1
1571	0
1572	-1
1573	0
1574	0
1575	0
1576	-1
1577	-1
1578	-1
1579	0
1580	-1
1581	0
1582	-1
1583	-1
1584	-2
1585	-1
1586	-2
1587	-1
1588	-2
1589	0
1590	-1
1591	0
1592	-3
1593	-1
1594	-3
1595	0
1596	-2
1597	0
1598	-4
1599	-1
1600	-3
1601	-1
1602	-2
1603	-1
1604	-3
1605	0
1606	-3
1607	0
1608	-1
1609	0
1610	-1
1611	0
1612	-1
1613	0
1614	0
1615	0
1616	-2
1617	0
1618	0
1619	0
1620	0
1621	1
1622	0
1623	0
1624	1
1625	1
1626	0
1627	1
1628	0
1629	1
1630	0
1631	1
1632	0
1633	0
1634	0
1635	0
1636	0
1637	2
1638	0
1639	2
1640	1
1641	2
1642	0
1643	2
1644	0
1645	2
1646	1
1647	1
1648	1
1649	1
1650	1
1651	1
1652	0
1653	2
1654	0
1655	1
1656	0
1657	3
1658	0
1659	1
1660	0
1661	0
1662	0
1663	0
1664	-1
1665	0
1666	-1
1667	0
1668	0
1669	0
1670	-1
1671	0
1672	-1
1673	0
1674	-1
1675	0
1676	0
1677	0
1678	0
1679	0
1680	-1
1681	0
1682	0
1683	-1
1684	0
1685	0
1686	0
1687	0
1688	-1
1689	0
1690	0
1691	0
1692	0
1693	0
1694	0
1695	0
1696	0
1697	0
1698	0
1699	0
1700	-1
1701	0
1702	0
1703	0
1704	-1
1705	0
1706	-1
1707	0
1708	-1
1709	0
1710	-1
1711	0
1712	-1
1713	0
1714	-2
1715	0
1716	-1
1717	0
1718	-1
1719	0
1720	-1
1721	-1
1722	-2
1723	0
1724	-1
1725	0
1726	-2
1727	0
1728	-2
1729	0
1730	-1
1731	0
1732	-1
1733	-1
1734	-2
1735	-1
1736	-1
1737	-1
1738	-1
1739	-1
1740	-1
1741	-1
1742	-3
1743	-1
1744	-2
1745	-1
1746	-2
1747	-1
1748	-3
1749	-1
1750	-1
1751	-1
1752	-1
1753	0
1754	-2
1755	-1
1756	-2
1757	-1
1758	-3
1759	0
1760	-1
1761	-1
1762	-1
1763	-1
1764	-1
1765	0
1766	-1
1767	-1
1768	-2
1769	0
1770	-1
1771	-1
1772	-1
1773	0
1774	-1
1775	0
1776	-1
1777	0
1778	-2
1779	0
1780	0
1781	0
1782	0
1783	0
1784	-1
1785	0
1786	-1
1787	0
1788	-1
1789	-1
1790	-2
1791	0
1792	-1
1793	0
1794	-1
1795	-1
1796	-2
1797	-1
1798	-1
1799	-1
1800	-2
1801	-1
1802	-2
1803	0
1804	-1
1805	0
1806	-2
1807	-1
1808	-2
1809	0
1810	-1
1811	0
1812	-1
1813	0
1814	-1
1815	0
1816	0
1817	0
1818	-1
1819	0
1820	0
1821	0
1822	-1
1823	0
1824	-2
1825	0
1826	0
1827	0
1828	-1
1829	0
1830	-2
1831	0
1832	-1
1833	0
1834	0
1835	0
1836	0
1837	0
1838	0
1839	0
1840	-1
1841	0
1842	0
1843	0
1844	0
1845	0
1846	0
1847	0
1848	0
1849	0
1850	0
1851	0
1852	0
1853	0
1854	0
1855	-1
1856	0
1857	0
1858	0
1859	0
1860	0
1861	-1
1862	-2
1863	-1
1864	-1
1865	-1
1866	-1
1867	-1
1868	-2
1869	-1
1870	-1
1871	-1
1872	-4
1873	-1
1874	-3
1875	-1
1876	-2
1877	-1
1878	-1
1879	-1
1880	-1
1881	-2
1882	-1
1883	-1
1884	-2
1885	-1
1886	-1
1887	-1
1888	-2
1889	-1
1890	-1
1891	-1
1892	-1
1893	-1
1894	-1
1895	-1
1896	-1
1897	-1
1898	-2
1899	-1
1900	-1
1901	-1
1902	-1
1903	0
1904	-3
1905	0
1906	-2
1907	-1
1908	-2
1909	0
1910	-2
1911	0
1912	-1
1913	-1
1914	-2
1915	-1
1916	-3
1917	-1
1918	-2
1919	0
1920	-1
1921	0
1922	-1
1923	0
1924	-2
1925	0
1926	0
1927	0
1928	0
1929	0
1930	0
1931	0
1932	0
1933	0
1934	0
1935	0
1936	0
1937	0
1938	0
1939	0
1940	0
1941	1
1942	0
1943	2
1944	0
1945	1
1946	0
1947	1
1948	0
1949	0
1950	0
1951	0
1952	-1
1953	0
1954	0
1955	0
1956	0
1957	0
1958	0
1959	0
1960	-2
1961	-1
1962	-1
1963	0
1964	-3
1965	-1
1966	-2
1967	-1
1968	-3
1969	-1
1970	-1
1971	-1
1972	-1
1973	-1
1974	-2
1975	0
1976	-3
1977	0
1978	-2
1979	0
1980	-1
1981	0
1982	-1
1983	-1
1984	-1
1985	0
1986	-1
1987	0
1988	0
1989	0
1990	-2
1991	-1
1992	-1
1993	-1
1994	-1
1995	0
1996	-2
1997	0
1998	-1
1999	0
