0	0
1	1
2	0
3	1
4	1
5	0
6	0
7	0
8	0
9	0
10	0
11	0
12	0
13	0
14	0
15	0
16	0
17	0
18	0
19	0
20	0
21	0
22	-1
23	0
24	0
25	0
26	0
27	0
28	0
29	0
30	0
31	0
32	0
33	0
34	0
35	0
36	0
37	0
38	0
39	0
40	0
41	0
42	0
43	0
44	0
45	0
46	0
47	0
48	0
49	0
50	0
51	0
52	0
53	0
54	0
55	0
56	0
57	0
58	0
59	0
60	0
61	0
62	0
63	0
64	0
65	0
66	0
67	0
68	0
69	0
70	0
71	0
72	0
73	0
74	0
75	0
76	0
77	0
78	0
79	0
80	0
81	0
82	0
83	0
84	0
85	0
86	0
87	0
88	0
89	0
90	0
91	0
92	0
93	0
94	0
95	0
96	0
97	0
98	0
99	0
100	0
101	0
102	0
103	0
104	0
105	0
106	0
107	0
108	0
109	0
110	0
111	0
112	0
113	0
114	0
115	0
116	0
117	0
118	0
119	0
120	0
121	0
122	0
123	0
124	0
125	0
126	0
127	0
128	0
129	0
130	0
131	0
132	0
133	0
134	0
135	0
136	0
137	0
138	0
139	0
140	0
141	0
142	0
143	0
144	0
145	0
146	0
147	0
148	0
149	0
150	0
151	0
152	0
153	0
154	0
155	-1
156	0
157	0
158	0
159	0
160	0
161	0
162	0
163	0
164	0
165	0
166	0
167	0
168	0
169	0
170	0
171	0
172	0
173	0
174	0
175	0
176	0
177	0
178	0
179	0
180	0
181	0
182	0
183	0
184	0
185	0
186	0
187	0
188	0
189	0
190	0
191	0
192	0
193	0
194	0
195	0
196	0
197	0
198	0
199	0
200	0
201	0
202	0
203	0
204	0
205	0
206	0
207	0
208	0
209	0
210	0
211	0
212	0
213	0
214	0
215	0
216	0
217	0
218	0
219	0
220	0
221	0
222	0
223	0
224	0
225	0
226	0
227	0
228	0
229	0
230	0
231	0
232	0
233	0
234	0
235	0
236	0
237	0
238	0
239	0
240	0
241	0
242	0
243	0
244	0
245	0
246	0
247	0
248	0
249	0
250	0
251	0
252	0
253	0
254	0
255	0
256	0
257	0
258	0
259	0
260	0
261	0
262	0
263	0
264	0
265	0
266	0
267	0
268	0
269	0
270	0
271	0
272	0
273	0
274	0
275	0
276	0
277	0
278	0
279	0
280	0
281	0
282	0
283	0
284	0
285	0
286	0
287	0
288	0
289	0
290	0
291	0
292	0
293	0
294	0
295	0
296	0
297	0
298	0
299	0
300	0
301	0
302	0
303	0
304	0
305	0
306	0
307	0
308	0
309	0
310	0
311	0
312	0
313	0
314	0
315	0
316	0
317	0
318	0
319	0
320	0
321	0
322	0
323	0
324	0
325	0
326	0
327	0
328	0
329	0
330	0
331	0
332	0
333	0
334	0
335	0
336	0
337	0
338	0
339	0
340	0
341	0
342	0
343	0
344	0
345	0
346	0
347	0
348	0
349	0
350	0
351	0
352	0
353	0
354	0
355	0
356	0
357	0
358	0
359	0
360	0
361	0
362	0
363	0
364	0
365	0
366	0
367	0
368	0
369	0
370	0
371	0
372	0
373	0
374	0
375	0
376	0
377	0
378	0
379	0
380	0
381	0
382	0
383	0
384	0
385	0
386	0
387	0
388	0
389	0
390	0
391	0
392	0
393	0
394	0
395	0
396	0
397	0
398	0
399	0
400	0
401	0
402	0
403	0
404	0
405	0
406	0
407	0
408	0
409	0
410	0
411	0
412	0
413	0
414	0
415	0
416	0
417	0
418	0
419	0
420	0
421	0
422	0
423	0
424	0
425	0
426	0
427	0
428	0
429	0
430	0
431	0
432	0
433	0
434	0
435	0
436	0
437	0
438	0
439	0
440	0
441	0
442	0
443	1
444	0
445	1
446	0
447	2
448	1
449	2
450	3
451	4
452	4
453	6
454	6
455	9
456	8
457	10
458	11
459	13
460	12
461	16
462	16
463	18
464	19
465	21
466	21
467	23
468	25
469	27
470	29
471	30
472	32
473	34
474	37
475	39
476	39
477	43
478	44
479	46
480	47
481	50
482	51
483	53
484	54
485	57
486	56
487	60
488	60
489	62
490	62
491	65
492	65
493	68
494	68
495	69
496	70
497	71
498	71
499	78
500	62
501	75
502	71
503	73
504	69
505	71
506	69
507	71
508	68
509	69
510	66
511	68
512	64
513	65
514	63
515	62
516	61
517	60
518	59
519	59
520	57
521	57
522	54
523	54
524	51
525	51
526	48
527	49
528	45
529	44
530	44
531	43
532	41
533	42
534	38
535	39
536	35
537	35
538	32
539	31
540	32
541	29
542	28
543	28
544	27
545	28
546	26
547	26
548	23
549	23
550	21
551	23
552	19
553	21
554	18
555	19
556	15
557	15
558	12
559	15
560	12
561	12
562	11
563	10
564	8
565	8
566	8
567	7
568	8
569	8
570	5
571	7
572	3
573	6
574	4
575	5
576	3
577	4
578	1
579	4
580	1
581	3
582	1
583	2
584	1
585	1
586	1
587	0
588	0
589	0
590	0
591	0
592	0
593	0
594	0
595	0
596	0
597	0
598	0
599	0
600	0
601	0
602	0
603	0
604	0
605	0
606	-1
607	0
608	0
609	0
610	0
611	0
612	-2
613	0
614	0
615	0
616	-2
617	0
618	0
619	0
620	0
621	0
622	0
623	0
624	-1
625	-1
626	-2
627	0
628	-1
629	-1
630	-1
631	-1
632	0
633	0
634	0
635	0
636	0
637	0
638	0
639	0
640	0
641	0
642	0
643	0
644	0
645	0
646	0
647	0
648	0
649	0
650	0
651	0
652	0
653	0
654	0
655	0
656	0
657	0
658	0
659	0
660	0
661	0
662	0
663	0
664	0
665	0
666	-1
667	0
668	0
669	0
670	0
671	0
672	0
673	0
674	0
675	0
676	0
677	0
678	1
679	0
680	0
681	0
682	0
683	1
684	0
685	1
686	1
687	0
688	0
689	0
690	0
691	0
692	1
693	1
694	0
695	1
696	0
697	0
698	0
699	0
700	0
701	0
702	0
703	0
704	0
705	0
706	0
707	0
708	0
709	1
710	0
711	0
712	0
713	0
714	-1
715	0
716	-1
717	0
718	0
719	0
720	0
721	0
722	0
723	0
724	0
725	0
726	0
727	0
728	-1
729	1
730	0
731	0
732	0
733	0
734	0
735	0
736	0
737	0
738	0
739	0
740	0
741	0
742	0
743	0
744	0
745	0
746	0
747	0
748	0
749	0
750	0
751	0
752	0
753	0
754	0
755	0
756	0
757	0
758	0
759	0
760	-2
761	0
762	-1
763	0
764	-1
765	0
766	-1
767	0
768	-1
769	0
770	0
771	-1
772	0
773	0
774	-1
775	0
776	-1
777	0
778	-1
779	0
780	0
781	0
782	-1
783	0
784	0
785	-1
786	-1
787	-1
788	-2
789	-1
790	-1
791	0
792	0
793	0
794	0
795	0
796	-1
797	0
798	0
799	0
800	0
801	0
802	0
803	0
804	0
805	-1
806	-1
807	0
808	0
809	0
810	0
811	0
812	-2
813	0
814	-3
815	0
816	-1
817	-1
818	-2
819	-1
820	-1
821	-1
822	-1
823	-1
824	-1
825	0
826	-1
827	0
828	-1
829	0
830	-1
831	0
832	-1
833	0
834	0
835	-1
836	-1
837	0
838	-1
839	0
840	0
841	0
842	0
843	0
844	0
845	0
846	0
847	0
848	0
849	0
850	0
851	0
852	0
853	0
854	0
855	0
856	0
857	0
858	0
859	0
860	0
861	0
862	0
863	0
864	0
865	1
866	0
867	0
868	0
869	1
870	0
871	1
872	0
873	0
874	0
875	0
876	0
877	0
878	0
879	0
880	0
881	0
882	0
883	0
884	0
885	0
886	0
887	0
888	0
889	0
890	0
891	0
892	-1
893	0
894	0
895	0
896	0
897	0
898	0
899	0
900	0
901	0
902	0
903	0
904	0
905	0
906	0
907	0
908	0
909	0
910	0
911	0
912	0
913	0
914	0
915	0
916	-1
917	0
918	-1
919	0
920	0
921	0
922	0
923	0
924	0
925	0
926	-1
927	0
928	0
929	0
930	-1
931	0
932	-1
933	0
934	0
935	0
936	0
937	0
938	0
939	0
940	0
941	-1
942	-1
943	-1
944	-1
945	-1
946	-1
947	0
948	-2
949	-1
950	-1
951	0
952	0
953	-1
954	-1
955	-1
956	0
957	-1
958	-1
959	-1
960	-1
961	0
962	-1
963	-1
964	-1
965	0
966	0
967	0
968	0
969	0
970	-1
971	0
972	0
973	-1
974	0
975	0
976	0
977	0
978	0
979	0
980	0
981	0
982	0
983	0
984	0
985	0
986	0
987	0
988	0
989	0
990	-1
991	0
992	0
993	0
994	-2
995	0
996	-1
997	0
998	0
999	0
1000	0
1001	-1
1002	-1
1003	-1
1004	-2
1005	0
1006	-2
1007	0
1008	-1
1009	0
1010	-1
1011	0
1012	-1
1013	0
1014	-2
1015	0
1016	-1
1017	-1
1018	-1
1019	-1
1020	-1
1021	-1
1022	-1
1023	-1
1024	-1
1025	-1
1026	-1
1027	0
1028	-1
1029	0
1030	-1
1031	0
1032	-2
1033	-1
1034	-1
1035	-1
1036	0
1037	0
1038	0
1039	0
1040	0
1041	0
1042	-1
1043	-1
1044	0
1045	-2
1046	-1
1047	-1
1048	-1
1049	-1
1050	-1
1051	-1
1052	0
1053	0
1054	-1
1055	-1
1056	-2
1057	-1
1058	-1
1059	-1
1060	-1
1061	0
1062	-1
1063	-1
1064	-1
1065	-1
1066	0
1067	0
1068	-1
1069	-1
1070	-1
1071	-1
1072	-2
1073	-1
1074	-2
1075	-1
1076	-2
1077	-2
1078	-2
1079	-2
1080	-2
1081	-1
1082	0
1083	0
1084	-1
1085	-1
1086	-2
1087	0
1088	-1
1089	0
1090	-2
1091	0
1092	-1
1093	-1
1094	-1
1095	0
1096	0
1097	0
1098	0
1099	0
1100	0
1101	0
1102	0
1103	0
1104	0
1105	0
1106	-2
1107	0
1108	-1
1109	-1
1110	-1
1111	0
1112	-1
1113	-1
1114	-1
1115	-1
1116	-1
1117	0
1118	0
1119	0
1120	-1
1121	-1
1122	0
1123	-1
1124	-2
1125	0
1126	-1
1127	0
1128	0
1129	-1
1130	-1
1131	0
1132	0
1133	0
1134	-1
1135	0
1136	0
1137	0
1138	-1
1139	0
1140	-1
1141	0
1142	-1
1143	-1
1144	0
1145	0
1146	0
1147	0
1148	0
1149	0
1150	0
1151	0
1152	0
1153	0
1154	0
1155	0
1156	-1
1157	0
1158	0
1159	0
1160	0
1161	0
1162	0
1163	1
1164	0
1165	0
1166	0
1167	0
1168	0
1169	0
1170	0
1171	0
1172	0
1173	0
1174	0
1175	0
1176	0
1177	0
1178	0
1179	0
1180	0
1181	0
1182	0
1183	0
1184	0
1185	0
1186	0
1187	1
1188	0
1189	0
1190	0
1191	1
1192	0
1193	0
1194	0
1195	0
1196	0
1197	0
1198	0
1199	0
1200	0
1201	0
1202	0
1203	0
1204	0
1205	0
1206	0
1207	0
1208	0
1209	0
1210	0
1211	0
1212	-1
1213	0
1214	0
1215	0
1216	0
1217	-1
1218	-1
1219	0
1220	-1
1221	0
1222	-1
1223	0
1224	-1
1225	0
1226	-2
1227	0
1228	-2
1229	0
1230	-1
1231	0
1232	-1
1233	0
1234	-1
1235	0
1236	-2
1237	-1
1238	-1
1239	0
1240	-1
1241	0
1242	-2
1243	-1
1244	-1
1245	-1
1246	-1
1247	0
1248	-1
1249	-1
1250	0
1251	0
1252	-1
1253	0
1254	-1
1255	-1
1256	-1
1257	0
1258	-1
1259	0
1260	-2
1261	-1
1262	-1
1263	-1
1264	0
1265	-1
1266	-2
1267	0
1268	-1
1269	-1
1270	-1
1271	-2
1272	-2
1273	-1
1274	-1
1275	-1
1276	-1
1277	-1
1278	-2
1279	-1
1280	-1
1281	-1
1282	0
1283	-1
1284	-1
1285	-1
1286	-1
1287	0
1288	-1
1289	-1
1290	-1
1291	-1
1292	-2
1293	-1
1294	-1
1295	0
1296	-3
1297	-1
1298	-2
1299	0
1300	-1
1301	0
1302	-1
1303	0
1304	-1
1305	0
1306	-1
1307	0
1308	-1
1309	0
1310	-1
1311	0
1312	-1
1313	0
1314	0
1315	0
1316	-1
1317	0
1318	0
1319	0
1320	-1
1321	0
1322	0
1323	0
1324	-1
1325	0
1326	-1
1327	-1
1328	0
1329	0
1330	-1
1331	0
1332	0
1333	0
1334	-1
1335	0
1336	-1
1337	-1
1338	-1
1339	-1
1340	-1
1341	-3
1342	0
1343	-2
1344	-2
1345	-1
1346	-1
1347	0
1348	-1
1349	-1
1350	-2
1351	-1
1352	-2
1353	-1
1354	-3
1355	-1
1356	-2
1357	-1
1358	-1
1359	-2
1360	-2
1361	-2
1362	-1
1363	0
1364	-1
1365	0
1366	-2
1367	0
1368	-1
1369	0
1370	-1
1371	0
1372	0
1373	0
1374	0
1375	-2
1376	0
1377	-1
1378	-1
1379	-1
1380	-1
1381	-1
1382	-1
1383	0
1384	-1
1385	-1
1386	-1
1387	0
1388	-1
1389	0
1390	0
1391	-1
1392	0
1393	0
1394	-1
1395	0
1396	-1
1397	0
1398	-1
1399	0
1400	0
1401	-1
1402	-1
1403	-1
1404	-2
1405	0
1406	-1
1407	-1
1408	-1
1409	0
1410	0
1411	0
1412	-1
1413	-1
1414	-1
1415	-1
1416	-1
1417	0
1418	-1
1419	0
1420	-1
1421	-1
1422	-1
1423	0
1424	-2
1425	-1
1426	-1
1427	-1
1428	0
1429	0
1430	0
1431	-1
1432	0
1433	0
1434	0
1435	0
1436	0
1437	0
1438	-1
1439	0
1440	0
1441	0
1442	0
1443	0
1444	0
1445	0
1446	0
1447	0
1448	0
1449	0
1450	0
1451	0
1452	0
1453	0
1454	0
1455	0
1456	-2
1457	0
1458	-1
1459	0
1460	-1
1461	0
1462	-1
1463	0
1464	-1
1465	0
1466	-1
1467	0
1468	-1
1469	0
1470	-1
1471	0
1472	0
1473	0
1474	0
1475	0
1476	-1
1477	-2
1478	-1
1479	-1
1480	0
1481	0
1482	0
1483	0
1484	-1
1485	0
1486	-1
1487	0
1488	-1
1489	0
1490	0
1491	0
1492	0
1493	0
1494	0
1495	-1
1496	-1
1497	0
1498	-1
1499	-1
1500	0
1501	0
1502	-1
1503	0
1504	-2
1505	0
1506	-1
1507	-1
1508	-1
1509	-1
1510	-1
1511	-1
1512	-1
1513	-1
1514	-2
1515	0
1516	-2
1517	0
1518	-1
1519	-1
1520	-2
1521	-1
1522	-2
1523	-2
1524	-1
1525	0
1526	0
1527	-1
1528	0
1529	0
1530	0
1531	0
1532	0
1533	0
1534	0
1535	0
1536	-1
1537	0
1538	-1
1539	0
1540	0
1541	0
1542	0
1543	0
1544	-1
1545	0
1546	-1
1547	0
1548	-1
1549	0
1550	0
1551	0
1552	-1
1553	0
1554	0
1555	0
1556	0
1557	-1
1558	-1
1559	0
1560	0
1561	0
1562	0
1563	0
1564	-1
1565	0
1566	0
1567	0
1568	0
1569	0
1570	0
1571	0
1572	0
1573	0
1574	0
1575	0
1576	-1
1577	-1
1578	-1
1579	-1
1580	-1
1581	-1
1582	-1
1583	0
1584	-1
1585	0
1586	-1
1587	-1
1588	-1
1589	-2
1590	-1
1591	0
1592	-1
1593	-1
1594	0
1595	0
1596	0
1597	0
1598	0
1599	0
1600	0
1601	-1
1602	0
1603	0
1604	0
1605	0
1606	0
1607	-1
1608	0
1609	0
1610	0
1611	0
1612	0
1613	0
1614	0
1615	0
1616	-1
1617	0
1618	0
1619	0
1620	0
1621	0
1622	0
1623	0
1624	-1
1625	0
1626	-1
1627	0
1628	0
1629	0
1630	-1
1631	0
1632	0
1633	0
1634	0
1635	0
1636	0
1637	0
1638	0
1639	0
1640	0
1641	0
1642	-1
1643	-1
1644	0
1645	0
1646	0
1647	0
1648	0
1649	0
1650	0
1651	0
1652	0
1653	-1
1654	0
1655	0
1656	0
1657	0
1658	-1
1659	0
1660	0
1661	0
1662	0
1663	0
1664	0
1665	0
1666	0
1667	0
1668	-2
1669	0
1670	-1
1671	0
1672	0
1673	-1
1674	-1
1675	0
1676	-2
1677	0
1678	-1
1679	0
1680	0
1681	-1
1682	0
1683	-1
1684	-1
1685	0
1686	-2
1687	0
1688	-1
1689	0
1690	-1
1691	0
1692	-1
1693	-1
1694	-1
1695	0
1696	-1
1697	0
1698	-1
1699	-1
1700	-1
1701	0
1702	0
1703	0
1704	-1
1705	0
1706	0
1707	0
1708	0
1709	0
1710	0
1711	0
1712	0
1713	0
1714	0
1715	0
1716	-1
1717	0
1718	0
1719	0
1720	0
1721	0
1722	0
1723	0
1724	-1
1725	0
1726	0
1727	0
1728	0
1729	0
1730	0
1731	0
1732	-1
1733	0
1734	0
1735	-1
1736	-1
1737	0
1738	-1
1739	0
1740	0
1741	0
1742	0
1743	0
1744	0
1745	0
1746	0
1747	0
1748	0
1749	0
1750	0
1751	0
1752	0
1753	0
1754	-1
1755	0
1756	-1
1757	0
1758	-1
1759	0
1760	-1
1761	-1
1762	-1
1763	0
1764	-1
1765	0
1766	-1
1767	0
1768	-1
1769	0
1770	-1
1771	0
1772	-1
1773	0
1774	-2
1775	0
1776	-1
1777	0
1778	0
1779	-1
1780	0
1781	0
1782	0
1783	0
1784	-1
1785	0
1786	0
1787	0
1788	0
1789	0
1790	0
1791	0
1792	-1
1793	0
1794	0
1795	0
1796	-1
1797	0
1798	-1
1799	0
1800	0
1801	0
1802	0
1803	0
1804	0
1805	0
1806	0
1807	0
1808	0
1809	-1
1810	0
1811	0
1812	-2
1813	0
1814	-1
1815	0
1816	0
1817	0
1818	-1
1819	-1
1820	-1
1821	0
1822	-1
1823	0
1824	0
1825	0
1826	0
1827	0
1828	-1
1829	0
1830	0
1831	0
1832	-1
1833	0
1834	-1
1835	0
1836	0
1837	0
1838	-1
1839	0
1840	0
1841	0
1842	0
1843	0
1844	0
1845	0
1846	0
1847	0
1848	0
1849	0
1850	0
1851	0
1852	0
1853	0
1854	0
1855	0
1856	0
1857	0
1858	0
1859	0
1860	0
1861	0
1862	0
1863	0
1864	0
1865	0
1866	0
1867	-1
1868	0
1869	0
1870	0
1871	0
1872	-1
1873	0
1874	-1
1875	0
1876	0
1877	0
1878	0
1879	0
1880	-1
1881	0
1882	0
1883	0
1884	-1
1885	0
1886	0
1887	0
1888	0
1889	0
1890	-1
1891	0
1892	-1
1893	-1
1894	0
1895	-1
1896	-2
1897	0
1898	-2
1899	-1
1900	-1
1901	-1
1902	-2
1903	-1
1904	-1
1905	0
1906	-1
1907	-1
1908	-1
1909	-1
1910	-1
1911	0
1912	-2
1913	0
1914	-1
1915	0
1916	-1
1917	0
1918	0
1919	0
1920	0
1921	0
1922	-1
1923	0
1924	0
1925	0
1926	0
1927	0
1928	0
1929	0
1930	0
1931	0
1932	-1
1933	0
1934	0
1935	0
1936	0
1937	0
1938	0
1939	0
1940	-1
1941	0
1942	-1
1943	0
1944	0
1945	0
1946	0
1947	0
1948	0
1949	0
1950	0
1951	0
1952	0
1953	0
1954	0
1955	0
1956	0
1957	0
1958	0
1959	0
1960	0
1961	0
1962	-1
1963	0
1964	0
1965	0
1966	0
1967	0
1968	0
1969	0
1970	0
1971	0
1972	0
1973	0
1974	0
1975	-1
1976	0
1977	0
1978	0
1979	0
1980	0
1981	0
1982	0
1983	0
1984	0
1985	0
1986	0
1987	0
1988	-1
1989	0
1990	0
1991	0
1992	0
1993	0
1994	0
1995	0
1996	0
1997	0
1998	0
1999	0
