0	0
1	0
2	0
3	0
4	0
5	1
6	0
7	0
8	0
9	0
10	0
11	0
12	0
13	0
14	0
15	0
16	0
17	0
18	0
19	0
20	0
21	0
22	0
23	0
24	0
25	0
26	0
27	0
28	0
29	0
30	0
31	0
32	0
33	0
34	0
35	0
36	0
37	0
38	0
39	0
40	0
41	0
42	0
43	0
44	0
45	0
46	0
47	0
48	0
49	0
50	0
51	1
52	0
53	0
54	0
55	0
56	0
57	0
58	0
59	0
60	0
61	0
62	0
63	0
64	0
65	0
66	0
67	0
68	0
69	0
70	0
71	0
72	0
73	0
74	0
75	0
76	0
77	0
78	0
79	0
80	0
81	0
82	0
83	0
84	0
85	0
86	0
87	0
88	0
89	0
90	0
91	0
92	0
93	0
94	0
95	0
96	0
97	0
98	0
99	0
100	0
101	0
102	0
103	0
104	0
105	0
106	0
107	0
108	0
109	0
110	0
111	0
112	0
113	0
114	0
115	0
116	0
117	0
118	0
119	1
120	0
121	0
122	0
123	0
124	0
125	0
126	0
127	0
128	0
129	0
130	0
131	0
132	0
133	0
134	0
135	0
136	0
137	0
138	0
139	0
140	0
141	0
142	0
143	0
144	-1
145	0
146	0
147	0
148	0
149	0
150	-1
151	0
152	0
153	0
154	0
155	0
156	0
157	0
158	0
159	0
160	0
161	0
162	0
163	0
164	0
165	0
166	0
167	0
168	0
169	0
170	0
171	0
172	0
173	0
174	0
175	0
176	0
177	0
178	0
179	0
180	0
181	0
182	0
183	0
184	0
185	0
186	0
187	1
188	0
189	0
190	0
191	0
192	0
193	0
194	1
195	1
196	0
197	0
198	1
199	0
200	0
201	0
202	0
203	0
204	0
205	0
206	0
207	0
208	0
209	0
210	0
211	0
212	0
213	0
214	0
215	0
216	0
217	0
218	0
219	0
220	0
221	0
222	0
223	0
224	0
225	0
226	0
227	0
228	0
229	0
230	0
231	0
232	0
233	0
234	0
235	0
236	0
237	0
238	0
239	0
240	0
241	0
242	0
243	0
244	0
245	0
246	0
247	0
248	0
249	0
250	0
251	0
252	-1
253	0
254	0
255	0
256	0
257	0
258	0
259	0
260	0
261	0
262	0
263	0
264	0
265	0
266	0
267	0
268	0
269	0
270	0
271	0
272	0
273	0
274	0
275	0
276	0
277	0
278	0
279	0
280	0
281	0
282	0
283	0
284	0
285	0
286	0
287	0
288	0
289	0
290	0
291	0
292	0
293	0
294	0
295	0
296	0
297	0
298	0
299	0
300	0
301	0
302	0
303	0
304	0
305	0
306	0
307	1
308	0
309	1
310	0
311	0
312	0
313	0
314	0
315	1
316	0
317	1
318	0
319	1
320	0
321	1
322	0
323	0
324	0
325	0
326	0
327	1
328	0
329	0
330	0
331	0
332	0
333	0
334	0
335	1
336	0
337	0
338	0
339	0
340	0
341	0
342	0
343	0
344	0
345	0
346	0
347	0
348	0
349	0
350	0
351	0
352	0
353	0
354	0
355	0
356	0
357	0
358	0
359	0
360	0
361	0
362	0
363	0
364	0
365	0
366	0
367	0
368	0
369	0
370	0
371	0
372	0
373	0
374	0
375	0
376	0
377	0
378	0
379	0
380	-1
381	0
382	0
383	0
384	0
385	0
386	0
387	0
388	0
389	0
390	0
391	0
392	0
393	0
394	0
395	0
396	0
397	0
398	0
399	0
400	0
401	0
402	0
403	1
404	0
405	1
406	0
407	1
408	0
409	0
410	0
411	0
412	0
413	0
414	0
415	0
416	0
417	0
418	0
419	0
420	0
421	0
422	0
423	0
424	0
425	0
426	0
427	0
428	0
429	1
430	0
431	0
432	0
433	1
434	0
435	1
436	1
437	2
438	3
439	3
440	3
441	6
442	5
443	9
444	10
445	12
446	12
447	18
448	19
449	22
450	23
451	26
452	29
453	32
454	34
455	38
456	39
457	43
458	43
459	47
460	47
461	51
462	51
463	56
464	56
465	58
466	59
467	62
468	62
469	65
470	66
471	67
472	67
473	68
474	68
475	70
476	70
477	73
478	69
479	73
480	71
481	73
482	72
483	74
484	74
485	75
486	74
487	76
488	72
489	75
490	72
491	75
492	72
493	72
494	72
495	73
496	73
497	74
498	74
499	78
500	62
501	69
502	68
503	67
504	65
505	67
506	63
507	66
508	61
509	63
510	60
511	60
512	58
513	59
514	56
515	57
516	54
517	54
518	52
519	50
520	48
521	48
522	46
523	47
524	45
525	43
526	44
527	42
528	39
529	39
530	37
531	38
532	34
533	34
534	32
535	33
536	30
537	31
538	28
539	28
540	27
541	27
542	24
543	25
544	22
545	22
546	20
547	21
548	17
549	18
550	14
551	16
552	13
553	15
554	11
555	13
556	10
557	10
558	8
559	10
560	9
561	9
562	6
563	8
564	7
565	8
566	5
567	7
568	5
569	6
570	4
571	4
572	3
573	4
574	2
575	3
576	3
577	3
578	3
579	3
580	1
581	1
582	2
583	1
584	0
585	1
586	0
587	0
588	0
589	0
590	0
591	0
592	-1
593	0
594	-1
595	0
596	-1
597	0
598	-1
599	-1
600	-2
601	0
602	-2
603	-1
604	-2
605	-1
606	-1
607	-1
608	-1
609	-1
610	-1
611	-1
612	-1
613	0
614	-2
615	0
616	-2
617	-1
618	-2
619	-1
620	-2
621	-1
622	-2
623	0
624	-2
625	0
626	-2
627	-1
628	-2
629	-1
630	-2
631	-1
632	-1
633	-1
634	-1
635	0
636	-3
637	-1
638	-3
639	-2
640	-1
641	-1
642	-2
643	-1
644	-2
645	-2
646	-2
647	0
648	-2
649	-1
650	-2
651	-1
652	-1
653	0
654	-2
655	0
656	-2
657	0
658	-3
659	-1
660	-2
661	-1
662	-1
663	0
664	-2
665	0
666	-1
667	0
668	0
669	0
670	-1
671	0
672	-2
673	-1
674	-1
675	-1
676	-1
677	0
678	0
679	0
680	0
681	0
682	0
683	0
684	0
685	0
686	-1
687	0
688	-2
689	0
690	0
691	0
692	-1
693	0
694	-1
695	0
696	-1
697	0
698	-1
699	0
700	-1
701	0
702	-1
703	0
704	-1
705	0
706	-1
707	0
708	0
709	0
710	-1
711	-1
712	-1
713	0
714	0
715	-1
716	-2
717	0
718	-1
719	-1
720	-3
721	-1
722	-2
723	-2
724	-1
725	0
726	-2
727	-2
728	-2
729	-1
730	-1
731	-1
732	-1
733	-1
734	-2
735	-1
736	-1
737	0
738	-2
739	0
740	0
741	0
742	-2
743	0
744	-1
745	-1
746	0
747	-1
748	0
749	0
750	-1
751	-2
752	-1
753	0
754	-2
755	-1
756	-1
757	-2
758	-1
759	-2
760	-2
761	-1
762	-3
763	-2
764	-2
765	-1
766	-2
767	-1
768	-1
769	-2
770	-2
771	-1
772	-1
773	-1
774	-3
775	-1
776	-3
777	0
778	-1
779	0
780	-3
781	0
782	-1
783	0
784	-2
785	0
786	0
787	0
788	-1
789	-1
790	-2
791	0
792	-2
793	-1
794	-1
795	-2
796	-3
797	-1
798	0
799	-1
800	-1
801	-1
802	-1
803	-2
804	-2
805	0
806	-1
807	-1
808	-2
809	-1
810	-2
811	-1
812	-3
813	-1
814	-2
815	-1
816	-2
817	-1
818	-1
819	-1
820	-1
821	-1
822	-2
823	-1
824	-2
825	-2
826	-2
827	-1
828	-2
829	-1
830	-2
831	-1
832	-2
833	-1
834	-3
835	-1
836	-3
837	0
838	-2
839	0
840	-3
841	-1
842	-1
843	-1
844	-1
845	0
846	-1
847	-1
848	-4
849	0
850	-3
851	-1
852	-1
853	-1
854	-2
855	-1
856	-3
857	-1
858	-3
859	-3
860	-3
861	-1
862	-4
863	-3
864	-3
865	-2
866	-4
867	-4
868	-4
869	-2
870	-4
871	-2
872	-3
873	-2
874	-2
875	-1
876	-3
877	-1
878	-4
879	-1
880	-2
881	-1
882	-2
883	0
884	-3
885	-1
886	-1
887	0
888	-2
889	-1
890	-3
891	-1
892	-2
893	-1
894	-1
895	-1
896	-2
897	-1
898	-2
899	-2
900	-2
901	-1
902	-3
903	-1
904	-4
905	-1
906	-5
907	-1
908	-4
909	-1
910	-2
911	0
912	-2
913	0
914	-3
915	-1
916	-3
917	-1
918	-2
919	-1
920	-3
921	-1
922	-2
923	0
924	-3
925	-1
926	-2
927	-2
928	-2
929	-2
930	-2
931	-1
932	-2
933	-1
934	-2
935	-1
936	-1
937	-1
938	-2
939	0
940	-2
941	0
942	-2
943	-1
944	-2
945	-1
946	-2
947	-2
948	-2
949	-1
950	-2
951	-1
952	-3
953	-1
954	-2
955	-2
956	-3
957	-1
958	-2
959	-1
960	-4
961	-2
962	-2
963	-2
964	-3
965	-1
966	-3
967	-2
968	-3
969	-1
970	-2
971	-2
972	-3
973	-1
974	-4
975	-1
976	-3
977	-1
978	-2
979	-1
980	-2
981	-2
982	-1
983	-1
984	-2
985	-1
986	-2
987	0
988	-2
989	-1
990	-2
991	-1
992	-1
993	0
994	-3
995	0
996	-2
997	-2
998	-4
999	0
1000	-1
1001	-1
1002	-1
1003	0
1004	-4
1005	-2
1006	-3
1007	-2
1008	-3
1009	-2
1010	-3
1011	-2
1012	-2
1013	0
1014	-2
1015	-1
1016	-3
1017	-3
1018	-4
1019	-2
1020	-4
1021	-1
1022	-4
1023	-2
1024	-4
1025	-1
1026	-3
1027	-2
1028	-3
1029	-2
1030	-3
1031	-3
1032	-3
1033	-3
1034	-2
1035	-2
1036	-2
1037	-1
1038	-1
1039	-1
1040	-2
1041	-1
1042	-2
1043	-1
1044	-2
1045	0
1046	-2
1047	0
1048	-2
1049	-1
1050	-2
1051	-1
1052	-2
1053	-2
1054	-2
1055	-2
1056	-2
1057	-3
1058	-2
1059	-1
1060	-2
1061	-1
1062	-3
1063	-1
1064	-4
1065	0
1066	-2
1067	0
1068	-2
1069	0
1070	-1
1071	-1
1072	-3
1073	-2
1074	-2
1075	-2
1076	-2
1077	0
1078	-2
1079	-1
1080	-2
1081	-1
1082	-3
1083	0
1084	-1
1085	0
1086	-2
1087	0
1088	-3
1089	-1
1090	-3
1091	0
1092	-2
1093	0
1094	-3
1095	0
1096	0
1097	0
1098	-1
1099	0
1100	0
1101	0
1102	-1
1103	0
1104	0
1105	0
1106	0
1107	0
1108	0
1109	1
1110	0
1111	0
1112	-1
1113	1
1114	-1
1115	1
1116	0
1117	1
1118	0
1119	1
1120	0
1121	0
1122	0
1123	1
1124	0
1125	0
1126	0
1127	0
1128	0
1129	0
1130	-1
1131	0
1132	-1
1133	0
1134	0
1135	0
1136	0
1137	0
1138	-1
1139	0
1140	-1
1141	0
1142	0
1143	0
1144	0
1145	0
1146	0
1147	0
1148	0
1149	0
1150	-1
1151	0
1152	-1
1153	0
1154	-2
1155	0
1156	-1
1157	0
1158	0
1159	0
1160	-1
1161	0
1162	-3
1163	-1
1164	-1
1165	0
1166	-2
1167	0
1168	-2
1169	-1
1170	-1
1171	0
1172	0
1173	-1
1174	0
1175	-1
1176	-2
1177	0
1178	0
1179	-2
1180	-1
1181	-1
1182	-2
1183	0
1184	-3
1185	0
1186	-2
1187	0
1188	-1
1189	0
1190	0
1191	0
1192	0
1193	-1
1194	-1
1195	0
1196	-1
1197	0
1198	-1
1199	0
1200	0
1201	0
1202	0
1203	0
1204	-1
1205	0
1206	0
1207	0
1208	0
1209	0
1210	0
1211	1
1212	0
1213	1
1214	0
1215	2
1216	0
1217	0
1218	0
1219	0
1220	0
1221	0
1222	0
1223	0
1224	0
1225	0
1226	0
1227	0
1228	0
1229	0
1230	0
1231	0
1232	0
1233	1
1234	0
1235	0
1236	0
1237	1
1238	0
1239	0
1240	0
1241	0
1242	0
1243	0
1244	0
1245	0
1246	-1
1247	1
1248	0
1249	0
1250	0
1251	0
1252	0
1253	0
1254	-1
1255	0
1256	-2
1257	0
1258	0
1259	0
1260	-1
1261	0
1262	0
1263	0
1264	-1
1265	0
1266	-1
1267	0
1268	0
1269	0
1270	-1
1271	0
1272	-1
1273	0
1274	-1
1275	-1
1276	-1
1277	0
1278	-2
1279	-1
1280	-1
1281	0
1282	-1
1283	-1
1284	-1
1285	0
1286	-2
1287	-1
1288	-3
1289	-1
1290	-1
1291	-3
1292	-3
1293	-1
1294	-2
1295	-1
1296	-2
1297	-2
1298	-2
1299	-1
1300	-2
1301	0
1302	-2
1303	-1
1304	-2
1305	-1
1306	-3
1307	0
1308	-3
1309	0
1310	-1
1311	0
1312	-2
1313	-2
1314	-3
1315	-2
1316	-1
1317	-1
1318	-1
1319	-1
1320	-1
1321	0
1322	-1
1323	-1
1324	-2
1325	0
1326	-1
1327	-1
1328	-1
1329	0
1330	-1
1331	0
1332	-2
1333	-1
1334	-2
1335	-1
1336	-3
1337	-1
1338	0
1339	-1
1340	-1
1341	-2
1342	-2
1343	-2
1344	-1
1345	-1
1346	-2
1347	0
1348	-2
1349	-1
1350	-2
1351	-1
1352	-1
1353	-1
1354	-2
1355	-1
1356	-1
1357	-1
1358	-1
1359	0
1360	-2
1361	0
1362	-2
1363	-1
1364	-3
1365	-1
1366	-1
1367	0
1368	-2
1369	0
1370	-1
1371	-1
1372	-2
1373	0
1374	-3
1375	0
1376	-1
1377	0
1378	-1
1379	0
1380	-2
1381	0
1382	-1
1383	0
1384	-2
1385	-1
1386	-1
1387	0
1388	-1
1389	-1
1390	0
1391	0
1392	-1
1393	0
1394	-2
1395	0
1396	0
1397	0
1398	-1
1399	0
1400	0
1401	1
1402	0
1403	1
1404	0
1405	0
1406	0
1407	1
1408	0
1409	1
1410	1
1411	1
1412	1
1413	2
1414	0
1415	2
1416	0
1417	2
1418	0
1419	0
1420	0
1421	1
1422	1
1423	2
1424	0
1425	2
1426	1
1427	2
1428	0
1429	2
1430	1
1431	2
1432	0
1433	2
1434	1
1435	2
1436	1
1437	3
1438	1
1439	1
1440	1
1441	0
1442	1
1443	0
1444	0
1445	2
1446	1
1447	2
1448	1
1449	1
1450	1
1451	1
1452	0
1453	1
1454	1
1455	1
1456	0
1457	1
1458	0
1459	1
1460	0
1461	0
1462	0
1463	1
1464	1
1465	1
1466	0
1467	1
1468	0
1469	0
1470	0
1471	0
1472	0
1473	1
1474	0
1475	0
1476	0
1477	0
1478	0
1479	0
1480	0
1481	0
1482	0
1483	0
1484	-1
1485	-1
1486	-2
1487	-1
1488	-2
1489	-1
1490	-2
1491	-1
1492	-1
1493	-1
1494	-2
1495	-1
1496	-2
1497	-1
1498	-3
1499	-1
1500	-2
1501	-1
1502	-3
1503	-1
1504	-3
1505	-1
1506	-2
1507	-1
1508	-1
1509	-1
1510	-1
1511	-1
1512	-2
1513	0
1514	-1
1515	-1
1516	-1
1517	-1
1518	-1
1519	0
1520	-1
1521	-1
1522	-1
1523	0
1524	-2
1525	-1
1526	-2
1527	-2
1528	-1
1529	-1
1530	-1
1531	-1
1532	-3
1533	-1
1534	-2
1535	0
1536	-1
1537	0
1538	-2
1539	0
1540	-1
1541	-2
1542	0
1543	-1
1544	-1
1545	-1
1546	-1
1547	-2
1548	-2
1549	-1
1550	-2
1551	-2
1552	-1
1553	-1
1554	-1
1555	0
1556	-3
1557	0
1558	-1
1559	0
1560	-2
1561	0
1562	-2
1563	0
1564	-1
1565	0
1566	0
1567	0
1568	0
1569	-1
1570	-1
1571	0
1572	0
1573	0
1574	-1
1575	0
1576	-1
1577	0
1578	-1
1579	-1
1580	-1
1581	-1
1582	-1
1583	0
1584	-2
1585	0
1586	-1
1587	-1
1588	-1
1589	0
1590	-2
1591	-1
1592	-1
1593	-1
1594	0
1595	0
1596	0
1597	0
1598	0
1599	0
1600	0
1601	-1
1602	0
1603	0
1604	0
1605	0
1606	-1
1607	0
1608	-1
1609	0
1610	-1
1611	0
1612	-1
1613	-1
1614	-1
1615	0
1616	-2
1617	0
1618	-1
1619	-1
1620	-1
1621	-1
1622	-1
1623	0
1624	-2
1625	-1
1626	-1
1627	-1
1628	-1
1629	-1
1630	-2
1631	-2
1632	-1
1633	-1
1634	-1
1635	-2
1636	-3
1637	-1
1638	-3
1639	-1
1640	-2
1641	-2
1642	-2
1643	-1
1644	-1
1645	0
1646	0
1647	0
1648	-2
1649	0
1650	-2
1651	0
1652	-1
1653	0
1654	-2
1655	0
1656	-2
1657	-1
1658	0
1659	0
1660	-1
1661	0
1662	-2
1663	0
1664	0
1665	0
1666	-1
1667	0
1668	-2
1669	0
1670	-1
1671	0
1672	-1
1673	0
1674	-2
1675	0
1676	-1
1677	0
1678	-2
1679	0
1680	-2
1681	0
1682	-1
1683	0
1684	-1
1685	0
1686	-1
1687	0
1688	0
1689	0
1690	-1
1691	0
1692	-1
1693	0
1694	-1
1695	0
1696	-3
1697	0
1698	-2
1699	-2
1700	-2
1701	-1
1702	-3
1703	0
1704	-1
1705	-1
1706	-1
1707	0
1708	-1
1709	-1
1710	-1
1711	0
1712	-1
1713	0
1714	-1
1715	0
1716	-2
1717	0
1718	-1
1719	0
1720	0
1721	0
1722	0
1723	0
1724	0
1725	0
1726	0
1727	0
1728	-1
1729	0
1730	-1
1731	0
1732	-1
1733	0
1734	0
1735	0
1736	0
1737	0
1738	-1
1739	0
1740	-1
1741	0
1742	0
1743	0
1744	-1
1745	0
1746	-1
1747	-1
1748	-1
1749	0
1750	-1
1751	-1
1752	-2
1753	-1
1754	-2
1755	-2
1756	-1
1757	0
1758	-1
1759	0
1760	-1
1761	0
1762	0
1763	0
1764	-1
1765	0
1766	-1
1767	0
1768	-1
1769	0
1770	-1
1771	0
1772	-1
1773	-1
1774	-2
1775	0
1776	0
1777	0
1778	0
1779	0
1780	-1
1781	-1
1782	0
1783	0
1784	0
1785	0
1786	-1
1787	0
1788	0
1789	0
1790	0
1791	0
1792	0
1793	0
1794	0
1795	0
1796	0
1797	0
1798	0
1799	0
1800	0
1801	0
1802	-1
1803	0
1804	0
1805	0
1806	0
1807	0
1808	0
1809	0
1810	0
1811	0
1812	0
1813	0
1814	0
1815	0
1816	0
1817	0
1818	0
1819	0
1820	0
1821	0
1822	0
1823	0
1824	0
1825	0
1826	0
1827	0
1828	0
1829	0
1830	-1
1831	0
1832	-1
1833	0
1834	-1
1835	0
1836	-1
1837	0
1838	-1
1839	0
1840	-1
1841	0
1842	-1
1843	0
1844	0
1845	0
1846	0
1847	0
1848	0
1849	0
1850	0
1851	0
1852	0
1853	0
1854	0
1855	0
1856	0
1857	0
1858	0
1859	0
1860	0
1861	0
1862	0
1863	0
1864	0
1865	0
1866	0
1867	0
1868	-1
1869	0
1870	0
1871	0
1872	0
1873	0
1874	0
1875	0
1876	0
1877	0
1878	0
1879	0
1880	0
1881	0
1882	-1
1883	0
1884	-2
1885	0
1886	-1
1887	0
1888	-1
1889	0
1890	-1
1891	0
1892	-1
1893	-1
1894	-1
1895	-1
1896	-1
1897	-2
1898	-2
1899	-1
1900	-2
1901	0
1902	-2
1903	-1
1904	-2
1905	-2
1906	-2
1907	-1
1908	-1
1909	-1
1910	-2
1911	-1
1912	-2
1913	0
1914	-3
1915	-1
1916	-2
1917	0
1918	0
1919	0
1920	-1
1921	0
1922	0
1923	-1
1924	-1
1925	0
1926	-1
1927	0
1928	-1
1929	0
1930	0
1931	0
1932	0
1933	0
1934	0
1935	0
1936	-1
1937	0
1938	-1
1939	0
1940	0
1941	0
1942	0
1943	0
1944	0
1945	0
1946	-1
1947	0
1948	0
1949	0
1950	0
1951	0
1952	0
1953	0
1954	0
1955	0
1956	0
1957	0
1958	0
1959	0
1960	0
1961	0
1962	-1
1963	0
1964	-1
1965	0
1966	-1
1967	0
1968	0
1969	0
1970	-1
1971	0
1972	0
1973	0
1974	0
1975	0
1976	-1
1977	0
1978	0
1979	0
1980	0
1981	0
1982	0
1983	0
1984	0
1985	0
1986	-1
1987	0
1988	-2
1989	-1
1990	-2
1991	0
1992	0
1993	-1
1994	-3
1995	0
1996	-2
1997	-1
1998	-2
1999	-1
