0	0
1	0
2	0
3	0
4	0
5	0
6	0
7	0
8	0
9	0
10	0
11	0
12	0
13	0
14	0
15	0
16	-1
17	0
18	0
19	0
20	0
21	0
22	0
23	0
24	0
25	0
26	0
27	0
28	0
29	0
30	0
31	0
32	0
33	0
34	0
35	0
36	0
37	0
38	-1
39	0
40	0
41	0
42	0
43	0
44	0
45	0
46	0
47	0
48	0
49	0
50	0
51	0
52	-1
53	0
54	0
55	0
56	0
57	0
58	0
59	0
60	0
61	0
62	0
63	0
64	0
65	0
66	0
67	0
68	0
69	0
70	0
71	0
72	0
73	0
74	0
75	0
76	0
77	0
78	0
79	0
80	0
81	0
82	0
83	0
84	0
85	0
86	0
87	0
88	0
89	0
90	0
91	0
92	0
93	0
94	0
95	0
96	0
97	0
98	-1
99	0
100	0
101	0
102	0
103	0
104	0
105	0
106	0
107	0
108	0
109	0
110	0
111	0
112	0
113	0
114	0
115	0
116	0
117	0
118	0
119	0
120	0
121	0
122	0
123	0
124	0
125	0
126	0
127	0
128	0
129	0
130	-1
131	0
132	0
133	0
134	0
135	0
136	0
137	0
138	0
139	0
140	0
141	0
142	-1
143	0
144	0
145	0
146	0
147	0
148	0
149	0
150	0
151	0
152	0
153	0
154	0
155	0
156	0
157	0
158	0
159	0
160	0
161	0
162	0
163	0
164	0
165	0
166	0
167	0
168	0
169	0
170	0
171	0
172	0
173	0
174	0
175	0
176	0
177	0
178	0
179	0
180	0
181	0
182	0
183	0
184	0
185	0
186	0
187	0
188	0
189	0
190	0
191	0
192	0
193	0
194	0
195	0
196	0
197	0
198	0
199	0
200	0
201	0
202	0
203	0
204	0
205	0
206	0
207	0
208	0
209	0
210	0
211	0
212	0
213	0
214	0
215	0
216	0
217	0
218	0
219	0
220	0
221	0
222	0
223	0
224	0
225	0
226	0
227	0
228	0
229	0
230	0
231	0
232	0
233	0
234	0
235	0
236	0
237	0
238	0
239	0
240	0
241	0
242	0
243	1
244	0
245	0
246	0
247	0
248	0
249	0
250	0
251	0
252	0
253	0
254	0
255	0
256	0
257	0
258	0
259	0
260	0
261	0
262	0
263	0
264	0
265	0
266	0
267	0
268	0
269	0
270	0
271	0
272	0
273	0
274	0
275	0
276	0
277	0
278	-1
279	0
280	0
281	0
282	0
283	0
284	0
285	0
286	0
287	0
288	0
289	0
290	0
291	0
292	0
293	0
294	0
295	0
296	0
297	0
298	0
299	0
300	0
301	0
302	0
303	0
304	0
305	0
306	0
307	0
308	0
309	0
310	0
311	0
312	0
313	0
314	0
315	0
316	0
317	0
318	0
319	0
320	0
321	0
322	0
323	0
324	0
325	1
326	0
327	0
328	0
329	0
330	0
331	0
332	0
333	0
334	0
335	0
336	0
337	1
338	0
339	0
340	0
341	0
342	0
343	1
344	0
345	0
346	0
347	1
348	0
349	0
350	0
351	0
352	0
353	0
354	0
355	0
356	0
357	0
358	0
359	0
360	0
361	0
362	0
363	0
364	0
365	0
366	0
367	0
368	0
369	0
370	0
371	0
372	0
373	0
374	0
375	0
376	0
377	0
378	0
379	0
380	0
381	0
382	0
383	1
384	0
385	0
386	-1
387	1
388	0
389	0
390	0
391	0
392	0
393	0
394	0
395	0
396	-1
397	0
398	0
399	0
400	0
401	0
402	0
403	0
404	0
405	0
406	-1
407	0
408	0
409	0
410	0
411	0
412	0
413	0
414	0
415	0
416	0
417	0
418	0
419	0
420	0
421	0
422	0
423	0
424	0
425	0
426	0
427	0
428	0
429	0
430	0
431	0
432	0
433	0
434	0
435	0
436	0
437	0
438	0
439	0
440	0
441	1
442	0
443	0
444	0
445	0
446	0
447	1
448	1
449	2
450	2
451	3
452	2
453	4
454	4
455	5
456	5
457	7
458	7
459	8
460	8
461	10
462	10
463	12
464	12
465	12
466	14
467	17
468	16
469	19
470	20
471	22
472	24
473	27
474	29
475	32
476	32
477	36
478	35
479	40
480	41
481	45
482	44
483	49
484	48
485	54
486	54
487	57
488	56
489	60
490	60
491	64
492	62
493	66
494	66
495	67
496	67
497	68
498	69
499	78
500	62
501	71
502	69
503	72
504	70
505	72
506	71
507	71
508	70
509	71
510	68
511	70
512	68
513	67
514	66
515	66
516	63
517	64
518	61
519	62
520	57
521	60
522	57
523	58
524	55
525	56
526	51
527	54
528	49
529	51
530	46
531	48
532	43
533	45
534	41
535	42
536	40
537	40
538	38
539	38
540	35
541	34
542	33
543	32
544	31
545	31
546	29
547	29
548	26
549	27
550	25
551	26
552	22
553	22
554	19
555	21
556	17
557	20
558	16
559	16
560	15
561	15
562	13
563	14
564	12
565	13
566	12
567	12
568	11
569	12
570	9
571	11
572	8
573	10
574	8
575	10
576	5
577	8
578	5
579	8
580	4
581	6
582	1
583	4
584	1
585	4
586	1
587	4
588	0
589	3
590	0
591	1
592	0
593	2
594	0
595	1
596	0
597	3
598	0
599	0
600	0
601	0
602	0
603	0
604	0
605	0
606	0
607	0
608	0
609	0
610	0
611	0
612	0
613	0
614	0
615	0
616	-1
617	0
618	0
619	0
620	-1
621	0
622	0
623	0
624	-1
625	0
626	0
627	0
628	-1
629	0
630	0
631	0
632	-1
633	0
634	-1
635	0
636	0
637	0
638	0
639	0
640	-1
641	0
642	-1
643	0
644	0
645	0
646	0
647	0
648	-1
649	0
650	-1
651	0
652	-1
653	0
654	0
655	0
656	0
657	0
658	-1
659	0
660	-1
661	0
662	-1
663	0
664	0
665	0
666	0
667	0
668	0
669	0
670	0
671	0
672	-1
673	0
674	0
675	0
676	-1
677	0
678	0
679	0
680	0
681	0
682	-1
683	0
684	0
685	0
686	0
687	0
688	-1
689	0
690	0
691	0
692	0
693	0
694	-1
695	0
696	-1
697	0
698	0
699	0
700	0
701	0
702	0
703	0
704	0
705	0
706	0
707	0
708	0
709	-1
710	-1
711	0
712	0
713	0
714	0
715	0
716	0
717	0
718	0
719	0
720	0
721	0
722	0
723	0
724	0
725	0
726	0
727	0
728	-1
729	0
730	0
731	0
732	-1
733	0
734	0
735	0
736	0
737	0
738	0
739	0
740	-1
741	0
742	-1
743	0
744	-1
745	0
746	0
747	0
748	0
749	0
750	-1
751	0
752	-1
753	0
754	-1
755	0
756	0
757	0
758	0
759	0
760	0
761	0
762	0
763	0
764	0
765	0
766	0
767	0
768	-1
769	0
770	0
771	0
772	0
773	0
774	0
775	0
776	-1
777	0
778	-1
779	0
780	-1
781	0
782	-1
783	-1
784	-2
785	-1
786	-1
787	0
788	-1
789	0
790	-1
791	0
792	-2
793	-1
794	-1
795	-1
796	-2
797	-1
798	-2
799	0
800	0
801	-1
802	-2
803	0
804	0
805	0
806	0
807	0
808	0
809	0
810	-1
811	0
812	-1
813	0
814	-2
815	0
816	-1
817	-1
818	0
819	0
820	0
821	-1
822	0
823	0
824	-1
825	-1
826	-1
827	-1
828	-1
829	-1
830	-1
831	-1
832	-1
833	-1
834	-1
835	-1
836	0
837	0
838	-1
839	0
840	0
841	0
842	0
843	0
844	0
845	0
846	-1
847	0
848	0
849	0
850	0
851	0
852	0
853	0
854	0
855	0
856	-1
857	0
858	0
859	0
860	-1
861	0
862	-1
863	0
864	0
865	0
866	0
867	0
868	-1
869	0
870	0
871	0
872	-1
873	0
874	0
875	0
876	0
877	0
878	-1
879	0
880	0
881	0
882	0
883	0
884	0
885	0
886	0
887	0
888	0
889	0
890	0
891	0
892	0
893	0
894	0
895	0
896	0
897	1
898	0
899	2
900	1
901	2
902	0
903	2
904	0
905	2
906	0
907	2
908	1
909	2
910	0
911	1
912	0
913	2
914	0
915	2
916	1
917	2
918	1
919	2
920	0
921	2
922	0
923	2
924	0
925	1
926	0
927	0
928	0
929	1
930	0
931	0
932	0
933	1
934	0
935	1
936	0
937	1
938	0
939	0
940	0
941	0
942	0
943	0
944	0
945	0
946	0
947	1
948	0
949	0
950	-1
951	0
952	-1
953	0
954	-1
955	0
956	0
957	0
958	0
959	0
960	-1
961	0
962	0
963	0
964	0
965	0
966	0
967	0
968	0
969	0
970	0
971	0
972	-1
973	0
974	0
975	0
976	0
977	0
978	-1
979	0
980	0
981	-1
982	-1
983	0
984	0
985	0
986	-1
987	0
988	-1
989	0
990	-1
991	0
992	-1
993	0
994	-1
995	0
996	-2
997	0
998	-2
999	0
1000	0
1001	0
1002	0
1003	-1
1004	-2
1005	-1
1006	-1
1007	0
1008	-1
1009	0
1010	-2
1011	0
1012	-1
1013	0
1014	-1
1015	0
1016	-1
1017	0
1018	-2
1019	0
1020	-1
1021	0
1022	0
1023	0
1024	-1
1025	0
1026	-1
1027	0
1028	-2
1029	0
1030	0
1031	0
1032	-1
1033	0
1034	-1
1035	0
1036	-1
1037	0
1038	-3
1039	0
1040	-2
1041	0
1042	-1
1043	0
1044	-2
1045	0
1046	-1
1047	0
1048	-3
1049	-1
1050	-1
1051	0
1052	-2
1053	-1
1054	-1
1055	0
1056	-1
1057	0
1058	-1
1059	-1
1060	0
1061	0
1062	-1
1063	-1
1064	-1
1065	0
1066	-1
1067	0
1068	-1
1069	0
1070	-1
1071	0
1072	-2
1073	0
1074	-1
1075	0
1076	-1
1077	0
1078	0
1079	-1
1080	-2
1081	-1
1082	-3
1083	-2
1084	-2
1085	-1
1086	-1
1087	-1
1088	-2
1089	-1
1090	-2
1091	0
1092	-1
1093	-1
1094	-2
1095	-2
1096	-2
1097	-1
1098	-1
1099	0
1100	-2
1101	0
1102	-1
1103	0
1104	-1
1105	0
1106	0
1107	0
1108	-2
1109	0
1110	-1
1111	0
1112	0
1113	0
1114	0
1115	0
1116	0
1117	0
1118	-1
1119	0
1120	0
1121	1
1122	0
1123	0
1124	0
1125	0
1126	0
1127	0
1128	0
1129	0
1130	0
1131	0
1132	0
1133	0
1134	0
1135	0
1136	0
1137	1
1138	0
1139	0
1140	-1
1141	2
1142	0
1143	0
1144	0
1145	0
1146	0
1147	0
1148	0
1149	0
1150	0
1151	1
1152	0
1153	0
1154	0
1155	0
1156	0
1157	0
1158	0
1159	0
1160	0
1161	0
1162	0
1163	0
1164	0
1165	0
1166	-1
1167	0
1168	0
1169	0
1170	-1
1171	0
1172	-1
1173	0
1174	-2
1175	0
1176	-3
1177	-1
1178	-2
1179	0
1180	-3
1181	-1
1182	-2
1183	-1
1184	-2
1185	0
1186	-1
1187	0
1188	-2
1189	0
1190	-2
1191	0
1192	-3
1193	0
1194	-1
1195	0
1196	0
1197	0
1198	-1
1199	0
1200	-1
1201	0
1202	-1
1203	0
1204	0
1205	-1
1206	-1
1207	0
1208	-1
1209	0
1210	-2
1211	0
1212	0
1213	0
1214	-1
1215	0
1216	-1
1217	0
1218	-1
1219	0
1220	-2
1221	0
1222	-1
1223	0
1224	0
1225	0
1226	-2
1227	0
1228	-2
1229	0
1230	-1
1231	0
1232	-1
1233	0
1234	-1
1235	0
1236	-1
1237	0
1238	-1
1239	0
1240	-2
1241	0
1242	-1
1243	0
1244	-2
1245	0
1246	-2
1247	0
1248	-1
1249	0
1250	0
1251	0
1252	-1
1253	0
1254	-2
1255	0
1256	-1
1257	0
1258	-1
1259	0
1260	-2
1261	-1
1262	-1
1263	0
1264	0
1265	-1
1266	0
1267	0
1268	0
1269	0
1270	-1
1271	0
1272	-2
1273	0
1274	-1
1275	0
1276	-1
1277	0
1278	-2
1279	0
1280	-2
1281	0
1282	-1
1283	0
1284	-2
1285	0
1286	-2
1287	-1
1288	-2
1289	-1
1290	-2
1291	0
1292	-2
1293	0
1294	-2
1295	-1
1296	-2
1297	-1
1298	-1
1299	0
1300	-1
1301	0
1302	-1
1303	-1
1304	-1
1305	-1
1306	-1
1307	-1
1308	-1
1309	0
1310	-1
1311	-1
1312	-2
1313	-1
1314	-1
1315	0
1316	-2
1317	0
1318	-2
1319	0
1320	-2
1321	-1
1322	-2
1323	0
1324	-1
1325	0
1326	-1
1327	0
1328	-1
1329	0
1330	0
1331	0
1332	0
1333	0
1334	-1
1335	0
1336	-1
1337	0
1338	-2
1339	-1
1340	0
1341	0
1342	-1
1343	0
1344	-1
1345	0
1346	-1
1347	0
1348	-2
1349	0
1350	-2
1351	0
1352	-1
1353	0
1354	-1
1355	-1
1356	-1
1357	0
1358	-1
1359	0
1360	-1
1361	0
1362	-2
1363	-1
1364	-1
1365	0
1366	-1
1367	0
1368	0
1369	0
1370	-2
1371	0
1372	-2
1373	0
1374	0
1375	0
1376	0
1377	0
1378	-1
1379	-1
1380	-1
1381	-1
1382	-1
1383	-1
1384	0
1385	-1
1386	-1
1387	0
1388	-1
1389	0
1390	-2
1391	0
1392	-2
1393	0
1394	-1
1395	0
1396	-1
1397	0
1398	-1
1399	0
1400	-1
1401	0
1402	0
1403	0
1404	-1
1405	0
1406	-1
1407	0
1408	-1
1409	0
1410	0
1411	-1
1412	0
1413	-1
1414	-1
1415	0
1416	0
1417	0
1418	-1
1419	0
1420	-1
1421	0
1422	-1
1423	0
1424	-1
1425	0
1426	-1
1427	-1
1428	-1
1429	-2
1430	0
1431	0
1432	-1
1433	0
1434	-2
1435	-1
1436	-1
1437	0
1438	0
1439	0
1440	-1
1441	0
1442	-1
1443	0
1444	-1
1445	0
1446	0
1447	0
1448	0
1449	0
1450	-1
1451	0
1452	-1
1453	0
1454	-2
1455	0
1456	-1
1457	-1
1458	-1
1459	0
1460	0
1461	0
1462	-2
1463	0
1464	-1
1465	0
1466	-1
1467	0
1468	0
1469	0
1470	-1
1471	0
1472	-1
1473	0
1474	-2
1475	0
1476	0
1477	0
1478	-1
1479	0
1480	-1
1481	0
1482	-2
1483	0
1484	-1
1485	0
1486	-1
1487	0
1488	-1
1489	0
1490	-3
1491	0
1492	-1
1493	-1
1494	-2
1495	0
1496	-1
1497	0
1498	0
1499	0
1500	-1
1501	0
1502	0
1503	0
1504	-1
1505	0
1506	0
1507	0
1508	-1
1509	0
1510	0
1511	0
1512	-1
1513	0
1514	0
1515	0
1516	0
1517	0
1518	0
1519	0
1520	0
1521	0
1522	0
1523	0
1524	0
1525	0
1526	0
1527	1
1528	0
1529	0
1530	0
1531	1
1532	0
1533	0
1534	0
1535	0
1536	0
1537	1
1538	0
1539	0
1540	0
1541	1
1542	0
1543	0
1544	0
1545	1
1546	0
1547	1
1548	0
1549	0
1550	0
1551	0
1552	0
1553	0
1554	0
1555	0
1556	-1
1557	1
1558	0
1559	0
1560	0
1561	0
1562	0
1563	0
1564	0
1565	0
1566	-1
1567	0
1568	0
1569	0
1570	0
1571	0
1572	0
1573	0
1574	0
1575	0
1576	0
1577	0
1578	0
1579	1
1580	1
1581	1
1582	1
1583	1
1584	0
1585	0
1586	0
1587	1
1588	1
1589	0
1590	0
1591	1
1592	0
1593	1
1594	0
1595	1
1596	0
1597	1
1598	0
1599	0
1600	0
1601	1
1602	0
1603	1
1604	0
1605	1
1606	0
1607	1
1608	0
1609	0
1610	0
1611	0
1612	0
1613	1
1614	0
1615	1
1616	0
1617	1
1618	0
1619	0
1620	0
1621	1
1622	0
1623	0
1624	0
1625	1
1626	0
1627	0
1628	0
1629	1
1630	0
1631	0
1632	0
1633	1
1634	0
1635	0
1636	0
1637	1
1638	0
1639	1
1640	0
1641	1
1642	0
1643	1
1644	0
1645	1
1646	0
1647	1
1648	0
1649	1
1650	0
1651	2
1652	1
1653	1
1654	0
1655	1
1656	0
1657	1
1658	0
1659	2
1660	1
1661	1
1662	0
1663	0
1664	0
1665	1
1666	0
1667	0
1668	0
1669	1
1670	0
1671	1
1672	0
1673	0
1674	0
1675	0
1676	0
1677	0
1678	0
1679	0
1680	0
1681	0
1682	0
1683	0
1684	0
1685	0
1686	0
1687	0
1688	0
1689	0
1690	0
1691	0
1692	0
1693	0
1694	-1
1695	0
1696	0
1697	0
1698	0
1699	0
1700	0
1701	0
1702	-1
1703	0
1704	-1
1705	0
1706	0
1707	0
1708	0
1709	0
1710	-1
1711	0
1712	-1
1713	0
1714	0
1715	0
1716	-1
1717	0
1718	-2
1719	0
1720	-1
1721	0
1722	0
1723	0
1724	0
1725	0
1726	0
1727	0
1728	0
1729	-1
1730	-1
1731	0
1732	-1
1733	0
1734	-1
1735	0
1736	-1
1737	0
1738	0
1739	0
1740	0
1741	0
1742	0
1743	0
1744	0
1745	0
1746	0
1747	-1
1748	-1
1749	0
1750	-1
1751	0
1752	0
1753	0
1754	-1
1755	-1
1756	-1
1757	0
1758	0
1759	0
1760	-1
1761	0
1762	-3
1763	0
1764	-2
1765	0
1766	-2
1767	0
1768	-1
1769	0
1770	0
1771	0
1772	0
1773	0
1774	0
1775	0
1776	0
1777	0
1778	0
1779	0
1780	0
1781	0
1782	-1
1783	0
1784	-1
1785	0
1786	0
1787	-1
1788	-1
1789	0
1790	0
1791	0
1792	0
1793	-1
1794	0
1795	-1
1796	0
1797	0
1798	0
1799	0
1800	0
1801	0
1802	0
1803	0
1804	-1
1805	0
1806	-1
1807	0
1808	0
1809	0
1810	-1
1811	0
1812	0
1813	-1
1814	-1
1815	0
1816	-1
1817	0
1818	0
1819	-1
1820	-1
1821	0
1822	0
1823	0
1824	0
1825	0
1826	0
1827	0
1828	-1
1829	0
1830	0
1831	0
1832	0
1833	0
1834	0
1835	0
1836	0
1837	0
1838	0
1839	0
1840	0
1841	0
1842	0
1843	0
1844	0
1845	1
1846	0
1847	0
1848	0
1849	1
1850	0
1851	1
1852	0
1853	0
1854	0
1855	0
1856	0
1857	1
1858	0
1859	0
1860	0
1861	0
1862	0
1863	1
1864	0
1865	1
1866	0
1867	1
1868	0
1869	0
1870	0
1871	1
1872	0
1873	0
1874	0
1875	1
1876	0
1877	0
1878	0
1879	1
1880	0
1881	1
1882	0
1883	1
1884	0
1885	0
1886	0
1887	1
1888	0
1889	0
1890	0
1891	0
1892	0
1893	1
1894	0
1895	0
1896	0
1897	0
1898	0
1899	0
1900	0
1901	0
1902	0
1903	0
1904	0
1905	1
1906	1
1907	1
1908	1
1909	1
1910	0
1911	1
1912	0
1913	1
1914	-1
1915	1
1916	0
1917	1
1918	0
1919	1
1920	0
1921	1
1922	0
1923	2
1924	0
1925	1
1926	1
1927	0
1928	0
1929	1
1930	0
1931	1
1932	0
1933	0
1934	0
1935	0
1936	0
1937	0
1938	0
1939	0
1940	0
1941	1
1942	0
1943	0
1944	0
1945	0
1946	0
1947	0
1948	0
1949	0
1950	0
1951	0
1952	-1
1953	0
1954	0
1955	0
1956	0
1957	0
1958	0
1959	-1
1960	0
1961	0
1962	0
1963	0
1964	-1
1965	0
1966	0
1967	0
1968	-1
1969	0
1970	0
1971	0
1972	-1
1973	0
1974	-1
1975	0
1976	0
1977	0
1978	0
1979	0
1980	0
1981	0
1982	0
1983	0
1984	0
1985	0
1986	0
1987	0
1988	0
1989	0
1990	0
1991	0
1992	0
1993	0
1994	0
1995	0
1996	0
1997	0
1998	0
1999	0
