0	0
1	0
2	0
3	0
4	0
5	0
6	0
7	0
8	0
9	0
10	0
11	0
12	0
13	0
14	0
15	0
16	0
17	0
18	0
19	0
20	0
21	0
22	0
23	0
24	0
25	0
26	0
27	0
28	0
29	0
30	0
31	0
32	0
33	0
34	0
35	0
36	0
37	0
38	0
39	0
40	0
41	0
42	0
43	-1
44	0
45	0
46	-1
47	0
48	0
49	0
50	0
51	0
52	0
53	0
54	0
55	0
56	0
57	0
58	0
59	0
60	0
61	0
62	0
63	1
64	0
65	0
66	0
67	0
68	0
69	1
70	0
71	1
72	0
73	2
74	0
75	0
76	0
77	0
78	0
79	1
80	0
81	0
82	0
83	0
84	0
85	0
86	0
87	0
88	0
89	0
90	0
91	0
92	0
93	0
94	0
95	0
96	0
97	0
98	-1
99	0
100	-1
101	0
102	0
103	0
104	0
105	0
106	0
107	0
108	0
109	0
110	0
111	0
112	0
113	0
114	0
115	0
116	0
117	0
118	0
119	0
120	0
121	0
122	0
123	1
124	0
125	1
126	0
127	0
128	0
129	1
130	1
131	1
132	1
133	1
134	0
135	1
136	0
137	0
138	0
139	0
140	0
141	0
142	0
143	1
144	0
145	0
146	1
147	0
148	0
149	0
150	0
151	0
152	0
153	2
154	0
155	1
156	1
157	1
158	1
159	1
160	0
161	1
162	0
163	1
164	1
165	1
166	0
167	1
168	1
169	1
170	0
171	1
172	0
173	0
174	0
175	0
176	0
177	0
178	0
179	0
180	0
181	0
182	0
183	0
184	0
185	0
186	0
187	0
188	0
189	0
190	0
191	0
192	0
193	0
194	0
195	0
196	1
197	0
198	0
199	1
200	1
201	1
202	0
203	0
204	0
205	0
206	0
207	1
208	0
209	1
210	0
211	1
212	0
213	1
214	0
215	1
216	0
217	1
218	0
219	0
220	0
221	0
222	0
223	0
224	0
225	0
226	0
227	0
228	0
229	0
230	0
231	0
232	0
233	0
234	0
235	0
236	0
237	0
238	0
239	0
240	0
241	0
242	0
243	0
244	0
245	0
246	0
247	0
248	0
249	0
250	0
251	0
252	0
253	0
254	0
255	0
256	0
257	0
258	0
259	0
260	0
261	0
262	0
263	0
264	0
265	0
266	-1
267	0
268	0
269	0
270	0
271	0
272	0
273	0
274	0
275	0
276	0
277	0
278	-1
279	0
280	0
281	0
282	0
283	0
284	0
285	0
286	0
287	0
288	0
289	0
290	0
291	0
292	0
293	0
294	0
295	0
296	0
297	1
298	0
299	0
300	0
301	1
302	0
303	0
304	0
305	0
306	0
307	0
308	0
309	0
310	-1
311	-1
312	0
313	0
314	-1
315	0
316	0
317	0
318	0
319	0
320	-1
321	0
322	0
323	0
324	0
325	0
326	0
327	0
328	-1
329	0
330	0
331	1
332	0
333	1
334	0
335	1
336	0
337	1
338	0
339	1
340	0
341	0
342	0
343	0
344	0
345	0
346	0
347	0
348	0
349	0
350	0
351	0
352	0
353	0
354	0
355	0
356	0
357	0
358	0
359	0
360	0
361	0
362	0
363	0
364	-1
365	0
366	0
367	0
368	0
369	0
370	0
371	0
372	0
373	0
374	0
375	0
376	0
377	0
378	0
379	0
380	0
381	0
382	0
383	1
384	0
385	0
386	0
387	0
388	0
389	0
390	0
391	0
392	0
393	0
394	0
395	0
396	0
397	0
398	0
399	0
400	0
401	0
402	-1
403	0
404	0
405	0
406	0
407	0
408	-1
409	0
410	0
411	0
412	0
413	0
414	0
415	0
416	0
417	0
418	0
419	0
420	0
421	0
422	0
423	0
424	0
425	0
426	-1
427	0
428	0
429	0
430	0
431	0
432	0
433	1
434	0
435	3
436	4
437	6
438	7
439	10
440	11
441	14
442	16
443	20
444	21
445	24
446	26
447	30
448	32
449	36
450	38
451	43
452	45
453	49
454	51
455	56
456	57
457	60
458	62
459	66
460	67
461	70
462	71
463	74
464	75
465	78
466	79
467	83
468	82
469	86
470	84
471	88
472	87
473	89
474	88
475	89
476	89
477	89
478	90
479	90
480	86
481	88
482	85
483	89
484	85
485	86
486	85
487	86
488	83
489	84
490	82
491	81
492	78
493	77
494	75
495	76
496	75
497	76
498	76
499	78
500	62
501	69
502	66
503	66
504	64
505	65
506	62
507	62
508	59
509	57
510	56
511	55
512	54
513	54
514	52
515	53
516	48
517	47
518	45
519	44
520	42
521	42
522	40
523	39
524	39
525	37
526	33
527	33
528	30
529	30
530	29
531	28
532	27
533	27
534	24
535	25
536	22
537	24
538	22
539	22
540	20
541	21
542	18
543	20
544	16
545	16
546	15
547	15
548	12
549	14
550	11
551	12
552	10
553	10
554	8
555	10
556	6
557	10
558	6
559	6
560	5
561	6
562	4
563	5
564	3
565	4
566	3
567	4
568	3
569	3
570	3
571	3
572	1
573	1
574	1
575	3
576	0
577	3
578	1
579	1
580	0
581	1
582	0
583	0
584	0
585	1
586	0
587	1
588	-1
589	0
590	0
591	0
592	0
593	0
594	-1
595	0
596	0
597	0
598	0
599	-1
600	0
601	0
602	-1
603	0
604	-1
605	1
606	-3
607	0
608	-1
609	0
610	-2
611	0
612	-1
613	0
614	0
615	0
616	-1
617	0
618	-3
619	0
620	-2
621	0
622	-2
623	0
624	-3
625	0
626	-1
627	-2
628	-3
629	-1
630	-3
631	-2
632	-3
633	-1
634	-3
635	-2
636	-3
637	-2
638	-3
639	-1
640	-3
641	-1
642	-4
643	-2
644	-4
645	-2
646	-2
647	-1
648	-3
649	-2
650	-2
651	-1
652	-1
653	-1
654	-3
655	0
656	-3
657	-1
658	-3
659	-2
660	-2
661	-2
662	-1
663	-2
664	-3
665	-2
666	-4
667	-2
668	-4
669	-2
670	-3
671	-2
672	-4
673	-1
674	-3
675	-3
676	-3
677	-1
678	-2
679	-2
680	-1
681	-2
682	-2
683	0
684	0
685	0
686	-1
687	0
688	-2
689	0
690	-2
691	0
692	-1
693	0
694	0
695	0
696	0
697	0
698	0
699	2
700	0
701	0
702	-1
703	0
704	-2
705	1
706	-2
707	0
708	0
709	0
710	-1
711	0
712	-1
713	0
714	-1
715	-1
716	-4
717	0
718	-3
719	0
720	-2
721	0
722	-3
723	-1
724	-1
725	-1
726	0
727	0
728	-2
729	-1
730	-2
731	-1
732	-2
733	-2
734	-3
735	-1
736	-3
737	-3
738	-2
739	-1
740	-2
741	-1
742	-4
743	-2
744	-3
745	-2
746	-3
747	-3
748	-5
749	-3
750	-5
751	-2
752	-4
753	-3
754	-5
755	-3
756	-4
757	-3
758	-5
759	-3
760	-6
761	-4
762	-5
763	-4
764	-5
765	-4
766	-4
767	-1
768	-5
769	-3
770	-4
771	-4
772	-4
773	-4
774	-4
775	-3
776	-5
777	-3
778	-5
779	-1
780	-5
781	-1
782	-4
783	-1
784	-4
785	-2
786	-4
787	-1
788	-4
789	-2
790	-3
791	-2
792	-3
793	-3
794	-3
795	-4
796	-5
797	-4
798	-4
799	-4
800	-5
801	-2
802	-4
803	-4
804	-4
805	-3
806	-4
807	-3
808	-6
809	-4
810	-6
811	-4
812	-5
813	-4
814	-6
815	-3
816	-5
817	-3
818	-6
819	-4
820	-4
821	-4
822	-5
823	-3
824	-5
825	-1
826	-6
827	-2
828	-4
829	-4
830	-5
831	-3
832	-4
833	-2
834	-5
835	-3
836	-6
837	-4
838	-5
839	-2
840	-5
841	-3
842	-7
843	-3
844	-6
845	-3
846	-6
847	-4
848	-4
849	-2
850	-5
851	-2
852	-6
853	-4
854	-5
855	-4
856	-5
857	-4
858	-5
859	-4
860	-5
861	-4
862	-5
863	-4
864	-4
865	-3
866	-4
867	-4
868	-4
869	-2
870	-4
871	-2
872	-5
873	-4
874	-3
875	-4
876	-5
877	-4
878	-4
879	-2
880	-4
881	-2
882	-3
883	-1
884	-3
885	-2
886	-4
887	-2
888	-6
889	-3
890	-5
891	-4
892	-5
893	-3
894	-5
895	-2
896	-5
897	-3
898	-5
899	-2
900	-3
901	-2
902	-4
903	-2
904	-4
905	-3
906	-4
907	-3
908	-5
909	-2
910	-5
911	-3
912	-5
913	-2
914	-4
915	-3
916	-6
917	-4
918	-6
919	-2
920	-5
921	-4
922	-5
923	-4
924	-5
925	-4
926	-6
927	-2
928	-4
929	-3
930	-3
931	-2
932	-5
933	-3
934	-4
935	-3
936	-3
937	-2
938	-3
939	-2
940	-5
941	-3
942	-4
943	-4
944	-4
945	-4
946	-4
947	-4
948	-4
949	-3
950	-5
951	-3
952	-5
953	-4
954	-6
955	-3
956	-5
957	-3
958	-5
959	-3
960	-5
961	-2
962	-5
963	-3
964	-5
965	-2
966	-4
967	-2
968	-4
969	-2
970	-5
971	-4
972	-4
973	-1
974	-4
975	-2
976	-4
977	-2
978	-4
979	-3
980	-4
981	-3
982	-5
983	-3
984	-5
985	-1
986	-4
987	-1
988	-4
989	-2
990	-5
991	-1
992	-4
993	-2
994	-5
995	-2
996	-3
997	-2
998	-6
999	-3
1000	-4
1001	-2
1002	-4
1003	-3
1004	-3
1005	-3
1006	-3
1007	-3
1008	-4
1009	-3
1010	-5
1011	-3
1012	-5
1013	-3
1014	-5
1015	-2
1016	-5
1017	-2
1018	-4
1019	-3
1020	-4
1021	-3
1022	-3
1023	-4
1024	-3
1025	-2
1026	-2
1027	-2
1028	-4
1029	-3
1030	-4
1031	-1
1032	-4
1033	-2
1034	-4
1035	-2
1036	-2
1037	-1
1038	-2
1039	-1
1040	-2
1041	0
1042	-2
1043	0
1044	-1
1045	0
1046	-2
1047	0
1048	-2
1049	0
1050	-2
1051	0
1052	-2
1053	0
1054	-2
1055	-1
1056	-2
1057	0
1058	-2
1059	0
1060	-3
1061	0
1062	-1
1063	0
1064	-2
1065	0
1066	-2
1067	-1
1068	-2
1069	-1
1070	-2
1071	0
1072	-3
1073	0
1074	-2
1075	-2
1076	-2
1077	0
1078	-4
1079	0
1080	-2
1081	-1
1082	-4
1083	-1
1084	-3
1085	-2
1086	-4
1087	-2
1088	-4
1089	0
1090	-4
1091	-2
1092	-3
1093	-1
1094	-1
1095	-1
1096	-2
1097	-1
1098	-4
1099	-2
1100	-1
1101	-3
1102	-3
1103	0
1104	-2
1105	-1
1106	-3
1107	0
1108	-2
1109	0
1110	-2
1111	0
1112	-2
1113	-1
1114	-3
1115	0
1116	-2
1117	-1
1118	-2
1119	-1
1120	-2
1121	-1
1122	-2
1123	0
1124	-2
1125	0
1126	-2
1127	0
1128	-1
1129	-1
1130	-2
1131	0
1132	-2
1133	0
1134	-1
1135	0
1136	-1
1137	0
1138	-2
1139	0
1140	0
1141	1
1142	0
1143	0
1144	-1
1145	1
1146	0
1147	1
1148	0
1149	1
1150	0
1151	0
1152	1
1153	1
1154	-1
1155	1
1156	0
1157	1
1158	0
1159	0
1160	0
1161	1
1162	0
1163	0
1164	0
1165	0
1166	-1
1167	1
1168	-1
1169	0
1170	0
1171	0
1172	0
1173	1
1174	0
1175	2
1176	0
1177	0
1178	-1
1179	0
1180	0
1181	0
1182	-1
1183	1
1184	-1
1185	1
1186	-1
1187	0
1188	-1
1189	-1
1190	-3
1191	-1
1192	-3
1193	0
1194	-2
1195	0
1196	-3
1197	0
1198	-2
1199	-1
1200	-2
1201	-1
1202	-3
1203	0
1204	-4
1205	0
1206	-2
1207	0
1208	-2
1209	0
1210	-3
1211	0
1212	-2
1213	0
1214	-3
1215	0
1216	-4
1217	-1
1218	-4
1219	-1
1220	-3
1221	-1
1222	-2
1223	-2
1224	-4
1225	-3
1226	-4
1227	-3
1228	-2
1229	-1
1230	-4
1231	-2
1232	-4
1233	-3
1234	-4
1235	-3
1236	-4
1237	-2
1238	-4
1239	-3
1240	-4
1241	-3
1242	-5
1243	-3
1244	-4
1245	-3
1246	-4
1247	-4
1248	-3
1249	-2
1250	-3
1251	-2
1252	-3
1253	-1
1254	-4
1255	-2
1256	-3
1257	-2
1258	-3
1259	-1
1260	-3
1261	-2
1262	-3
1263	-1
1264	-4
1265	-2
1266	-3
1267	-1
1268	-3
1269	-2
1270	-2
1271	-1
1272	-1
1273	0
1274	-2
1275	0
1276	-3
1277	-1
1278	-4
1279	-1
1280	-3
1281	-1
1282	-4
1283	-1
1284	-4
1285	-2
1286	-4
1287	-1
1288	-3
1289	-1
1290	-4
1291	-1
1292	-4
1293	-1
1294	-3
1295	-2
1296	-2
1297	-2
1298	-2
1299	-3
1300	-4
1301	-1
1302	-3
1303	-2
1304	-4
1305	-2
1306	-3
1307	-2
1308	-2
1309	-1
1310	-5
1311	-2
1312	-4
1313	-1
1314	-3
1315	-2
1316	-3
1317	-2
1318	-3
1319	-1
1320	-3
1321	-2
1322	-3
1323	-2
1324	-4
1325	-2
1326	-4
1327	-2
1328	-4
1329	-3
1330	-3
1331	-1
1332	-4
1333	-2
1334	-3
1335	-3
1336	-3
1337	-1
1338	-4
1339	-1
1340	-3
1341	-1
1342	-3
1343	-2
1344	-4
1345	-1
1346	-3
1347	-1
1348	-2
1349	-1
1350	-4
1351	-2
1352	-3
1353	0
1354	-1
1355	-1
1356	-2
1357	-2
1358	-2
1359	-2
1360	-3
1361	-1
1362	-3
1363	-2
1364	-1
1365	-1
1366	-3
1367	-2
1368	-4
1369	-1
1370	-2
1371	-1
1372	-3
1373	-2
1374	-3
1375	-2
1376	-3
1377	-3
1378	-4
1379	-3
1380	-3
1381	-3
1382	-4
1383	-3
1384	-4
1385	-3
1386	-4
1387	-3
1388	-4
1389	-3
1390	-3
1391	-3
1392	-4
1393	-4
1394	-3
1395	-4
1396	-3
1397	-3
1398	-4
1399	-2
1400	-3
1401	-2
1402	-3
1403	-1
1404	-3
1405	-1
1406	-2
1407	-1
1408	-5
1409	-1
1410	-4
1411	0
1412	-4
1413	-2
1414	-2
1415	-2
1416	-2
1417	-2
1418	-4
1419	-3
1420	-4
1421	-2
1422	-4
1423	-2
1424	-3
1425	-2
1426	-3
1427	-1
1428	-4
1429	-3
1430	-3
1431	-2
1432	-3
1433	-2
1434	-3
1435	-2
1436	-3
1437	-2
1438	-3
1439	-1
1440	-3
1441	-1
1442	-1
1443	0
1444	-2
1445	-1
1446	-1
1447	-2
1448	-2
1449	-1
1450	-3
1451	-1
1452	-1
1453	-1
1454	-1
1455	0
1456	-2
1457	0
1458	-2
1459	0
1460	-1
1461	-1
1462	-4
1463	0
1464	-3
1465	0
1466	-1
1467	0
1468	-3
1469	-1
1470	-1
1471	-1
1472	-2
1473	0
1474	-1
1475	-1
1476	-3
1477	0
1478	-2
1479	0
1480	-2
1481	0
1482	-1
1483	0
1484	-2
1485	0
1486	-2
1487	-1
1488	-2
1489	-1
1490	-2
1491	-1
1492	-3
1493	-1
1494	-3
1495	-2
1496	-2
1497	-2
1498	-3
1499	-1
1500	-2
1501	-1
1502	-4
1503	-2
1504	-3
1505	-2
1506	-2
1507	-2
1508	-4
1509	-2
1510	-4
1511	-1
1512	-3
1513	-2
1514	-4
1515	-3
1516	-2
1517	-2
1518	-3
1519	-2
1520	-3
1521	-1
1522	-3
1523	-2
1524	-2
1525	-3
1526	-2
1527	-2
1528	-4
1529	-2
1530	-4
1531	-2
1532	-3
1533	-1
1534	-2
1535	-2
1536	-2
1537	-2
1538	-2
1539	-1
1540	-1
1541	-1
1542	-1
1543	-1
1544	-1
1545	0
1546	-1
1547	-1
1548	-2
1549	0
1550	0
1551	0
1552	0
1553	-1
1554	-3
1555	0
1556	-2
1557	-1
1558	-3
1559	0
1560	-1
1561	0
1562	-1
1563	0
1564	-3
1565	-1
1566	-3
1567	-1
1568	-1
1569	0
1570	-2
1571	-3
1572	-2
1573	-1
1574	-2
1575	-1
1576	-2
1577	0
1578	-1
1579	-1
1580	-1
1581	-1
1582	-1
1583	-1
1584	0
1585	0
1586	-1
1587	0
1588	0
1589	-1
1590	-1
1591	-1
1592	-1
1593	-1
1594	-1
1595	-1
1596	-2
1597	-2
1598	-2
1599	-1
1600	-2
1601	-2
1602	-3
1603	-1
1604	-1
1605	-1
1606	-2
1607	0
1608	-1
1609	0
1610	-2
1611	-1
1612	-1
1613	0
1614	-1
1615	-1
1616	-1
1617	0
1618	-1
1619	-1
1620	-1
1621	-1
1622	-2
1623	-1
1624	-2
1625	0
1626	-2
1627	0
1628	-1
1629	0
1630	-1
1631	0
1632	-1
1633	-1
1634	-2
1635	-1
1636	-3
1637	0
1638	-2
1639	-1
1640	-2
1641	0
1642	-2
1643	-1
1644	-2
1645	-2
1646	-2
1647	-2
1648	-3
1649	-2
1650	-3
1651	-2
1652	-2
1653	-2
1654	-2
1655	-2
1656	-3
1657	-3
1658	-3
1659	-2
1660	-3
1661	-1
1662	-2
1663	-2
1664	-2
1665	-2
1666	-1
1667	0
1668	-1
1669	0
1670	-3
1671	-1
1672	-2
1673	-1
1674	-1
1675	0
1676	0
1677	0
1678	-1
1679	0
1680	-1
1681	0
1682	-1
1683	0
1684	-1
1685	0
1686	-2
1687	-1
1688	-2
1689	-1
1690	-1
1691	0
1692	-2
1693	-1
1694	-1
1695	-1
1696	-2
1697	0
1698	-2
1699	0
1700	-3
1701	-1
1702	-1
1703	0
1704	-1
1705	0
1706	-1
1707	0
1708	0
1709	0
1710	-1
1711	-1
1712	-2
1713	-1
1714	-2
1715	0
1716	-1
1717	0
1718	-1
1719	-1
1720	-1
1721	0
1722	-1
1723	-1
1724	-1
1725	-2
1726	-2
1727	0
1728	-2
1729	-1
1730	-3
1731	-1
1732	-1
1733	-1
1734	-1
1735	-1
1736	-2
1737	0
1738	0
1739	-1
1740	-1
1741	-2
1742	-3
1743	-2
1744	-2
1745	0
1746	-2
1747	-1
1748	-2
1749	0
1750	-2
1751	0
1752	-2
1753	0
1754	-2
1755	-1
1756	-1
1757	0
1758	-1
1759	0
1760	-1
1761	0
1762	-1
1763	-1
1764	-1
1765	0
1766	-1
1767	0
1768	-2
1769	0
1770	-1
1771	0
1772	-2
1773	0
1774	-1
1775	0
1776	-1
1777	0
1778	0
1779	0
1780	-2
1781	0
1782	-1
1783	0
1784	-1
1785	0
1786	-1
1787	0
1788	-1
1789	-1
1790	-2
1791	0
1792	-2
1793	0
1794	-1
1795	0
1796	-1
1797	-1
1798	-1
1799	-2
1800	-2
1801	0
1802	-1
1803	-1
1804	0
1805	0
1806	-1
1807	-1
1808	-1
1809	-2
1810	-1
1811	-1
1812	-1
1813	0
1814	-1
1815	0
1816	-1
1817	0
1818	-1
1819	0
1820	0
1821	-1
1822	0
1823	0
1824	0
1825	0
1826	-1
1827	0
1828	-1
1829	0
1830	-1
1831	0
1832	-2
1833	0
1834	0
1835	0
1836	-2
1837	0
1838	0
1839	0
1840	0
1841	0
1842	0
1843	0
1844	-1
1845	0
1846	0
1847	0
1848	-1
1849	0
1850	-2
1851	-1
1852	-1
1853	-1
1854	-1
1855	0
1856	-1
1857	-1
1858	-1
1859	-2
1860	-1
1861	-1
1862	-1
1863	-1
1864	0
1865	-1
1866	-1
1867	-1
1868	-1
1869	0
1870	-2
1871	0
1872	-3
1873	0
1874	-2
1875	0
1876	-2
1877	-1
1878	-1
1879	0
1880	-1
1881	0
1882	-1
1883	0
1884	-1
1885	0
1886	-1
1887	0
1888	0
1889	0
1890	0
1891	0
1892	0
1893	0
1894	0
1895	0
1896	0
1897	0
1898	0
1899	0
1900	-1
1901	0
1902	0
1903	0
1904	0
1905	0
1906	-1
1907	0
1908	0
1909	0
1910	-1
1911	0
1912	-1
1913	0
1914	0
1915	0
1916	-1
1917	0
1918	-2
1919	0
1920	-3
1921	-1
1922	-3
1923	-1
1924	-3
1925	-1
1926	-3
1927	-1
1928	-2
1929	0
1930	-1
1931	0
1932	-2
1933	0
1934	-1
1935	0
1936	-1
1937	0
1938	-1
1939	0
1940	0
1941	0
1942	0
1943	0
1944	-2
1945	0
1946	-1
1947	0
1948	-1
1949	0
1950	-1
1951	0
1952	-1
1953	-1
1954	-2
1955	-1
1956	-1
1957	0
1958	-1
1959	-2
1960	-1
1961	0
1962	-1
1963	0
1964	0
1965	0
1966	-1
1967	0
1968	-1
1969	0
1970	-1
1971	0
1972	-1
1973	0
1974	-1
1975	0
1976	-1
1977	0
1978	0
1979	0
1980	-1
1981	-1
1982	-2
1983	0
1984	-1
1985	0
1986	-1
1987	0
1988	-1
1989	0
1990	0
1991	0
1992	0
1993	0
1994	0
1995	0
1996	0
1997	0
1998	0
1999	0
