0	0
1	0
2	0
3	0
4	0
5	0
6	0
7	0
8	0
9	0
10	0
11	0
12	0
13	0
14	0
15	0
16	0
17	0
18	0
19	0
20	0
21	0
22	0
23	0
24	0
25	0
26	0
27	0
28	0
29	0
30	0
31	0
32	0
33	0
34	0
35	0
36	0
37	0
38	0
39	0
40	0
41	0
42	0
43	0
44	0
45	0
46	0
47	0
48	0
49	1
50	0
51	0
52	0
53	0
54	0
55	1
56	0
57	1
58	0
59	0
60	0
61	0
62	0
63	0
64	0
65	0
66	0
67	0
68	0
69	0
70	-1
71	0
72	0
73	0
74	-1
75	0
76	0
77	0
78	0
79	-1
80	0
81	-1
82	0
83	-1
84	0
85	0
86	0
87	0
88	0
89	0
90	0
91	0
92	-1
93	0
94	0
95	0
96	0
97	0
98	0
99	0
100	0
101	0
102	0
103	0
104	-1
105	0
106	0
107	0
108	0
109	0
110	0
111	-1
112	0
113	0
114	0
115	0
116	0
117	0
118	0
119	0
120	0
121	0
122	0
123	0
124	0
125	0
126	0
127	0
128	0
129	0
130	0
131	0
132	0
133	0
134	0
135	0
136	0
137	0
138	0
139	0
140	0
141	0
142	0
143	0
144	0
145	0
146	0
147	0
148	0
149	0
150	0
151	0
152	0
153	0
154	0
155	0
156	0
157	0
158	0
159	0
160	0
161	0
162	0
163	0
164	0
165	1
166	0
167	0
168	0
169	0
170	0
171	0
172	0
173	0
174	0
175	0
176	0
177	0
178	0
179	0
180	0
181	0
182	0
183	0
184	0
185	0
186	0
187	0
188	0
189	0
190	0
191	0
192	0
193	0
194	0
195	0
196	0
197	0
198	-1
199	0
200	0
201	0
202	0
203	0
204	0
205	0
206	0
207	0
208	-1
209	0
210	0
211	0
212	0
213	0
214	-1
215	0
216	0
217	0
218	0
219	0
220	0
221	0
222	0
223	0
224	0
225	0
226	0
227	1
228	0
229	0
230	0
231	1
232	0
233	0
234	0
235	0
236	0
237	0
238	0
239	0
240	0
241	0
242	0
243	0
244	0
245	0
246	0
247	0
248	0
249	0
250	0
251	0
252	0
253	0
254	0
255	0
256	0
257	0
258	0
259	0
260	0
261	0
262	0
263	0
264	0
265	0
266	0
267	-1
268	0
269	0
270	0
271	0
272	0
273	0
274	0
275	0
276	0
277	0
278	0
279	0
280	0
281	0
282	0
283	0
284	0
285	0
286	0
287	0
288	0
289	0
290	0
291	0
292	0
293	0
294	0
295	0
296	0
297	0
298	0
299	0
300	0
301	0
302	0
303	0
304	0
305	0
306	0
307	0
308	0
309	0
310	0
311	0
312	0
313	0
314	0
315	0
316	-1
317	-1
318	0
319	0
320	0
321	0
322	-1
323	0
324	0
325	0
326	0
327	0
328	0
329	0
330	0
331	0
332	0
333	0
334	0
335	0
336	0
337	0
338	0
339	0
340	0
341	0
342	0
343	0
344	0
345	0
346	0
347	0
348	0
349	0
350	-1
351	0
352	0
353	0
354	0
355	0
356	-1
357	0
358	0
359	0
360	0
361	0
362	0
363	0
364	-1
365	0
366	0
367	0
368	-1
369	0
370	0
371	0
372	0
373	0
374	0
375	0
376	0
377	0
378	-1
379	0
380	-1
381	0
382	0
383	0
384	0
385	0
386	0
387	0
388	0
389	0
390	0
391	0
392	0
393	0
394	0
395	0
396	0
397	0
398	0
399	0
400	0
401	0
402	0
403	0
404	0
405	0
406	0
407	0
408	0
409	0
410	0
411	0
412	0
413	0
414	0
415	0
416	0
417	0
418	0
419	0
420	0
421	0
422	0
423	0
424	0
425	-1
426	0
427	0
428	0
429	0
430	0
431	0
432	0
433	0
434	-1
435	0
436	0
437	0
438	0
439	0
440	0
441	0
442	0
443	0
444	0
445	0
446	0
447	0
448	0
449	0
450	0
451	0
452	1
453	3
454	2
455	6
456	6
457	8
458	10
459	12
460	13
461	17
462	18
463	22
464	24
465	27
466	28
467	33
468	34
469	38
470	40
471	44
472	43
473	48
474	50
475	53
476	54
477	57
478	56
479	60
480	61
481	62
482	63
483	66
484	66
485	67
486	68
487	70
488	69
489	72
490	70
491	70
492	70
493	72
494	72
495	73
496	73
497	74
498	74
499	78
500	62
501	69
502	67
503	67
504	66
505	66
506	65
507	64
508	62
509	60
510	57
511	58
512	55
513	56
514	53
515	52
516	49
517	49
518	48
519	46
520	44
521	43
522	42
523	42
524	39
525	39
526	37
527	36
528	33
529	33
530	31
531	33
532	28
533	28
534	26
535	27
536	24
537	26
538	22
539	23
540	21
541	21
542	20
543	20
544	17
545	17
546	15
547	15
548	13
549	14
550	12
551	12
552	9
553	10
554	7
555	10
556	6
557	8
558	4
559	6
560	4
561	5
562	3
563	4
564	3
565	3
566	3
567	3
568	3
569	3
570	3
571	3
572	2
573	2
574	1
575	2
576	1
577	2
578	0
579	1
580	0
581	1
582	0
583	0
584	0
585	0
586	-1
587	0
588	-1
589	0
590	0
591	0
592	0
593	0
594	0
595	0
596	0
597	0
598	-1
599	0
600	0
601	0
602	0
603	0
604	0
605	0
606	-1
607	0
608	-1
609	0
610	0
611	0
612	-1
613	0
614	0
615	0
616	-1
617	0
618	-1
619	0
620	-2
621	-1
622	-1
623	0
624	0
625	0
626	0
627	0
628	0
629	-1
630	-1
631	-1
632	0
633	0
634	-1
635	0
636	-1
637	0
638	-2
639	0
640	-1
641	-1
642	0
643	-1
644	-2
645	-1
646	-3
647	0
648	-3
649	-1
650	-2
651	-1
652	-2
653	-2
654	0
655	0
656	-1
657	0
658	0
659	0
660	-1
661	0
662	-1
663	0
664	-1
665	0
666	0
667	0
668	0
669	0
670	-1
671	0
672	0
673	-1
674	-2
675	0
676	-2
677	-1
678	0
679	0
680	-1
681	-2
682	-1
683	-1
684	-1
685	-1
686	-2
687	0
688	-1
689	0
690	-1
691	0
692	-2
693	0
694	0
695	0
696	-1
697	0
698	0
699	0
700	0
701	0
702	-1
703	0
704	-1
705	0
706	-1
707	0
708	0
709	0
710	0
711	0
712	0
713	0
714	0
715	0
716	-1
717	0
718	0
719	0
720	-1
721	0
722	-1
723	0
724	0
725	0
726	-1
727	0
728	-1
729	0
730	-1
731	0
732	-1
733	0
734	-1
735	0
736	-1
737	0
738	-1
739	0
740	0
741	0
742	-1
743	0
744	-1
745	-1
746	-1
747	0
748	-2
749	0
750	-1
751	-1
752	-1
753	-2
754	0
755	0
756	-1
757	-1
758	-1
759	0
760	0
761	0
762	0
763	-1
764	0
765	0
766	0
767	0
768	-1
769	0
770	0
771	0
772	0
773	0
774	0
775	0
776	0
777	0
778	0
779	0
780	0
781	0
782	0
783	0
784	0
785	0
786	0
787	0
788	0
789	0
790	0
791	0
792	-1
793	-1
794	-1
795	0
796	-1
797	0
798	-1
799	0
800	0
801	-1
802	-1
803	0
804	0
805	0
806	0
807	0
808	0
809	0
810	-1
811	-1
812	-1
813	0
814	-1
815	0
816	-1
817	-1
818	-1
819	0
820	0
821	0
822	-1
823	0
824	0
825	0
826	0
827	0
828	0
829	0
830	-1
831	0
832	-1
833	0
834	-1
835	0
836	-1
837	0
838	-1
839	0
840	-1
841	0
842	-1
843	0
844	-1
845	-1
846	-1
847	-1
848	-1
849	-1
850	-3
851	0
852	-1
853	-1
854	-1
855	0
856	-1
857	-1
858	-1
859	-2
860	-1
861	-1
862	-2
863	0
864	-1
865	-2
866	-1
867	0
868	-1
869	-1
870	-2
871	-1
872	-2
873	-1
874	-1
875	-1
876	-2
877	-1
878	-2
879	-1
880	-1
881	-2
882	-2
883	-1
884	-2
885	-1
886	-2
887	0
888	-1
889	-1
890	-1
891	0
892	-1
893	0
894	0
895	0
896	-1
897	0
898	-1
899	0
900	-1
901	-1
902	-2
903	-1
904	-1
905	-1
906	-1
907	-1
908	-2
909	0
910	-3
911	0
912	0
913	0
914	-1
915	0
916	-3
917	0
918	-1
919	0
920	-1
921	0
922	-1
923	0
924	-1
925	0
926	-1
927	0
928	0
929	0
930	0
931	0
932	0
933	0
934	-1
935	0
936	0
937	0
938	0
939	0
940	-1
941	0
942	-1
943	0
944	0
945	0
946	-1
947	0
948	-2
949	0
950	-2
951	0
952	-1
953	0
954	-1
955	0
956	0
957	0
958	0
959	0
960	0
961	0
962	-1
963	-1
964	-2
965	-1
966	-1
967	0
968	-1
969	0
970	-1
971	0
972	-1
973	-1
974	-1
975	-1
976	-1
977	-1
978	-1
979	-1
980	-2
981	-1
982	-2
983	-1
984	-2
985	-1
986	-2
987	-1
988	-1
989	0
990	0
991	0
992	-2
993	-1
994	-2
995	0
996	-1
997	0
998	-1
999	0
1000	-1
1001	0
1002	-1
1003	0
1004	-1
1005	0
1006	-1
1007	0
1008	-1
1009	0
1010	-1
1011	-1
1012	0
1013	-1
1014	-2
1015	0
1016	-1
1017	0
1018	-1
1019	0
1020	0
1021	0
1022	0
1023	0
1024	-1
1025	0
1026	0
1027	0
1028	0
1029	0
1030	0
1031	0
1032	0
1033	0
1034	0
1035	0
1036	-1
1037	0
1038	0
1039	0
1040	0
1041	0
1042	0
1043	0
1044	0
1045	0
1046	-1
1047	0
1048	0
1049	0
1050	-1
1051	0
1052	-1
1053	0
1054	-1
1055	0
1056	0
1057	0
1058	-2
1059	0
1060	-2
1061	0
1062	0
1063	0
1064	-1
1065	0
1066	-1
1067	0
1068	0
1069	-1
1070	-1
1071	0
1072	-2
1073	0
1074	-3
1075	-1
1076	-3
1077	0
1078	-1
1079	0
1080	-1
1081	0
1082	-2
1083	-1
1084	-2
1085	0
1086	-3
1087	-1
1088	-2
1089	0
1090	-1
1091	-1
1092	-2
1093	-1
1094	-3
1095	-1
1096	-1
1097	-1
1098	-2
1099	-1
1100	-3
1101	-1
1102	-2
1103	-1
1104	-1
1105	-1
1106	-1
1107	-1
1108	-2
1109	0
1110	-1
1111	0
1112	-2
1113	0
1114	-2
1115	-2
1116	-1
1117	-1
1118	-3
1119	-1
1120	-3
1121	-1
1122	-3
1123	-2
1124	-2
1125	-1
1126	-2
1127	-1
1128	-1
1129	-1
1130	-2
1131	-1
1132	-3
1133	0
1134	-3
1135	0
1136	-2
1137	0
1138	-2
1139	0
1140	-2
1141	-1
1142	-2
1143	0
1144	-2
1145	-1
1146	-1
1147	-1
1148	-2
1149	-1
1150	-3
1151	0
1152	-2
1153	0
1154	-2
1155	-1
1156	-2
1157	0
1158	-2
1159	-1
1160	-2
1161	0
1162	-1
1163	-1
1164	-1
1165	0
1166	-2
1167	-1
1168	-1
1169	0
1170	0
1171	-1
1172	-2
1173	0
1174	-1
1175	0
1176	-2
1177	0
1178	-1
1179	0
1180	-1
1181	0
1182	-1
1183	0
1184	-1
1185	-1
1186	-1
1187	-1
1188	-3
1189	-1
1190	0
1191	0
1192	-1
1193	0
1194	-2
1195	-1
1196	-2
1197	-2
1198	-2
1199	0
1200	-2
1201	0
1202	-1
1203	0
1204	-2
1205	0
1206	-1
1207	0
1208	-2
1209	-1
1210	-1
1211	0
1212	-2
1213	0
1214	-2
1215	0
1216	-3
1217	-1
1218	-3
1219	-1
1220	-2
1221	0
1222	-3
1223	-2
1224	-1
1225	-1
1226	-3
1227	-1
1228	-1
1229	0
1230	-3
1231	-1
1232	-2
1233	0
1234	-2
1235	0
1236	-2
1237	-1
1238	-3
1239	-1
1240	-2
1241	-1
1242	-1
1243	-2
1244	-2
1245	-1
1246	-3
1247	0
1248	-1
1249	0
1250	-1
1251	-1
1252	-1
1253	-1
1254	-2
1255	-1
1256	-2
1257	-1
1258	-1
1259	0
1260	-2
1261	-1
1262	-2
1263	0
1264	-1
1265	0
1266	-1
1267	0
1268	-1
1269	-1
1270	-1
1271	-1
1272	0
1273	0
1274	-3
1275	-1
1276	-2
1277	0
1278	-2
1279	0
1280	-1
1281	0
1282	-1
1283	0
1284	-2
1285	0
1286	0
1287	0
1288	0
1289	-2
1290	-1
1291	0
1292	-1
1293	0
1294	-2
1295	-1
1296	0
1297	0
1298	-1
1299	0
1300	-2
1301	-1
1302	-1
1303	-1
1304	-2
1305	-1
1306	-1
1307	-1
1308	-1
1309	-1
1310	-1
1311	0
1312	-1
1313	-1
1314	-2
1315	-1
1316	-3
1317	-1
1318	-1
1319	0
1320	-2
1321	-1
1322	-3
1323	-1
1324	-2
1325	-1
1326	0
1327	-2
1328	-3
1329	-1
1330	-2
1331	-1
1332	-1
1333	-2
1334	-2
1335	-1
1336	-3
1337	-1
1338	-2
1339	-1
1340	-2
1341	-1
1342	-2
1343	-1
1344	-1
1345	-1
1346	-2
1347	-1
1348	-2
1349	-1
1350	-2
1351	0
1352	-1
1353	-1
1354	-1
1355	0
1356	-1
1357	0
1358	-2
1359	0
1360	-2
1361	0
1362	0
1363	0
1364	-1
1365	0
1366	-1
1367	0
1368	-1
1369	-1
1370	-2
1371	0
1372	-2
1373	0
1374	0
1375	0
1376	-1
1377	0
1378	-1
1379	0
1380	-2
1381	-1
1382	-1
1383	-1
1384	-2
1385	-1
1386	-3
1387	-1
1388	-2
1389	-2
1390	-3
1391	-1
1392	-2
1393	-1
1394	-3
1395	-1
1396	-2
1397	-1
1398	-1
1399	-1
1400	-2
1401	-1
1402	-3
1403	0
1404	-2
1405	-1
1406	-1
1407	0
1408	-1
1409	0
1410	-1
1411	0
1412	0
1413	0
1414	-1
1415	-1
1416	0
1417	-1
1418	-1
1419	-1
1420	-2
1421	0
1422	-1
1423	0
1424	-2
1425	-1
1426	-1
1427	0
1428	-1
1429	-1
1430	-1
1431	-1
1432	-2
1433	-2
1434	-2
1435	-2
1436	-2
1437	-2
1438	-3
1439	-2
1440	-3
1441	-2
1442	-1
1443	-2
1444	-2
1445	-1
1446	-2
1447	-1
1448	-3
1449	0
1450	-1
1451	-1
1452	-1
1453	0
1454	-2
1455	0
1456	-2
1457	-1
1458	-1
1459	-1
1460	-1
1461	-1
1462	-1
1463	0
1464	-2
1465	0
1466	-1
1467	0
1468	-1
1469	0
1470	-1
1471	0
1472	-2
1473	-1
1474	-2
1475	-1
1476	-2
1477	0
1478	-3
1479	-2
1480	-1
1481	0
1482	-1
1483	0
1484	-3
1485	-1
1486	-1
1487	-1
1488	-2
1489	-1
1490	-2
1491	0
1492	0
1493	-1
1494	-1
1495	0
1496	-1
1497	0
1498	-1
1499	0
1500	0
1501	0
1502	-1
1503	0
1504	0
1505	0
1506	0
1507	0
1508	0
1509	0
1510	0
1511	0
1512	0
1513	0
1514	-1
1515	-1
1516	-2
1517	-1
1518	-2
1519	-1
1520	-1
1521	-1
1522	-1
1523	-2
1524	-2
1525	-1
1526	-3
1527	-1
1528	-2
1529	-2
1530	-1
1531	0
1532	-1
1533	-1
1534	-1
1535	0
1536	-1
1537	-1
1538	-2
1539	0
1540	0
1541	0
1542	0
1543	0
1544	-1
1545	0
1546	0
1547	0
1548	0
1549	0
1550	-1
1551	-1
1552	-2
1553	-1
1554	-1
1555	-1
1556	-1
1557	-1
1558	-2
1559	-1
1560	-2
1561	0
1562	-1
1563	0
1564	0
1565	-1
1566	-1
1567	-1
1568	-2
1569	-1
1570	-1
1571	0
1572	-1
1573	0
1574	-1
1575	0
1576	-1
1577	0
1578	-1
1579	0
1580	-1
1581	-1
1582	0
1583	0
1584	-1
1585	0
1586	0
1587	0
1588	-1
1589	0
1590	0
1591	-1
1592	0
1593	0
1594	0
1595	0
1596	-1
1597	0
1598	-1
1599	0
1600	-1
1601	0
1602	-2
1603	0
1604	0
1605	-1
1606	-2
1607	0
1608	-1
1609	0
1610	-2
1611	-1
1612	-2
1613	-1
1614	-1
1615	0
1616	-2
1617	0
1618	-2
1619	0
1620	-2
1621	-1
1622	-1
1623	0
1624	-1
1625	-1
1626	-2
1627	0
1628	0
1629	0
1630	0
1631	0
1632	0
1633	0
1634	0
1635	0
1636	0
1637	0
1638	0
1639	0
1640	0
1641	0
1642	0
1643	0
1644	-1
1645	0
1646	-1
1647	0
1648	0
1649	0
1650	0
1651	0
1652	0
1653	-1
1654	-2
1655	0
1656	-2
1657	0
1658	-1
1659	0
1660	-1
1661	-1
1662	-3
1663	0
1664	-2
1665	-1
1666	-2
1667	-1
1668	-2
1669	-1
1670	-3
1671	0
1672	-1
1673	0
1674	-2
1675	0
1676	-2
1677	0
1678	-3
1679	-1
1680	-1
1681	-1
1682	-1
1683	0
1684	-1
1685	0
1686	-1
1687	0
1688	-1
1689	-1
1690	0
1691	0
1692	-2
1693	-1
1694	-2
1695	-1
1696	-1
1697	0
1698	-1
1699	-1
1700	-2
1701	-2
1702	-2
1703	-1
1704	-3
1705	-2
1706	-2
1707	-1
1708	-1
1709	-1
1710	-2
1711	-1
1712	-2
1713	0
1714	-2
1715	0
1716	-1
1717	0
1718	-2
1719	0
1720	-1
1721	0
1722	-1
1723	0
1724	0
1725	0
1726	-1
1727	0
1728	-1
1729	0
1730	-1
1731	0
1732	-1
1733	0
1734	-1
1735	0
1736	-1
1737	0
1738	-1
1739	0
1740	0
1741	-1
1742	-1
1743	-1
1744	-1
1745	0
1746	-1
1747	0
1748	-1
1749	0
1750	-1
1751	0
1752	-1
1753	0
1754	-1
1755	0
1756	-1
1757	0
1758	0
1759	0
1760	0
1761	0
1762	0
1763	0
1764	0
1765	0
1766	0
1767	-1
1768	-1
1769	0
1770	-1
1771	0
1772	-1
1773	0
1774	0
1775	0
1776	0
1777	0
1778	0
1779	0
1780	0
1781	0
1782	-1
1783	0
1784	0
1785	0
1786	0
1787	0
1788	0
1789	0
1790	0
1791	1
1792	-1
1793	1
1794	0
1795	0
1796	0
1797	1
1798	0
1799	0
1800	0
1801	0
1802	0
1803	0
1804	0
1805	0
1806	0
1807	0
1808	-1
1809	0
1810	-1
1811	0
1812	-1
1813	0
1814	-3
1815	-1
1816	-2
1817	-1
1818	-2
1819	0
1820	-2
1821	0
1822	-1
1823	0
1824	-2
1825	-1
1826	-1
1827	0
1828	-1
1829	0
1830	-1
1831	0
1832	0
1833	0
1834	-1
1835	0
1836	0
1837	0
1838	0
1839	0
1840	0
1841	0
1842	0
1843	0
1844	0
1845	0
1846	0
1847	0
1848	0
1849	0
1850	0
1851	0
1852	0
1853	0
1854	0
1855	0
1856	0
1857	0
1858	-1
1859	0
1860	-1
1861	0
1862	-1
1863	0
1864	-1
1865	-1
1866	-1
1867	-1
1868	-2
1869	0
1870	-1
1871	-1
1872	-1
1873	0
1874	-2
1875	0
1876	-2
1877	0
1878	-2
1879	0
1880	-1
1881	0
1882	0
1883	-1
1884	-1
1885	0
1886	-1
1887	0
1888	-1
1889	0
1890	-1
1891	0
1892	-1
1893	0
1894	-2
1895	0
1896	0
1897	0
1898	-1
1899	0
1900	-2
1901	0
1902	-2
1903	0
1904	-1
1905	0
1906	-1
1907	0
1908	-1
1909	0
1910	-1
1911	0
1912	0
1913	0
1914	0
1915	0
1916	-1
1917	0
1918	-1
1919	0
1920	0
1921	0
1922	-1
1923	0
1924	0
1925	0
1926	0
1927	0
1928	1
1929	1
1930	0
1931	0
1932	0
1933	1
1934	0
1935	0
1936	0
1937	1
1938	0
1939	0
1940	0
1941	1
1942	0
1943	0
1944	0
1945	0
1946	0
1947	1
1948	0
1949	0
1950	0
1951	-1
1952	0
1953	0
1954	0
1955	0
1956	0
1957	0
1958	0
1959	0
1960	0
1961	0
1962	0
1963	0
1964	0
1965	0
1966	0
1967	0
1968	0
1969	0
1970	0
1971	0
1972	0
1973	1
1974	0
1975	0
1976	0
1977	0
1978	0
1979	0
1980	-1
1981	0
1982	0
1983	0
1984	0
1985	0
1986	0
1987	0
1988	0
1989	0
1990	0
1991	0
1992	-1
1993	0
1994	-1
1995	0
1996	-1
1997	0
1998	0
1999	0
