0	0
1	0
2	0
3	0
4	0
5	0
6	0
7	0
8	0
9	0
10	0
11	-1
12	0
13	0
14	0
15	-1
16	0
17	0
18	1
19	0
20	0
21	0
22	0
23	0
24	0
25	0
26	0
27	0
28	0
29	0
30	0
31	0
32	0
33	0
34	0
35	0
36	-1
37	-1
38	0
39	0
40	0
41	0
42	0
43	0
44	0
45	0
46	0
47	0
48	0
49	0
50	0
51	0
52	0
53	0
54	0
55	0
56	0
57	0
58	0
59	1
60	0
61	1
62	0
63	1
64	0
65	1
66	0
67	0
68	0
69	0
70	0
71	0
72	0
73	0
74	0
75	0
76	0
77	0
78	0
79	0
80	0
81	0
82	0
83	1
84	0
85	1
86	0
87	0
88	0
89	1
90	0
91	1
92	0
93	1
94	0
95	2
96	0
97	1
98	0
99	0
100	1
101	0
102	1
103	0
104	0
105	0
106	0
107	0
108	0
109	0
110	0
111	0
112	0
113	0
114	0
115	0
116	0
117	0
118	0
119	0
120	-1
121	0
122	-1
123	0
124	-1
125	-1
126	0
127	-1
128	0
129	0
130	-1
131	0
132	-1
133	0
134	0
135	-1
136	0
137	0
138	-1
139	0
140	0
141	0
142	-1
143	0
144	0
145	1
146	0
147	0
148	0
149	0
150	0
151	0
152	0
153	0
154	0
155	0
156	0
157	0
158	0
159	0
160	0
161	0
162	0
163	0
164	0
165	0
166	0
167	0
168	0
169	0
170	0
171	0
172	0
173	0
174	0
175	0
176	0
177	0
178	0
179	0
180	0
181	1
182	0
183	0
184	0
185	0
186	0
187	2
188	0
189	0
190	1
191	0
192	1
193	0
194	0
195	1
196	1
197	0
198	1
199	0
200	0
201	0
202	1
203	0
204	0
205	0
206	0
207	0
208	0
209	0
210	-1
211	0
212	0
213	0
214	0
215	0
216	-1
217	0
218	0
219	0
220	0
221	0
222	0
223	0
224	0
225	0
226	0
227	0
228	0
229	1
230	0
231	0
232	0
233	0
234	0
235	0
236	0
237	0
238	0
239	0
240	0
241	0
242	-1
243	0
244	-1
245	0
246	0
247	0
248	0
249	0
250	0
251	0
252	0
253	0
254	0
255	0
256	0
257	0
258	0
259	0
260	0
261	0
262	0
263	1
264	0
265	0
266	0
267	0
268	0
269	0
270	0
271	1
272	0
273	0
274	0
275	1
276	0
277	0
278	0
279	0
280	0
281	1
282	0
283	1
284	1
285	2
286	1
287	1
288	0
289	0
290	0
291	2
292	0
293	0
294	1
295	0
296	0
297	0
298	1
299	0
300	0
301	1
302	0
303	0
304	0
305	1
306	0
307	0
308	0
309	0
310	0
311	0
312	-1
313	0
314	-1
315	-1
316	-1
317	-1
318	-1
319	0
320	-1
321	-2
322	-1
323	-2
324	-1
325	-1
326	-1
327	-1
328	-1
329	0
330	0
331	-1
332	0
333	0
334	0
335	0
336	0
337	0
338	-1
339	0
340	-1
341	0
342	0
343	0
344	0
345	0
346	0
347	0
348	0
349	0
350	0
351	0
352	0
353	0
354	0
355	0
356	0
357	0
358	0
359	0
360	0
361	0
362	0
363	0
364	-1
365	0
366	0
367	0
368	0
369	0
370	0
371	0
372	0
373	0
374	0
375	0
376	0
377	0
378	0
379	1
380	0
381	0
382	0
383	1
384	0
385	1
386	0
387	1
388	0
389	1
390	0
391	1
392	0
393	0
394	0
395	1
396	0
397	1
398	0
399	1
400	1
401	1
402	0
403	0
404	1
405	0
406	0
407	0
408	0
409	0
410	0
411	0
412	0
413	0
414	0
415	0
416	0
417	0
418	0
419	0
420	0
421	0
422	3
423	3
424	4
425	6
426	7
427	11
428	14
429	16
430	18
431	22
432	25
433	29
434	33
435	38
436	42
437	48
438	51
439	54
440	60
441	65
442	68
443	76
444	79
445	85
446	88
447	94
448	96
449	102
450	106
451	110
452	113
453	119
454	120
455	124
456	126
457	130
458	134
459	135
460	137
461	140
462	140
463	143
464	144
465	145
466	145
467	146
468	145
469	144
470	143
471	143
472	141
473	139
474	138
475	137
476	134
477	134
478	130
479	129
480	126
481	123
482	120
483	117
484	115
485	112
486	109
487	108
488	104
489	101
490	97
491	96
492	91
493	90
494	85
495	82
496	79
497	78
498	78
499	78
500	62
501	66
502	63
503	61
504	57
505	56
506	52
507	51
508	48
509	47
510	43
511	41
512	38
513	37
514	34
515	33
516	31
517	31
518	27
519	26
520	23
521	23
522	21
523	19
524	18
525	16
526	15
527	15
528	12
529	12
530	10
531	10
532	5
533	6
534	4
535	4
536	2
537	2
538	1
539	1
540	1
541	0
542	0
543	-1
544	-2
545	-2
546	-4
547	-3
548	-6
549	-4
550	-7
551	-6
552	-9
553	-7
554	-8
555	-10
556	-10
557	-9
558	-11
559	-10
560	-11
561	-11
562	-12
563	-12
564	-13
565	-11
566	-13
567	-11
568	-12
569	-11
570	-13
571	-12
572	-12
573	-12
574	-12
575	-11
576	-12
577	-11
578	-13
579	-11
580	-12
581	-10
582	-12
583	-11
584	-11
585	-9
586	-12
587	-11
588	-10
589	-10
590	-10
591	-11
592	-11
593	-9
594	-10
595	-11
596	-9
597	-11
598	-11
599	-11
600	-12
601	-10
602	-11
603	-11
604	-11
605	-11
606	-11
607	-12
608	-11
609	-11
610	-11
611	-12
612	-13
613	-12
614	-13
615	-13
616	-12
617	-13
618	-12
619	-12
620	-13
621	-13
622	-12
623	-10
624	-12
625	-12
626	-12
627	-11
628	-13
629	-10
630	-11
631	-10
632	-10
633	-11
634	-10
635	-10
636	-10
637	-10
638	-9
639	-9
640	-9
641	-9
642	-10
643	-8
644	-10
645	-7
646	-8
647	-9
648	-7
649	-8
650	-8
651	-7
652	-8
653	-5
654	-7
655	-5
656	-8
657	-6
658	-7
659	-6
660	-6
661	-7
662	-8
663	-6
664	-8
665	-7
666	-7
667	-6
668	-8
669	-7
670	-9
671	-7
672	-7
673	-8
674	-9
675	-9
676	-8
677	-7
678	-8
679	-10
680	-8
681	-8
682	-9
683	-10
684	-9
685	-7
686	-9
687	-8
688	-9
689	-9
690	-9
691	-10
692	-8
693	-10
694	-8
695	-8
696	-8
697	-6
698	-8
699	-8
700	-8
701	-8
702	-8
703	-9
704	-7
705	-8
706	-8
707	-8
708	-9
709	-9
710	-10
711	-9
712	-8
713	-10
714	-9
715	-9
716	-10
717	-9
718	-9
719	-11
720	-10
721	-10
722	-11
723	-10
724	-10
725	-10
726	-10
727	-11
728	-10
729	-11
730	-11
731	-10
732	-10
733	-10
734	-10
735	-10
736	-10
737	-10
738	-10
739	-8
740	-9
741	-10
742	-10
743	-9
744	-10
745	-9
746	-10
747	-9
748	-9
749	-10
750	-9
751	-10
752	-10
753	-10
754	-9
755	-9
756	-8
757	-9
758	-10
759	-8
760	-9
761	-9
762	-11
763	-10
764	-10
765	-9
766	-10
767	-9
768	-11
769	-8
770	-11
771	-8
772	-11
773	-9
774	-10
775	-9
776	-10
777	-9
778	-10
779	-9
780	-10
781	-9
782	-9
783	-9
784	-9
785	-8
786	-8
787	-8
788	-7
789	-8
790	-8
791	-8
792	-6
793	-7
794	-8
795	-7
796	-9
797	-7
798	-8
799	-7
800	-8
801	-6
802	-7
803	-7
804	-7
805	-8
806	-7
807	-8
808	-8
809	-7
810	-7
811	-7
812	-6
813	-8
814	-8
815	-9
816	-8
817	-9
818	-8
819	-7
820	-9
821	-9
822	-10
823	-9
824	-9
825	-9
826	-9
827	-11
828	-10
829	-10
830	-11
831	-10
832	-9
833	-11
834	-11
835	-11
836	-11
837	-11
838	-10
839	-9
840	-11
841	-9
842	-10
843	-10
844	-9
845	-9
846	-9
847	-9
848	-9
849	-8
850	-11
851	-10
852	-9
853	-8
854	-10
855	-9
856	-10
857	-10
858	-10
859	-8
860	-10
861	-9
862	-10
863	-9
864	-8
865	-8
866	-9
867	-10
868	-10
869	-9
870	-10
871	-8
872	-8
873	-10
874	-8
875	-8
876	-6
877	-8
878	-6
879	-5
880	-5
881	-5
882	-6
883	-6
884	-4
885	-3
886	-5
887	-4
888	-4
889	-4
890	-4
891	-2
892	-4
893	-2
894	-4
895	-2
896	-3
897	-2
898	-3
899	-2
900	-4
901	-2
902	-3
903	-3
904	-2
905	-3
906	-2
907	-3
908	-5
909	-5
910	-5
911	-4
912	-5
913	-4
914	-4
915	-3
916	-5
917	-4
918	-6
919	-5
920	-5
921	-5
922	-4
923	-5
924	-6
925	-4
926	-7
927	-3
928	-6
929	-7
930	-7
931	-6
932	-6
933	-6
934	-6
935	-3
936	-5
937	-5
938	-5
939	-5
940	-6
941	-6
942	-7
943	-4
944	-7
945	-4
946	-6
947	-7
948	-6
949	-5
950	-6
951	-6
952	-5
953	-6
954	-10
955	-8
956	-8
957	-6
958	-8
959	-6
960	-8
961	-6
962	-8
963	-5
964	-7
965	-6
966	-7
967	-5
968	-6
969	-7
970	-7
971	-7
972	-7
973	-5
974	-7
975	-6
976	-7
977	-7
978	-7
979	-8
980	-6
981	-8
982	-7
983	-8
984	-6
985	-7
986	-7
987	-6
988	-7
989	-6
990	-8
991	-8
992	-7
993	-6
994	-8
995	-5
996	-7
997	-5
998	-7
999	-4
1000	-8
1001	-5
1002	-6
1003	-5
1004	-7
1005	-4
1006	-4
1007	-4
1008	-6
1009	-6
1010	-5
1011	-5
1012	-5
1013	-4
1014	-4
1015	-4
1016	-5
1017	-5
1018	-4
1019	-3
1020	-4
1021	-4
1022	-3
1023	-3
1024	-2
1025	-3
1026	-3
1027	-2
1028	-3
1029	-2
1030	-3
1031	-2
1032	-2
1033	-1
1034	-4
1035	-2
1036	-4
1037	-3
1038	-3
1039	-4
1040	-4
1041	-3
1042	-4
1043	-2
1044	-4
1045	-1
1046	-4
1047	-2
1048	-2
1049	-2
1050	-4
1051	-3
1052	-3
1053	-1
1054	-3
1055	0
1056	-2
1057	-1
1058	-1
1059	-2
1060	-1
1061	-1
1062	0
1063	0
1064	-1
1065	-1
1066	0
1067	0
1068	-2
1069	-1
1070	-2
1071	-1
1072	-3
1073	-1
1074	-4
1075	-2
1076	-3
1077	-2
1078	-3
1079	-2
1080	-4
1081	-4
1082	-4
1083	-3
1084	-6
1085	-4
1086	-6
1087	-4
1088	-5
1089	-4
1090	-5
1091	-4
1092	-5
1093	-2
1094	-4
1095	-4
1096	-5
1097	-3
1098	-3
1099	-5
1100	-5
1101	-3
1102	-5
1103	-5
1104	-5
1105	-4
1106	-6
1107	-4
1108	-6
1109	-5
1110	-5
1111	-3
1112	-7
1113	-4
1114	-4
1115	-5
1116	-5
1117	-5
1118	-5
1119	-6
1120	-4
1121	-5
1122	-7
1123	-5
1124	-5
1125	-6
1126	-6
1127	-5
1128	-5
1129	-5
1130	-6
1131	-6
1132	-6
1133	-6
1134	-5
1135	-6
1136	-5
1137	-4
1138	-6
1139	-5
1140	-6
1141	-5
1142	-4
1143	-5
1144	-4
1145	-4
1146	-5
1147	-4
1148	-4
1149	-3
1150	-4
1151	-2
1152	-4
1153	-3
1154	-3
1155	-3
1156	-4
1157	-3
1158	-3
1159	-4
1160	-4
1161	-3
1162	-4
1163	-2
1164	-4
1165	-2
1166	-4
1167	-4
1168	-4
1169	-2
1170	-3
1171	-3
1172	-3
1173	-2
1174	-4
1175	-2
1176	-4
1177	-3
1178	-3
1179	-3
1180	-4
1181	-1
1182	-3
1183	-3
1184	-4
1185	-3
1186	-4
1187	-3
1188	-3
1189	-3
1190	-3
1191	-2
1192	-4
1193	-1
1194	-4
1195	-3
1196	-4
1197	-3
1198	-5
1199	-2
1200	-3
1201	-3
1202	-4
1203	-3
1204	-5
1205	-4
1206	-5
1207	-2
1208	-5
1209	-3
1210	-5
1211	-3
1212	-3
1213	-4
1214	-5
1215	-4
1216	-5
1217	-3
1218	-3
1219	-4
1220	-3
1221	-4
1222	-3
1223	-4
1224	-3
1225	-3
1226	-3
1227	-3
1228	-4
1229	-4
1230	-2
1231	-3
1232	-3
1233	-3
1234	-4
1235	-2
1236	-3
1237	-4
1238	-4
1239	-4
1240	-3
1241	-3
1242	-2
1243	-3
1244	-2
1245	-2
1246	-2
1247	-2
1248	-3
1249	-1
1250	-4
1251	-3
1252	-4
1253	-4
1254	-5
1255	-4
1256	-4
1257	-3
1258	-4
1259	-4
1260	-4
1261	-4
1262	-4
1263	-3
1264	-4
1265	-4
1266	-4
1267	-4
1268	-4
1269	-2
1270	-4
1271	-3
1272	-2
1273	-3
1274	-4
1275	-2
1276	-2
1277	-1
1278	-2
1279	-2
1280	-2
1281	-2
1282	-1
1283	-1
1284	-3
1285	-1
1286	-2
1287	-1
1288	-1
1289	0
1290	-3
1291	0
1292	-2
1293	-2
1294	-2
1295	-1
1296	-2
1297	-2
1298	-2
1299	-2
1300	-3
1301	-2
1302	-2
1303	-2
1304	-3
1305	-2
1306	-3
1307	-2
1308	-4
1309	-1
1310	-4
1311	-3
1312	-4
1313	-4
1314	-3
1315	-4
1316	-5
1317	-4
1318	-4
1319	-4
1320	-3
1321	-5
1322	-4
1323	-5
1324	-4
1325	-4
1326	-4
1327	-5
1328	-5
1329	-4
1330	-4
1331	-4
1332	-4
1333	-4
1334	-3
1335	-3
1336	-5
1337	-4
1338	-5
1339	-3
1340	-3
1341	-3
1342	-4
1343	-4
1344	-3
1345	-3
1346	-3
1347	-2
1348	-2
1349	-2
1350	-2
1351	-1
1352	-2
1353	-1
1354	-1
1355	-1
1356	-2
1357	0
1358	-2
1359	-1
1360	0
1361	0
1362	0
1363	-1
1364	-1
1365	0
1366	0
1367	0
1368	-1
1369	-1
1370	-1
1371	0
1372	-3
1373	0
1374	-2
1375	-1
1376	-2
1377	0
1378	-2
1379	-1
1380	-1
1381	-2
1382	-2
1383	-2
1384	-3
1385	-2
1386	-2
1387	-3
1388	-2
1389	-2
1390	-2
1391	-2
1392	-3
1393	-3
1394	-3
1395	-2
1396	-4
1397	-3
1398	-3
1399	-3
1400	-4
1401	-3
1402	-4
1403	-3
1404	-4
1405	-4
1406	-4
1407	-2
1408	-4
1409	-3
1410	-4
1411	-3
1412	-4
1413	-3
1414	-4
1415	-3
1416	-3
1417	-4
1418	-3
1419	-3
1420	-3
1421	-3
1422	-3
1423	-4
1424	-3
1425	-3
1426	-2
1427	-3
1428	-3
1429	-2
1430	-1
1431	-2
1432	-3
1433	-3
1434	-3
1435	-2
1436	-2
1437	-3
1438	-2
1439	-1
1440	-2
1441	-2
1442	-3
1443	-2
1444	-2
1445	-1
1446	-2
1447	-3
1448	-1
1449	-2
1450	-2
1451	-2
1452	-1
1453	-3
1454	0
1455	-2
1456	0
1457	-2
1458	-1
1459	-3
1460	-1
1461	-2
1462	-2
1463	-1
1464	-1
1465	-1
1466	-1
1467	-1
1468	-2
1469	-1
1470	-1
1471	-2
1472	-1
1473	-3
1474	-1
1475	-1
1476	0
1477	-1
1478	0
1479	0
1480	0
1481	0
1482	-2
1483	-1
1484	-1
1485	0
1486	0
1487	0
1488	0
1489	-1
1490	0
1491	-1
1492	-1
1493	-1
1494	-1
1495	0
1496	-1
1497	0
1498	-1
1499	0
1500	-2
1501	-1
1502	-2
1503	-1
1504	-2
1505	-1
1506	-2
1507	-2
1508	-3
1509	-2
1510	-4
1511	-3
1512	-4
1513	-2
1514	-4
1515	-3
1516	-5
1517	-3
1518	-3
1519	-2
1520	-3
1521	-1
1522	-4
1523	-3
1524	-3
1525	-3
1526	-3
1527	-2
1528	-2
1529	-2
1530	-3
1531	0
1532	-3
1533	-2
1534	-2
1535	-1
1536	-2
1537	-1
1538	-2
1539	0
1540	-2
1541	0
1542	0
1543	-1
1544	-1
1545	-1
1546	-1
1547	-1
1548	-2
1549	0
1550	0
1551	-1
1552	-1
1553	-1
1554	0
1555	-1
1556	0
1557	-1
1558	-1
1559	0
1560	0
1561	0
1562	0
1563	0
1564	0
1565	0
1566	-2
1567	-1
1568	-1
1569	-1
1570	-1
1571	-2
1572	0
1573	-2
1574	0
1575	0
1576	0
1577	-1
1578	0
1579	-1
1580	-1
1581	-1
1582	-1
1583	-1
1584	-1
1585	-1
1586	-1
1587	-1
1588	-1
1589	-1
1590	0
1591	-1
1592	-1
1593	-1
1594	-1
1595	-1
1596	-1
1597	0
1598	0
1599	-2
1600	0
1601	-1
1602	-1
1603	-2
1604	-2
1605	0
1606	-2
1607	-1
1608	-2
1609	-1
1610	-1
1611	-1
1612	-1
1613	-1
1614	-1
1615	-1
1616	-2
1617	0
1618	0
1619	0
1620	0
1621	0
1622	0
1623	0
1624	0
1625	0
1626	-1
1627	0
1628	0
1629	0
1630	-1
1631	0
1632	0
1633	0
1634	1
1635	0
1636	0
1637	1
1638	0
1639	0
1640	0
1641	0
1642	0
1643	0
1644	0
1645	1
1646	1
1647	0
1648	0
1649	0
1650	0
1651	0
1652	1
1653	1
1654	1
1655	1
1656	1
1657	1
1658	1
1659	1
1660	2
1661	2
1662	1
1663	0
1664	0
1665	0
1666	1
1667	1
1668	1
1669	0
1670	0
1671	0
1672	1
1673	1
1674	1
1675	0
1676	1
1677	1
1678	0
1679	1
1680	1
1681	1
1682	1
1683	0
1684	0
1685	1
1686	0
1687	0
1688	0
1689	0
1690	0
1691	0
1692	0
1693	0
1694	-1
1695	0
1696	0
1697	0
1698	0
1699	0
1700	0
1701	1
1702	0
1703	1
1704	1
1705	1
1706	1
1707	0
1708	0
1709	1
1710	0
1711	0
1712	0
1713	0
1714	0
1715	1
1716	0
1717	0
1718	0
1719	0
1720	0
1721	0
1722	0
1723	0
1724	0
1725	1
1726	0
1727	1
1728	0
1729	1
1730	1
1731	1
1732	1
1733	1
1734	3
1735	1
1736	2
1737	1
1738	3
1739	2
1740	1
1741	2
1742	1
1743	2
1744	2
1745	2
1746	2
1747	1
1748	2
1749	2
1750	2
1751	1
1752	1
1753	1
1754	1
1755	0
1756	1
1757	1
1758	2
1759	1
1760	0
1761	0
1762	0
1763	0
1764	0
1765	0
1766	0
1767	0
1768	0
1769	0
1770	0
1771	0
1772	0
1773	0
1774	0
1775	0
1776	0
1777	0
1778	0
1779	0
1780	0
1781	0
1782	0
1783	0
1784	0
1785	0
1786	0
1787	0
1788	1
1789	0
1790	0
1791	0
1792	0
1793	0
1794	0
1795	0
1796	0
1797	0
1798	0
1799	0
1800	0
1801	0
1802	0
1803	0
1804	-1
1805	-1
1806	-1
1807	-1
1808	-1
1809	0
1810	-1
1811	0
1812	-1
1813	-1
1814	-1
1815	-1
1816	-3
1817	0
1818	-2
1819	-1
1820	-2
1821	0
1822	-1
1823	-1
1824	-1
1825	0
1826	0
1827	0
1828	0
1829	0
1830	0
1831	0
1832	0
1833	0
1834	0
1835	0
1836	0
1837	0
1838	0
1839	0
1840	0
1841	0
1842	0
1843	0
1844	0
1845	0
1846	1
1847	0
1848	0
1849	0
1850	0
1851	0
1852	-1
1853	0
1854	0
1855	-1
1856	0
1857	-1
1858	-1
1859	-1
1860	-1
1861	0
1862	-2
1863	-1
1864	-2
1865	-1
1866	-3
1867	-2
1868	-3
1869	-2
1870	-2
1871	-2
1872	-1
1873	-2
1874	-2
1875	-2
1876	-2
1877	-2
1878	-2
1879	-3
1880	-3
1881	-2
1882	-1
1883	-2
1884	-2
1885	-1
1886	-1
1887	-2
1888	-1
1889	-2
1890	-2
1891	-1
1892	-2
1893	-1
1894	-1
1895	0
1896	0
1897	-1
1898	-1
1899	-1
1900	0
1901	0
1902	-1
1903	0
1904	-1
1905	-1
1906	-1
1907	0
1908	0
1909	0
1910	-2
1911	0
1912	0
1913	0
1914	0
1915	0
1916	0
1917	0
1918	0
1919	0
1920	0
1921	0
1922	0
1923	0
1924	0
1925	0
1926	0
1927	0
1928	0
1929	0
1930	0
1931	-1
1932	0
1933	0
1934	-1
1935	0
1936	-2
1937	-1
1938	-1
1939	-2
1940	-1
1941	0
1942	-1
1943	-1
1944	-2
1945	-1
1946	-1
1947	-1
1948	0
1949	0
1950	0
1951	0
1952	0
1953	0
1954	0
1955	-1
1956	0
1957	0
1958	-1
1959	0
1960	0
1961	0
1962	0
1963	0
1964	0
1965	0
1966	0
1967	0
1968	0
1969	-1
1970	-1
1971	-1
1972	-1
1973	0
1974	-2
1975	0
1976	-2
1977	-1
1978	-1
1979	-1
1980	0
1981	0
1982	0
1983	-2
1984	-1
1985	-1
1986	-1
1987	-1
1988	-1
1989	-3
1990	-1
1991	-1
1992	-2
1993	-2
1994	-1
1995	-2
1996	-1
1997	-2
1998	-1
1999	-1
