0	0
1	0
2	0
3	0
4	0
5	0
6	-1
7	0
8	0
9	0
10	0
11	0
12	0
13	0
14	1
15	0
16	0
17	0
18	0
19	0
20	0
21	0
22	0
23	0
24	0
25	0
26	0
27	0
28	0
29	0
30	0
31	0
32	0
33	0
34	0
35	0
36	0
37	0
38	0
39	0
40	0
41	0
42	0
43	0
44	-1
45	0
46	-1
47	0
48	-1
49	0
50	-1
51	0
52	-1
53	0
54	0
55	0
56	0
57	0
58	0
59	0
60	0
61	0
62	0
63	1
64	0
65	1
66	0
67	0
68	0
69	0
70	0
71	0
72	0
73	0
74	0
75	1
76	0
77	0
78	0
79	0
80	0
81	0
82	0
83	0
84	0
85	0
86	0
87	0
88	0
89	0
90	1
91	0
92	0
93	0
94	0
95	0
96	0
97	0
98	0
99	0
100	0
101	0
102	0
103	0
104	0
105	0
106	-1
107	-1
108	0
109	0
110	0
111	0
112	0
113	0
114	0
115	0
116	0
117	-1
118	-1
119	0
120	0
121	0
122	0
123	0
124	0
125	0
126	0
127	0
128	0
129	0
130	0
131	0
132	0
133	0
134	0
135	0
136	0
137	1
138	1
139	1
140	0
141	1
142	0
143	1
144	1
145	2
146	0
147	2
148	1
149	2
150	1
151	1
152	1
153	1
154	0
155	1
156	1
157	1
158	2
159	1
160	2
161	1
162	0
163	1
164	0
165	1
166	0
167	1
168	0
169	0
170	0
171	0
172	0
173	0
174	0
175	0
176	0
177	0
178	-1
179	0
180	-1
181	-1
182	-2
183	0
184	-1
185	0
186	-1
187	0
188	0
189	0
190	0
191	0
192	0
193	0
194	0
195	0
196	0
197	0
198	0
199	0
200	0
201	0
202	0
203	0
204	0
205	0
206	0
207	0
208	0
209	0
210	0
211	0
212	0
213	0
214	0
215	0
216	-1
217	0
218	0
219	0
220	0
221	0
222	0
223	-1
224	-1
225	0
226	-1
227	0
228	-1
229	0
230	-1
231	0
232	0
233	0
234	0
235	0
236	0
237	1
238	0
239	1
240	0
241	1
242	0
243	1
244	1
245	1
246	1
247	1
248	1
249	2
250	0
251	1
252	1
253	0
254	0
255	0
256	0
257	0
258	0
259	0
260	0
261	0
262	0
263	0
264	0
265	0
266	0
267	0
268	0
269	0
270	0
271	0
272	0
273	0
274	0
275	0
276	0
277	0
278	0
279	0
280	0
281	1
282	0
283	1
284	0
285	0
286	0
287	2
288	1
289	1
290	0
291	1
292	0
293	0
294	1
295	1
296	0
297	0
298	0
299	0
300	0
301	0
302	0
303	-1
304	-1
305	0
306	0
307	-2
308	-1
309	0
310	-1
311	0
312	-1
313	0
314	0
315	0
316	-1
317	0
318	-2
319	-1
320	-1
321	0
322	0
323	0
324	-1
325	-1
326	-1
327	0
328	0
329	0
330	0
331	0
332	0
333	0
334	1
335	0
336	0
337	0
338	1
339	0
340	1
341	1
342	0
343	1
344	1
345	1
346	0
347	1
348	1
349	1
350	1
351	0
352	1
353	0
354	1
355	0
356	0
357	0
358	0
359	0
360	0
361	0
362	0
363	0
364	0
365	0
366	0
367	0
368	0
369	0
370	0
371	0
372	0
373	0
374	0
375	0
376	0
377	0
378	0
379	0
380	0
381	0
382	0
383	0
384	0
385	0
386	1
387	0
388	2
389	0
390	0
391	1
392	2
393	2
394	1
395	2
396	1
397	2
398	2
399	3
400	2
401	4
402	3
403	3
404	5
405	4
406	5
407	4
408	4
409	5
410	5
411	5
412	5
413	5
414	5
415	5
416	5
417	4
418	5
419	7
420	5
421	6
422	6
423	7
424	7
425	9
426	10
427	13
428	15
429	18
430	20
431	24
432	25
433	29
434	33
435	38
436	42
437	46
438	50
439	57
440	61
441	64
442	70
443	74
444	80
445	85
446	89
447	94
448	99
449	105
450	108
451	114
452	117
453	121
454	125
455	130
456	134
457	136
458	141
459	143
460	146
461	149
462	150
463	153
464	154
465	156
466	156
467	156
468	157
469	158
470	156
471	154
472	154
473	153
474	150
475	149
476	146
477	144
478	141
479	139
480	135
481	133
482	129
483	125
484	122
485	119
486	115
487	113
488	108
489	106
490	102
491	101
492	94
493	92
494	88
495	85
496	81
497	78
498	78
499	78
500	62
501	65
502	63
503	63
504	58
505	53
506	51
507	50
508	45
509	44
510	39
511	39
512	34
513	34
514	31
515	28
516	25
517	25
518	21
519	21
520	17
521	17
522	13
523	12
524	11
525	8
526	8
527	7
528	5
529	6
530	1
531	2
532	0
533	0
534	-2
535	-3
536	-3
537	-4
538	-6
539	-5
540	-7
541	-8
542	-9
543	-9
544	-9
545	-9
546	-10
547	-10
548	-11
549	-10
550	-11
551	-11
552	-12
553	-11
554	-12
555	-13
556	-13
557	-14
558	-13
559	-13
560	-14
561	-14
562	-14
563	-15
564	-16
565	-16
566	-16
567	-16
568	-17
569	-17
570	-17
571	-17
572	-18
573	-17
574	-16
575	-17
576	-17
577	-16
578	-18
579	-18
580	-18
581	-17
582	-18
583	-17
584	-17
585	-17
586	-18
587	-17
588	-18
589	-16
590	-18
591	-16
592	-16
593	-16
594	-15
595	-16
596	-16
597	-14
598	-15
599	-15
600	-15
601	-13
602	-14
603	-13
604	-14
605	-13
606	-14
607	-13
608	-13
609	-13
610	-13
611	-13
612	-13
613	-12
614	-13
615	-12
616	-12
617	-12
618	-13
619	-13
620	-14
621	-12
622	-13
623	-12
624	-12
625	-12
626	-11
627	-12
628	-12
629	-11
630	-12
631	-11
632	-12
633	-13
634	-11
635	-12
636	-12
637	-12
638	-13
639	-11
640	-12
641	-12
642	-12
643	-11
644	-11
645	-10
646	-12
647	-12
648	-11
649	-11
650	-11
651	-11
652	-12
653	-10
654	-11
655	-10
656	-10
657	-10
658	-11
659	-10
660	-11
661	-11
662	-12
663	-11
664	-10
665	-10
666	-11
667	-11
668	-11
669	-11
670	-10
671	-9
672	-10
673	-9
674	-10
675	-9
676	-8
677	-9
678	-10
679	-8
680	-9
681	-8
682	-9
683	-7
684	-9
685	-7
686	-8
687	-7
688	-8
689	-8
690	-8
691	-6
692	-6
693	-7
694	-6
695	-8
696	-7
697	-9
698	-6
699	-7
700	-7
701	-7
702	-7
703	-6
704	-7
705	-6
706	-6
707	-5
708	-7
709	-5
710	-7
711	-4
712	-7
713	-4
714	-6
715	-5
716	-6
717	-5
718	-6
719	-7
720	-8
721	-6
722	-7
723	-7
724	-6
725	-6
726	-9
727	-7
728	-8
729	-8
730	-9
731	-8
732	-8
733	-9
734	-8
735	-9
736	-9
737	-9
738	-10
739	-10
740	-11
741	-9
742	-11
743	-10
744	-10
745	-9
746	-10
747	-10
748	-11
749	-10
750	-10
751	-11
752	-9
753	-10
754	-10
755	-8
756	-10
757	-8
758	-10
759	-9
760	-9
761	-9
762	-10
763	-9
764	-9
765	-8
766	-9
767	-10
768	-9
769	-9
770	-11
771	-9
772	-10
773	-9
774	-11
775	-9
776	-10
777	-7
778	-10
779	-8
780	-10
781	-10
782	-11
783	-9
784	-11
785	-9
786	-10
787	-10
788	-10
789	-9
790	-10
791	-10
792	-11
793	-10
794	-10
795	-9
796	-9
797	-9
798	-8
799	-8
800	-9
801	-8
802	-9
803	-8
804	-9
805	-8
806	-9
807	-7
808	-10
809	-8
810	-10
811	-7
812	-9
813	-6
814	-8
815	-6
816	-8
817	-7
818	-8
819	-7
820	-7
821	-7
822	-7
823	-6
824	-8
825	-7
826	-6
827	-6
828	-7
829	-6
830	-7
831	-5
832	-7
833	-6
834	-8
835	-5
836	-8
837	-7
838	-7
839	-7
840	-7
841	-7
842	-7
843	-7
844	-8
845	-7
846	-8
847	-6
848	-7
849	-7
850	-7
851	-5
852	-10
853	-6
854	-9
855	-7
856	-8
857	-8
858	-9
859	-8
860	-9
861	-7
862	-10
863	-10
864	-8
865	-8
866	-8
867	-9
868	-7
869	-8
870	-8
871	-10
872	-9
873	-9
874	-10
875	-8
876	-9
877	-7
878	-9
879	-9
880	-8
881	-8
882	-11
883	-8
884	-9
885	-7
886	-9
887	-7
888	-8
889	-7
890	-8
891	-7
892	-6
893	-7
894	-6
895	-7
896	-7
897	-5
898	-6
899	-6
900	-9
901	-5
902	-7
903	-6
904	-7
905	-5
906	-8
907	-6
908	-8
909	-6
910	-8
911	-5
912	-8
913	-6
914	-7
915	-5
916	-7
917	-5
918	-6
919	-6
920	-5
921	-4
922	-6
923	-4
924	-5
925	-5
926	-4
927	-2
928	-4
929	-2
930	-4
931	-2
932	-4
933	-4
934	-4
935	-3
936	-4
937	-4
938	-4
939	-3
940	-4
941	-3
942	-3
943	-4
944	-3
945	-4
946	-3
947	-3
948	-4
949	-2
950	-4
951	-3
952	-5
953	-2
954	-3
955	-2
956	-4
957	-3
958	-4
959	-3
960	-4
961	-4
962	-4
963	-3
964	-4
965	-3
966	-3
967	-3
968	-3
969	-3
970	-4
971	-3
972	-4
973	-4
974	-4
975	-4
976	-6
977	-5
978	-6
979	-4
980	-7
981	-4
982	-6
983	-4
984	-6
985	-6
986	-6
987	-6
988	-7
989	-6
990	-7
991	-6
992	-8
993	-6
994	-8
995	-5
996	-9
997	-5
998	-7
999	-6
1000	-9
1001	-5
1002	-8
1003	-5
1004	-6
1005	-6
1006	-6
1007	-6
1008	-7
1009	-5
1010	-7
1011	-5
1012	-8
1013	-4
1014	-7
1015	-6
1016	-6
1017	-5
1018	-5
1019	-5
1020	-7
1021	-4
1022	-6
1023	-5
1024	-7
1025	-4
1026	-6
1027	-5
1028	-5
1029	-4
1030	-5
1031	-4
1032	-4
1033	-4
1034	-5
1035	-4
1036	-6
1037	-4
1038	-5
1039	-5
1040	-6
1041	-4
1042	-5
1043	-4
1044	-6
1045	-4
1046	-5
1047	-5
1048	-6
1049	-6
1050	-7
1051	-5
1052	-6
1053	-4
1054	-6
1055	-4
1056	-7
1057	-5
1058	-5
1059	-4
1060	-4
1061	-4
1062	-5
1063	-4
1064	-5
1065	-3
1066	-4
1067	-2
1068	-4
1069	-4
1070	-4
1071	-4
1072	-5
1073	-4
1074	-6
1075	-4
1076	-6
1077	-4
1078	-6
1079	-4
1080	-7
1081	-6
1082	-6
1083	-5
1084	-7
1085	-5
1086	-6
1087	-6
1088	-6
1089	-5
1090	-6
1091	-5
1092	-7
1093	-5
1094	-6
1095	-6
1096	-6
1097	-5
1098	-6
1099	-4
1100	-6
1101	-5
1102	-5
1103	-3
1104	-5
1105	-4
1106	-5
1107	-4
1108	-4
1109	-2
1110	-5
1111	-4
1112	-5
1113	-4
1114	-4
1115	-3
1116	-5
1117	-3
1118	-6
1119	-3
1120	-5
1121	-3
1122	-6
1123	-4
1124	-5
1125	-3
1126	-6
1127	-3
1128	-6
1129	-3
1130	-4
1131	-4
1132	-4
1133	-2
1134	-4
1135	-2
1136	-4
1137	-3
1138	-4
1139	-2
1140	-4
1141	-3
1142	-4
1143	-3
1144	-4
1145	-3
1146	-3
1147	-3
1148	-3
1149	-3
1150	-3
1151	-4
1152	-4
1153	-4
1154	-4
1155	-5
1156	-5
1157	-4
1158	-5
1159	-5
1160	-3
1161	-5
1162	-4
1163	-3
1164	-4
1165	-4
1166	-4
1167	-8
1168	-4
1169	-5
1170	-5
1171	-4
1172	-4
1173	-4
1174	-4
1175	-3
1176	-5
1177	-4
1178	-4
1179	-3
1180	-3
1181	-2
1182	-4
1183	-3
1184	-3
1185	-1
1186	-2
1187	-2
1188	-1
1189	0
1190	-2
1191	-1
1192	-2
1193	-1
1194	0
1195	0
1196	0
1197	0
1198	0
1199	1
1200	-1
1201	1
1202	0
1203	0
1204	0
1205	0
1206	0
1207	0
1208	0
1209	0
1210	0
1211	0
1212	0
1213	0
1214	0
1215	0
1216	0
1217	0
1218	0
1219	0
1220	0
1221	1
1222	0
1223	2
1224	0
1225	1
1226	0
1227	1
1228	-1
1229	0
1230	0
1231	0
1232	0
1233	0
1234	0
1235	0
1236	0
1237	0
1238	-1
1239	0
1240	-2
1241	-2
1242	-2
1243	-3
1244	-4
1245	-4
1246	-6
1247	-3
1248	-4
1249	-5
1250	-5
1251	-3
1252	-6
1253	-5
1254	-7
1255	-5
1256	-7
1257	-5
1258	-6
1259	-6
1260	-6
1261	-6
1262	-6
1263	-5
1264	-6
1265	-5
1266	-7
1267	-4
1268	-4
1269	-3
1270	-5
1271	-4
1272	-4
1273	-3
1274	-4
1275	-3
1276	-4
1277	-3
1278	-2
1279	-3
1280	-4
1281	-2
1282	-3
1283	-2
1284	-3
1285	-2
1286	-4
1287	-1
1288	-3
1289	-3
1290	-3
1291	-3
1292	-4
1293	-4
1294	-4
1295	-4
1296	-5
1297	-4
1298	-4
1299	-4
1300	-5
1301	-5
1302	-5
1303	-4
1304	-4
1305	-3
1306	-4
1307	-2
1308	-4
1309	-2
1310	-5
1311	-2
1312	-4
1313	-2
1314	-3
1315	-1
1316	-3
1317	-1
1318	-3
1319	-1
1320	-3
1321	-2
1322	-3
1323	-1
1324	-3
1325	-1
1326	-1
1327	-1
1328	-2
1329	-2
1330	-3
1331	-1
1332	-3
1333	-1
1334	-2
1335	-2
1336	-2
1337	-2
1338	-2
1339	-2
1340	-2
1341	-2
1342	-4
1343	-2
1344	-3
1345	-3
1346	-3
1347	-1
1348	-3
1349	0
1350	-2
1351	-1
1352	-1
1353	-2
1354	-2
1355	-1
1356	-1
1357	0
1358	0
1359	0
1360	0
1361	0
1362	0
1363	0
1364	-1
1365	0
1366	0
1367	0
1368	0
1369	0
1370	0
1371	0
1372	0
1373	0
1374	0
1375	0
1376	0
1377	0
1378	0
1379	1
1380	0
1381	0
1382	0
1383	0
1384	0
1385	0
1386	-1
1387	0
1388	-1
1389	0
1390	-1
1391	0
1392	0
1393	0
1394	-1
1395	-1
1396	-1
1397	-1
1398	-1
1399	0
1400	-1
1401	-1
1402	-2
1403	0
1404	-1
1405	-1
1406	-1
1407	-1
1408	0
1409	0
1410	-1
1411	0
1412	-1
1413	0
1414	-2
1415	0
1416	0
1417	-1
1418	-2
1419	-1
1420	-1
1421	0
1422	-2
1423	-2
1424	-2
1425	-2
1426	-1
1427	0
1428	-1
1429	0
1430	-1
1431	0
1432	-1
1433	-1
1434	-1
1435	-1
1436	-1
1437	0
1438	0
1439	0
1440	-1
1441	0
1442	-1
1443	-1
1444	0
1445	0
1446	0
1447	0
1448	0
1449	0
1450	0
1451	0
1452	0
1453	0
1454	0
1455	1
1456	0
1457	0
1458	0
1459	0
1460	1
1461	0
1462	1
1463	0
1464	0
1465	1
1466	0
1467	1
1468	0
1469	1
1470	0
1471	2
1472	0
1473	0
1474	0
1475	0
1476	0
1477	1
1478	0
1479	1
1480	0
1481	1
1482	0
1483	0
1484	-1
1485	0
1486	0
1487	0
1488	-1
1489	1
1490	0
1491	0
1492	-1
1493	0
1494	0
1495	0
1496	0
1497	0
1498	-1
1499	0
1500	0
1501	0
1502	-1
1503	0
1504	-1
1505	-1
1506	-1
1507	-1
1508	-1
1509	0
1510	-2
1511	0
1512	-3
1513	-1
1514	-2
1515	-1
1516	-3
1517	-1
1518	-4
1519	-3
1520	-3
1521	-3
1522	-3
1523	-2
1524	-2
1525	-2
1526	-4
1527	-2
1528	-3
1529	-2
1530	-3
1531	-2
1532	-3
1533	-4
1534	-3
1535	-2
1536	-4
1537	-3
1538	-3
1539	-2
1540	-4
1541	-2
1542	-4
1543	-4
1544	-3
1545	-3
1546	-4
1547	-3
1548	-4
1549	-4
1550	-5
1551	-4
1552	-5
1553	-4
1554	-5
1555	-4
1556	-4
1557	-4
1558	-4
1559	-4
1560	-4
1561	-4
1562	-4
1563	-4
1564	-4
1565	-3
1566	-3
1567	-3
1568	-3
1569	-4
1570	-3
1571	-1
1572	-3
1573	-2
1574	-3
1575	-2
1576	-4
1577	-2
1578	-3
1579	-2
1580	-3
1581	-2
1582	-4
1583	-2
1584	-2
1585	-3
1586	-2
1587	-2
1588	-1
1589	-2
1590	-1
1591	-1
1592	-1
1593	0
1594	-1
1595	0
1596	-1
1597	0
1598	-1
1599	-1
1600	0
1601	0
1602	-1
1603	-1
1604	-1
1605	-1
1606	0
1607	0
1608	0
1609	0
1610	-1
1611	-1
1612	-1
1613	-1
1614	-1
1615	-1
1616	-1
1617	-2
1618	-1
1619	-3
1620	-1
1621	-1
1622	-1
1623	-1
1624	-1
1625	-1
1626	-1
1627	-1
1628	-2
1629	-1
1630	-1
1631	0
1632	-2
1633	-1
1634	-1
1635	-1
1636	-1
1637	0
1638	-2
1639	-2
1640	-2
1641	-2
1642	-2
1643	-1
1644	-3
1645	-2
1646	-1
1647	-1
1648	-2
1649	-1
1650	-2
1651	0
1652	-3
1653	-1
1654	-4
1655	-2
1656	-3
1657	-3
1658	-3
1659	-2
1660	-4
1661	-3
1662	-4
1663	-3
1664	-3
1665	-2
1666	-3
1667	-2
1668	-2
1669	-3
1670	-2
1671	-2
1672	-3
1673	-3
1674	-3
1675	-2
1676	-3
1677	-2
1678	-3
1679	-2
1680	-4
1681	-2
1682	-2
1683	-1
1684	-2
1685	0
1686	-1
1687	-1
1688	-2
1689	0
1690	-1
1691	0
1692	-2
1693	0
1694	0
1695	0
1696	0
1697	0
1698	0
1699	0
1700	0
1701	0
1702	-1
1703	0
1704	-2
1705	0
1706	0
1707	0
1708	0
1709	0
1710	-1
1711	-1
1712	0
1713	-1
1714	-1
1715	0
1716	-2
1717	-1
1718	-1
1719	0
1720	-2
1721	-1
1722	-3
1723	-1
1724	-2
1725	-2
1726	-1
1727	-1
1728	-1
1729	-1
1730	-1
1731	-1
1732	-1
1733	0
1734	-1
1735	0
1736	-1
1737	-1
1738	-2
1739	-1
1740	-3
1741	0
1742	-2
1743	-1
1744	-1
1745	-1
1746	-2
1747	0
1748	-2
1749	-1
1750	-3
1751	-1
1752	-2
1753	0
1754	-2
1755	0
1756	-4
1757	-1
1758	-2
1759	-1
1760	-1
1761	-2
1762	-2
1763	0
1764	-3
1765	-2
1766	-1
1767	-2
1768	-1
1769	-1
1770	0
1771	0
1772	-1
1773	0
1774	0
1775	0
1776	0
1777	0
1778	0
1779	0
1780	0
1781	0
1782	-2
1783	0
1784	-1
1785	0
1786	-2
1787	0
1788	-2
1789	0
1790	-1
1791	-1
1792	-1
1793	0
1794	-1
1795	-1
1796	-1
1797	-2
1798	-1
1799	-1
1800	-2
1801	-1
1802	-1
1803	-1
1804	-2
1805	-1
1806	-1
1807	-1
1808	-2
1809	-1
1810	-2
1811	-1
1812	-2
1813	-1
1814	-2
1815	-1
1816	-1
1817	0
1818	-1
1819	-1
1820	0
1821	0
1822	-1
1823	0
1824	-2
1825	0
1826	-2
1827	-1
1828	-1
1829	-1
1830	-1
1831	-1
1832	-3
1833	-1
1834	-1
1835	-2
1836	-2
1837	-1
1838	-2
1839	-2
1840	-2
1841	-1
1842	-3
1843	-1
1844	-3
1845	-1
1846	-4
1847	-2
1848	-2
1849	-2
1850	-3
1851	-3
1852	-4
1853	-4
1854	-3
1855	-2
1856	-3
1857	-1
1858	-3
1859	-1
1860	-3
1861	-2
1862	-2
1863	-2
1864	-2
1865	-2
1866	-1
1867	-2
1868	-1
1869	-2
1870	-2
1871	-1
1872	-2
1873	-2
1874	-1
1875	-1
1876	-1
1877	-1
1878	-2
1879	0
1880	-2
1881	0
1882	-2
1883	0
1884	-1
1885	-1
1886	-2
1887	0
1888	-2
1889	-1
1890	-1
1891	-1
1892	-1
1893	0
1894	-2
1895	0
1896	-2
1897	0
1898	-1
1899	0
1900	-1
1901	0
1902	-1
1903	0
1904	0
1905	0
1906	0
1907	0
1908	0
1909	0
1910	-2
1911	0
1912	0
1913	1
1914	0
1915	1
1916	0
1917	0
1918	0
1919	0
1920	0
1921	0
1922	0
1923	0
1924	0
1925	0
1926	0
1927	0
1928	0
1929	0
1930	-2
1931	-1
1932	-2
1933	-1
1934	-3
1935	-1
1936	-4
1937	-3
1938	-3
1939	-2
1940	-3
1941	-3
1942	-3
1943	-3
1944	-3
1945	-2
1946	-3
1947	-3
1948	-3
1949	-1
1950	-2
1951	-1
1952	-3
1953	-1
1954	-3
1955	-1
1956	-3
1957	0
1958	-2
1959	0
1960	-1
1961	0
1962	-1
1963	0
1964	0
1965	0
1966	0
1967	0
1968	0
1969	0
1970	-1
1971	0
1972	-1
1973	0
1974	-1
1975	0
1976	-1
1977	-1
1978	-1
1979	-1
1980	-3
1981	-1
1982	-3
1983	-1
1984	-3
1985	-1
1986	-3
1987	-2
1988	-3
1989	-2
1990	-4
1991	-2
1992	-3
1993	-2
1994	-3
1995	-2
1996	-3
1997	-2
1998	-2
1999	-2
