0	0
1	0
2	0
3	0
4	0
5	0
6	0
7	0
8	0
9	0
10	0
11	0
12	-1
13	0
14	-1
15	0
16	0
17	0
18	0
19	0
20	0
21	0
22	0
23	0
24	0
25	0
26	0
27	0
28	0
29	0
30	0
31	0
32	0
33	0
34	0
35	1
36	1
37	1
38	0
39	1
40	0
41	0
42	0
43	1
44	0
45	0
46	0
47	0
48	0
49	0
50	0
51	0
52	0
53	0
54	0
55	0
56	-1
57	0
58	0
59	0
60	0
61	0
62	-1
63	0
64	0
65	0
66	0
67	0
68	0
69	0
70	0
71	-1
72	-1
73	-1
74	-1
75	0
76	-1
77	-1
78	0
79	0
80	0
81	0
82	0
83	0
84	0
85	0
86	0
87	0
88	0
89	0
90	0
91	0
92	0
93	0
94	0
95	0
96	0
97	1
98	0
99	0
100	0
101	0
102	0
103	0
104	0
105	0
106	0
107	0
108	0
109	0
110	-1
111	0
112	0
113	0
114	0
115	0
116	0
117	0
118	0
119	0
120	0
121	0
122	0
123	-1
124	0
125	0
126	0
127	0
128	0
129	0
130	0
131	0
132	0
133	0
134	0
135	0
136	0
137	0
138	0
139	0
140	0
141	0
142	0
143	1
144	0
145	0
146	0
147	0
148	0
149	1
150	0
151	1
152	0
153	0
154	0
155	0
156	0
157	0
158	0
159	0
160	0
161	0
162	0
163	0
164	0
165	0
166	0
167	0
168	0
169	0
170	0
171	0
172	0
173	0
174	0
175	0
176	0
177	0
178	0
179	0
180	0
181	0
182	0
183	0
184	0
185	0
186	0
187	0
188	0
189	0
190	0
191	0
192	0
193	0
194	0
195	0
196	0
197	0
198	0
199	0
200	0
201	0
202	0
203	0
204	-1
205	0
206	0
207	0
208	0
209	0
210	0
211	0
212	0
213	0
214	0
215	0
216	-1
217	0
218	0
219	0
220	-1
221	0
222	-1
223	0
224	-1
225	0
226	0
227	0
228	-1
229	0
230	0
231	0
232	0
233	0
234	0
235	0
236	0
237	0
238	0
239	0
240	0
241	0
242	0
243	0
244	0
245	0
246	0
247	0
248	0
249	0
250	0
251	0
252	0
253	0
254	0
255	0
256	0
257	0
258	0
259	0
260	0
261	0
262	0
263	0
264	0
265	0
266	0
267	0
268	0
269	0
270	0
271	0
272	0
273	0
274	0
275	0
276	0
277	0
278	0
279	0
280	0
281	0
282	0
283	0
284	0
285	0
286	0
287	0
288	0
289	1
290	0
291	0
292	0
293	1
294	0
295	0
296	0
297	1
298	0
299	0
300	1
301	0
302	0
303	0
304	0
305	0
306	0
307	0
308	0
309	0
310	0
311	0
312	0
313	0
314	0
315	0
316	0
317	0
318	-1
319	0
320	0
321	0
322	0
323	0
324	0
325	0
326	0
327	0
328	0
329	0
330	0
331	0
332	0
333	0
334	0
335	0
336	0
337	0
338	0
339	0
340	0
341	0
342	0
343	0
344	0
345	0
346	0
347	0
348	0
349	0
350	0
351	0
352	0
353	0
354	0
355	0
356	0
357	0
358	0
359	0
360	0
361	0
362	0
363	0
364	0
365	0
366	0
367	0
368	0
369	0
370	0
371	0
372	0
373	0
374	0
375	0
376	0
377	0
378	0
379	1
380	0
381	0
382	0
383	0
384	0
385	0
386	0
387	1
388	0
389	0
390	0
391	1
392	0
393	0
394	0
395	0
396	0
397	0
398	0
399	0
400	0
401	0
402	0
403	0
404	0
405	0
406	0
407	0
408	0
409	0
410	0
411	0
412	0
413	0
414	0
415	0
416	0
417	1
418	0
419	1
420	1
421	1
422	0
423	1
424	1
425	1
426	1
427	2
428	1
429	1
430	1
431	2
432	2
433	1
434	1
435	2
436	2
437	3
438	1
439	2
440	2
441	2
442	3
443	3
444	3
445	5
446	5
447	7
448	8
449	10
450	11
451	14
452	15
453	17
454	20
455	22
456	24
457	27
458	29
459	33
460	33
461	36
462	39
463	43
464	42
465	47
466	47
467	50
468	51
469	55
470	54
471	58
472	58
473	60
474	61
475	62
476	62
477	65
478	64
479	67
480	66
481	69
482	67
483	70
484	70
485	73
486	71
487	73
488	70
489	73
490	71
491	73
492	71
493	72
494	71
495	74
496	74
497	74
498	74
499	78
500	62
501	71
502	67
503	69
504	67
505	67
506	66
507	67
508	64
509	63
510	61
511	60
512	58
513	59
514	56
515	58
516	54
517	54
518	51
519	50
520	49
521	49
522	45
523	46
524	44
525	43
526	41
527	41
528	38
529	39
530	35
531	36
532	30
533	31
534	30
535	29
536	28
537	28
538	26
539	26
540	25
541	24
542	22
543	22
544	21
545	20
546	19
547	20
548	17
549	17
550	14
551	16
552	11
553	12
554	10
555	11
556	9
557	9
558	7
559	9
560	7
561	8
562	5
563	7
564	4
565	5
566	4
567	5
568	4
569	5
570	3
571	4
572	4
573	4
574	3
575	3
576	2
577	3
578	2
579	2
580	1
581	2
582	0
583	2
584	0
585	1
586	0
587	0
588	0
589	0
590	0
591	0
592	0
593	0
594	0
595	0
596	0
597	0
598	-1
599	0
600	0
601	0
602	0
603	0
604	0
605	0
606	0
607	0
608	-1
609	0
610	0
611	0
612	0
613	0
614	0
615	0
616	-1
617	0
618	-1
619	0
620	-1
621	-1
622	-2
623	-2
624	-1
625	-1
626	-1
627	0
628	-1
629	-1
630	-3
631	-1
632	-2
633	-2
634	-2
635	-1
636	-1
637	-1
638	-2
639	-1
640	-2
641	-1
642	-1
643	0
644	-2
645	-1
646	-1
647	-1
648	-1
649	0
650	-1
651	-1
652	-1
653	0
654	-1
655	0
656	-1
657	0
658	-2
659	0
660	-2
661	0
662	-1
663	0
664	-2
665	0
666	-1
667	0
668	0
669	0
670	0
671	0
672	-1
673	0
674	-1
675	0
676	-1
677	0
678	-1
679	0
680	0
681	0
682	-1
683	0
684	0
685	0
686	0
687	0
688	-1
689	0
690	0
691	0
692	0
693	0
694	0
695	0
696	-1
697	0
698	0
699	0
700	-1
701	0
702	0
703	-1
704	0
705	0
706	0
707	0
708	0
709	0
710	0
711	0
712	0
713	0
714	0
715	0
716	0
717	0
718	0
719	0
720	0
721	0
722	-1
723	0
724	0
725	0
726	-1
727	0
728	-1
729	-1
730	-1
731	0
732	0
733	0
734	0
735	0
736	0
737	-1
738	-1
739	0
740	0
741	0
742	-1
743	-1
744	0
745	0
746	-1
747	0
748	-1
749	0
750	-1
751	-1
752	-1
753	0
754	-1
755	-1
756	-3
757	-2
758	-2
759	-1
760	-2
761	-1
762	-2
763	-1
764	-1
765	-1
766	-2
767	-1
768	-2
769	-1
770	-3
771	-1
772	-2
773	0
774	0
775	-1
776	-2
777	0
778	-2
779	0
780	-1
781	0
782	-1
783	0
784	-1
785	0
786	0
787	-1
788	0
789	0
790	-1
791	-1
792	0
793	0
794	-1
795	0
796	0
797	0
798	-1
799	0
800	-1
801	0
802	0
803	0
804	-1
805	0
806	0
807	0
808	0
809	0
810	0
811	-1
812	-1
813	0
814	0
815	0
816	0
817	0
818	-2
819	0
820	0
821	0
822	-2
823	-1
824	-1
825	0
826	-2
827	-1
828	0
829	0
830	-1
831	0
832	-1
833	0
834	-1
835	-1
836	-1
837	0
838	0
839	0
840	0
841	0
842	-2
843	-1
844	-2
845	-2
846	-3
847	-1
848	-2
849	-1
850	-3
851	-1
852	-2
853	-2
854	-1
855	-2
856	-2
857	0
858	-1
859	0
860	-1
861	-1
862	-1
863	-1
864	-1
865	0
866	-2
867	-1
868	-2
869	-1
870	-1
871	0
872	-1
873	0
874	-1
875	0
876	-1
877	-1
878	0
879	0
880	-1
881	0
882	-2
883	0
884	-2
885	0
886	-2
887	-1
888	-1
889	0
890	0
891	-1
892	-1
893	-1
894	-1
895	-1
896	0
897	-1
898	-1
899	-1
900	-1
901	-1
902	-2
903	0
904	-1
905	-1
906	0
907	0
908	0
909	0
910	-1
911	0
912	0
913	0
914	0
915	0
916	0
917	0
918	-1
919	0
920	0
921	0
922	-2
923	-1
924	0
925	0
926	-1
927	0
928	-1
929	0
930	-2
931	-1
932	-3
933	-1
934	-3
935	-1
936	-2
937	-2
938	-1
939	-2
940	-3
941	-2
942	-1
943	-1
944	-2
945	-1
946	-3
947	-1
948	-2
949	-1
950	0
951	0
952	-1
953	0
954	-1
955	0
956	-1
957	-1
958	-1
959	0
960	-1
961	0
962	-1
963	0
964	-2
965	0
966	-1
967	0
968	-2
969	0
970	-1
971	-1
972	-1
973	0
974	-2
975	-1
976	-2
977	-1
978	-3
979	-2
980	-2
981	-1
982	-2
983	-1
984	-3
985	-1
986	-1
987	-1
988	-2
989	0
990	-3
991	0
992	-1
993	0
994	-1
995	0
996	-2
997	0
998	-3
999	0
1000	-1
1001	0
1002	0
1003	0
1004	-1
1005	0
1006	0
1007	0
1008	-1
1009	0
1010	-1
1011	0
1012	-1
1013	0
1014	-1
1015	0
1016	0
1017	0
1018	-2
1019	-1
1020	-1
1021	-1
1022	-2
1023	0
1024	-2
1025	-1
1026	-3
1027	0
1028	-2
1029	-1
1030	-2
1031	-1
1032	-2
1033	-2
1034	-1
1035	-1
1036	-3
1037	-1
1038	-1
1039	0
1040	-1
1041	0
1042	-1
1043	0
1044	0
1045	0
1046	-1
1047	0
1048	0
1049	0
1050	-1
1051	0
1052	0
1053	0
1054	0
1055	-1
1056	-1
1057	0
1058	-1
1059	-1
1060	-1
1061	-1
1062	0
1063	-2
1064	-1
1065	-1
1066	-2
1067	0
1068	-3
1069	-1
1070	-3
1071	-1
1072	-2
1073	-1
1074	-2
1075	-2
1076	-3
1077	0
1078	-2
1079	-2
1080	-2
1081	-1
1082	-3
1083	-1
1084	-4
1085	0
1086	-1
1087	0
1088	-1
1089	-1
1090	-1
1091	0
1092	-1
1093	0
1094	-3
1095	-1
1096	-1
1097	0
1098	0
1099	0
1100	0
1101	0
1102	0
1103	0
1104	0
1105	0
1106	0
1107	1
1108	0
1109	0
1110	1
1111	1
1112	0
1113	1
1114	0
1115	0
1116	0
1117	1
1118	0
1119	0
1120	1
1121	1
1122	0
1123	1
1124	0
1125	2
1126	1
1127	1
1128	0
1129	1
1130	0
1131	1
1132	0
1133	1
1134	0
1135	0
1136	1
1137	1
1138	1
1139	1
1140	0
1141	1
1142	0
1143	1
1144	0
1145	0
1146	0
1147	0
1148	0
1149	1
1150	1
1151	0
1152	0
1153	0
1154	0
1155	0
1156	0
1157	0
1158	0
1159	0
1160	0
1161	0
1162	0
1163	0
1164	0
1165	0
1166	0
1167	0
1168	-1
1169	0
1170	0
1171	0
1172	0
1173	0
1174	0
1175	0
1176	-1
1177	0
1178	0
1179	0
1180	0
1181	0
1182	0
1183	0
1184	-1
1185	0
1186	-2
1187	0
1188	-1
1189	0
1190	-1
1191	0
1192	-1
1193	0
1194	-2
1195	0
1196	-1
1197	0
1198	0
1199	-2
1200	-1
1201	-1
1202	-1
1203	0
1204	-1
1205	0
1206	-1
1207	0
1208	-2
1209	0
1210	-1
1211	0
1212	-2
1213	-1
1214	-3
1215	-1
1216	-1
1217	0
1218	-1
1219	-1
1220	-1
1221	0
1222	-1
1223	-1
1224	-2
1225	-1
1226	-1
1227	-2
1228	-2
1229	-1
1230	-2
1231	-1
1232	-2
1233	0
1234	-2
1235	-1
1236	-2
1237	0
1238	-1
1239	-1
1240	-1
1241	-1
1242	-1
1243	0
1244	-1
1245	0
1246	-1
1247	0
1248	0
1249	-1
1250	-1
1251	0
1252	0
1253	0
1254	0
1255	0
1256	-1
1257	0
1258	-1
1259	0
1260	-2
1261	0
1262	-1
1263	0
1264	-1
1265	0
1266	-1
1267	-1
1268	-2
1269	-1
1270	0
1271	0
1272	-1
1273	0
1274	-1
1275	-1
1276	-1
1277	0
1278	-2
1279	0
1280	-1
1281	-1
1282	-1
1283	-1
1284	-2
1285	0
1286	-2
1287	-2
1288	-1
1289	0
1290	-1
1291	-1
1292	-1
1293	0
1294	-1
1295	0
1296	-2
1297	0
1298	-2
1299	0
1300	-1
1301	-1
1302	-2
1303	0
1304	-2
1305	0
1306	-2
1307	0
1308	-1
1309	0
1310	-1
1311	-1
1312	-1
1313	0
1314	-1
1315	0
1316	-1
1317	0
1318	-1
1319	0
1320	-1
1321	-1
1322	-3
1323	-2
1324	-2
1325	-2
1326	-2
1327	-2
1328	-1
1329	-2
1330	-2
1331	-2
1332	-2
1333	-2
1334	-1
1335	-1
1336	-1
1337	-1
1338	-2
1339	-1
1340	-1
1341	-1
1342	-1
1343	-1
1344	-1
1345	0
1346	0
1347	-1
1348	0
1349	-1
1350	-1
1351	0
1352	-1
1353	0
1354	-1
1355	0
1356	-1
1357	0
1358	-1
1359	0
1360	-1
1361	0
1362	-1
1363	-1
1364	0
1365	0
1366	-1
1367	-1
1368	-2
1369	0
1370	0
1371	0
1372	0
1373	-1
1374	-1
1375	0
1376	-1
1377	0
1378	-1
1379	-1
1380	-1
1381	-1
1382	-1
1383	0
1384	-1
1385	-1
1386	-1
1387	-1
1388	-2
1389	-1
1390	-2
1391	0
1392	-2
1393	0
1394	-1
1395	-1
1396	-1
1397	0
1398	-1
1399	0
1400	-2
1401	-2
1402	-1
1403	0
1404	-2
1405	0
1406	-1
1407	-2
1408	-2
1409	0
1410	-2
1411	-1
1412	-2
1413	-1
1414	-2
1415	-1
1416	-1
1417	-1
1418	-1
1419	-1
1420	0
1421	-1
1422	-1
1423	0
1424	0
1425	0
1426	-1
1427	-1
1428	-1
1429	-1
1430	-1
1431	-1
1432	-1
1433	-1
1434	0
1435	0
1436	-1
1437	0
1438	-1
1439	0
1440	-1
1441	0
1442	0
1443	0
1444	-1
1445	-1
1446	0
1447	-1
1448	-1
1449	-1
1450	-2
1451	0
1452	0
1453	-1
1454	-2
1455	-1
1456	-1
1457	-1
1458	-1
1459	0
1460	-2
1461	0
1462	-2
1463	0
1464	-3
1465	-1
1466	-2
1467	-2
1468	-2
1469	0
1470	-2
1471	0
1472	-2
1473	-1
1474	-2
1475	0
1476	-2
1477	-1
1478	-1
1479	-1
1480	-1
1481	-1
1482	-1
1483	-1
1484	-2
1485	-1
1486	0
1487	-1
1488	-1
1489	0
1490	-1
1491	0
1492	-1
1493	-1
1494	-1
1495	0
1496	-1
1497	0
1498	0
1499	0
1500	-1
1501	0
1502	0
1503	0
1504	0
1505	0
1506	-1
1507	-1
1508	-1
1509	-1
1510	-1
1511	0
1512	-1
1513	0
1514	-1
1515	0
1516	-1
1517	-1
1518	-1
1519	-1
1520	-1
1521	-1
1522	-1
1523	-1
1524	-1
1525	0
1526	-1
1527	0
1528	0
1529	0
1530	-2
1531	0
1532	-1
1533	0
1534	-2
1535	0
1536	0
1537	0
1538	0
1539	0
1540	0
1541	0
1542	-2
1543	0
1544	-1
1545	0
1546	-1
1547	0
1548	-1
1549	0
1550	0
1551	0
1552	-1
1553	0
1554	0
1555	0
1556	-1
1557	0
1558	-1
1559	0
1560	0
1561	0
1562	0
1563	0
1564	0
1565	0
1566	0
1567	0
1568	-1
1569	-1
1570	0
1571	-1
1572	-1
1573	-1
1574	-1
1575	0
1576	-1
1577	-2
1578	-1
1579	0
1580	0
1581	-1
1582	-1
1583	0
1584	0
1585	0
1586	-1
1587	0
1588	0
1589	0
1590	0
1591	0
1592	0
1593	0
1594	-1
1595	0
1596	-1
1597	0
1598	-1
1599	0
1600	-1
1601	0
1602	-1
1603	-1
1604	-2
1605	-1
1606	-2
1607	-1
1608	-2
1609	-1
1610	-2
1611	-2
1612	-3
1613	-1
1614	-2
1615	-2
1616	-3
1617	-2
1618	-1
1619	-1
1620	-1
1621	-1
1622	-1
1623	-1
1624	-1
1625	-1
1626	-1
1627	0
1628	0
1629	-1
1630	0
1631	-1
1632	0
1633	-1
1634	0
1635	0
1636	0
1637	0
1638	0
1639	0
1640	0
1641	0
1642	-1
1643	0
1644	0
1645	0
1646	0
1647	0
1648	0
1649	-1
1650	-1
1651	0
1652	0
1653	-1
1654	-1
1655	-1
1656	-1
1657	-1
1658	-2
1659	-1
1660	-2
1661	-1
1662	-1
1663	-1
1664	0
1665	0
1666	-2
1667	0
1668	-1
1669	-1
1670	-1
1671	0
1672	-1
1673	0
1674	0
1675	0
1676	0
1677	0
1678	0
1679	-1
1680	0
1681	0
1682	0
1683	0
1684	1
1685	0
1686	0
1687	0
1688	0
1689	0
1690	0
1691	0
1692	0
1693	0
1694	0
1695	0
1696	0
1697	0
1698	0
1699	0
1700	0
1701	0
1702	-1
1703	0
1704	-1
1705	0
1706	-1
1707	0
1708	0
1709	0
1710	-1
1711	0
1712	0
1713	0
1714	-1
1715	0
1716	-2
1717	-1
1718	-1
1719	0
1720	-1
1721	0
1722	-1
1723	-1
1724	0
1725	0
1726	-1
1727	0
1728	-1
1729	-1
1730	-1
1731	0
1732	0
1733	0
1734	0
1735	0
1736	0
1737	0
1738	0
1739	0
1740	-1
1741	0
1742	0
1743	0
1744	-1
1745	0
1746	0
1747	0
1748	-1
1749	0
1750	-2
1751	-1
1752	-1
1753	0
1754	-1
1755	-1
1756	0
1757	0
1758	-1
1759	0
1760	-1
1761	0
1762	-1
1763	0
1764	-1
1765	0
1766	0
1767	0
1768	0
1769	0
1770	0
1771	0
1772	0
1773	0
1774	0
1775	0
1776	-1
1777	0
1778	0
1779	-1
1780	0
1781	0
1782	-1
1783	0
1784	-1
1785	0
1786	-1
1787	0
1788	0
1789	0
1790	-1
1791	0
1792	-1
1793	0
1794	0
1795	0
1796	0
1797	0
1798	0
1799	0
1800	0
1801	0
1802	0
1803	0
1804	0
1805	0
1806	0
1807	0
1808	0
1809	0
1810	-1
1811	0
1812	0
1813	0
1814	0
1815	0
1816	0
1817	0
1818	-1
1819	0
1820	0
1821	0
1822	0
1823	0
1824	-1
1825	0
1826	0
1827	0
1828	-1
1829	0
1830	-1
1831	-1
1832	-1
1833	-1
1834	-1
1835	-1
1836	-1
1837	-1
1838	-1
1839	-1
1840	0
1841	0
1842	0
1843	0
1844	-1
1845	0
1846	0
1847	0
1848	-1
1849	-1
1850	-1
1851	-1
1852	-1
1853	0
1854	0
1855	0
1856	0
1857	0
1858	0
1859	0
1860	-1
1861	0
1862	0
1863	0
1864	0
1865	0
1866	-1
1867	0
1868	-1
1869	-1
1870	-1
1871	-1
1872	-1
1873	0
1874	-1
1875	-1
1876	-1
1877	0
1878	0
1879	-1
1880	0
1881	0
1882	0
1883	0
1884	0
1885	-1
1886	0
1887	0
1888	0
1889	0
1890	0
1891	0
1892	0
1893	0
1894	-1
1895	0
1896	0
1897	0
1898	0
1899	0
1900	0
1901	0
1902	0
1903	0
1904	0
1905	0
1906	0
1907	0
1908	0
1909	0
1910	0
1911	0
1912	0
1913	0
1914	0
1915	0
1916	0
1917	0
1918	0
1919	0
1920	0
1921	0
1922	-1
1923	-1
1924	0
1925	0
1926	-1
1927	0
1928	-1
1929	0
1930	-1
1931	0
1932	0
1933	-2
1934	-1
1935	-1
1936	-1
1937	0
1938	-1
1939	0
1940	0
1941	0
1942	0
1943	-1
1944	-1
1945	0
1946	-1
1947	0
1948	0
1949	0
1950	0
1951	-1
1952	0
1953	0
1954	0
1955	0
1956	-1
1957	-1
1958	-1
1959	-1
1960	0
1961	0
1962	0
1963	-1
1964	-1
1965	0
1966	0
1967	0
1968	-1
1969	0
1970	0
1971	-1
1972	-1
1973	0
1974	-1
1975	-1
1976	-1
1977	-1
1978	-1
1979	0
1980	0
1981	0
1982	0
1983	0
1984	0
1985	0
1986	0
1987	0
1988	-1
1989	0
1990	0
1991	0
1992	0
1993	0
1994	0
1995	0
1996	0
1997	0
1998	0
1999	0
