0	0
1	1
2	0
3	0
4	0
5	0
6	0
7	1
8	0
9	0
10	0
11	0
12	0
13	0
14	0
15	0
16	0
17	0
18	0
19	0
20	0
21	0
22	0
23	0
24	0
25	0
26	-1
27	0
28	0
29	0
30	0
31	0
32	0
33	0
34	-1
35	0
36	0
37	0
38	0
39	0
40	0
41	1
42	0
43	0
44	0
45	0
46	0
47	0
48	0
49	0
50	0
51	0
52	0
53	0
54	0
55	0
56	0
57	0
58	0
59	0
60	0
61	0
62	0
63	0
64	0
65	1
66	0
67	0
68	0
69	0
70	0
71	1
72	0
73	0
74	0
75	0
76	0
77	0
78	0
79	0
80	0
81	0
82	0
83	0
84	0
85	0
86	0
87	1
88	0
89	0
90	0
91	0
92	0
93	0
94	0
95	1
96	0
97	0
98	0
99	0
100	0
101	0
102	0
103	0
104	0
105	0
106	0
107	0
108	0
109	0
110	0
111	0
112	0
113	0
114	0
115	0
116	0
117	0
118	0
119	0
120	0
121	0
122	0
123	0
124	0
125	0
126	0
127	0
128	0
129	0
130	0
131	1
132	0
133	1
134	0
135	0
136	0
137	0
138	0
139	0
140	0
141	0
142	0
143	0
144	0
145	0
146	0
147	0
148	0
149	0
150	0
151	0
152	0
153	0
154	0
155	0
156	0
157	0
158	0
159	0
160	0
161	0
162	0
163	0
164	0
165	0
166	0
167	0
168	0
169	0
170	0
171	0
172	0
173	0
174	0
175	1
176	0
177	1
178	0
179	0
180	0
181	0
182	1
183	0
184	0
185	0
186	0
187	0
188	0
189	0
190	0
191	0
192	0
193	0
194	0
195	0
196	0
197	0
198	0
199	0
200	0
201	0
202	0
203	0
204	0
205	0
206	0
207	0
208	0
209	0
210	0
211	0
212	0
213	1
214	0
215	0
216	0
217	1
218	0
219	0
220	0
221	1
222	0
223	1
224	0
225	0
226	0
227	0
228	0
229	0
230	0
231	0
232	0
233	0
234	-1
235	0
236	-1
237	0
238	0
239	0
240	0
241	0
242	0
243	0
244	0
245	0
246	0
247	0
248	0
249	0
250	0
251	0
252	0
253	0
254	0
255	0
256	0
257	0
258	0
259	1
260	0
261	1
262	0
263	1
264	0
265	0
266	0
267	0
268	0
269	1
270	0
271	1
272	0
273	1
274	0
275	0
276	0
277	0
278	0
279	1
280	0
281	1
282	0
283	0
284	0
285	0
286	0
287	0
288	0
289	0
290	0
291	0
292	0
293	0
294	0
295	0
296	0
297	0
298	0
299	0
300	0
301	0
302	0
303	0
304	-1
305	0
306	-1
307	0
308	0
309	0
310	0
311	0
312	0
313	0
314	0
315	0
316	0
317	1
318	0
319	0
320	0
321	1
322	0
323	0
324	0
325	0
326	0
327	0
328	0
329	0
330	0
331	0
332	0
333	0
334	0
335	0
336	0
337	0
338	0
339	0
340	0
341	0
342	0
343	0
344	0
345	0
346	0
347	0
348	0
349	0
350	0
351	0
352	0
353	0
354	0
355	0
356	0
357	0
358	0
359	0
360	0
361	0
362	0
363	0
364	0
365	0
366	0
367	0
368	0
369	0
370	0
371	0
372	0
373	0
374	0
375	0
376	0
377	1
378	0
379	0
380	0
381	0
382	0
383	0
384	0
385	0
386	0
387	1
388	0
389	0
390	0
391	0
392	0
393	0
394	0
395	0
396	0
397	0
398	0
399	0
400	0
401	0
402	0
403	1
404	0
405	0
406	0
407	0
408	0
409	0
410	0
411	0
412	0
413	1
414	0
415	0
416	0
417	0
418	0
419	0
420	0
421	0
422	0
423	0
424	0
425	0
426	0
427	0
428	0
429	0
430	0
431	0
432	0
433	0
434	0
435	0
436	0
437	1
438	0
439	2
440	0
441	4
442	2
443	7
444	6
445	10
446	12
447	14
448	15
449	19
450	20
451	25
452	26
453	31
454	32
455	37
456	38
457	42
458	43
459	47
460	50
461	53
462	55
463	59
464	59
465	62
466	62
467	67
468	67
469	70
470	71
471	73
472	72
473	74
474	74
475	76
476	74
477	77
478	74
479	76
480	75
481	79
482	77
483	78
484	77
485	78
486	75
487	78
488	75
489	77
490	73
491	75
492	73
493	75
494	73
495	75
496	74
497	75
498	75
499	78
500	62
501	69
502	66
503	66
504	65
505	67
506	64
507	65
508	61
509	62
510	57
511	59
512	56
513	57
514	55
515	56
516	52
517	54
518	49
519	51
520	46
521	49
522	45
523	45
524	43
525	44
526	39
527	43
528	38
529	39
530	35
531	37
532	32
533	34
534	29
535	31
536	28
537	29
538	26
539	26
540	25
541	25
542	23
543	25
544	22
545	22
546	20
547	21
548	17
549	20
550	17
551	19
552	15
553	17
554	12
555	15
556	11
557	12
558	9
559	11
560	8
561	10
562	9
563	10
564	7
565	8
566	5
567	9
568	4
569	7
570	4
571	5
572	3
573	5
574	3
575	5
576	3
577	4
578	2
579	3
580	2
581	2
582	2
583	3
584	1
585	2
586	0
587	2
588	0
589	2
590	0
591	2
592	0
593	1
594	0
595	0
596	0
597	0
598	0
599	0
600	-1
601	0
602	-1
603	0
604	-1
605	1
606	0
607	0
608	0
609	0
610	0
611	0
612	-1
613	0
614	0
615	0
616	0
617	0
618	0
619	0
620	-1
621	0
622	-1
623	0
624	0
625	0
626	0
627	0
628	0
629	-1
630	-1
631	-1
632	-1
633	-1
634	-3
635	-1
636	-1
637	-1
638	-1
639	0
640	-1
641	0
642	-2
643	0
644	-2
645	-1
646	-2
647	0
648	-1
649	0
650	-1
651	0
652	-1
653	0
654	-2
655	0
656	-1
657	0
658	-1
659	0
660	0
661	0
662	-1
663	0
664	-1
665	0
666	-1
667	0
668	0
669	0
670	0
671	0
672	-1
673	0
674	0
675	0
676	0
677	0
678	0
679	0
680	1
681	0
682	0
683	1
684	1
685	1
686	0
687	0
688	0
689	0
690	0
691	1
692	0
693	1
694	0
695	0
696	0
697	1
698	0
699	1
700	0
701	0
702	0
703	1
704	0
705	0
706	0
707	1
708	0
709	0
710	0
711	1
712	0
713	0
714	0
715	0
716	0
717	0
718	0
719	0
720	-1
721	0
722	0
723	0
724	0
725	0
726	-1
727	0
728	0
729	0
730	-1
731	0
732	0
733	0
734	0
735	0
736	-1
737	0
738	0
739	0
740	0
741	0
742	0
743	0
744	0
745	0
746	-2
747	0
748	-1
749	0
750	-1
751	0
752	-1
753	0
754	-1
755	0
756	-2
757	0
758	-2
759	0
760	-2
761	0
762	-1
763	0
764	-1
765	-1
766	0
767	0
768	0
769	0
770	-1
771	-1
772	-1
773	0
774	-1
775	-1
776	-2
777	0
778	-3
779	-1
780	0
781	0
782	-1
783	0
784	-1
785	0
786	-1
787	0
788	-2
789	-1
790	-2
791	-2
792	-1
793	-1
794	-2
795	-1
796	-2
797	-1
798	-2
799	-1
800	-1
801	-1
802	-2
803	-1
804	-1
805	0
806	-1
807	-2
808	-2
809	0
810	-1
811	-2
812	-2
813	0
814	-2
815	-1
816	-2
817	-2
818	-3
819	-1
820	-3
821	-2
822	-2
823	0
824	-2
825	-1
826	-1
827	-1
828	-3
829	-1
830	-2
831	-1
832	-2
833	-1
834	-1
835	0
836	-1
837	0
838	-2
839	-2
840	-3
841	-1
842	-3
843	0
844	-1
845	0
846	-2
847	0
848	-2
849	-1
850	-2
851	0
852	-2
853	-1
854	-3
855	0
856	-3
857	0
858	-3
859	-1
860	-2
861	0
862	-3
863	-1
864	-3
865	0
866	-3
867	-1
868	-2
869	-1
870	-2
871	-1
872	-3
873	0
874	-3
875	-1
876	-3
877	-1
878	-4
879	0
880	-3
881	0
882	-3
883	0
884	-2
885	0
886	-2
887	-1
888	-4
889	-1
890	-4
891	-1
892	-2
893	-1
894	-1
895	0
896	-2
897	0
898	-1
899	0
900	-1
901	0
902	0
903	0
904	0
905	-1
906	-1
907	-1
908	-1
909	-1
910	-2
911	0
912	-2
913	-1
914	-3
915	-3
916	-3
917	0
918	-3
919	-1
920	-2
921	-1
922	-4
923	-2
924	-2
925	-2
926	-2
927	-1
928	-4
929	-1
930	-3
931	-1
932	-3
933	-1
934	-3
935	-1
936	-3
937	0
938	-4
939	-1
940	-2
941	-1
942	-4
943	-1
944	-2
945	0
946	-2
947	-1
948	-2
949	-2
950	-3
951	-1
952	-2
953	0
954	-2
955	-1
956	-1
957	-1
958	-3
959	-1
960	-3
961	-1
962	-3
963	-2
964	-4
965	-2
966	-1
967	-1
968	-3
969	-1
970	-3
971	-1
972	-1
973	-1
974	-2
975	-1
976	-2
977	-1
978	-2
979	0
980	-3
981	-1
982	-3
983	0
984	-2
985	0
986	-2
987	0
988	-2
989	0
990	-2
991	0
992	-1
993	0
994	-1
995	0
996	-2
997	-1
998	-2
999	0
1000	-3
1001	0
1002	-2
1003	0
1004	-1
1005	-1
1006	-3
1007	-1
1008	-3
1009	-1
1010	-3
1011	-1
1012	-2
1013	0
1014	-3
1015	-1
1016	-1
1017	0
1018	-1
1019	0
1020	-1
1021	0
1022	-2
1023	0
1024	0
1025	0
1026	-1
1027	0
1028	0
1029	0
1030	0
1031	0
1032	0
1033	0
1034	0
1035	1
1036	-2
1037	1
1038	0
1039	0
1040	0
1041	0
1042	0
1043	0
1044	0
1045	0
1046	-1
1047	0
1048	-1
1049	0
1050	-1
1051	0
1052	-2
1053	0
1054	-1
1055	-1
1056	-3
1057	0
1058	-1
1059	0
1060	0
1061	-1
1062	-1
1063	0
1064	-2
1065	0
1066	-3
1067	0
1068	-3
1069	0
1070	-2
1071	0
1072	-2
1073	0
1074	-2
1075	0
1076	-1
1077	0
1078	-1
1079	0
1080	-2
1081	0
1082	-1
1083	-1
1084	-3
1085	0
1086	-2
1087	-1
1088	-2
1089	-1
1090	-2
1091	-1
1092	-3
1093	-2
1094	-2
1095	-1
1096	-2
1097	0
1098	-3
1099	-1
1100	-1
1101	0
1102	-2
1103	0
1104	-1
1105	-1
1106	-2
1107	-1
1108	-1
1109	0
1110	-2
1111	0
1112	-2
1113	0
1114	-2
1115	0
1116	-2
1117	0
1118	-2
1119	0
1120	-1
1121	0
1122	-1
1123	0
1124	-2
1125	0
1126	-2
1127	-1
1128	-2
1129	0
1130	-4
1131	-1
1132	-3
1133	-1
1134	-4
1135	0
1136	-4
1137	-1
1138	-5
1139	-1
1140	-4
1141	-2
1142	-3
1143	-1
1144	-3
1145	-1
1146	-4
1147	-1
1148	-2
1149	-1
1150	-1
1151	-1
1152	-2
1153	-1
1154	-2
1155	0
1156	-3
1157	-1
1158	-3
1159	0
1160	-2
1161	-1
1162	-2
1163	0
1164	-2
1165	0
1166	-2
1167	-1
1168	-2
1169	0
1170	-1
1171	0
1172	-1
1173	0
1174	-1
1175	0
1176	-1
1177	0
1178	-1
1179	0
1180	-1
1181	0
1182	-3
1183	0
1184	-1
1185	0
1186	-2
1187	0
1188	-1
1189	0
1190	-2
1191	0
1192	-3
1193	0
1194	-2
1195	0
1196	-2
1197	0
1198	-2
1199	0
1200	-2
1201	0
1202	0
1203	0
1204	0
1205	0
1206	0
1207	0
1208	-2
1209	0
1210	-1
1211	0
1212	0
1213	0
1214	0
1215	0
1216	-1
1217	1
1218	-1
1219	0
1220	0
1221	1
1222	0
1223	0
1224	0
1225	0
1226	0
1227	0
1228	0
1229	0
1230	-1
1231	0
1232	-1
1233	0
1234	-1
1235	0
1236	-1
1237	-1
1238	-1
1239	0
1240	-1
1241	0
1242	-2
1243	0
1244	-2
1245	-1
1246	-2
1247	-1
1248	-1
1249	-1
1250	-2
1251	0
1252	-3
1253	-2
1254	-3
1255	-1
1256	-2
1257	0
1258	-3
1259	0
1260	-2
1261	0
1262	-2
1263	0
1264	0
1265	0
1266	-1
1267	0
1268	-2
1269	-1
1270	-3
1271	0
1272	-4
1273	0
1274	-4
1275	-2
1276	-3
1277	-1
1278	-1
1279	-1
1280	-3
1281	-1
1282	-2
1283	0
1284	-3
1285	0
1286	-3
1287	0
1288	-2
1289	0
1290	-3
1291	0
1292	-3
1293	0
1294	-2
1295	0
1296	-4
1297	0
1298	-2
1299	0
1300	-2
1301	0
1302	-1
1303	0
1304	-1
1305	0
1306	-2
1307	0
1308	-2
1309	0
1310	-1
1311	0
1312	-2
1313	0
1314	-1
1315	-1
1316	-1
1317	-1
1318	-2
1319	0
1320	-2
1321	0
1322	-1
1323	0
1324	-1
1325	-1
1326	-1
1327	-1
1328	-1
1329	-1
1330	-2
1331	0
1332	-1
1333	-1
1334	-2
1335	-1
1336	-3
1337	-1
1338	-3
1339	-1
1340	-2
1341	0
1342	-2
1343	0
1344	-1
1345	0
1346	-2
1347	0
1348	-2
1349	0
1350	-2
1351	0
1352	-2
1353	0
1354	0
1355	0
1356	-1
1357	0
1358	-1
1359	0
1360	-1
1361	0
1362	-2
1363	0
1364	-1
1365	0
1366	0
1367	0
1368	0
1369	-1
1370	-1
1371	0
1372	0
1373	0
1374	-1
1375	0
1376	0
1377	0
1378	-1
1379	0
1380	0
1381	0
1382	0
1383	0
1384	0
1385	0
1386	-1
1387	0
1388	0
1389	0
1390	0
1391	0
1392	0
1393	0
1394	-1
1395	0
1396	0
1397	0
1398	-1
1399	0
1400	0
1401	0
1402	-2
1403	0
1404	-1
1405	0
1406	-1
1407	0
1408	0
1409	0
1410	-1
1411	0
1412	-1
1413	0
1414	0
1415	0
1416	-1
1417	0
1418	-2
1419	0
1420	0
1421	0
1422	-1
1423	-1
1424	-2
1425	0
1426	-2
1427	-1
1428	0
1429	-1
1430	-2
1431	0
1432	-1
1433	0
1434	-1
1435	-1
1436	-1
1437	-1
1438	-2
1439	0
1440	-2
1441	0
1442	-2
1443	-2
1444	-1
1445	-1
1446	-2
1447	-1
1448	-2
1449	0
1450	-2
1451	0
1452	-2
1453	0
1454	-2
1455	0
1456	-2
1457	0
1458	-2
1459	0
1460	-1
1461	0
1462	-1
1463	0
1464	-1
1465	0
1466	0
1467	0
1468	-1
1469	0
1470	-2
1471	0
1472	0
1473	0
1474	0
1475	0
1476	0
1477	0
1478	-1
1479	0
1480	-1
1481	0
1482	-1
1483	0
1484	-1
1485	0
1486	0
1487	0
1488	-1
1489	-1
1490	-3
1491	-1
1492	-3
1493	0
1494	-2
1495	0
1496	-3
1497	-1
1498	-3
1499	-2
1500	-3
1501	-2
1502	-2
1503	-1
1504	-3
1505	0
1506	-3
1507	-1
1508	-3
1509	-1
1510	-2
1511	-1
1512	-4
1513	-1
1514	-2
1515	-1
1516	-1
1517	-1
1518	-1
1519	-2
1520	-1
1521	0
1522	-1
1523	-1
1524	-2
1525	-1
1526	-1
1527	0
1528	-2
1529	0
1530	-1
1531	0
1532	-1
1533	0
1534	-1
1535	0
1536	-1
1537	-1
1538	-2
1539	0
1540	-2
1541	-1
1542	-2
1543	0
1544	-2
1545	-2
1546	-2
1547	-2
1548	-2
1549	-1
1550	-2
1551	-1
1552	-2
1553	-1
1554	-3
1555	0
1556	-1
1557	0
1558	-1
1559	0
1560	-1
1561	0
1562	0
1563	0
1564	0
1565	0
1566	0
1567	0
1568	0
1569	0
1570	0
1571	0
1572	0
1573	0
1574	0
1575	0
1576	0
1577	0
1578	0
1579	0
1580	0
1581	0
1582	0
1583	0
1584	0
1585	0
1586	-1
1587	0
1588	-2
1589	-1
1590	-1
1591	0
1592	-1
1593	-1
1594	-2
1595	-1
1596	-1
1597	-1
1598	-1
1599	0
1600	-1
1601	0
1602	0
1603	0
1604	0
1605	0
1606	-1
1607	0
1608	0
1609	-1
1610	-1
1611	-1
1612	-1
1613	0
1614	-1
1615	-1
1616	0
1617	0
1618	0
1619	0
1620	-2
1621	0
1622	-1
1623	0
1624	-1
1625	0
1626	-1
1627	0
1628	-1
1629	0
1630	-1
1631	0
1632	-1
1633	0
1634	-1
1635	0
1636	-1
1637	-1
1638	-3
1639	0
1640	-1
1641	0
1642	-3
1643	-1
1644	-2
1645	-1
1646	-1
1647	-1
1648	-1
1649	0
1650	-1
1651	-1
1652	-1
1653	-1
1654	-2
1655	0
1656	-1
1657	0
1658	-1
1659	0
1660	-1
1661	0
1662	0
1663	0
1664	0
1665	0
1666	0
1667	0
1668	0
1669	0
1670	0
1671	0
1672	-1
1673	0
1674	-1
1675	0
1676	-2
1677	0
1678	0
1679	0
1680	0
1681	0
1682	0
1683	0
1684	0
1685	-1
1686	0
1687	-1
1688	-1
1689	-1
1690	-2
1691	0
1692	-1
1693	0
1694	-1
1695	0
1696	-1
1697	0
1698	-1
1699	0
1700	0
1701	0
1702	-1
1703	0
1704	-1
1705	0
1706	0
1707	0
1708	-1
1709	0
1710	-1
1711	0
1712	0
1713	0
1714	-1
1715	0
1716	-1
1717	-1
1718	-1
1719	0
1720	-2
1721	-1
1722	-1
1723	0
1724	-2
1725	0
1726	0
1727	-1
1728	-2
1729	-1
1730	-2
1731	-1
1732	-1
1733	0
1734	-2
1735	0
1736	-1
1737	0
1738	-1
1739	-1
1740	-2
1741	0
1742	-1
1743	0
1744	-1
1745	0
1746	-2
1747	0
1748	0
1749	0
1750	0
1751	0
1752	0
1753	0
1754	0
1755	0
1756	-1
1757	0
1758	0
1759	0
1760	0
1761	0
1762	-2
1763	0
1764	-2
1765	0
1766	-1
1767	-1
1768	0
1769	-1
1770	-1
1771	-1
1772	-1
1773	0
1774	-1
1775	0
1776	-1
1777	0
1778	-1
1779	0
1780	-1
1781	0
1782	0
1783	0
1784	0
1785	-1
1786	-1
1787	0
1788	-2
1789	0
1790	-1
1791	0
1792	-1
1793	0
1794	-1
1795	0
1796	-1
1797	0
1798	-1
1799	0
1800	0
1801	0
1802	0
1803	0
1804	0
1805	0
1806	0
1807	0
1808	0
1809	0
1810	-1
1811	0
1812	-1
1813	0
1814	-1
1815	0
1816	-1
1817	0
1818	-1
1819	0
1820	-1
1821	0
1822	0
1823	0
1824	0
1825	-1
1826	0
1827	0
1828	-2
1829	0
1830	-1
1831	0
1832	-1
1833	0
1834	-1
1835	0
1836	-1
1837	0
1838	0
1839	-1
1840	-1
1841	0
1842	-1
1843	0
1844	0
1845	0
1846	-1
1847	0
1848	0
1849	0
1850	0
1851	0
1852	0
1853	0
1854	0
1855	0
1856	-2
1857	0
1858	-2
1859	0
1860	-2
1861	-1
1862	-1
1863	-1
1864	0
1865	-1
1866	0
1867	-2
1868	0
1869	-1
1870	-1
1871	-1
1872	-1
1873	-1
1874	-1
1875	0
1876	-1
1877	-1
1878	-1
1879	0
1880	-1
1881	0
1882	0
1883	0
1884	0
1885	0
1886	0
1887	0
1888	0
1889	0
1890	0
1891	0
1892	0
1893	0
1894	0
1895	0
1896	0
1897	0
1898	-1
1899	-1
1900	-1
1901	0
1902	-1
1903	-1
1904	-1
1905	0
1906	-1
1907	0
1908	-1
1909	0
1910	-1
1911	0
1912	-1
1913	0
1914	0
1915	0
1916	-1
1917	0
1918	-2
1919	0
1920	0
1921	0
1922	0
1923	0
1924	0
1925	0
1926	-1
1927	0
1928	-1
1929	0
1930	0
1931	0
1932	0
1933	0
1934	-1
1935	0
1936	-1
1937	0
1938	-1
1939	0
1940	-1
1941	0
1942	-2
1943	0
1944	-1
1945	0
1946	0
1947	0
1948	0
1949	0
1950	0
1951	0
1952	0
1953	-1
1954	-1
1955	-1
1956	-1
1957	0
1958	0
1959	0
1960	-2
1961	0
1962	-1
1963	0
1964	-1
1965	0
1966	-1
1967	0
1968	-1
1969	0
1970	-1
1971	0
1972	-1
1973	0
1974	-1
1975	0
1976	0
1977	-1
1978	0
1979	0
1980	0
1981	0
1982	0
1983	0
1984	0
1985	0
1986	0
1987	0
1988	-1
1989	0
1990	0
1991	0
1992	0
1993	0
1994	0
1995	0
1996	0
1997	0
1998	0
1999	0
