0	0
1	1
2	0
3	1
4	0
5	2
6	0
7	1
8	0
9	1
10	1
11	1
12	0
13	1
14	1
15	2
16	1
17	3
18	2
19	2
20	1
21	2
22	1
23	2
24	1
25	2
26	0
27	1
28	0
29	2
30	0
31	1
32	0
33	0
34	-1
35	0
36	0
37	0
38	0
39	0
40	0
41	0
42	0
43	-1
44	-1
45	0
46	0
47	0
48	-1
49	0
50	-1
51	0
52	0
53	0
54	0
55	0
56	0
57	0
58	0
59	0
60	0
61	0
62	0
63	0
64	0
65	0
66	0
67	0
68	0
69	0
70	-1
71	0
72	-1
73	0
74	-1
75	0
76	0
77	0
78	0
79	0
80	-1
81	0
82	0
83	0
84	0
85	0
86	0
87	0
88	-1
89	0
90	0
91	0
92	0
93	1
94	0
95	0
96	0
97	1
98	0
99	1
100	0
101	1
102	0
103	1
104	0
105	0
106	0
107	1
108	0
109	0
110	0
111	0
112	0
113	0
114	0
115	0
116	0
117	0
118	0
119	0
120	0
121	0
122	-1
123	0
124	0
125	0
126	0
127	0
128	0
129	0
130	0
131	1
132	0
133	0
134	0
135	1
136	-1
137	1
138	0
139	0
140	0
141	0
142	0
143	0
144	0
145	0
146	0
147	0
148	0
149	1
150	0
151	0
152	0
153	1
154	0
155	1
156	0
157	1
158	0
159	0
160	0
161	0
162	0
163	1
164	0
165	1
166	0
167	1
168	-1
169	0
170	0
171	0
172	0
173	0
174	-1
175	0
176	0
177	0
178	-1
179	0
180	-2
181	0
182	-1
183	0
184	-1
185	0
186	-2
187	0
188	-1
189	0
190	-1
191	0
192	0
193	0
194	0
195	0
196	0
197	0
198	0
199	0
200	0
201	0
202	0
203	0
204	0
205	0
206	0
207	0
208	0
209	1
210	0
211	1
212	0
213	1
214	0
215	1
216	0
217	1
218	0
219	0
220	0
221	0
222	0
223	0
224	0
225	0
226	0
227	0
228	0
229	0
230	0
231	0
232	0
233	1
234	0
235	0
236	0
237	0
238	0
239	1
240	0
241	1
242	0
243	0
244	0
245	0
246	0
247	0
248	0
249	0
250	0
251	0
252	0
253	0
254	0
255	1
256	0
257	1
258	0
259	2
260	0
261	0
262	0
263	2
264	0
265	2
266	0
267	0
268	0
269	2
270	0
271	2
272	0
273	2
274	0
275	1
276	0
277	2
278	0
279	0
280	0
281	1
282	0
283	0
284	0
285	0
286	-1
287	1
288	0
289	0
290	0
291	0
292	0
293	0
294	-1
295	0
296	-2
297	0
298	-1
299	0
300	-1
301	0
302	-1
303	0
304	0
305	0
306	-1
307	0
308	-1
309	0
310	0
311	0
312	0
313	0
314	0
315	0
316	0
317	0
318	0
319	0
320	0
321	0
322	0
323	0
324	0
325	0
326	-1
327	0
328	0
329	0
330	0
331	0
332	0
333	0
334	-1
335	0
336	-2
337	0
338	-1
339	0
340	0
341	0
342	-1
343	0
344	-1
345	1
346	0
347	0
348	0
349	0
350	0
351	0
352	0
353	1
354	0
355	0
356	0
357	0
358	0
359	0
360	0
361	0
362	0
363	0
364	0
365	0
366	0
367	0
368	0
369	0
370	0
371	0
372	0
373	0
374	-1
375	0
376	-1
377	0
378	-1
379	0
380	0
381	0
382	0
383	0
384	0
385	0
386	0
387	0
388	0
389	1
390	1
391	1
392	0
393	2
394	0
395	1
396	0
397	3
398	0
399	2
400	1
401	1
402	1
403	1
404	0
405	1
406	1
407	1
408	1
409	0
410	0
411	1
412	0
413	0
414	-1
415	0
416	0
417	0
418	0
419	0
420	0
421	0
422	0
423	2
424	1
425	5
426	4
427	9
428	11
429	15
430	16
431	22
432	23
433	29
434	31
435	36
436	39
437	45
438	49
439	55
440	58
441	65
442	67
443	76
444	79
445	85
446	88
447	95
448	97
449	103
450	106
451	111
452	115
453	122
454	124
455	130
456	130
457	136
458	137
459	140
460	141
461	147
462	146
463	151
464	150
465	152
466	151
467	154
468	152
469	153
470	150
471	152
472	148
473	149
474	145
475	147
476	142
477	141
478	137
479	136
480	130
481	130
482	123
483	124
484	119
485	118
486	113
487	112
488	108
489	107
490	100
491	97
492	92
493	94
494	88
495	84
496	80
497	78
498	78
499	78
500	62
501	66
502	62
503	61
504	56
505	55
506	50
507	49
508	45
509	43
510	38
511	38
512	34
513	34
514	30
515	30
516	25
517	24
518	22
519	20
520	17
521	17
522	14
523	15
524	10
525	12
526	7
527	8
528	5
529	6
530	3
531	4
532	1
533	1
534	-1
535	0
536	-5
537	-2
538	-6
539	-5
540	-7
541	-7
542	-8
543	-8
544	-9
545	-9
546	-9
547	-10
548	-10
549	-10
550	-12
551	-12
552	-12
553	-11
554	-13
555	-13
556	-14
557	-13
558	-14
559	-14
560	-15
561	-14
562	-15
563	-14
564	-16
565	-15
566	-15
567	-16
568	-15
569	-15
570	-16
571	-16
572	-16
573	-16
574	-15
575	-16
576	-16
577	-15
578	-16
579	-15
580	-15
581	-15
582	-15
583	-15
584	-15
585	-14
586	-15
587	-15
588	-15
589	-14
590	-15
591	-13
592	-15
593	-14
594	-15
595	-13
596	-14
597	-13
598	-13
599	-13
600	-14
601	-13
602	-14
603	-12
604	-15
605	-13
606	-15
607	-13
608	-15
609	-13
610	-14
611	-14
612	-12
613	-13
614	-13
615	-14
616	-14
617	-13
618	-14
619	-13
620	-13
621	-12
622	-13
623	-11
624	-12
625	-11
626	-12
627	-12
628	-12
629	-11
630	-11
631	-10
632	-11
633	-10
634	-12
635	-9
636	-12
637	-10
638	-10
639	-7
640	-9
641	-8
642	-10
643	-8
644	-8
645	-7
646	-10
647	-6
648	-9
649	-5
650	-10
651	-6
652	-8
653	-6
654	-7
655	-5
656	-7
657	-6
658	-8
659	-6
660	-7
661	-6
662	-9
663	-7
664	-9
665	-7
666	-8
667	-6
668	-8
669	-6
670	-9
671	-6
672	-9
673	-7
674	-9
675	-7
676	-8
677	-7
678	-9
679	-7
680	-9
681	-7
682	-7
683	-7
684	-9
685	-6
686	-10
687	-7
688	-9
689	-8
690	-10
691	-7
692	-9
693	-9
694	-10
695	-8
696	-10
697	-9
698	-11
699	-9
700	-10
701	-9
702	-9
703	-11
704	-10
705	-9
706	-11
707	-9
708	-11
709	-10
710	-11
711	-8
712	-11
713	-9
714	-11
715	-9
716	-11
717	-8
718	-11
719	-8
720	-12
721	-8
722	-10
723	-8
724	-9
725	-7
726	-10
727	-6
728	-11
729	-8
730	-8
731	-6
732	-10
733	-6
734	-9
735	-8
736	-9
737	-7
738	-10
739	-7
740	-9
741	-8
742	-9
743	-8
744	-10
745	-9
746	-10
747	-8
748	-11
749	-7
750	-10
751	-8
752	-11
753	-8
754	-11
755	-8
756	-11
757	-10
758	-9
759	-10
760	-11
761	-8
762	-9
763	-9
764	-9
765	-10
766	-10
767	-9
768	-9
769	-8
770	-10
771	-6
772	-9
773	-7
774	-8
775	-7
776	-10
777	-7
778	-9
779	-7
780	-10
781	-8
782	-11
783	-9
784	-9
785	-8
786	-11
787	-8
788	-11
789	-8
790	-11
791	-7
792	-10
793	-7
794	-9
795	-6
796	-7
797	-6
798	-7
799	-6
800	-9
801	-6
802	-8
803	-6
804	-8
805	-5
806	-8
807	-7
808	-7
809	-6
810	-8
811	-9
812	-10
813	-8
814	-7
815	-7
816	-11
817	-9
818	-10
819	-8
820	-10
821	-9
822	-10
823	-9
824	-11
825	-9
826	-10
827	-9
828	-9
829	-9
830	-11
831	-9
832	-11
833	-8
834	-12
835	-9
836	-11
837	-9
838	-10
839	-10
840	-11
841	-9
842	-11
843	-9
844	-11
845	-9
846	-12
847	-10
848	-11
849	-9
850	-10
851	-8
852	-10
853	-7
854	-10
855	-6
856	-8
857	-7
858	-8
859	-5
860	-9
861	-6
862	-9
863	-7
864	-9
865	-6
866	-10
867	-5
868	-8
869	-6
870	-9
871	-6
872	-10
873	-6
874	-9
875	-5
876	-9
877	-7
878	-9
879	-7
880	-7
881	-7
882	-10
883	-8
884	-9
885	-6
886	-9
887	-7
888	-11
889	-6
890	-7
891	-6
892	-7
893	-6
894	-8
895	-6
896	-8
897	-5
898	-8
899	-6
900	-9
901	-6
902	-9
903	-6
904	-8
905	-6
906	-8
907	-6
908	-7
909	-4
910	-8
911	-5
912	-8
913	-7
914	-8
915	-7
916	-9
917	-8
918	-10
919	-8
920	-11
921	-9
922	-11
923	-9
924	-10
925	-10
926	-9
927	-8
928	-9
929	-7
930	-9
931	-8
932	-7
933	-7
934	-8
935	-7
936	-7
937	-5
938	-8
939	-6
940	-8
941	-5
942	-5
943	-7
944	-6
945	-4
946	-7
947	-5
948	-9
949	-4
950	-8
951	-5
952	-7
953	-6
954	-8
955	-7
956	-7
957	-9
958	-9
959	-8
960	-9
961	-8
962	-10
963	-8
964	-9
965	-7
966	-8
967	-7
968	-10
969	-7
970	-9
971	-7
972	-9
973	-5
974	-9
975	-6
976	-8
977	-6
978	-9
979	-5
980	-7
981	-5
982	-6
983	-6
984	-6
985	-3
986	-6
987	-4
988	-5
989	-5
990	-6
991	-5
992	-6
993	-4
994	-7
995	-2
996	-6
997	-4
998	-5
999	-4
1000	-5
1001	-5
1002	-6
1003	-6
1004	-7
1005	-5
1006	-6
1007	-4
1008	-6
1009	-5
1010	-8
1011	-5
1012	-6
1013	-5
1014	-8
1015	-5
1016	-6
1017	-6
1018	-8
1019	-5
1020	-8
1021	-7
1022	-8
1023	-7
1024	-8
1025	-6
1026	-7
1027	-7
1028	-7
1029	-7
1030	-8
1031	-6
1032	-7
1033	-6
1034	-8
1035	-6
1036	-8
1037	-5
1038	-9
1039	-5
1040	-6
1041	-6
1042	-7
1043	-6
1044	-6
1045	-7
1046	-8
1047	-6
1048	-9
1049	-6
1050	-8
1051	-7
1052	-8
1053	-6
1054	-9
1055	-7
1056	-6
1057	-5
1058	-8
1059	-4
1060	-8
1061	-3
1062	-6
1063	-4
1064	-6
1065	-3
1066	-6
1067	-2
1068	-3
1069	-4
1070	-3
1071	-3
1072	-3
1073	-2
1074	-3
1075	0
1076	-1
1077	-1
1078	-1
1079	0
1080	0
1081	0
1082	-1
1083	0
1084	-1
1085	1
1086	-1
1087	1
1088	0
1089	2
1090	1
1091	1
1092	1
1093	3
1094	2
1095	1
1096	0
1097	4
1098	0
1099	4
1100	0
1101	4
1102	1
1103	2
1104	0
1105	3
1106	0
1107	3
1108	0
1109	3
1110	0
1111	2
1112	0
1113	1
1114	0
1115	2
1116	0
1117	2
1118	0
1119	1
1120	-1
1121	0
1122	-1
1123	0
1124	-3
1125	0
1126	-2
1127	0
1128	-3
1129	0
1130	-3
1131	-2
1132	-4
1133	-3
1134	-5
1135	-2
1136	-6
1137	-2
1138	-6
1139	-2
1140	-6
1141	-3
1142	-4
1143	-4
1144	-4
1145	-4
1146	-4
1147	-2
1148	-4
1149	-3
1150	-4
1151	-4
1152	-3
1153	-3
1154	-4
1155	-3
1156	-3
1157	-3
1158	-5
1159	-3
1160	-3
1161	-4
1162	-4
1163	-4
1164	-4
1165	-3
1166	-5
1167	-2
1168	-4
1169	-4
1170	-5
1171	-4
1172	-4
1173	-5
1174	-5
1175	-4
1176	-5
1177	-4
1178	-5
1179	-4
1180	-5
1181	-4
1182	-5
1183	-4
1184	-5
1185	-4
1186	-5
1187	-4
1188	-4
1189	-3
1190	-3
1191	-4
1192	-4
1193	-3
1194	-4
1195	-2
1196	-2
1197	-2
1198	-3
1199	-1
1200	-3
1201	-1
1202	-4
1203	-1
1204	-2
1205	0
1206	-1
1207	0
1208	-2
1209	0
1210	-2
1211	-1
1212	-1
1213	-1
1214	-2
1215	0
1216	-1
1217	0
1218	-1
1219	0
1220	0
1221	0
1222	0
1223	-1
1224	-2
1225	-1
1226	-3
1227	-1
1228	-1
1229	0
1230	-3
1231	0
1232	-1
1233	0
1234	-2
1235	-1
1236	-2
1237	0
1238	-1
1239	-1
1240	-3
1241	0
1242	-2
1243	-1
1244	-2
1245	-1
1246	-2
1247	0
1248	-1
1249	0
1250	-1
1251	0
1252	0
1253	1
1254	0
1255	1
1256	0
1257	0
1258	0
1259	0
1260	-1
1261	0
1262	0
1263	0
1264	0
1265	0
1266	0
1267	1
1268	-1
1269	1
1270	-1
1271	1
1272	0
1273	0
1274	-1
1275	0
1276	-1
1277	1
1278	-2
1279	1
1280	-1
1281	1
1282	-1
1283	1
1284	-1
1285	0
1286	-3
1287	0
1288	-2
1289	-1
1290	-1
1291	-1
1292	-2
1293	0
1294	-2
1295	0
1296	-3
1297	0
1298	-1
1299	0
1300	-2
1301	-2
1302	-2
1303	-2
1304	-2
1305	-2
1306	-3
1307	-2
1308	-4
1309	-3
1310	-3
1311	-2
1312	-3
1313	-1
1314	-3
1315	-4
1316	-3
1317	-2
1318	-2
1319	-2
1320	-3
1321	-1
1322	-3
1323	-3
1324	-4
1325	-3
1326	-3
1327	-4
1328	-4
1329	-4
1330	-4
1331	-3
1332	-4
1333	-4
1334	-4
1335	-3
1336	-5
1337	-3
1338	-4
1339	-4
1340	-5
1341	-4
1342	-6
1343	-4
1344	-5
1345	-4
1346	-5
1347	-4
1348	-6
1349	-4
1350	-6
1351	-3
1352	-4
1353	-3
1354	-6
1355	-1
1356	-5
1357	-3
1358	-4
1359	-4
1360	-4
1361	-3
1362	-3
1363	-2
1364	-4
1365	-3
1366	-4
1367	-2
1368	-4
1369	-2
1370	-4
1371	-3
1372	-4
1373	-1
1374	-4
1375	-2
1376	-3
1377	-2
1378	-3
1379	-3
1380	-3
1381	-1
1382	-2
1383	-1
1384	-3
1385	-1
1386	-2
1387	-2
1388	-2
1389	-1
1390	-1
1391	-2
1392	-3
1393	-2
1394	-3
1395	0
1396	-2
1397	-1
1398	-3
1399	-1
1400	-4
1401	-3
1402	-3
1403	-1
1404	-2
1405	-2
1406	-3
1407	-1
1408	-2
1409	-3
1410	-4
1411	-2
1412	-4
1413	-2
1414	-4
1415	-1
1416	-4
1417	-2
1418	-4
1419	0
1420	-4
1421	-2
1422	-4
1423	-2
1424	-4
1425	-2
1426	-5
1427	-3
1428	-5
1429	-2
1430	-4
1431	-2
1432	-4
1433	-4
1434	-4
1435	-2
1436	-4
1437	-2
1438	-4
1439	-2
1440	-4
1441	-2
1442	-5
1443	-3
1444	-4
1445	-3
1446	-4
1447	-4
1448	-4
1449	-3
1450	-4
1451	-3
1452	-3
1453	-2
1454	-3
1455	-3
1456	-4
1457	-2
1458	-4
1459	-1
1460	-3
1461	-1
1462	-3
1463	-1
1464	-4
1465	-2
1466	-3
1467	-2
1468	-3
1469	-3
1470	-4
1471	-2
1472	-5
1473	-2
1474	-4
1475	-2
1476	-3
1477	-2
1478	-3
1479	-2
1480	-3
1481	-1
1482	-3
1483	-2
1484	-4
1485	-2
1486	-3
1487	-3
1488	-3
1489	-3
1490	-3
1491	-3
1492	-3
1493	-3
1494	-3
1495	-2
1496	-3
1497	-3
1498	-3
1499	-2
1500	-4
1501	-1
1502	-2
1503	-1
1504	-2
1505	-1
1506	-2
1507	-1
1508	-1
1509	-1
1510	-1
1511	0
1512	-1
1513	0
1514	-1
1515	0
1516	-2
1517	0
1518	-3
1519	-1
1520	-3
1521	-1
1522	-2
1523	-1
1524	-2
1525	0
1526	-3
1527	-1
1528	-3
1529	-1
1530	-3
1531	-2
1532	-3
1533	-2
1534	-3
1535	-2
1536	-2
1537	-2
1538	-3
1539	-2
1540	-3
1541	-3
1542	-3
1543	-3
1544	-2
1545	-2
1546	-2
1547	-1
1548	-3
1549	-2
1550	-3
1551	-2
1552	-2
1553	-1
1554	-2
1555	-3
1556	-3
1557	-3
1558	-3
1559	-2
1560	-3
1561	-2
1562	-3
1563	-2
1564	-5
1565	-1
1566	-3
1567	-2
1568	-4
1569	-2
1570	-4
1571	-1
1572	-2
1573	-2
1574	-2
1575	-1
1576	-2
1577	-2
1578	-3
1579	-1
1580	-1
1581	-2
1582	-3
1583	0
1584	-3
1585	0
1586	-3
1587	-1
1588	-2
1589	-1
1590	-1
1591	-1
1592	-3
1593	-1
1594	-2
1595	-2
1596	-2
1597	-1
1598	-2
1599	0
1600	-2
1601	0
1602	-3
1603	-2
1604	-3
1605	-2
1606	-3
1607	-1
1608	-3
1609	0
1610	-2
1611	-1
1612	-2
1613	-2
1614	-2
1615	-1
1616	-2
1617	0
1618	-2
1619	0
1620	-1
1621	0
1622	-2
1623	0
1624	-2
1625	0
1626	-1
1627	0
1628	-2
1629	0
1630	-1
1631	0
1632	-3
1633	-1
1634	-2
1635	-2
1636	-4
1637	-1
1638	-2
1639	-1
1640	-2
1641	0
1642	-3
1643	0
1644	-3
1645	-1
1646	-1
1647	0
1648	-2
1649	0
1650	-1
1651	0
1652	-1
1653	0
1654	0
1655	0
1656	0
1657	0
1658	-1
1659	0
1660	-2
1661	1
1662	0
1663	0
1664	-1
1665	2
1666	0
1667	2
1668	0
1669	2
1670	0
1671	1
1672	0
1673	1
1674	0
1675	0
1676	0
1677	1
1678	0
1679	1
1680	0
1681	1
1682	0
1683	0
1684	0
1685	0
1686	0
1687	0
1688	0
1689	0
1690	0
1691	0
1692	0
1693	0
1694	0
1695	-1
1696	0
1697	0
1698	0
1699	0
1700	0
1701	0
1702	0
1703	0
1704	-1
1705	0
1706	-1
1707	0
1708	0
1709	0
1710	-1
1711	0
1712	0
1713	0
1714	-1
1715	0
1716	0
1717	0
1718	-2
1719	-1
1720	-2
1721	-1
1722	-1
1723	0
1724	0
1725	0
1726	0
1727	0
1728	0
1729	0
1730	-1
1731	0
1732	-1
1733	0
1734	-1
1735	0
1736	0
1737	0
1738	-2
1739	0
1740	-2
1741	0
1742	-2
1743	0
1744	-1
1745	0
1746	-1
1747	0
1748	-2
1749	-1
1750	-2
1751	0
1752	-1
1753	-1
1754	-3
1755	-1
1756	-3
1757	-1
1758	-3
1759	-2
1760	-3
1761	-1
1762	-2
1763	-2
1764	-3
1765	-1
1766	-4
1767	-1
1768	-3
1769	-2
1770	-4
1771	-1
1772	-4
1773	-2
1774	-4
1775	-1
1776	-4
1777	0
1778	-2
1779	-2
1780	-2
1781	-1
1782	-1
1783	-1
1784	-2
1785	-1
1786	-1
1787	0
1788	-2
1789	-1
1790	-1
1791	-1
1792	-3
1793	-1
1794	-3
1795	-1
1796	-3
1797	0
1798	-2
1799	-2
1800	-3
1801	-1
1802	-3
1803	0
1804	-3
1805	-1
1806	-4
1807	-2
1808	-3
1809	-2
1810	-3
1811	-1
1812	-2
1813	-1
1814	-2
1815	-2
1816	-3
1817	-2
1818	-3
1819	-1
1820	-2
1821	0
1822	-2
1823	0
1824	-3
1825	-1
1826	-2
1827	0
1828	-2
1829	-1
1830	-1
1831	-2
1832	0
1833	-1
1834	-2
1835	-2
1836	-2
1837	-1
1838	-2
1839	-2
1840	-3
1841	-1
1842	-2
1843	-2
1844	-3
1845	-2
1846	-3
1847	-1
1848	-2
1849	-1
1850	-2
1851	-1
1852	-3
1853	-2
1854	-2
1855	-1
1856	-3
1857	-2
1858	-3
1859	0
1860	-3
1861	0
1862	-2
1863	0
1864	-3
1865	0
1866	-1
1867	0
1868	-2
1869	0
1870	0
1871	0
1872	-1
1873	0
1874	-1
1875	0
1876	0
1877	0
1878	-1
1879	0
1880	-1
1881	0
1882	-2
1883	0
1884	-2
1885	0
1886	-2
1887	0
1888	-2
1889	0
1890	-2
1891	-1
1892	-2
1893	0
1894	-3
1895	-1
1896	-4
1897	-1
1898	-2
1899	-1
1900	-3
1901	-1
1902	-2
1903	-2
1904	-3
1905	-2
1906	-3
1907	-1
1908	-2
1909	0
1910	-2
1911	0
1912	-2
1913	0
1914	-1
1915	0
1916	-2
1917	0
1918	-1
1919	0
1920	-1
1921	0
1922	-1
1923	0
1924	-1
1925	0
1926	0
1927	0
1928	0
1929	0
1930	-1
1931	0
1932	-1
1933	0
1934	-1
1935	0
1936	-1
1937	0
1938	0
1939	0
1940	-2
1941	-1
1942	-1
1943	-1
1944	-1
1945	0
1946	-2
1947	0
1948	-2
1949	0
1950	-1
1951	0
1952	-1
1953	0
1954	-1
1955	0
1956	-1
1957	0
1958	0
1959	0
1960	0
1961	0
1962	0
1963	0
1964	0
1965	0
1966	0
1967	0
1968	0
1969	0
1970	0
1971	0
1972	-1
1973	0
1974	-1
1975	0
1976	-1
1977	0
1978	-2
1979	0
1980	-1
1981	0
1982	-2
1983	0
1984	-1
1985	0
1986	-1
1987	0
1988	-1
1989	0
1990	-2
1991	0
1992	-2
1993	0
1994	-2
1995	0
1996	-1
1997	-1
1998	-1
1999	0
