0	0
1	2
2	0
3	0
4	0
5	0
6	0
7	0
8	0
9	0
10	0
11	1
12	0
13	0
14	0
15	0
16	0
17	0
18	0
19	0
20	0
21	0
22	0
23	0
24	0
25	0
26	0
27	0
28	0
29	0
30	0
31	0
32	0
33	0
34	0
35	0
36	0
37	0
38	0
39	0
40	0
41	0
42	0
43	0
44	0
45	0
46	0
47	0
48	0
49	0
50	0
51	0
52	0
53	0
54	0
55	0
56	0
57	0
58	0
59	0
60	0
61	0
62	0
63	0
64	0
65	0
66	0
67	0
68	0
69	0
70	0
71	0
72	0
73	0
74	0
75	0
76	0
77	0
78	0
79	0
80	0
81	1
82	0
83	1
84	0
85	0
86	0
87	0
88	0
89	0
90	0
91	1
92	0
93	0
94	0
95	0
96	0
97	0
98	0
99	0
100	0
101	0
102	0
103	1
104	0
105	1
106	0
107	2
108	0
109	0
110	0
111	0
112	0
113	1
114	0
115	0
116	0
117	0
118	0
119	0
120	0
121	0
122	0
123	0
124	0
125	0
126	0
127	0
128	0
129	0
130	0
131	0
132	0
133	0
134	0
135	0
136	0
137	0
138	0
139	0
140	0
141	0
142	0
143	1
144	0
145	0
146	0
147	1
148	0
149	0
150	0
151	0
152	0
153	1
154	0
155	1
156	0
157	0
158	0
159	0
160	0
161	0
162	0
163	0
164	0
165	0
166	0
167	0
168	0
169	0
170	0
171	0
172	0
173	0
174	0
175	-1
176	0
177	0
178	0
179	0
180	-1
181	0
182	0
183	0
184	0
185	0
186	0
187	0
188	0
189	0
190	0
191	0
192	0
193	0
194	0
195	0
196	0
197	0
198	0
199	1
200	0
201	1
202	0
203	0
204	0
205	0
206	0
207	0
208	0
209	0
210	0
211	0
212	0
213	0
214	0
215	0
216	0
217	0
218	0
219	0
220	0
221	0
222	0
223	0
224	0
225	0
226	0
227	0
228	0
229	0
230	0
231	0
232	0
233	0
234	0
235	0
236	0
237	0
238	0
239	0
240	0
241	0
242	0
243	1
244	0
245	0
246	0
247	0
248	0
249	0
250	0
251	0
252	0
253	0
254	0
255	0
256	0
257	0
258	0
259	0
260	0
261	0
262	0
263	0
264	0
265	0
266	0
267	0
268	0
269	0
270	0
271	0
272	0
273	0
274	0
275	0
276	0
277	0
278	0
279	0
280	0
281	0
282	0
283	0
284	0
285	0
286	0
287	0
288	0
289	0
290	0
291	0
292	0
293	0
294	0
295	0
296	0
297	0
298	0
299	0
300	0
301	0
302	0
303	0
304	0
305	0
306	0
307	0
308	0
309	0
310	0
311	0
312	0
313	0
314	0
315	0
316	0
317	0
318	0
319	0
320	0
321	0
322	0
323	0
324	0
325	0
326	0
327	0
328	0
329	0
330	0
331	0
332	-1
333	0
334	-1
335	0
336	-1
337	0
338	0
339	0
340	0
341	0
342	0
343	0
344	0
345	0
346	0
347	0
348	0
349	0
350	0
351	0
352	0
353	0
354	0
355	0
356	0
357	0
358	0
359	0
360	0
361	0
362	0
363	0
364	0
365	0
366	0
367	0
368	0
369	0
370	0
371	0
372	0
373	0
374	0
375	0
376	0
377	0
378	0
379	0
380	0
381	0
382	0
383	0
384	0
385	0
386	0
387	0
388	0
389	0
390	0
391	0
392	0
393	0
394	0
395	0
396	0
397	0
398	0
399	0
400	0
401	0
402	0
403	0
404	0
405	0
406	0
407	0
408	0
409	0
410	0
411	0
412	0
413	0
414	-1
415	0
416	0
417	0
418	0
419	0
420	0
421	0
422	0
423	1
424	0
425	0
426	0
427	2
428	2
429	4
430	4
431	8
432	9
433	12
434	14
435	18
436	21
437	26
438	28
439	33
440	36
441	40
442	43
443	50
444	51
445	55
446	60
447	64
448	66
449	72
450	74
451	78
452	79
453	85
454	88
455	92
456	93
457	96
458	99
459	102
460	103
461	106
462	107
463	108
464	108
465	113
466	110
467	114
468	112
469	115
470	113
471	116
472	111
473	113
474	112
475	113
476	110
477	111
478	108
479	109
480	106
481	108
482	104
483	104
484	102
485	101
486	97
487	97
488	93
489	93
490	91
491	90
492	88
493	86
494	82
495	80
496	77
497	77
498	77
499	78
500	62
501	68
502	64
503	63
504	61
505	61
506	56
507	56
508	52
509	51
510	48
511	48
512	45
513	45
514	40
515	41
516	36
517	37
518	35
519	34
520	32
521	32
522	28
523	29
524	25
525	27
526	22
527	23
528	21
529	22
530	20
531	20
532	17
533	18
534	17
535	16
536	11
537	14
538	10
539	12
540	7
541	10
542	6
543	7
544	4
545	4
546	4
547	4
548	3
549	3
550	0
551	3
552	1
553	2
554	0
555	1
556	0
557	0
558	0
559	0
560	0
561	0
562	0
563	0
564	0
565	-1
566	-1
567	-1
568	-2
569	0
570	-3
571	-2
572	-3
573	-2
574	-3
575	-3
576	-4
577	-3
578	-4
579	-3
580	-5
581	-3
582	-5
583	-4
584	-4
585	-4
586	-4
587	-5
588	-6
589	-4
590	-5
591	-4
592	-5
593	-4
594	-3
595	-4
596	-6
597	-4
598	-4
599	-3
600	-6
601	-4
602	-5
603	-5
604	-7
605	-4
606	-5
607	-5
608	-6
609	-5
610	-7
611	-4
612	-7
613	-4
614	-5
615	-6
616	-6
617	-6
618	-6
619	-4
620	-6
621	-3
622	-7
623	-4
624	-6
625	-4
626	-5
627	-2
628	-6
629	-4
630	-6
631	-2
632	-7
633	-4
634	-6
635	-4
636	-5
637	-5
638	-4
639	-5
640	-5
641	-5
642	-5
643	-4
644	-6
645	-5
646	-7
647	-4
648	-6
649	-4
650	-5
651	-4
652	-6
653	-4
654	-6
655	-4
656	-7
657	-4
658	-6
659	-4
660	-6
661	-5
662	-6
663	-4
664	-6
665	-3
666	-5
667	-4
668	-5
669	-3
670	-4
671	-4
672	-5
673	-4
674	-4
675	-3
676	-4
677	-3
678	-4
679	-3
680	-5
681	-4
682	-5
683	-2
684	-6
685	-3
686	-4
687	-4
688	-5
689	-3
690	-3
691	-3
692	-4
693	-3
694	-4
695	0
696	-3
697	-2
698	-2
699	-2
700	-4
701	-2
702	-3
703	-2
704	-4
705	-2
706	-5
707	-1
708	-4
709	-2
710	-4
711	-1
712	-3
713	-1
714	-4
715	-1
716	-2
717	0
718	-3
719	-1
720	-3
721	0
722	-2
723	-2
724	-3
725	-1
726	-3
727	0
728	-3
729	-1
730	-3
731	-3
732	-3
733	-1
734	-3
735	-3
736	-3
737	-3
738	-3
739	-4
740	-6
741	-3
742	-5
743	-3
744	-6
745	-4
746	-6
747	-4
748	-7
749	-4
750	-6
751	-5
752	-7
753	-4
754	-6
755	-5
756	-7
757	-5
758	-6
759	-6
760	-6
761	-5
762	-6
763	-5
764	-7
765	-6
766	-7
767	-6
768	-7
769	-6
770	-8
771	-6
772	-6
773	-5
774	-6
775	-6
776	-8
777	-6
778	-9
779	-4
780	-6
781	-6
782	-7
783	-4
784	-7
785	-4
786	-6
787	-5
788	-5
789	-5
790	-7
791	-5
792	-5
793	-6
794	-5
795	-6
796	-6
797	-5
798	-5
799	-4
800	-6
801	-4
802	-6
803	-4
804	-8
805	-4
806	-5
807	-3
808	-6
809	-4
810	-6
811	-5
812	-8
813	-5
814	-5
815	-4
816	-7
817	-4
818	-8
819	-6
820	-7
821	-6
822	-6
823	-5
824	-6
825	-7
826	-7
827	-6
828	-7
829	-3
830	-5
831	-4
832	-4
833	-4
834	-4
835	-4
836	-5
837	-3
838	-4
839	-3
840	-4
841	-2
842	-4
843	-3
844	-4
845	-3
846	-4
847	-2
848	-4
849	-1
850	-4
851	-3
852	-3
853	-2
854	-5
855	-2
856	-4
857	-3
858	-3
859	-2
860	-4
861	-2
862	-3
863	-1
864	-5
865	-3
866	-4
867	-1
868	-3
869	-2
870	-5
871	-4
872	-5
873	-2
874	-6
875	-3
876	-5
877	-2
878	-5
879	-3
880	-5
881	-4
882	-4
883	-3
884	-4
885	-4
886	-4
887	-3
888	-4
889	-4
890	-5
891	-3
892	-7
893	-3
894	-5
895	-4
896	-5
897	-6
898	-6
899	-5
900	-6
901	-5
902	-6
903	-5
904	-8
905	-5
906	-6
907	-8
908	-7
909	-7
910	-7
911	-6
912	-7
913	-5
914	-8
915	-6
916	-8
917	-4
918	-7
919	-4
920	-8
921	-4
922	-7
923	-4
924	-5
925	-5
926	-8
927	-3
928	-6
929	-4
930	-7
931	-4
932	-5
933	-4
934	-5
935	-4
936	-5
937	-4
938	-5
939	-5
940	-5
941	-4
942	-5
943	-4
944	-7
945	-3
946	-6
947	-2
948	-6
949	-2
950	-6
951	-3
952	-5
953	-4
954	-5
955	-4
956	-8
957	-5
958	-7
959	-6
960	-7
961	-7
962	-9
963	-8
964	-8
965	-6
966	-6
967	-6
968	-7
969	-6
970	-7
971	-5
972	-7
973	-5
974	-6
975	-5
976	-6
977	-6
978	-6
979	-4
980	-4
981	-3
982	-4
983	-2
984	-4
985	-3
986	-5
987	-2
988	-4
989	-1
990	-4
991	-2
992	-3
993	0
994	-1
995	0
996	-2
997	0
998	-3
999	0
1000	-3
1001	-1
1002	-3
1003	-1
1004	-4
1005	-2
1006	-3
1007	-1
1008	-4
1009	-3
1010	-3
1011	-2
1012	-3
1013	-3
1014	-3
1015	-2
1016	-2
1017	-2
1018	-4
1019	-1
1020	-4
1021	-2
1022	-3
1023	-2
1024	-1
1025	-2
1026	-2
1027	-2
1028	-2
1029	-1
1030	-3
1031	-2
1032	-3
1033	0
1034	-3
1035	-1
1036	-4
1037	-2
1038	-3
1039	-2
1040	-4
1041	-2
1042	-4
1043	-3
1044	-4
1045	-2
1046	-2
1047	-2
1048	-2
1049	-1
1050	-4
1051	-2
1052	-5
1053	-2
1054	-4
1055	-2
1056	-4
1057	-2
1058	-4
1059	-3
1060	-3
1061	-1
1062	-3
1063	-3
1064	-4
1065	-3
1066	-4
1067	-3
1068	-4
1069	-3
1070	-3
1071	-2
1072	-4
1073	-3
1074	-3
1075	-4
1076	-3
1077	-3
1078	-4
1079	-2
1080	-6
1081	-4
1082	-5
1083	-4
1084	-4
1085	-4
1086	-5
1087	-3
1088	-4
1089	-5
1090	-5
1091	-5
1092	-6
1093	-3
1094	-5
1095	-5
1096	-4
1097	-3
1098	-6
1099	-2
1100	-5
1101	-3
1102	-4
1103	-1
1104	-5
1105	-2
1106	-4
1107	-2
1108	-4
1109	-2
1110	-5
1111	-2
1112	-4
1113	-2
1114	-3
1115	-1
1116	-2
1117	-1
1118	-3
1119	-1
1120	-4
1121	-1
1122	-3
1123	-1
1124	-4
1125	-1
1126	-3
1127	-1
1128	-3
1129	-2
1130	-3
1131	-2
1132	-3
1133	-2
1134	-4
1135	-1
1136	-3
1137	-2
1138	-4
1139	-3
1140	-4
1141	-2
1142	-3
1143	-2
1144	-1
1145	-3
1146	-2
1147	-3
1148	-3
1149	-3
1150	-3
1151	-4
1152	-4
1153	-3
1154	-3
1155	-2
1156	-4
1157	-4
1158	-3
1159	-3
1160	-5
1161	-2
1162	-3
1163	-1
1164	-4
1165	-1
1166	-4
1167	-1
1168	-4
1169	-1
1170	-4
1171	-1
1172	-4
1173	-1
1174	-4
1175	-1
1176	-4
1177	-2
1178	-4
1179	0
1180	-5
1181	-1
1182	-4
1183	-3
1184	-4
1185	-4
1186	-4
1187	-3
1188	-5
1189	-2
1190	-5
1191	-2
1192	-5
1193	-3
1194	-4
1195	-2
1196	-3
1197	-3
1198	-3
1199	-3
1200	-3
1201	-3
1202	-3
1203	-2
1204	-2
1205	-3
1206	-3
1207	-1
1208	-3
1209	-1
1210	-4
1211	-2
1212	-3
1213	-1
1214	-4
1215	-2
1216	-3
1217	-1
1218	-3
1219	-1
1220	-4
1221	-2
1222	-3
1223	-2
1224	-3
1225	-2
1226	-3
1227	-1
1228	-3
1229	-2
1230	-3
1231	-2
1232	-2
1233	-3
1234	-3
1235	-2
1236	-3
1237	-2
1238	-4
1239	-2
1240	-4
1241	-3
1242	-5
1243	-2
1244	-5
1245	-3
1246	-4
1247	-3
1248	-4
1249	-3
1250	-4
1251	-4
1252	-4
1253	-3
1254	-4
1255	-3
1256	-5
1257	-3
1258	-4
1259	-2
1260	-5
1261	-2
1262	-2
1263	-3
1264	-4
1265	-2
1266	-4
1267	-3
1268	-3
1269	-2
1270	-3
1271	-3
1272	-4
1273	-2
1274	-4
1275	-3
1276	-4
1277	-3
1278	-4
1279	-2
1280	-4
1281	-2
1282	-2
1283	-2
1284	-4
1285	-2
1286	-4
1287	-3
1288	-4
1289	-2
1290	-2
1291	-2
1292	-2
1293	-1
1294	-2
1295	-1
1296	-3
1297	-2
1298	-4
1299	-2
1300	-4
1301	-2
1302	-4
1303	-2
1304	-3
1305	-1
1306	-3
1307	-1
1308	-4
1309	-1
1310	-3
1311	-1
1312	-3
1313	-1
1314	-3
1315	-2
1316	-3
1317	-2
1318	-2
1319	-1
1320	-2
1321	-1
1322	-2
1323	-1
1324	-2
1325	-2
1326	-2
1327	-1
1328	-2
1329	-1
1330	-2
1331	-2
1332	-3
1333	-1
1334	-3
1335	-3
1336	-3
1337	-2
1338	-3
1339	-3
1340	-5
1341	-3
1342	-5
1343	-4
1344	-4
1345	-3
1346	-4
1347	-3
1348	-4
1349	-3
1350	-5
1351	-4
1352	-4
1353	-4
1354	-4
1355	-3
1356	-3
1357	-3
1358	-2
1359	-2
1360	-3
1361	-2
1362	-4
1363	-2
1364	-4
1365	-1
1366	-3
1367	-3
1368	-2
1369	-1
1370	-2
1371	-1
1372	-1
1373	-2
1374	-3
1375	-2
1376	-2
1377	-1
1378	-3
1379	-1
1380	-3
1381	-2
1382	-3
1383	-4
1384	-2
1385	-2
1386	-2
1387	-2
1388	-3
1389	-4
1390	-3
1391	-4
1392	-3
1393	-2
1394	-3
1395	-3
1396	-3
1397	-4
1398	-4
1399	-1
1400	-3
1401	-2
1402	-3
1403	0
1404	-3
1405	-3
1406	-4
1407	-3
1408	-3
1409	0
1410	-2
1411	-2
1412	-3
1413	-1
1414	-2
1415	0
1416	-2
1417	0
1418	-1
1419	0
1420	0
1421	-1
1422	-2
1423	-1
1424	-3
1425	-1
1426	-2
1427	-1
1428	-4
1429	0
1430	-3
1431	-1
1432	-4
1433	-2
1434	-2
1435	-2
1436	-3
1437	-1
1438	-3
1439	0
1440	-2
1441	-1
1442	-2
1443	-1
1444	-2
1445	-1
1446	-2
1447	0
1448	-2
1449	0
1450	-2
1451	0
1452	-2
1453	0
1454	-1
1455	0
1456	-2
1457	-1
1458	-1
1459	-1
1460	0
1461	0
1462	0
1463	0
1464	-1
1465	0
1466	-1
1467	0
1468	-1
1469	0
1470	0
1471	0
1472	-2
1473	0
1474	-1
1475	-1
1476	-1
1477	-1
1478	-1
1479	-1
1480	-1
1481	-1
1482	-2
1483	0
1484	-3
1485	0
1486	-1
1487	0
1488	-1
1489	0
1490	-1
1491	0
1492	-1
1493	0
1494	-1
1495	0
1496	-1
1497	0
1498	0
1499	0
1500	0
1501	0
1502	0
1503	0
1504	0
1505	0
1506	-1
1507	0
1508	-1
1509	-1
1510	-1
1511	0
1512	-1
1513	-1
1514	-1
1515	-1
1516	-1
1517	-1
1518	-2
1519	-1
1520	-3
1521	-1
1522	-2
1523	0
1524	-3
1525	-2
1526	-1
1527	-2
1528	-2
1529	-3
1530	-1
1531	-1
1532	-2
1533	0
1534	-2
1535	-1
1536	-1
1537	-1
1538	-1
1539	0
1540	-2
1541	0
1542	-2
1543	0
1544	-2
1545	0
1546	-1
1547	0
1548	-1
1549	-1
1550	-2
1551	-1
1552	-2
1553	0
1554	-1
1555	0
1556	-1
1557	-1
1558	-1
1559	0
1560	-2
1561	0
1562	-2
1563	-1
1564	-1
1565	0
1566	-2
1567	-1
1568	-2
1569	-1
1570	-2
1571	-1
1572	-1
1573	-1
1574	-2
1575	-1
1576	-2
1577	-1
1578	-2
1579	-1
1580	0
1581	-1
1582	-1
1583	-1
1584	0
1585	0
1586	-1
1587	0
1588	0
1589	-1
1590	0
1591	0
1592	0
1593	0
1594	0
1595	0
1596	-1
1597	0
1598	-1
1599	0
1600	-1
1601	-1
1602	-2
1603	-1
1604	-1
1605	-1
1606	-1
1607	0
1608	-2
1609	0
1610	-2
1611	-1
1612	-3
1613	-1
1614	-3
1615	-1
1616	-3
1617	-2
1618	-3
1619	-1
1620	-1
1621	-1
1622	-2
1623	-1
1624	-1
1625	0
1626	-2
1627	0
1628	-1
1629	0
1630	0
1631	-1
1632	0
1633	0
1634	-2
1635	-1
1636	-2
1637	0
1638	-1
1639	0
1640	-2
1641	0
1642	-3
1643	0
1644	-2
1645	-2
1646	-2
1647	-1
1648	-3
1649	-2
1650	-2
1651	-1
1652	-3
1653	-1
1654	-2
1655	-2
1656	-4
1657	0
1658	-2
1659	-4
1660	-3
1661	-3
1662	-3
1663	-1
1664	-2
1665	0
1666	-3
1667	0
1668	-2
1669	0
1670	-1
1671	-1
1672	-2
1673	-2
1674	-1
1675	0
1676	-2
1677	0
1678	0
1679	0
1680	0
1681	0
1682	0
1683	0
1684	-1
1685	0
1686	0
1687	0
1688	0
1689	0
1690	-2
1691	0
1692	-1
1693	0
1694	-1
1695	0
1696	-1
1697	0
1698	-2
1699	0
1700	-2
1701	-1
1702	-1
1703	-1
1704	-1
1705	-1
1706	-1
1707	-1
1708	-2
1709	-1
1710	-1
1711	-1
1712	-2
1713	0
1714	-2
1715	-1
1716	0
1717	-1
1718	-1
1719	0
1720	-1
1721	0
1722	-2
1723	0
1724	0
1725	0
1726	-1
1727	0
1728	0
1729	0
1730	0
1731	0
1732	0
1733	0
1734	-1
1735	0
1736	0
1737	0
1738	-1
1739	0
1740	0
1741	0
1742	0
1743	0
1744	0
1745	0
1746	0
1747	0
1748	0
1749	1
1750	0
1751	0
1752	0
1753	0
1754	0
1755	0
1756	1
1757	0
1758	0
1759	0
1760	0
1761	0
1762	0
1763	0
1764	1
1765	1
1766	0
1767	0
1768	0
1769	1
1770	0
1771	1
1772	0
1773	1
1774	0
1775	1
1776	0
1777	1
1778	1
1779	0
1780	0
1781	1
1782	0
1783	0
1784	0
1785	1
1786	0
1787	1
1788	0
1789	1
1790	0
1791	1
1792	1
1793	2
1794	0
1795	2
1796	1
1797	2
1798	0
1799	2
1800	1
1801	3
1802	1
1803	2
1804	1
1805	2
1806	1
1807	2
1808	1
1809	2
1810	2
1811	3
1812	1
1813	3
1814	1
1815	2
1816	1
1817	2
1818	0
1819	3
1820	0
1821	3
1822	1
1823	2
1824	0
1825	2
1826	0
1827	2
1828	1
1829	1
1830	1
1831	2
1832	0
1833	0
1834	0
1835	0
1836	1
1837	1
1838	0
1839	1
1840	0
1841	1
1842	0
1843	1
1844	0
1845	0
1846	0
1847	0
1848	0
1849	0
1850	0
1851	0
1852	0
1853	0
1854	0
1855	0
1856	0
1857	0
1858	0
1859	0
1860	-1
1861	0
1862	-1
1863	0
1864	-2
1865	0
1866	-1
1867	-1
1868	-1
1869	0
1870	-1
1871	0
1872	-2
1873	-1
1874	-2
1875	0
1876	-1
1877	0
1878	-2
1879	0
1880	-1
1881	0
1882	-2
1883	0
1884	0
1885	-1
1886	-1
1887	0
1888	0
1889	0
1890	0
1891	0
1892	0
1893	0
1894	0
1895	0
1896	0
1897	0
1898	0
1899	1
1900	0
1901	0
1902	0
1903	0
1904	-1
1905	0
1906	-1
1907	0
1908	0
1909	0
1910	-1
1911	-1
1912	-2
1913	0
1914	-2
1915	0
1916	-2
1917	-2
1918	-2
1919	-1
1920	-2
1921	0
1922	-4
1923	0
1924	-2
1925	-2
1926	-3
1927	-1
1928	-2
1929	-2
1930	-2
1931	0
1932	-1
1933	-1
1934	-2
1935	0
1936	-1
1937	-1
1938	-2
1939	0
1940	-1
1941	0
1942	-1
1943	-1
1944	-1
1945	0
1946	-2
1947	0
1948	-1
1949	0
1950	-1
1951	-1
1952	-1
1953	-1
1954	-1
1955	-1
1956	-2
1957	-1
1958	-1
1959	0
1960	-2
1961	-1
1962	-3
1963	0
1964	-2
1965	-2
1966	-2
1967	-2
1968	-2
1969	-2
1970	-2
1971	-1
1972	-2
1973	0
1974	-2
1975	-1
1976	-2
1977	-1
1978	-2
1979	0
1980	-1
1981	0
1982	-2
1983	-1
1984	-1
1985	0
1986	-2
1987	0
1988	-1
1989	0
1990	0
1991	0
1992	-1
1993	0
1994	-1
1995	0
1996	0
1997	0
1998	-1
1999	0
