0	0
1	1
2	0
3	0
4	0
5	0
6	0
7	0
8	0
9	0
10	0
11	0
12	0
13	0
14	0
15	0
16	0
17	0
18	0
19	0
20	0
21	0
22	0
23	0
24	0
25	0
26	0
27	0
28	0
29	0
30	0
31	0
32	-1
33	0
34	-1
35	0
36	0
37	0
38	0
39	0
40	0
41	0
42	0
43	0
44	0
45	0
46	0
47	0
48	0
49	-1
50	0
51	0
52	-1
53	-1
54	0
55	-1
56	0
57	0
58	0
59	0
60	0
61	0
62	-1
63	0
64	-1
65	0
66	0
67	0
68	0
69	0
70	0
71	0
72	0
73	0
74	0
75	0
76	0
77	0
78	0
79	1
80	0
81	0
82	0
83	0
84	0
85	1
86	0
87	1
88	0
89	0
90	0
91	1
92	1
93	1
94	0
95	1
96	0
97	1
98	0
99	0
100	0
101	0
102	0
103	0
104	0
105	0
106	0
107	0
108	0
109	1
110	0
111	0
112	0
113	0
114	0
115	1
116	0
117	1
118	0
119	0
120	0
121	0
122	0
123	0
124	0
125	0
126	0
127	0
128	0
129	0
130	0
131	0
132	0
133	0
134	0
135	0
136	0
137	0
138	-1
139	0
140	0
141	0
142	0
143	0
144	0
145	0
146	-1
147	0
148	-1
149	0
150	0
151	0
152	0
153	0
154	0
155	0
156	-1
157	0
158	-1
159	0
160	0
161	0
162	0
163	0
164	0
165	0
166	0
167	0
168	0
169	0
170	0
171	0
172	0
173	0
174	1
175	0
176	0
177	0
178	0
179	1
180	1
181	0
182	0
183	1
184	0
185	0
186	1
187	0
188	1
189	0
190	0
191	1
192	0
193	1
194	0
195	0
196	0
197	0
198	0
199	0
200	0
201	0
202	0
203	0
204	0
205	0
206	0
207	1
208	0
209	0
210	0
211	0
212	0
213	0
214	0
215	0
216	0
217	0
218	0
219	0
220	0
221	0
222	0
223	0
224	0
225	0
226	0
227	0
228	0
229	0
230	-1
231	0
232	0
233	0
234	0
235	-1
236	-1
237	0
238	-2
239	0
240	-1
241	0
242	-1
243	0
244	0
245	0
246	0
247	0
248	0
249	0
250	0
251	0
252	0
253	0
254	0
255	0
256	0
257	0
258	0
259	0
260	0
261	0
262	0
263	0
264	0
265	0
266	0
267	0
268	0
269	0
270	0
271	1
272	0
273	1
274	0
275	1
276	0
277	0
278	0
279	0
280	1
281	1
282	0
283	1
284	0
285	0
286	0
287	0
288	1
289	1
290	0
291	0
292	0
293	0
294	0
295	1
296	0
297	0
298	0
299	0
300	0
301	0
302	0
303	0
304	0
305	0
306	0
307	0
308	0
309	0
310	0
311	0
312	0
313	0
314	0
315	0
316	0
317	0
318	0
319	0
320	0
321	0
322	0
323	0
324	0
325	0
326	0
327	0
328	0
329	0
330	0
331	0
332	0
333	0
334	0
335	0
336	-1
337	0
338	-2
339	-1
340	-2
341	-2
342	-2
343	-2
344	-2
345	-3
346	-2
347	-2
348	-2
349	-1
350	-2
351	-2
352	-2
353	-1
354	0
355	-1
356	0
357	0
358	0
359	0
360	0
361	0
362	0
363	1
364	1
365	1
366	1
367	1
368	2
369	1
370	1
371	1
372	0
373	2
374	1
375	1
376	1
377	1
378	0
379	1
380	0
381	1
382	0
383	1
384	0
385	0
386	1
387	1
388	0
389	0
390	0
391	0
392	0
393	0
394	1
395	0
396	0
397	0
398	0
399	0
400	0
401	0
402	0
403	0
404	0
405	0
406	0
407	0
408	0
409	0
410	0
411	0
412	0
413	0
414	0
415	0
416	0
417	1
418	0
419	0
420	0
421	0
422	0
423	0
424	0
425	3
426	2
427	4
428	4
429	6
430	7
431	12
432	11
433	16
434	18
435	22
436	25
437	29
438	31
439	38
440	40
441	44
442	47
443	53
444	56
445	62
446	64
447	69
448	71
449	78
450	79
451	85
452	87
453	92
454	93
455	98
456	100
457	104
458	105
459	109
460	112
461	113
462	115
463	117
464	117
465	119
466	121
467	121
468	120
469	122
470	123
471	122
472	121
473	122
474	121
475	119
476	118
477	117
478	115
479	115
480	111
481	111
482	107
483	108
484	104
485	103
486	101
487	100
488	96
489	94
490	90
491	89
492	88
493	86
494	82
495	79
496	77
497	77
498	77
499	78
500	62
501	67
502	64
503	63
504	59
505	58
506	56
507	53
508	52
509	51
510	47
511	46
512	42
513	40
514	39
515	39
516	36
517	36
518	32
519	31
520	29
521	28
522	27
523	25
524	24
525	24
526	22
527	22
528	19
529	19
530	15
531	15
532	13
533	12
534	11
535	11
536	9
537	9
538	8
539	7
540	5
541	5
542	4
543	3
544	3
545	3
546	0
547	0
548	-1
549	-2
550	-4
551	-3
552	-5
553	-6
554	-7
555	-6
556	-7
557	-7
558	-8
559	-8
560	-9
561	-7
562	-9
563	-9
564	-9
565	-10
566	-10
567	-8
568	-11
569	-10
570	-11
571	-11
572	-11
573	-11
574	-11
575	-11
576	-11
577	-12
578	-11
579	-12
580	-12
581	-12
582	-12
583	-11
584	-13
585	-11
586	-13
587	-12
588	-12
589	-13
590	-12
591	-12
592	-14
593	-12
594	-12
595	-11
596	-12
597	-12
598	-14
599	-13
600	-12
601	-11
602	-12
603	-11
604	-12
605	-11
606	-12
607	-11
608	-12
609	-11
610	-11
611	-12
612	-12
613	-12
614	-12
615	-11
616	-11
617	-10
618	-10
619	-10
620	-11
621	-10
622	-11
623	-9
624	-11
625	-9
626	-9
627	-9
628	-10
629	-11
630	-10
631	-10
632	-9
633	-9
634	-8
635	-8
636	-9
637	-9
638	-9
639	-7
640	-9
641	-8
642	-8
643	-5
644	-7
645	-8
646	-7
647	-7
648	-7
649	-6
650	-6
651	-7
652	-9
653	-5
654	-8
655	-6
656	-8
657	-7
658	-5
659	-6
660	-6
661	-4
662	-7
663	-5
664	-6
665	-5
666	-4
667	-4
668	-4
669	-2
670	-6
671	-5
672	-3
673	-4
674	-4
675	-2
676	-4
677	-2
678	-5
679	-2
680	-5
681	-3
682	-3
683	-3
684	-3
685	-1
686	-3
687	-3
688	-3
689	-3
690	-4
691	-2
692	-4
693	-3
694	-3
695	-3
696	-4
697	-2
698	-3
699	-2
700	-1
701	-1
702	-2
703	-4
704	-3
705	-3
706	-3
707	-3
708	-4
709	-3
710	-4
711	-3
712	-4
713	-2
714	-4
715	-3
716	-5
717	-4
718	-6
719	-5
720	-7
721	-4
722	-7
723	-6
724	-6
725	-6
726	-6
727	-6
728	-7
729	-6
730	-7
731	-7
732	-8
733	-5
734	-7
735	-6
736	-8
737	-6
738	-9
739	-6
740	-7
741	-6
742	-6
743	-5
744	-6
745	-4
746	-5
747	-4
748	-4
749	-4
750	-5
751	-2
752	-4
753	-3
754	-5
755	-3
756	-4
757	-5
758	-4
759	-4
760	-6
761	-4
762	-5
763	-4
764	-5
765	-5
766	-5
767	-8
768	-7
769	-8
770	-8
771	-6
772	-6
773	-7
774	-8
775	-7
776	-9
777	-6
778	-8
779	-7
780	-9
781	-5
782	-8
783	-7
784	-7
785	-6
786	-7
787	-7
788	-8
789	-5
790	-8
791	-5
792	-7
793	-5
794	-6
795	-5
796	-5
797	-6
798	-6
799	-4
800	-5
801	-6
802	-6
803	-6
804	-6
805	-4
806	-7
807	-4
808	-8
809	-5
810	-6
811	-5
812	-8
813	-5
814	-7
815	-5
816	-7
817	-5
818	-8
819	-8
820	-6
821	-8
822	-8
823	-8
824	-8
825	-7
826	-8
827	-8
828	-8
829	-6
830	-7
831	-7
832	-8
833	-6
834	-8
835	-7
836	-6
837	-5
838	-6
839	-5
840	-6
841	-5
842	-5
843	-4
844	-5
845	-5
846	-4
847	-4
848	-4
849	-4
850	-4
851	-4
852	-5
853	-4
854	-5
855	-3
856	-6
857	-3
858	-4
859	-3
860	-4
861	-4
862	-7
863	-4
864	-6
865	-3
866	-6
867	-3
868	-6
869	-5
870	-7
871	-4
872	-4
873	-5
874	-6
875	-7
876	-8
877	-5
878	-7
879	-5
880	-9
881	-5
882	-8
883	-7
884	-7
885	-6
886	-8
887	-6
888	-7
889	-6
890	-8
891	-7
892	-7
893	-5
894	-7
895	-6
896	-6
897	-6
898	-6
899	-5
900	-5
901	-5
902	-5
903	-5
904	-5
905	-5
906	-5
907	-6
908	-7
909	-4
910	-6
911	-5
912	-7
913	-6
914	-7
915	-6
916	-7
917	-6
918	-7
919	-5
920	-6
921	-5
922	-7
923	-6
924	-5
925	-7
926	-6
927	-5
928	-7
929	-5
930	-7
931	-5
932	-6
933	-6
934	-7
935	-5
936	-6
937	-5
938	-6
939	-6
940	-6
941	-5
942	-7
943	-5
944	-6
945	-4
946	-6
947	-5
948	-5
949	-5
950	-6
951	-4
952	-6
953	-4
954	-5
955	-6
956	-5
957	-6
958	-4
959	-4
960	-5
961	-4
962	-4
963	-4
964	-5
965	-4
966	-4
967	-4
968	-5
969	-4
970	-5
971	-5
972	-4
973	-4
974	-4
975	-3
976	-5
977	-4
978	-5
979	-3
980	-3
981	-4
982	-5
983	-3
984	-5
985	-3
986	-5
987	-4
988	-4
989	-3
990	-4
991	-2
992	-4
993	-4
994	-4
995	-4
996	-5
997	-4
998	-6
999	-4
1000	-5
1001	-4
1002	-5
1003	-5
1004	-5
1005	-4
1006	-4
1007	-4
1008	-2
1009	-3
1010	-4
1011	-4
1012	-3
1013	-4
1014	-3
1015	-4
1016	-4
1017	-3
1018	-3
1019	-4
1020	-6
1021	-3
1022	-4
1023	-5
1024	-4
1025	-5
1026	-5
1027	-3
1028	-5
1029	-6
1030	-7
1031	-4
1032	-7
1033	-4
1034	-7
1035	-4
1036	-6
1037	-8
1038	-6
1039	-4
1040	-6
1041	-5
1042	-6
1043	-4
1044	-6
1045	-5
1046	-8
1047	-6
1048	-8
1049	-5
1050	-7
1051	-5
1052	-7
1053	-6
1054	-7
1055	-5
1056	-6
1057	-5
1058	-5
1059	-4
1060	-5
1061	-4
1062	-5
1063	-3
1064	-5
1065	-3
1066	-4
1067	-4
1068	-5
1069	-4
1070	-5
1071	-4
1072	-5
1073	-4
1074	-5
1075	-4
1076	-5
1077	-4
1078	-4
1079	-4
1080	-4
1081	-4
1082	-5
1083	-4
1084	-5
1085	-4
1086	-5
1087	-4
1088	-4
1089	-5
1090	-4
1091	-3
1092	-5
1093	-3
1094	-4
1095	-3
1096	-4
1097	-3
1098	-3
1099	-2
1100	-4
1101	-3
1102	-4
1103	-3
1104	-3
1105	-3
1106	-3
1107	-2
1108	-3
1109	-3
1110	-4
1111	-3
1112	-3
1113	-3
1114	-4
1115	-4
1116	-4
1117	-2
1118	-4
1119	-3
1120	-4
1121	-3
1122	-4
1123	-2
1124	-3
1125	-3
1126	-4
1127	-2
1128	-4
1129	-5
1130	-4
1131	-3
1132	-4
1133	-3
1134	-4
1135	-4
1136	-4
1137	-3
1138	-6
1139	-5
1140	-4
1141	-5
1142	-5
1143	-4
1144	-4
1145	-4
1146	-4
1147	-5
1148	-8
1149	-5
1150	-5
1151	-4
1152	-7
1153	-5
1154	-7
1155	-6
1156	-7
1157	-4
1158	-8
1159	-5
1160	-6
1161	-3
1162	-4
1163	-4
1164	-4
1165	-5
1166	-4
1167	-4
1168	-4
1169	-4
1170	-4
1171	-3
1172	-3
1173	-3
1174	-3
1175	-3
1176	-3
1177	-3
1178	-3
1179	-2
1180	-3
1181	-3
1182	-2
1183	-2
1184	-2
1185	-2
1186	-1
1187	-1
1188	-2
1189	-1
1190	-1
1191	-2
1192	0
1193	-1
1194	0
1195	0
1196	0
1197	0
1198	0
1199	0
1200	0
1201	0
1202	-1
1203	0
1204	-1
1205	0
1206	-1
1207	0
1208	0
1209	0
1210	-2
1211	1
1212	0
1213	0
1214	0
1215	0
1216	0
1217	-1
1218	0
1219	0
1220	-1
1221	-1
1222	0
1223	0
1224	0
1225	0
1226	0
1227	0
1228	0
1229	0
1230	0
1231	0
1232	-2
1233	0
1234	-1
1235	-1
1236	-2
1237	-1
1238	-2
1239	-2
1240	-2
1241	-2
1242	-3
1243	-1
1244	-4
1245	-3
1246	-4
1247	-2
1248	-3
1249	-3
1250	-3
1251	-3
1252	-3
1253	-3
1254	-3
1255	-3
1256	-3
1257	-3
1258	-4
1259	-2
1260	-5
1261	-3
1262	-4
1263	-2
1264	-4
1265	-2
1266	-3
1267	-4
1268	-3
1269	-3
1270	-3
1271	-2
1272	-1
1273	0
1274	-3
1275	0
1276	-1
1277	-2
1278	-2
1279	-1
1280	-2
1281	-1
1282	-2
1283	-2
1284	-4
1285	-3
1286	-3
1287	-1
1288	-4
1289	-3
1290	-4
1291	-3
1292	-4
1293	-4
1294	-4
1295	-4
1296	-4
1297	-3
1298	-4
1299	-3
1300	-3
1301	-3
1302	-3
1303	-4
1304	-4
1305	-4
1306	-4
1307	-3
1308	-4
1309	-2
1310	-4
1311	-2
1312	-4
1313	-4
1314	-3
1315	-3
1316	-3
1317	-3
1318	-2
1319	-2
1320	-2
1321	-2
1322	-2
1323	-2
1324	-2
1325	-1
1326	-2
1327	-2
1328	-1
1329	-1
1330	-2
1331	-1
1332	-3
1333	-1
1334	-2
1335	-1
1336	-4
1337	-2
1338	-4
1339	-2
1340	-3
1341	-2
1342	-4
1343	-3
1344	-4
1345	-4
1346	-4
1347	-5
1348	-4
1349	-3
1350	-3
1351	-3
1352	-5
1353	-3
1354	-4
1355	-3
1356	-3
1357	-3
1358	-3
1359	-2
1360	-3
1361	-4
1362	-2
1363	-2
1364	-3
1365	-2
1366	-3
1367	-3
1368	-3
1369	-2
1370	-4
1371	-2
1372	-4
1373	-1
1374	-3
1375	-2
1376	-4
1377	-2
1378	-2
1379	-2
1380	-4
1381	-3
1382	-4
1383	-2
1384	-3
1385	-2
1386	-2
1387	-2
1388	-2
1389	-3
1390	-1
1391	-3
1392	-1
1393	-2
1394	-3
1395	-3
1396	-3
1397	-2
1398	-3
1399	-3
1400	-4
1401	-2
1402	-1
1403	-1
1404	-1
1405	0
1406	-3
1407	-2
1408	-2
1409	-1
1410	-2
1411	-2
1412	-2
1413	0
1414	-2
1415	0
1416	0
1417	0
1418	-1
1419	0
1420	-1
1421	-1
1422	-1
1423	0
1424	-1
1425	0
1426	0
1427	-1
1428	-2
1429	-1
1430	-2
1431	0
1432	-2
1433	-1
1434	-2
1435	-2
1436	-2
1437	-2
1438	-2
1439	-3
1440	-2
1441	-1
1442	-2
1443	-1
1444	-3
1445	-2
1446	-2
1447	-2
1448	-3
1449	-1
1450	-2
1451	-2
1452	-2
1453	-2
1454	-1
1455	-2
1456	-1
1457	-1
1458	-2
1459	-1
1460	-2
1461	-1
1462	-2
1463	0
1464	-1
1465	-1
1466	-1
1467	-1
1468	-2
1469	-2
1470	-2
1471	-2
1472	-2
1473	-1
1474	-3
1475	-2
1476	-2
1477	-1
1478	-2
1479	-1
1480	-2
1481	-1
1482	-2
1483	-3
1484	-2
1485	-2
1486	-2
1487	-1
1488	-2
1489	-2
1490	-3
1491	-3
1492	-2
1493	-3
1494	-3
1495	-2
1496	-4
1497	-2
1498	-3
1499	-1
1500	-2
1501	-2
1502	-3
1503	-2
1504	-2
1505	-1
1506	-3
1507	-1
1508	-1
1509	-2
1510	-1
1511	-1
1512	-2
1513	-1
1514	-1
1515	0
1516	-1
1517	0
1518	-1
1519	0
1520	-1
1521	-1
1522	-1
1523	0
1524	-2
1525	0
1526	-2
1527	-1
1528	-2
1529	-1
1530	-2
1531	-2
1532	-2
1533	-1
1534	-2
1535	-2
1536	-2
1537	-2
1538	-1
1539	-1
1540	-1
1541	-2
1542	-1
1543	-1
1544	-1
1545	-2
1546	-1
1547	0
1548	0
1549	-1
1550	-2
1551	-1
1552	-1
1553	0
1554	0
1555	-1
1556	-1
1557	-1
1558	-1
1559	-1
1560	-1
1561	-1
1562	0
1563	0
1564	-2
1565	0
1566	-1
1567	0
1568	-1
1569	0
1570	-1
1571	-1
1572	-3
1573	0
1574	0
1575	-1
1576	-1
1577	-1
1578	-2
1579	-1
1580	-3
1581	-1
1582	-2
1583	-2
1584	-2
1585	-1
1586	-2
1587	-2
1588	-1
1589	-2
1590	-2
1591	-3
1592	-2
1593	-1
1594	-2
1595	-1
1596	-2
1597	-1
1598	-2
1599	-2
1600	-2
1601	-2
1602	-1
1603	-3
1604	-1
1605	0
1606	-2
1607	-1
1608	-1
1609	-1
1610	-2
1611	-1
1612	-1
1613	-3
1614	-1
1615	-1
1616	-1
1617	0
1618	-1
1619	-1
1620	-2
1621	-1
1622	-1
1623	-1
1624	-2
1625	0
1626	-1
1627	0
1628	-1
1629	-1
1630	-3
1631	-1
1632	-2
1633	0
1634	-2
1635	0
1636	-2
1637	-2
1638	-2
1639	-2
1640	-2
1641	0
1642	-2
1643	0
1644	-2
1645	0
1646	-2
1647	0
1648	-2
1649	-1
1650	-3
1651	0
1652	-2
1653	0
1654	-2
1655	-1
1656	-2
1657	0
1658	-1
1659	-1
1660	-1
1661	-1
1662	-1
1663	-1
1664	-2
1665	0
1666	-1
1667	-1
1668	-1
1669	-1
1670	-1
1671	-1
1672	-1
1673	0
1674	-2
1675	-1
1676	-2
1677	-1
1678	-3
1679	-2
1680	-2
1681	-2
1682	-2
1683	-1
1684	-3
1685	-1
1686	-3
1687	-1
1688	-2
1689	-1
1690	-3
1691	-2
1692	-2
1693	-1
1694	-3
1695	-1
1696	-2
1697	-2
1698	0
1699	-1
1700	-1
1701	0
1702	-2
1703	0
1704	-1
1705	-1
1706	-1
1707	0
1708	-1
1709	0
1710	0
1711	0
1712	-1
1713	0
1714	0
1715	0
1716	0
1717	0
1718	-1
1719	0
1720	-1
1721	-1
1722	0
1723	-2
1724	-1
1725	-2
1726	-2
1727	-2
1728	-2
1729	-2
1730	-3
1731	-2
1732	-2
1733	-2
1734	-3
1735	-1
1736	-2
1737	-2
1738	-1
1739	-2
1740	-1
1741	-1
1742	-2
1743	-1
1744	-2
1745	0
1746	-2
1747	-1
1748	0
1749	-2
1750	-1
1751	0
1752	0
1753	0
1754	-1
1755	0
1756	0
1757	0
1758	0
1759	0
1760	0
1761	0
1762	-1
1763	0
1764	-2
1765	0
1766	-1
1767	-1
1768	0
1769	0
1770	0
1771	0
1772	0
1773	0
1774	-1
1775	0
1776	-1
1777	-1
1778	-2
1779	-2
1780	-1
1781	-1
1782	-2
1783	-1
1784	-3
1785	-2
1786	-3
1787	0
1788	-3
1789	0
1790	0
1791	-1
1792	-1
1793	-1
1794	-1
1795	0
1796	0
1797	0
1798	0
1799	0
1800	-1
1801	0
1802	-1
1803	0
1804	-1
1805	0
1806	-2
1807	0
1808	-2
1809	0
1810	-2
1811	0
1812	-1
1813	-1
1814	-2
1815	-1
1816	-2
1817	-1
1818	-2
1819	-1
1820	-1
1821	-2
1822	-2
1823	-2
1824	-1
1825	-1
1826	-2
1827	-2
1828	-2
1829	-1
1830	-2
1831	-1
1832	-2
1833	-1
1834	-2
1835	-1
1836	-1
1837	0
1838	-1
1839	0
1840	-1
1841	-1
1842	0
1843	0
1844	0
1845	0
1846	0
1847	0
1848	0
1849	0
1850	0
1851	0
1852	0
1853	0
1854	0
1855	0
1856	-1
1857	0
1858	0
1859	0
1860	-1
1861	0
1862	-1
1863	0
1864	-1
1865	0
1866	0
1867	0
1868	0
1869	0
1870	0
1871	0
1872	0
1873	0
1874	0
1875	0
1876	0
1877	0
1878	0
1879	0
1880	0
1881	0
1882	0
1883	0
1884	-1
1885	0
1886	0
1887	0
1888	-1
1889	0
1890	-1
1891	0
1892	-1
1893	0
1894	-1
1895	-1
1896	-1
1897	0
1898	0
1899	0
1900	0
1901	0
1902	-1
1903	0
1904	-1
1905	-1
1906	0
1907	-1
1908	-1
1909	-1
1910	-1
1911	0
1912	0
1913	-2
1914	-1
1915	0
1916	0
1917	0
1918	-1
1919	0
1920	0
1921	0
1922	0
1923	-2
1924	-1
1925	-2
1926	-1
1927	0
1928	0
1929	0
1930	-1
1931	0
1932	-2
1933	-1
1934	-1
1935	0
1936	-2
1937	-2
1938	-1
1939	-2
1940	-1
1941	0
1942	-2
1943	-1
1944	-1
1945	-1
1946	-1
1947	0
1948	-1
1949	-2
1950	-1
1951	-1
1952	-2
1953	-2
1954	-1
1955	-1
1956	-1
1957	0
1958	-1
1959	-1
1960	-1
1961	-1
1962	-1
1963	-1
1964	-1
1965	-1
1966	-1
1967	0
1968	-2
1969	0
1970	-1
1971	0
1972	-1
1973	-1
1974	-1
1975	0
1976	0
1977	0
1978	0
1979	0
1980	0
1981	0
1982	0
1983	0
1984	0
1985	0
1986	-1
1987	0
1988	0
1989	0
1990	0
1991	0
1992	0
1993	0
1994	-1
1995	0
1996	0
1997	1
1998	0
1999	0
