0	0
1	0
2	0
3	0
4	0
5	0
6	0
7	0
8	0
9	1
10	0
11	0
12	0
13	1
14	0
15	0
16	0
17	0
18	0
19	0
20	0
21	0
22	-1
23	0
24	-1
25	0
26	0
27	0
28	-1
29	0
30	-1
31	0
32	-1
33	0
34	-1
35	0
36	0
37	0
38	0
39	0
40	-1
41	0
42	-1
43	0
44	-1
45	0
46	0
47	0
48	0
49	0
50	-1
51	0
52	0
53	0
54	0
55	1
56	0
57	0
58	0
59	0
60	1
61	0
62	0
63	0
64	0
65	1
66	0
67	1
68	0
69	1
70	0
71	0
72	0
73	1
74	0
75	1
76	0
77	1
78	0
79	0
80	0
81	1
82	0
83	1
84	0
85	0
86	0
87	0
88	0
89	1
90	-1
91	0
92	0
93	0
94	0
95	0
96	0
97	0
98	0
99	0
100	0
101	0
102	0
103	0
104	0
105	0
106	0
107	1
108	0
109	1
110	0
111	0
112	0
113	0
114	0
115	0
116	0
117	0
118	0
119	0
120	0
121	0
122	0
123	0
124	-1
125	0
126	-1
127	0
128	-1
129	0
130	0
131	0
132	0
133	0
134	0
135	0
136	0
137	0
138	0
139	0
140	0
141	0
142	0
143	0
144	0
145	0
146	0
147	0
148	0
149	0
150	-1
151	0
152	0
153	0
154	0
155	0
156	0
157	0
158	0
159	0
160	0
161	0
162	0
163	0
164	0
165	0
166	0
167	0
168	0
169	0
170	0
171	1
172	0
173	1
174	0
175	0
176	0
177	1
178	0
179	1
180	0
181	1
182	0
183	1
184	0
185	1
186	0
187	0
188	0
189	0
190	0
191	0
192	0
193	0
194	0
195	0
196	0
197	0
198	0
199	0
200	0
201	1
202	0
203	1
204	0
205	0
206	-1
207	0
208	0
209	0
210	0
211	0
212	0
213	0
214	-1
215	0
216	-1
217	1
218	0
219	0
220	0
221	0
222	0
223	0
224	0
225	0
226	0
227	0
228	0
229	0
230	-1
231	0
232	0
233	0
234	0
235	0
236	0
237	0
238	0
239	0
240	0
241	1
242	0
243	0
244	0
245	1
246	0
247	2
248	0
249	1
250	0
251	1
252	0
253	1
254	0
255	1
256	-1
257	1
258	0
259	0
260	0
261	0
262	0
263	0
264	0
265	0
266	0
267	0
268	-1
269	1
270	0
271	0
272	-1
273	0
274	0
275	0
276	0
277	0
278	0
279	0
280	0
281	0
282	0
283	0
284	0
285	0
286	-1
287	0
288	0
289	0
290	0
291	1
292	0
293	1
294	0
295	2
296	0
297	1
298	0
299	1
300	0
301	2
302	0
303	1
304	0
305	1
306	0
307	0
308	0
309	1
310	0
311	1
312	0
313	2
314	0
315	2
316	0
317	1
318	0
319	1
320	0
321	1
322	0
323	1
324	0
325	1
326	0
327	1
328	0
329	2
330	0
331	1
332	0
333	1
334	0
335	0
336	0
337	0
338	0
339	1
340	0
341	1
342	0
343	1
344	0
345	1
346	0
347	0
348	1
349	1
350	0
351	1
352	0
353	0
354	0
355	1
356	0
357	1
358	0
359	1
360	0
361	1
362	0
363	0
364	0
365	1
366	0
367	0
368	0
369	0
370	0
371	1
372	-1
373	0
374	0
375	0
376	0
377	0
378	0
379	0
380	0
381	0
382	0
383	0
384	0
385	1
386	0
387	0
388	0
389	0
390	0
391	0
392	0
393	0
394	0
395	0
396	0
397	0
398	0
399	0
400	0
401	0
402	0
403	0
404	0
405	0
406	0
407	0
408	0
409	0
410	0
411	0
412	0
413	0
414	-1
415	0
416	-1
417	0
418	-1
419	0
420	-1
421	0
422	0
423	0
424	0
425	0
426	-1
427	0
428	0
429	0
430	0
431	0
432	0
433	0
434	0
435	2
436	0
437	1
438	0
439	3
440	1
441	4
442	4
443	10
444	8
445	13
446	13
447	19
448	21
449	25
450	25
451	30
452	31
453	39
454	40
455	46
456	47
457	52
458	56
459	59
460	62
461	66
462	67
463	72
464	73
465	77
466	78
467	81
468	82
469	86
470	85
471	89
472	87
473	90
474	90
475	92
476	91
477	94
478	91
479	94
480	91
481	94
482	90
483	91
484	88
485	91
486	88
487	88
488	86
489	88
490	83
491	85
492	81
493	82
494	77
495	76
496	76
497	77
498	77
499	78
500	62
501	68
502	65
503	64
504	64
505	64
506	60
507	61
508	55
509	56
510	53
511	52
512	50
513	51
514	46
515	49
516	42
517	44
518	40
519	40
520	37
521	38
522	35
523	37
524	33
525	34
526	30
527	32
528	27
529	29
530	24
531	25
532	22
533	24
534	21
535	22
536	20
537	21
538	17
539	17
540	16
541	17
542	13
543	16
544	10
545	13
546	8
547	12
548	6
549	8
550	4
551	7
552	3
553	6
554	3
555	4
556	2
557	4
558	1
559	2
560	1
561	2
562	0
563	2
564	0
565	1
566	0
567	1
568	-1
569	0
570	0
571	0
572	0
573	0
574	0
575	0
576	-1
577	0
578	0
579	0
580	-2
581	0
582	0
583	0
584	-3
585	0
586	-4
587	-1
588	-3
589	0
590	-4
591	0
592	-2
593	-1
594	-4
595	-1
596	-2
597	-1
598	-2
599	-2
600	-4
601	-1
602	-2
603	0
604	-3
605	-1
606	-1
607	0
608	-1
609	0
610	-1
611	-1
612	-2
613	0
614	-2
615	-1
616	-1
617	-1
618	-3
619	0
620	-1
621	0
622	-2
623	0
624	-2
625	0
626	-1
627	-1
628	-3
629	-1
630	-3
631	-1
632	-4
633	-2
634	-4
635	-2
636	-5
637	-1
638	-4
639	-3
640	-3
641	-3
642	-5
643	-4
644	-4
645	-3
646	-4
647	-3
648	-3
649	-2
650	-3
651	-1
652	-2
653	-1
654	-2
655	-1
656	-2
657	-1
658	-3
659	0
660	-1
661	0
662	-1
663	0
664	-1
665	0
666	-1
667	0
668	-1
669	0
670	-2
671	-1
672	-2
673	-1
674	-2
675	-1
676	-1
677	-1
678	-2
679	-1
680	-3
681	0
682	-3
683	-1
684	-4
685	-1
686	-3
687	-1
688	-3
689	-1
690	-2
691	-1
692	-4
693	-1
694	-3
695	0
696	-2
697	0
698	-1
699	0
700	-2
701	-1
702	-3
703	0
704	-1
705	0
706	-2
707	0
708	-2
709	0
710	-1
711	-1
712	-2
713	0
714	-2
715	-1
716	-1
717	0
718	-3
719	-1
720	-1
721	0
722	-2
723	0
724	0
725	0
726	-1
727	0
728	-1
729	0
730	-1
731	0
732	-1
733	-1
734	-2
735	0
736	-2
737	0
738	-2
739	-1
740	-3
741	-1
742	-2
743	-2
744	-3
745	-2
746	-2
747	-2
748	-4
749	-1
750	-3
751	-1
752	-3
753	-1
754	-2
755	-2
756	-3
757	-2
758	-3
759	-2
760	-4
761	-1
762	-4
763	-1
764	-4
765	0
766	-5
767	-1
768	-3
769	-1
770	-3
771	-2
772	-4
773	-2
774	-3
775	-2
776	-3
777	-1
778	-3
779	-1
780	-3
781	-1
782	-2
783	-1
784	-2
785	-1
786	-3
787	-1
788	-1
789	-1
790	-1
791	-1
792	-3
793	-2
794	-3
795	-1
796	-4
797	0
798	-2
799	-1
800	-4
801	-1
802	-3
803	0
804	-4
805	-1
806	-4
807	-2
808	-3
809	-2
810	-3
811	-2
812	-3
813	-1
814	-3
815	-2
816	-4
817	-2
818	-3
819	-1
820	-4
821	-1
822	-3
823	-2
824	-3
825	-1
826	-4
827	-1
828	-2
829	0
830	-2
831	0
832	-3
833	0
834	-3
835	-1
836	-3
837	-2
838	-4
839	-1
840	-3
841	-2
842	-4
843	-3
844	-3
845	-3
846	-4
847	-2
848	-3
849	-2
850	-5
851	-3
852	-4
853	-1
854	-3
855	-1
856	-3
857	0
858	-2
859	-1
860	-3
861	0
862	-3
863	0
864	-4
865	0
866	-3
867	0
868	-1
869	0
870	-1
871	0
872	-2
873	0
874	-2
875	0
876	-2
877	0
878	-3
879	0
880	-1
881	-1
882	-1
883	-1
884	-3
885	-1
886	-3
887	-1
888	-3
889	-2
890	-5
891	-1
892	-4
893	-1
894	-5
895	-2
896	-5
897	-2
898	-6
899	-3
900	-5
901	-1
902	-5
903	-3
904	-5
905	-3
906	-5
907	-2
908	-5
909	-3
910	-4
911	-3
912	-4
913	-2
914	-4
915	-1
916	-3
917	-2
918	-2
919	-2
920	-3
921	-1
922	-4
923	-1
924	-3
925	0
926	-3
927	-1
928	-3
929	-1
930	-3
931	-1
932	-3
933	-2
934	-2
935	-1
936	-2
937	-1
938	-3
939	-2
940	-3
941	-2
942	-3
943	-2
944	-4
945	-2
946	-4
947	-1
948	-3
949	-3
950	-4
951	-1
952	-4
953	-3
954	-3
955	-3
956	-5
957	-2
958	-3
959	-2
960	-4
961	-3
962	-5
963	-2
964	-2
965	-2
966	-4
967	0
968	-4
969	-1
970	-1
971	-1
972	-1
973	0
974	-2
975	-1
976	-3
977	0
978	-3
979	-1
980	-3
981	-2
982	-4
983	-1
984	-3
985	-1
986	-4
987	-2
988	-3
989	-1
990	-4
991	-1
992	-4
993	-1
994	-3
995	-1
996	-1
997	-1
998	-3
999	-1
1000	-2
1001	0
1002	-2
1003	0
1004	-2
1005	0
1006	-2
1007	0
1008	-3
1009	0
1010	-4
1011	0
1012	-1
1013	-1
1014	-1
1015	-2
1016	-2
1017	-2
1018	-3
1019	-2
1020	-4
1021	-2
1022	-4
1023	-2
1024	-5
1025	-1
1026	-4
1027	-2
1028	-2
1029	-1
1030	-4
1031	-2
1032	-4
1033	-1
1034	-4
1035	-1
1036	-4
1037	-1
1038	-4
1039	-1
1040	-3
1041	-1
1042	-4
1043	-1
1044	-3
1045	0
1046	-3
1047	-1
1048	-3
1049	-2
1050	-2
1051	-2
1052	-2
1053	0
1054	-2
1055	0
1056	-3
1057	0
1058	-1
1059	0
1060	-2
1061	-1
1062	-2
1063	0
1064	-3
1065	0
1066	-2
1067	-1
1068	-2
1069	0
1070	-2
1071	-2
1072	-2
1073	-1
1074	-2
1075	-1
1076	-2
1077	-2
1078	-2
1079	-1
1080	-3
1081	0
1082	-2
1083	-1
1084	-2
1085	0
1086	-2
1087	0
1088	-4
1089	0
1090	-3
1091	0
1092	-2
1093	0
1094	-2
1095	-1
1096	-2
1097	-1
1098	-1
1099	-1
1100	-3
1101	0
1102	-2
1103	0
1104	-3
1105	0
1106	-2
1107	0
1108	-3
1109	-1
1110	-2
1111	0
1112	-1
1113	0
1114	-1
1115	0
1116	-1
1117	0
1118	-3
1119	-2
1120	-2
1121	-1
1122	-2
1123	-1
1124	-2
1125	-2
1126	-4
1127	0
1128	-2
1129	0
1130	-1
1131	-1
1132	-3
1133	-1
1134	-4
1135	0
1136	-2
1137	0
1138	-1
1139	0
1140	-2
1141	-1
1142	-2
1143	0
1144	-1
1145	0
1146	-4
1147	0
1148	-3
1149	-1
1150	-3
1151	0
1152	-3
1153	0
1154	-4
1155	-1
1156	-1
1157	0
1158	-2
1159	-2
1160	-2
1161	-1
1162	-2
1163	0
1164	-2
1165	0
1166	-2
1167	-1
1168	-3
1169	-1
1170	-4
1171	0
1172	-2
1173	0
1174	-2
1175	0
1176	-2
1177	-1
1178	-2
1179	-1
1180	-2
1181	-1
1182	-2
1183	-1
1184	-3
1185	0
1186	-4
1187	-1
1188	-3
1189	-1
1190	-4
1191	-2
1192	-3
1193	-1
1194	-3
1195	-1
1196	-2
1197	-1
1198	-3
1199	-1
1200	-3
1201	0
1202	-2
1203	0
1204	-1
1205	-1
1206	-2
1207	-1
1208	0
1209	0
1210	-1
1211	0
1212	-1
1213	0
1214	0
1215	0
1216	0
1217	0
1218	-2
1219	0
1220	-1
1221	0
1222	-2
1223	0
1224	-2
1225	0
1226	-1
1227	0
1228	-2
1229	-1
1230	-2
1231	0
1232	-4
1233	-1
1234	-3
1235	-1
1236	-3
1237	-1
1238	-2
1239	-2
1240	-4
1241	-2
1242	-2
1243	-2
1244	-3
1245	0
1246	-2
1247	0
1248	-2
1249	-1
1250	-2
1251	-1
1252	-3
1253	0
1254	-3
1255	0
1256	-2
1257	-1
1258	-2
1259	0
1260	-2
1261	-1
1262	-2
1263	-1
1264	-2
1265	-1
1266	-2
1267	-1
1268	-3
1269	0
1270	-2
1271	-1
1272	-3
1273	-1
1274	-4
1275	-1
1276	-3
1277	-1
1278	-3
1279	-2
1280	-2
1281	-1
1282	-2
1283	-3
1284	-1
1285	-1
1286	-1
1287	-1
1288	-2
1289	0
1290	-1
1291	0
1292	-2
1293	-1
1294	-3
1295	-1
1296	-1
1297	0
1298	-2
1299	0
1300	-1
1301	0
1302	-3
1303	0
1304	-3
1305	-1
1306	-2
1307	-1
1308	-2
1309	-1
1310	-2
1311	0
1312	-2
1313	0
1314	-2
1315	0
1316	-2
1317	0
1318	-1
1319	0
1320	-2
1321	-1
1322	-3
1323	-1
1324	-3
1325	-2
1326	-4
1327	-2
1328	-4
1329	-1
1330	-3
1331	-2
1332	-2
1333	-3
1334	-3
1335	-1
1336	-2
1337	-1
1338	-2
1339	-1
1340	-2
1341	0
1342	-2
1343	0
1344	-3
1345	0
1346	-2
1347	-1
1348	0
1349	0
1350	-1
1351	0
1352	-2
1353	0
1354	0
1355	0
1356	0
1357	0
1358	-1
1359	0
1360	-1
1361	0
1362	-3
1363	-1
1364	-2
1365	-1
1366	-2
1367	-1
1368	-3
1369	-1
1370	-2
1371	-1
1372	-2
1373	0
1374	-3
1375	-1
1376	-2
1377	0
1378	-2
1379	0
1380	-2
1381	-1
1382	-2
1383	0
1384	-2
1385	0
1386	-3
1387	-1
1388	-3
1389	0
1390	-2
1391	-1
1392	-2
1393	-1
1394	-3
1395	0
1396	-1
1397	-2
1398	-1
1399	-1
1400	-2
1401	-1
1402	-1
1403	-1
1404	-2
1405	-1
1406	-2
1407	0
1408	-3
1409	0
1410	-1
1411	0
1412	-1
1413	0
1414	-2
1415	-1
1416	-3
1417	0
1418	-2
1419	0
1420	-3
1421	0
1422	-2
1423	0
1424	-2
1425	0
1426	-2
1427	0
1428	-2
1429	0
1430	-2
1431	0
1432	-2
1433	0
1434	-3
1435	0
1436	-3
1437	-1
1438	-3
1439	0
1440	-2
1441	-1
1442	-2
1443	0
1444	-2
1445	0
1446	-1
1447	0
1448	-1
1449	0
1450	-1
1451	0
1452	-1
1453	0
1454	-1
1455	-1
1456	-1
1457	0
1458	-2
1459	0
1460	-2
1461	-1
1462	-3
1463	-1
1464	-3
1465	-2
1466	-3
1467	-1
1468	-3
1469	-1
1470	-3
1471	-1
1472	-2
1473	-1
1474	-2
1475	-2
1476	-2
1477	0
1478	-3
1479	-1
1480	-2
1481	0
1482	-2
1483	-1
1484	-2
1485	-1
1486	-3
1487	0
1488	-1
1489	0
1490	-1
1491	0
1492	-1
1493	0
1494	0
1495	0
1496	0
1497	-1
1498	-1
1499	0
1500	0
1501	0
1502	-2
1503	0
1504	-1
1505	0
1506	0
1507	0
1508	-2
1509	0
1510	-1
1511	0
1512	-2
1513	0
1514	-1
1515	0
1516	-2
1517	-1
1518	-2
1519	0
1520	-2
1521	-1
1522	-2
1523	-1
1524	-3
1525	0
1526	-2
1527	0
1528	-2
1529	0
1530	-2
1531	-1
1532	-2
1533	-2
1534	-3
1535	-1
1536	-2
1537	0
1538	-2
1539	-1
1540	-1
1541	-1
1542	-1
1543	0
1544	-2
1545	-1
1546	-1
1547	0
1548	-1
1549	-1
1550	-1
1551	0
1552	-1
1553	0
1554	-2
1555	0
1556	-1
1557	0
1558	-1
1559	-1
1560	-1
1561	0
1562	-2
1563	-1
1564	-1
1565	0
1566	-2
1567	0
1568	-2
1569	0
1570	-1
1571	0
1572	-1
1573	0
1574	-1
1575	0
1576	-1
1577	0
1578	-1
1579	0
1580	-1
1581	0
1582	-2
1583	0
1584	-1
1585	0
1586	-3
1587	0
1588	-1
1589	-1
1590	-1
1591	0
1592	-1
1593	0
1594	-1
1595	0
1596	-1
1597	0
1598	-1
1599	0
1600	-2
1601	-1
1602	-1
1603	0
1604	-2
1605	0
1606	-1
1607	0
1608	-1
1609	0
1610	0
1611	0
1612	-1
1613	0
1614	-1
1615	0
1616	-1
1617	0
1618	0
1619	0
1620	-1
1621	0
1622	0
1623	0
1624	-1
1625	0
1626	-1
1627	-1
1628	-1
1629	0
1630	0
1631	-1
1632	-1
1633	-1
1634	-1
1635	0
1636	-2
1637	0
1638	-1
1639	0
1640	-1
1641	-1
1642	-2
1643	-1
1644	-2
1645	-1
1646	-3
1647	0
1648	-3
1649	-1
1650	-3
1651	-1
1652	-3
1653	-1
1654	-1
1655	0
1656	-2
1657	-1
1658	-1
1659	-1
1660	-1
1661	-1
1662	-1
1663	0
1664	-1
1665	0
1666	-1
1667	0
1668	0
1669	0
1670	0
1671	0
1672	0
1673	0
1674	0
1675	1
1676	0
1677	0
1678	0
1679	0
1680	0
1681	0
1682	0
1683	0
1684	-1
1685	0
1686	-2
1687	0
1688	-2
1689	0
1690	-1
1691	0
1692	-2
1693	0
1694	-1
1695	0
1696	0
1697	0
1698	0
1699	0
1700	-1
1701	1
1702	0
1703	1
1704	0
1705	1
1706	0
1707	1
1708	0
1709	1
1710	0
1711	1
1712	0
1713	1
1714	0
1715	0
1716	0
1717	0
1718	0
1719	0
1720	0
1721	0
1722	0
1723	0
1724	-1
1725	0
1726	0
1727	0
1728	-1
1729	0
1730	-1
1731	0
1732	-2
1733	0
1734	-1
1735	0
1736	-1
1737	0
1738	-1
1739	0
1740	0
1741	0
1742	0
1743	0
1744	-1
1745	0
1746	-1
1747	0
1748	-1
1749	0
1750	-1
1751	0
1752	0
1753	0
1754	-1
1755	0
1756	-1
1757	0
1758	-1
1759	0
1760	-1
1761	0
1762	-1
1763	0
1764	-1
1765	0
1766	-1
1767	0
1768	0
1769	0
1770	0
1771	0
1772	-1
1773	0
1774	-1
1775	0
1776	0
1777	0
1778	-1
1779	0
1780	-2
1781	0
1782	-1
1783	0
1784	-1
1785	0
1786	-1
1787	0
1788	-2
1789	0
1790	-1
1791	0
1792	-1
1793	0
1794	-1
1795	0
1796	-1
1797	0
1798	-1
1799	0
1800	0
1801	0
1802	0
1803	0
1804	-1
1805	0
1806	0
1807	0
1808	0
1809	0
1810	0
1811	0
1812	-1
1813	0
1814	-1
1815	0
1816	-1
1817	0
1818	-1
1819	-1
1820	-1
1821	0
1822	-1
1823	0
1824	0
1825	0
1826	-1
1827	0
1828	0
1829	-1
1830	-1
1831	0
1832	0
1833	0
1834	0
1835	-1
1836	-1
1837	0
1838	-1
1839	0
1840	-1
1841	0
1842	0
1843	0
1844	0
1845	0
1846	0
1847	0
1848	0
1849	0
1850	-1
1851	0
1852	-1
1853	-1
1854	0
1855	0
1856	-1
1857	-1
1858	-1
1859	0
1860	-1
1861	-1
1862	-2
1863	0
1864	0
1865	-1
1866	-2
1867	0
1868	0
1869	0
1870	-1
1871	0
1872	-2
1873	0
1874	-3
1875	0
1876	0
1877	0
1878	-1
1879	0
1880	0
1881	0
1882	0
1883	0
1884	-1
1885	0
1886	-1
1887	0
1888	-1
1889	0
1890	-1
1891	0
1892	0
1893	0
1894	-1
1895	0
1896	-2
1897	0
1898	-1
1899	0
1900	-1
1901	0
1902	-1
1903	0
1904	-1
1905	0
1906	0
1907	0
1908	-1
1909	0
1910	-1
1911	0
1912	0
1913	0
1914	-1
1915	0
1916	0
1917	0
1918	-1
1919	0
1920	-1
1921	0
1922	-1
1923	0
1924	0
1925	0
1926	-1
1927	0
1928	0
1929	0
1930	-1
1931	0
1932	0
1933	0
1934	0
1935	0
1936	-1
1937	0
1938	-1
1939	0
1940	0
1941	0
1942	-1
1943	0
1944	-2
1945	-1
1946	-2
1947	-1
1948	-1
1949	0
1950	-1
1951	0
1952	-2
1953	-1
1954	-1
1955	0
1956	-2
1957	0
1958	-2
1959	0
1960	0
1961	0
1962	0
1963	0
1964	-1
1965	0
1966	-1
1967	0
1968	-1
1969	0
1970	-2
1971	0
1972	-1
1973	0
1974	0
1975	0
1976	-1
1977	0
1978	-1
1979	0
1980	-1
1981	0
1982	-1
1983	0
1984	-1
1985	0
1986	-2
1987	0
1988	-2
1989	-1
1990	-2
1991	0
1992	0
1993	0
1994	-1
1995	0
1996	0
1997	0
1998	0
1999	0
