0	0
1	1
2	0
3	1
4	0
5	0
6	0
7	0
8	0
9	1
10	0
11	1
12	0
13	0
14	0
15	0
16	0
17	0
18	0
19	0
20	0
21	0
22	0
23	0
24	0
25	0
26	0
27	0
28	0
29	1
30	0
31	2
32	0
33	1
34	0
35	0
36	0
37	0
38	0
39	1
40	0
41	1
42	0
43	0
44	0
45	0
46	0
47	0
48	0
49	0
50	0
51	0
52	0
53	1
54	0
55	0
56	0
57	0
58	0
59	1
60	0
61	1
62	0
63	0
64	0
65	0
66	0
67	0
68	0
69	0
70	0
71	0
72	0
73	0
74	0
75	0
76	0
77	0
78	0
79	0
80	0
81	0
82	0
83	0
84	0
85	0
86	0
87	0
88	0
89	0
90	0
91	0
92	0
93	0
94	0
95	0
96	0
97	0
98	0
99	0
100	0
101	0
102	0
103	0
104	0
105	0
106	0
107	0
108	0
109	0
110	0
111	0
112	0
113	0
114	0
115	0
116	0
117	0
118	0
119	0
120	0
121	0
122	0
123	0
124	0
125	0
126	0
127	0
128	0
129	0
130	0
131	0
132	0
133	0
134	0
135	0
136	0
137	0
138	0
139	0
140	0
141	0
142	0
143	0
144	0
145	0
146	0
147	0
148	0
149	0
150	0
151	0
152	0
153	0
154	0
155	0
156	0
157	1
158	0
159	0
160	0
161	0
162	0
163	0
164	0
165	0
166	0
167	0
168	0
169	0
170	0
171	0
172	0
173	0
174	0
175	0
176	0
177	0
178	0
179	0
180	0
181	0
182	0
183	0
184	0
185	0
186	0
187	0
188	0
189	0
190	0
191	0
192	0
193	0
194	0
195	0
196	0
197	0
198	0
199	0
200	0
201	0
202	0
203	0
204	0
205	0
206	0
207	0
208	0
209	0
210	0
211	0
212	0
213	0
214	0
215	0
216	0
217	0
218	0
219	0
220	0
221	0
222	0
223	0
224	0
225	0
226	0
227	0
228	0
229	0
230	0
231	0
232	0
233	1
234	0
235	1
236	0
237	1
238	0
239	0
240	0
241	0
242	0
243	1
244	0
245	0
246	1
247	1
248	0
249	0
250	0
251	1
252	0
253	1
254	0
255	0
256	0
257	1
258	0
259	1
260	1
261	1
262	0
263	1
264	0
265	1
266	0
267	1
268	0
269	0
270	1
271	1
272	1
273	1
274	0
275	2
276	1
277	2
278	1
279	1
280	0
281	1
282	0
283	1
284	1
285	1
286	0
287	0
288	0
289	1
290	0
291	1
292	0
293	0
294	0
295	0
296	0
297	0
298	0
299	0
300	0
301	0
302	0
303	0
304	0
305	0
306	0
307	0
308	0
309	1
310	0
311	0
312	0
313	0
314	0
315	0
316	0
317	1
318	0
319	0
320	0
321	1
322	0
323	0
324	0
325	0
326	0
327	0
328	0
329	0
330	0
331	0
332	0
333	0
334	0
335	0
336	0
337	0
338	0
339	1
340	0
341	1
342	0
343	0
344	0
345	0
346	0
347	0
348	0
349	0
350	0
351	0
352	0
353	0
354	0
355	0
356	0
357	0
358	0
359	0
360	0
361	0
362	0
363	0
364	-1
365	0
366	0
367	0
368	0
369	0
370	0
371	0
372	0
373	0
374	0
375	0
376	0
377	0
378	0
379	0
380	0
381	0
382	0
383	0
384	0
385	0
386	0
387	0
388	0
389	0
390	0
391	0
392	0
393	0
394	0
395	0
396	0
397	0
398	0
399	0
400	0
401	0
402	0
403	0
404	0
405	0
406	-1
407	0
408	0
409	0
410	0
411	0
412	0
413	0
414	0
415	0
416	0
417	0
418	0
419	0
420	0
421	0
422	-1
423	0
424	-1
425	0
426	0
427	0
428	0
429	0
430	0
431	0
432	-1
433	0
434	0
435	0
436	0
437	0
438	0
439	0
440	0
441	0
442	0
443	0
444	0
445	0
446	0
447	0
448	0
449	1
450	1
451	1
452	0
453	2
454	2
455	3
456	1
457	2
458	2
459	3
460	4
461	5
462	5
463	7
464	6
465	11
466	10
467	13
468	13
469	16
470	16
471	19
472	20
473	26
474	25
475	29
476	29
477	34
478	34
479	39
480	39
481	44
482	44
483	47
484	46
485	52
486	51
487	56
488	55
489	59
490	59
491	62
492	62
493	64
494	63
495	64
496	64
497	65
498	67
499	78
500	62
501	71
502	66
503	71
504	69
505	71
506	68
507	70
508	67
509	69
510	66
511	69
512	66
513	68
514	64
515	67
516	62
517	63
518	60
519	62
520	58
521	60
522	57
523	57
524	54
525	54
526	53
527	53
528	50
529	50
530	46
531	50
532	45
533	48
534	43
535	45
536	41
537	42
538	39
539	40
540	37
541	39
542	34
543	37
544	33
545	35
546	31
547	33
548	28
549	32
550	27
551	28
552	26
553	27
554	23
555	25
556	20
557	24
558	19
559	23
560	17
561	20
562	16
563	18
564	16
565	16
566	15
567	15
568	14
569	14
570	13
571	13
572	12
573	13
574	12
575	13
576	11
577	11
578	8
579	11
580	7
581	11
582	7
583	10
584	6
585	9
586	5
587	8
588	2
589	6
590	1
591	7
592	1
593	4
594	1
595	4
596	0
597	3
598	1
599	3
600	0
601	2
602	0
603	1
604	0
605	1
606	0
607	0
608	0
609	1
610	0
611	1
612	0
613	0
614	0
615	0
616	0
617	0
618	0
619	0
620	0
621	0
622	0
623	0
624	0
625	0
626	0
627	0
628	0
629	0
630	0
631	0
632	0
633	0
634	0
635	0
636	0
637	0
638	0
639	0
640	0
641	0
642	0
643	0
644	-1
645	0
646	0
647	0
648	0
649	0
650	0
651	0
652	0
653	0
654	0
655	0
656	0
657	0
658	-1
659	0
660	-2
661	0
662	0
663	0
664	-1
665	0
666	-1
667	0
668	-1
669	0
670	-2
671	0
672	-1
673	0
674	0
675	0
676	0
677	0
678	-1
679	0
680	-2
681	0
682	-1
683	0
684	-1
685	0
686	0
687	0
688	0
689	0
690	0
691	0
692	0
693	0
694	-1
695	0
696	-1
697	0
698	-1
699	0
700	-3
701	0
702	-1
703	0
704	0
705	0
706	0
707	0
708	-1
709	0
710	0
711	0
712	0
713	0
714	0
715	0
716	-1
717	0
718	-2
719	0
720	-1
721	0
722	-1
723	0
724	-2
725	0
726	0
727	0
728	-1
729	0
730	-1
731	0
732	0
733	0
734	0
735	0
736	0
737	0
738	0
739	0
740	-1
741	0
742	-1
743	0
744	0
745	0
746	-1
747	0
748	-1
749	0
750	0
751	0
752	-1
753	0
754	0
755	0
756	-1
757	0
758	-2
759	0
760	-1
761	0
762	-2
763	0
764	-1
765	0
766	0
767	0
768	-1
769	0
770	0
771	0
772	-1
773	0
774	0
775	0
776	-2
777	0
778	-1
779	0
780	-1
781	0
782	-1
783	0
784	-1
785	0
786	-1
787	0
788	-1
789	-1
790	-1
791	0
792	-1
793	0
794	-1
795	0
796	-1
797	-1
798	-1
799	0
800	-1
801	0
802	-1
803	0
804	-1
805	0
806	0
807	0
808	-1
809	0
810	-1
811	0
812	-1
813	0
814	0
815	0
816	0
817	0
818	-1
819	0
820	-2
821	0
822	-1
823	0
824	-1
825	0
826	-2
827	0
828	0
829	0
830	-1
831	0
832	-1
833	0
834	-1
835	0
836	0
837	0
838	-1
839	0
840	0
841	0
842	-1
843	0
844	0
845	0
846	-1
847	0
848	-1
849	0
850	0
851	0
852	0
853	0
854	-2
855	0
856	-1
857	0
858	-1
859	0
860	-1
861	0
862	-2
863	0
864	-1
865	0
866	-2
867	0
868	-1
869	0
870	-1
871	0
872	-1
873	0
874	-2
875	0
876	-2
877	0
878	-1
879	-1
880	-2
881	0
882	-3
883	-1
884	-4
885	-1
886	-2
887	0
888	-1
889	-1
890	-1
891	0
892	-1
893	0
894	0
895	0
896	0
897	0
898	-1
899	0
900	-1
901	0
902	-1
903	0
904	-1
905	0
906	0
907	0
908	0
909	0
910	-1
911	0
912	0
913	0
914	0
915	0
916	-2
917	0
918	0
919	0
920	0
921	0
922	0
923	0
924	0
925	0
926	0
927	0
928	0
929	0
930	0
931	1
932	0
933	0
934	0
935	0
936	0
937	0
938	-1
939	0
940	0
941	0
942	0
943	1
944	0
945	0
946	0
947	0
948	0
949	0
950	0
951	1
952	-1
953	0
954	0
955	0
956	-1
957	0
958	0
959	0
960	0
961	0
962	-1
963	0
964	-1
965	0
966	0
967	0
968	-1
969	0
970	-1
971	0
972	0
973	0
974	0
975	0
976	-1
977	-1
978	-2
979	0
980	0
981	0
982	-2
983	0
984	-2
985	0
986	-1
987	0
988	-1
989	0
990	0
991	0
992	-1
993	0
994	-1
995	0
996	-2
997	0
998	-1
999	0
1000	-1
1001	0
1002	-1
1003	0
1004	-1
1005	0
1006	-1
1007	0
1008	-2
1009	0
1010	-1
1011	0
1012	-1
1013	0
1014	-2
1015	0
1016	0
1017	0
1018	-1
1019	0
1020	-1
1021	0
1022	-1
1023	0
1024	-3
1025	0
1026	-1
1027	0
1028	-2
1029	0
1030	-1
1031	0
1032	-2
1033	0
1034	-1
1035	0
1036	-1
1037	0
1038	-1
1039	0
1040	-2
1041	0
1042	-2
1043	0
1044	-2
1045	0
1046	-2
1047	0
1048	-1
1049	0
1050	-2
1051	0
1052	-2
1053	0
1054	-2
1055	0
1056	-2
1057	-1
1058	-1
1059	0
1060	0
1061	0
1062	-2
1063	0
1064	-1
1065	0
1066	-1
1067	0
1068	-1
1069	0
1070	-2
1071	0
1072	-3
1073	0
1074	-2
1075	0
1076	-2
1077	0
1078	-1
1079	0
1080	0
1081	0
1082	-1
1083	-1
1084	-1
1085	0
1086	0
1087	0
1088	-1
1089	0
1090	-1
1091	0
1092	-1
1093	0
1094	-1
1095	0
1096	-1
1097	0
1098	-1
1099	-1
1100	-1
1101	0
1102	-2
1103	-1
1104	-1
1105	-1
1106	-1
1107	0
1108	-2
1109	-1
1110	-2
1111	0
1112	-2
1113	0
1114	-2
1115	-1
1116	-1
1117	0
1118	-1
1119	0
1120	-1
1121	0
1122	-2
1123	0
1124	-2
1125	0
1126	-2
1127	-1
1128	0
1129	0
1130	-1
1131	0
1132	-1
1133	0
1134	-2
1135	0
1136	-3
1137	-1
1138	-1
1139	0
1140	-1
1141	0
1142	-1
1143	-1
1144	-2
1145	0
1146	0
1147	0
1148	0
1149	-1
1150	-1
1151	0
1152	-3
1153	0
1154	0
1155	0
1156	-1
1157	0
1158	-1
1159	0
1160	-2
1161	0
1162	-3
1163	0
1164	-2
1165	0
1166	-2
1167	0
1168	-2
1169	0
1170	-2
1171	0
1172	-1
1173	0
1174	-1
1175	0
1176	-2
1177	0
1178	-1
1179	0
1180	-1
1181	-1
1182	-2
1183	-1
1184	-1
1185	0
1186	-2
1187	-1
1188	-3
1189	-1
1190	-2
1191	0
1192	-1
1193	0
1194	-2
1195	0
1196	-1
1197	-1
1198	-2
1199	0
1200	-1
1201	0
1202	-1
1203	-1
1204	-1
1205	0
1206	-1
1207	0
1208	-1
1209	0
1210	-1
1211	0
1212	-1
1213	0
1214	-1
1215	0
1216	-2
1217	0
1218	-1
1219	0
1220	-2
1221	0
1222	-1
1223	0
1224	-2
1225	0
1226	-2
1227	0
1228	-1
1229	0
1230	-1
1231	0
1232	-1
1233	0
1234	-2
1235	0
1236	-1
1237	0
1238	-1
1239	0
1240	-1
1241	0
1242	0
1243	0
1244	0
1245	0
1246	0
1247	0
1248	0
1249	0
1250	0
1251	0
1252	0
1253	0
1254	-1
1255	0
1256	0
1257	0
1258	0
1259	0
1260	0
1261	1
1262	0
1263	0
1264	-1
1265	0
1266	0
1267	0
1268	0
1269	0
1270	-1
1271	0
1272	0
1273	0
1274	-1
1275	1
1276	-1
1277	0
1278	0
1279	0
1280	-1
1281	0
1282	0
1283	0
1284	-1
1285	0
1286	-1
1287	0
1288	-1
1289	0
1290	-1
1291	0
1292	-1
1293	0
1294	-1
1295	0
1296	-1
1297	0
1298	-1
1299	0
1300	-1
1301	0
1302	-2
1303	0
1304	-2
1305	0
1306	-1
1307	0
1308	-1
1309	0
1310	-1
1311	0
1312	-2
1313	0
1314	-1
1315	0
1316	0
1317	0
1318	0
1319	0
1320	-1
1321	0
1322	-2
1323	0
1324	-2
1325	0
1326	-1
1327	0
1328	-1
1329	0
1330	-1
1331	0
1332	0
1333	0
1334	0
1335	0
1336	0
1337	0
1338	-2
1339	0
1340	0
1341	0
1342	0
1343	0
1344	0
1345	0
1346	-3
1347	0
1348	-2
1349	0
1350	-1
1351	0
1352	-1
1353	0
1354	0
1355	-1
1356	0
1357	-1
1358	-1
1359	0
1360	-1
1361	0
1362	-2
1363	0
1364	-1
1365	0
1366	-2
1367	0
1368	-2
1369	0
1370	-1
1371	0
1372	-2
1373	0
1374	-2
1375	0
1376	0
1377	0
1378	-1
1379	0
1380	0
1381	0
1382	0
1383	0
1384	-1
1385	0
1386	-1
1387	0
1388	-1
1389	0
1390	-1
1391	0
1392	-1
1393	0
1394	-2
1395	0
1396	-2
1397	0
1398	-1
1399	0
1400	-1
1401	0
1402	0
1403	0
1404	-1
1405	0
1406	-1
1407	0
1408	-1
1409	0
1410	-1
1411	0
1412	-1
1413	0
1414	-1
1415	0
1416	-1
1417	0
1418	-2
1419	0
1420	-1
1421	0
1422	-1
1423	0
1424	-1
1425	0
1426	-1
1427	-1
1428	0
1429	0
1430	0
1431	0
1432	-1
1433	0
1434	-1
1435	0
1436	-1
1437	-1
1438	-1
1439	0
1440	-1
1441	0
1442	0
1443	0
1444	-2
1445	0
1446	-1
1447	-1
1448	0
1449	-1
1450	-1
1451	0
1452	0
1453	0
1454	-1
1455	0
1456	0
1457	0
1458	0
1459	0
1460	-1
1461	0
1462	0
1463	0
1464	-1
1465	0
1466	-1
1467	0
1468	-1
1469	0
1470	-1
1471	0
1472	-2
1473	0
1474	-1
1475	0
1476	-1
1477	0
1478	0
1479	0
1480	-1
1481	0
1482	0
1483	0
1484	-1
1485	0
1486	0
1487	0
1488	-2
1489	0
1490	-2
1491	0
1492	-2
1493	0
1494	-2
1495	0
1496	-2
1497	0
1498	-2
1499	-1
1500	-2
1501	0
1502	-2
1503	0
1504	-2
1505	-1
1506	-2
1507	0
1508	-2
1509	0
1510	-1
1511	0
1512	-1
1513	0
1514	-1
1515	0
1516	-1
1517	0
1518	-1
1519	0
1520	0
1521	0
1522	0
1523	0
1524	-2
1525	0
1526	-1
1527	0
1528	-1
1529	0
1530	0
1531	0
1532	-1
1533	0
1534	-2
1535	0
1536	0
1537	0
1538	-1
1539	0
1540	-2
1541	0
1542	-2
1543	0
1544	-1
1545	0
1546	-1
1547	0
1548	-1
1549	0
1550	-2
1551	0
1552	-1
1553	0
1554	-2
1555	0
1556	-1
1557	0
1558	0
1559	-1
1560	-1
1561	0
1562	-1
1563	0
1564	-1
1565	0
1566	-1
1567	0
1568	0
1569	0
1570	0
1571	0
1572	-1
1573	0
1574	-1
1575	0
1576	0
1577	0
1578	0
1579	0
1580	-1
1581	0
1582	-1
1583	0
1584	-1
1585	0
1586	0
1587	0
1588	-2
1589	0
1590	-2
1591	0
1592	0
1593	0
1594	0
1595	0
1596	-2
1597	0
1598	-1
1599	0
1600	-1
1601	-1
1602	-2
1603	0
1604	-1
1605	0
1606	-1
1607	0
1608	-1
1609	-1
1610	0
1611	0
1612	-1
1613	0
1614	-2
1615	0
1616	-1
1617	0
1618	-1
1619	0
1620	-2
1621	0
1622	-2
1623	0
1624	-1
1625	0
1626	-1
1627	0
1628	0
1629	0
1630	0
1631	0
1632	-1
1633	0
1634	-1
1635	0
1636	0
1637	0
1638	-1
1639	0
1640	-1
1641	0
1642	0
1643	0
1644	0
1645	0
1646	-1
1647	0
1648	-1
1649	0
1650	-2
1651	0
1652	-1
1653	0
1654	0
1655	0
1656	0
1657	0
1658	-1
1659	0
1660	0
1661	0
1662	0
1663	0
1664	0
1665	0
1666	0
1667	0
1668	0
1669	0
1670	-1
1671	0
1672	0
1673	0
1674	-1
1675	0
1676	-1
1677	0
1678	0
1679	0
1680	-1
1681	0
1682	-1
1683	0
1684	-2
1685	-1
1686	-1
1687	0
1688	-2
1689	-1
1690	0
1691	0
1692	-1
1693	0
1694	-2
1695	0
1696	-1
1697	0
1698	-1
1699	0
1700	0
1701	0
1702	0
1703	0
1704	0
1705	0
1706	0
1707	0
1708	0
1709	0
1710	0
1711	0
1712	0
1713	0
1714	0
1715	1
1716	0
1717	0
1718	0
1719	0
1720	0
1721	1
1722	0
1723	0
1724	0
1725	0
1726	0
1727	0
1728	0
1729	0
1730	0
1731	0
1732	0
1733	0
1734	0
1735	0
1736	0
1737	0
1738	0
1739	0
1740	0
1741	1
1742	0
1743	1
1744	0
1745	0
1746	0
1747	0
1748	0
1749	0
1750	0
1751	0
1752	0
1753	0
1754	-1
1755	0
1756	0
1757	0
1758	0
1759	0
1760	0
1761	0
1762	0
1763	0
1764	0
1765	0
1766	0
1767	0
1768	0
1769	0
1770	0
1771	0
1772	0
1773	0
1774	-1
1775	0
1776	-1
1777	-1
1778	0
1779	0
1780	0
1781	0
1782	-1
1783	0
1784	-1
1785	0
1786	0
1787	0
1788	0
1789	0
1790	0
1791	0
1792	0
1793	0
1794	0
1795	0
1796	-1
1797	0
1798	0
1799	0
1800	0
1801	0
1802	0
1803	0
1804	0
1805	0
1806	-1
1807	0
1808	0
1809	0
1810	0
1811	0
1812	0
1813	0
1814	-1
1815	0
1816	0
1817	0
1818	0
1819	-1
1820	0
1821	0
1822	-2
1823	0
1824	-1
1825	0
1826	-1
1827	0
1828	0
1829	0
1830	0
1831	0
1832	-1
1833	0
1834	-1
1835	0
1836	-1
1837	0
1838	-1
1839	0
1840	0
1841	0
1842	-1
1843	0
1844	0
1845	0
1846	0
1847	0
1848	0
1849	0
1850	0
1851	0
1852	0
1853	0
1854	-1
1855	0
1856	0
1857	0
1858	0
1859	0
1860	-1
1861	0
1862	0
1863	0
1864	-1
1865	0
1866	-1
1867	0
1868	-1
1869	0
1870	-1
1871	0
1872	0
1873	0
1874	0
1875	0
1876	0
1877	0
1878	-1
1879	0
1880	0
1881	0
1882	0
1883	0
1884	0
1885	0
1886	0
1887	0
1888	-1
1889	0
1890	-1
1891	0
1892	0
1893	0
1894	0
1895	-1
1896	0
1897	0
1898	0
1899	0
1900	0
1901	0
1902	-1
1903	0
1904	-1
1905	0
1906	-1
1907	0
1908	-1
1909	0
1910	0
1911	0
1912	-1
1913	0
1914	-1
1915	0
1916	0
1917	0
1918	0
1919	0
1920	-1
1921	0
1922	-1
1923	0
1924	-1
1925	0
1926	-2
1927	0
1928	-1
1929	0
1930	0
1931	0
1932	0
1933	0
1934	0
1935	0
1936	0
1937	0
1938	0
1939	0
1940	0
1941	0
1942	-1
1943	0
1944	-1
1945	0
1946	-1
1947	0
1948	-1
1949	0
1950	-1
1951	0
1952	0
1953	0
1954	0
1955	0
1956	-1
1957	0
1958	0
1959	0
1960	0
1961	0
1962	-1
1963	0
1964	-1
1965	0
1966	-1
1967	0
1968	-1
1969	0
1970	-2
1971	0
1972	-1
1973	0
1974	0
1975	0
1976	0
1977	0
1978	0
1979	0
1980	0
1981	0
1982	0
1983	1
1984	0
1985	0
1986	0
1987	0
1988	0
1989	0
1990	0
1991	1
1992	0
1993	0
1994	0
1995	1
1996	0
1997	0
1998	0
1999	1
