0	0
1	0
2	0
3	0
4	0
5	0
6	0
7	0
8	0
9	0
10	0
11	0
12	0
13	0
14	0
15	0
16	0
17	0
18	0
19	0
20	0
21	0
22	0
23	0
24	0
25	0
26	0
27	0
28	0
29	0
30	0
31	0
32	0
33	0
34	0
35	0
36	0
37	0
38	0
39	0
40	0
41	1
42	0
43	0
44	0
45	0
46	0
47	0
48	0
49	0
50	0
51	0
52	0
53	0
54	0
55	0
56	0
57	0
58	0
59	0
60	0
61	0
62	0
63	0
64	0
65	0
66	0
67	0
68	0
69	0
70	0
71	0
72	0
73	0
74	0
75	0
76	0
77	0
78	0
79	0
80	0
81	0
82	0
83	0
84	0
85	0
86	0
87	0
88	0
89	0
90	0
91	0
92	0
93	0
94	0
95	0
96	0
97	0
98	0
99	0
100	0
101	0
102	0
103	0
104	0
105	0
106	0
107	0
108	0
109	0
110	0
111	0
112	0
113	0
114	0
115	0
116	0
117	0
118	0
119	0
120	0
121	0
122	0
123	0
124	0
125	0
126	0
127	0
128	0
129	0
130	0
131	0
132	0
133	0
134	0
135	0
136	0
137	0
138	0
139	0
140	0
141	0
142	0
143	0
144	0
145	0
146	0
147	0
148	0
149	0
150	0
151	0
152	0
153	0
154	0
155	0
156	0
157	0
158	0
159	0
160	0
161	0
162	0
163	0
164	0
165	0
166	0
167	0
168	0
169	0
170	0
171	0
172	0
173	0
174	0
175	0
176	0
177	0
178	0
179	0
180	0
181	0
182	0
183	0
184	0
185	0
186	0
187	0
188	0
189	0
190	0
191	0
192	0
193	0
194	0
195	0
196	0
197	0
198	0
199	0
200	0
201	0
202	0
203	0
204	0
205	0
206	0
207	0
208	0
209	0
210	0
211	0
212	0
213	0
214	0
215	0
216	0
217	0
218	0
219	0
220	0
221	0
222	0
223	0
224	0
225	0
226	0
227	0
228	0
229	0
230	0
231	0
232	0
233	0
234	0
235	0
236	0
237	0
238	0
239	0
240	0
241	0
242	0
243	0
244	0
245	0
246	0
247	0
248	0
249	0
250	0
251	0
252	0
253	0
254	0
255	0
256	0
257	0
258	0
259	0
260	0
261	0
262	0
263	0
264	0
265	0
266	0
267	0
268	0
269	1
270	1
271	0
272	0
273	0
274	0
275	0
276	0
277	0
278	0
279	0
280	0
281	0
282	0
283	0
284	0
285	0
286	0
287	0
288	0
289	0
290	0
291	0
292	0
293	0
294	0
295	0
296	0
297	0
298	0
299	0
300	0
301	0
302	0
303	0
304	0
305	0
306	0
307	0
308	0
309	0
310	0
311	0
312	0
313	0
314	0
315	0
316	0
317	0
318	0
319	0
320	0
321	0
322	0
323	0
324	0
325	0
326	0
327	0
328	0
329	0
330	0
331	0
332	0
333	0
334	0
335	0
336	0
337	0
338	0
339	0
340	0
341	0
342	0
343	1
344	0
345	0
346	0
347	0
348	0
349	1
350	0
351	1
352	0
353	0
354	0
355	1
356	0
357	0
358	0
359	0
360	0
361	0
362	0
363	1
364	0
365	0
366	0
367	0
368	0
369	1
370	0
371	0
372	0
373	0
374	0
375	0
376	0
377	0
378	0
379	0
380	0
381	0
382	0
383	0
384	0
385	0
386	0
387	0
388	0
389	0
390	0
391	0
392	0
393	0
394	0
395	0
396	0
397	0
398	0
399	0
400	0
401	0
402	0
403	0
404	0
405	0
406	0
407	0
408	0
409	0
410	0
411	0
412	0
413	0
414	0
415	0
416	0
417	-1
418	0
419	0
420	0
421	0
422	0
423	0
424	0
425	0
426	-1
427	0
428	0
429	0
430	0
431	0
432	0
433	0
434	0
435	0
436	0
437	0
438	0
439	0
440	0
441	1
442	0
443	1
444	1
445	2
446	2
447	4
448	5
449	5
450	5
451	6
452	7
453	11
454	10
455	11
456	12
457	14
458	15
459	17
460	18
461	21
462	21
463	23
464	24
465	25
466	27
467	28
468	29
469	33
470	31
471	34
472	34
473	36
474	38
475	42
476	43
477	44
478	46
479	47
480	49
481	51
482	52
483	53
484	54
485	57
486	58
487	60
488	61
489	61
490	64
491	65
492	65
493	67
494	69
495	69
496	70
497	70
498	70
499	78
500	62
501	74
502	72
503	71
504	70
505	70
506	70
507	70
508	70
509	68
510	68
511	67
512	66
513	65
514	63
515	63
516	62
517	62
518	62
519	60
520	61
521	58
522	59
523	57
524	54
525	54
526	51
527	50
528	48
529	48
530	47
531	47
532	46
533	44
534	41
535	42
536	39
537	38
538	39
539	35
540	34
541	34
542	32
543	33
544	29
545	30
546	27
547	28
548	26
549	26
550	25
551	25
552	23
553	22
554	22
555	22
556	19
557	20
558	17
559	18
560	16
561	16
562	13
563	14
564	11
565	12
566	13
567	10
568	10
569	9
570	9
571	10
572	8
573	9
574	8
575	7
576	6
577	6
578	5
579	6
580	6
581	4
582	4
583	5
584	4
585	4
586	3
587	4
588	1
589	2
590	2
591	1
592	2
593	1
594	0
595	1
596	0
597	0
598	0
599	0
600	0
601	0
602	0
603	0
604	0
605	0
606	0
607	0
608	0
609	0
610	0
611	0
612	0
613	0
614	0
615	0
616	0
617	0
618	0
619	0
620	-1
621	0
622	0
623	0
624	0
625	0
626	0
627	0
628	0
629	0
630	0
631	0
632	0
633	0
634	0
635	0
636	0
637	0
638	1
639	1
640	0
641	0
642	1
643	1
644	1
645	1
646	0
647	1
648	0
649	1
650	1
651	1
652	1
653	1
654	1
655	1
656	0
657	1
658	1
659	1
660	1
661	1
662	1
663	0
664	0
665	0
666	0
667	0
668	0
669	0
670	0
671	0
672	0
673	0
674	0
675	0
676	0
677	0
678	0
679	1
680	-1
681	0
682	0
683	1
684	0
685	1
686	0
687	0
688	0
689	0
690	0
691	0
692	0
693	0
694	0
695	0
696	0
697	0
698	0
699	0
700	0
701	0
702	0
703	0
704	0
705	0
706	0
707	0
708	0
709	0
710	-1
711	-1
712	0
713	0
714	0
715	0
716	0
717	-1
718	-1
719	0
720	0
721	0
722	0
723	0
724	0
725	-1
726	0
727	0
728	-1
729	-1
730	0
731	0
732	-1
733	-1
734	-1
735	0
736	-1
737	0
738	-1
739	-1
740	-1
741	0
742	-1
743	0
744	-1
745	0
746	-1
747	0
748	0
749	0
750	-1
751	0
752	0
753	-1
754	0
755	-1
756	-1
757	0
758	-2
759	0
760	-1
761	0
762	-2
763	0
764	-1
765	0
766	-2
767	-1
768	-1
769	0
770	-1
771	0
772	-1
773	0
774	0
775	-1
776	-1
777	0
778	-1
779	0
780	0
781	0
782	0
783	0
784	-1
785	0
786	-1
787	0
788	-1
789	0
790	-1
791	0
792	-1
793	0
794	0
795	-1
796	-2
797	0
798	0
799	0
800	0
801	-1
802	0
803	0
804	-1
805	0
806	-1
807	0
808	-1
809	0
810	-1
811	0
812	-2
813	0
814	-1
815	0
816	0
817	0
818	-1
819	-1
820	-2
821	-1
822	0
823	0
824	-1
825	0
826	-2
827	0
828	-1
829	0
830	-2
831	0
832	-2
833	-1
834	-2
835	-3
836	-2
837	-1
838	-3
839	-1
840	-2
841	-1
842	-3
843	-2
844	-1
845	-2
846	-1
847	-1
848	-1
849	-1
850	-2
851	-1
852	-2
853	-1
854	-1
855	-1
856	-1
857	0
858	0
859	-1
860	-1
861	-1
862	0
863	-1
864	0
865	-1
866	-1
867	0
868	0
869	-1
870	-2
871	-2
872	0
873	0
874	-1
875	0
876	-1
877	0
878	0
879	0
880	-1
881	-1
882	-2
883	-1
884	-1
885	0
886	-2
887	0
888	0
889	0
890	-1
891	-1
892	0
893	0
894	-1
895	0
896	-2
897	0
898	-1
899	-1
900	-1
901	0
902	0
903	-1
904	0
905	0
906	-1
907	0
908	-1
909	0
910	-1
911	0
912	-2
913	0
914	-1
915	0
916	0
917	0
918	-1
919	0
920	0
921	0
922	-2
923	0
924	-1
925	0
926	-1
927	0
928	-1
929	-1
930	-1
931	0
932	0
933	-1
934	0
935	0
936	-2
937	0
938	-1
939	-1
940	-2
941	-2
942	-2
943	-2
944	-1
945	0
946	-2
947	-1
948	-3
949	0
950	-2
951	0
952	-1
953	-2
954	-2
955	-1
956	-1
957	-1
958	-2
959	-1
960	-1
961	-2
962	-1
963	-1
964	-2
965	0
966	-1
967	-1
968	-2
969	-1
970	-2
971	0
972	-2
973	-2
974	-2
975	0
976	-1
977	-1
978	-1
979	-1
980	0
981	0
982	-1
983	-1
984	-2
985	0
986	0
987	0
988	-2
989	0
990	-1
991	-1
992	-1
993	0
994	-1
995	0
996	0
997	-1
998	0
999	0
1000	-1
1001	0
1002	-1
1003	0
1004	-2
1005	0
1006	-1
1007	0
1008	0
1009	0
1010	-1
1011	0
1012	-3
1013	0
1014	-3
1015	0
1016	-2
1017	-2
1018	-1
1019	-1
1020	-1
1021	0
1022	-1
1023	-1
1024	-1
1025	-1
1026	-2
1027	-1
1028	-2
1029	0
1030	-2
1031	-2
1032	-1
1033	-1
1034	0
1035	0
1036	-1
1037	-1
1038	-2
1039	-1
1040	-2
1041	-1
1042	-2
1043	-1
1044	-3
1045	-1
1046	-2
1047	0
1048	-1
1049	0
1050	-1
1051	0
1052	-2
1053	0
1054	0
1055	-1
1056	-1
1057	0
1058	-2
1059	0
1060	0
1061	0
1062	-1
1063	0
1064	-1
1065	-1
1066	-1
1067	0
1068	-2
1069	-1
1070	-1
1071	0
1072	-2
1073	0
1074	-1
1075	0
1076	-1
1077	0
1078	-1
1079	0
1080	-1
1081	0
1082	-1
1083	0
1084	0
1085	0
1086	0
1087	0
1088	-1
1089	0
1090	-1
1091	-1
1092	-1
1093	-1
1094	-1
1095	0
1096	-2
1097	0
1098	-1
1099	0
1100	-1
1101	-1
1102	-1
1103	-1
1104	-1
1105	0
1106	0
1107	0
1108	0
1109	0
1110	-1
1111	0
1112	-1
1113	0
1114	0
1115	0
1116	-1
1117	0
1118	-1
1119	0
1120	-1
1121	0
1122	0
1123	0
1124	-1
1125	0
1126	-1
1127	0
1128	-1
1129	0
1130	0
1131	0
1132	-1
1133	0
1134	0
1135	-1
1136	0
1137	0
1138	0
1139	0
1140	0
1141	-1
1142	0
1143	-2
1144	-1
1145	-1
1146	-1
1147	0
1148	-1
1149	-1
1150	0
1151	0
1152	-1
1153	0
1154	-2
1155	0
1156	-1
1157	0
1158	-1
1159	0
1160	-1
1161	0
1162	0
1163	-1
1164	-1
1165	-1
1166	0
1167	0
1168	-1
1169	0
1170	-1
1171	-1
1172	0
1173	0
1174	0
1175	0
1176	-1
1177	0
1178	-1
1179	0
1180	0
1181	0
1182	-1
1183	0
1184	-1
1185	0
1186	-1
1187	-1
1188	-1
1189	0
1190	0
1191	0
1192	0
1193	-1
1194	-1
1195	0
1196	0
1197	-1
1198	-1
1199	-1
1200	-1
1201	-1
1202	0
1203	0
1204	-1
1205	0
1206	-1
1207	0
1208	-1
1209	0
1210	0
1211	0
1212	-1
1213	0
1214	0
1215	0
1216	0
1217	0
1218	-1
1219	0
1220	-1
1221	0
1222	-1
1223	0
1224	-1
1225	0
1226	-1
1227	-1
1228	0
1229	-1
1230	-1
1231	-1
1232	-1
1233	-1
1234	-2
1235	0
1236	-1
1237	0
1238	-2
1239	0
1240	-1
1241	0
1242	-1
1243	-2
1244	-1
1245	-1
1246	-2
1247	0
1248	0
1249	-2
1250	0
1251	-1
1252	0
1253	-1
1254	0
1255	-1
1256	-2
1257	-1
1258	0
1259	-1
1260	-1
1261	-1
1262	-1
1263	-1
1264	-2
1265	-1
1266	0
1267	-1
1268	0
1269	0
1270	0
1271	0
1272	0
1273	0
1274	0
1275	0
1276	0
1277	0
1278	0
1279	-1
1280	0
1281	0
1282	-1
1283	0
1284	-1
1285	0
1286	-1
1287	0
1288	-1
1289	-1
1290	0
1291	0
1292	-1
1293	-1
1294	0
1295	-1
1296	0
1297	0
1298	-2
1299	0
1300	-2
1301	-1
1302	-1
1303	-1
1304	-2
1305	0
1306	-1
1307	-1
1308	-1
1309	-2
1310	-1
1311	0
1312	0
1313	0
1314	0
1315	0
1316	0
1317	0
1318	0
1319	0
1320	0
1321	0
1322	-2
1323	0
1324	-2
1325	-1
1326	0
1327	-1
1328	0
1329	0
1330	-1
1331	0
1332	0
1333	0
1334	-1
1335	0
1336	-2
1337	0
1338	-1
1339	0
1340	-1
1341	-1
1342	-1
1343	-1
1344	-2
1345	-1
1346	-1
1347	-1
1348	-1
1349	-1
1350	-1
1351	-1
1352	-1
1353	-1
1354	-2
1355	-1
1356	-3
1357	-1
1358	-2
1359	-1
1360	-2
1361	-2
1362	-1
1363	0
1364	0
1365	-1
1366	0
1367	0
1368	0
1369	0
1370	0
1371	0
1372	0
1373	0
1374	-1
1375	0
1376	0
1377	0
1378	0
1379	0
1380	0
1381	0
1382	0
1383	0
1384	0
1385	0
1386	-1
1387	0
1388	0
1389	0
1390	0
1391	0
1392	0
1393	0
1394	0
1395	-1
1396	-1
1397	0
1398	-1
1399	0
1400	0
1401	0
1402	0
1403	0
1404	-1
1405	0
1406	-1
1407	-1
1408	0
1409	0
1410	0
1411	0
1412	0
1413	-1
1414	0
1415	0
1416	0
1417	0
1418	0
1419	0
1420	-2
1421	0
1422	-2
1423	-1
1424	-1
1425	-1
1426	-1
1427	0
1428	-1
1429	-1
1430	0
1431	-1
1432	-1
1433	0
1434	-1
1435	-1
1436	-1
1437	-1
1438	0
1439	-1
1440	-1
1441	0
1442	0
1443	0
1444	-1
1445	0
1446	-1
1447	0
1448	0
1449	-1
1450	0
1451	-2
1452	-1
1453	-1
1454	-2
1455	0
1456	-1
1457	-1
1458	-1
1459	0
1460	-1
1461	-2
1462	-1
1463	-1
1464	-1
1465	0
1466	-1
1467	0
1468	-1
1469	0
1470	-1
1471	-1
1472	0
1473	-1
1474	-1
1475	0
1476	0
1477	0
1478	-1
1479	0
1480	-1
1481	0
1482	-1
1483	0
1484	0
1485	0
1486	0
1487	0
1488	-1
1489	0
1490	0
1491	0
1492	0
1493	0
1494	0
1495	0
1496	0
1497	0
1498	0
1499	0
1500	-1
1501	0
1502	0
1503	0
1504	0
1505	0
1506	-2
1507	-1
1508	-1
1509	0
1510	-1
1511	0
1512	-1
1513	-1
1514	-1
1515	0
1516	-1
1517	0
1518	0
1519	0
1520	0
1521	-1
1522	0
1523	-1
1524	0
1525	0
1526	0
1527	0
1528	-1
1529	0
1530	0
1531	0
1532	0
1533	-1
1534	-1
1535	0
1536	-2
1537	0
1538	0
1539	-1
1540	-2
1541	-1
1542	-1
1543	-1
1544	-1
1545	0
1546	-1
1547	-1
1548	-1
1549	-1
1550	-1
1551	-1
1552	-1
1553	0
1554	-1
1555	0
1556	-1
1557	0
1558	-1
1559	0
1560	-2
1561	-1
1562	-1
1563	-1
1564	0
1565	0
1566	0
1567	0
1568	0
1569	0
1570	0
1571	0
1572	-1
1573	0
1574	0
1575	0
1576	-1
1577	-1
1578	0
1579	0
1580	0
1581	0
1582	-1
1583	0
1584	0
1585	-1
1586	0
1587	0
1588	0
1589	0
1590	0
1591	0
1592	0
1593	0
1594	0
1595	0
1596	-1
1597	0
1598	0
1599	0
1600	0
1601	0
1602	0
1603	0
1604	0
1605	0
1606	0
1607	0
1608	-1
1609	0
1610	-1
1611	0
1612	0
1613	0
1614	-1
1615	0
1616	0
1617	0
1618	0
1619	0
1620	0
1621	-1
1622	0
1623	0
1624	0
1625	0
1626	0
1627	0
1628	0
1629	-1
1630	-1
1631	0
1632	-1
1633	0
1634	-2
1635	0
1636	-1
1637	0
1638	0
1639	0
1640	-2
1641	0
1642	-1
1643	-1
1644	-1
1645	-1
1646	0
1647	-1
1648	-1
1649	-2
1650	0
1651	-1
1652	-1
1653	-1
1654	-1
1655	0
1656	-1
1657	-1
1658	0
1659	-1
1660	0
1661	-1
1662	0
1663	0
1664	-1
1665	0
1666	-1
1667	-1
1668	0
1669	-1
1670	-1
1671	-1
1672	0
1673	-1
1674	0
1675	0
1676	-1
1677	-1
1678	0
1679	-1
1680	0
1681	0
1682	0
1683	-1
1684	-1
1685	0
1686	-1
1687	0
1688	-1
1689	-1
1690	0
1691	0
1692	-1
1693	0
1694	0
1695	0
1696	-1
1697	0
1698	0
1699	0
1700	0
1701	0
1702	0
1703	0
1704	-1
1705	0
1706	0
1707	0
1708	0
1709	0
1710	0
1711	0
1712	-1
1713	0
1714	0
1715	0
1716	-1
1717	0
1718	0
1719	0
1720	0
1721	0
1722	0
1723	0
1724	0
1725	0
1726	0
1727	0
1728	0
1729	0
1730	0
1731	0
1732	0
1733	0
1734	0
1735	0
1736	0
1737	0
1738	0
1739	0
1740	0
1741	0
1742	0
1743	0
1744	0
1745	-1
1746	-1
1747	0
1748	-1
1749	0
1750	0
1751	0
1752	0
1753	0
1754	-1
1755	0
1756	0
1757	0
1758	0
1759	0
1760	0
1761	0
1762	0
1763	0
1764	0
1765	0
1766	0
1767	0
1768	0
1769	0
1770	-1
1771	0
1772	-2
1773	0
1774	-1
1775	0
1776	0
1777	0
1778	-1
1779	0
1780	0
1781	0
1782	-1
1783	0
1784	0
1785	0
1786	-1
1787	0
1788	0
1789	0
1790	0
1791	0
1792	0
1793	-1
1794	0
1795	0
1796	0
1797	-1
1798	0
1799	-1
1800	0
1801	0
1802	0
1803	0
1804	0
1805	0
1806	-1
1807	0
1808	0
1809	0
1810	0
1811	0
1812	0
1813	0
1814	0
1815	0
1816	0
1817	0
1818	0
1819	0
1820	0
1821	0
1822	0
1823	0
1824	0
1825	0
1826	0
1827	0
1828	0
1829	0
1830	0
1831	0
1832	0
1833	0
1834	0
1835	0
1836	0
1837	0
1838	0
1839	0
1840	0
1841	0
1842	-1
1843	0
1844	0
1845	0
1846	-1
1847	0
1848	0
1849	0
1850	0
1851	0
1852	-1
1853	0
1854	0
1855	0
1856	0
1857	0
1858	0
1859	0
1860	0
1861	-1
1862	0
1863	0
1864	0
1865	0
1866	-1
1867	0
1868	0
1869	-1
1870	0
1871	0
1872	0
1873	-1
1874	0
1875	0
1876	0
1877	0
1878	0
1879	0
1880	0
1881	0
1882	0
1883	0
1884	0
1885	0
1886	0
1887	0
1888	0
1889	0
1890	0
1891	0
1892	0
1893	0
1894	0
1895	0
1896	0
1897	0
1898	0
1899	-1
1900	0
1901	0
1902	0
1903	0
1904	0
1905	0
1906	-1
1907	0
1908	0
1909	0
1910	0
1911	0
1912	0
1913	0
1914	0
1915	0
1916	0
1917	0
1918	0
1919	0
1920	0
1921	0
1922	0
1923	0
1924	0
1925	0
1926	0
1927	0
1928	0
1929	0
1930	0
1931	0
1932	0
1933	0
1934	0
1935	0
1936	0
1937	0
1938	0
1939	0
1940	0
1941	0
1942	0
1943	0
1944	0
1945	0
1946	0
1947	0
1948	0
1949	0
1950	0
1951	0
1952	0
1953	0
1954	0
1955	0
1956	0
1957	0
1958	0
1959	0
1960	0
1961	0
1962	0
1963	0
1964	-1
1965	0
1966	0
1967	0
1968	0
1969	0
1970	0
1971	0
1972	0
1973	0
1974	0
1975	0
1976	0
1977	-1
1978	0
1979	0
1980	0
1981	-1
1982	0
1983	-1
1984	0
1985	-1
1986	-1
1987	0
1988	0
1989	0
1990	0
1991	0
1992	0
1993	0
1994	0
1995	0
1996	0
1997	0
1998	0
1999	0
