0	0
1	1
2	0
3	1
4	0
5	1
6	0
7	0
8	0
9	1
10	0
11	1
12	0
13	1
14	0
15	2
16	0
17	1
18	0
19	0
20	0
21	0
22	0
23	0
24	0
25	0
26	0
27	0
28	-1
29	0
30	-2
31	0
32	-2
33	0
34	-1
35	0
36	-2
37	0
38	-2
39	0
40	0
41	0
42	-1
43	0
44	0
45	0
46	-1
47	0
48	0
49	0
50	0
51	0
52	0
53	0
54	0
55	1
56	0
57	1
58	0
59	3
60	0
61	2
62	0
63	2
64	0
65	1
66	0
67	0
68	0
69	0
70	0
71	0
72	0
73	0
74	0
75	1
76	0
77	1
78	0
79	1
80	0
81	1
82	0
83	1
84	0
85	0
86	0
87	1
88	0
89	0
90	0
91	1
92	0
93	0
94	0
95	1
96	0
97	0
98	0
99	0
100	0
101	1
102	0
103	0
104	0
105	0
106	-1
107	1
108	0
109	0
110	-1
111	0
112	0
113	0
114	0
115	0
116	-1
117	0
118	0
119	0
120	0
121	0
122	0
123	0
124	-2
125	0
126	-1
127	-1
128	-2
129	0
130	-1
131	-1
132	-1
133	0
134	-1
135	0
136	-1
137	0
138	-1
139	0
140	0
141	0
142	0
143	0
144	-1
145	0
146	-1
147	0
148	0
149	0
150	0
151	0
152	0
153	0
154	-1
155	0
156	0
157	0
158	0
159	0
160	0
161	0
162	0
163	0
164	0
165	0
166	0
167	0
168	-1
169	0
170	0
171	0
172	-1
173	1
174	0
175	0
176	-1
177	0
178	0
179	0
180	0
181	2
182	0
183	1
184	0
185	1
186	0
187	2
188	0
189	2
190	1
191	3
192	0
193	2
194	0
195	2
196	0
197	1
198	0
199	0
200	0
201	1
202	0
203	0
204	0
205	0
206	0
207	0
208	0
209	1
210	0
211	0
212	-1
213	0
214	0
215	0
216	0
217	0
218	0
219	0
220	-2
221	0
222	-1
223	0
224	0
225	0
226	0
227	1
228	0
229	0
230	0
231	1
232	0
233	0
234	0
235	1
236	0
237	1
238	0
239	1
240	0
241	0
242	0
243	0
244	-1
245	0
246	0
247	0
248	0
249	0
250	0
251	0
252	0
253	0
254	0
255	0
256	0
257	0
258	0
259	0
260	-1
261	0
262	0
263	0
264	0
265	0
266	0
267	0
268	0
269	0
270	0
271	0
272	-1
273	0
274	0
275	0
276	0
277	1
278	0
279	1
280	0
281	1
282	0
283	1
284	-1
285	2
286	0
287	0
288	0
289	0
290	0
291	1
292	0
293	0
294	0
295	0
296	0
297	0
298	0
299	0
300	0
301	1
302	0
303	0
304	1
305	0
306	0
307	0
308	0
309	0
310	0
311	1
312	0
313	0
314	0
315	0
316	0
317	1
318	0
319	0
320	0
321	0
322	0
323	0
324	0
325	0
326	0
327	0
328	0
329	0
330	0
331	0
332	-1
333	0
334	0
335	0
336	0
337	0
338	-2
339	0
340	0
341	0
342	0
343	0
344	0
345	0
346	0
347	0
348	0
349	0
350	-1
351	1
352	0
353	1
354	0
355	0
356	0
357	1
358	0
359	1
360	0
361	1
362	0
363	0
364	0
365	0
366	0
367	0
368	-1
369	0
370	-1
371	0
372	-1
373	1
374	0
375	0
376	-1
377	0
378	0
379	0
380	0
381	0
382	0
383	0
384	0
385	0
386	0
387	0
388	0
389	0
390	-1
391	0
392	0
393	0
394	0
395	0
396	0
397	1
398	0
399	0
400	0
401	0
402	0
403	0
404	0
405	0
406	0
407	0
408	0
409	0
410	0
411	0
412	0
413	0
414	0
415	0
416	0
417	0
418	0
419	0
420	0
421	1
422	0
423	2
424	0
425	4
426	1
427	5
428	4
429	7
430	7
431	13
432	12
433	17
434	17
435	22
436	25
437	30
438	32
439	38
440	39
441	45
442	46
443	52
444	56
445	62
446	63
447	67
448	72
449	77
450	79
451	85
452	87
453	91
454	92
455	98
456	98
457	104
458	106
459	109
460	109
461	114
462	113
463	119
464	117
465	120
466	119
467	121
468	120
469	123
470	121
471	121
472	119
473	120
474	118
475	119
476	117
477	117
478	115
479	116
480	112
481	112
482	108
483	109
484	105
485	104
486	101
487	101
488	95
489	94
490	92
491	91
492	88
493	86
494	82
495	81
496	77
497	78
498	77
499	78
500	62
501	67
502	63
503	64
504	61
505	60
506	53
507	54
508	50
509	51
510	48
511	49
512	44
513	44
514	38
515	39
516	37
517	37
518	33
519	33
520	29
521	31
522	26
523	27
524	24
525	25
526	22
527	22
528	20
529	20
530	16
531	19
532	13
533	15
534	10
535	12
536	9
537	9
538	8
539	7
540	6
541	6
542	4
543	4
544	3
545	4
546	3
547	4
548	1
549	2
550	-1
551	-1
552	-2
553	-1
554	-4
555	-2
556	-5
557	-4
558	-5
559	-3
560	-8
561	-5
562	-7
563	-7
564	-7
565	-7
566	-7
567	-8
568	-8
569	-6
570	-8
571	-6
572	-9
573	-8
574	-9
575	-10
576	-10
577	-8
578	-10
579	-9
580	-10
581	-9
582	-11
583	-10
584	-11
585	-11
586	-12
587	-11
588	-11
589	-11
590	-11
591	-10
592	-11
593	-11
594	-11
595	-11
596	-12
597	-10
598	-11
599	-10
600	-12
601	-10
602	-13
603	-8
604	-11
605	-9
606	-11
607	-9
608	-12
609	-9
610	-9
611	-8
612	-10
613	-8
614	-10
615	-7
616	-9
617	-5
618	-7
619	-6
620	-7
621	-6
622	-8
623	-6
624	-8
625	-8
626	-8
627	-6
628	-9
629	-7
630	-9
631	-6
632	-10
633	-8
634	-9
635	-6
636	-9
637	-8
638	-9
639	-7
640	-8
641	-8
642	-8
643	-6
644	-8
645	-7
646	-9
647	-5
648	-8
649	-6
650	-8
651	-7
652	-10
653	-6
654	-9
655	-6
656	-8
657	-6
658	-8
659	-5
660	-9
661	-5
662	-8
663	-4
664	-7
665	-4
666	-6
667	-3
668	-5
669	-3
670	-5
671	-2
672	-5
673	-2
674	-4
675	-3
676	-5
677	-3
678	-5
679	-2
680	-6
681	-2
682	-4
683	-4
684	-4
685	-3
686	-4
687	-1
688	-5
689	-2
690	-5
691	-2
692	-4
693	-3
694	-6
695	-2
696	-5
697	-2
698	-5
699	-3
700	-4
701	-4
702	-6
703	-4
704	-7
705	-4
706	-5
707	-4
708	-5
709	-5
710	-8
711	-4
712	-7
713	-4
714	-5
715	-4
716	-7
717	-4
718	-6
719	-5
720	-9
721	-7
722	-8
723	-7
724	-9
725	-6
726	-8
727	-8
728	-8
729	-6
730	-7
731	-6
732	-8
733	-5
734	-7
735	-5
736	-8
737	-5
738	-7
739	-6
740	-8
741	-5
742	-6
743	-6
744	-7
745	-4
746	-7
747	-4
748	-6
749	-3
750	-5
751	-4
752	-4
753	-3
754	-5
755	-3
756	-6
757	-3
758	-5
759	-3
760	-7
761	-4
762	-6
763	-3
764	-6
765	-4
766	-6
767	-3
768	-5
769	-4
770	-6
771	-5
772	-8
773	-4
774	-6
775	-4
776	-7
777	-4
778	-7
779	-3
780	-7
781	-4
782	-8
783	-5
784	-7
785	-5
786	-8
787	-6
788	-8
789	-5
790	-7
791	-5
792	-9
793	-5
794	-9
795	-6
796	-6
797	-6
798	-10
799	-4
800	-8
801	-5
802	-7
803	-6
804	-7
805	-6
806	-7
807	-7
808	-8
809	-5
810	-7
811	-5
812	-7
813	-4
814	-8
815	-4
816	-8
817	-5
818	-8
819	-7
820	-8
821	-6
822	-8
823	-6
824	-8
825	-6
826	-10
827	-6
828	-8
829	-8
830	-8
831	-7
832	-7
833	-5
834	-8
835	-5
836	-6
837	-5
838	-6
839	-6
840	-8
841	-5
842	-6
843	-5
844	-7
845	-4
846	-5
847	-5
848	-6
849	-4
850	-7
851	-3
852	-7
853	-4
854	-5
855	-5
856	-6
857	-2
858	-6
859	-3
860	-6
861	-4
862	-5
863	-4
864	-8
865	-4
866	-6
867	-3
868	-7
869	-6
870	-7
871	-6
872	-6
873	-4
874	-6
875	-3
876	-8
877	-5
878	-7
879	-4
880	-5
881	-5
882	-7
883	-4
884	-7
885	-4
886	-6
887	-4
888	-7
889	-4
890	-7
891	-5
892	-6
893	-5
894	-6
895	-5
896	-6
897	-5
898	-6
899	-4
900	-5
901	-4
902	-6
903	-4
904	-5
905	-4
906	-6
907	-4
908	-6
909	-5
910	-9
911	-4
912	-8
913	-6
914	-8
915	-6
916	-8
917	-5
918	-7
919	-5
920	-8
921	-5
922	-7
923	-6
924	-6
925	-6
926	-8
927	-6
928	-8
929	-4
930	-7
931	-5
932	-6
933	-5
934	-6
935	-4
936	-6
937	-4
938	-5
939	-4
940	-5
941	-4
942	-7
943	-5
944	-7
945	-5
946	-7
947	-4
948	-6
949	-4
950	-8
951	-4
952	-5
953	-4
954	-7
955	-5
956	-7
957	-4
958	-5
959	-5
960	-5
961	-4
962	-5
963	-4
964	-7
965	-4
966	-6
967	-4
968	-6
969	-4
970	-6
971	-6
972	-5
973	-4
974	-5
975	-5
976	-5
977	-3
978	-6
979	-3
980	-5
981	-4
982	-6
983	-4
984	-6
985	-2
986	-6
987	-4
988	-6
989	-3
990	-4
991	-4
992	-4
993	-4
994	-6
995	-4
996	-5
997	-4
998	-6
999	-3
1000	-6
1001	-4
1002	-5
1003	-3
1004	-5
1005	-3
1006	-5
1007	-4
1008	-7
1009	-5
1010	-7
1011	-4
1012	-7
1013	-3
1014	-7
1015	-5
1016	-8
1017	-3
1018	-6
1019	-4
1020	-9
1021	-5
1022	-7
1023	-4
1024	-7
1025	-4
1026	-7
1027	-5
1028	-7
1029	-5
1030	-7
1031	-5
1032	-6
1033	-4
1034	-6
1035	-4
1036	-6
1037	-4
1038	-6
1039	-3
1040	-5
1041	-3
1042	-6
1043	-3
1044	-4
1045	-4
1046	-5
1047	-4
1048	-5
1049	-3
1050	-5
1051	-2
1052	-6
1053	-3
1054	-5
1055	-3
1056	-8
1057	-3
1058	-6
1059	-2
1060	-6
1061	-3
1062	-6
1063	-3
1064	-4
1065	-2
1066	-5
1067	-2
1068	-4
1069	-2
1070	-2
1071	-1
1072	-3
1073	-2
1074	-5
1075	-2
1076	-4
1077	-1
1078	-3
1079	-1
1080	-3
1081	-1
1082	-4
1083	-1
1084	-4
1085	-1
1086	-3
1087	-3
1088	-4
1089	-3
1090	-4
1091	0
1092	-3
1093	-3
1094	-4
1095	-3
1096	-4
1097	-3
1098	-4
1099	-2
1100	-4
1101	-3
1102	-4
1103	-2
1104	-4
1105	-2
1106	-4
1107	-4
1108	-4
1109	-2
1110	-6
1111	-2
1112	-4
1113	-2
1114	-4
1115	-2
1116	-6
1117	-2
1118	-5
1119	-2
1120	-6
1121	-1
1122	-6
1123	-2
1124	-6
1125	-2
1126	-3
1127	-2
1128	-4
1129	-3
1130	-4
1131	-3
1132	-4
1133	-3
1134	-4
1135	-4
1136	-6
1137	-4
1138	-4
1139	-3
1140	-4
1141	-2
1142	-5
1143	-4
1144	-5
1145	-3
1146	-5
1147	-2
1148	-5
1149	-3
1150	-3
1151	-4
1152	-4
1153	-4
1154	-4
1155	-2
1156	-4
1157	-2
1158	-4
1159	-1
1160	-5
1161	-1
1162	-6
1163	-2
1164	-4
1165	-2
1166	-2
1167	-1
1168	-5
1169	-3
1170	-3
1171	-2
1172	-4
1173	-3
1174	-4
1175	-3
1176	-4
1177	-4
1178	-4
1179	-4
1180	-5
1181	-4
1182	-5
1183	-3
1184	-5
1185	-2
1186	-4
1187	-3
1188	-5
1189	-2
1190	-3
1191	-4
1192	-4
1193	-2
1194	-3
1195	-2
1196	-4
1197	-2
1198	-3
1199	-2
1200	-4
1201	-1
1202	-4
1203	-2
1204	-3
1205	-1
1206	-4
1207	-1
1208	-2
1209	-1
1210	-4
1211	-2
1212	-4
1213	-2
1214	-4
1215	-1
1216	-4
1217	-1
1218	-6
1219	-1
1220	-4
1221	-3
1222	-3
1223	-2
1224	-4
1225	-1
1226	-4
1227	-2
1228	-4
1229	-2
1230	-3
1231	-2
1232	-3
1233	-1
1234	-3
1235	-2
1236	-3
1237	0
1238	-4
1239	-1
1240	-3
1241	0
1242	-4
1243	-1
1244	-2
1245	0
1246	-2
1247	-1
1248	-3
1249	-2
1250	-3
1251	-2
1252	-2
1253	-2
1254	-4
1255	-1
1256	-4
1257	-2
1258	-3
1259	-2
1260	-4
1261	-2
1262	-3
1263	-2
1264	-2
1265	-2
1266	-4
1267	-2
1268	-4
1269	-3
1270	-5
1271	-3
1272	-4
1273	-2
1274	-4
1275	-1
1276	-3
1277	-2
1278	-3
1279	-1
1280	-3
1281	-1
1282	-2
1283	-1
1284	-3
1285	-1
1286	-1
1287	-1
1288	-2
1289	-1
1290	-2
1291	-1
1292	-2
1293	-1
1294	-3
1295	-2
1296	-2
1297	-1
1298	-2
1299	-1
1300	-3
1301	-2
1302	-4
1303	-2
1304	-4
1305	-2
1306	-4
1307	-1
1308	-4
1309	-2
1310	-5
1311	-2
1312	-4
1313	-2
1314	-4
1315	-2
1316	-3
1317	-2
1318	-4
1319	-2
1320	-2
1321	-2
1322	-2
1323	-1
1324	-2
1325	-1
1326	-2
1327	-1
1328	-3
1329	0
1330	-1
1331	-1
1332	-2
1333	0
1334	-3
1335	0
1336	-1
1337	0
1338	-3
1339	0
1340	-3
1341	-1
1342	-4
1343	-1
1344	-2
1345	-1
1346	-3
1347	-1
1348	-3
1349	-1
1350	-3
1351	-1
1352	-4
1353	-2
1354	-3
1355	-2
1356	-4
1357	-2
1358	-3
1359	-2
1360	-3
1361	-1
1362	-2
1363	-1
1364	-3
1365	-1
1366	-4
1367	-1
1368	-3
1369	-1
1370	-4
1371	-2
1372	-3
1373	-1
1374	-2
1375	-1
1376	-4
1377	-1
1378	-3
1379	-2
1380	-2
1381	-2
1382	-2
1383	-1
1384	-2
1385	-2
1386	-2
1387	-2
1388	-2
1389	-2
1390	-2
1391	-1
1392	-2
1393	0
1394	-2
1395	-1
1396	-3
1397	-1
1398	-2
1399	0
1400	-2
1401	-1
1402	-3
1403	0
1404	-2
1405	0
1406	-1
1407	0
1408	-2
1409	0
1410	-1
1411	0
1412	-1
1413	0
1414	-1
1415	0
1416	-1
1417	0
1418	0
1419	-1
1420	-1
1421	0
1422	-1
1423	0
1424	-3
1425	0
1426	-2
1427	0
1428	-3
1429	0
1430	-2
1431	0
1432	-2
1433	-1
1434	-2
1435	0
1436	-4
1437	0
1438	-3
1439	0
1440	-2
1441	-2
1442	-2
1443	-1
1444	-3
1445	0
1446	-1
1447	-1
1448	-2
1449	-1
1450	-2
1451	0
1452	-2
1453	0
1454	-2
1455	0
1456	-2
1457	0
1458	-3
1459	-1
1460	-1
1461	0
1462	-2
1463	0
1464	-3
1465	0
1466	-2
1467	-1
1468	-2
1469	0
1470	-2
1471	-1
1472	-3
1473	0
1474	-2
1475	0
1476	0
1477	0
1478	0
1479	0
1480	0
1481	0
1482	-1
1483	0
1484	0
1485	0
1486	0
1487	0
1488	0
1489	1
1490	0
1491	1
1492	0
1493	1
1494	0
1495	0
1496	0
1497	1
1498	0
1499	2
1500	0
1501	0
1502	0
1503	1
1504	-1
1505	0
1506	0
1507	2
1508	0
1509	1
1510	0
1511	1
1512	0
1513	0
1514	0
1515	1
1516	0
1517	0
1518	1
1519	0
1520	0
1521	0
1522	0
1523	0
1524	0
1525	0
1526	-1
1527	0
1528	-1
1529	0
1530	0
1531	0
1532	0
1533	0
1534	0
1535	0
1536	0
1537	0
1538	-1
1539	0
1540	-1
1541	0
1542	0
1543	1
1544	0
1545	0
1546	0
1547	1
1548	0
1549	1
1550	0
1551	2
1552	0
1553	1
1554	0
1555	2
1556	1
1557	1
1558	0
1559	1
1560	0
1561	2
1562	1
1563	2
1564	0
1565	2
1566	0
1567	2
1568	1
1569	1
1570	0
1571	1
1572	0
1573	2
1574	0
1575	2
1576	0
1577	3
1578	0
1579	2
1580	0
1581	1
1582	0
1583	1
1584	0
1585	2
1586	0
1587	0
1588	0
1589	1
1590	-1
1591	0
1592	0
1593	0
1594	0
1595	0
1596	-1
1597	0
1598	-1
1599	0
1600	-1
1601	0
1602	-1
1603	0
1604	-1
1605	-1
1606	-1
1607	0
1608	-1
1609	0
1610	0
1611	0
1612	0
1613	0
1614	-1
1615	0
1616	-1
1617	0
1618	-1
1619	0
1620	-1
1621	0
1622	-1
1623	0
1624	0
1625	0
1626	-1
1627	0
1628	-1
1629	0
1630	-2
1631	0
1632	-1
1633	0
1634	-4
1635	0
1636	-3
1637	0
1638	-3
1639	-1
1640	-2
1641	-1
1642	-2
1643	-1
1644	-1
1645	-1
1646	-2
1647	0
1648	-2
1649	-1
1650	-1
1651	0
1652	-1
1653	0
1654	-1
1655	0
1656	-1
1657	0
1658	-1
1659	0
1660	-2
1661	0
1662	-1
1663	0
1664	-1
1665	0
1666	-1
1667	0
1668	-1
1669	0
1670	-2
1671	0
1672	-1
1673	0
1674	-1
1675	0
1676	0
1677	0
1678	-2
1679	0
1680	-2
1681	0
1682	-2
1683	0
1684	-1
1685	-1
1686	-2
1687	0
1688	-2
1689	-1
1690	-2
1691	-1
1692	-2
1693	0
1694	-2
1695	-1
1696	-2
1697	-1
1698	-2
1699	-1
1700	-2
1701	0
1702	-1
1703	0
1704	-1
1705	-1
1706	0
1707	0
1708	-1
1709	0
1710	-2
1711	0
1712	-1
1713	0
1714	-3
1715	-1
1716	-3
1717	-1
1718	-1
1719	-1
1720	-2
1721	-1
1722	-1
1723	-1
1724	-1
1725	-1
1726	-2
1727	-1
1728	-2
1729	-1
1730	-2
1731	0
1732	-2
1733	0
1734	-2
1735	-1
1736	-2
1737	-1
1738	-1
1739	0
1740	-2
1741	0
1742	-3
1743	0
1744	-1
1745	-2
1746	-1
1747	-1
1748	-1
1749	-1
1750	-2
1751	0
1752	-1
1753	0
1754	-1
1755	0
1756	-1
1757	0
1758	-1
1759	0
1760	-1
1761	0
1762	0
1763	0
1764	0
1765	0
1766	0
1767	0
1768	-1
1769	-1
1770	-2
1771	0
1772	-2
1773	0
1774	-1
1775	-1
1776	-1
1777	-1
1778	-2
1779	-2
1780	-2
1781	-2
1782	-2
1783	-1
1784	-2
1785	-1
1786	0
1787	-1
1788	-2
1789	0
1790	-3
1791	0
1792	-2
1793	0
1794	-1
1795	-1
1796	-2
1797	0
1798	-1
1799	0
1800	-1
1801	0
1802	-1
1803	0
1804	0
1805	0
1806	0
1807	0
1808	-1
1809	0
1810	-2
1811	0
1812	-1
1813	0
1814	-1
1815	0
1816	-1
1817	0
1818	-1
1819	0
1820	-1
1821	0
1822	-1
1823	0
1824	-1
1825	0
1826	-1
1827	0
1828	-3
1829	-1
1830	-2
1831	0
1832	-2
1833	0
1834	-3
1835	-1
1836	-2
1837	-2
1838	-1
1839	0
1840	-2
1841	0
1842	-1
1843	0
1844	-1
1845	-1
1846	-1
1847	0
1848	-1
1849	0
1850	-2
1851	-1
1852	-3
1853	0
1854	-2
1855	0
1856	-2
1857	-1
1858	-1
1859	-1
1860	-2
1861	0
1862	-1
1863	-1
1864	-1
1865	0
1866	-1
1867	-1
1868	-1
1869	0
1870	-2
1871	-1
1872	-2
1873	-1
1874	-3
1875	-1
1876	-3
1877	-1
1878	-2
1879	-2
1880	-3
1881	-1
1882	-2
1883	-1
1884	-2
1885	-1
1886	-2
1887	-1
1888	-2
1889	0
1890	-1
1891	0
1892	-1
1893	-1
1894	-3
1895	0
1896	-1
1897	-1
1898	-1
1899	0
1900	-2
1901	-1
1902	-2
1903	0
1904	-1
1905	0
1906	-1
1907	0
1908	-1
1909	0
1910	0
1911	0
1912	-1
1913	0
1914	-1
1915	0
1916	0
1917	0
1918	-1
1919	0
1920	-1
1921	0
1922	-1
1923	0
1924	0
1925	0
1926	0
1927	0
1928	-1
1929	0
1930	-2
1931	0
1932	0
1933	0
1934	-1
1935	0
1936	-1
1937	0
1938	-1
1939	-1
1940	-2
1941	-1
1942	-2
1943	-1
1944	-2
1945	-1
1946	-2
1947	-1
1948	-2
1949	-1
1950	-2
1951	-1
1952	-1
1953	-1
1954	-1
1955	-1
1956	-1
1957	0
1958	-2
1959	0
1960	-1
1961	-1
1962	-1
1963	0
1964	-1
1965	0
1966	-1
1967	0
1968	0
1969	0
1970	-1
1971	0
1972	0
1973	0
1974	-1
1975	0
1976	-1
1977	0
1978	0
1979	-1
1980	-1
1981	0
1982	-2
1983	0
1984	-2
1985	0
1986	-1
1987	0
1988	-1
1989	0
1990	-2
1991	-1
1992	-1
1993	-1
1994	0
1995	0
1996	-2
1997	0
1998	-2
1999	0
