0	0
1	1
2	1
3	0
4	0
5	0
6	0
7	0
8	0
9	1
10	0
11	0
12	0
13	0
14	0
15	0
16	0
17	0
18	0
19	0
20	0
21	0
22	0
23	0
24	0
25	0
26	0
27	0
28	0
29	0
30	0
31	0
32	0
33	0
34	0
35	0
36	0
37	0
38	0
39	0
40	0
41	0
42	0
43	0
44	0
45	1
46	0
47	1
48	1
49	0
50	0
51	0
52	0
53	0
54	0
55	0
56	0
57	1
58	0
59	0
60	0
61	0
62	0
63	0
64	0
65	0
66	0
67	0
68	0
69	0
70	0
71	0
72	1
73	0
74	0
75	0
76	0
77	0
78	0
79	0
80	0
81	0
82	0
83	0
84	0
85	0
86	0
87	0
88	0
89	0
90	0
91	1
92	0
93	1
94	0
95	0
96	0
97	0
98	0
99	1
100	0
101	2
102	1
103	2
104	1
105	2
106	1
107	2
108	0
109	2
110	0
111	1
112	0
113	1
114	0
115	1
116	0
117	1
118	0
119	1
120	0
121	0
122	0
123	0
124	0
125	0
126	0
127	0
128	0
129	0
130	0
131	0
132	0
133	0
134	0
135	0
136	0
137	0
138	0
139	0
140	0
141	1
142	0
143	1
144	0
145	1
146	0
147	0
148	0
149	0
150	0
151	1
152	0
153	2
154	-1
155	1
156	0
157	0
158	0
159	0
160	0
161	0
162	0
163	0
164	0
165	0
166	0
167	1
168	0
169	1
170	0
171	1
172	0
173	0
174	0
175	1
176	0
177	0
178	0
179	0
180	0
181	2
182	0
183	2
184	0
185	1
186	0
187	0
188	0
189	1
190	0
191	1
192	0
193	0
194	0
195	1
196	0
197	1
198	0
199	1
200	0
201	0
202	0
203	0
204	0
205	0
206	0
207	0
208	0
209	0
210	0
211	0
212	0
213	0
214	0
215	0
216	0
217	0
218	0
219	1
220	0
221	0
222	0
223	0
224	0
225	0
226	0
227	0
228	0
229	0
230	0
231	0
232	0
233	0
234	0
235	0
236	0
237	0
238	0
239	0
240	0
241	1
242	0
243	2
244	0
245	1
246	0
247	1
248	0
249	1
250	0
251	1
252	0
253	1
254	0
255	1
256	0
257	0
258	0
259	2
260	0
261	0
262	0
263	1
264	0
265	0
266	0
267	0
268	0
269	0
270	0
271	0
272	0
273	0
274	0
275	0
276	0
277	0
278	0
279	1
280	0
281	1
282	0
283	1
284	0
285	0
286	0
287	1
288	0
289	1
290	0
291	1
292	0
293	0
294	0
295	0
296	0
297	0
298	0
299	0
300	0
301	0
302	0
303	0
304	0
305	0
306	0
307	0
308	0
309	0
310	0
311	0
312	0
313	0
314	0
315	0
316	0
317	0
318	0
319	1
320	0
321	1
322	0
323	0
324	0
325	1
326	0
327	0
328	0
329	0
330	0
331	0
332	0
333	0
334	0
335	0
336	0
337	0
338	0
339	0
340	0
341	0
342	0
343	0
344	0
345	0
346	0
347	0
348	0
349	1
350	0
351	0
352	0
353	0
354	0
355	0
356	0
357	0
358	0
359	0
360	0
361	1
362	0
363	0
364	0
365	0
366	0
367	1
368	0
369	1
370	0
371	1
372	0
373	1
374	0
375	1
376	0
377	2
378	0
379	1
380	1
381	1
382	0
383	1
384	0
385	1
386	0
387	0
388	0
389	0
390	1
391	0
392	0
393	0
394	0
395	0
396	0
397	0
398	0
399	0
400	0
401	0
402	0
403	0
404	0
405	0
406	0
407	0
408	0
409	1
410	0
411	1
412	0
413	1
414	0
415	1
416	0
417	0
418	0
419	0
420	0
421	0
422	0
423	1
424	0
425	0
426	0
427	0
428	0
429	1
430	0
431	0
432	0
433	1
434	0
435	1
436	0
437	0
438	2
439	3
440	1
441	4
442	5
443	7
444	8
445	11
446	12
447	17
448	14
449	21
450	22
451	28
452	28
453	33
454	34
455	41
456	42
457	47
458	48
459	54
460	56
461	61
462	62
463	66
464	67
465	72
466	74
467	77
468	77
469	81
470	80
471	85
472	83
473	87
474	86
475	90
476	87
477	90
478	87
479	90
480	89
481	91
482	90
483	90
484	87
485	88
486	86
487	87
488	85
489	86
490	83
491	83
492	80
493	79
494	76
495	77
496	77
497	76
498	76
499	78
500	62
501	69
502	64
503	66
504	63
505	64
506	61
507	62
508	57
509	57
510	53
511	53
512	50
513	50
514	48
515	48
516	45
517	45
518	40
519	40
520	38
521	38
522	36
523	38
524	33
525	34
526	32
527	31
528	26
529	29
530	25
531	26
532	24
533	24
534	23
535	21
536	22
537	21
538	20
539	20
540	17
541	20
542	17
543	17
544	14
545	17
546	15
547	16
548	11
549	14
550	10
551	11
552	9
553	12
554	9
555	9
556	7
557	8
558	6
559	7
560	6
561	7
562	5
563	6
564	4
565	6
566	4
567	6
568	3
569	4
570	3
571	4
572	2
573	3
574	3
575	3
576	3
577	2
578	2
579	2
580	2
581	2
582	1
583	1
584	0
585	1
586	1
587	0
588	1
589	0
590	0
591	0
592	0
593	0
594	0
595	0
596	1
597	0
598	0
599	0
600	0
601	1
602	0
603	0
604	0
605	0
606	0
607	0
608	0
609	0
610	0
611	0
612	0
613	-1
614	-3
615	0
616	-1
617	0
618	-1
619	0
620	-1
621	0
622	-1
623	-1
624	-1
625	0
626	-1
627	-1
628	-2
629	-1
630	-1
631	-1
632	-1
633	0
634	-1
635	0
636	-1
637	0
638	-1
639	0
640	-1
641	0
642	0
643	0
644	0
645	0
646	0
647	1
648	0
649	1
650	0
651	2
652	1
653	1
654	2
655	1
656	1
657	1
658	1
659	1
660	1
661	1
662	0
663	0
664	0
665	1
666	0
667	0
668	0
669	0
670	-1
671	0
672	-2
673	0
674	-2
675	0
676	-1
677	0
678	-1
679	0
680	0
681	-1
682	-1
683	0
684	0
685	0
686	0
687	0
688	-1
689	0
690	0
691	1
692	0
693	1
694	0
695	1
696	0
697	1
698	0
699	1
700	0
701	0
702	0
703	1
704	0
705	0
706	0
707	0
708	0
709	0
710	0
711	1
712	0
713	0
714	-1
715	0
716	-1
717	0
718	-2
719	0
720	-1
721	-1
722	-2
723	-2
724	-3
725	-1
726	-2
727	-1
728	-2
729	-1
730	-3
731	0
732	-3
733	-1
734	-3
735	-1
736	-2
737	0
738	-2
739	-1
740	-1
741	0
742	-2
743	-1
744	-1
745	-1
746	-3
747	0
748	-2
749	0
750	-1
751	0
752	-1
753	0
754	-1
755	0
756	-1
757	0
758	-1
759	0
760	-1
761	-1
762	-1
763	0
764	-1
765	0
766	0
767	-2
768	0
769	0
770	-1
771	0
772	-1
773	0
774	-2
775	0
776	-1
777	0
778	0
779	-1
780	-1
781	0
782	-1
783	0
784	0
785	0
786	-2
787	0
788	0
789	-1
790	0
791	-1
792	-1
793	-1
794	-1
795	0
796	-2
797	-1
798	-3
799	-1
800	-3
801	-1
802	-2
803	-1
804	-3
805	-1
806	-3
807	-1
808	-3
809	-2
810	-3
811	-2
812	-3
813	-3
814	-3
815	-2
816	-4
817	-2
818	-4
819	-3
820	-3
821	-1
822	-3
823	-1
824	-3
825	-1
826	-1
827	0
828	-1
829	0
830	-1
831	0
832	-2
833	0
834	-1
835	-1
836	-1
837	-1
838	0
839	0
840	0
841	0
842	-2
843	0
844	0
845	0
846	-2
847	-1
848	0
849	-1
850	-2
851	-2
852	-2
853	-1
854	-3
855	-1
856	-2
857	-1
858	-3
859	-2
860	-4
861	-1
862	-4
863	-1
864	-2
865	-1
866	-2
867	-1
868	-3
869	-1
870	-3
871	0
872	-3
873	0
874	-1
875	0
876	-1
877	0
878	-1
879	0
880	-1
881	0
882	-1
883	0
884	-2
885	0
886	-1
887	0
888	-1
889	0
890	-2
891	0
892	-1
893	-1
894	-1
895	-2
896	-1
897	-2
898	-1
899	0
900	-1
901	-1
902	-1
903	-2
904	-2
905	-1
906	-2
907	-1
908	-1
909	-1
910	-2
911	0
912	-2
913	0
914	-1
915	0
916	-2
917	-2
918	-3
919	-1
920	-2
921	-2
922	-2
923	0
924	-2
925	0
926	-3
927	-1
928	-2
929	-2
930	-2
931	-1
932	-3
933	0
934	-1
935	-1
936	-1
937	-1
938	-3
939	-1
940	-2
941	0
942	-3
943	-1
944	-2
945	-2
946	-1
947	0
948	-2
949	-1
950	-1
951	-1
952	-3
953	0
954	-2
955	0
956	-2
957	-2
958	-2
959	-1
960	-2
961	-1
962	-1
963	-1
964	-3
965	-1
966	-2
967	-1
968	-1
969	-1
970	-1
971	0
972	-1
973	-1
974	-1
975	0
976	-2
977	-1
978	-1
979	-1
980	-1
981	-1
982	-2
983	0
984	-2
985	0
986	-2
987	0
988	-2
989	0
990	-3
991	-1
992	-2
993	-1
994	-1
995	-2
996	-2
997	-1
998	-1
999	-1
1000	-2
1001	0
1002	-1
1003	-1
1004	-2
1005	-1
1006	-1
1007	-1
1008	-1
1009	0
1010	-1
1011	-1
1012	-2
1013	-1
1014	-2
1015	-1
1016	-2
1017	-2
1018	-1
1019	-1
1020	-2
1021	-1
1022	-2
1023	-1
1024	-1
1025	0
1026	-1
1027	-1
1028	-2
1029	-1
1030	-2
1031	-1
1032	-2
1033	-1
1034	-2
1035	0
1036	-1
1037	0
1038	-2
1039	-1
1040	-2
1041	-1
1042	-3
1043	-1
1044	-2
1045	0
1046	-3
1047	-1
1048	-1
1049	-1
1050	-1
1051	-1
1052	-1
1053	-1
1054	-1
1055	0
1056	-2
1057	-1
1058	-2
1059	0
1060	-2
1061	-1
1062	-2
1063	0
1064	0
1065	0
1066	-1
1067	0
1068	-2
1069	-1
1070	-1
1071	0
1072	-1
1073	-1
1074	-2
1075	0
1076	-2
1077	-1
1078	-1
1079	0
1080	-1
1081	0
1082	0
1083	0
1084	-1
1085	0
1086	-1
1087	0
1088	-1
1089	0
1090	-1
1091	0
1092	-1
1093	-1
1094	-2
1095	0
1096	-1
1097	0
1098	-1
1099	-1
1100	-2
1101	-1
1102	-1
1103	-1
1104	-2
1105	0
1106	-2
1107	0
1108	-2
1109	-1
1110	-3
1111	-1
1112	-2
1113	-1
1114	-1
1115	-1
1116	-2
1117	-1
1118	-2
1119	0
1120	-2
1121	-2
1122	-1
1123	-2
1124	-1
1125	-1
1126	-1
1127	0
1128	-1
1129	-1
1130	-1
1131	-1
1132	-1
1133	-1
1134	-2
1135	-1
1136	-2
1137	0
1138	-2
1139	-1
1140	-3
1141	-1
1142	-1
1143	-2
1144	-1
1145	-1
1146	-2
1147	-1
1148	-2
1149	-2
1150	-2
1151	-2
1152	-3
1153	-1
1154	-3
1155	-1
1156	-3
1157	-2
1158	-1
1159	-2
1160	-2
1161	-1
1162	-1
1163	-1
1164	0
1165	0
1166	-1
1167	0
1168	0
1169	0
1170	-1
1171	0
1172	-1
1173	0
1174	0
1175	0
1176	0
1177	0
1178	0
1179	0
1180	0
1181	0
1182	0
1183	0
1184	-1
1185	0
1186	0
1187	0
1188	-1
1189	0
1190	-2
1191	0
1192	-3
1193	0
1194	-2
1195	-1
1196	-1
1197	0
1198	-3
1199	-1
1200	-3
1201	0
1202	-4
1203	-2
1204	-2
1205	-1
1206	-2
1207	-1
1208	-3
1209	0
1210	-2
1211	0
1212	-2
1213	0
1214	-2
1215	0
1216	-2
1217	0
1218	-1
1219	-1
1220	-1
1221	-1
1222	-2
1223	-1
1224	-2
1225	-2
1226	-2
1227	-1
1228	-1
1229	-2
1230	-2
1231	-1
1232	-3
1233	-1
1234	-1
1235	0
1236	-2
1237	0
1238	-2
1239	0
1240	-2
1241	-1
1242	-3
1243	-1
1244	-3
1245	0
1246	-2
1247	0
1248	-3
1249	-1
1250	-2
1251	0
1252	-4
1253	0
1254	-3
1255	-1
1256	-1
1257	0
1258	-1
1259	0
1260	-1
1261	0
1262	0
1263	0
1264	-1
1265	0
1266	-1
1267	-1
1268	-1
1269	0
1270	-1
1271	0
1272	-2
1273	-1
1274	-1
1275	0
1276	-1
1277	0
1278	-1
1279	0
1280	0
1281	0
1282	-1
1283	0
1284	-2
1285	0
1286	-1
1287	-1
1288	0
1289	0
1290	-2
1291	0
1292	0
1293	0
1294	-1
1295	-1
1296	0
1297	-1
1298	-1
1299	0
1300	0
1301	0
1302	0
1303	0
1304	0
1305	0
1306	-1
1307	0
1308	0
1309	0
1310	0
1311	0
1312	-1
1313	0
1314	0
1315	0
1316	0
1317	0
1318	0
1319	0
1320	-3
1321	0
1322	0
1323	-1
1324	-1
1325	-1
1326	-2
1327	-1
1328	-2
1329	0
1330	-2
1331	-1
1332	-4
1333	-2
1334	-2
1335	-1
1336	-2
1337	-1
1338	-3
1339	-1
1340	-2
1341	-1
1342	-2
1343	0
1344	-2
1345	-1
1346	-1
1347	-1
1348	0
1349	0
1350	-1
1351	0
1352	-1
1353	0
1354	0
1355	0
1356	-1
1357	0
1358	0
1359	0
1360	-1
1361	0
1362	-1
1363	0
1364	-1
1365	0
1366	-3
1367	0
1368	-2
1369	-1
1370	-1
1371	-1
1372	-1
1373	0
1374	-2
1375	0
1376	-3
1377	0
1378	-2
1379	0
1380	-2
1381	0
1382	-1
1383	0
1384	0
1385	0
1386	0
1387	1
1388	0
1389	1
1390	0
1391	1
1392	0
1393	1
1394	0
1395	1
1396	0
1397	2
1398	0
1399	2
1400	0
1401	2
1402	1
1403	1
1404	1
1405	1
1406	0
1407	1
1408	0
1409	1
1410	0
1411	1
1412	0
1413	0
1414	0
1415	1
1416	0
1417	0
1418	0
1419	0
1420	0
1421	0
1422	0
1423	0
1424	0
1425	0
1426	0
1427	0
1428	0
1429	1
1430	0
1431	0
1432	0
1433	0
1434	0
1435	0
1436	0
1437	0
1438	0
1439	0
1440	0
1441	0
1442	0
1443	0
1444	0
1445	0
1446	0
1447	0
1448	0
1449	0
1450	0
1451	0
1452	0
1453	-1
1454	-1
1455	0
1456	-1
1457	0
1458	0
1459	0
1460	0
1461	0
1462	0
1463	0
1464	-2
1465	0
1466	-1
1467	0
1468	-1
1469	0
1470	-1
1471	0
1472	-1
1473	0
1474	-1
1475	0
1476	0
1477	-1
1478	-1
1479	0
1480	-2
1481	0
1482	-1
1483	-1
1484	-2
1485	0
1486	0
1487	-1
1488	0
1489	-1
1490	-1
1491	0
1492	0
1493	0
1494	0
1495	0
1496	-1
1497	0
1498	-1
1499	0
1500	-2
1501	0
1502	-1
1503	0
1504	-1
1505	0
1506	-1
1507	0
1508	-1
1509	0
1510	-1
1511	0
1512	-1
1513	0
1514	-1
1515	0
1516	0
1517	0
1518	-1
1519	0
1520	-1
1521	0
1522	0
1523	0
1524	0
1525	0
1526	0
1527	0
1528	-1
1529	0
1530	0
1531	0
1532	0
1533	0
1534	-1
1535	0
1536	-1
1537	0
1538	0
1539	0
1540	0
1541	0
1542	0
1543	0
1544	0
1545	0
1546	0
1547	0
1548	0
1549	0
1550	0
1551	0
1552	0
1553	0
1554	0
1555	0
1556	0
1557	0
1558	-2
1559	0
1560	-2
1561	0
1562	-2
1563	-1
1564	-1
1565	0
1566	-1
1567	-1
1568	-1
1569	-1
1570	-1
1571	-1
1572	-1
1573	-1
1574	0
1575	-1
1576	-1
1577	0
1578	-1
1579	0
1580	-1
1581	0
1582	0
1583	0
1584	0
1585	0
1586	0
1587	0
1588	0
1589	0
1590	-1
1591	0
1592	0
1593	0
1594	-1
1595	0
1596	0
1597	0
1598	0
1599	0
1600	0
1601	0
1602	0
1603	0
1604	0
1605	0
1606	0
1607	0
1608	0
1609	0
1610	0
1611	0
1612	0
1613	0
1614	0
1615	0
1616	0
1617	0
1618	0
1619	0
1620	0
1621	0
1622	0
1623	0
1624	0
1625	0
1626	0
1627	0
1628	0
1629	0
1630	0
1631	0
1632	0
1633	0
1634	0
1635	1
1636	0
1637	0
1638	0
1639	0
1640	0
1641	0
1642	0
1643	0
1644	-1
1645	0
1646	0
1647	-1
1648	-1
1649	-1
1650	-1
1651	-1
1652	-2
1653	0
1654	0
1655	0
1656	0
1657	0
1658	0
1659	0
1660	0
1661	0
1662	-1
1663	0
1664	0
1665	0
1666	0
1667	0
1668	-1
1669	0
1670	0
1671	0
1672	0
1673	0
1674	0
1675	0
1676	0
1677	0
1678	0
1679	0
1680	0
1681	0
1682	0
1683	0
1684	0
1685	0
1686	0
1687	0
1688	0
1689	0
1690	0
1691	0
1692	0
1693	0
1694	0
1695	0
1696	0
1697	0
1698	-2
1699	0
1700	-1
1701	0
1702	0
1703	0
1704	-1
1705	0
1706	-1
1707	0
1708	0
1709	0
1710	-1
1711	0
1712	0
1713	0
1714	-1
1715	0
1716	-1
1717	0
1718	0
1719	1
1720	0
1721	0
1722	-1
1723	0
1724	0
1725	0
1726	0
1727	0
1728	0
1729	0
1730	0
1731	0
1732	0
1733	0
1734	0
1735	0
1736	0
1737	0
1738	-1
1739	0
1740	-2
1741	0
1742	-2
1743	0
1744	-2
1745	-1
1746	-1
1747	-1
1748	-1
1749	0
1750	-2
1751	-1
1752	-2
1753	-1
1754	-2
1755	-1
1756	-3
1757	-1
1758	-1
1759	0
1760	0
1761	0
1762	-1
1763	0
1764	-1
1765	0
1766	0
1767	0
1768	-1
1769	0
1770	0
1771	0
1772	-1
1773	0
1774	0
1775	0
1776	-1
1777	0
1778	-1
1779	0
1780	0
1781	0
1782	0
1783	0
1784	0
1785	0
1786	0
1787	0
1788	0
1789	0
1790	0
1791	1
1792	0
1793	0
1794	0
1795	1
1796	0
1797	1
1798	0
1799	1
1800	0
1801	1
1802	0
1803	1
1804	0
1805	1
1806	0
1807	1
1808	0
1809	0
1810	0
1811	0
1812	0
1813	0
1814	-1
1815	0
1816	0
1817	0
1818	0
1819	0
1820	-1
1821	0
1822	-1
1823	0
1824	-1
1825	0
1826	-1
1827	0
1828	-1
1829	0
1830	0
1831	0
1832	0
1833	0
1834	0
1835	0
1836	0
1837	1
1838	0
1839	1
1840	0
1841	1
1842	0
1843	0
1844	0
1845	0
1846	0
1847	0
1848	0
1849	1
1850	0
1851	1
1852	0
1853	1
1854	0
1855	1
1856	0
1857	0
1858	0
1859	0
1860	0
1861	0
1862	0
1863	0
1864	0
1865	1
1866	0
1867	0
1868	0
1869	1
1870	0
1871	0
1872	0
1873	1
1874	0
1875	0
1876	0
1877	0
1878	0
1879	1
1880	0
1881	0
1882	0
1883	0
1884	0
1885	0
1886	0
1887	0
1888	0
1889	0
1890	0
1891	1
1892	0
1893	0
1894	0
1895	0
1896	0
1897	0
1898	0
1899	0
1900	0
1901	1
1902	0
1903	1
1904	0
1905	0
1906	0
1907	1
1908	0
1909	1
1910	0
1911	0
1912	0
1913	0
1914	0
1915	0
1916	0
1917	0
1918	0
1919	0
1920	0
1921	1
1922	0
1923	0
1924	0
1925	0
1926	0
1927	0
1928	0
1929	0
1930	0
1931	0
1932	0
1933	0
1934	0
1935	0
1936	0
1937	0
1938	0
1939	0
1940	0
1941	0
1942	0
1943	0
1944	0
1945	0
1946	0
1947	0
1948	-1
1949	-1
1950	0
1951	0
1952	-1
1953	0
1954	-2
1955	0
1956	-1
1957	-1
1958	0
1959	-1
1960	0
1961	-1
1962	0
1963	-1
1964	0
1965	0
1966	-1
1967	0
1968	0
1969	0
1970	0
1971	0
1972	0
1973	0
1974	-1
1975	0
1976	0
1977	0
1978	0
1979	0
1980	0
1981	0
1982	-1
1983	0
1984	0
1985	0
1986	0
1987	0
1988	0
1989	0
1990	0
1991	0
1992	0
1993	0
1994	-1
1995	0
1996	0
1997	0
1998	0
1999	0
