0	0
1	0
2	0
3	1
4	0
5	1
6	0
7	0
8	0
9	0
10	0
11	0
12	0
13	0
14	0
15	0
16	0
17	1
18	0
19	0
20	0
21	1
22	0
23	0
24	0
25	2
26	0
27	1
28	0
29	1
30	0
31	2
32	0
33	1
34	0
35	2
36	0
37	2
38	0
39	2
40	0
41	2
42	0
43	2
44	0
45	0
46	0
47	0
48	0
49	0
50	0
51	0
52	0
53	0
54	0
55	1
56	0
57	1
58	0
59	0
60	0
61	0
62	0
63	0
64	0
65	0
66	0
67	0
68	0
69	0
70	0
71	0
72	0
73	0
74	0
75	0
76	0
77	0
78	0
79	0
80	0
81	0
82	0
83	0
84	0
85	0
86	0
87	1
88	0
89	1
90	0
91	1
92	0
93	0
94	0
95	1
96	0
97	0
98	0
99	1
100	0
101	1
102	0
103	0
104	0
105	0
106	0
107	0
108	0
109	0
110	0
111	0
112	0
113	1
114	0
115	0
116	0
117	0
118	0
119	0
120	0
121	0
122	0
123	0
124	0
125	1
126	0
127	0
128	0
129	0
130	0
131	1
132	0
133	0
134	1
135	0
136	0
137	0
138	0
139	1
140	0
141	0
142	0
143	1
144	0
145	0
146	0
147	0
148	0
149	0
150	0
151	0
152	0
153	1
154	0
155	0
156	0
157	1
158	0
159	0
160	0
161	0
162	0
163	1
164	0
165	0
166	0
167	1
168	0
169	0
170	0
171	0
172	0
173	0
174	0
175	0
176	0
177	2
178	0
179	1
180	0
181	0
182	0
183	0
184	0
185	0
186	0
187	1
188	0
189	0
190	0
191	0
192	0
193	0
194	0
195	0
196	0
197	0
198	0
199	0
200	0
201	0
202	0
203	0
204	0
205	0
206	0
207	0
208	0
209	1
210	0
211	0
212	0
213	0
214	0
215	0
216	0
217	0
218	0
219	1
220	0
221	0
222	0
223	1
224	0
225	1
226	0
227	0
228	0
229	0
230	0
231	0
232	0
233	0
234	0
235	0
236	0
237	0
238	0
239	1
240	0
241	0
242	0
243	0
244	0
245	0
246	0
247	0
248	0
249	0
250	0
251	0
252	0
253	1
254	0
255	0
256	0
257	0
258	0
259	1
260	0
261	0
262	0
263	0
264	0
265	0
266	0
267	0
268	0
269	1
270	0
271	1
272	0
273	0
274	0
275	0
276	0
277	0
278	0
279	1
280	0
281	1
282	0
283	0
284	0
285	1
286	0
287	1
288	0
289	1
290	0
291	1
292	0
293	0
294	0
295	1
296	0
297	0
298	0
299	1
300	1
301	1
302	0
303	1
304	0
305	1
306	0
307	1
308	0
309	1
310	0
311	1
312	0
313	1
314	0
315	1
316	0
317	0
318	0
319	1
320	0
321	1
322	0
323	1
324	0
325	1
326	0
327	1
328	0
329	2
330	0
331	1
332	0
333	1
334	0
335	1
336	0
337	1
338	0
339	1
340	0
341	2
342	0
343	2
344	0
345	0
346	0
347	1
348	0
349	1
350	0
351	2
352	0
353	1
354	0
355	1
356	0
357	1
358	0
359	0
360	0
361	0
362	0
363	1
364	0
365	0
366	0
367	0
368	0
369	0
370	0
371	1
372	0
373	0
374	-1
375	0
376	0
377	1
378	0
379	0
380	0
381	0
382	0
383	0
384	0
385	0
386	0
387	1
388	0
389	0
390	0
391	1
392	0
393	1
394	0
395	0
396	0
397	0
398	0
399	0
400	0
401	1
402	0
403	0
404	0
405	0
406	0
407	0
408	0
409	1
410	0
411	2
412	0
413	1
414	0
415	0
416	0
417	0
418	0
419	0
420	0
421	1
422	0
423	0
424	0
425	0
426	0
427	0
428	0
429	0
430	0
431	1
432	0
433	2
434	0
435	1
436	2
437	4
438	4
439	6
440	7
441	9
442	9
443	13
444	16
445	16
446	18
447	22
448	22
449	26
450	28
451	32
452	32
453	36
454	37
455	41
456	43
457	45
458	45
459	49
460	51
461	54
462	55
463	57
464	58
465	60
466	60
467	64
468	63
469	66
470	65
471	67
472	67
473	69
474	68
475	70
476	68
477	72
478	69
479	74
480	71
481	73
482	74
483	74
484	73
485	74
486	74
487	74
488	74
489	73
490	72
491	74
492	71
493	74
494	71
495	74
496	72
497	74
498	74
499	78
500	62
501	71
502	67
503	68
504	67
505	69
506	66
507	67
508	62
509	64
510	60
511	61
512	60
513	60
514	57
515	58
516	56
517	57
518	52
519	55
520	50
521	51
522	48
523	49
524	46
525	47
526	45
527	45
528	41
529	42
530	39
531	40
532	36
533	38
534	34
535	34
536	32
537	33
538	30
539	30
540	28
541	29
542	26
543	28
544	25
545	26
546	22
547	24
548	20
549	23
550	17
551	20
552	15
553	18
554	14
555	14
556	13
557	14
558	11
559	13
560	9
561	12
562	8
563	11
564	7
565	9
566	6
567	8
568	6
569	8
570	5
571	6
572	4
573	6
574	3
575	4
576	3
577	4
578	2
579	4
580	3
581	3
582	3
583	3
584	2
585	3
586	0
587	3
588	0
589	3
590	-1
591	1
592	0
593	0
594	-1
595	1
596	-1
597	1
598	-2
599	1
600	-1
601	0
602	-2
603	0
604	-1
605	0
606	-2
607	0
608	-1
609	0
610	-1
611	0
612	0
613	0
614	-1
615	0
616	0
617	-2
618	0
619	0
620	-1
621	0
622	-1
623	0
624	-3
625	-1
626	-2
627	-1
628	-3
629	-2
630	-2
631	-2
632	-2
633	0
634	-2
635	-1
636	-2
637	-1
638	-2
639	-1
640	-1
641	-1
642	-2
643	0
644	-2
645	0
646	-2
647	0
648	-2
649	0
650	-1
651	0
652	-1
653	0
654	-1
655	0
656	0
657	0
658	0
659	0
660	0
661	0
662	-1
663	0
664	-1
665	0
666	-1
667	0
668	-1
669	0
670	-1
671	-1
672	-3
673	-1
674	-3
675	-1
676	-1
677	0
678	-2
679	-1
680	-1
681	-1
682	-2
683	-2
684	-2
685	-1
686	-2
687	-1
688	-2
689	0
690	-1
691	-1
692	0
693	0
694	0
695	0
696	-1
697	0
698	-1
699	0
700	-2
701	0
702	-2
703	0
704	-1
705	0
706	0
707	-1
708	-2
709	-1
710	-3
711	0
712	-1
713	0
714	-3
715	0
716	-2
717	-1
718	-1
719	-1
720	-2
721	-1
722	-2
723	-1
724	-3
725	-2
726	-1
727	0
728	-1
729	-2
730	-3
731	0
732	-1
733	-1
734	-2
735	0
736	-1
737	0
738	-3
739	0
740	-1
741	0
742	-1
743	-1
744	-1
745	-1
746	-3
747	-1
748	-1
749	-1
750	-2
751	-1
752	-1
753	-1
754	-2
755	0
756	-2
757	-1
758	-2
759	0
760	-1
761	0
762	-2
763	-1
764	-2
765	0
766	-2
767	-1
768	-2
769	0
770	-2
771	-1
772	-2
773	0
774	-2
775	-1
776	-1
777	0
778	-1
779	0
780	-1
781	0
782	-1
783	0
784	-1
785	0
786	0
787	0
788	0
789	0
790	0
791	0
792	0
793	0
794	-1
795	0
796	0
797	0
798	0
799	0
800	0
801	1
802	0
803	0
804	-1
805	0
806	0
807	0
808	-2
809	0
810	-1
811	0
812	0
813	0
814	-1
815	0
816	-2
817	0
818	-1
819	0
820	-1
821	0
822	-2
823	0
824	-2
825	0
826	-1
827	0
828	-1
829	-1
830	-1
831	-2
832	-3
833	0
834	-1
835	0
836	-2
837	-1
838	-1
839	0
840	-2
841	-1
842	-2
843	-1
844	-1
845	0
846	-2
847	0
848	-2
849	0
850	-3
851	0
852	-3
853	-1
854	-3
855	0
856	-2
857	0
858	-2
859	0
860	-2
861	0
862	-2
863	0
864	-2
865	0
866	-1
867	-1
868	-1
869	-1
870	-3
871	-1
872	-4
873	-1
874	-2
875	-1
876	-3
877	-1
878	-3
879	-1
880	-4
881	-1
882	-2
883	-1
884	-4
885	-1
886	-2
887	-1
888	-2
889	-2
890	-2
891	0
892	-2
893	0
894	-3
895	-1
896	-3
897	-1
898	-2
899	0
900	-2
901	0
902	-3
903	-1
904	-3
905	-1
906	-1
907	0
908	-2
909	0
910	-1
911	-1
912	-1
913	0
914	-2
915	0
916	-2
917	-1
918	-1
919	-1
920	-2
921	-1
922	-1
923	0
924	-3
925	-1
926	-4
927	0
928	-3
929	0
930	-3
931	-1
932	-2
933	0
934	-1
935	0
936	-2
937	-1
938	-3
939	-1
940	-1
941	-1
942	-2
943	-1
944	-4
945	-1
946	-3
947	-1
948	-4
949	-1
950	-3
951	-1
952	-3
953	-2
954	-2
955	-1
956	-2
957	-1
958	-2
959	-1
960	-3
961	-3
962	-4
963	-1
964	-3
965	-3
966	-3
967	-2
968	-2
969	-2
970	-3
971	-1
972	-2
973	-2
974	-2
975	-2
976	-4
977	-2
978	-4
979	-1
980	-4
981	-1
982	-3
983	-1
984	-3
985	-1
986	-1
987	-1
988	-2
989	-1
990	-2
991	-2
992	-1
993	-1
994	-3
995	0
996	-4
997	-1
998	-3
999	-1
1000	-2
1001	-2
1002	-3
1003	-2
1004	-2
1005	-1
1006	-3
1007	0
1008	-2
1009	-1
1010	-2
1011	-1
1012	-2
1013	-1
1014	-3
1015	-1
1016	-3
1017	0
1018	-2
1019	0
1020	-4
1021	0
1022	-3
1023	0
1024	-4
1025	0
1026	-3
1027	0
1028	-2
1029	0
1030	-3
1031	0
1032	-2
1033	-1
1034	-1
1035	-1
1036	-2
1037	0
1038	-3
1039	0
1040	-3
1041	0
1042	-2
1043	-1
1044	-4
1045	-1
1046	-1
1047	0
1048	-2
1049	-1
1050	-2
1051	-1
1052	-2
1053	0
1054	-2
1055	-1
1056	-2
1057	-1
1058	-4
1059	-1
1060	-3
1061	-1
1062	-3
1063	-2
1064	-5
1065	-1
1066	-3
1067	-1
1068	-2
1069	-1
1070	-4
1071	-1
1072	-4
1073	-1
1074	-3
1075	-1
1076	-1
1077	0
1078	-2
1079	0
1080	-1
1081	0
1082	-1
1083	0
1084	-2
1085	0
1086	-2
1087	-1
1088	-2
1089	0
1090	-2
1091	-1
1092	-2
1093	0
1094	-2
1095	0
1096	-4
1097	0
1098	-2
1099	0
1100	-3
1101	0
1102	-2
1103	-1
1104	-2
1105	0
1106	-2
1107	-1
1108	-1
1109	-1
1110	-2
1111	0
1112	-2
1113	0
1114	-3
1115	-2
1116	-3
1117	-1
1118	-2
1119	-1
1120	-2
1121	0
1122	-2
1123	-1
1124	-3
1125	-2
1126	-2
1127	-1
1128	-2
1129	0
1130	-3
1131	-1
1132	-1
1133	-1
1134	-2
1135	-1
1136	-4
1137	-1
1138	-3
1139	-1
1140	-2
1141	0
1142	-2
1143	0
1144	-2
1145	-1
1146	-4
1147	-2
1148	-3
1149	0
1150	-3
1151	0
1152	-3
1153	0
1154	-2
1155	-1
1156	-2
1157	0
1158	-2
1159	0
1160	-3
1161	-1
1162	-2
1163	0
1164	-3
1165	-1
1166	-2
1167	0
1168	-3
1169	0
1170	-1
1171	-1
1172	-1
1173	-1
1174	0
1175	-1
1176	-2
1177	-1
1178	-3
1179	-1
1180	-2
1181	0
1182	-1
1183	0
1184	-2
1185	0
1186	-1
1187	0
1188	-2
1189	0
1190	-2
1191	0
1192	-3
1193	0
1194	-1
1195	0
1196	-3
1197	-1
1198	-2
1199	0
1200	-1
1201	0
1202	0
1203	0
1204	0
1205	0
1206	0
1207	0
1208	0
1209	0
1210	-1
1211	1
1212	0
1213	1
1214	0
1215	1
1216	-1
1217	1
1218	0
1219	1
1220	0
1221	0
1222	0
1223	0
1224	0
1225	0
1226	0
1227	1
1228	0
1229	1
1230	0
1231	1
1232	0
1233	1
1234	0
1235	0
1236	0
1237	0
1238	0
1239	0
1240	0
1241	1
1242	0
1243	0
1244	-1
1245	0
1246	-1
1247	1
1248	-1
1249	1
1250	-3
1251	0
1252	-1
1253	0
1254	-3
1255	0
1256	-2
1257	0
1258	-3
1259	-1
1260	-3
1261	0
1262	-3
1263	-2
1264	-2
1265	-1
1266	-2
1267	-1
1268	-2
1269	-1
1270	-1
1271	-1
1272	-3
1273	0
1274	-2
1275	0
1276	0
1277	0
1278	-1
1279	0
1280	-2
1281	0
1282	-1
1283	0
1284	-2
1285	0
1286	-1
1287	0
1288	-1
1289	0
1290	-1
1291	0
1292	-2
1293	0
1294	-3
1295	-1
1296	-1
1297	-2
1298	-2
1299	0
1300	-2
1301	0
1302	-2
1303	0
1304	-2
1305	-1
1306	-2
1307	-1
1308	-2
1309	0
1310	-4
1311	0
1312	-2
1313	-1
1314	-1
1315	-1
1316	-2
1317	-1
1318	-1
1319	-2
1320	-2
1321	-1
1322	-2
1323	0
1324	-2
1325	0
1326	-1
1327	-1
1328	-2
1329	0
1330	0
1331	-1
1332	-2
1333	0
1334	-1
1335	0
1336	-1
1337	-1
1338	0
1339	0
1340	0
1341	0
1342	-2
1343	0
1344	-1
1345	-1
1346	-1
1347	0
1348	-1
1349	0
1350	-3
1351	-1
1352	-2
1353	-1
1354	-1
1355	-1
1356	-1
1357	-1
1358	-2
1359	-1
1360	-2
1361	-1
1362	-2
1363	0
1364	-3
1365	0
1366	-2
1367	0
1368	-3
1369	-3
1370	-2
1371	-1
1372	-1
1373	0
1374	-3
1375	-1
1376	-2
1377	0
1378	-2
1379	0
1380	-2
1381	0
1382	-2
1383	0
1384	-1
1385	0
1386	-1
1387	0
1388	-1
1389	0
1390	-1
1391	0
1392	-1
1393	0
1394	-1
1395	0
1396	-2
1397	0
1398	0
1399	0
1400	-1
1401	0
1402	-2
1403	0
1404	-2
1405	0
1406	-2
1407	0
1408	-2
1409	0
1410	-1
1411	0
1412	-2
1413	0
1414	-2
1415	0
1416	-2
1417	-1
1418	-1
1419	0
1420	-2
1421	0
1422	-2
1423	0
1424	-1
1425	0
1426	-1
1427	0
1428	-1
1429	-1
1430	-1
1431	0
1432	-2
1433	0
1434	-1
1435	0
1436	-2
1437	0
1438	-3
1439	-1
1440	-3
1441	0
1442	-2
1443	-1
1444	-3
1445	0
1446	-2
1447	-1
1448	-2
1449	-1
1450	-2
1451	0
1452	-1
1453	0
1454	-1
1455	0
1456	-3
1457	0
1458	-2
1459	0
1460	-1
1461	0
1462	0
1463	0
1464	-1
1465	0
1466	-2
1467	0
1468	-1
1469	0
1470	-2
1471	-1
1472	-1
1473	0
1474	-1
1475	0
1476	0
1477	0
1478	-1
1479	0
1480	-3
1481	0
1482	-2
1483	0
1484	-2
1485	0
1486	-1
1487	0
1488	-1
1489	0
1490	-1
1491	-1
1492	-1
1493	0
1494	-2
1495	-1
1496	-1
1497	0
1498	-1
1499	-1
1500	-1
1501	0
1502	0
1503	0
1504	-2
1505	0
1506	-1
1507	0
1508	-2
1509	0
1510	-2
1511	0
1512	0
1513	0
1514	-1
1515	0
1516	-2
1517	0
1518	-2
1519	0
1520	-1
1521	0
1522	-2
1523	0
1524	-2
1525	0
1526	-1
1527	0
1528	-2
1529	0
1530	-2
1531	0
1532	-1
1533	0
1534	-2
1535	-1
1536	-2
1537	0
1538	-1
1539	-1
1540	-2
1541	0
1542	-1
1543	-1
1544	-2
1545	0
1546	-2
1547	0
1548	-1
1549	0
1550	-2
1551	-1
1552	-2
1553	-1
1554	-2
1555	0
1556	-1
1557	0
1558	-2
1559	0
1560	-2
1561	-1
1562	-2
1563	-1
1564	0
1565	0
1566	-1
1567	0
1568	-2
1569	0
1570	-3
1571	-1
1572	-2
1573	0
1574	-1
1575	0
1576	-1
1577	0
1578	0
1579	0
1580	-3
1581	0
1582	-1
1583	0
1584	-1
1585	0
1586	0
1587	0
1588	0
1589	0
1590	0
1591	0
1592	-1
1593	0
1594	0
1595	0
1596	-1
1597	0
1598	0
1599	0
1600	-1
1601	0
1602	-2
1603	0
1604	-1
1605	0
1606	0
1607	0
1608	0
1609	0
1610	-1
1611	0
1612	-1
1613	0
1614	-1
1615	0
1616	-1
1617	-1
1618	-1
1619	0
1620	-1
1621	0
1622	-1
1623	0
1624	-2
1625	0
1626	-2
1627	0
1628	-1
1629	0
1630	-1
1631	0
1632	0
1633	0
1634	0
1635	0
1636	0
1637	0
1638	-1
1639	0
1640	-1
1641	0
1642	0
1643	0
1644	-1
1645	0
1646	-1
1647	0
1648	-2
1649	0
1650	-1
1651	0
1652	-1
1653	0
1654	-2
1655	0
1656	-1
1657	0
1658	-2
1659	0
1660	0
1661	0
1662	-2
1663	0
1664	-1
1665	0
1666	-1
1667	0
1668	0
1669	0
1670	-1
1671	0
1672	0
1673	0
1674	0
1675	0
1676	0
1677	0
1678	-1
1679	0
1680	0
1681	0
1682	0
1683	0
1684	0
1685	0
1686	0
1687	0
1688	-2
1689	0
1690	-1
1691	0
1692	-1
1693	0
1694	0
1695	-1
1696	0
1697	0
1698	0
1699	0
1700	-1
1701	0
1702	-2
1703	-1
1704	-3
1705	0
1706	-1
1707	-1
1708	-2
1709	0
1710	-1
1711	0
1712	-2
1713	0
1714	-1
1715	0
1716	-1
1717	0
1718	-2
1719	0
1720	0
1721	0
1722	0
1723	0
1724	0
1725	0
1726	0
1727	0
1728	0
1729	0
1730	-1
1731	0
1732	0
1733	0
1734	-1
1735	0
1736	0
1737	0
1738	0
1739	0
1740	-2
1741	0
1742	0
1743	0
1744	-1
1745	0
1746	-3
1747	0
1748	-1
1749	0
1750	-3
1751	0
1752	-3
1753	0
1754	-1
1755	0
1756	-2
1757	0
1758	-2
1759	0
1760	-2
1761	0
1762	-1
1763	0
1764	-2
1765	0
1766	-2
1767	0
1768	-1
1769	-1
1770	-1
1771	0
1772	-1
1773	0
1774	-1
1775	0
1776	-1
1777	0
1778	-1
1779	0
1780	-1
1781	0
1782	0
1783	0
1784	-1
1785	0
1786	-1
1787	0
1788	0
1789	0
1790	-1
1791	0
1792	-1
1793	0
1794	-2
1795	0
1796	-1
1797	-1
1798	-1
1799	0
1800	-1
1801	0
1802	-1
1803	0
1804	0
1805	0
1806	-1
1807	0
1808	0
1809	0
1810	-1
1811	0
1812	-1
1813	0
1814	-1
1815	0
1816	0
1817	0
1818	-1
1819	0
1820	0
1821	0
1822	0
1823	0
1824	0
1825	0
1826	0
1827	0
1828	-1
1829	0
1830	0
1831	0
1832	-1
1833	0
1834	0
1835	0
1836	-1
1837	0
1838	-1
1839	0
1840	-1
1841	0
1842	0
1843	0
1844	0
1845	0
1846	-1
1847	0
1848	-1
1849	1
1850	-1
1851	0
1852	-1
1853	0
1854	0
1855	0
1856	0
1857	0
1858	0
1859	0
1860	-1
1861	0
1862	-1
1863	0
1864	-2
1865	0
1866	-1
1867	0
1868	-1
1869	0
1870	-2
1871	-1
1872	-1
1873	0
1874	-1
1875	0
1876	-1
1877	0
1878	-1
1879	0
1880	0
1881	0
1882	-2
1883	-1
1884	0
1885	0
1886	-1
1887	0
1888	-2
1889	0
1890	-1
1891	0
1892	-1
1893	0
1894	-1
1895	0
1896	0
1897	0
1898	0
1899	0
1900	0
1901	0
1902	0
1903	0
1904	0
1905	0
1906	0
1907	0
1908	0
1909	0
1910	0
1911	0
1912	0
1913	0
1914	0
1915	0
1916	0
1917	0
1918	-1
1919	0
1920	0
1921	0
1922	0
1923	0
1924	-1
1925	0
1926	-1
1927	0
1928	-1
1929	-1
1930	-1
1931	-2
1932	-1
1933	0
1934	-1
1935	0
1936	-2
1937	0
1938	-1
1939	0
1940	-2
1941	0
1942	-1
1943	0
1944	-1
1945	0
1946	-1
1947	0
1948	0
1949	0
1950	0
1951	0
1952	0
1953	0
1954	0
1955	0
1956	0
1957	0
1958	0
1959	0
1960	0
1961	0
1962	0
1963	0
1964	0
1965	0
1966	-1
1967	0
1968	-2
1969	0
1970	0
1971	0
1972	-1
1973	0
1974	-1
1975	0
1976	-2
1977	0
1978	-1
1979	0
1980	0
1981	0
1982	-1
1983	0
1984	0
1985	0
1986	0
1987	0
1988	0
1989	0
1990	0
1991	0
1992	0
1993	0
1994	0
1995	0
1996	0
1997	0
1998	0
1999	0
