0	0
1	1
2	0
3	1
4	0
5	1
6	1
7	2
8	0
9	0
10	0
11	1
12	0
13	1
14	0
15	0
16	0
17	1
18	0
19	1
20	0
21	1
22	0
23	1
24	0
25	0
26	0
27	2
28	0
29	1
30	0
31	1
32	0
33	0
34	0
35	0
36	0
37	0
38	0
39	0
40	0
41	0
42	0
43	1
44	0
45	0
46	0
47	1
48	0
49	0
50	-1
51	0
52	0
53	0
54	0
55	0
56	0
57	0
58	0
59	0
60	0
61	0
62	0
63	0
64	0
65	0
66	0
67	0
68	0
69	0
70	0
71	0
72	0
73	0
74	0
75	1
76	0
77	1
78	0
79	0
80	0
81	1
82	0
83	0
84	0
85	0
86	0
87	0
88	0
89	1
90	0
91	1
92	0
93	1
94	0
95	0
96	0
97	0
98	0
99	0
100	0
101	1
102	0
103	0
104	0
105	0
106	0
107	1
108	0
109	0
110	0
111	0
112	0
113	0
114	0
115	0
116	0
117	0
118	0
119	1
120	0
121	0
122	0
123	0
124	0
125	0
126	0
127	1
128	0
129	0
130	0
131	0
132	0
133	0
134	0
135	0
136	0
137	0
138	0
139	1
140	0
141	0
142	0
143	0
144	-1
145	0
146	-1
147	0
148	0
149	0
150	0
151	0
152	0
153	0
154	0
155	0
156	0
157	0
158	0
159	0
160	0
161	0
162	0
163	0
164	0
165	0
166	0
167	0
168	0
169	0
170	0
171	0
172	0
173	0
174	0
175	1
176	0
177	0
178	0
179	0
180	0
181	0
182	-1
183	1
184	0
185	0
186	0
187	0
188	0
189	0
190	0
191	0
192	0
193	1
194	0
195	1
196	0
197	0
198	0
199	0
200	0
201	0
202	0
203	0
204	0
205	1
206	0
207	0
208	0
209	0
210	0
211	0
212	0
213	0
214	0
215	1
216	0
217	0
218	0
219	1
220	0
221	2
222	0
223	1
224	0
225	0
226	0
227	1
228	0
229	0
230	0
231	0
232	0
233	0
234	0
235	0
236	0
237	0
238	0
239	0
240	0
241	0
242	0
243	0
244	0
245	0
246	0
247	0
248	0
249	0
250	-1
251	0
252	0
253	0
254	0
255	0
256	0
257	0
258	0
259	0
260	0
261	0
262	0
263	0
264	0
265	0
266	0
267	0
268	0
269	0
270	0
271	0
272	0
273	0
274	0
275	0
276	0
277	0
278	0
279	1
280	0
281	1
282	0
283	1
284	0
285	1
286	0
287	0
288	0
289	0
290	0
291	0
292	0
293	0
294	0
295	0
296	0
297	0
298	0
299	0
300	0
301	1
302	0
303	0
304	0
305	0
306	0
307	0
308	0
309	0
310	0
311	0
312	0
313	0
314	0
315	0
316	0
317	0
318	0
319	1
320	0
321	0
322	0
323	0
324	0
325	1
326	0
327	0
328	0
329	0
330	0
331	0
332	0
333	0
334	0
335	0
336	0
337	0
338	0
339	0
340	0
341	0
342	0
343	0
344	0
345	0
346	0
347	0
348	0
349	0
350	0
351	1
352	0
353	1
354	0
355	0
356	1
357	0
358	0
359	0
360	0
361	0
362	0
363	0
364	0
365	0
366	0
367	0
368	0
369	0
370	0
371	0
372	0
373	0
374	0
375	0
376	0
377	0
378	0
379	0
380	0
381	0
382	0
383	0
384	0
385	0
386	0
387	0
388	0
389	0
390	0
391	0
392	0
393	0
394	0
395	1
396	0
397	0
398	0
399	1
400	0
401	1
402	0
403	2
404	0
405	1
406	0
407	0
408	0
409	1
410	0
411	0
412	0
413	0
414	0
415	0
416	0
417	1
418	0
419	0
420	0
421	0
422	0
423	1
424	0
425	0
426	-1
427	0
428	0
429	0
430	0
431	1
432	0
433	4
434	4
435	5
436	7
437	8
438	10
439	13
440	14
441	18
442	19
443	24
444	26
445	29
446	32
447	37
448	38
449	41
450	45
451	48
452	50
453	56
454	59
455	62
456	63
457	66
458	67
459	72
460	73
461	78
462	78
463	80
464	81
465	83
466	84
467	87
468	86
469	89
470	90
471	91
472	91
473	93
474	91
475	92
476	90
477	93
478	90
479	92
480	89
481	91
482	88
483	90
484	86
485	87
486	84
487	87
488	84
489	85
490	81
491	82
492	79
493	79
494	75
495	76
496	76
497	76
498	76
499	78
500	62
501	70
502	67
503	66
504	65
505	65
506	64
507	63
508	58
509	59
510	55
511	55
512	53
513	55
514	50
515	51
516	47
517	49
518	45
519	45
520	43
521	44
522	41
523	41
524	39
525	39
526	35
527	37
528	33
529	33
530	30
531	32
532	28
533	29
534	27
535	27
536	25
537	26
538	24
539	24
540	22
541	23
542	20
543	20
544	17
545	19
546	15
547	16
548	15
549	14
550	13
551	15
552	11
553	12
554	9
555	10
556	9
557	9
558	9
559	9
560	7
561	7
562	5
563	7
564	5
565	6
566	5
567	4
568	5
569	5
570	4
571	4
572	2
573	4
574	1
575	3
576	1
577	1
578	1
579	1
580	1
581	2
582	0
583	2
584	-1
585	1
586	-1
587	1
588	-1
589	0
590	-2
591	0
592	-2
593	0
594	-2
595	-1
596	-3
597	0
598	-3
599	-2
600	-3
601	-1
602	-3
603	-3
604	-4
605	-2
606	-3
607	-2
608	-4
609	0
610	-4
611	-1
612	-3
613	-2
614	-3
615	-2
616	-5
617	-4
618	-3
619	-2
620	-4
621	-2
622	-5
623	-3
624	-4
625	-3
626	-4
627	-3
628	-4
629	-3
630	-3
631	-3
632	-4
633	-2
634	-3
635	-2
636	-3
637	-2
638	-2
639	-2
640	-3
641	-2
642	-1
643	-1
644	-1
645	-2
646	-2
647	-2
648	-4
649	-1
650	-2
651	0
652	-2
653	-1
654	-3
655	0
656	-3
657	0
658	-2
659	0
660	-3
661	0
662	-2
663	0
664	-2
665	-1
666	-2
667	-3
668	-2
669	-1
670	-4
671	-1
672	-3
673	-2
674	-2
675	-1
676	-4
677	-1
678	-3
679	-1
680	-3
681	-2
682	-4
683	-2
684	-3
685	-2
686	-3
687	-3
688	-3
689	-3
690	-4
691	-3
692	-4
693	-1
694	-3
695	-2
696	-4
697	-2
698	-4
699	-3
700	-3
701	-3
702	-3
703	-1
704	-1
705	-1
706	-2
707	-1
708	-2
709	-1
710	-1
711	0
712	-3
713	-1
714	-2
715	-1
716	-2
717	-1
718	-4
719	-2
720	-1
721	-2
722	-1
723	-2
724	-4
725	-2
726	-5
727	-2
728	-4
729	-2
730	-4
731	-2
732	-4
733	-1
734	-4
735	-4
736	-4
737	-4
738	-5
739	-2
740	-3
741	-1
742	-3
743	-2
744	-3
745	-2
746	-4
747	-1
748	-3
749	-2
750	-4
751	-1
752	-3
753	-1
754	-3
755	-2
756	-4
757	-2
758	-4
759	-2
760	-3
761	-1
762	-5
763	-3
764	-4
765	-3
766	-2
767	-3
768	-3
769	-2
770	-3
771	-2
772	-3
773	-2
774	-4
775	-1
776	-4
777	-2
778	-4
779	-2
780	-5
781	-3
782	-4
783	-1
784	-3
785	-2
786	-4
787	-2
788	-4
789	-2
790	-3
791	-2
792	-3
793	-2
794	-2
795	-1
796	-4
797	0
798	-4
799	-2
800	-4
801	-4
802	-3
803	-2
804	-5
805	-2
806	-3
807	-2
808	-4
809	-3
810	-5
811	-4
812	-4
813	-2
814	-5
815	-3
816	-5
817	-3
818	-4
819	-3
820	-4
821	-1
822	-4
823	-3
824	-4
825	-3
826	-5
827	-3
828	-6
829	-3
830	-5
831	-3
832	-5
833	-3
834	-4
835	-3
836	-4
837	-4
838	-4
839	-4
840	-6
841	-3
842	-6
843	-2
844	-5
845	-2
846	-3
847	-3
848	-2
849	-2
850	-4
851	0
852	-4
853	-1
854	-2
855	0
856	-2
857	-1
858	-2
859	-1
860	-2
861	-3
862	-2
863	-2
864	-4
865	-2
866	-4
867	-1
868	-4
869	-3
870	-4
871	-1
872	-2
873	-1
874	-3
875	-2
876	-2
877	-2
878	-4
879	-3
880	-5
881	-2
882	-4
883	-2
884	-4
885	-2
886	-3
887	-2
888	-4
889	-3
890	-4
891	-3
892	-3
893	-4
894	-4
895	-5
896	-3
897	-3
898	-4
899	-4
900	-4
901	-4
902	-4
903	-3
904	-3
905	-2
906	-3
907	-3
908	-4
909	-3
910	-4
911	-4
912	-3
913	-2
914	-3
915	-2
916	-3
917	-3
918	-3
919	-1
920	-3
921	-2
922	-2
923	-1
924	-3
925	-2
926	-3
927	-1
928	-2
929	-3
930	-4
931	-2
932	-3
933	-3
934	-3
935	-2
936	-3
937	-2
938	-2
939	-2
940	-3
941	-2
942	-5
943	-4
944	-4
945	-4
946	-4
947	-3
948	-3
949	-2
950	-4
951	-2
952	-3
953	-2
954	-3
955	-2
956	-4
957	-1
958	-3
959	0
960	-3
961	0
962	-1
963	0
964	-2
965	0
966	-1
967	0
968	-3
969	0
970	-2
971	0
972	-2
973	0
974	-2
975	0
976	-1
977	0
978	0
979	0
980	0
981	0
982	0
983	0
984	-1
985	0
986	-1
987	0
988	-1
989	0
990	-1
991	0
992	-1
993	0
994	-2
995	-1
996	-1
997	0
998	-2
999	0
1000	-3
1001	0
1002	-2
1003	0
1004	-1
1005	-1
1006	-1
1007	0
1008	-3
1009	0
1010	-1
1011	0
1012	-1
1013	-1
1014	-3
1015	-1
1016	-2
1017	-1
1018	-2
1019	-1
1020	-2
1021	-1
1022	-2
1023	-1
1024	-3
1025	-3
1026	-2
1027	-2
1028	-2
1029	-2
1030	-4
1031	-1
1032	-3
1033	-1
1034	-4
1035	-1
1036	-4
1037	-2
1038	-2
1039	-1
1040	-3
1041	-1
1042	-3
1043	-1
1044	-2
1045	-1
1046	-2
1047	-2
1048	-2
1049	0
1050	-4
1051	-1
1052	-4
1053	-2
1054	-3
1055	-2
1056	-1
1057	-2
1058	-4
1059	-1
1060	-3
1061	0
1062	-3
1063	0
1064	-3
1065	-1
1066	-3
1067	-2
1068	-4
1069	-2
1070	-5
1071	-2
1072	-4
1073	-1
1074	-2
1075	-1
1076	-3
1077	-2
1078	-3
1079	-3
1080	-3
1081	-1
1082	-4
1083	-1
1084	-4
1085	-1
1086	-3
1087	-1
1088	-4
1089	0
1090	-2
1091	0
1092	-2
1093	0
1094	-3
1095	0
1096	-2
1097	0
1098	-3
1099	-1
1100	-2
1101	-1
1102	-3
1103	-1
1104	-3
1105	-1
1106	-3
1107	-1
1108	-4
1109	-2
1110	-3
1111	-1
1112	-4
1113	-1
1114	-4
1115	-2
1116	-2
1117	-2
1118	-3
1119	-3
1120	-4
1121	-3
1122	-4
1123	-2
1124	-4
1125	-3
1126	-4
1127	-3
1128	-3
1129	-3
1130	-2
1131	-3
1132	-2
1133	-1
1134	-2
1135	-1
1136	-4
1137	-1
1138	-3
1139	-2
1140	-3
1141	-1
1142	-2
1143	0
1144	-1
1145	-1
1146	-1
1147	-1
1148	-1
1149	-1
1150	-1
1151	0
1152	-1
1153	0
1154	-2
1155	0
1156	-2
1157	-1
1158	-1
1159	0
1160	-2
1161	0
1162	0
1163	0
1164	-2
1165	0
1166	-1
1167	0
1168	0
1169	0
1170	-1
1171	0
1172	-1
1173	0
1174	-1
1175	0
1176	0
1177	-1
1178	-1
1179	-1
1180	-2
1181	-1
1182	-3
1183	0
1184	-1
1185	0
1186	-1
1187	0
1188	-2
1189	0
1190	-2
1191	-1
1192	-1
1193	0
1194	-2
1195	0
1196	-2
1197	0
1198	-1
1199	0
1200	-1
1201	0
1202	-2
1203	0
1204	-1
1205	0
1206	-3
1207	-1
1208	-3
1209	-2
1210	-2
1211	-2
1212	-1
1213	-1
1214	-3
1215	-1
1216	-3
1217	-1
1218	-3
1219	-1
1220	-2
1221	-1
1222	-2
1223	-1
1224	-1
1225	-1
1226	-2
1227	-1
1228	-3
1229	-1
1230	-3
1231	-2
1232	-1
1233	-2
1234	-2
1235	-2
1236	-3
1237	-1
1238	-4
1239	-1
1240	-3
1241	-2
1242	-3
1243	-1
1244	-3
1245	-3
1246	-4
1247	-2
1248	-4
1249	-3
1250	-2
1251	-2
1252	-3
1253	-1
1254	-2
1255	-2
1256	-1
1257	-2
1258	-1
1259	-1
1260	-1
1261	0
1262	0
1263	0
1264	0
1265	0
1266	0
1267	0
1268	0
1269	0
1270	0
1271	1
1272	0
1273	1
1274	0
1275	1
1276	0
1277	1
1278	0
1279	1
1280	0
1281	0
1282	0
1283	1
1284	0
1285	1
1286	0
1287	1
1288	0
1289	0
1290	0
1291	0
1292	0
1293	0
1294	0
1295	0
1296	0
1297	1
1298	-2
1299	1
1300	-1
1301	-1
1302	0
1303	0
1304	0
1305	1
1306	-1
1307	0
1308	0
1309	0
1310	0
1311	0
1312	0
1313	0
1314	0
1315	0
1316	-2
1317	0
1318	0
1319	0
1320	0
1321	0
1322	-1
1323	0
1324	-1
1325	0
1326	0
1327	0
1328	0
1329	0
1330	-1
1331	0
1332	0
1333	0
1334	-1
1335	0
1336	-2
1337	0
1338	-1
1339	0
1340	-3
1341	-1
1342	-2
1343	0
1344	-1
1345	0
1346	-1
1347	0
1348	-1
1349	0
1350	-1
1351	-2
1352	-1
1353	-2
1354	-2
1355	-2
1356	-2
1357	-1
1358	-3
1359	0
1360	-2
1361	-1
1362	-2
1363	0
1364	-3
1365	-1
1366	-3
1367	-1
1368	-1
1369	-1
1370	-1
1371	0
1372	-2
1373	0
1374	-1
1375	-1
1376	-2
1377	-1
1378	-1
1379	0
1380	-1
1381	0
1382	-2
1383	0
1384	-1
1385	0
1386	0
1387	0
1388	-2
1389	0
1390	-1
1391	-1
1392	-1
1393	0
1394	-1
1395	-1
1396	-1
1397	-1
1398	0
1399	0
1400	-1
1401	0
1402	-1
1403	0
1404	-1
1405	-1
1406	-1
1407	-1
1408	-2
1409	0
1410	-1
1411	0
1412	-2
1413	-1
1414	-2
1415	-1
1416	-2
1417	-2
1418	-2
1419	-1
1420	-2
1421	-1
1422	-2
1423	0
1424	-2
1425	0
1426	-3
1427	0
1428	-2
1429	-1
1430	-1
1431	-1
1432	-4
1433	-1
1434	-3
1435	-1
1436	-4
1437	-1
1438	-2
1439	-1
1440	-2
1441	0
1442	-1
1443	-1
1444	-1
1445	0
1446	-1
1447	0
1448	0
1449	0
1450	0
1451	0
1452	-1
1453	0
1454	0
1455	0
1456	0
1457	0
1458	0
1459	0
1460	-1
1461	0
1462	-1
1463	0
1464	0
1465	0
1466	0
1467	0
1468	0
1469	0
1470	-1
1471	1
1472	0
1473	1
1474	0
1475	0
1476	1
1477	0
1478	0
1479	0
1480	-1
1481	0
1482	0
1483	0
1484	1
1485	2
1486	0
1487	0
1488	0
1489	0
1490	0
1491	1
1492	0
1493	0
1494	0
1495	0
1496	0
1497	0
1498	0
1499	-1
1500	-1
1501	0
1502	-1
1503	0
1504	-1
1505	-2
1506	-2
1507	-1
1508	-2
1509	-1
1510	-2
1511	-1
1512	-1
1513	0
1514	0
1515	0
1516	0
1517	0
1518	-1
1519	0
1520	0
1521	1
1522	0
1523	1
1524	1
1525	0
1526	0
1527	0
1528	0
1529	1
1530	0
1531	0
1532	0
1533	1
1534	0
1535	2
1536	0
1537	1
1538	0
1539	1
1540	0
1541	2
1542	0
1543	2
1544	0
1545	2
1546	0
1547	1
1548	0
1549	1
1550	0
1551	2
1552	0
1553	1
1554	0
1555	0
1556	0
1557	1
1558	0
1559	2
1560	0
1561	0
1562	-1
1563	1
1564	0
1565	0
1566	0
1567	0
1568	0
1569	0
1570	0
1571	0
1572	-1
1573	0
1574	0
1575	0
1576	-2
1577	0
1578	-1
1579	0
1580	0
1581	0
1582	-1
1583	0
1584	-1
1585	0
1586	-1
1587	0
1588	-1
1589	0
1590	0
1591	-1
1592	0
1593	0
1594	0
1595	0
1596	0
1597	0
1598	0
1599	0
1600	-1
1601	0
1602	-1
1603	0
1604	-1
1605	0
1606	0
1607	0
1608	-1
1609	0
1610	0
1611	0
1612	-2
1613	0
1614	0
1615	0
1616	-1
1617	0
1618	-1
1619	-1
1620	-1
1621	0
1622	-2
1623	-1
1624	-1
1625	-1
1626	-1
1627	-2
1628	-3
1629	-1
1630	-2
1631	-1
1632	-3
1633	-1
1634	-2
1635	-1
1636	-2
1637	-1
1638	-2
1639	-1
1640	-1
1641	-1
1642	-1
1643	-1
1644	-1
1645	-2
1646	0
1647	0
1648	-1
1649	-1
1650	-1
1651	0
1652	0
1653	0
1654	0
1655	0
1656	0
1657	0
1658	-1
1659	0
1660	-1
1661	-1
1662	-2
1663	0
1664	-2
1665	-1
1666	-3
1667	-1
1668	-1
1669	-1
1670	-2
1671	0
1672	-1
1673	0
1674	-2
1675	0
1676	-1
1677	0
1678	-4
1679	0
1680	-2
1681	0
1682	-1
1683	0
1684	-2
1685	0
1686	-1
1687	0
1688	-1
1689	0
1690	-2
1691	0
1692	-1
1693	0
1694	-1
1695	0
1696	-1
1697	0
1698	-1
1699	0
1700	-1
1701	0
1702	-1
1703	0
1704	-1
1705	0
1706	-1
1707	-2
1708	-1
1709	-1
1710	-1
1711	-1
1712	-2
1713	-1
1714	-3
1715	-1
1716	-3
1717	-2
1718	-3
1719	-1
1720	-3
1721	-3
1722	-3
1723	-2
1724	-4
1725	-2
1726	-2
1727	-2
1728	-2
1729	-2
1730	-2
1731	0
1732	-2
1733	-1
1734	-1
1735	0
1736	-1
1737	0
1738	-2
1739	0
1740	-3
1741	0
1742	-1
1743	0
1744	-1
1745	0
1746	-1
1747	0
1748	-1
1749	-1
1750	-1
1751	0
1752	-1
1753	0
1754	-1
1755	0
1756	-1
1757	0
1758	-1
1759	0
1760	-1
1761	-1
1762	-1
1763	0
1764	-1
1765	-1
1766	-1
1767	-1
1768	-1
1769	-1
1770	-1
1771	0
1772	-1
1773	-1
1774	-1
1775	-1
1776	-1
1777	-1
1778	-1
1779	0
1780	0
1781	0
1782	-1
1783	0
1784	-1
1785	0
1786	-1
1787	0
1788	-1
1789	0
1790	0
1791	0
1792	0
1793	0
1794	-1
1795	0
1796	-1
1797	0
1798	-1
1799	0
1800	0
1801	0
1802	-1
1803	0
1804	-1
1805	0
1806	-1
1807	0
1808	-1
1809	-1
1810	-1
1811	0
1812	0
1813	0
1814	-1
1815	0
1816	-1
1817	0
1818	-2
1819	-1
1820	-1
1821	-1
1822	-2
1823	-1
1824	-2
1825	-2
1826	-2
1827	-2
1828	-2
1829	-1
1830	-1
1831	-1
1832	-1
1833	-1
1834	-1
1835	-2
1836	-1
1837	-1
1838	0
1839	0
1840	-1
1841	0
1842	0
1843	0
1844	-1
1845	0
1846	-1
1847	0
1848	-1
1849	0
1850	0
1851	0
1852	0
1853	0
1854	0
1855	0
1856	0
1857	0
1858	0
1859	0
1860	0
1861	0
1862	0
1863	0
1864	0
1865	0
1866	0
1867	0
1868	0
1869	1
1870	0
1871	1
1872	0
1873	1
1874	0
1875	0
1876	0
1877	1
1878	0
1879	1
1880	0
1881	1
1882	0
1883	1
1884	0
1885	1
1886	0
1887	0
1888	0
1889	0
1890	0
1891	0
1892	1
1893	1
1894	1
1895	1
1896	0
1897	0
1898	0
1899	1
1900	0
1901	0
1902	0
1903	0
1904	0
1905	1
1906	0
1907	1
1908	0
1909	0
1910	0
1911	0
1912	0
1913	0
1914	0
1915	0
1916	0
1917	0
1918	0
1919	0
1920	0
1921	0
1922	0
1923	0
1924	-1
1925	0
1926	0
1927	0
1928	0
1929	-1
1930	-1
1931	-1
1932	-1
1933	0
1934	-1
1935	0
1936	0
1937	0
1938	0
1939	0
1940	0
1941	0
1942	-1
1943	0
1944	0
1945	0
1946	0
1947	0
1948	0
1949	0
1950	-1
1951	0
1952	0
1953	0
1954	0
1955	0
1956	0
1957	0
1958	0
1959	0
1960	0
1961	0
1962	0
1963	0
1964	0
1965	-2
1966	0
1967	0
1968	-1
1969	0
1970	-1
1971	0
1972	0
1973	0
1974	0
1975	-1
1976	0
1977	0
1978	0
1979	0
1980	0
1981	-1
1982	0
1983	0
1984	0
1985	0
1986	-1
1987	0
1988	0
1989	0
1990	0
1991	0
1992	0
1993	0
1994	0
1995	0
1996	0
1997	0
1998	0
1999	0
