0	0
1	1
2	0
3	1
4	0
5	0
6	0
7	0
8	0
9	0
10	0
11	0
12	0
13	0
14	0
15	1
16	0
17	0
18	0
19	1
20	0
21	1
22	0
23	1
24	0
25	0
26	0
27	0
28	0
29	0
30	0
31	1
32	0
33	0
34	0
35	1
36	0
37	0
38	0
39	1
40	0
41	0
42	0
43	1
44	0
45	0
46	0
47	2
48	0
49	1
50	0
51	0
52	-1
53	0
54	0
55	0
56	0
57	0
58	0
59	0
60	0
61	0
62	0
63	0
64	-1
65	0
66	0
67	0
68	0
69	0
70	0
71	0
72	0
73	0
74	0
75	0
76	0
77	0
78	0
79	0
80	0
81	0
82	0
83	0
84	0
85	0
86	0
87	0
88	0
89	0
90	0
91	0
92	0
93	0
94	0
95	0
96	-1
97	0
98	0
99	1
100	0
101	1
102	0
103	0
104	0
105	0
106	0
107	1
108	0
109	0
110	0
111	0
112	0
113	0
114	0
115	0
116	0
117	1
118	0
119	0
120	0
121	0
122	0
123	0
124	0
125	0
126	0
127	1
128	0
129	1
130	0
131	0
132	0
133	0
134	0
135	0
136	0
137	0
138	0
139	0
140	0
141	1
142	0
143	0
144	0
145	1
146	0
147	0
148	0
149	0
150	0
151	0
152	0
153	0
154	0
155	0
156	0
157	0
158	0
159	0
160	0
161	0
162	0
163	0
164	0
165	0
166	0
167	1
168	0
169	0
170	0
171	0
172	0
173	0
174	0
175	0
176	0
177	0
178	0
179	0
180	0
181	0
182	0
183	0
184	0
185	0
186	0
187	0
188	0
189	0
190	0
191	0
192	0
193	1
194	0
195	0
196	0
197	1
198	0
199	0
200	0
201	1
202	0
203	1
204	0
205	1
206	0
207	0
208	-1
209	0
210	0
211	0
212	0
213	0
214	0
215	0
216	0
217	0
218	0
219	0
220	0
221	0
222	0
223	0
224	0
225	0
226	0
227	0
228	0
229	0
230	0
231	0
232	0
233	1
234	0
235	0
236	0
237	0
238	0
239	0
240	0
241	0
242	0
243	2
244	0
245	0
246	0
247	0
248	0
249	0
250	0
251	1
252	0
253	0
254	0
255	0
256	0
257	0
258	0
259	0
260	0
261	0
262	0
263	0
264	0
265	0
266	0
267	0
268	0
269	0
270	0
271	0
272	0
273	0
274	0
275	0
276	0
277	0
278	0
279	0
280	0
281	0
282	0
283	0
284	0
285	0
286	0
287	0
288	0
289	0
290	0
291	0
292	0
293	0
294	0
295	0
296	0
297	0
298	0
299	0
300	0
301	0
302	0
303	0
304	0
305	0
306	0
307	0
308	0
309	0
310	0
311	0
312	0
313	0
314	0
315	0
316	0
317	0
318	0
319	1
320	0
321	0
322	0
323	0
324	0
325	0
326	0
327	0
328	0
329	0
330	0
331	1
332	0
333	2
334	0
335	0
336	0
337	0
338	0
339	0
340	0
341	0
342	0
343	0
344	0
345	0
346	0
347	0
348	0
349	1
350	0
351	0
352	0
353	0
354	0
355	0
356	0
357	0
358	0
359	0
360	0
361	0
362	0
363	1
364	0
365	0
366	0
367	0
368	0
369	0
370	0
371	0
372	0
373	0
374	0
375	0
376	0
377	1
378	0
379	0
380	0
381	1
382	0
383	0
384	0
385	0
386	0
387	0
388	0
389	0
390	0
391	0
392	0
393	0
394	0
395	0
396	0
397	0
398	0
399	0
400	0
401	0
402	0
403	1
404	0
405	0
406	0
407	1
408	0
409	1
410	0
411	1
412	0
413	0
414	0
415	0
416	0
417	0
418	0
419	0
420	0
421	0
422	0
423	0
424	0
425	0
426	0
427	0
428	-1
429	0
430	0
431	0
432	0
433	0
434	0
435	2
436	0
437	1
438	0
439	0
440	0
441	1
442	0
443	2
444	0
445	3
446	1
447	3
448	1
449	5
450	3
451	7
452	6
453	8
454	8
455	10
456	8
457	12
458	12
459	15
460	13
461	17
462	15
463	19
464	18
465	20
466	20
467	23
468	22
469	27
470	25
471	29
472	27
473	30
474	30
475	36
476	33
477	39
478	36
479	42
480	40
481	45
482	44
483	51
484	47
485	52
486	51
487	57
488	55
489	59
490	57
491	62
492	61
493	65
494	65
495	67
496	68
497	68
498	69
499	78
500	62
501	74
502	69
503	72
504	70
505	72
506	70
507	73
508	71
509	74
510	69
511	72
512	67
513	70
514	67
515	69
516	66
517	68
518	64
519	66
520	62
521	65
522	59
523	61
524	58
525	58
526	56
527	57
528	53
529	56
530	50
531	52
532	48
533	51
534	44
535	48
536	43
537	46
538	40
539	41
540	38
541	40
542	35
543	39
544	33
545	36
546	30
547	34
548	28
549	31
550	27
551	29
552	25
553	27
554	24
555	27
556	22
557	25
558	19
559	23
560	18
561	23
562	16
563	20
564	15
565	19
566	14
567	19
568	12
569	16
570	11
571	14
572	11
573	12
574	9
575	12
576	9
577	11
578	8
579	11
580	8
581	11
582	7
583	10
584	6
585	10
586	5
587	10
588	4
589	8
590	3
591	6
592	2
593	5
594	2
595	5
596	2
597	5
598	0
599	4
600	0
601	2
602	-1
603	0
604	0
605	2
606	0
607	1
608	0
609	0
610	0
611	1
612	0
613	0
614	0
615	0
616	0
617	0
618	0
619	1
620	0
621	0
622	0
623	0
624	0
625	0
626	0
627	2
628	0
629	1
630	0
631	0
632	0
633	0
634	0
635	0
636	0
637	0
638	0
639	0
640	0
641	0
642	-1
643	0
644	-1
645	0
646	-1
647	0
648	-1
649	-1
650	-1
651	0
652	-1
653	0
654	-1
655	0
656	0
657	0
658	0
659	0
660	-1
661	0
662	0
663	0
664	-1
665	-1
666	-1
667	0
668	0
669	0
670	0
671	0
672	0
673	0
674	0
675	0
676	-1
677	0
678	0
679	0
680	-1
681	0
682	-1
683	0
684	-1
685	0
686	-2
687	0
688	-2
689	0
690	-1
691	0
692	-1
693	0
694	-1
695	0
696	-1
697	0
698	-2
699	0
700	-1
701	0
702	-1
703	0
704	-2
705	0
706	0
707	0
708	0
709	0
710	-1
711	0
712	0
713	0
714	-1
715	0
716	-2
717	0
718	-2
719	0
720	0
721	0
722	0
723	0
724	0
725	0
726	0
727	0
728	0
729	0
730	0
731	0
732	-1
733	0
734	-1
735	0
736	-1
737	0
738	-2
739	0
740	-2
741	0
742	-1
743	0
744	-1
745	0
746	-2
747	0
748	-2
749	0
750	-2
751	0
752	-1
753	0
754	-1
755	0
756	-1
757	0
758	-3
759	0
760	-2
761	0
762	-2
763	0
764	-2
765	0
766	-3
767	0
768	-2
769	-1
770	-3
771	-1
772	-1
773	0
774	-1
775	0
776	-1
777	0
778	-1
779	0
780	-2
781	0
782	-1
783	-1
784	-1
785	0
786	-1
787	0
788	-1
789	0
790	-1
791	0
792	-1
793	0
794	-2
795	0
796	-2
797	0
798	-1
799	0
800	-1
801	0
802	-1
803	0
804	0
805	0
806	-1
807	0
808	-2
809	0
810	-2
811	0
812	-3
813	0
814	-2
815	0
816	-2
817	0
818	-2
819	0
820	-3
821	0
822	-3
823	0
824	-2
825	0
826	-1
827	0
828	0
829	0
830	-1
831	0
832	0
833	0
834	0
835	0
836	-1
837	0
838	0
839	0
840	-1
841	0
842	-1
843	0
844	-1
845	0
846	-1
847	0
848	0
849	-1
850	-2
851	-1
852	-1
853	0
854	-2
855	0
856	-2
857	0
858	-2
859	0
860	-1
861	0
862	-3
863	0
864	-2
865	0
866	-1
867	0
868	-1
869	0
870	-1
871	0
872	0
873	0
874	-1
875	0
876	-1
877	0
878	-2
879	0
880	-2
881	0
882	-1
883	0
884	-1
885	0
886	0
887	0
888	-2
889	0
890	-1
891	0
892	-1
893	0
894	-1
895	0
896	-1
897	1
898	-1
899	0
900	-1
901	1
902	-2
903	1
904	-1
905	1
906	-2
907	0
908	0
909	0
910	-2
911	1
912	0
913	1
914	-1
915	1
916	0
917	1
918	0
919	1
920	0
921	1
922	0
923	1
924	0
925	0
926	0
927	0
928	0
929	1
930	0
931	1
932	0
933	0
934	0
935	0
936	0
937	1
938	-2
939	0
940	-2
941	0
942	-2
943	0
944	-3
945	0
946	-2
947	0
948	-1
949	0
950	-2
951	0
952	-1
953	0
954	-2
955	0
956	-2
957	0
958	-2
959	0
960	-1
961	0
962	-1
963	0
964	-1
965	0
966	-2
967	0
968	-2
969	0
970	-1
971	0
972	0
973	0
974	-1
975	0
976	-1
977	0
978	-1
979	0
980	-1
981	0
982	-1
983	0
984	0
985	0
986	-2
987	0
988	-1
989	0
990	-1
991	0
992	-2
993	0
994	-4
995	0
996	-2
997	0
998	-3
999	0
1000	-1
1001	0
1002	-2
1003	0
1004	-1
1005	0
1006	-1
1007	0
1008	-2
1009	0
1010	-1
1011	0
1012	0
1013	0
1014	-1
1015	0
1016	-1
1017	0
1018	0
1019	0
1020	-1
1021	0
1022	0
1023	0
1024	0
1025	0
1026	0
1027	0
1028	0
1029	0
1030	-2
1031	0
1032	-2
1033	0
1034	-2
1035	0
1036	-1
1037	0
1038	-2
1039	-1
1040	-1
1041	0
1042	-2
1043	0
1044	-1
1045	-1
1046	-3
1047	-1
1048	-3
1049	-1
1050	-3
1051	0
1052	-2
1053	-1
1054	-3
1055	-1
1056	-3
1057	0
1058	-3
1059	0
1060	-3
1061	-1
1062	-3
1063	0
1064	-3
1065	-1
1066	-2
1067	-1
1068	-4
1069	-1
1070	-4
1071	-1
1072	-3
1073	0
1074	-2
1075	0
1076	-1
1077	0
1078	-2
1079	0
1080	-2
1081	0
1082	-1
1083	0
1084	-2
1085	0
1086	-2
1087	0
1088	-3
1089	0
1090	-2
1091	0
1092	-2
1093	0
1094	-1
1095	0
1096	-1
1097	0
1098	-2
1099	1
1100	-1
1101	0
1102	-2
1103	0
1104	-2
1105	0
1106	-2
1107	0
1108	-1
1109	0
1110	-1
1111	0
1112	-3
1113	0
1114	-1
1115	0
1116	-2
1117	0
1118	-3
1119	0
1120	-2
1121	0
1122	-3
1123	0
1124	-1
1125	0
1126	-1
1127	0
1128	-2
1129	0
1130	-2
1131	0
1132	0
1133	0
1134	-1
1135	0
1136	-2
1137	0
1138	-2
1139	0
1140	-2
1141	0
1142	-2
1143	0
1144	-1
1145	0
1146	-3
1147	0
1148	-3
1149	0
1150	-2
1151	0
1152	-2
1153	0
1154	-3
1155	0
1156	-3
1157	-1
1158	-3
1159	-1
1160	-4
1161	-1
1162	-4
1163	-1
1164	-2
1165	-1
1166	-2
1167	0
1168	-1
1169	0
1170	-3
1171	0
1172	-2
1173	0
1174	0
1175	0
1176	-1
1177	0
1178	-2
1179	0
1180	-3
1181	0
1182	-4
1183	0
1184	-3
1185	0
1186	0
1187	0
1188	-2
1189	0
1190	-2
1191	0
1192	-2
1193	0
1194	-3
1195	-1
1196	-2
1197	0
1198	-2
1199	-1
1200	-1
1201	0
1202	-3
1203	0
1204	-2
1205	0
1206	0
1207	0
1208	0
1209	0
1210	-1
1211	1
1212	0
1213	0
1214	0
1215	1
1216	0
1217	1
1218	0
1219	1
1220	0
1221	0
1222	0
1223	1
1224	0
1225	1
1226	0
1227	1
1228	-1
1229	1
1230	0
1231	1
1232	0
1233	1
1234	0
1235	1
1236	-1
1237	0
1238	-1
1239	1
1240	-1
1241	1
1242	0
1243	0
1244	-1
1245	0
1246	-1
1247	0
1248	0
1249	0
1250	0
1251	0
1252	0
1253	0
1254	-1
1255	0
1256	-1
1257	0
1258	0
1259	0
1260	-1
1261	0
1262	0
1263	0
1264	0
1265	0
1266	-1
1267	0
1268	-1
1269	0
1270	-2
1271	0
1272	-1
1273	0
1274	0
1275	0
1276	-1
1277	0
1278	0
1279	0
1280	-1
1281	0
1282	-3
1283	0
1284	-2
1285	0
1286	0
1287	0
1288	-1
1289	0
1290	-2
1291	-1
1292	-2
1293	0
1294	-1
1295	-1
1296	-2
1297	0
1298	-2
1299	0
1300	-1
1301	0
1302	0
1303	0
1304	-2
1305	0
1306	-1
1307	0
1308	-1
1309	0
1310	0
1311	-1
1312	-1
1313	0
1314	-1
1315	0
1316	-2
1317	0
1318	-2
1319	0
1320	0
1321	0
1322	0
1323	0
1324	-1
1325	0
1326	-1
1327	0
1328	0
1329	0
1330	0
1331	0
1332	0
1333	0
1334	-1
1335	0
1336	-1
1337	0
1338	-1
1339	0
1340	-1
1341	0
1342	-1
1343	0
1344	-1
1345	0
1346	-1
1347	0
1348	-2
1349	0
1350	-1
1351	0
1352	0
1353	0
1354	-1
1355	0
1356	-3
1357	0
1358	-2
1359	0
1360	-3
1361	-1
1362	-2
1363	0
1364	-2
1365	0
1366	-1
1367	-1
1368	-1
1369	0
1370	-2
1371	0
1372	-2
1373	-1
1374	-2
1375	-1
1376	-2
1377	-1
1378	-3
1379	0
1380	-4
1381	0
1382	-1
1383	0
1384	-2
1385	-1
1386	-1
1387	0
1388	-1
1389	0
1390	-1
1391	0
1392	-1
1393	0
1394	-1
1395	0
1396	-1
1397	0
1398	-2
1399	0
1400	-1
1401	0
1402	-2
1403	0
1404	-2
1405	0
1406	-2
1407	0
1408	-1
1409	0
1410	0
1411	0
1412	-2
1413	0
1414	-1
1415	0
1416	-1
1417	0
1418	-1
1419	0
1420	-2
1421	0
1422	-1
1423	0
1424	-1
1425	0
1426	-1
1427	0
1428	-1
1429	0
1430	-1
1431	0
1432	-2
1433	0
1434	-1
1435	0
1436	-1
1437	-1
1438	-1
1439	0
1440	0
1441	0
1442	-1
1443	0
1444	-2
1445	0
1446	-1
1447	0
1448	-2
1449	0
1450	-1
1451	0
1452	0
1453	0
1454	-1
1455	0
1456	0
1457	0
1458	-1
1459	0
1460	-1
1461	0
1462	-1
1463	0
1464	0
1465	0
1466	-1
1467	0
1468	0
1469	0
1470	-2
1471	0
1472	-1
1473	0
1474	-1
1475	0
1476	-3
1477	0
1478	-3
1479	0
1480	-3
1481	0
1482	-2
1483	-1
1484	-2
1485	0
1486	-4
1487	-1
1488	-4
1489	0
1490	-2
1491	0
1492	0
1493	-1
1494	-2
1495	-1
1496	-2
1497	-1
1498	-1
1499	0
1500	0
1501	0
1502	0
1503	0
1504	0
1505	0
1506	-1
1507	0
1508	-1
1509	0
1510	-2
1511	0
1512	0
1513	0
1514	0
1515	0
1516	-1
1517	0
1518	0
1519	0
1520	0
1521	0
1522	-2
1523	0
1524	-1
1525	0
1526	-2
1527	0
1528	-1
1529	0
1530	-1
1531	0
1532	-1
1533	0
1534	-1
1535	0
1536	-2
1537	0
1538	-1
1539	0
1540	-2
1541	-1
1542	-1
1543	0
1544	-2
1545	0
1546	-1
1547	0
1548	-1
1549	0
1550	-1
1551	0
1552	0
1553	0
1554	-1
1555	0
1556	-1
1557	0
1558	-2
1559	0
1560	-2
1561	0
1562	-2
1563	0
1564	-1
1565	0
1566	-1
1567	0
1568	-1
1569	0
1570	-1
1571	0
1572	-2
1573	0
1574	-1
1575	0
1576	-1
1577	0
1578	-1
1579	0
1580	-2
1581	0
1582	-2
1583	0
1584	-2
1585	0
1586	0
1587	0
1588	-1
1589	0
1590	-1
1591	0
1592	-1
1593	0
1594	-1
1595	0
1596	-1
1597	0
1598	-1
1599	0
1600	-1
1601	0
1602	-1
1603	0
1604	-1
1605	0
1606	-2
1607	0
1608	-2
1609	0
1610	-1
1611	0
1612	-1
1613	0
1614	-1
1615	0
1616	0
1617	0
1618	-1
1619	0
1620	-2
1621	0
1622	0
1623	0
1624	-2
1625	0
1626	-2
1627	0
1628	-1
1629	0
1630	-1
1631	0
1632	-1
1633	0
1634	-1
1635	0
1636	0
1637	0
1638	-1
1639	0
1640	0
1641	0
1642	0
1643	0
1644	0
1645	0
1646	0
1647	0
1648	0
1649	0
1650	0
1651	0
1652	-1
1653	0
1654	-1
1655	0
1656	-1
1657	0
1658	-1
1659	0
1660	0
1661	0
1662	-1
1663	0
1664	-1
1665	0
1666	-1
1667	0
1668	-1
1669	-1
1670	-2
1671	0
1672	-2
1673	0
1674	-1
1675	0
1676	-2
1677	0
1678	-1
1679	0
1680	-1
1681	0
1682	-1
1683	0
1684	0
1685	0
1686	0
1687	0
1688	0
1689	1
1690	-1
1691	1
1692	0
1693	0
1694	0
1695	1
1696	0
1697	1
1698	0
1699	1
1700	0
1701	1
1702	0
1703	1
1704	0
1705	1
1706	0
1707	1
1708	0
1709	1
1710	0
1711	1
1712	0
1713	1
1714	0
1715	0
1716	0
1717	1
1718	1
1719	1
1720	0
1721	0
1722	0
1723	0
1724	0
1725	2
1726	0
1727	0
1728	0
1729	0
1730	0
1731	0
1732	-1
1733	0
1734	-1
1735	0
1736	0
1737	1
1738	0
1739	0
1740	0
1741	0
1742	0
1743	0
1744	0
1745	0
1746	0
1747	0
1748	0
1749	0
1750	0
1751	0
1752	0
1753	0
1754	0
1755	0
1756	0
1757	0
1758	0
1759	0
1760	0
1761	0
1762	-1
1763	0
1764	0
1765	0
1766	0
1767	0
1768	-1
1769	0
1770	0
1771	0
1772	-1
1773	0
1774	-1
1775	1
1776	0
1777	0
1778	-2
1779	0
1780	0
1781	0
1782	-1
1783	0
1784	0
1785	0
1786	0
1787	0
1788	0
1789	0
1790	0
1791	0
1792	-1
1793	0
1794	-1
1795	0
1796	-1
1797	0
1798	-1
1799	0
1800	-1
1801	0
1802	0
1803	0
1804	0
1805	0
1806	0
1807	0
1808	-1
1809	0
1810	0
1811	0
1812	0
1813	0
1814	0
1815	0
1816	-1
1817	0
1818	-1
1819	0
1820	0
1821	0
1822	0
1823	0
1824	0
1825	0
1826	-1
1827	0
1828	0
1829	0
1830	-1
1831	0
1832	-1
1833	0
1834	-1
1835	0
1836	-1
1837	0
1838	0
1839	0
1840	0
1841	0
1842	-1
1843	0
1844	-1
1845	0
1846	0
1847	0
1848	0
1849	0
1850	-1
1851	0
1852	0
1853	0
1854	0
1855	0
1856	0
1857	0
1858	-1
1859	0
1860	0
1861	0
1862	-1
1863	0
1864	-1
1865	0
1866	0
1867	0
1868	0
1869	0
1870	0
1871	0
1872	0
1873	0
1874	0
1875	0
1876	-1
1877	0
1878	0
1879	0
1880	0
1881	0
1882	-2
1883	0
1884	-1
1885	0
1886	-1
1887	0
1888	-1
1889	0
1890	-1
1891	1
1892	-1
1893	0
1894	0
1895	0
1896	0
1897	0
1898	-1
1899	0
1900	-1
1901	0
1902	-2
1903	0
1904	0
1905	0
1906	0
1907	0
1908	0
1909	0
1910	-1
1911	0
1912	0
1913	0
1914	-1
1915	0
1916	-1
1917	0
1918	0
1919	0
1920	0
1921	0
1922	0
1923	0
1924	0
1925	0
1926	0
1927	0
1928	0
1929	0
1930	0
1931	0
1932	0
1933	0
1934	0
1935	0
1936	0
1937	0
1938	0
1939	0
1940	0
1941	0
1942	0
1943	0
1944	-1
1945	0
1946	-2
1947	0
1948	0
1949	0
1950	0
1951	0
1952	-1
1953	0
1954	0
1955	0
1956	0
1957	0
1958	-2
1959	0
1960	-1
1961	0
1962	-1
1963	0
1964	0
1965	0
1966	-1
1967	0
1968	0
1969	0
1970	0
1971	0
1972	0
1973	0
1974	0
1975	0
1976	-1
1977	0
1978	0
1979	0
1980	-2
1981	0
1982	0
1983	0
1984	0
1985	0
1986	0
1987	0
1988	0
1989	0
1990	-1
1991	0
1992	0
1993	0
1994	0
1995	0
1996	0
1997	0
1998	0
1999	0
