0	0
1	0
2	0
3	0
4	0
5	0
6	0
7	1
8	0
9	1
10	0
11	0
12	0
13	0
14	0
15	0
16	0
17	0
18	0
19	0
20	0
21	0
22	0
23	0
24	-1
25	0
26	0
27	0
28	-1
29	0
30	-1
31	0
32	0
33	0
34	0
35	0
36	0
37	0
38	0
39	0
40	0
41	0
42	0
43	1
44	0
45	1
46	0
47	1
48	0
49	2
50	0
51	2
52	0
53	2
54	0
55	1
56	0
57	0
58	0
59	0
60	0
61	0
62	-1
63	1
64	0
65	0
66	-1
67	0
68	0
69	1
70	-1
71	0
72	-1
73	0
74	0
75	0
76	-1
77	0
78	0
79	0
80	0
81	0
82	0
83	0
84	0
85	1
86	0
87	0
88	0
89	1
90	0
91	1
92	0
93	0
94	1
95	1
96	0
97	1
98	0
99	1
100	0
101	1
102	0
103	0
104	0
105	0
106	0
107	0
108	0
109	1
110	-1
111	0
112	-1
113	0
114	-1
115	0
116	-2
117	0
118	-2
119	0
120	-1
121	0
122	-1
123	0
124	-1
125	-1
126	0
127	0
128	0
129	0
130	0
131	0
132	0
133	0
134	0
135	1
136	0
137	1
138	0
139	2
140	0
141	1
142	0
143	1
144	0
145	0
146	0
147	1
148	0
149	0
150	0
151	0
152	0
153	0
154	0
155	0
156	0
157	0
158	0
159	0
160	0
161	0
162	0
163	0
164	0
165	0
166	0
167	0
168	0
169	0
170	-1
171	0
172	0
173	0
174	0
175	0
176	0
177	0
178	0
179	2
180	0
181	1
182	0
183	1
184	0
185	1
186	0
187	1
188	0
189	1
190	0
191	1
192	0
193	1
194	-1
195	1
196	-1
197	2
198	0
199	0
200	-1
201	0
202	-1
203	-1
204	-1
205	0
206	0
207	0
208	-1
209	0
210	-1
211	0
212	0
213	0
214	0
215	0
216	0
217	0
218	0
219	0
220	0
221	0
222	0
223	2
224	0
225	1
226	1
227	3
228	0
229	2
230	2
231	2
232	2
233	2
234	1
235	2
236	0
237	2
238	1
239	2
240	0
241	1
242	0
243	1
244	0
245	1
246	0
247	1
248	1
249	0
250	0
251	0
252	0
253	1
254	0
255	0
256	0
257	0
258	-1
259	0
260	0
261	0
262	-1
263	0
264	-1
265	0
266	-1
267	0
268	0
269	0
270	0
271	0
272	0
273	0
274	-1
275	1
276	0
277	0
278	0
279	0
280	0
281	0
282	0
283	1
284	0
285	0
286	0
287	0
288	0
289	0
290	-1
291	0
292	0
293	0
294	0
295	0
296	-1
297	0
298	0
299	0
300	0
301	0
302	0
303	0
304	0
305	0
306	0
307	0
308	0
309	0
310	-1
311	0
312	0
313	0
314	0
315	0
316	0
317	0
318	-1
319	0
320	-1
321	0
322	0
323	0
324	0
325	0
326	0
327	0
328	0
329	0
330	0
331	0
332	0
333	1
334	0
335	2
336	0
337	1
338	0
339	1
340	0
341	2
342	0
343	1
344	0
345	2
346	1
347	2
348	1
349	1
350	0
351	1
352	0
353	1
354	0
355	1
356	0
357	0
358	0
359	1
360	0
361	0
362	0
363	0
364	0
365	0
366	0
367	0
368	0
369	0
370	0
371	0
372	0
373	0
374	-1
375	0
376	0
377	0
378	0
379	0
380	0
381	0
382	0
383	0
384	0
385	0
386	0
387	0
388	0
389	0
390	0
391	0
392	0
393	0
394	-1
395	0
396	0
397	0
398	0
399	0
400	0
401	0
402	0
403	0
404	0
405	0
406	-1
407	0
408	-1
409	0
410	0
411	0
412	0
413	0
414	0
415	0
416	0
417	0
418	0
419	0
420	0
421	1
422	0
423	1
424	0
425	2
426	1
427	4
428	3
429	6
430	7
431	11
432	11
433	16
434	17
435	20
436	23
437	29
438	31
439	37
440	40
441	45
442	48
443	54
444	56
445	63
446	65
447	69
448	73
449	78
450	82
451	87
452	88
453	94
454	96
455	103
456	103
457	107
458	108
459	112
460	113
461	117
462	119
463	120
464	121
465	123
466	124
467	126
468	125
469	126
470	124
471	128
472	124
473	125
474	123
475	123
476	122
477	121
478	117
479	118
480	116
481	115
482	111
483	111
484	108
485	107
486	104
487	101
488	97
489	97
490	94
491	92
492	88
493	87
494	83
495	81
496	76
497	77
498	77
499	78
500	62
501	69
502	64
503	64
504	61
505	61
506	53
507	54
508	51
509	52
510	48
511	47
512	42
513	42
514	39
515	39
516	37
517	37
518	32
519	33
520	28
521	29
522	26
523	26
524	23
525	24
526	22
527	20
528	16
529	17
530	15
531	16
532	13
533	13
534	11
535	12
536	10
537	10
538	8
539	8
540	7
541	6
542	4
543	3
544	2
545	2
546	0
547	2
548	-1
549	0
550	-2
551	-1
552	-2
553	-3
554	-5
555	-4
556	-5
557	-4
558	-6
559	-5
560	-6
561	-7
562	-8
563	-7
564	-9
565	-8
566	-9
567	-8
568	-11
569	-8
570	-11
571	-9
572	-11
573	-9
574	-11
575	-9
576	-10
577	-9
578	-10
579	-9
580	-10
581	-10
582	-10
583	-9
584	-11
585	-8
586	-11
587	-10
588	-10
589	-10
590	-10
591	-10
592	-11
593	-10
594	-10
595	-11
596	-9
597	-10
598	-9
599	-9
600	-10
601	-9
602	-10
603	-9
604	-9
605	-9
606	-10
607	-9
608	-9
609	-7
610	-9
611	-8
612	-9
613	-9
614	-9
615	-8
616	-11
617	-9
618	-10
619	-8
620	-9
621	-8
622	-10
623	-9
624	-9
625	-8
626	-9
627	-9
628	-9
629	-7
630	-8
631	-6
632	-9
633	-7
634	-8
635	-6
636	-6
637	-9
638	-6
639	-6
640	-6
641	-4
642	-6
643	-5
644	-4
645	-3
646	-4
647	-3
648	-5
649	-3
650	-5
651	-4
652	-4
653	-4
654	-3
655	-3
656	-4
657	-2
658	-5
659	-4
660	-5
661	-3
662	-5
663	-4
664	-6
665	-2
666	-7
667	-4
668	-7
669	-5
670	-6
671	-5
672	-6
673	-5
674	-9
675	-5
676	-10
677	-5
678	-7
679	-5
680	-10
681	-7
682	-8
683	-8
684	-9
685	-7
686	-8
687	-7
688	-9
689	-7
690	-7
691	-7
692	-8
693	-5
694	-10
695	-7
696	-10
697	-5
698	-6
699	-5
700	-6
701	-5
702	-6
703	-5
704	-8
705	-5
706	-7
707	-7
708	-6
709	-6
710	-7
711	-5
712	-7
713	-5
714	-7
715	-5
716	-7
717	-5
718	-7
719	-4
720	-8
721	-3
722	-6
723	-4
724	-7
725	-4
726	-6
727	-5
728	-6
729	-4
730	-6
731	-5
732	-6
733	-4
734	-6
735	-3
736	-4
737	-4
738	-5
739	-4
740	-5
741	-4
742	-4
743	-3
744	-4
745	-4
746	-6
747	-2
748	-4
749	-4
750	-5
751	-5
752	-5
753	-2
754	-6
755	-3
756	-5
757	-3
758	-4
759	-3
760	-5
761	-4
762	-6
763	-5
764	-6
765	-4
766	-7
767	-5
768	-8
769	-4
770	-6
771	-5
772	-6
773	-6
774	-7
775	-6
776	-8
777	-5
778	-6
779	-4
780	-7
781	-5
782	-7
783	-5
784	-8
785	-6
786	-8
787	-6
788	-6
789	-5
790	-5
791	-7
792	-8
793	-6
794	-7
795	-5
796	-8
797	-7
798	-9
799	-6
800	-8
801	-8
802	-8
803	-6
804	-8
805	-6
806	-7
807	-6
808	-9
809	-6
810	-8
811	-7
812	-7
813	-9
814	-7
815	-7
816	-9
817	-9
818	-8
819	-7
820	-7
821	-7
822	-8
823	-6
824	-8
825	-6
826	-9
827	-6
828	-10
829	-7
830	-8
831	-6
832	-6
833	-6
834	-7
835	-6
836	-7
837	-6
838	-8
839	-6
840	-7
841	-4
842	-5
843	-6
844	-8
845	-5
846	-6
847	-4
848	-4
849	-4
850	-6
851	-4
852	-6
853	-4
854	-4
855	-4
856	-6
857	-5
858	-5
859	-4
860	-4
861	-5
862	-5
863	-4
864	-5
865	-4
866	-6
867	-4
868	-5
869	-4
870	-6
871	-5
872	-5
873	-6
874	-5
875	-4
876	-5
877	-4
878	-5
879	-4
880	-5
881	-4
882	-4
883	-3
884	-7
885	-5
886	-6
887	-4
888	-6
889	-4
890	-5
891	-4
892	-5
893	-4
894	-6
895	-6
896	-4
897	-6
898	-5
899	-5
900	-6
901	-5
902	-7
903	-4
904	-6
905	-4
906	-9
907	-5
908	-6
909	-5
910	-7
911	-4
912	-7
913	-5
914	-7
915	-5
916	-7
917	-4
918	-7
919	-5
920	-7
921	-3
922	-7
923	-5
924	-5
925	-4
926	-6
927	-3
928	-6
929	-4
930	-5
931	-3
932	-6
933	-3
934	-5
935	-4
936	-4
937	-4
938	-6
939	-3
940	-6
941	-3
942	-6
943	-3
944	-4
945	-4
946	-5
947	-5
948	-7
949	-4
950	-6
951	-4
952	-5
953	-4
954	-7
955	-5
956	-6
957	-5
958	-6
959	-4
960	-6
961	-4
962	-7
963	-3
964	-5
965	-4
966	-5
967	-4
968	-5
969	-4
970	-5
971	-3
972	-5
973	-3
974	-6
975	-4
976	-5
977	-4
978	-6
979	-4
980	-5
981	-4
982	-6
983	-4
984	-4
985	-4
986	-5
987	-3
988	-5
989	-3
990	-5
991	-4
992	-7
993	-5
994	-7
995	-4
996	-7
997	-5
998	-7
999	-5
1000	-6
1001	-4
1002	-6
1003	-5
1004	-6
1005	-5
1006	-7
1007	-4
1008	-6
1009	-5
1010	-6
1011	-5
1012	-5
1013	-2
1014	-4
1015	-4
1016	-4
1017	-3
1018	-4
1019	-2
1020	-5
1021	-2
1022	-4
1023	-2
1024	-5
1025	-3
1026	-4
1027	-4
1028	-4
1029	-2
1030	-3
1031	-3
1032	-4
1033	-5
1034	-4
1035	-4
1036	-5
1037	-3
1038	-5
1039	-4
1040	-5
1041	-4
1042	-5
1043	-3
1044	-5
1045	-3
1046	-6
1047	-3
1048	-4
1049	-3
1050	-5
1051	-4
1052	-4
1053	-3
1054	-5
1055	-3
1056	-6
1057	-4
1058	-4
1059	-2
1060	-4
1061	-3
1062	-4
1063	-3
1064	-4
1065	-3
1066	-3
1067	-2
1068	-4
1069	-2
1070	-5
1071	-3
1072	-5
1073	-2
1074	-4
1075	-3
1076	-3
1077	-4
1078	-4
1079	-4
1080	-4
1081	-4
1082	-5
1083	-4
1084	-6
1085	-4
1086	-6
1087	-4
1088	-5
1089	-4
1090	-4
1091	-4
1092	-4
1093	-4
1094	-5
1095	-5
1096	-6
1097	-5
1098	-5
1099	-5
1100	-5
1101	-5
1102	-5
1103	-4
1104	-5
1105	-4
1106	-5
1107	-2
1108	-4
1109	-3
1110	-4
1111	-3
1112	-5
1113	-4
1114	-3
1115	-4
1116	-3
1117	-3
1118	-3
1119	-4
1120	-3
1121	-2
1122	-4
1123	-3
1124	-3
1125	-1
1126	-3
1127	-1
1128	-4
1129	-2
1130	-2
1131	-2
1132	-4
1133	-2
1134	-4
1135	-2
1136	-5
1137	-2
1138	-4
1139	-2
1140	-5
1141	-3
1142	-4
1143	-3
1144	-4
1145	-2
1146	-3
1147	-3
1148	-4
1149	-2
1150	-4
1151	-2
1152	-4
1153	-3
1154	-4
1155	-2
1156	-3
1157	-1
1158	-3
1159	-1
1160	-4
1161	-1
1162	-2
1163	-2
1164	-3
1165	-1
1166	-3
1167	-2
1168	-3
1169	-3
1170	-4
1171	-2
1172	-4
1173	-3
1174	-4
1175	-3
1176	-3
1177	-3
1178	-5
1179	-3
1180	-5
1181	-3
1182	-4
1183	-3
1184	-4
1185	-4
1186	-5
1187	-4
1188	-4
1189	-2
1190	-4
1191	-3
1192	-4
1193	-3
1194	-4
1195	-4
1196	-4
1197	-4
1198	-4
1199	-4
1200	-3
1201	-4
1202	-4
1203	-4
1204	-5
1205	-3
1206	-3
1207	-2
1208	-3
1209	-2
1210	-4
1211	-2
1212	-2
1213	-2
1214	-2
1215	-2
1216	-3
1217	-2
1218	-4
1219	-2
1220	-4
1221	-2
1222	-2
1223	-2
1224	-4
1225	-2
1226	-5
1227	-4
1228	-5
1229	-4
1230	-5
1231	-3
1232	-4
1233	-3
1234	-5
1235	-3
1236	-4
1237	-4
1238	-4
1239	-3
1240	-4
1241	-4
1242	-4
1243	-3
1244	-4
1245	-2
1246	-4
1247	-1
1248	-5
1249	-1
1250	-5
1251	-1
1252	-3
1253	-1
1254	-4
1255	-1
1256	-2
1257	-2
1258	-3
1259	-1
1260	-2
1261	-2
1262	-3
1263	-2
1264	-3
1265	-2
1266	-3
1267	-2
1268	-4
1269	-3
1270	-4
1271	-2
1272	-3
1273	-3
1274	-3
1275	-3
1276	-3
1277	-3
1278	-2
1279	-1
1280	-3
1281	-2
1282	-3
1283	-3
1284	-3
1285	-3
1286	-4
1287	-4
1288	-4
1289	-2
1290	-4
1291	-2
1292	-4
1293	-2
1294	-4
1295	-3
1296	-2
1297	-2
1298	-2
1299	-3
1300	-2
1301	-1
1302	-3
1303	-1
1304	-4
1305	-2
1306	-3
1307	-3
1308	-3
1309	0
1310	-4
1311	-2
1312	-4
1313	-2
1314	-4
1315	-1
1316	-4
1317	-3
1318	-3
1319	-3
1320	-4
1321	-1
1322	-3
1323	-2
1324	-3
1325	-4
1326	-4
1327	-2
1328	-3
1329	-2
1330	-3
1331	-1
1332	-3
1333	-2
1334	-3
1335	-1
1336	-2
1337	-1
1338	-2
1339	-2
1340	-2
1341	-1
1342	-1
1343	-1
1344	-1
1345	-1
1346	-2
1347	0
1348	-1
1349	0
1350	-2
1351	0
1352	-1
1353	-1
1354	-3
1355	0
1356	-2
1357	0
1358	-1
1359	-1
1360	-3
1361	0
1362	-1
1363	-1
1364	-3
1365	-1
1366	-2
1367	-1
1368	-3
1369	-1
1370	-3
1371	-2
1372	-3
1373	-2
1374	-3
1375	-1
1376	-2
1377	-3
1378	-3
1379	-2
1380	-3
1381	-2
1382	-1
1383	-2
1384	-2
1385	-1
1386	-3
1387	-1
1388	-1
1389	-1
1390	-2
1391	0
1392	-1
1393	0
1394	-2
1395	0
1396	-2
1397	0
1398	-2
1399	0
1400	-3
1401	-2
1402	-1
1403	-2
1404	-1
1405	-2
1406	-3
1407	-2
1408	-3
1409	-2
1410	-3
1411	-2
1412	-3
1413	-1
1414	-3
1415	-2
1416	-2
1417	-1
1418	-2
1419	-1
1420	-2
1421	-1
1422	-1
1423	-1
1424	-3
1425	-1
1426	-3
1427	0
1428	-2
1429	-1
1430	-2
1431	0
1432	-3
1433	-1
1434	-3
1435	-1
1436	-1
1437	-1
1438	-2
1439	-1
1440	-1
1441	-1
1442	-1
1443	-1
1444	-1
1445	-2
1446	-2
1447	-1
1448	-3
1449	-2
1450	-4
1451	-1
1452	-4
1453	-2
1454	-4
1455	-1
1456	-2
1457	-1
1458	-2
1459	-1
1460	-1
1461	-1
1462	-1
1463	-1
1464	-2
1465	0
1466	-2
1467	0
1468	-2
1469	-1
1470	-1
1471	-1
1472	-1
1473	0
1474	0
1475	-1
1476	0
1477	-1
1478	-1
1479	0
1480	-1
1481	0
1482	-1
1483	0
1484	-1
1485	0
1486	-1
1487	0
1488	0
1489	0
1490	0
1491	-1
1492	0
1493	0
1494	-1
1495	0
1496	-1
1497	-1
1498	-2
1499	-1
1500	-3
1501	-2
1502	-2
1503	-1
1504	-2
1505	-1
1506	-2
1507	-2
1508	-2
1509	-2
1510	-3
1511	-1
1512	-3
1513	-3
1514	-3
1515	-1
1516	-3
1517	-1
1518	-3
1519	-1
1520	-4
1521	-1
1522	-3
1523	-2
1524	-2
1525	-2
1526	-3
1527	-2
1528	-3
1529	-1
1530	-3
1531	-1
1532	-2
1533	-1
1534	-3
1535	-2
1536	-3
1537	-1
1538	-3
1539	-1
1540	-3
1541	-1
1542	-3
1543	-1
1544	-3
1545	-1
1546	-3
1547	0
1548	-2
1549	0
1550	-1
1551	0
1552	-1
1553	0
1554	0
1555	0
1556	0
1557	1
1558	0
1559	1
1560	0
1561	2
1562	1
1563	3
1564	2
1565	3
1566	2
1567	4
1568	2
1569	4
1570	2
1571	4
1572	2
1573	4
1574	3
1575	4
1576	3
1577	3
1578	3
1579	4
1580	3
1581	4
1582	4
1583	3
1584	3
1585	4
1586	4
1587	4
1588	3
1589	4
1590	3
1591	3
1592	3
1593	3
1594	3
1595	3
1596	2
1597	2
1598	1
1599	3
1600	2
1601	3
1602	2
1603	3
1604	1
1605	2
1606	1
1607	3
1608	2
1609	2
1610	1
1611	2
1612	0
1613	2
1614	1
1615	2
1616	0
1617	2
1618	0
1619	2
1620	0
1621	2
1622	0
1623	2
1624	0
1625	1
1626	0
1627	1
1628	0
1629	1
1630	0
1631	0
1632	0
1633	0
1634	0
1635	0
1636	-2
1637	0
1638	-1
1639	0
1640	0
1641	0
1642	-1
1643	-1
1644	-1
1645	-1
1646	-2
1647	-1
1648	-1
1649	-1
1650	-2
1651	-1
1652	-3
1653	-1
1654	-1
1655	-2
1656	-3
1657	-1
1658	-2
1659	-2
1660	-3
1661	-1
1662	-2
1663	0
1664	-2
1665	-1
1666	-2
1667	-2
1668	-2
1669	0
1670	-3
1671	-1
1672	-4
1673	0
1674	-2
1675	-1
1676	-1
1677	-1
1678	-2
1679	-1
1680	-1
1681	-1
1682	-1
1683	0
1684	-1
1685	-1
1686	-2
1687	0
1688	-2
1689	-1
1690	-1
1691	-1
1692	-1
1693	-1
1694	-2
1695	-1
1696	-2
1697	-1
1698	-1
1699	-1
1700	-1
1701	-1
1702	-2
1703	-2
1704	-2
1705	-2
1706	-2
1707	-1
1708	-3
1709	-1
1710	-1
1711	0
1712	-1
1713	0
1714	-1
1715	0
1716	-1
1717	0
1718	-1
1719	0
1720	-1
1721	0
1722	-1
1723	0
1724	0
1725	0
1726	-1
1727	0
1728	-1
1729	0
1730	0
1731	0
1732	0
1733	0
1734	-1
1735	0
1736	0
1737	0
1738	0
1739	0
1740	0
1741	0
1742	0
1743	0
1744	-1
1745	0
1746	0
1747	0
1748	0
1749	0
1750	-1
1751	0
1752	-1
1753	0
1754	-2
1755	0
1756	-1
1757	0
1758	-1
1759	0
1760	-1
1761	0
1762	-3
1763	0
1764	-2
1765	0
1766	-2
1767	0
1768	-2
1769	0
1770	-1
1771	-1
1772	-2
1773	-1
1774	-1
1775	-2
1776	-2
1777	-1
1778	-1
1779	0
1780	-2
1781	-1
1782	-1
1783	0
1784	-1
1785	0
1786	0
1787	-1
1788	-1
1789	-1
1790	-1
1791	-1
1792	-1
1793	0
1794	0
1795	-1
1796	0
1797	0
1798	-1
1799	0
1800	0
1801	0
1802	-1
1803	0
1804	-1
1805	0
1806	-1
1807	0
1808	-1
1809	0
1810	0
1811	0
1812	0
1813	0
1814	0
1815	0
1816	-1
1817	0
1818	0
1819	0
1820	0
1821	0
1822	0
1823	0
1824	-1
1825	0
1826	-1
1827	0
1828	-1
1829	0
1830	-2
1831	0
1832	-2
1833	0
1834	0
1835	-1
1836	-1
1837	0
1838	0
1839	0
1840	0
1841	0
1842	0
1843	0
1844	0
1845	0
1846	0
1847	0
1848	-1
1849	0
1850	-1
1851	0
1852	-1
1853	0
1854	-1
1855	0
1856	-1
1857	0
1858	0
1859	0
1860	-2
1861	0
1862	-2
1863	0
1864	-1
1865	0
1866	-1
1867	-1
1868	-1
1869	-1
1870	-1
1871	-1
1872	0
1873	0
1874	-1
1875	0
1876	-2
1877	0
1878	-2
1879	-1
1880	-1
1881	-1
1882	-1
1883	-1
1884	0
1885	0
1886	0
1887	-1
1888	0
1889	0
1890	-1
1891	0
1892	-2
1893	0
1894	0
1895	0
1896	-1
1897	0
1898	-1
1899	0
1900	0
1901	0
1902	-1
1903	0
1904	-1
1905	0
1906	-1
1907	0
1908	-1
1909	0
1910	-1
1911	0
1912	-1
1913	0
1914	-2
1915	0
1916	-2
1917	0
1918	-2
1919	0
1920	-2
1921	0
1922	-2
1923	0
1924	-1
1925	0
1926	-2
1927	-1
1928	0
1929	-1
1930	-1
1931	0
1932	-1
1933	0
1934	-1
1935	0
1936	0
1937	1
1938	0
1939	1
1940	0
1941	0
1942	0
1943	0
1944	0
1945	1
1946	0
1947	1
1948	0
1949	1
1950	0
1951	2
1952	0
1953	2
1954	2
1955	2
1956	1
1957	2
1958	0
1959	1
1960	1
1961	0
1962	1
1963	1
1964	1
1965	1
1966	0
1967	2
1968	0
1969	2
1970	1
1971	2
1972	1
1973	2
1974	1
1975	3
1976	1
1977	2
1978	2
1979	2
1980	1
1981	2
1982	1
1983	2
1984	1
1985	2
1986	1
1987	1
1988	1
1989	1
1990	0
1991	1
1992	1
1993	0
1994	0
1995	0
1996	0
1997	1
1998	0
1999	0
