0	0
1	1
2	0
3	1
4	0
5	0
6	0
7	1
8	0
9	1
10	0
11	0
12	0
13	0
14	0
15	0
16	0
17	0
18	0
19	0
20	0
21	0
22	0
23	0
24	0
25	0
26	0
27	0
28	0
29	0
30	0
31	0
32	0
33	0
34	0
35	0
36	0
37	0
38	0
39	1
40	0
41	0
42	0
43	0
44	0
45	0
46	0
47	0
48	0
49	0
50	0
51	0
52	0
53	1
54	0
55	0
56	0
57	0
58	0
59	0
60	0
61	1
62	0
63	0
64	0
65	1
66	0
67	0
68	0
69	0
70	0
71	0
72	0
73	0
74	0
75	0
76	0
77	1
78	0
79	1
80	0
81	0
82	0
83	1
84	0
85	2
86	0
87	1
88	0
89	1
90	0
91	0
92	1
93	1
94	0
95	0
96	0
97	0
98	0
99	0
100	0
101	0
102	1
103	0
104	0
105	0
106	0
107	0
108	1
109	1
110	0
111	0
112	0
113	0
114	0
115	0
116	0
117	0
118	0
119	0
120	0
121	1
122	0
123	0
124	0
125	1
126	0
127	0
128	0
129	0
130	0
131	0
132	0
133	0
134	0
135	0
136	0
137	0
138	0
139	0
140	0
141	0
142	0
143	0
144	0
145	0
146	0
147	1
148	0
149	2
150	0
151	1
152	0
153	0
154	0
155	0
156	0
157	0
158	0
159	0
160	0
161	0
162	0
163	0
164	0
165	1
166	0
167	0
168	0
169	0
170	0
171	1
172	0
173	0
174	0
175	0
176	0
177	0
178	0
179	1
180	0
181	0
182	0
183	0
184	0
185	0
186	0
187	1
188	0
189	0
190	0
191	0
192	0
193	0
194	0
195	0
196	0
197	0
198	0
199	0
200	0
201	1
202	0
203	1
204	0
205	0
206	0
207	1
208	0
209	0
210	0
211	1
212	0
213	2
214	0
215	2
216	0
217	1
218	0
219	0
220	0
221	1
222	0
223	0
224	0
225	1
226	0
227	1
228	0
229	0
230	0
231	0
232	0
233	0
234	0
235	0
236	0
237	0
238	1
239	1
240	0
241	1
242	0
243	1
244	0
245	1
246	0
247	0
248	0
249	0
250	0
251	2
252	0
253	1
254	0
255	0
256	1
257	0
258	0
259	0
260	0
261	0
262	0
263	0
264	0
265	0
266	0
267	0
268	0
269	0
270	0
271	0
272	0
273	0
274	0
275	0
276	0
277	0
278	0
279	0
280	0
281	0
282	0
283	1
284	0
285	0
286	0
287	0
288	0
289	0
290	0
291	1
292	0
293	1
294	1
295	1
296	0
297	0
298	0
299	0
300	0
301	0
302	0
303	1
304	0
305	0
306	0
307	0
308	1
309	1
310	0
311	1
312	0
313	1
314	0
315	1
316	1
317	0
318	0
319	0
320	1
321	1
322	0
323	1
324	0
325	1
326	0
327	0
328	0
329	0
330	0
331	0
332	0
333	0
334	0
335	0
336	0
337	0
338	0
339	0
340	0
341	0
342	0
343	1
344	0
345	1
346	0
347	0
348	0
349	1
350	0
351	1
352	0
353	1
354	0
355	0
356	0
357	0
358	0
359	0
360	0
361	1
362	0
363	0
364	0
365	0
366	0
367	0
368	0
369	0
370	0
371	0
372	0
373	0
374	0
375	0
376	0
377	0
378	0
379	0
380	0
381	0
382	0
383	0
384	0
385	1
386	0
387	0
388	0
389	1
390	0
391	0
392	0
393	0
394	0
395	1
396	0
397	1
398	0
399	0
400	0
401	0
402	0
403	2
404	0
405	2
406	0
407	1
408	0
409	1
410	1
411	2
412	0
413	1
414	0
415	2
416	1
417	2
418	0
419	1
420	0
421	0
422	0
423	0
424	0
425	0
426	0
427	1
428	0
429	1
430	0
431	1
432	0
433	0
434	1
435	2
436	2
437	4
438	3
439	7
440	7
441	10
442	10
443	15
444	14
445	19
446	20
447	25
448	25
449	30
450	31
451	36
452	37
453	41
454	41
455	47
456	48
457	52
458	52
459	57
460	59
461	64
462	64
463	67
464	67
465	72
466	71
467	73
468	74
469	77
470	77
471	79
472	79
473	82
474	81
475	82
476	81
477	82
478	80
479	84
480	82
481	85
482	81
483	82
484	80
485	81
486	79
487	81
488	80
489	80
490	76
491	78
492	75
493	76
494	73
495	74
496	74
497	75
498	75
499	78
500	62
501	71
502	66
503	67
504	66
505	66
506	64
507	65
508	61
509	62
510	57
511	58
512	56
513	57
514	55
515	53
516	51
517	50
518	47
519	47
520	45
521	45
522	43
523	44
524	40
525	40
526	38
527	39
528	33
529	34
530	32
531	32
532	29
533	29
534	28
535	28
536	26
537	27
538	24
539	23
540	21
541	22
542	18
543	18
544	17
545	17
546	15
547	16
548	12
549	14
550	11
551	12
552	9
553	10
554	8
555	10
556	7
557	8
558	5
559	7
560	6
561	6
562	6
563	6
564	4
565	5
566	4
567	4
568	4
569	4
570	3
571	3
572	2
573	3
574	0
575	2
576	0
577	2
578	0
579	1
580	0
581	1
582	0
583	1
584	0
585	0
586	-3
587	0
588	-2
589	-1
590	-1
591	-1
592	-1
593	-1
594	-3
595	-1
596	-3
597	-1
598	-1
599	-1
600	-2
601	-2
602	-2
603	-1
604	-1
605	-3
606	-2
607	-1
608	-3
609	0
610	-2
611	-1
612	-3
613	-1
614	-2
615	-1
616	-2
617	-1
618	-2
619	0
620	-2
621	0
622	-1
623	0
624	-1
625	-1
626	-2
627	-1
628	-2
629	-1
630	-2
631	0
632	-1
633	-2
634	-1
635	0
636	-1
637	0
638	-2
639	0
640	-2
641	-2
642	-2
643	0
644	-1
645	-1
646	-2
647	-1
648	-2
649	-1
650	-2
651	-1
652	0
653	-1
654	-1
655	-1
656	-4
657	-1
658	-3
659	0
660	-2
661	-1
662	-1
663	-1
664	-1
665	0
666	-2
667	0
668	-1
669	0
670	-1
671	0
672	-1
673	-1
674	-1
675	-1
676	-1
677	-1
678	-1
679	-1
680	-2
681	-1
682	-1
683	0
684	-2
685	0
686	-1
687	0
688	-1
689	0
690	0
691	0
692	-1
693	-1
694	-1
695	0
696	-1
697	0
698	0
699	0
700	0
701	0
702	-1
703	0
704	-1
705	0
706	0
707	0
708	0
709	0
710	-1
711	0
712	-2
713	-1
714	-2
715	0
716	0
717	0
718	0
719	0
720	0
721	0
722	-1
723	-1
724	-1
725	-1
726	-1
727	0
728	-1
729	0
730	-1
731	0
732	-1
733	-1
734	-1
735	0
736	-2
737	0
738	0
739	0
740	-2
741	0
742	-1
743	0
744	0
745	0
746	0
747	0
748	0
749	0
750	0
751	0
752	0
753	0
754	0
755	0
756	0
757	0
758	-1
759	0
760	-1
761	-1
762	0
763	0
764	0
765	0
766	-1
767	0
768	0
769	0
770	0
771	0
772	-1
773	0
774	0
775	0
776	-1
777	0
778	0
779	0
780	0
781	0
782	0
783	0
784	0
785	0
786	0
787	0
788	0
789	1
790	0
791	0
792	0
793	0
794	0
795	0
796	0
797	0
798	0
799	0
800	0
801	0
802	-1
803	0
804	-1
805	0
806	0
807	0
808	0
809	0
810	0
811	0
812	0
813	0
814	-1
815	0
816	0
817	0
818	-1
819	0
820	0
821	0
822	0
823	0
824	-1
825	0
826	0
827	0
828	-1
829	0
830	-1
831	0
832	0
833	0
834	-1
835	0
836	-1
837	0
838	-1
839	0
840	-1
841	0
842	0
843	0
844	-1
845	0
846	-1
847	0
848	-2
849	0
850	-1
851	0
852	-1
853	-1
854	-1
855	-1
856	-1
857	-1
858	-1
859	-1
860	-1
861	-1
862	-2
863	0
864	-2
865	0
866	-1
867	0
868	-1
869	0
870	-2
871	-2
872	-3
873	-1
874	-2
875	-1
876	-1
877	-1
878	-1
879	-1
880	-3
881	-1
882	-2
883	-1
884	-3
885	-1
886	-3
887	-1
888	-3
889	-1
890	-3
891	-1
892	-1
893	-1
894	-3
895	-1
896	-4
897	-1
898	-2
899	-1
900	-1
901	-2
902	-2
903	-2
904	-3
905	-1
906	-2
907	-1
908	-2
909	-1
910	-2
911	0
912	-3
913	0
914	-1
915	-1
916	-1
917	0
918	-2
919	0
920	-1
921	0
922	-2
923	0
924	-2
925	0
926	-1
927	0
928	0
929	0
930	-1
931	1
932	0
933	0
934	0
935	0
936	0
937	1
938	0
939	1
940	0
941	1
942	0
943	0
944	0
945	0
946	0
947	0
948	0
949	1
950	0
951	1
952	0
953	0
954	0
955	1
956	-1
957	1
958	-1
959	1
960	0
961	1
962	0
963	1
964	0
965	0
966	0
967	1
968	0
969	1
970	0
971	1
972	0
973	1
974	0
975	1
976	0
977	0
978	0
979	0
980	0
981	0
982	0
983	0
984	-1
985	0
986	-1
987	0
988	-1
989	0
990	-1
991	0
992	-1
993	0
994	-1
995	0
996	-2
997	0
998	-2
999	0
1000	-2
1001	0
1002	-1
1003	0
1004	-2
1005	-1
1006	-2
1007	-1
1008	-1
1009	-1
1010	-1
1011	-1
1012	-1
1013	0
1014	-1
1015	-1
1016	-1
1017	0
1018	-1
1019	-1
1020	-2
1021	-1
1022	-2
1023	0
1024	-2
1025	0
1026	-2
1027	0
1028	-1
1029	0
1030	-2
1031	0
1032	-2
1033	0
1034	-2
1035	0
1036	-2
1037	0
1038	-3
1039	0
1040	-3
1041	-2
1042	-3
1043	-1
1044	-2
1045	-1
1046	-2
1047	-2
1048	-2
1049	-1
1050	-2
1051	-1
1052	-3
1053	0
1054	-1
1055	-1
1056	-2
1057	-1
1058	-1
1059	0
1060	-1
1061	0
1062	-1
1063	0
1064	-2
1065	-1
1066	-1
1067	0
1068	-1
1069	-1
1070	0
1071	0
1072	0
1073	0
1074	0
1075	0
1076	-1
1077	-1
1078	-2
1079	0
1080	-2
1081	0
1082	-1
1083	0
1084	-2
1085	-1
1086	-2
1087	0
1088	-1
1089	0
1090	-1
1091	-1
1092	-3
1093	0
1094	-2
1095	-2
1096	-2
1097	-1
1098	-2
1099	-1
1100	-3
1101	-1
1102	-2
1103	-2
1104	-1
1105	-1
1106	-1
1107	-1
1108	-3
1109	-1
1110	-2
1111	0
1112	-2
1113	0
1114	-2
1115	-1
1116	-1
1117	0
1118	-2
1119	-1
1120	-3
1121	0
1122	-1
1123	0
1124	-2
1125	-1
1126	-2
1127	0
1128	-1
1129	0
1130	-1
1131	-1
1132	-2
1133	0
1134	-2
1135	0
1136	-3
1137	0
1138	-2
1139	0
1140	-1
1141	0
1142	-2
1143	0
1144	-1
1145	0
1146	-1
1147	-1
1148	-2
1149	0
1150	0
1151	0
1152	-1
1153	0
1154	0
1155	0
1156	0
1157	0
1158	0
1159	0
1160	-1
1161	0
1162	-1
1163	0
1164	-1
1165	0
1166	-1
1167	0
1168	-2
1169	-1
1170	-2
1171	-1
1172	-2
1173	0
1174	-2
1175	-1
1176	-2
1177	-1
1178	-1
1179	-1
1180	-1
1181	0
1182	0
1183	0
1184	-2
1185	0
1186	-2
1187	0
1188	-2
1189	0
1190	-2
1191	0
1192	-1
1193	0
1194	-1
1195	0
1196	-1
1197	-1
1198	-2
1199	-1
1200	-1
1201	0
1202	0
1203	-1
1204	0
1205	0
1206	0
1207	0
1208	-1
1209	0
1210	-1
1211	0
1212	-1
1213	-1
1214	-1
1215	0
1216	-1
1217	0
1218	-1
1219	0
1220	-1
1221	-1
1222	-3
1223	-1
1224	-2
1225	0
1226	-2
1227	-1
1228	-1
1229	0
1230	-3
1231	-1
1232	-2
1233	-1
1234	-2
1235	-2
1236	-1
1237	-1
1238	-2
1239	-1
1240	-3
1241	-1
1242	-2
1243	-1
1244	-2
1245	-1
1246	-2
1247	-1
1248	-1
1249	-2
1250	-2
1251	0
1252	-2
1253	0
1254	-1
1255	0
1256	-1
1257	0
1258	-1
1259	0
1260	0
1261	0
1262	0
1263	0
1264	0
1265	0
1266	0
1267	0
1268	-1
1269	0
1270	-1
1271	0
1272	0
1273	0
1274	0
1275	0
1276	-2
1277	0
1278	-1
1279	0
1280	-1
1281	0
1282	-1
1283	0
1284	-2
1285	0
1286	-1
1287	0
1288	-1
1289	0
1290	-1
1291	0
1292	-1
1293	0
1294	-1
1295	0
1296	-1
1297	0
1298	-2
1299	0
1300	-1
1301	0
1302	-2
1303	0
1304	0
1305	0
1306	0
1307	0
1308	-1
1309	0
1310	-2
1311	0
1312	-1
1313	0
1314	-1
1315	0
1316	-1
1317	0
1318	-2
1319	-1
1320	-2
1321	-1
1322	-2
1323	-1
1324	-3
1325	0
1326	-2
1327	0
1328	-2
1329	0
1330	-2
1331	0
1332	-2
1333	-1
1334	-2
1335	0
1336	-1
1337	0
1338	-1
1339	0
1340	-1
1341	-1
1342	0
1343	0
1344	0
1345	0
1346	-1
1347	0
1348	-1
1349	0
1350	-1
1351	0
1352	0
1353	-1
1354	-1
1355	-1
1356	0
1357	0
1358	-1
1359	0
1360	-1
1361	-1
1362	-1
1363	0
1364	-2
1365	0
1366	-1
1367	0
1368	-1
1369	0
1370	-2
1371	0
1372	-1
1373	0
1374	-2
1375	0
1376	-1
1377	-1
1378	-1
1379	0
1380	0
1381	0
1382	-1
1383	0
1384	-2
1385	0
1386	0
1387	0
1388	0
1389	0
1390	-1
1391	0
1392	0
1393	0
1394	0
1395	0
1396	0
1397	0
1398	0
1399	0
1400	0
1401	0
1402	0
1403	0
1404	0
1405	0
1406	0
1407	0
1408	-1
1409	0
1410	0
1411	0
1412	-1
1413	0
1414	0
1415	0
1416	0
1417	0
1418	-1
1419	0
1420	0
1421	0
1422	-1
1423	0
1424	-2
1425	0
1426	-1
1427	0
1428	-1
1429	-1
1430	-1
1431	0
1432	-1
1433	-1
1434	-2
1435	0
1436	-1
1437	0
1438	-1
1439	0
1440	-1
1441	0
1442	-2
1443	0
1444	-1
1445	0
1446	-1
1447	0
1448	-1
1449	0
1450	-1
1451	0
1452	0
1453	0
1454	-1
1455	0
1456	0
1457	0
1458	-1
1459	0
1460	-2
1461	-1
1462	-2
1463	-1
1464	-2
1465	-1
1466	-1
1467	-1
1468	-1
1469	-2
1470	-2
1471	-1
1472	-2
1473	-1
1474	-2
1475	0
1476	-1
1477	0
1478	0
1479	0
1480	-1
1481	0
1482	0
1483	0
1484	-1
1485	0
1486	0
1487	0
1488	0
1489	1
1490	0
1491	0
1492	0
1493	0
1494	0
1495	0
1496	0
1497	0
1498	0
1499	0
1500	-1
1501	0
1502	-1
1503	0
1504	-1
1505	0
1506	-2
1507	0
1508	0
1509	0
1510	-1
1511	0
1512	-1
1513	-1
1514	-1
1515	0
1516	-1
1517	0
1518	-2
1519	0
1520	-1
1521	0
1522	-1
1523	-1
1524	-1
1525	0
1526	-1
1527	0
1528	-1
1529	0
1530	-1
1531	0
1532	-1
1533	0
1534	0
1535	0
1536	0
1537	0
1538	0
1539	0
1540	0
1541	0
1542	0
1543	0
1544	0
1545	0
1546	0
1547	0
1548	-1
1549	0
1550	-1
1551	0
1552	-1
1553	-1
1554	-2
1555	0
1556	-2
1557	0
1558	-2
1559	-1
1560	-2
1561	-1
1562	-2
1563	-1
1564	-2
1565	-1
1566	-1
1567	-1
1568	-1
1569	-1
1570	-1
1571	-1
1572	-1
1573	-1
1574	-1
1575	0
1576	-1
1577	0
1578	-1
1579	0
1580	-2
1581	0
1582	-1
1583	0
1584	-1
1585	0
1586	-1
1587	0
1588	0
1589	0
1590	0
1591	0
1592	0
1593	0
1594	0
1595	0
1596	0
1597	0
1598	0
1599	0
1600	0
1601	0
1602	0
1603	0
1604	-1
1605	0
1606	0
1607	0
1608	0
1609	0
1610	0
1611	0
1612	0
1613	0
1614	0
1615	0
1616	0
1617	0
1618	0
1619	0
1620	0
1621	0
1622	0
1623	0
1624	0
1625	0
1626	0
1627	0
1628	0
1629	0
1630	0
1631	0
1632	0
1633	0
1634	-1
1635	0
1636	-1
1637	0
1638	-1
1639	-1
1640	-1
1641	-1
1642	-1
1643	0
1644	-1
1645	0
1646	-2
1647	-1
1648	-2
1649	-1
1650	0
1651	0
1652	-1
1653	0
1654	0
1655	0
1656	-1
1657	0
1658	-1
1659	0
1660	-1
1661	-1
1662	-1
1663	-1
1664	-1
1665	0
1666	0
1667	0
1668	-1
1669	0
1670	-2
1671	0
1672	0
1673	0
1674	0
1675	0
1676	0
1677	0
1678	0
1679	0
1680	-1
1681	0
1682	-1
1683	0
1684	0
1685	0
1686	0
1687	0
1688	0
1689	0
1690	0
1691	0
1692	-1
1693	0
1694	-1
1695	0
1696	-1
1697	0
1698	0
1699	-1
1700	-1
1701	0
1702	-1
1703	0
1704	0
1705	0
1706	0
1707	0
1708	-1
1709	0
1710	-1
1711	0
1712	0
1713	0
1714	0
1715	0
1716	0
1717	0
1718	0
1719	0
1720	0
1721	0
1722	0
1723	0
1724	-1
1725	0
1726	0
1727	0
1728	-1
1729	0
1730	0
1731	0
1732	-1
1733	0
1734	0
1735	0
1736	0
1737	0
1738	-1
1739	0
1740	0
1741	0
1742	0
1743	0
1744	0
1745	0
1746	0
1747	0
1748	0
1749	0
1750	0
1751	0
1752	0
1753	0
1754	0
1755	0
1756	0
1757	0
1758	-1
1759	0
1760	0
1761	0
1762	0
1763	0
1764	0
1765	0
1766	-1
1767	0
1768	-1
1769	0
1770	-1
1771	0
1772	-1
1773	0
1774	0
1775	0
1776	-1
1777	0
1778	-1
1779	0
1780	0
1781	0
1782	0
1783	0
1784	0
1785	0
1786	0
1787	0
1788	0
1789	0
1790	0
1791	0
1792	0
1793	0
1794	0
1795	0
1796	-1
1797	0
1798	0
1799	0
1800	0
1801	0
1802	0
1803	0
1804	0
1805	0
1806	0
1807	0
1808	0
1809	0
1810	0
1811	0
1812	0
1813	0
1814	0
1815	0
1816	0
1817	0
1818	0
1819	0
1820	0
1821	0
1822	0
1823	0
1824	-1
1825	0
1826	0
1827	0
1828	0
1829	0
1830	0
1831	0
1832	0
1833	0
1834	0
1835	0
1836	0
1837	0
1838	0
1839	0
1840	0
1841	0
1842	0
1843	0
1844	0
1845	0
1846	0
1847	0
1848	0
1849	0
1850	0
1851	0
1852	0
1853	0
1854	-1
1855	0
1856	0
1857	0
1858	0
1859	0
1860	0
1861	0
1862	-1
1863	0
1864	-1
1865	0
1866	0
1867	0
1868	0
1869	0
1870	-1
1871	0
1872	0
1873	0
1874	0
1875	0
1876	0
1877	0
1878	0
1879	0
1880	0
1881	0
1882	0
1883	0
1884	0
1885	0
1886	0
1887	0
1888	0
1889	0
1890	0
1891	0
1892	0
1893	0
1894	0
1895	0
1896	0
1897	0
1898	0
1899	0
1900	0
1901	0
1902	0
1903	0
1904	0
1905	0
1906	0
1907	0
1908	0
1909	0
1910	-1
1911	0
1912	0
1913	0
1914	0
1915	0
1916	0
1917	0
1918	0
1919	0
1920	0
1921	1
1922	0
1923	0
1924	0
1925	0
1926	1
1927	2
1928	1
1929	2
1930	1
1931	3
1932	2
1933	2
1934	2
1935	2
1936	2
1937	2
1938	2
1939	2
1940	2
1941	2
1942	2
1943	2
1944	1
1945	2
1946	1
1947	1
1948	1
1949	1
1950	1
1951	1
1952	0
1953	0
1954	0
1955	1
1956	0
1957	1
1958	0
1959	0
1960	1
1961	1
1962	0
1963	1
1964	0
1965	1
1966	1
1967	1
1968	0
1969	0
1970	0
1971	1
1972	0
1973	1
1974	0
1975	1
1976	0
1977	0
1978	0
1979	0
1980	0
1981	0
1982	0
1983	0
1984	0
1985	0
1986	0
1987	0
1988	0
1989	0
1990	0
1991	0
1992	0
1993	0
1994	0
1995	0
1996	0
1997	0
1998	0
1999	0
