0	0
1	0
2	0
3	0
4	0
5	0
6	0
7	1
8	0
9	0
10	0
11	1
12	0
13	1
14	0
15	1
16	1
17	1
18	0
19	1
20	0
21	2
22	0
23	1
24	1
25	1
26	0
27	2
28	0
29	3
30	0
31	2
32	0
33	2
34	0
35	1
36	0
37	0
38	0
39	1
40	0
41	0
42	0
43	0
44	0
45	0
46	0
47	0
48	0
49	0
50	0
51	0
52	0
53	0
54	0
55	0
56	0
57	0
58	0
59	1
60	0
61	1
62	0
63	1
64	0
65	1
66	1
67	1
68	0
69	1
70	0
71	1
72	0
73	0
74	0
75	0
76	0
77	0
78	0
79	0
80	0
81	0
82	0
83	0
84	0
85	1
86	0
87	0
88	0
89	0
90	0
91	1
92	0
93	1
94	0
95	0
96	0
97	0
98	0
99	1
100	0
101	0
102	0
103	1
104	0
105	1
106	0
107	1
108	0
109	1
110	0
111	1
112	0
113	1
114	0
115	0
116	0
117	1
118	0
119	2
120	0
121	1
122	0
123	0
124	0
125	2
126	0
127	0
128	0
129	0
130	0
131	0
132	0
133	0
134	0
135	0
136	0
137	0
138	0
139	1
140	0
141	2
142	0
143	1
144	0
145	1
146	0
147	0
148	1
149	0
150	0
151	0
152	0
153	0
154	0
155	0
156	0
157	0
158	0
159	0
160	0
161	0
162	0
163	0
164	0
165	0
166	0
167	0
168	0
169	0
170	0
171	0
172	1
173	0
174	0
175	0
176	0
177	0
178	0
179	0
180	0
181	0
182	0
183	1
184	0
185	0
186	0
187	1
188	0
189	0
190	0
191	0
192	-1
193	1
194	0
195	1
196	0
197	1
198	0
199	2
200	0
201	1
202	0
203	0
204	0
205	0
206	0
207	0
208	0
209	1
210	0
211	1
212	0
213	1
214	1
215	1
216	0
217	1
218	0
219	0
220	0
221	1
222	0
223	1
224	0
225	1
226	0
227	1
228	0
229	0
230	0
231	1
232	0
233	0
234	0
235	0
236	0
237	0
238	0
239	1
240	0
241	1
242	0
243	1
244	0
245	1
246	0
247	1
248	0
249	0
250	0
251	0
252	0
253	1
254	0
255	0
256	0
257	0
258	-1
259	0
260	0
261	1
262	0
263	0
264	0
265	0
266	0
267	0
268	0
269	0
270	0
271	0
272	0
273	0
274	0
275	0
276	0
277	0
278	0
279	0
280	0
281	0
282	0
283	0
284	0
285	0
286	0
287	0
288	0
289	1
290	0
291	1
292	0
293	1
294	0
295	1
296	0
297	0
298	0
299	1
300	0
301	1
302	0
303	0
304	0
305	1
306	0
307	1
308	0
309	1
310	0
311	0
312	0
313	0
314	0
315	0
316	0
317	0
318	0
319	1
320	0
321	0
322	0
323	1
324	0
325	0
326	0
327	1
328	0
329	1
330	0
331	1
332	0
333	1
334	0
335	2
336	0
337	2
338	0
339	1
340	0
341	1
342	0
343	1
344	0
345	0
346	0
347	0
348	0
349	0
350	0
351	0
352	0
353	0
354	0
355	0
356	0
357	0
358	0
359	0
360	0
361	0
362	0
363	1
364	0
365	0
366	0
367	0
368	0
369	0
370	0
371	0
372	0
373	0
374	0
375	1
376	0
377	0
378	0
379	1
380	0
381	1
382	0
383	0
384	0
385	0
386	0
387	0
388	-1
389	0
390	-1
391	0
392	0
393	0
394	0
395	1
396	0
397	1
398	-1
399	0
400	0
401	1
402	0
403	0
404	0
405	1
406	0
407	0
408	0
409	0
410	0
411	0
412	0
413	0
414	0
415	0
416	0
417	0
418	0
419	0
420	0
421	1
422	0
423	0
424	0
425	1
426	0
427	4
428	1
429	5
430	3
431	8
432	7
433	12
434	11
435	17
436	16
437	22
438	22
439	28
440	29
441	33
442	35
443	41
444	43
445	48
446	50
447	56
448	57
449	62
450	64
451	69
452	70
453	74
454	75
455	82
456	82
457	86
458	87
459	91
460	92
461	96
462	96
463	98
464	97
465	101
466	101
467	103
468	102
469	103
470	102
471	105
472	102
473	105
474	102
475	103
476	100
477	102
478	98
479	100
480	97
481	98
482	94
483	96
484	91
485	92
486	90
487	90
488	84
489	86
490	83
491	84
492	80
493	80
494	77
495	75
496	74
497	76
498	76
499	78
500	62
501	70
502	64
503	67
504	64
505	66
506	61
507	62
508	58
509	59
510	55
511	56
512	54
513	56
514	51
515	51
516	48
517	48
518	46
519	46
520	44
521	45
522	41
523	42
524	39
525	40
526	35
527	37
528	33
529	35
530	32
531	32
532	29
533	31
534	27
535	28
536	23
537	27
538	19
539	24
540	19
541	21
542	17
543	18
544	15
545	16
546	14
547	14
548	12
549	12
550	10
551	11
552	9
553	9
554	8
555	7
556	7
557	8
558	6
559	7
560	5
561	6
562	3
563	6
564	1
565	5
566	0
567	4
568	0
569	2
570	0
571	2
572	0
573	0
574	-2
575	0
576	-2
577	0
578	-4
579	-1
580	-3
581	-2
582	-5
583	-2
584	-5
585	-2
586	-5
587	-2
588	-4
589	-3
590	-7
591	-3
592	-6
593	-4
594	-7
595	-4
596	-7
597	-4
598	-9
599	-4
600	-7
601	-5
602	-8
603	-4
604	-8
605	-4
606	-6
607	-4
608	-5
609	-4
610	-6
611	-4
612	-5
613	-3
614	-6
615	-4
616	-7
617	-3
618	-6
619	-3
620	-7
621	-3
622	-7
623	-3
624	-6
625	-3
626	-4
627	-3
628	-6
629	-4
630	-8
631	-3
632	-6
633	-4
634	-7
635	-2
636	-7
637	-3
638	-6
639	-4
640	-5
641	-3
642	-7
643	-5
644	-6
645	-4
646	-6
647	-4
648	-5
649	-3
650	-6
651	-4
652	-6
653	-4
654	-6
655	-4
656	-8
657	-4
658	-7
659	-4
660	-6
661	-3
662	-5
663	-3
664	-8
665	-3
666	-7
667	-3
668	-6
669	-3
670	-4
671	-3
672	-5
673	-1
674	-6
675	-1
676	-4
677	-2
678	-6
679	-3
680	-5
681	-3
682	-5
683	-2
684	-5
685	-2
686	-4
687	-2
688	-5
689	-2
690	-5
691	-2
692	-4
693	-1
694	-5
695	-2
696	-5
697	-2
698	-5
699	-2
700	-4
701	-1
702	-4
703	-3
704	-5
705	-3
706	-6
707	-3
708	-7
709	-3
710	-6
711	-4
712	-7
713	-3
714	-6
715	-3
716	-6
717	-5
718	-6
719	-4
720	-7
721	-4
722	-6
723	-4
724	-6
725	-4
726	-7
727	-4
728	-6
729	-5
730	-6
731	-3
732	-6
733	-3
734	-5
735	-1
736	-6
737	-2
738	-4
739	-2
740	-5
741	-1
742	-4
743	-1
744	-3
745	-1
746	-2
747	0
748	-4
749	0
750	-3
751	0
752	-3
753	0
754	-2
755	0
756	-1
757	0
758	-2
759	0
760	-2
761	0
762	-1
763	0
764	-2
765	0
766	-4
767	0
768	-3
769	0
770	-2
771	0
772	-3
773	-1
774	-3
775	-1
776	-3
777	-1
778	-3
779	0
780	-4
781	0
782	-4
783	0
784	-4
785	-1
786	-4
787	-1
788	-4
789	-3
790	-4
791	-2
792	-4
793	-2
794	-4
795	-2
796	-4
797	-2
798	-4
799	-1
800	-4
801	-1
802	-3
803	-1
804	-2
805	-1
806	-4
807	0
808	-3
809	0
810	-2
811	-1
812	-2
813	-1
814	-3
815	-1
816	-3
817	0
818	-3
819	0
820	-5
821	0
822	-5
823	-1
824	-5
825	0
826	-5
827	-1
828	-4
829	-1
830	-4
831	-2
832	-5
833	-2
834	-6
835	-1
836	-5
837	-1
838	-5
839	-2
840	-5
841	-3
842	-6
843	-3
844	-6
845	-3
846	-6
847	-3
848	-6
849	-2
850	-6
851	-2
852	-6
853	-4
854	-6
855	-2
856	-5
857	-3
858	-6
859	-4
860	-7
861	-3
862	-6
863	-3
864	-4
865	-4
866	-5
867	-4
868	-7
869	-4
870	-7
871	-3
872	-7
873	-4
874	-7
875	-4
876	-5
877	-4
878	-6
879	-3
880	-6
881	-3
882	-7
883	-4
884	-5
885	-3
886	-5
887	-4
888	-6
889	-3
890	-5
891	-4
892	-4
893	-3
894	-4
895	-3
896	-5
897	-3
898	-6
899	-3
900	-6
901	-4
902	-5
903	-3
904	-5
905	-3
906	-5
907	-1
908	-4
909	-2
910	-5
911	-2
912	-5
913	-3
914	-6
915	-2
916	-6
917	-3
918	-7
919	-3
920	-6
921	-3
922	-6
923	-4
924	-8
925	-3
926	-6
927	-3
928	-9
929	-4
930	-8
931	-4
932	-5
933	-4
934	-8
935	-5
936	-6
937	-4
938	-6
939	-3
940	-6
941	-4
942	-6
943	-3
944	-7
945	-3
946	-6
947	-2
948	-6
949	-3
950	-6
951	-4
952	-8
953	-2
954	-7
955	-3
956	-8
957	-3
958	-7
959	-3
960	-6
961	-3
962	-6
963	-4
964	-6
965	-3
966	-6
967	-4
968	-6
969	-4
970	-7
971	-3
972	-6
973	-4
974	-5
975	-3
976	-4
977	-3
978	-5
979	-4
980	-5
981	-3
982	-5
983	-3
984	-5
985	-3
986	-5
987	-4
988	-5
989	-3
990	-5
991	-4
992	-5
993	-3
994	-6
995	-3
996	-5
997	-3
998	-5
999	-2
1000	-5
1001	-2
1002	-6
1003	-2
1004	-5
1005	-2
1006	-5
1007	-1
1008	-5
1009	-1
1010	-4
1011	-1
1012	-3
1013	-1
1014	-4
1015	-1
1016	-3
1017	0
1018	-4
1019	-1
1020	-4
1021	0
1022	-3
1023	-1
1024	-4
1025	-1
1026	-3
1027	0
1028	-3
1029	-1
1030	-3
1031	-1
1032	-3
1033	-1
1034	-4
1035	0
1036	-3
1037	0
1038	-2
1039	0
1040	-3
1041	0
1042	-1
1043	-1
1044	-1
1045	0
1046	-2
1047	1
1048	-2
1049	0
1050	-3
1051	0
1052	-2
1053	-1
1054	-3
1055	-3
1056	-2
1057	-1
1058	-3
1059	0
1060	-3
1061	0
1062	-5
1063	-1
1064	-4
1065	-1
1066	-4
1067	-2
1068	-4
1069	-1
1070	-4
1071	-1
1072	-5
1073	-3
1074	-5
1075	-2
1076	-4
1077	-1
1078	-5
1079	-1
1080	-5
1081	-1
1082	-4
1083	-1
1084	-4
1085	-1
1086	-3
1087	-3
1088	-4
1089	-2
1090	-4
1091	-2
1092	-4
1093	-2
1094	-5
1095	-2
1096	-4
1097	-2
1098	-5
1099	-2
1100	-5
1101	-2
1102	-5
1103	-2
1104	-4
1105	-3
1106	-5
1107	-3
1108	-4
1109	-3
1110	-4
1111	-3
1112	-6
1113	-3
1114	-5
1115	-2
1116	-6
1117	-2
1118	-5
1119	-1
1120	-6
1121	-1
1122	-4
1123	-2
1124	-5
1125	-1
1126	-4
1127	-3
1128	-4
1129	-2
1130	-5
1131	-1
1132	-6
1133	-1
1134	-4
1135	-2
1136	-4
1137	-1
1138	-4
1139	-2
1140	-5
1141	-2
1142	-5
1143	-3
1144	-6
1145	-2
1146	-5
1147	-2
1148	-5
1149	-2
1150	-5
1151	-3
1152	-4
1153	-3
1154	-6
1155	-3
1156	-5
1157	-5
1158	-5
1159	-3
1160	-5
1161	-3
1162	-5
1163	-3
1164	-4
1165	-3
1166	-4
1167	-2
1168	-4
1169	-2
1170	-4
1171	0
1172	-3
1173	0
1174	-3
1175	0
1176	-3
1177	0
1178	-2
1179	0
1180	0
1181	0
1182	-1
1183	0
1184	-1
1185	0
1186	-2
1187	0
1188	-3
1189	0
1190	-2
1191	1
1192	-2
1193	1
1194	-2
1195	0
1196	-3
1197	0
1198	0
1199	0
1200	-2
1201	0
1202	-2
1203	0
1204	-3
1205	0
1206	-2
1207	0
1208	-3
1209	-1
1210	-3
1211	0
1212	-3
1213	0
1214	-2
1215	0
1216	-3
1217	0
1218	-4
1219	0
1220	-2
1221	0
1222	-3
1223	0
1224	-2
1225	-2
1226	-2
1227	0
1228	-3
1229	0
1230	-2
1231	0
1232	-2
1233	0
1234	-2
1235	0
1236	-1
1237	-1
1238	-2
1239	0
1240	-2
1241	0
1242	-2
1243	0
1244	-4
1245	0
1246	-3
1247	0
1248	-2
1249	1
1250	-1
1251	0
1252	-3
1253	0
1254	-2
1255	1
1256	-2
1257	0
1258	-1
1259	0
1260	-2
1261	0
1262	-2
1263	0
1264	-2
1265	0
1266	-3
1267	0
1268	-3
1269	0
1270	-2
1271	0
1272	-2
1273	0
1274	-1
1275	0
1276	-2
1277	0
1278	-2
1279	0
1280	-4
1281	0
1282	-3
1283	-1
1284	-2
1285	-1
1286	-3
1287	-1
1288	-2
1289	-1
1290	-2
1291	-1
1292	-3
1293	-1
1294	-4
1295	0
1296	-3
1297	0
1298	-4
1299	-1
1300	-2
1301	0
1302	-3
1303	-1
1304	-2
1305	-1
1306	-2
1307	-2
1308	-3
1309	-2
1310	-2
1311	-1
1312	-3
1313	0
1314	-3
1315	0
1316	-3
1317	-1
1318	-3
1319	-1
1320	-1
1321	0
1322	-3
1323	-1
1324	-2
1325	0
1326	-3
1327	0
1328	-3
1329	-1
1330	-4
1331	-1
1332	-3
1333	-1
1334	-3
1335	-1
1336	-4
1337	-1
1338	-4
1339	-2
1340	-4
1341	-1
1342	-3
1343	-2
1344	-5
1345	-1
1346	-5
1347	-1
1348	-4
1349	0
1350	-3
1351	0
1352	-2
1353	-1
1354	-2
1355	-2
1356	-2
1357	0
1358	-3
1359	-1
1360	-4
1361	-1
1362	-4
1363	-1
1364	-3
1365	-1
1366	-2
1367	-1
1368	-4
1369	-1
1370	-4
1371	0
1372	-4
1373	0
1374	-3
1375	0
1376	-2
1377	-1
1378	-4
1379	-1
1380	-4
1381	0
1382	-3
1383	-1
1384	-4
1385	-1
1386	-4
1387	-1
1388	-5
1389	0
1390	-3
1391	0
1392	-1
1393	-1
1394	-3
1395	-1
1396	-3
1397	0
1398	-3
1399	-1
1400	-3
1401	-1
1402	-2
1403	0
1404	-3
1405	-1
1406	-4
1407	0
1408	-4
1409	0
1410	-3
1411	-1
1412	-3
1413	-2
1414	-4
1415	-2
1416	-5
1417	-2
1418	-4
1419	-2
1420	-3
1421	-2
1422	-4
1423	-1
1424	-4
1425	-1
1426	-4
1427	-1
1428	-3
1429	-1
1430	-3
1431	0
1432	-2
1433	0
1434	-2
1435	0
1436	-3
1437	-1
1438	-3
1439	-1
1440	-3
1441	-1
1442	-3
1443	0
1444	-3
1445	-2
1446	-2
1447	-1
1448	-3
1449	-1
1450	-4
1451	0
1452	-2
1453	0
1454	-2
1455	-1
1456	-3
1457	-1
1458	-2
1459	-2
1460	-3
1461	0
1462	-3
1463	0
1464	-3
1465	0
1466	-3
1467	0
1468	-4
1469	-1
1470	-2
1471	-2
1472	-4
1473	-2
1474	-4
1475	-1
1476	-4
1477	-1
1478	-3
1479	-1
1480	-2
1481	-1
1482	-4
1483	0
1484	-3
1485	0
1486	-2
1487	0
1488	-3
1489	0
1490	-2
1491	0
1492	-2
1493	-1
1494	-2
1495	0
1496	-3
1497	0
1498	-3
1499	0
1500	-2
1501	0
1502	-2
1503	0
1504	-2
1505	-1
1506	-3
1507	-1
1508	-3
1509	-1
1510	-3
1511	0
1512	-3
1513	-1
1514	-3
1515	-1
1516	-3
1517	-1
1518	-4
1519	-1
1520	-4
1521	-1
1522	-3
1523	-1
1524	-5
1525	-1
1526	-4
1527	-1
1528	-3
1529	-1
1530	-4
1531	-1
1532	-4
1533	0
1534	-4
1535	-2
1536	-3
1537	0
1538	-3
1539	0
1540	-1
1541	0
1542	-2
1543	-1
1544	-1
1545	0
1546	-2
1547	0
1548	-3
1549	-1
1550	-2
1551	0
1552	-4
1553	0
1554	-2
1555	-1
1556	-1
1557	-1
1558	-3
1559	-1
1560	-3
1561	0
1562	-3
1563	-1
1564	-2
1565	0
1566	-2
1567	0
1568	-2
1569	0
1570	-2
1571	0
1572	-2
1573	-1
1574	-2
1575	0
1576	-3
1577	0
1578	-2
1579	0
1580	-2
1581	0
1582	-3
1583	0
1584	-2
1585	0
1586	-2
1587	0
1588	-1
1589	-1
1590	-1
1591	-1
1592	-3
1593	-1
1594	-3
1595	0
1596	-3
1597	-1
1598	-3
1599	-1
1600	-3
1601	-1
1602	-3
1603	-1
1604	-3
1605	-1
1606	-4
1607	0
1608	-4
1609	-1
1610	-2
1611	-1
1612	-3
1613	0
1614	-2
1615	-1
1616	-2
1617	0
1618	-2
1619	0
1620	-2
1621	0
1622	-1
1623	0
1624	-1
1625	0
1626	-2
1627	0
1628	-1
1629	0
1630	-1
1631	0
1632	-1
1633	0
1634	-1
1635	0
1636	-1
1637	0
1638	-1
1639	0
1640	-1
1641	0
1642	-1
1643	0
1644	-3
1645	0
1646	-2
1647	-1
1648	-3
1649	-1
1650	-3
1651	0
1652	-3
1653	0
1654	-3
1655	0
1656	-2
1657	0
1658	-1
1659	0
1660	-1
1661	0
1662	-2
1663	0
1664	-3
1665	0
1666	-2
1667	0
1668	-3
1669	0
1670	-1
1671	0
1672	-1
1673	0
1674	-1
1675	0
1676	-1
1677	0
1678	-1
1679	-1
1680	-1
1681	0
1682	-1
1683	0
1684	-3
1685	0
1686	-1
1687	0
1688	-2
1689	0
1690	-1
1691	-1
1692	-3
1693	-1
1694	-2
1695	0
1696	-2
1697	0
1698	-2
1699	-1
1700	-2
1701	0
1702	-2
1703	0
1704	-3
1705	0
1706	-2
1707	0
1708	-1
1709	-1
1710	-2
1711	0
1712	-1
1713	0
1714	-2
1715	0
1716	-2
1717	0
1718	-2
1719	0
1720	-2
1721	0
1722	-2
1723	0
1724	-2
1725	-1
1726	-2
1727	0
1728	-2
1729	0
1730	-3
1731	-1
1732	-2
1733	0
1734	-3
1735	0
1736	-2
1737	-1
1738	-1
1739	0
1740	-1
1741	0
1742	-2
1743	0
1744	-1
1745	0
1746	-1
1747	0
1748	-1
1749	0
1750	-1
1751	0
1752	-2
1753	0
1754	-1
1755	0
1756	-1
1757	0
1758	-2
1759	0
1760	-2
1761	0
1762	-1
1763	0
1764	-1
1765	0
1766	-1
1767	0
1768	-1
1769	0
1770	-1
1771	0
1772	0
1773	0
1774	-2
1775	-1
1776	-2
1777	0
1778	-2
1779	0
1780	-2
1781	0
1782	-1
1783	0
1784	0
1785	0
1786	-1
1787	0
1788	-1
1789	0
1790	-1
1791	0
1792	-1
1793	0
1794	0
1795	0
1796	-2
1797	0
1798	-1
1799	0
1800	-1
1801	0
1802	-2
1803	-1
1804	0
1805	0
1806	-1
1807	0
1808	-1
1809	0
1810	-2
1811	0
1812	0
1813	0
1814	-1
1815	0
1816	-1
1817	0
1818	-1
1819	0
1820	-1
1821	0
1822	-1
1823	0
1824	-1
1825	-1
1826	-2
1827	0
1828	-1
1829	0
1830	-2
1831	-1
1832	-1
1833	0
1834	-1
1835	0
1836	-1
1837	0
1838	-1
1839	0
1840	-1
1841	0
1842	0
1843	0
1844	-1
1845	1
1846	-1
1847	1
1848	0
1849	1
1850	0
1851	1
1852	1
1853	2
1854	0
1855	2
1856	0
1857	2
1858	0
1859	1
1860	0
1861	2
1862	0
1863	1
1864	1
1865	2
1866	1
1867	2
1868	1
1869	2
1870	1
1871	3
1872	2
1873	2
1874	1
1875	2
1876	1
1877	2
1878	0
1879	2
1880	0
1881	2
1882	0
1883	2
1884	0
1885	2
1886	0
1887	2
1888	0
1889	2
1890	0
1891	1
1892	0
1893	1
1894	0
1895	1
1896	0
1897	1
1898	0
1899	1
1900	-1
1901	1
1902	-1
1903	1
1904	0
1905	1
1906	-1
1907	1
1908	0
1909	0
1910	0
1911	1
1912	0
1913	0
1914	-1
1915	0
1916	-1
1917	0
1918	-1
1919	0
1920	0
1921	0
1922	-1
1923	0
1924	0
1925	0
1926	-1
1927	0
1928	-1
1929	0
1930	0
1931	0
1932	0
1933	0
1934	0
1935	0
1936	0
1937	0
1938	0
1939	0
1940	-1
1941	0
1942	-1
1943	0
1944	0
1945	0
1946	0
1947	0
1948	-1
1949	0
1950	0
1951	0
1952	0
1953	0
1954	-1
1955	0
1956	-1
1957	0
1958	-1
1959	0
1960	-2
1961	0
1962	-1
1963	0
1964	-2
1965	0
1966	-1
1967	0
1968	-2
1969	0
1970	-1
1971	0
1972	-2
1973	0
1974	-1
1975	0
1976	-1
1977	0
1978	-1
1979	0
1980	0
1981	0
1982	-1
1983	0
1984	-1
1985	0
1986	0
1987	1
1988	0
1989	0
1990	-1
1991	0
1992	-1
1993	1
1994	-1
1995	1
1996	0
1997	0
1998	0
1999	0
