0	0
1	0
2	1
3	1
4	0
5	0
6	0
7	0
8	0
9	0
10	0
11	0
12	0
13	0
14	0
15	0
16	0
17	0
18	0
19	0
20	0
21	0
22	0
23	1
24	0
25	0
26	0
27	0
28	0
29	0
30	0
31	1
32	0
33	1
34	0
35	1
36	0
37	1
38	0
39	0
40	0
41	0
42	0
43	1
44	0
45	0
46	0
47	0
48	0
49	0
50	0
51	0
52	0
53	1
54	0
55	0
56	0
57	0
58	0
59	0
60	0
61	0
62	0
63	0
64	0
65	0
66	0
67	1
68	0
69	0
70	0
71	0
72	0
73	0
74	0
75	0
76	0
77	0
78	0
79	1
80	0
81	1
82	0
83	0
84	0
85	0
86	0
87	1
88	0
89	1
90	0
91	0
92	0
93	2
94	0
95	1
96	0
97	1
98	0
99	0
100	0
101	0
102	0
103	0
104	0
105	0
106	0
107	0
108	0
109	0
110	0
111	0
112	0
113	0
114	0
115	0
116	0
117	0
118	0
119	1
120	0
121	1
122	0
123	0
124	0
125	2
126	0
127	1
128	0
129	1
130	0
131	0
132	0
133	0
134	0
135	0
136	0
137	0
138	0
139	0
140	0
141	0
142	0
143	0
144	0
145	0
146	0
147	0
148	0
149	0
150	0
151	0
152	-1
153	0
154	0
155	0
156	0
157	0
158	0
159	0
160	0
161	0
162	0
163	0
164	0
165	0
166	0
167	0
168	0
169	0
170	0
171	1
172	0
173	1
174	0
175	0
176	0
177	0
178	0
179	1
180	0
181	0
182	0
183	0
184	0
185	0
186	0
187	0
188	0
189	0
190	0
191	0
192	0
193	0
194	0
195	1
196	0
197	0
198	0
199	0
200	0
201	0
202	0
203	0
204	0
205	0
206	0
207	0
208	0
209	0
210	0
211	0
212	0
213	0
214	0
215	0
216	0
217	1
218	0
219	1
220	0
221	1
222	0
223	0
224	0
225	1
226	0
227	0
228	0
229	0
230	0
231	1
232	0
233	0
234	0
235	0
236	0
237	1
238	0
239	0
240	0
241	1
242	0
243	2
244	0
245	2
246	1
247	2
248	0
249	1
250	0
251	0
252	0
253	0
254	0
255	0
256	1
257	0
258	1
259	2
260	0
261	0
262	1
263	1
264	1
265	1
266	0
267	2
268	1
269	1
270	1
271	1
272	0
273	1
274	0
275	0
276	1
277	0
278	0
279	1
280	0
281	1
282	0
283	0
284	0
285	0
286	0
287	0
288	0
289	1
290	1
291	0
292	0
293	0
294	0
295	1
296	0
297	0
298	0
299	0
300	0
301	0
302	1
303	1
304	0
305	0
306	0
307	2
308	0
309	1
310	0
311	1
312	1
313	1
314	1
315	1
316	0
317	0
318	1
319	0
320	0
321	2
322	0
323	1
324	0
325	0
326	0
327	0
328	0
329	0
330	0
331	0
332	0
333	0
334	0
335	0
336	0
337	0
338	0
339	0
340	0
341	0
342	0
343	1
344	0
345	0
346	0
347	0
348	0
349	0
350	0
351	1
352	0
353	0
354	0
355	1
356	0
357	1
358	0
359	0
360	0
361	0
362	0
363	0
364	0
365	0
366	0
367	0
368	0
369	0
370	-1
371	0
372	0
373	0
374	0
375	0
376	0
377	0
378	0
379	0
380	0
381	0
382	0
383	-1
384	0
385	-1
386	0
387	0
388	0
389	0
390	0
391	0
392	0
393	0
394	0
395	0
396	0
397	0
398	0
399	0
400	0
401	0
402	-1
403	0
404	0
405	0
406	-1
407	0
408	-1
409	0
410	0
411	0
412	0
413	0
414	0
415	0
416	0
417	0
418	0
419	0
420	0
421	2
422	0
423	2
424	1
425	3
426	3
427	6
428	6
429	10
430	11
431	14
432	16
433	19
434	22
435	28
436	29
437	33
438	38
439	42
440	45
441	50
442	52
443	58
444	61
445	66
446	69
447	73
448	76
449	82
450	84
451	90
452	91
453	97
454	97
455	103
456	105
457	109
458	109
459	114
460	114
461	117
462	118
463	120
464	121
465	121
466	123
467	124
468	122
469	123
470	122
471	124
472	123
473	124
474	122
475	121
476	120
477	119
478	117
479	116
480	114
481	112
482	110
483	110
484	107
485	106
486	103
487	101
488	98
489	96
490	92
491	90
492	90
493	87
494	82
495	81
496	78
497	77
498	77
499	78
500	62
501	66
502	63
503	63
504	60
505	59
506	55
507	53
508	51
509	50
510	49
511	45
512	41
513	41
514	37
515	36
516	35
517	35
518	32
519	33
520	27
521	28
522	24
523	24
524	22
525	21
526	20
527	19
528	17
529	16
530	12
531	12
532	8
533	10
534	7
535	7
536	6
537	6
538	5
539	5
540	3
541	3
542	2
543	2
544	0
545	1
546	-1
547	0
548	-2
549	-1
550	-4
551	-4
552	-6
553	-5
554	-8
555	-5
556	-7
557	-6
558	-8
559	-8
560	-9
561	-7
562	-9
563	-9
564	-9
565	-8
566	-10
567	-10
568	-11
569	-10
570	-11
571	-9
572	-12
573	-11
574	-12
575	-10
576	-11
577	-10
578	-11
579	-10
580	-11
581	-10
582	-11
583	-9
584	-11
585	-10
586	-11
587	-11
588	-12
589	-10
590	-11
591	-11
592	-11
593	-10
594	-11
595	-10
596	-11
597	-11
598	-11
599	-12
600	-12
601	-11
602	-11
603	-11
604	-10
605	-11
606	-12
607	-10
608	-12
609	-10
610	-10
611	-10
612	-10
613	-9
614	-10
615	-8
616	-9
617	-9
618	-10
619	-9
620	-8
621	-8
622	-8
623	-6
624	-8
625	-6
626	-6
627	-6
628	-7
629	-5
630	-6
631	-6
632	-8
633	-5
634	-6
635	-5
636	-7
637	-5
638	-8
639	-5
640	-7
641	-5
642	-7
643	-6
644	-7
645	-5
646	-6
647	-7
648	-8
649	-7
650	-6
651	-7
652	-6
653	-5
654	-7
655	-6
656	-6
657	-7
658	-6
659	-5
660	-6
661	-5
662	-7
663	-5
664	-5
665	-5
666	-6
667	-5
668	-5
669	-5
670	-6
671	-6
672	-5
673	-5
674	-7
675	-4
676	-5
677	-5
678	-6
679	-4
680	-6
681	-4
682	-6
683	-5
684	-4
685	-3
686	-5
687	-1
688	-5
689	-4
690	-3
691	-3
692	-3
693	-3
694	-5
695	-4
696	-3
697	-2
698	-3
699	-2
700	-4
701	-3
702	-3
703	-3
704	-3
705	-2
706	-3
707	-4
708	-2
709	-1
710	-3
711	-1
712	-4
713	-1
714	-2
715	-1
716	-1
717	-1
718	-3
719	-2
720	-3
721	-2
722	-4
723	-3
724	-2
725	-3
726	-1
727	-2
728	-3
729	-2
730	-1
731	-2
732	-3
733	-3
734	-3
735	-1
736	-2
737	-1
738	-2
739	-3
740	-3
741	-2
742	-4
743	-3
744	-5
745	-4
746	-4
747	-3
748	-2
749	-3
750	-2
751	-2
752	-4
753	-2
754	-4
755	-2
756	-4
757	-3
758	-4
759	-3
760	-4
761	-1
762	-3
763	-1
764	-3
765	-1
766	-2
767	-1
768	-1
769	-1
770	-2
771	-2
772	-2
773	-1
774	-3
775	0
776	-2
777	-1
778	-2
779	-2
780	-2
781	-3
782	-3
783	-1
784	-2
785	-2
786	-5
787	-3
788	-4
789	-2
790	-4
791	-3
792	-5
793	-3
794	-4
795	-4
796	-4
797	-4
798	-6
799	-4
800	-5
801	-4
802	-6
803	-5
804	-5
805	-6
806	-7
807	-5
808	-6
809	-6
810	-7
811	-6
812	-7
813	-4
814	-6
815	-4
816	-5
817	-5
818	-5
819	-5
820	-5
821	-5
822	-5
823	-5
824	-5
825	-4
826	-4
827	-4
828	-3
829	-4
830	-5
831	-4
832	-4
833	-5
834	-5
835	-4
836	-4
837	-5
838	-5
839	-5
840	-8
841	-6
842	-5
843	-5
844	-6
845	-7
846	-7
847	-7
848	-7
849	-6
850	-6
851	-5
852	-7
853	-6
854	-8
855	-6
856	-7
857	-7
858	-8
859	-6
860	-7
861	-6
862	-7
863	-7
864	-6
865	-9
866	-5
867	-6
868	-6
869	-4
870	-6
871	-4
872	-6
873	-5
874	-5
875	-4
876	-5
877	-3
878	-4
879	-3
880	-5
881	-4
882	-5
883	-3
884	-6
885	-4
886	-4
887	-5
888	-6
889	-4
890	-5
891	-4
892	-5
893	-5
894	-6
895	-4
896	-6
897	-4
898	-6
899	-5
900	-5
901	-5
902	-5
903	-5
904	-6
905	-3
906	-7
907	-4
908	-5
909	-4
910	-5
911	-4
912	-6
913	-3
914	-7
915	-4
916	-7
917	-4
918	-6
919	-4
920	-7
921	-4
922	-7
923	-5
924	-5
925	-5
926	-7
927	-7
928	-7
929	-7
930	-6
931	-5
932	-7
933	-5
934	-8
935	-5
936	-7
937	-5
938	-7
939	-6
940	-7
941	-5
942	-6
943	-5
944	-8
945	-3
946	-6
947	-3
948	-5
949	-4
950	-7
951	-5
952	-7
953	-3
954	-6
955	-4
956	-7
957	-4
958	-5
959	-4
960	-6
961	-5
962	-6
963	-4
964	-6
965	-4
966	-5
967	-3
968	-4
969	-5
970	-5
971	-4
972	-6
973	-6
974	-7
975	-5
976	-6
977	-4
978	-5
979	-4
980	-4
981	-3
982	-6
983	-3
984	-4
985	-4
986	-6
987	-4
988	-6
989	-2
990	-5
991	-4
992	-4
993	-4
994	-4
995	-4
996	-6
997	-3
998	-4
999	-3
1000	-4
1001	-4
1002	-5
1003	-3
1004	-5
1005	-3
1006	-4
1007	-3
1008	-4
1009	-2
1010	-4
1011	-2
1012	-6
1013	-3
1014	-5
1015	-5
1016	-5
1017	-3
1018	-4
1019	-4
1020	-5
1021	-4
1022	-4
1023	-4
1024	-5
1025	-4
1026	-5
1027	-3
1028	-7
1029	-4
1030	-5
1031	-3
1032	-5
1033	-5
1034	-5
1035	-4
1036	-5
1037	-3
1038	-6
1039	-4
1040	-6
1041	-3
1042	-5
1043	-5
1044	-5
1045	-4
1046	-6
1047	-4
1048	-5
1049	-4
1050	-6
1051	-4
1052	-5
1053	-5
1054	-4
1055	-3
1056	-6
1057	-3
1058	-4
1059	-2
1060	-5
1061	-3
1062	-5
1063	-3
1064	-4
1065	-3
1066	-4
1067	-3
1068	-5
1069	-3
1070	-4
1071	-2
1072	-4
1073	-2
1074	-5
1075	-3
1076	-3
1077	-3
1078	-3
1079	-3
1080	-4
1081	-3
1082	-4
1083	-2
1084	-4
1085	-3
1086	-4
1087	-3
1088	-4
1089	-3
1090	-6
1091	-3
1092	-3
1093	-3
1094	-3
1095	-4
1096	-2
1097	-4
1098	-5
1099	-3
1100	-5
1101	-3
1102	-4
1103	-3
1104	-3
1105	-3
1106	-6
1107	-4
1108	-5
1109	-4
1110	-5
1111	-3
1112	-4
1113	-3
1114	-4
1115	-3
1116	-5
1117	-4
1118	-4
1119	-4
1120	-4
1121	-4
1122	-5
1123	-3
1124	-5
1125	-2
1126	-5
1127	-4
1128	-3
1129	-4
1130	-4
1131	-2
1132	-2
1133	-4
1134	-2
1135	-3
1136	-3
1137	-3
1138	-3
1139	-2
1140	-2
1141	-3
1142	-4
1143	-1
1144	-5
1145	-2
1146	-3
1147	-3
1148	-3
1149	-2
1150	-3
1151	-1
1152	-3
1153	-2
1154	-5
1155	-3
1156	-3
1157	-2
1158	-3
1159	-1
1160	-4
1161	-2
1162	-3
1163	-1
1164	-3
1165	-3
1166	-4
1167	-2
1168	-2
1169	-2
1170	-3
1171	-3
1172	-5
1173	-3
1174	-3
1175	-3
1176	-3
1177	-4
1178	-4
1179	-4
1180	-5
1181	-4
1182	-5
1183	-3
1184	-5
1185	-4
1186	-4
1187	-4
1188	-4
1189	-2
1190	-4
1191	-3
1192	-4
1193	-2
1194	-4
1195	-3
1196	-4
1197	-3
1198	-4
1199	-2
1200	-3
1201	-1
1202	-2
1203	-2
1204	-3
1205	-1
1206	-3
1207	-2
1208	-3
1209	-1
1210	-3
1211	-2
1212	-3
1213	-2
1214	-5
1215	-3
1216	-4
1217	-3
1218	-4
1219	-3
1220	-4
1221	-3
1222	-5
1223	-3
1224	-4
1225	-3
1226	-5
1227	-3
1228	-4
1229	-2
1230	-4
1231	-3
1232	-5
1233	-3
1234	-5
1235	-1
1236	-4
1237	-2
1238	-4
1239	-3
1240	-4
1241	-2
1242	-4
1243	-3
1244	-2
1245	-2
1246	-3
1247	-3
1248	-2
1249	-2
1250	-4
1251	-2
1252	-3
1253	-2
1254	-2
1255	-2
1256	-2
1257	-2
1258	-2
1259	-2
1260	-3
1261	-1
1262	-4
1263	-1
1264	-2
1265	-2
1266	-3
1267	-3
1268	-2
1269	-2
1270	-2
1271	-2
1272	-3
1273	-2
1274	-3
1275	-1
1276	-2
1277	-1
1278	-3
1279	-1
1280	-3
1281	-2
1282	-3
1283	-1
1284	-2
1285	-1
1286	-2
1287	-1
1288	-2
1289	-1
1290	-1
1291	-2
1292	-1
1293	-1
1294	-2
1295	-1
1296	-1
1297	-1
1298	-2
1299	-3
1300	-3
1301	-2
1302	-2
1303	-2
1304	-3
1305	-2
1306	-4
1307	-2
1308	-3
1309	-2
1310	-4
1311	-2
1312	-4
1313	-3
1314	-4
1315	-2
1316	-4
1317	-1
1318	-4
1319	-2
1320	-3
1321	-2
1322	-3
1323	-1
1324	-1
1325	-1
1326	-2
1327	-1
1328	-3
1329	-1
1330	-2
1331	-1
1332	-2
1333	-1
1334	0
1335	-1
1336	-1
1337	0
1338	-1
1339	0
1340	-2
1341	-1
1342	-1
1343	-1
1344	-1
1345	0
1346	-1
1347	-1
1348	-2
1349	-2
1350	-4
1351	-3
1352	-2
1353	-3
1354	-3
1355	-3
1356	-4
1357	-3
1358	-3
1359	-2
1360	-3
1361	-3
1362	-3
1363	-3
1364	-4
1365	-2
1366	-3
1367	-2
1368	-2
1369	-2
1370	-2
1371	-1
1372	-3
1373	-2
1374	-4
1375	-2
1376	-3
1377	-2
1378	-2
1379	-1
1380	-3
1381	-1
1382	-3
1383	-2
1384	-3
1385	-2
1386	-2
1387	-1
1388	-3
1389	-3
1390	-2
1391	-1
1392	-4
1393	-2
1394	-4
1395	-2
1396	-4
1397	-3
1398	-3
1399	-2
1400	-4
1401	-3
1402	-3
1403	-2
1404	-4
1405	-2
1406	-4
1407	-2
1408	-3
1409	-2
1410	-2
1411	-2
1412	-2
1413	-2
1414	-3
1415	-2
1416	-4
1417	-1
1418	-2
1419	-2
1420	-1
1421	-1
1422	-3
1423	-1
1424	-1
1425	-1
1426	-2
1427	0
1428	-1
1429	0
1430	-1
1431	0
1432	-1
1433	0
1434	-1
1435	-1
1436	-1
1437	0
1438	-1
1439	0
1440	-1
1441	0
1442	-2
1443	-1
1444	-2
1445	-1
1446	-1
1447	-1
1448	-3
1449	0
1450	-2
1451	-1
1452	-1
1453	-1
1454	-2
1455	-1
1456	-2
1457	-2
1458	-1
1459	-1
1460	-1
1461	-1
1462	-1
1463	-1
1464	-1
1465	0
1466	-1
1467	0
1468	-2
1469	-1
1470	-1
1471	0
1472	-1
1473	0
1474	-2
1475	-1
1476	-1
1477	-1
1478	-1
1479	-2
1480	-1
1481	-1
1482	-2
1483	-1
1484	-2
1485	-2
1486	-2
1487	-1
1488	-1
1489	-1
1490	-2
1491	-2
1492	-2
1493	-1
1494	-2
1495	-2
1496	-2
1497	-1
1498	-2
1499	-2
1500	-2
1501	0
1502	-2
1503	-1
1504	-1
1505	-1
1506	-1
1507	0
1508	-1
1509	0
1510	-1
1511	-1
1512	0
1513	0
1514	0
1515	0
1516	0
1517	0
1518	0
1519	0
1520	0
1521	0
1522	-1
1523	0
1524	0
1525	0
1526	0
1527	0
1528	0
1529	0
1530	-1
1531	0
1532	-2
1533	0
1534	-2
1535	0
1536	-2
1537	0
1538	-1
1539	0
1540	-2
1541	-1
1542	-3
1543	-1
1544	-2
1545	-1
1546	-3
1547	-1
1548	-2
1549	-2
1550	-1
1551	-1
1552	-2
1553	-1
1554	-1
1555	-1
1556	-1
1557	-1
1558	-2
1559	-1
1560	-2
1561	-1
1562	-1
1563	0
1564	-2
1565	0
1566	-1
1567	-1
1568	-1
1569	-1
1570	-2
1571	0
1572	-1
1573	0
1574	-1
1575	-1
1576	-1
1577	0
1578	-1
1579	0
1580	0
1581	0
1582	-1
1583	-1
1584	0
1585	0
1586	0
1587	0
1588	-1
1589	-1
1590	-1
1591	-1
1592	-1
1593	0
1594	-2
1595	-1
1596	-2
1597	-2
1598	-1
1599	-1
1600	0
1601	-1
1602	-2
1603	-1
1604	-1
1605	-1
1606	-1
1607	0
1608	0
1609	0
1610	0
1611	0
1612	0
1613	0
1614	0
1615	0
1616	0
1617	0
1618	0
1619	0
1620	0
1621	0
1622	0
1623	0
1624	0
1625	0
1626	0
1627	0
1628	0
1629	0
1630	0
1631	0
1632	-1
1633	0
1634	0
1635	0
1636	-1
1637	0
1638	-1
1639	0
1640	0
1641	0
1642	-1
1643	0
1644	-1
1645	0
1646	0
1647	0
1648	-1
1649	-1
1650	-1
1651	0
1652	0
1653	0
1654	0
1655	0
1656	0
1657	0
1658	0
1659	0
1660	-1
1661	-1
1662	-1
1663	-1
1664	-2
1665	-1
1666	-2
1667	0
1668	-1
1669	-1
1670	-2
1671	-1
1672	-1
1673	-1
1674	-3
1675	-1
1676	-1
1677	-2
1678	-2
1679	-1
1680	-1
1681	-1
1682	-1
1683	-1
1684	-2
1685	-1
1686	-1
1687	0
1688	-1
1689	-1
1690	0
1691	-1
1692	0
1693	-1
1694	0
1695	0
1696	-1
1697	0
1698	-1
1699	0
1700	0
1701	0
1702	0
1703	0
1704	0
1705	0
1706	0
1707	0
1708	0
1709	0
1710	0
1711	0
1712	-1
1713	0
1714	-1
1715	0
1716	0
1717	0
1718	-1
1719	0
1720	0
1721	0
1722	0
1723	0
1724	0
1725	0
1726	-1
1727	-1
1728	0
1729	0
1730	0
1731	0
1732	0
1733	0
1734	0
1735	0
1736	0
1737	0
1738	0
1739	0
1740	-1
1741	0
1742	-1
1743	0
1744	0
1745	0
1746	-1
1747	0
1748	0
1749	0
1750	-1
1751	0
1752	-1
1753	0
1754	-1
1755	-1
1756	-1
1757	0
1758	-1
1759	-1
1760	-1
1761	-1
1762	0
1763	0
1764	-1
1765	0
1766	-2
1767	0
1768	0
1769	0
1770	0
1771	0
1772	-1
1773	0
1774	-2
1775	-1
1776	-1
1777	-1
1778	-1
1779	0
1780	-1
1781	0
1782	0
1783	0
1784	-1
1785	0
1786	0
1787	0
1788	0
1789	0
1790	0
1791	-1
1792	0
1793	0
1794	0
1795	0
1796	0
1797	0
1798	0
1799	0
1800	0
1801	0
1802	0
1803	0
1804	0
1805	-1
1806	0
1807	0
1808	0
1809	0
1810	0
1811	0
1812	0
1813	0
1814	0
1815	0
1816	0
1817	0
1818	0
1819	0
1820	0
1821	0
1822	0
1823	0
1824	0
1825	0
1826	0
1827	0
1828	0
1829	0
1830	0
1831	0
1832	0
1833	0
1834	0
1835	0
1836	0
1837	0
1838	0
1839	0
1840	0
1841	0
1842	0
1843	0
1844	-1
1845	-1
1846	-2
1847	0
1848	-1
1849	0
1850	-1
1851	0
1852	0
1853	0
1854	0
1855	0
1856	0
1857	0
1858	0
1859	0
1860	0
1861	0
1862	0
1863	0
1864	0
1865	0
1866	0
1867	0
1868	0
1869	1
1870	0
1871	0
1872	0
1873	0
1874	0
1875	0
1876	0
1877	-1
1878	0
1879	0
1880	0
1881	0
1882	-1
1883	0
1884	0
1885	0
1886	-1
1887	0
1888	-1
1889	-1
1890	-1
1891	0
1892	-1
1893	0
1894	-1
1895	-1
1896	-1
1897	0
1898	-1
1899	-1
1900	-1
1901	-1
1902	-1
1903	-1
1904	-1
1905	0
1906	-1
1907	0
1908	-2
1909	0
1910	-1
1911	0
1912	0
1913	0
1914	0
1915	0
1916	0
1917	0
1918	0
1919	0
1920	0
1921	0
1922	0
1923	0
1924	0
1925	0
1926	0
1927	0
1928	0
1929	0
1930	0
1931	0
1932	-1
1933	0
1934	0
1935	0
1936	0
1937	0
1938	0
1939	0
1940	0
1941	0
1942	0
1943	0
1944	-1
1945	0
1946	-1
1947	0
1948	-1
1949	0
1950	-1
1951	0
1952	0
1953	0
1954	0
1955	0
1956	0
1957	0
1958	0
1959	0
1960	-1
1961	0
1962	0
1963	-1
1964	-1
1965	0
1966	-1
1967	0
1968	0
1969	0
1970	0
1971	-1
1972	0
1973	0
1974	-1
1975	0
1976	-1
1977	0
1978	0
1979	0
1980	0
1981	0
1982	0
1983	-1
1984	0
1985	-2
1986	0
1987	0
1988	-1
1989	-1
1990	0
1991	-1
1992	0
1993	0
1994	-1
1995	0
1996	-2
1997	0
1998	0
1999	0
