0	0
1	0
2	0
3	0
4	0
5	0
6	0
7	0
8	0
9	0
10	0
11	0
12	0
13	0
14	0
15	0
16	0
17	0
18	0
19	0
20	0
21	0
22	0
23	0
24	0
25	0
26	0
27	0
28	0
29	0
30	0
31	0
32	0
33	0
34	0
35	0
36	0
37	0
38	0
39	0
40	0
41	0
42	0
43	1
44	0
45	0
46	0
47	0
48	0
49	1
50	0
51	0
52	0
53	0
54	0
55	0
56	0
57	0
58	0
59	0
60	0
61	0
62	0
63	0
64	0
65	0
66	0
67	0
68	0
69	0
70	0
71	0
72	0
73	0
74	0
75	1
76	0
77	0
78	0
79	0
80	0
81	0
82	0
83	1
84	0
85	0
86	0
87	0
88	0
89	0
90	0
91	1
92	0
93	1
94	0
95	0
96	0
97	1
98	0
99	1
100	0
101	0
102	0
103	0
104	0
105	0
106	0
107	0
108	0
109	0
110	0
111	0
112	0
113	0
114	0
115	0
116	0
117	0
118	0
119	0
120	0
121	0
122	0
123	0
124	0
125	0
126	0
127	0
128	0
129	0
130	0
131	0
132	0
133	0
134	0
135	0
136	0
137	0
138	0
139	0
140	0
141	0
142	0
143	0
144	0
145	1
146	0
147	0
148	-1
149	1
150	0
151	1
152	0
153	0
154	0
155	0
156	0
157	0
158	0
159	1
160	0
161	0
162	0
163	1
164	0
165	0
166	0
167	0
168	0
169	0
170	0
171	0
172	0
173	0
174	0
175	0
176	0
177	0
178	0
179	0
180	0
181	0
182	0
183	0
184	0
185	0
186	0
187	0
188	0
189	1
190	0
191	1
192	0
193	1
194	0
195	1
196	0
197	1
198	0
199	1
200	0
201	0
202	0
203	0
204	0
205	0
206	0
207	0
208	0
209	0
210	0
211	0
212	0
213	0
214	0
215	0
216	0
217	0
218	0
219	0
220	0
221	1
222	0
223	0
224	0
225	0
226	0
227	0
228	0
229	0
230	0
231	1
232	0
233	0
234	0
235	0
236	0
237	1
238	0
239	0
240	0
241	0
242	0
243	1
244	0
245	1
246	0
247	0
248	0
249	1
250	0
251	0
252	0
253	1
254	0
255	0
256	0
257	0
258	0
259	1
260	-1
261	0
262	0
263	0
264	0
265	0
266	0
267	0
268	0
269	0
270	0
271	0
272	0
273	0
274	0
275	0
276	0
277	0
278	-1
279	0
280	0
281	0
282	0
283	0
284	0
285	0
286	0
287	0
288	0
289	0
290	0
291	1
292	0
293	0
294	0
295	0
296	0
297	0
298	0
299	0
300	0
301	0
302	0
303	1
304	0
305	0
306	0
307	1
308	0
309	1
310	0
311	1
312	0
313	1
314	0
315	0
316	0
317	0
318	0
319	0
320	0
321	1
322	0
323	0
324	0
325	0
326	0
327	0
328	0
329	0
330	0
331	0
332	0
333	0
334	0
335	0
336	0
337	0
338	0
339	0
340	0
341	0
342	0
343	0
344	0
345	0
346	0
347	1
348	0
349	0
350	0
351	1
352	0
353	1
354	0
355	0
356	0
357	1
358	0
359	1
360	0
361	0
362	0
363	0
364	0
365	1
366	0
367	1
368	0
369	1
370	0
371	0
372	0
373	1
374	0
375	0
376	0
377	0
378	0
379	0
380	0
381	0
382	0
383	0
384	0
385	0
386	0
387	0
388	0
389	0
390	0
391	0
392	0
393	0
394	0
395	0
396	0
397	0
398	0
399	1
400	0
401	0
402	0
403	0
404	0
405	0
406	0
407	0
408	0
409	0
410	0
411	0
412	0
413	1
414	0
415	0
416	0
417	1
418	0
419	1
420	0
421	0
422	0
423	1
424	0
425	0
426	0
427	0
428	0
429	0
430	0
431	0
432	0
433	1
434	0
435	1
436	0
437	1
438	0
439	3
440	1
441	4
442	2
443	5
444	3
445	8
446	6
447	9
448	9
449	12
450	11
451	16
452	15
453	19
454	18
455	22
456	22
457	27
458	27
459	30
460	31
461	34
462	34
463	38
464	39
465	40
466	41
467	45
468	45
469	47
470	47
471	52
472	52
473	56
474	54
475	59
476	56
477	61
478	57
479	63
480	62
481	65
482	64
483	68
484	65
485	70
486	67
487	71
488	68
489	73
490	68
491	71
492	70
493	72
494	70
495	73
496	72
497	73
498	73
499	78
500	62
501	74
502	67
503	70
504	67
505	69
506	67
507	68
508	64
509	67
510	61
511	65
512	60
513	62
514	58
515	60
516	56
517	59
518	55
519	56
520	49
521	52
522	49
523	48
524	46
525	46
526	44
527	45
528	41
529	44
530	39
531	41
532	35
533	39
534	33
535	35
536	31
537	33
538	29
539	31
540	27
541	28
542	25
543	26
544	22
545	25
546	21
547	24
548	19
549	21
550	15
551	20
552	14
553	17
554	12
555	14
556	11
557	13
558	10
559	13
560	8
561	11
562	5
563	9
564	5
565	8
566	5
567	8
568	4
569	7
570	5
571	5
572	4
573	5
574	4
575	5
576	4
577	5
578	3
579	5
580	3
581	4
582	1
583	3
584	0
585	3
586	0
587	2
588	0
589	3
590	0
591	1
592	0
593	1
594	0
595	1
596	0
597	0
598	0
599	0
600	0
601	0
602	0
603	0
604	0
605	0
606	0
607	0
608	0
609	0
610	-1
611	0
612	0
613	0
614	-1
615	0
616	0
617	0
618	0
619	0
620	-1
621	0
622	-2
623	0
624	-1
625	0
626	-1
627	0
628	-1
629	0
630	-1
631	0
632	-1
633	0
634	-1
635	-1
636	-1
637	0
638	-1
639	0
640	-2
641	-1
642	-2
643	-1
644	-2
645	0
646	-2
647	0
648	-2
649	0
650	-1
651	0
652	-1
653	0
654	0
655	0
656	-1
657	0
658	0
659	0
660	0
661	0
662	-1
663	0
664	0
665	0
666	0
667	0
668	-1
669	0
670	0
671	0
672	0
673	0
674	0
675	0
676	0
677	0
678	0
679	0
680	-1
681	0
682	0
683	0
684	-1
685	0
686	-1
687	0
688	-1
689	0
690	-1
691	0
692	-1
693	0
694	-1
695	0
696	-1
697	0
698	-1
699	0
700	0
701	0
702	-1
703	0
704	0
705	0
706	-1
707	0
708	-1
709	0
710	0
711	0
712	0
713	0
714	0
715	0
716	0
717	0
718	0
719	0
720	0
721	0
722	-1
723	0
724	0
725	0
726	0
727	0
728	0
729	0
730	0
731	0
732	0
733	0
734	-1
735	0
736	0
737	0
738	0
739	0
740	0
741	0
742	0
743	0
744	-1
745	0
746	-1
747	0
748	0
749	0
750	-1
751	0
752	-1
753	0
754	0
755	0
756	-1
757	0
758	-2
759	0
760	-1
761	-1
762	-1
763	0
764	-1
765	0
766	-1
767	0
768	-2
769	0
770	-3
771	0
772	-3
773	0
774	-2
775	0
776	-1
777	0
778	-2
779	0
780	-1
781	0
782	-2
783	0
784	-2
785	0
786	0
787	0
788	-1
789	0
790	-1
791	0
792	0
793	0
794	-1
795	0
796	-2
797	0
798	-1
799	0
800	0
801	0
802	-1
803	-1
804	-1
805	0
806	-1
807	0
808	-1
809	0
810	-2
811	0
812	-3
813	0
814	-2
815	0
816	-1
817	0
818	-1
819	0
820	-1
821	0
822	-1
823	0
824	-1
825	0
826	-2
827	0
828	-1
829	0
830	-1
831	0
832	-1
833	0
834	-2
835	0
836	-2
837	0
838	-2
839	0
840	-2
841	0
842	-3
843	-1
844	-1
845	0
846	-3
847	0
848	-2
849	0
850	-2
851	0
852	-2
853	0
854	-2
855	0
856	-3
857	0
858	-1
859	0
860	-2
861	-1
862	-1
863	-1
864	-2
865	0
866	-3
867	0
868	-1
869	0
870	-1
871	0
872	-2
873	0
874	-1
875	0
876	0
877	0
878	0
879	0
880	-1
881	0
882	0
883	-1
884	-1
885	-1
886	-1
887	-1
888	-1
889	-1
890	0
891	-1
892	0
893	0
894	0
895	0
896	-1
897	0
898	-3
899	0
900	-3
901	0
902	-1
903	0
904	-1
905	0
906	-1
907	-1
908	-3
909	-1
910	-2
911	0
912	0
913	0
914	-1
915	0
916	-1
917	0
918	-1
919	0
920	-1
921	0
922	-1
923	0
924	-1
925	0
926	-1
927	0
928	-3
929	0
930	-1
931	0
932	-2
933	0
934	-1
935	0
936	-1
937	-1
938	-2
939	0
940	0
941	-1
942	-1
943	0
944	-1
945	0
946	0
947	0
948	-2
949	0
950	-1
951	0
952	-1
953	0
954	0
955	0
956	-1
957	0
958	-1
959	0
960	-1
961	0
962	-2
963	0
964	-2
965	0
966	-2
967	-1
968	-1
969	-1
970	-2
971	0
972	-2
973	-1
974	-1
975	-1
976	-2
977	-1
978	-2
979	-1
980	-2
981	0
982	-1
983	-1
984	-1
985	-1
986	-1
987	0
988	-2
989	0
990	-3
991	0
992	-3
993	0
994	-1
995	0
996	-2
997	0
998	-1
999	0
1000	-1
1001	-1
1002	0
1003	0
1004	-1
1005	0
1006	-2
1007	0
1008	-3
1009	0
1010	-1
1011	-1
1012	-2
1013	0
1014	-2
1015	-1
1016	-2
1017	-1
1018	-1
1019	0
1020	-1
1021	0
1022	-3
1023	0
1024	-3
1025	-1
1026	-1
1027	0
1028	-1
1029	0
1030	-1
1031	0
1032	-1
1033	0
1034	-2
1035	0
1036	-1
1037	0
1038	-2
1039	0
1040	-2
1041	0
1042	-1
1043	0
1044	-1
1045	0
1046	-1
1047	0
1048	-1
1049	0
1050	-1
1051	-1
1052	-2
1053	0
1054	-2
1055	0
1056	-3
1057	0
1058	-1
1059	0
1060	-2
1061	0
1062	0
1063	-1
1064	-1
1065	0
1066	-1
1067	0
1068	-1
1069	0
1070	-1
1071	0
1072	-2
1073	-1
1074	-2
1075	0
1076	-3
1077	0
1078	-1
1079	0
1080	-1
1081	0
1082	-1
1083	0
1084	-2
1085	0
1086	-2
1087	0
1088	-1
1089	0
1090	-1
1091	0
1092	-2
1093	0
1094	-1
1095	0
1096	-1
1097	0
1098	-1
1099	0
1100	-1
1101	-1
1102	-1
1103	0
1104	-2
1105	-1
1106	-1
1107	0
1108	-2
1109	0
1110	-2
1111	-1
1112	-2
1113	0
1114	-2
1115	-1
1116	-2
1117	0
1118	-1
1119	0
1120	0
1121	0
1122	-2
1123	0
1124	-1
1125	0
1126	-3
1127	0
1128	-1
1129	0
1130	0
1131	0
1132	-1
1133	0
1134	-2
1135	0
1136	-1
1137	-1
1138	-2
1139	0
1140	-2
1141	0
1142	-1
1143	0
1144	-1
1145	0
1146	-1
1147	0
1148	-1
1149	0
1150	-1
1151	0
1152	-1
1153	0
1154	-1
1155	0
1156	-1
1157	0
1158	-1
1159	0
1160	-2
1161	0
1162	-2
1163	0
1164	-1
1165	0
1166	0
1167	0
1168	-1
1169	0
1170	0
1171	0
1172	-1
1173	0
1174	-1
1175	0
1176	-2
1177	0
1178	-1
1179	0
1180	-1
1181	0
1182	0
1183	0
1184	-1
1185	0
1186	-1
1187	0
1188	-1
1189	0
1190	-1
1191	0
1192	-1
1193	0
1194	-1
1195	0
1196	-1
1197	0
1198	-1
1199	0
1200	-2
1201	0
1202	0
1203	0
1204	0
1205	0
1206	-1
1207	0
1208	-1
1209	0
1210	0
1211	0
1212	0
1213	0
1214	0
1215	0
1216	0
1217	0
1218	-2
1219	0
1220	-1
1221	0
1222	-1
1223	0
1224	-2
1225	0
1226	0
1227	0
1228	-1
1229	0
1230	-2
1231	0
1232	-3
1233	0
1234	-2
1235	0
1236	-2
1237	0
1238	-1
1239	0
1240	-3
1241	0
1242	-2
1243	0
1244	0
1245	0
1246	0
1247	0
1248	0
1249	0
1250	-1
1251	1
1252	0
1253	0
1254	-1
1255	0
1256	0
1257	0
1258	0
1259	0
1260	0
1261	1
1262	0
1263	1
1264	0
1265	1
1266	0
1267	1
1268	0
1269	0
1270	0
1271	0
1272	0
1273	1
1274	0
1275	0
1276	0
1277	1
1278	0
1279	1
1280	0
1281	0
1282	0
1283	1
1284	0
1285	0
1286	0
1287	0
1288	0
1289	1
1290	0
1291	1
1292	0
1293	1
1294	0
1295	1
1296	0
1297	1
1298	0
1299	0
1300	0
1301	0
1302	0
1303	0
1304	0
1305	0
1306	0
1307	0
1308	0
1309	0
1310	-1
1311	0
1312	-1
1313	0
1314	-2
1315	0
1316	-2
1317	0
1318	0
1319	0
1320	-1
1321	0
1322	-1
1323	0
1324	-2
1325	0
1326	-2
1327	0
1328	-1
1329	0
1330	0
1331	0
1332	-1
1333	0
1334	-2
1335	0
1336	-1
1337	0
1338	-1
1339	0
1340	0
1341	0
1342	-1
1343	0
1344	-1
1345	0
1346	0
1347	0
1348	-1
1349	0
1350	0
1351	0
1352	-2
1353	0
1354	-1
1355	0
1356	-2
1357	0
1358	-2
1359	-1
1360	-1
1361	-1
1362	-3
1363	0
1364	-4
1365	0
1366	-2
1367	-1
1368	-2
1369	0
1370	-3
1371	0
1372	-1
1373	-1
1374	-2
1375	-1
1376	-1
1377	-1
1378	0
1379	-1
1380	0
1381	0
1382	-1
1383	0
1384	-2
1385	0
1386	-1
1387	0
1388	-2
1389	0
1390	-2
1391	0
1392	-1
1393	0
1394	0
1395	0
1396	-1
1397	0
1398	-2
1399	0
1400	-2
1401	0
1402	0
1403	0
1404	-1
1405	0
1406	-2
1407	0
1408	-1
1409	0
1410	-1
1411	0
1412	-1
1413	0
1414	-2
1415	0
1416	-1
1417	0
1418	0
1419	0
1420	0
1421	0
1422	0
1423	0
1424	-1
1425	0
1426	0
1427	0
1428	0
1429	0
1430	-1
1431	0
1432	-1
1433	0
1434	-1
1435	0
1436	0
1437	0
1438	-1
1439	0
1440	-1
1441	0
1442	0
1443	0
1444	0
1445	0
1446	-1
1447	0
1448	-2
1449	0
1450	-1
1451	0
1452	-1
1453	0
1454	0
1455	-1
1456	-2
1457	0
1458	-1
1459	0
1460	-2
1461	0
1462	-2
1463	0
1464	-1
1465	0
1466	-1
1467	0
1468	-1
1469	0
1470	0
1471	0
1472	0
1473	0
1474	-1
1475	0
1476	0
1477	0
1478	0
1479	0
1480	-1
1481	0
1482	0
1483	0
1484	0
1485	0
1486	0
1487	0
1488	0
1489	0
1490	-2
1491	0
1492	0
1493	0
1494	-1
1495	0
1496	0
1497	0
1498	0
1499	0
1500	0
1501	0
1502	0
1503	0
1504	-1
1505	0
1506	-2
1507	0
1508	0
1509	0
1510	-1
1511	0
1512	-1
1513	0
1514	-1
1515	0
1516	-1
1517	0
1518	-1
1519	0
1520	-1
1521	0
1522	-1
1523	0
1524	-1
1525	0
1526	-1
1527	0
1528	-2
1529	0
1530	-1
1531	0
1532	-2
1533	0
1534	-1
1535	0
1536	-1
1537	0
1538	-1
1539	0
1540	-1
1541	0
1542	-1
1543	0
1544	-1
1545	0
1546	-2
1547	0
1548	0
1549	0
1550	-1
1551	0
1552	-1
1553	0
1554	-1
1555	0
1556	-1
1557	0
1558	-1
1559	0
1560	-1
1561	0
1562	-1
1563	0
1564	-1
1565	0
1566	-1
1567	0
1568	-1
1569	0
1570	0
1571	0
1572	-1
1573	0
1574	0
1575	0
1576	-1
1577	0
1578	-2
1579	0
1580	0
1581	0
1582	-1
1583	0
1584	0
1585	0
1586	0
1587	0
1588	0
1589	0
1590	0
1591	0
1592	0
1593	0
1594	0
1595	0
1596	0
1597	0
1598	0
1599	0
1600	0
1601	0
1602	0
1603	0
1604	0
1605	1
1606	-1
1607	0
1608	-1
1609	0
1610	0
1611	0
1612	0
1613	0
1614	-1
1615	0
1616	0
1617	-1
1618	-1
1619	0
1620	-1
1621	0
1622	-1
1623	0
1624	-1
1625	0
1626	-1
1627	0
1628	-1
1629	0
1630	-1
1631	0
1632	-1
1633	0
1634	-1
1635	0
1636	-1
1637	0
1638	-1
1639	0
1640	-2
1641	-1
1642	0
1643	0
1644	0
1645	0
1646	0
1647	0
1648	-1
1649	0
1650	0
1651	0
1652	-1
1653	0
1654	0
1655	0
1656	0
1657	0
1658	0
1659	0
1660	-1
1661	0
1662	0
1663	0
1664	0
1665	0
1666	0
1667	0
1668	0
1669	0
1670	-1
1671	0
1672	-1
1673	0
1674	-1
1675	0
1676	-1
1677	0
1678	0
1679	0
1680	0
1681	0
1682	-1
1683	0
1684	-1
1685	0
1686	0
1687	0
1688	0
1689	0
1690	0
1691	0
1692	0
1693	0
1694	0
1695	0
1696	-1
1697	0
1698	-1
1699	0
1700	-1
1701	0
1702	-1
1703	0
1704	0
1705	0
1706	0
1707	0
1708	0
1709	0
1710	0
1711	0
1712	-1
1713	0
1714	-1
1715	0
1716	-1
1717	0
1718	-1
1719	0
1720	-1
1721	0
1722	-1
1723	0
1724	0
1725	0
1726	-1
1727	0
1728	-1
1729	0
1730	-2
1731	0
1732	-1
1733	0
1734	-2
1735	0
1736	-1
1737	0
1738	-2
1739	0
1740	-2
1741	0
1742	-1
1743	0
1744	-1
1745	0
1746	-1
1747	0
1748	0
1749	0
1750	-1
1751	0
1752	-1
1753	0
1754	-1
1755	0
1756	-1
1757	-1
1758	-1
1759	0
1760	-1
1761	0
1762	-2
1763	0
1764	-1
1765	0
1766	-1
1767	0
1768	-1
1769	0
1770	-1
1771	0
1772	-1
1773	0
1774	-2
1775	0
1776	-2
1777	0
1778	-1
1779	0
1780	-2
1781	0
1782	-2
1783	0
1784	-2
1785	0
1786	-2
1787	0
1788	0
1789	0
1790	-1
1791	0
1792	0
1793	0
1794	-2
1795	0
1796	-1
1797	0
1798	0
1799	0
1800	0
1801	0
1802	-1
1803	0
1804	0
1805	0
1806	0
1807	0
1808	0
1809	0
1810	0
1811	0
1812	0
1813	0
1814	-1
1815	0
1816	-1
1817	0
1818	-1
1819	0
1820	-1
1821	0
1822	0
1823	0
1824	-1
1825	0
1826	-2
1827	0
1828	-1
1829	0
1830	-1
1831	0
1832	-2
1833	0
1834	0
1835	0
1836	-1
1837	0
1838	-1
1839	0
1840	0
1841	0
1842	0
1843	0
1844	0
1845	0
1846	-1
1847	0
1848	0
1849	0
1850	0
1851	0
1852	0
1853	0
1854	0
1855	0
1856	0
1857	0
1858	0
1859	0
1860	0
1861	0
1862	0
1863	0
1864	-1
1865	0
1866	0
1867	0
1868	-1
1869	0
1870	0
1871	0
1872	0
1873	0
1874	-1
1875	0
1876	-1
1877	0
1878	-1
1879	0
1880	-1
1881	0
1882	0
1883	0
1884	-1
1885	0
1886	-1
1887	0
1888	-1
1889	0
1890	-1
1891	0
1892	-1
1893	0
1894	0
1895	0
1896	0
1897	0
1898	-1
1899	0
1900	-1
1901	0
1902	-2
1903	0
1904	-1
1905	0
1906	0
1907	0
1908	0
1909	0
1910	-1
1911	0
1912	0
1913	0
1914	0
1915	0
1916	0
1917	0
1918	0
1919	1
1920	0
1921	0
1922	-1
1923	0
1924	-1
1925	0
1926	0
1927	0
1928	0
1929	0
1930	0
1931	0
1932	-1
1933	0
1934	-2
1935	0
1936	-1
1937	0
1938	0
1939	0
1940	0
1941	0
1942	-1
1943	0
1944	0
1945	0
1946	-1
1947	0
1948	-1
1949	0
1950	0
1951	0
1952	0
1953	0
1954	0
1955	0
1956	0
1957	0
1958	0
1959	0
1960	0
1961	0
1962	0
1963	0
1964	0
1965	0
1966	-1
1967	0
1968	0
1969	0
1970	0
1971	0
1972	-1
1973	0
1974	-1
1975	0
1976	-2
1977	0
1978	-1
1979	0
1980	-1
1981	0
1982	-1
1983	0
1984	-1
1985	0
1986	-1
1987	0
1988	0
1989	0
1990	0
1991	0
1992	0
1993	0
1994	-1
1995	0
1996	-1
1997	0
1998	0
1999	0
