0	0
1	0
2	0
3	1
4	0
5	0
6	0
7	0
8	0
9	0
10	-1
11	0
12	0
13	0
14	0
15	0
16	0
17	0
18	0
19	0
20	-1
21	0
22	-1
23	0
24	0
25	0
26	0
27	0
28	0
29	0
30	0
31	0
32	-1
33	1
34	0
35	1
36	0
37	0
38	0
39	1
40	0
41	0
42	1
43	1
44	0
45	1
46	0
47	0
48	1
49	1
50	0
51	1
52	0
53	0
54	0
55	1
56	0
57	1
58	0
59	1
60	0
61	1
62	0
63	0
64	0
65	0
66	0
67	0
68	0
69	0
70	0
71	0
72	0
73	0
74	0
75	0
76	0
77	0
78	0
79	1
80	0
81	0
82	0
83	0
84	0
85	0
86	0
87	0
88	0
89	0
90	0
91	1
92	0
93	1
94	0
95	1
96	0
97	0
98	0
99	1
100	0
101	0
102	0
103	1
104	0
105	0
106	0
107	2
108	0
109	0
110	0
111	0
112	0
113	0
114	0
115	0
116	0
117	0
118	-1
119	1
120	0
121	0
122	0
123	0
124	0
125	1
126	0
127	0
128	-1
129	0
130	0
131	0
132	0
133	1
134	0
135	0
136	0
137	0
138	-1
139	0
140	0
141	0
142	0
143	0
144	0
145	0
146	0
147	0
148	0
149	0
150	0
151	0
152	0
153	0
154	0
155	0
156	0
157	0
158	0
159	1
160	0
161	0
162	0
163	1
164	0
165	0
166	0
167	1
168	0
169	1
170	0
171	1
172	0
173	0
174	0
175	1
176	0
177	1
178	0
179	1
180	0
181	0
182	0
183	0
184	0
185	0
186	0
187	0
188	-1
189	0
190	0
191	0
192	0
193	0
194	0
195	0
196	0
197	1
198	-1
199	0
200	0
201	0
202	0
203	1
204	0
205	0
206	0
207	0
208	0
209	0
210	0
211	1
212	0
213	0
214	0
215	0
216	0
217	2
218	0
219	0
220	0
221	1
222	0
223	0
224	0
225	1
226	0
227	0
228	0
229	1
230	0
231	0
232	0
233	0
234	0
235	1
236	0
237	0
238	0
239	0
240	0
241	1
242	0
243	0
244	0
245	1
246	0
247	0
248	0
249	0
250	0
251	0
252	0
253	0
254	0
255	1
256	0
257	0
258	0
259	1
260	0
261	0
262	0
263	0
264	0
265	0
266	0
267	0
268	0
269	0
270	0
271	1
272	0
273	0
274	0
275	1
276	0
277	1
278	0
279	1
280	0
281	0
282	0
283	1
284	0
285	1
286	0
287	1
288	0
289	1
290	0
291	0
292	0
293	0
294	0
295	1
296	0
297	0
298	0
299	1
300	0
301	1
302	0
303	0
304	0
305	0
306	0
307	0
308	0
309	1
310	0
311	0
312	0
313	1
314	0
315	0
316	0
317	1
318	0
319	1
320	0
321	0
322	0
323	1
324	0
325	0
326	0
327	0
328	0
329	0
330	0
331	0
332	0
333	0
334	0
335	0
336	0
337	0
338	0
339	1
340	-1
341	1
342	0
343	0
344	0
345	1
346	0
347	1
348	0
349	0
350	0
351	0
352	0
353	1
354	0
355	0
356	0
357	0
358	0
359	0
360	0
361	1
362	0
363	0
364	0
365	1
366	0
367	1
368	0
369	0
370	0
371	1
372	0
373	0
374	0
375	1
376	0
377	1
378	1
379	2
380	0
381	1
382	0
383	2
384	0
385	2
386	0
387	2
388	0
389	1
390	0
391	2
392	1
393	2
394	1
395	2
396	0
397	2
398	0
399	1
400	0
401	1
402	0
403	0
404	0
405	0
406	0
407	0
408	0
409	0
410	-1
411	0
412	0
413	0
414	0
415	0
416	0
417	0
418	0
419	0
420	0
421	0
422	0
423	0
424	0
425	0
426	-1
427	0
428	0
429	0
430	0
431	1
432	0
433	1
434	1
435	4
436	3
437	8
438	6
439	13
440	12
441	17
442	18
443	23
444	24
445	31
446	30
447	37
448	38
449	44
450	45
451	50
452	53
453	59
454	60
455	66
456	66
457	71
458	72
459	78
460	78
461	84
462	84
463	88
464	88
465	92
466	90
467	96
468	95
469	98
470	97
471	100
472	99
473	101
474	98
475	101
476	99
477	99
478	97
479	100
480	95
481	98
482	93
483	95
484	92
485	94
486	89
487	90
488	85
489	87
490	84
491	83
492	82
493	82
494	76
495	76
496	75
497	76
498	75
499	78
500	62
501	69
502	65
503	66
504	63
505	63
506	59
507	58
508	54
509	56
510	52
511	54
512	50
513	50
514	45
515	47
516	42
517	43
518	40
519	41
520	39
521	38
522	34
523	37
524	29
525	34
526	27
527	30
528	27
529	27
530	26
531	26
532	22
533	23
534	19
535	22
536	17
537	19
538	15
539	19
540	12
541	15
542	11
543	13
544	10
545	10
546	8
547	9
548	5
549	7
550	5
551	7
552	3
553	6
554	2
555	4
556	1
557	3
558	1
559	2
560	0
561	2
562	-1
563	0
564	-1
565	0
566	-3
567	0
568	-2
569	0
570	-3
571	0
572	-3
573	0
574	-3
575	0
576	-3
577	0
578	-4
579	0
580	-5
581	-2
582	-5
583	-2
584	-5
585	0
586	-6
587	-3
588	-6
589	-2
590	-7
591	-3
592	-7
593	-4
594	-8
595	-4
596	-7
597	-6
598	-7
599	-5
600	-7
601	-5
602	-8
603	-5
604	-7
605	-4
606	-8
607	-5
608	-8
609	-4
610	-7
611	-6
612	-6
613	-5
614	-7
615	-6
616	-7
617	-4
618	-8
619	-3
620	-6
621	-2
622	-7
623	-3
624	-6
625	-3
626	-6
627	-4
628	-6
629	-4
630	-7
631	-3
632	-4
633	-4
634	-4
635	-4
636	-5
637	-1
638	-5
639	-3
640	-6
641	-4
642	-5
643	-2
644	-6
645	-2
646	-5
647	-3
648	-5
649	-2
650	-6
651	-4
652	-6
653	-2
654	-5
655	-3
656	-4
657	-1
658	-4
659	-2
660	-5
661	0
662	-6
663	-1
664	-3
665	0
666	-3
667	-1
668	-3
669	-1
670	-2
671	-1
672	-3
673	-1
674	-3
675	-1
676	-3
677	-2
678	-4
679	-2
680	-3
681	-2
682	-3
683	-1
684	-3
685	-1
686	-4
687	-3
688	-4
689	-2
690	-4
691	-1
692	-4
693	-4
694	-4
695	-3
696	-4
697	-1
698	-3
699	0
700	-4
701	-1
702	-4
703	-2
704	-4
705	-2
706	-4
707	-2
708	-6
709	-2
710	-5
711	-1
712	-4
713	-1
714	-4
715	-2
716	-3
717	-1
718	-4
719	0
720	-3
721	0
722	-2
723	-1
724	-3
725	0
726	-2
727	0
728	-3
729	-1
730	-3
731	0
732	-4
733	-1
734	-4
735	-2
736	-4
737	-2
738	-5
739	-2
740	-4
741	-3
742	-6
743	-2
744	-5
745	-2
746	-5
747	-2
748	-3
749	-3
750	-5
751	-1
752	-5
753	-2
754	-4
755	-2
756	-5
757	-1
758	-4
759	-1
760	-4
761	-1
762	-4
763	-2
764	-4
765	-2
766	-4
767	-2
768	-5
769	-2
770	-4
771	0
772	-4
773	-1
774	-5
775	-1
776	-5
777	0
778	-6
779	-1
780	-5
781	-2
782	-5
783	-2
784	-4
785	-2
786	-4
787	-2
788	-4
789	-2
790	-4
791	-1
792	-5
793	-1
794	-4
795	-1
796	-4
797	-1
798	-2
799	0
800	-3
801	-2
802	-2
803	0
804	-4
805	-1
806	-4
807	-1
808	-4
809	-1
810	-4
811	-1
812	-3
813	-2
814	-3
815	-1
816	-3
817	0
818	-2
819	-2
820	-3
821	0
822	-2
823	0
824	-3
825	-2
826	-3
827	-2
828	-2
829	-2
830	-4
831	-2
832	-4
833	-2
834	-5
835	-3
836	-4
837	-2
838	-4
839	-2
840	-5
841	-2
842	-4
843	-2
844	-5
845	-2
846	-3
847	-3
848	-4
849	-3
850	-4
851	-2
852	-4
853	-3
854	-4
855	-2
856	-4
857	-2
858	-4
859	-2
860	-4
861	-2
862	-4
863	-3
864	-5
865	-3
866	-4
867	-2
868	-4
869	-2
870	-5
871	-1
872	-4
873	-2
874	-4
875	-2
876	-5
877	-2
878	-5
879	-2
880	-4
881	-2
882	-4
883	-2
884	-3
885	-3
886	-2
887	-3
888	-4
889	-2
890	-4
891	-3
892	-6
893	-2
894	-5
895	-2
896	-4
897	-1
898	-4
899	-2
900	-5
901	-2
902	-5
903	-2
904	-4
905	-2
906	-4
907	-2
908	-3
909	-1
910	-4
911	-1
912	-4
913	-1
914	-4
915	-1
916	-4
917	-2
918	-3
919	-1
920	-3
921	0
922	-3
923	-1
924	-3
925	-1
926	-4
927	-1
928	-5
929	-1
930	-2
931	0
932	-2
933	-1
934	-3
935	-1
936	-4
937	-1
938	-3
939	-2
940	-3
941	-2
942	-4
943	-1
944	-3
945	-2
946	-4
947	-2
948	-3
949	-3
950	-4
951	-1
952	-4
953	-1
954	-4
955	-1
956	-2
957	-1
958	-3
959	-2
960	-5
961	-1
962	-4
963	-1
964	-3
965	-1
966	-3
967	-2
968	-2
969	0
970	-4
971	-1
972	-3
973	0
974	-4
975	-2
976	-2
977	-1
978	-4
979	-1
980	-3
981	-1
982	-4
983	0
984	-5
985	-1
986	-4
987	-1
988	-4
989	-2
990	-4
991	-3
992	-5
993	-4
994	-4
995	-3
996	-3
997	-1
998	-4
999	-2
1000	-3
1001	-2
1002	-3
1003	-2
1004	-3
1005	-1
1006	-3
1007	-1
1008	-6
1009	-1
1010	-5
1011	-1
1012	-3
1013	-2
1014	-3
1015	-2
1016	-4
1017	-1
1018	-3
1019	0
1020	-2
1021	0
1022	-3
1023	0
1024	-2
1025	-1
1026	-3
1027	0
1028	-3
1029	-1
1030	-4
1031	-2
1032	-4
1033	-2
1034	-4
1035	-2
1036	-5
1037	-3
1038	-5
1039	-3
1040	-3
1041	-1
1042	-5
1043	-2
1044	-4
1045	-2
1046	-4
1047	-2
1048	-4
1049	-3
1050	-3
1051	-3
1052	-4
1053	-2
1054	-6
1055	-2
1056	-5
1057	-2
1058	-4
1059	-2
1060	-4
1061	-2
1062	-3
1063	-2
1064	-3
1065	-1
1066	-2
1067	-2
1068	-4
1069	-2
1070	-2
1071	-1
1072	-2
1073	-1
1074	-2
1075	-1
1076	-2
1077	-2
1078	-1
1079	0
1080	-2
1081	-1
1082	-2
1083	-1
1084	-3
1085	-1
1086	-2
1087	-1
1088	-3
1089	0
1090	-2
1091	-1
1092	-3
1093	-2
1094	-4
1095	-1
1096	-4
1097	0
1098	-4
1099	0
1100	-4
1101	0
1102	-4
1103	-1
1104	-6
1105	-1
1106	-5
1107	-2
1108	-2
1109	-1
1110	-4
1111	-2
1112	-3
1113	-1
1114	-2
1115	-2
1116	-6
1117	-1
1118	-4
1119	-1
1120	-3
1121	-2
1122	-2
1123	-2
1124	-2
1125	-2
1126	-2
1127	-1
1128	-2
1129	0
1130	0
1131	0
1132	0
1133	0
1134	-1
1135	0
1136	-1
1137	0
1138	-1
1139	0
1140	0
1141	0
1142	0
1143	-1
1144	-1
1145	0
1146	-3
1147	0
1148	-2
1149	0
1150	-2
1151	0
1152	-2
1153	-1
1154	-2
1155	-1
1156	-3
1157	-2
1158	-3
1159	-2
1160	-4
1161	-2
1162	-4
1163	-2
1164	-3
1165	-1
1166	-3
1167	0
1168	-4
1169	-1
1170	-2
1171	-1
1172	-2
1173	-2
1174	-2
1175	-1
1176	-2
1177	-1
1178	-2
1179	0
1180	-3
1181	-1
1182	-3
1183	-1
1184	-3
1185	-1
1186	-3
1187	-1
1188	-2
1189	-1
1190	-3
1191	-2
1192	-3
1193	-2
1194	-3
1195	-2
1196	-4
1197	-1
1198	-3
1199	-1
1200	-4
1201	-1
1202	-4
1203	-1
1204	-5
1205	-1
1206	-4
1207	-1
1208	-3
1209	-1
1210	-5
1211	-2
1212	-5
1213	0
1214	-4
1215	-2
1216	-4
1217	-2
1218	-4
1219	-1
1220	-3
1221	-1
1222	-3
1223	0
1224	-2
1225	-1
1226	-2
1227	0
1228	-3
1229	0
1230	-1
1231	0
1232	-2
1233	0
1234	-1
1235	0
1236	-1
1237	0
1238	-2
1239	0
1240	-2
1241	0
1242	-1
1243	0
1244	-1
1245	0
1246	-1
1247	0
1248	-2
1249	0
1250	0
1251	0
1252	0
1253	-1
1254	-2
1255	-1
1256	-1
1257	0
1258	-1
1259	-1
1260	-2
1261	0
1262	0
1263	-1
1264	-2
1265	-1
1266	-3
1267	-1
1268	-2
1269	-1
1270	-3
1271	-1
1272	-3
1273	-1
1274	-3
1275	-1
1276	-4
1277	0
1278	-4
1279	-1
1280	-4
1281	-1
1282	-2
1283	0
1284	-2
1285	-1
1286	-2
1287	-1
1288	-3
1289	0
1290	-2
1291	-1
1292	-3
1293	-1
1294	-3
1295	-1
1296	-3
1297	-1
1298	-3
1299	-1
1300	-4
1301	-1
1302	-2
1303	-3
1304	-2
1305	-2
1306	-1
1307	-2
1308	-2
1309	-1
1310	-2
1311	-2
1312	-2
1313	-2
1314	-3
1315	-1
1316	-3
1317	0
1318	-2
1319	0
1320	-3
1321	0
1322	-1
1323	0
1324	-1
1325	0
1326	-2
1327	-1
1328	-1
1329	0
1330	-2
1331	0
1332	-2
1333	0
1334	-1
1335	0
1336	-2
1337	0
1338	-2
1339	0
1340	-1
1341	0
1342	0
1343	0
1344	-1
1345	0
1346	0
1347	0
1348	0
1349	0
1350	0
1351	-1
1352	-1
1353	0
1354	-2
1355	0
1356	-3
1357	-2
1358	-2
1359	0
1360	-2
1361	0
1362	-3
1363	-2
1364	-2
1365	0
1366	-2
1367	-1
1368	-3
1369	0
1370	-3
1371	-1
1372	-2
1373	0
1374	-1
1375	0
1376	0
1377	0
1378	-2
1379	0
1380	0
1381	0
1382	-2
1383	0
1384	-1
1385	0
1386	0
1387	0
1388	0
1389	0
1390	0
1391	1
1392	0
1393	1
1394	0
1395	1
1396	0
1397	0
1398	0
1399	1
1400	-1
1401	0
1402	0
1403	0
1404	0
1405	1
1406	-1
1407	1
1408	-1
1409	0
1410	0
1411	0
1412	0
1413	0
1414	-1
1415	0
1416	-1
1417	0
1418	0
1419	0
1420	-1
1421	0
1422	0
1423	0
1424	0
1425	1
1426	0
1427	1
1428	0
1429	0
1430	0
1431	1
1432	0
1433	0
1434	-1
1435	1
1436	0
1437	1
1438	-1
1439	1
1440	-1
1441	0
1442	0
1443	1
1444	0
1445	0
1446	0
1447	1
1448	0
1449	0
1450	-1
1451	0
1452	-1
1453	0
1454	-2
1455	0
1456	-1
1457	0
1458	0
1459	0
1460	-2
1461	0
1462	0
1463	0
1464	-1
1465	0
1466	-2
1467	0
1468	-2
1469	0
1470	-3
1471	0
1472	-2
1473	0
1474	-1
1475	-1
1476	-2
1477	0
1478	-2
1479	0
1480	-2
1481	0
1482	-2
1483	0
1484	-2
1485	0
1486	-2
1487	0
1488	-1
1489	0
1490	-2
1491	0
1492	-1
1493	0
1494	-1
1495	0
1496	0
1497	0
1498	-2
1499	0
1500	-1
1501	0
1502	0
1503	0
1504	-1
1505	0
1506	-2
1507	0
1508	-1
1509	0
1510	-1
1511	0
1512	-1
1513	0
1514	-1
1515	0
1516	-3
1517	0
1518	-1
1519	0
1520	-2
1521	0
1522	-1
1523	0
1524	-2
1525	-1
1526	-1
1527	-1
1528	-3
1529	0
1530	-3
1531	-1
1532	-3
1533	-2
1534	-2
1535	-1
1536	-1
1537	0
1538	-2
1539	0
1540	-2
1541	0
1542	-3
1543	-1
1544	-3
1545	0
1546	-3
1547	-1
1548	-2
1549	-1
1550	-1
1551	0
1552	-2
1553	0
1554	-2
1555	0
1556	-1
1557	0
1558	-1
1559	0
1560	-1
1561	0
1562	-1
1563	0
1564	-2
1565	0
1566	-1
1567	0
1568	-2
1569	0
1570	0
1571	0
1572	-1
1573	0
1574	-3
1575	0
1576	0
1577	0
1578	-1
1579	0
1580	-1
1581	-1
1582	-1
1583	0
1584	-1
1585	0
1586	0
1587	0
1588	0
1589	0
1590	0
1591	0
1592	0
1593	0
1594	-1
1595	0
1596	0
1597	0
1598	-1
1599	0
1600	0
1601	0
1602	0
1603	0
1604	0
1605	0
1606	0
1607	1
1608	0
1609	1
1610	0
1611	1
1612	0
1613	1
1614	0
1615	2
1616	0
1617	1
1618	0
1619	1
1620	1
1621	1
1622	0
1623	0
1624	0
1625	1
1626	0
1627	1
1628	0
1629	0
1630	0
1631	1
1632	0
1633	0
1634	0
1635	2
1636	0
1637	1
1638	0
1639	1
1640	1
1641	1
1642	0
1643	0
1644	0
1645	1
1646	1
1647	1
1648	0
1649	1
1650	0
1651	0
1652	0
1653	0
1654	0
1655	1
1656	0
1657	1
1658	0
1659	0
1660	0
1661	1
1662	0
1663	1
1664	0
1665	1
1666	0
1667	1
1668	0
1669	1
1670	0
1671	1
1672	0
1673	0
1674	0
1675	0
1676	0
1677	0
1678	0
1679	0
1680	0
1681	0
1682	0
1683	0
1684	0
1685	0
1686	0
1687	0
1688	0
1689	0
1690	0
1691	0
1692	0
1693	0
1694	-1
1695	0
1696	0
1697	0
1698	-1
1699	0
1700	0
1701	0
1702	-1
1703	0
1704	0
1705	0
1706	0
1707	0
1708	0
1709	0
1710	0
1711	0
1712	0
1713	1
1714	0
1715	0
1716	0
1717	0
1718	0
1719	0
1720	0
1721	1
1722	0
1723	1
1724	0
1725	1
1726	0
1727	1
1728	0
1729	1
1730	1
1731	0
1732	0
1733	1
1734	0
1735	1
1736	0
1737	0
1738	0
1739	1
1740	0
1741	0
1742	0
1743	0
1744	0
1745	0
1746	0
1747	0
1748	0
1749	0
1750	0
1751	0
1752	0
1753	0
1754	0
1755	0
1756	0
1757	1
1758	-1
1759	1
1760	0
1761	0
1762	0
1763	0
1764	0
1765	1
1766	0
1767	1
1768	0
1769	0
1770	0
1771	0
1772	0
1773	0
1774	0
1775	0
1776	0
1777	0
1778	0
1779	0
1780	-1
1781	0
1782	0
1783	0
1784	0
1785	0
1786	0
1787	0
1788	0
1789	0
1790	-1
1791	0
1792	-1
1793	0
1794	0
1795	0
1796	-1
1797	0
1798	-1
1799	0
1800	-1
1801	0
1802	-1
1803	0
1804	-1
1805	0
1806	-1
1807	0
1808	0
1809	0
1810	0
1811	0
1812	0
1813	0
1814	0
1815	0
1816	-1
1817	0
1818	-1
1819	0
1820	-1
1821	0
1822	-1
1823	0
1824	-1
1825	0
1826	-2
1827	0
1828	-2
1829	0
1830	-1
1831	0
1832	-1
1833	-1
1834	-2
1835	0
1836	0
1837	0
1838	-1
1839	0
1840	-1
1841	0
1842	-1
1843	0
1844	0
1845	0
1846	-1
1847	0
1848	-1
1849	0
1850	-1
1851	0
1852	-1
1853	0
1854	0
1855	0
1856	-2
1857	0
1858	-1
1859	0
1860	0
1861	0
1862	0
1863	0
1864	-1
1865	0
1866	-1
1867	0
1868	-1
1869	0
1870	-1
1871	0
1872	-1
1873	0
1874	-2
1875	0
1876	-1
1877	0
1878	-2
1879	0
1880	-2
1881	0
1882	-1
1883	-1
1884	-1
1885	-1
1886	-2
1887	0
1888	-3
1889	0
1890	-2
1891	-1
1892	-2
1893	-1
1894	-2
1895	0
1896	-2
1897	0
1898	-2
1899	-1
1900	-1
1901	0
1902	-2
1903	0
1904	-2
1905	0
1906	-2
1907	0
1908	-1
1909	0
1910	-1
1911	0
1912	-1
1913	0
1914	-1
1915	0
1916	0
1917	0
1918	0
1919	0
1920	-1
1921	-1
1922	-1
1923	0
1924	-1
1925	0
1926	0
1927	0
1928	-1
1929	0
1930	0
1931	0
1932	0
1933	0
1934	-1
1935	0
1936	0
1937	0
1938	0
1939	0
1940	0
1941	0
1942	0
1943	0
1944	0
1945	0
1946	0
1947	0
1948	0
1949	0
1950	0
1951	0
1952	0
1953	0
1954	0
1955	0
1956	0
1957	0
1958	-1
1959	0
1960	0
1961	0
1962	0
1963	0
1964	0
1965	0
1966	-1
1967	0
1968	-1
1969	0
1970	0
1971	0
1972	-1
1973	-1
1974	-1
1975	0
1976	0
1977	0
1978	-3
1979	0
1980	-1
1981	0
1982	-2
1983	-1
1984	-2
1985	-1
1986	-2
1987	0
1988	-3
1989	0
1990	-2
1991	0
1992	-3
1993	0
1994	-3
1995	0
1996	-3
1997	0
1998	-2
1999	0
