0	0
1	1
2	0
3	0
4	1
5	1
6	0
7	0
8	0
9	0
10	0
11	0
12	-1
13	0
14	0
15	0
16	0
17	0
18	0
19	0
20	0
21	0
22	0
23	0
24	0
25	0
26	-1
27	0
28	0
29	0
30	0
31	0
32	0
33	0
34	0
35	0
36	0
37	0
38	0
39	0
40	0
41	1
42	0
43	1
44	0
45	0
46	0
47	0
48	0
49	0
50	0
51	0
52	0
53	0
54	0
55	0
56	0
57	0
58	-1
59	0
60	-1
61	0
62	0
63	0
64	0
65	0
66	0
67	0
68	0
69	0
70	0
71	0
72	0
73	0
74	0
75	0
76	1
77	1
78	0
79	1
80	0
81	1
82	0
83	1
84	1
85	2
86	0
87	1
88	0
89	1
90	0
91	1
92	0
93	1
94	0
95	1
96	0
97	1
98	0
99	1
100	0
101	0
102	0
103	1
104	0
105	0
106	0
107	0
108	0
109	0
110	0
111	0
112	-1
113	1
114	0
115	1
116	-1
117	0
118	0
119	0
120	-1
121	0
122	0
123	0
124	0
125	0
126	0
127	0
128	0
129	0
130	0
131	0
132	0
133	1
134	0
135	0
136	0
137	0
138	0
139	1
140	0
141	1
142	0
143	0
144	0
145	0
146	0
147	0
148	0
149	0
150	-1
151	0
152	0
153	0
154	0
155	0
156	-1
157	1
158	0
159	0
160	0
161	0
162	0
163	0
164	0
165	0
166	0
167	0
168	0
169	0
170	0
171	0
172	0
173	1
174	0
175	1
176	0
177	1
178	0
179	0
180	0
181	1
182	0
183	2
184	0
185	1
186	0
187	0
188	0
189	0
190	0
191	0
192	0
193	0
194	0
195	0
196	0
197	0
198	0
199	0
200	0
201	0
202	0
203	0
204	0
205	0
206	0
207	0
208	0
209	0
210	0
211	0
212	0
213	0
214	0
215	0
216	0
217	0
218	0
219	1
220	0
221	1
222	0
223	1
224	0
225	0
226	-1
227	0
228	0
229	0
230	0
231	0
232	0
233	0
234	-1
235	0
236	-1
237	0
238	0
239	0
240	-1
241	0
242	0
243	0
244	-1
245	0
246	0
247	0
248	0
249	0
250	0
251	0
252	0
253	0
254	0
255	0
256	0
257	1
258	0
259	1
260	0
261	0
262	0
263	0
264	0
265	0
266	0
267	0
268	0
269	0
270	0
271	1
272	0
273	2
274	0
275	0
276	0
277	0
278	0
279	0
280	0
281	0
282	0
283	0
284	0
285	0
286	0
287	0
288	0
289	0
290	0
291	0
292	0
293	0
294	0
295	0
296	0
297	0
298	0
299	0
300	0
301	0
302	0
303	0
304	0
305	0
306	0
307	0
308	0
309	0
310	0
311	1
312	0
313	0
314	0
315	0
316	0
317	0
318	0
319	0
320	0
321	0
322	0
323	0
324	0
325	0
326	0
327	-1
328	0
329	0
330	0
331	0
332	-1
333	0
334	-1
335	-1
336	-1
337	0
338	-1
339	0
340	-1
341	0
342	0
343	1
344	0
345	0
346	-1
347	0
348	0
349	0
350	0
351	0
352	0
353	0
354	0
355	1
356	0
357	0
358	0
359	0
360	0
361	1
362	0
363	1
364	0
365	2
366	0
367	1
368	0
369	1
370	0
371	0
372	0
373	1
374	1
375	0
376	0
377	0
378	0
379	0
380	0
381	1
382	0
383	1
384	0
385	0
386	0
387	0
388	0
389	0
390	0
391	0
392	0
393	0
394	0
395	0
396	0
397	0
398	0
399	0
400	0
401	0
402	0
403	1
404	1
405	1
406	0
407	1
408	0
409	1
410	0
411	1
412	0
413	1
414	0
415	2
416	0
417	1
418	1
419	3
420	3
421	5
422	3
423	6
424	9
425	12
426	11
427	18
428	18
429	23
430	26
431	32
432	34
433	40
434	42
435	50
436	51
437	57
438	61
439	66
440	71
441	76
442	80
443	86
444	90
445	95
446	98
447	105
448	106
449	113
450	114
451	120
452	122
453	126
454	130
455	133
456	135
457	138
458	139
459	143
460	143
461	146
462	145
463	149
464	147
465	149
466	148
467	150
468	148
469	148
470	145
471	146
472	143
473	143
474	140
475	140
476	136
477	136
478	131
479	130
480	127
481	126
482	119
483	119
484	116
485	114
486	108
487	109
488	104
489	101
490	98
491	96
492	92
493	89
494	87
495	83
496	78
497	79
498	78
499	78
500	62
501	66
502	61
503	62
504	60
505	57
506	53
507	52
508	48
509	48
510	44
511	44
512	39
513	39
514	35
515	34
516	32
517	31
518	29
519	29
520	26
521	25
522	22
523	22
524	19
525	18
526	16
527	16
528	15
529	14
530	11
531	12
532	11
533	10
534	8
535	7
536	5
537	4
538	4
539	3
540	3
541	3
542	2
543	1
544	1
545	0
546	0
547	0
548	-1
549	-1
550	-2
551	-2
552	-5
553	-4
554	-5
555	-3
556	-6
557	-5
558	-8
559	-6
560	-9
561	-7
562	-8
563	-9
564	-10
565	-9
566	-10
567	-9
568	-9
569	-10
570	-11
571	-11
572	-11
573	-11
574	-11
575	-10
576	-10
577	-9
578	-11
579	-9
580	-11
581	-10
582	-11
583	-10
584	-11
585	-10
586	-11
587	-11
588	-11
589	-11
590	-12
591	-10
592	-13
593	-10
594	-13
595	-11
596	-11
597	-11
598	-12
599	-11
600	-12
601	-12
602	-12
603	-10
604	-12
605	-11
606	-12
607	-11
608	-12
609	-8
610	-12
611	-10
612	-11
613	-11
614	-11
615	-10
616	-11
617	-10
618	-12
619	-9
620	-11
621	-8
622	-12
623	-9
624	-11
625	-9
626	-11
627	-10
628	-11
629	-10
630	-13
631	-8
632	-12
633	-9
634	-11
635	-10
636	-10
637	-9
638	-10
639	-11
640	-11
641	-9
642	-11
643	-9
644	-11
645	-9
646	-8
647	-9
648	-10
649	-9
650	-9
651	-6
652	-8
653	-8
654	-9
655	-8
656	-9
657	-8
658	-9
659	-8
660	-9
661	-7
662	-11
663	-8
664	-7
665	-8
666	-9
667	-9
668	-10
669	-6
670	-10
671	-9
672	-10
673	-8
674	-9
675	-8
676	-11
677	-7
678	-11
679	-9
680	-11
681	-9
682	-10
683	-10
684	-11
685	-9
686	-11
687	-8
688	-8
689	-8
690	-9
691	-8
692	-9
693	-10
694	-11
695	-10
696	-9
697	-8
698	-9
699	-8
700	-10
701	-10
702	-10
703	-10
704	-10
705	-8
706	-11
707	-9
708	-11
709	-10
710	-10
711	-9
712	-12
713	-9
714	-11
715	-10
716	-11
717	-10
718	-10
719	-10
720	-11
721	-10
722	-11
723	-10
724	-12
725	-10
726	-11
727	-10
728	-11
729	-9
730	-11
731	-11
732	-12
733	-11
734	-11
735	-10
736	-11
737	-10
738	-11
739	-10
740	-11
741	-10
742	-11
743	-9
744	-10
745	-8
746	-10
747	-7
748	-10
749	-8
750	-11
751	-7
752	-9
753	-8
754	-10
755	-9
756	-10
757	-9
758	-8
759	-9
760	-11
761	-8
762	-10
763	-8
764	-10
765	-9
766	-11
767	-10
768	-11
769	-10
770	-10
771	-10
772	-11
773	-8
774	-11
775	-9
776	-11
777	-8
778	-12
779	-8
780	-11
781	-9
782	-12
783	-9
784	-11
785	-11
786	-13
787	-11
788	-13
789	-10
790	-13
791	-11
792	-13
793	-11
794	-13
795	-11
796	-13
797	-10
798	-13
799	-8
800	-11
801	-9
802	-12
803	-11
804	-12
805	-9
806	-11
807	-9
808	-11
809	-10
810	-11
811	-11
812	-11
813	-12
814	-11
815	-11
816	-12
817	-11
818	-12
819	-10
820	-11
821	-11
822	-11
823	-10
824	-11
825	-10
826	-11
827	-10
828	-11
829	-11
830	-11
831	-10
832	-11
833	-11
834	-12
835	-10
836	-11
837	-9
838	-11
839	-9
840	-11
841	-9
842	-11
843	-10
844	-10
845	-10
846	-10
847	-10
848	-11
849	-10
850	-10
851	-8
852	-9
853	-8
854	-10
855	-9
856	-11
857	-8
858	-11
859	-9
860	-11
861	-9
862	-11
863	-10
864	-11
865	-8
866	-11
867	-10
868	-10
869	-8
870	-10
871	-8
872	-10
873	-7
874	-10
875	-7
876	-10
877	-7
878	-10
879	-7
880	-9
881	-8
882	-10
883	-8
884	-9
885	-9
886	-8
887	-9
888	-9
889	-7
890	-9
891	-7
892	-8
893	-8
894	-9
895	-9
896	-9
897	-8
898	-9
899	-8
900	-10
901	-7
902	-9
903	-9
904	-11
905	-9
906	-11
907	-9
908	-11
909	-9
910	-11
911	-9
912	-11
913	-9
914	-9
915	-8
916	-10
917	-9
918	-12
919	-9
920	-10
921	-7
922	-9
923	-9
924	-9
925	-8
926	-9
927	-9
928	-8
929	-8
930	-10
931	-7
932	-9
933	-6
934	-9
935	-6
936	-9
937	-8
938	-8
939	-7
940	-8
941	-5
942	-9
943	-6
944	-8
945	-6
946	-9
947	-5
948	-9
949	-5
950	-7
951	-6
952	-8
953	-6
954	-8
955	-6
956	-8
957	-8
958	-9
959	-5
960	-8
961	-6
962	-8
963	-6
964	-8
965	-6
966	-8
967	-6
968	-7
969	-5
970	-7
971	-5
972	-7
973	-7
974	-8
975	-6
976	-9
977	-5
978	-8
979	-5
980	-8
981	-5
982	-7
983	-5
984	-8
985	-5
986	-7
987	-6
988	-8
989	-5
990	-8
991	-6
992	-8
993	-5
994	-7
995	-6
996	-8
997	-6
998	-7
999	-7
1000	-8
1001	-6
1002	-9
1003	-7
1004	-10
1005	-7
1006	-10
1007	-9
1008	-8
1009	-7
1010	-9
1011	-6
1012	-9
1013	-8
1014	-8
1015	-8
1016	-9
1017	-6
1018	-9
1019	-6
1020	-8
1021	-7
1022	-9
1023	-6
1024	-9
1025	-6
1026	-9
1027	-6
1028	-7
1029	-7
1030	-7
1031	-6
1032	-7
1033	-5
1034	-7
1035	-5
1036	-6
1037	-6
1038	-9
1039	-6
1040	-9
1041	-7
1042	-7
1043	-8
1044	-9
1045	-7
1046	-10
1047	-7
1048	-7
1049	-4
1050	-7
1051	-5
1052	-8
1053	-6
1054	-7
1055	-6
1056	-6
1057	-6
1058	-8
1059	-6
1060	-7
1061	-5
1062	-8
1063	-4
1064	-8
1065	-5
1066	-8
1067	-4
1068	-8
1069	-4
1070	-6
1071	-2
1072	-5
1073	-4
1074	-7
1075	-4
1076	-6
1077	-5
1078	-6
1079	-3
1080	-5
1081	-2
1082	-5
1083	-3
1084	-3
1085	-4
1086	-5
1087	-4
1088	-5
1089	-3
1090	-6
1091	-3
1092	-6
1093	-3
1094	-4
1095	-3
1096	-7
1097	-3
1098	-7
1099	-3
1100	-6
1101	-4
1102	-4
1103	-5
1104	-5
1105	-4
1106	-7
1107	-5
1108	-5
1109	-3
1110	-5
1111	-4
1112	-6
1113	-4
1114	-8
1115	-4
1116	-6
1117	-6
1118	-6
1119	-4
1120	-7
1121	-6
1122	-5
1123	-5
1124	-6
1125	-5
1126	-7
1127	-5
1128	-6
1129	-4
1130	-5
1131	-4
1132	-4
1133	-4
1134	-4
1135	-5
1136	-4
1137	-4
1138	-5
1139	-4
1140	-5
1141	-4
1142	-5
1143	-6
1144	-4
1145	-4
1146	-4
1147	-5
1148	-4
1149	-5
1150	-4
1151	-5
1152	-4
1153	-3
1154	-3
1155	-3
1156	-5
1157	-4
1158	-6
1159	-4
1160	-4
1161	-4
1162	-6
1163	-2
1164	-6
1165	-2
1166	-6
1167	-3
1168	-3
1169	-4
1170	-4
1171	-2
1172	-2
1173	-3
1174	-4
1175	-3
1176	-4
1177	-4
1178	-5
1179	-3
1180	-5
1181	-3
1182	-5
1183	-4
1184	-4
1185	-3
1186	-4
1187	-2
1188	-4
1189	-3
1190	-4
1191	-3
1192	-4
1193	-1
1194	-3
1195	-1
1196	-4
1197	0
1198	-4
1199	-1
1200	-2
1201	0
1202	-2
1203	0
1204	-2
1205	1
1206	-1
1207	0
1208	-2
1209	0
1210	-1
1211	1
1212	0
1213	1
1214	1
1215	1
1216	0
1217	2
1218	0
1219	2
1220	0
1221	1
1222	0
1223	2
1224	0
1225	2
1226	0
1227	3
1228	0
1229	0
1230	0
1231	0
1232	0
1233	0
1234	0
1235	0
1236	-2
1237	0
1238	-2
1239	0
1240	-1
1241	0
1242	-2
1243	0
1244	-1
1245	0
1246	-2
1247	0
1248	-1
1249	0
1250	-1
1251	0
1252	-3
1253	0
1254	-2
1255	0
1256	-2
1257	0
1258	-1
1259	-1
1260	-3
1261	0
1262	-2
1263	-1
1264	-1
1265	0
1266	-1
1267	0
1268	-2
1269	-1
1270	-1
1271	0
1272	-3
1273	-1
1274	-3
1275	0
1276	-2
1277	-2
1278	-3
1279	-1
1280	-4
1281	-1
1282	-4
1283	-2
1284	-2
1285	-2
1286	-2
1287	-1
1288	-2
1289	-2
1290	-4
1291	-3
1292	-4
1293	-4
1294	-2
1295	-2
1296	-5
1297	-2
1298	-5
1299	-2
1300	-4
1301	-3
1302	-4
1303	-2
1304	-4
1305	-2
1306	-4
1307	-3
1308	-3
1309	-3
1310	-4
1311	-3
1312	-4
1313	-1
1314	-3
1315	-2
1316	-4
1317	-1
1318	-2
1319	-1
1320	-2
1321	-1
1322	-1
1323	-1
1324	-2
1325	-1
1326	-3
1327	-1
1328	-2
1329	-2
1330	-3
1331	-1
1332	-4
1333	-1
1334	-4
1335	-2
1336	-4
1337	-3
1338	-3
1339	-2
1340	-4
1341	-2
1342	-4
1343	-3
1344	-5
1345	-3
1346	-5
1347	-2
1348	-4
1349	-3
1350	-3
1351	-3
1352	-3
1353	-3
1354	-4
1355	-3
1356	-4
1357	-3
1358	-4
1359	-3
1360	-4
1361	-2
1362	-3
1363	-4
1364	-4
1365	-4
1366	-4
1367	-2
1368	-4
1369	-3
1370	-3
1371	-4
1372	-4
1373	-4
1374	-3
1375	-4
1376	-3
1377	-3
1378	-4
1379	-3
1380	-4
1381	-2
1382	-4
1383	-3
1384	-4
1385	-2
1386	-4
1387	-2
1388	-3
1389	-2
1390	-4
1391	-2
1392	-2
1393	-3
1394	-2
1395	-3
1396	-2
1397	-4
1398	-3
1399	-2
1400	-3
1401	-3
1402	-2
1403	-2
1404	-1
1405	-2
1406	-3
1407	-2
1408	-3
1409	-3
1410	-2
1411	-2
1412	-2
1413	-2
1414	-2
1415	-2
1416	-2
1417	-3
1418	-2
1419	-3
1420	-2
1421	-1
1422	-2
1423	-1
1424	-4
1425	-1
1426	-2
1427	-1
1428	-2
1429	-1
1430	-1
1431	-1
1432	-2
1433	-1
1434	-2
1435	-2
1436	-3
1437	0
1438	-2
1439	0
1440	-2
1441	0
1442	-1
1443	-1
1444	-2
1445	-1
1446	-2
1447	0
1448	-1
1449	0
1450	-3
1451	0
1452	-1
1453	-1
1454	-3
1455	-1
1456	-3
1457	-2
1458	-3
1459	-2
1460	-4
1461	-2
1462	-4
1463	-3
1464	-3
1465	-1
1466	-4
1467	-2
1468	-3
1469	-3
1470	-4
1471	-3
1472	-3
1473	-3
1474	-2
1475	-3
1476	-3
1477	-2
1478	-3
1479	-2
1480	-2
1481	-2
1482	-2
1483	-2
1484	-4
1485	-2
1486	-2
1487	-1
1488	-4
1489	-2
1490	-3
1491	-2
1492	-3
1493	-2
1494	-4
1495	-2
1496	-2
1497	-1
1498	-3
1499	-2
1500	-3
1501	-1
1502	-4
1503	-2
1504	-2
1505	-1
1506	-3
1507	-1
1508	-4
1509	-1
1510	-2
1511	-2
1512	-3
1513	-3
1514	-2
1515	0
1516	-2
1517	-1
1518	-1
1519	-1
1520	-1
1521	0
1522	-2
1523	-1
1524	-2
1525	-1
1526	-2
1527	-2
1528	-2
1529	-3
1530	-2
1531	-1
1532	-2
1533	-2
1534	-2
1535	-1
1536	-2
1537	-2
1538	-2
1539	-2
1540	-2
1541	-2
1542	-3
1543	-2
1544	-2
1545	-2
1546	-4
1547	-2
1548	-2
1549	-3
1550	-3
1551	-2
1552	-2
1553	-2
1554	-2
1555	-3
1556	-1
1557	-3
1558	-2
1559	-2
1560	-1
1561	-1
1562	-2
1563	-1
1564	-2
1565	-1
1566	0
1567	-1
1568	-1
1569	0
1570	0
1571	-1
1572	-1
1573	0
1574	0
1575	-1
1576	0
1577	0
1578	-1
1579	-1
1580	0
1581	0
1582	0
1583	-1
1584	0
1585	-1
1586	-1
1587	0
1588	-2
1589	0
1590	-1
1591	-1
1592	0
1593	0
1594	0
1595	0
1596	0
1597	-1
1598	-1
1599	-1
1600	-2
1601	-2
1602	-2
1603	-1
1604	-1
1605	-1
1606	-2
1607	-1
1608	-2
1609	-1
1610	-1
1611	-1
1612	-1
1613	-1
1614	-2
1615	-1
1616	-3
1617	-1
1618	-1
1619	-2
1620	-2
1621	-2
1622	-2
1623	-1
1624	-2
1625	0
1626	-3
1627	-1
1628	-2
1629	-1
1630	-1
1631	-1
1632	-2
1633	-1
1634	-1
1635	0
1636	-2
1637	-1
1638	-1
1639	-1
1640	-1
1641	0
1642	-1
1643	0
1644	-2
1645	0
1646	0
1647	0
1648	0
1649	0
1650	0
1651	0
1652	0
1653	0
1654	0
1655	0
1656	0
1657	0
1658	0
1659	0
1660	0
1661	0
1662	0
1663	1
1664	0
1665	1
1666	0
1667	1
1668	0
1669	0
1670	0
1671	0
1672	0
1673	0
1674	1
1675	0
1676	0
1677	0
1678	0
1679	0
1680	1
1681	1
1682	0
1683	1
1684	2
1685	1
1686	1
1687	2
1688	1
1689	2
1690	1
1691	1
1692	0
1693	1
1694	1
1695	1
1696	1
1697	0
1698	1
1699	1
1700	1
1701	0
1702	0
1703	0
1704	0
1705	0
1706	0
1707	1
1708	0
1709	0
1710	-1
1711	0
1712	0
1713	0
1714	0
1715	0
1716	-1
1717	0
1718	0
1719	0
1720	-1
1721	0
1722	-1
1723	0
1724	0
1725	0
1726	-1
1727	0
1728	0
1729	0
1730	0
1731	0
1732	0
1733	0
1734	0
1735	0
1736	0
1737	0
1738	-1
1739	0
1740	-2
1741	0
1742	-1
1743	0
1744	0
1745	0
1746	0
1747	0
1748	0
1749	-1
1750	-1
1751	-1
1752	-1
1753	0
1754	-1
1755	0
1756	-1
1757	-1
1758	-2
1759	0
1760	-1
1761	-1
1762	-1
1763	-1
1764	-2
1765	-1
1766	-2
1767	-1
1768	-3
1769	0
1770	-1
1771	0
1772	-2
1773	0
1774	-1
1775	-1
1776	0
1777	-1
1778	0
1779	0
1780	0
1781	-1
1782	-1
1783	-1
1784	0
1785	0
1786	0
1787	-1
1788	-1
1789	-2
1790	-1
1791	-1
1792	-1
1793	0
1794	-2
1795	-1
1796	-2
1797	-1
1798	-1
1799	0
1800	-1
1801	-1
1802	-1
1803	-1
1804	-1
1805	-2
1806	-1
1807	-1
1808	-2
1809	-1
1810	-2
1811	-2
1812	-2
1813	0
1814	-2
1815	-1
1816	-2
1817	-1
1818	-1
1819	0
1820	-1
1821	-1
1822	0
1823	-1
1824	-1
1825	-1
1826	0
1827	-2
1828	0
1829	-1
1830	-1
1831	-1
1832	-1
1833	-1
1834	0
1835	0
1836	0
1837	0
1838	-2
1839	-1
1840	-1
1841	-2
1842	-2
1843	-1
1844	-1
1845	-1
1846	-2
1847	-1
1848	-2
1849	-1
1850	-3
1851	-1
1852	-2
1853	-1
1854	-2
1855	-1
1856	-3
1857	-1
1858	-2
1859	-2
1860	-2
1861	-1
1862	-1
1863	-1
1864	-1
1865	-2
1866	-1
1867	0
1868	-1
1869	0
1870	0
1871	-1
1872	-2
1873	0
1874	-1
1875	-1
1876	-2
1877	0
1878	-3
1879	0
1880	-1
1881	0
1882	0
1883	0
1884	-1
1885	0
1886	0
1887	0
1888	0
1889	0
1890	0
1891	0
1892	0
1893	-1
1894	0
1895	-1
1896	0
1897	0
1898	0
1899	0
1900	0
1901	0
1902	0
1903	0
1904	0
1905	0
1906	0
1907	0
1908	0
1909	0
1910	-1
1911	0
1912	0
1913	0
1914	-1
1915	-1
1916	-2
1917	-2
1918	-1
1919	0
1920	-1
1921	0
1922	-1
1923	0
1924	-2
1925	0
1926	-1
1927	0
1928	-1
1929	0
1930	0
1931	0
1932	0
1933	0
1934	-1
1935	0
1936	-1
1937	0
1938	-1
1939	0
1940	-1
1941	0
1942	0
1943	0
1944	0
1945	-1
1946	-1
1947	-1
1948	0
1949	-1
1950	-2
1951	-1
1952	-1
1953	0
1954	-2
1955	-2
1956	-2
1957	-1
1958	-1
1959	0
1960	-3
1961	0
1962	-2
1963	-1
1964	-3
1965	0
1966	-3
1967	-1
1968	-2
1969	-1
1970	-1
1971	-1
1972	-1
1973	-1
1974	-1
1975	-2
1976	-1
1977	0
1978	-1
1979	0
1980	-1
1981	0
1982	0
1983	0
1984	0
1985	0
1986	0
1987	0
1988	-1
1989	-1
1990	-1
1991	0
1992	-1
1993	0
1994	-1
1995	-1
1996	0
1997	-1
1998	0
1999	-1
