0	0
1	1
2	0
3	0
4	0
5	1
6	0
7	1
8	0
9	0
10	0
11	1
12	0
13	0
14	0
15	1
16	0
17	1
18	0
19	0
20	0
21	1
22	0
23	0
24	0
25	0
26	0
27	1
28	0
29	1
30	0
31	1
32	0
33	1
34	0
35	0
36	1
37	0
38	0
39	0
40	0
41	0
42	0
43	0
44	0
45	0
46	0
47	0
48	0
49	0
50	0
51	0
52	0
53	0
54	0
55	0
56	0
57	0
58	0
59	0
60	0
61	0
62	0
63	0
64	0
65	0
66	0
67	0
68	0
69	0
70	0
71	0
72	0
73	0
74	0
75	0
76	0
77	1
78	0
79	0
80	0
81	0
82	0
83	0
84	0
85	0
86	-1
87	0
88	0
89	0
90	0
91	0
92	0
93	1
94	0
95	1
96	0
97	0
98	1
99	0
100	0
101	0
102	0
103	1
104	0
105	1
106	0
107	1
108	0
109	0
110	0
111	1
112	0
113	1
114	0
115	1
116	0
117	2
118	1
119	2
120	0
121	1
122	0
123	2
124	0
125	1
126	1
127	1
128	1
129	2
130	0
131	1
132	0
133	2
134	0
135	2
136	0
137	1
138	0
139	0
140	0
141	0
142	0
143	1
144	0
145	1
146	0
147	0
148	0
149	1
150	0
151	0
152	0
153	0
154	0
155	0
156	0
157	0
158	-1
159	0
160	0
161	1
162	0
163	1
164	0
165	0
166	0
167	1
168	0
169	0
170	1
171	1
172	0
173	1
174	0
175	0
176	0
177	0
178	0
179	0
180	0
181	0
182	0
183	0
184	0
185	0
186	0
187	1
188	-1
189	0
190	0
191	0
192	0
193	0
194	0
195	0
196	0
197	0
198	0
199	0
200	0
201	0
202	0
203	0
204	0
205	0
206	0
207	0
208	0
209	0
210	0
211	0
212	0
213	0
214	0
215	0
216	0
217	0
218	0
219	0
220	0
221	0
222	0
223	0
224	1
225	1
226	1
227	1
228	1
229	0
230	0
231	0
232	0
233	0
234	0
235	0
236	0
237	0
238	0
239	0
240	0
241	0
242	0
243	0
244	0
245	0
246	1
247	1
248	0
249	0
250	1
251	1
252	0
253	2
254	0
255	1
256	0
257	2
258	0
259	2
260	0
261	1
262	0
263	2
264	0
265	0
266	0
267	0
268	0
269	1
270	0
271	1
272	0
273	0
274	0
275	0
276	-1
277	0
278	0
279	0
280	0
281	0
282	0
283	0
284	-1
285	0
286	-1
287	0
288	0
289	0
290	0
291	0
292	0
293	0
294	0
295	0
296	0
297	0
298	0
299	0
300	0
301	0
302	0
303	0
304	0
305	0
306	1
307	1
308	0
309	1
310	1
311	0
312	0
313	1
314	0
315	0
316	0
317	1
318	0
319	1
320	0
321	1
322	0
323	1
324	1
325	1
326	0
327	1
328	0
329	2
330	0
331	0
332	0
333	0
334	0
335	0
336	0
337	0
338	0
339	0
340	0
341	0
342	0
343	1
344	-1
345	1
346	0
347	0
348	0
349	1
350	0
351	0
352	0
353	0
354	0
355	0
356	0
357	1
358	0
359	0
360	0
361	0
362	0
363	0
364	0
365	0
366	0
367	0
368	-1
369	0
370	0
371	0
372	-1
373	0
374	0
375	0
376	0
377	0
378	0
379	0
380	0
381	1
382	0
383	0
384	0
385	0
386	0
387	0
388	0
389	1
390	0
391	1
392	0
393	1
394	0
395	1
396	0
397	1
398	0
399	2
400	0
401	2
402	0
403	2
404	0
405	1
406	0
407	2
408	0
409	1
410	0
411	1
412	0
413	1
414	0
415	0
416	0
417	1
418	0
419	0
420	0
421	1
422	0
423	1
424	1
425	2
426	1
427	5
428	5
429	9
430	9
431	14
432	13
433	17
434	20
435	26
436	27
437	32
438	34
439	38
440	42
441	47
442	50
443	55
444	59
445	63
446	67
447	71
448	76
449	80
450	82
451	88
452	91
453	93
454	97
455	102
456	102
457	105
458	107
459	113
460	113
461	117
462	117
463	119
464	120
465	122
466	122
467	122
468	123
469	124
470	122
471	124
472	121
473	122
474	121
475	120
476	117
477	118
478	114
479	115
480	111
481	113
482	110
483	110
484	104
485	104
486	100
487	100
488	97
489	96
490	91
491	89
492	88
493	86
494	83
495	81
496	77
497	78
498	77
499	78
500	62
501	67
502	63
503	63
504	61
505	59
506	56
507	55
508	52
509	51
510	47
511	47
512	45
513	43
514	40
515	39
516	37
517	37
518	33
519	34
520	31
521	30
522	27
523	28
524	26
525	26
526	25
527	25
528	22
529	22
530	18
531	18
532	14
533	15
534	12
535	13
536	11
537	11
538	9
539	9
540	7
541	9
542	3
543	6
544	2
545	2
546	0
547	1
548	-2
549	0
550	-4
551	-3
552	-6
553	-5
554	-6
555	-4
556	-6
557	-6
558	-8
559	-8
560	-9
561	-7
562	-10
563	-10
564	-10
565	-9
566	-10
567	-9
568	-11
569	-9
570	-10
571	-10
572	-11
573	-10
574	-12
575	-10
576	-11
577	-9
578	-11
579	-11
580	-11
581	-11
582	-12
583	-11
584	-13
585	-12
586	-13
587	-12
588	-13
589	-12
590	-12
591	-11
592	-12
593	-11
594	-13
595	-12
596	-13
597	-12
598	-13
599	-11
600	-14
601	-11
602	-13
603	-13
604	-13
605	-12
606	-12
607	-12
608	-12
609	-12
610	-11
611	-11
612	-13
613	-9
614	-11
615	-9
616	-11
617	-9
618	-10
619	-9
620	-11
621	-9
622	-10
623	-10
624	-10
625	-8
626	-10
627	-9
628	-10
629	-8
630	-10
631	-7
632	-11
633	-7
634	-11
635	-7
636	-9
637	-8
638	-10
639	-5
640	-9
641	-5
642	-9
643	-5
644	-10
645	-5
646	-8
647	-4
648	-8
649	-6
650	-8
651	-5
652	-6
653	-6
654	-7
655	-6
656	-6
657	-5
658	-9
659	-5
660	-9
661	-5
662	-8
663	-6
664	-7
665	-4
666	-4
667	-3
668	-4
669	-5
670	-5
671	-4
672	-6
673	-3
674	-4
675	-3
676	-4
677	-3
678	-5
679	-3
680	-4
681	-4
682	-6
683	-4
684	-6
685	-4
686	-5
687	-4
688	-5
689	-4
690	-7
691	-5
692	-6
693	-7
694	-8
695	-5
696	-8
697	-4
698	-7
699	-4
700	-6
701	-4
702	-8
703	-4
704	-7
705	-2
706	-7
707	-3
708	-7
709	-3
710	-7
711	-3
712	-7
713	-3
714	-5
715	-4
716	-5
717	-2
718	-6
719	-3
720	-6
721	-3
722	-5
723	-4
724	-4
725	-4
726	-4
727	-4
728	-6
729	-3
730	-4
731	-4
732	-4
733	-2
734	-5
735	-3
736	-4
737	-3
738	-4
739	-3
740	-3
741	-3
742	-6
743	-3
744	-5
745	-4
746	-4
747	-3
748	-5
749	-3
750	-4
751	-4
752	-4
753	-4
754	-4
755	-4
756	-4
757	-5
758	-5
759	-5
760	-6
761	-3
762	-7
763	-3
764	-5
765	-4
766	-6
767	-3
768	-5
769	-4
770	-5
771	-3
772	-7
773	-4
774	-6
775	-3
776	-5
777	-4
778	-5
779	-4
780	-6
781	-4
782	-6
783	-3
784	-5
785	-3
786	-5
787	-4
788	-7
789	-5
790	-5
791	-4
792	-6
793	-6
794	-6
795	-5
796	-7
797	-4
798	-7
799	-4
800	-7
801	-4
802	-8
803	-4
804	-7
805	-5
806	-7
807	-5
808	-6
809	-4
810	-4
811	-3
812	-5
813	-4
814	-5
815	-3
816	-4
817	-3
818	-5
819	-3
820	-4
821	-2
822	-4
823	-2
824	-3
825	-3
826	-3
827	-3
828	-4
829	-2
830	-4
831	-2
832	-3
833	-1
834	-4
835	-2
836	-5
837	-2
838	-6
839	-4
840	-4
841	-3
842	-4
843	-3
844	-5
845	-4
846	-5
847	-4
848	-5
849	-3
850	-5
851	-6
852	-5
853	-4
854	-4
855	-2
856	-5
857	-3
858	-4
859	-3
860	-5
861	-4
862	-4
863	-4
864	-5
865	-3
866	-5
867	-3
868	-4
869	-4
870	-5
871	-3
872	-4
873	-4
874	-6
875	-4
876	-5
877	-4
878	-6
879	-4
880	-6
881	-5
882	-6
883	-5
884	-6
885	-4
886	-5
887	-4
888	-5
889	-5
890	-6
891	-5
892	-4
893	-5
894	-6
895	-5
896	-6
897	-3
898	-5
899	-3
900	-5
901	-4
902	-4
903	-4
904	-5
905	-4
906	-4
907	-2
908	-4
909	-2
910	-3
911	-3
912	-3
913	-3
914	-5
915	-3
916	-4
917	-2
918	-4
919	-2
920	-4
921	-2
922	-3
923	-2
924	-5
925	-3
926	-4
927	-3
928	-4
929	-4
930	-4
931	-4
932	-5
933	-3
934	-6
935	-3
936	-5
937	-3
938	-5
939	-4
940	-5
941	-4
942	-4
943	-4
944	-4
945	-4
946	-4
947	-4
948	-4
949	-3
950	-5
951	-3
952	-4
953	-3
954	-2
955	-3
956	-4
957	-2
958	-3
959	-1
960	-4
961	-2
962	-3
963	-2
964	-3
965	-3
966	-4
967	-2
968	-3
969	-1
970	-4
971	-2
972	-4
973	-2
974	-3
975	-2
976	-4
977	-3
978	-4
979	-1
980	-3
981	-2
982	-6
983	-3
984	-4
985	-3
986	-5
987	-2
988	-5
989	-4
990	-6
991	-3
992	-4
993	-2
994	-4
995	-3
996	-4
997	-4
998	-4
999	-4
1000	-6
1001	-4
1002	-4
1003	-4
1004	-3
1005	-3
1006	-4
1007	-4
1008	-6
1009	-2
1010	-5
1011	-3
1012	-3
1013	-4
1014	-4
1015	-3
1016	-5
1017	-5
1018	-4
1019	-4
1020	-4
1021	-4
1022	-4
1023	-3
1024	-3
1025	-3
1026	-3
1027	-3
1028	-3
1029	-2
1030	-3
1031	-4
1032	-3
1033	-3
1034	-3
1035	-3
1036	-4
1037	-2
1038	-3
1039	-3
1040	-2
1041	-2
1042	-2
1043	-2
1044	-4
1045	-2
1046	-3
1047	-1
1048	-3
1049	-2
1050	-3
1051	-1
1052	-4
1053	-1
1054	-3
1055	0
1056	-3
1057	-2
1058	-3
1059	-1
1060	-4
1061	-2
1062	-3
1063	-2
1064	-4
1065	-1
1066	-4
1067	-2
1068	-3
1069	-2
1070	-4
1071	-3
1072	-5
1073	-3
1074	-5
1075	-3
1076	-5
1077	-4
1078	-4
1079	-4
1080	-5
1081	-4
1082	-4
1083	-2
1084	-4
1085	-4
1086	-5
1087	-2
1088	-5
1089	-2
1090	-5
1091	-3
1092	-4
1093	-3
1094	-5
1095	-3
1096	-4
1097	-3
1098	-4
1099	-3
1100	-3
1101	-3
1102	-4
1103	-3
1104	-4
1105	-3
1106	-4
1107	-2
1108	-3
1109	-3
1110	-4
1111	-3
1112	-4
1113	-3
1114	-3
1115	-2
1116	-4
1117	-2
1118	-3
1119	-2
1120	-3
1121	-2
1122	-2
1123	-3
1124	-2
1125	-2
1126	-3
1127	-3
1128	-2
1129	-1
1130	-4
1131	-2
1132	-3
1133	-2
1134	-4
1135	-2
1136	-4
1137	-3
1138	-3
1139	-3
1140	-3
1141	-2
1142	-3
1143	-1
1144	-4
1145	-2
1146	-4
1147	-2
1148	-3
1149	-3
1150	-3
1151	-2
1152	-3
1153	-2
1154	-2
1155	-2
1156	-2
1157	-1
1158	-2
1159	-2
1160	-2
1161	0
1162	-3
1163	-2
1164	-3
1165	-1
1166	-1
1167	-1
1168	-1
1169	-2
1170	-1
1171	-1
1172	-2
1173	0
1174	-2
1175	0
1176	-2
1177	-2
1178	-4
1179	-2
1180	-3
1181	-2
1182	-3
1183	-2
1184	-2
1185	-2
1186	-4
1187	-2
1188	-4
1189	-3
1190	-3
1191	-2
1192	-4
1193	-2
1194	-5
1195	-2
1196	-4
1197	-3
1198	-4
1199	-3
1200	-4
1201	-2
1202	-2
1203	-2
1204	-4
1205	-3
1206	-2
1207	-2
1208	-4
1209	-2
1210	-3
1211	-2
1212	-4
1213	-2
1214	-2
1215	-2
1216	-3
1217	-2
1218	-2
1219	-1
1220	-4
1221	-2
1222	-4
1223	-1
1224	-3
1225	-1
1226	-3
1227	-1
1228	-2
1229	-2
1230	-3
1231	-1
1232	-3
1233	-1
1234	-2
1235	-2
1236	-2
1237	-2
1238	-2
1239	-2
1240	-3
1241	-2
1242	-2
1243	-2
1244	-3
1245	-1
1246	-2
1247	-1
1248	-1
1249	-2
1250	-1
1251	-1
1252	-1
1253	-2
1254	-1
1255	-1
1256	-1
1257	0
1258	-2
1259	0
1260	-1
1261	0
1262	-1
1263	0
1264	-1
1265	-1
1266	0
1267	0
1268	-1
1269	-1
1270	-1
1271	0
1272	-3
1273	-1
1274	-3
1275	-1
1276	-1
1277	0
1278	-2
1279	-2
1280	-3
1281	-1
1282	-3
1283	-3
1284	-3
1285	-2
1286	-3
1287	-2
1288	-2
1289	-1
1290	-2
1291	-2
1292	-2
1293	-1
1294	-3
1295	-1
1296	-3
1297	-1
1298	-4
1299	-2
1300	-4
1301	-1
1302	-3
1303	-1
1304	-2
1305	-1
1306	-1
1307	0
1308	-2
1309	-1
1310	-2
1311	0
1312	-1
1313	0
1314	-1
1315	0
1316	-2
1317	0
1318	-1
1319	0
1320	-1
1321	0
1322	0
1323	0
1324	-2
1325	0
1326	-1
1327	-1
1328	-2
1329	-1
1330	-1
1331	0
1332	-1
1333	-1
1334	-2
1335	-1
1336	-3
1337	-2
1338	-3
1339	-3
1340	-4
1341	-2
1342	-2
1343	-2
1344	-3
1345	-1
1346	-3
1347	-1
1348	-3
1349	-2
1350	-3
1351	-3
1352	-3
1353	-2
1354	-2
1355	-1
1356	-3
1357	-1
1358	-2
1359	-2
1360	-2
1361	0
1362	-1
1363	0
1364	-2
1365	0
1366	-2
1367	0
1368	-1
1369	-1
1370	-2
1371	0
1372	-1
1373	0
1374	0
1375	0
1376	-2
1377	0
1378	0
1379	0
1380	-1
1381	0
1382	-1
1383	0
1384	-1
1385	-1
1386	0
1387	0
1388	0
1389	-1
1390	0
1391	-1
1392	-1
1393	-1
1394	0
1395	0
1396	0
1397	0
1398	-1
1399	0
1400	0
1401	0
1402	-2
1403	0
1404	-1
1405	0
1406	-1
1407	0
1408	0
1409	0
1410	-1
1411	0
1412	-2
1413	0
1414	-2
1415	-1
1416	-1
1417	0
1418	-1
1419	0
1420	-2
1421	0
1422	-1
1423	-2
1424	-2
1425	-2
1426	-1
1427	-1
1428	-2
1429	-1
1430	-1
1431	-2
1432	-2
1433	-2
1434	-2
1435	-1
1436	-2
1437	-1
1438	-3
1439	-2
1440	-2
1441	-1
1442	-1
1443	-1
1444	-1
1445	-1
1446	-1
1447	0
1448	0
1449	0
1450	-2
1451	0
1452	-1
1453	0
1454	-1
1455	0
1456	0
1457	0
1458	-2
1459	0
1460	0
1461	-1
1462	-1
1463	0
1464	-1
1465	-1
1466	-1
1467	-1
1468	-2
1469	-1
1470	-2
1471	-1
1472	-1
1473	-2
1474	-2
1475	-1
1476	-2
1477	-1
1478	-1
1479	-1
1480	-2
1481	-1
1482	-3
1483	-1
1484	-2
1485	-1
1486	-2
1487	0
1488	-1
1489	0
1490	-1
1491	0
1492	-1
1493	0
1494	0
1495	0
1496	0
1497	0
1498	0
1499	0
1500	0
1501	0
1502	0
1503	1
1504	0
1505	0
1506	0
1507	0
1508	0
1509	0
1510	-1
1511	0
1512	-1
1513	0
1514	0
1515	0
1516	-1
1517	0
1518	0
1519	0
1520	-1
1521	0
1522	0
1523	0
1524	0
1525	0
1526	-1
1527	0
1528	-1
1529	-1
1530	0
1531	0
1532	0
1533	-1
1534	-1
1535	0
1536	-1
1537	0
1538	-2
1539	0
1540	-1
1541	-1
1542	-1
1543	-1
1544	-1
1545	-2
1546	-2
1547	-2
1548	-1
1549	-1
1550	-2
1551	-1
1552	-2
1553	-1
1554	-2
1555	0
1556	-2
1557	0
1558	-1
1559	0
1560	-2
1561	-1
1562	0
1563	-1
1564	-3
1565	0
1566	-2
1567	-2
1568	-1
1569	0
1570	-1
1571	-1
1572	-1
1573	-1
1574	-2
1575	0
1576	-1
1577	0
1578	-1
1579	-1
1580	-2
1581	0
1582	-1
1583	0
1584	-1
1585	-1
1586	-2
1587	0
1588	-2
1589	0
1590	0
1591	0
1592	-1
1593	-1
1594	-1
1595	-1
1596	-1
1597	0
1598	-1
1599	0
1600	-1
1601	0
1602	-1
1603	0
1604	-1
1605	0
1606	-1
1607	0
1608	0
1609	0
1610	0
1611	0
1612	-1
1613	0
1614	0
1615	0
1616	0
1617	0
1618	0
1619	0
1620	0
1621	0
1622	0
1623	0
1624	0
1625	0
1626	-1
1627	-2
1628	0
1629	0
1630	0
1631	-1
1632	-1
1633	0
1634	-3
1635	0
1636	-3
1637	0
1638	-1
1639	0
1640	-1
1641	0
1642	-1
1643	0
1644	0
1645	-1
1646	-1
1647	0
1648	-2
1649	-1
1650	-1
1651	-1
1652	0
1653	0
1654	-1
1655	0
1656	-2
1657	0
1658	0
1659	0
1660	-1
1661	0
1662	0
1663	0
1664	-1
1665	0
1666	-2
1667	0
1668	-1
1669	0
1670	-1
1671	0
1672	-1
1673	0
1674	-1
1675	-1
1676	-1
1677	0
1678	-1
1679	-1
1680	0
1681	0
1682	-1
1683	-1
1684	-1
1685	-1
1686	-1
1687	0
1688	-1
1689	-1
1690	-1
1691	0
1692	0
1693	0
1694	0
1695	-1
1696	0
1697	0
1698	0
1699	0
1700	0
1701	0
1702	-1
1703	0
1704	0
1705	1
1706	0
1707	0
1708	0
1709	0
1710	0
1711	1
1712	0
1713	0
1714	0
1715	0
1716	-1
1717	0
1718	0
1719	0
1720	0
1721	0
1722	0
1723	0
1724	-1
1725	0
1726	-2
1727	0
1728	-1
1729	0
1730	-1
1731	0
1732	-1
1733	0
1734	-1
1735	0
1736	0
1737	0
1738	0
1739	0
1740	0
1741	0
1742	0
1743	0
1744	0
1745	0
1746	0
1747	0
1748	0
1749	1
1750	0
1751	0
1752	0
1753	0
1754	0
1755	0
1756	0
1757	0
1758	0
1759	0
1760	0
1761	0
1762	0
1763	0
1764	0
1765	0
1766	0
1767	0
1768	0
1769	0
1770	0
1771	0
1772	-1
1773	0
1774	-1
1775	0
1776	0
1777	0
1778	-1
1779	0
1780	0
1781	0
1782	0
1783	0
1784	-1
1785	-1
1786	-1
1787	0
1788	-1
1789	-1
1790	-1
1791	0
1792	0
1793	0
1794	-1
1795	0
1796	0
1797	0
1798	-1
1799	0
1800	-1
1801	0
1802	-1
1803	0
1804	-1
1805	0
1806	0
1807	0
1808	-2
1809	0
1810	-1
1811	0
1812	0
1813	0
1814	-1
1815	0
1816	0
1817	0
1818	0
1819	0
1820	0
1821	0
1822	0
1823	0
1824	0
1825	1
1826	0
1827	0
1828	0
1829	1
1830	0
1831	0
1832	0
1833	0
1834	0
1835	0
1836	0
1837	0
1838	0
1839	0
1840	0
1841	0
1842	0
1843	1
1844	0
1845	0
1846	0
1847	1
1848	0
1849	0
1850	0
1851	0
1852	0
1853	0
1854	0
1855	0
1856	-1
1857	0
1858	-1
1859	0
1860	-2
1861	-1
1862	-2
1863	0
1864	-1
1865	0
1866	-2
1867	-1
1868	-1
1869	0
1870	-1
1871	-1
1872	-2
1873	0
1874	-1
1875	-3
1876	-1
1877	-1
1878	-1
1879	0
1880	-1
1881	0
1882	-2
1883	0
1884	-1
1885	0
1886	-1
1887	0
1888	-1
1889	0
1890	0
1891	0
1892	0
1893	0
1894	0
1895	0
1896	0
1897	0
1898	0
1899	0
1900	0
1901	0
1902	0
1903	0
1904	0
1905	0
1906	0
1907	0
1908	-1
1909	0
1910	-1
1911	0
1912	-1
1913	0
1914	-1
1915	0
1916	0
1917	0
1918	0
1919	0
1920	0
1921	0
1922	0
1923	0
1924	0
1925	0
1926	-1
1927	0
1928	0
1929	0
1930	-1
1931	0
1932	0
1933	0
1934	0
1935	0
1936	-1
1937	0
1938	0
1939	0
1940	0
1941	0
1942	0
1943	0
1944	0
1945	0
1946	0
1947	0
1948	0
1949	0
1950	0
1951	0
1952	0
1953	0
1954	0
1955	1
1956	0
1957	0
1958	0
1959	0
1960	0
1961	0
1962	0
1963	1
1964	0
1965	0
1966	0
1967	0
1968	-1
1969	0
1970	-1
1971	-1
1972	-2
1973	0
1974	0
1975	-1
1976	-1
1977	-1
1978	-1
1979	0
1980	-2
1981	-1
1982	-1
1983	-1
1984	-2
1985	-1
1986	-2
1987	-1
1988	0
1989	0
1990	-2
1991	0
1992	0
1993	0
1994	-1
1995	0
1996	-1
1997	0
1998	0
1999	0
