0	0
1	1
2	0
3	1
4	0
5	1
6	1
7	0
8	0
9	0
10	0
11	1
12	0
13	1
14	0
15	1
16	0
17	1
18	0
19	2
20	1
21	2
22	0
23	1
24	0
25	1
26	0
27	2
28	0
29	1
30	0
31	1
32	0
33	1
34	0
35	0
36	0
37	0
38	0
39	0
40	0
41	0
42	0
43	0
44	0
45	0
46	0
47	1
48	0
49	0
50	0
51	1
52	0
53	0
54	0
55	0
56	0
57	1
58	0
59	1
60	0
61	2
62	0
63	1
64	0
65	1
66	0
67	0
68	0
69	1
70	0
71	1
72	0
73	1
74	0
75	1
76	0
77	0
78	0
79	0
80	0
81	0
82	0
83	0
84	0
85	0
86	0
87	0
88	0
89	0
90	0
91	0
92	0
93	0
94	0
95	0
96	0
97	0
98	-1
99	0
100	0
101	1
102	0
103	0
104	0
105	0
106	0
107	0
108	0
109	0
110	0
111	0
112	0
113	1
114	0
115	0
116	0
117	1
118	0
119	1
120	0
121	1
122	0
123	1
124	0
125	0
126	0
127	0
128	0
129	0
130	0
131	0
132	0
133	0
134	0
135	0
136	0
137	0
138	0
139	0
140	0
141	0
142	0
143	0
144	0
145	0
146	0
147	1
148	0
149	0
150	0
151	0
152	0
153	0
154	0
155	0
156	0
157	1
158	0
159	0
160	0
161	0
162	0
163	0
164	0
165	1
166	0
167	1
168	0
169	1
170	0
171	1
172	0
173	1
174	0
175	0
176	0
177	1
178	0
179	0
180	0
181	0
182	0
183	0
184	0
185	0
186	0
187	0
188	0
189	0
190	0
191	0
192	0
193	0
194	0
195	0
196	0
197	0
198	0
199	0
200	0
201	0
202	0
203	1
204	0
205	0
206	0
207	0
208	0
209	0
210	0
211	0
212	0
213	0
214	0
215	0
216	0
217	1
218	0
219	1
220	0
221	1
222	0
223	1
224	0
225	0
226	0
227	0
228	0
229	0
230	0
231	0
232	0
233	0
234	0
235	0
236	0
237	0
238	0
239	0
240	0
241	0
242	-1
243	0
244	0
245	0
246	0
247	1
248	0
249	1
250	0
251	0
252	0
253	0
254	0
255	0
256	0
257	0
258	0
259	0
260	0
261	0
262	0
263	0
264	0
265	0
266	0
267	0
268	0
269	0
270	0
271	0
272	0
273	1
274	0
275	1
276	0
277	1
278	0
279	0
280	0
281	0
282	0
283	0
284	0
285	0
286	0
287	1
288	0
289	0
290	0
291	1
292	0
293	0
294	0
295	0
296	0
297	0
298	0
299	0
300	0
301	1
302	0
303	0
304	0
305	0
306	0
307	0
308	0
309	0
310	0
311	1
312	0
313	0
314	0
315	1
316	0
317	0
318	0
319	0
320	0
321	1
322	0
323	0
324	0
325	0
326	0
327	0
328	0
329	0
330	0
331	0
332	0
333	0
334	0
335	0
336	0
337	1
338	0
339	0
340	0
341	1
342	0
343	0
344	0
345	0
346	0
347	0
348	0
349	1
350	0
351	0
352	0
353	0
354	0
355	0
356	0
357	0
358	0
359	0
360	0
361	0
362	0
363	0
364	0
365	0
366	0
367	0
368	0
369	0
370	0
371	0
372	0
373	0
374	0
375	0
376	0
377	0
378	0
379	1
380	0
381	0
382	0
383	0
384	0
385	0
386	0
387	0
388	0
389	1
390	0
391	0
392	0
393	0
394	0
395	1
396	0
397	1
398	0
399	1
400	0
401	0
402	0
403	0
404	0
405	1
406	0
407	0
408	0
409	0
410	0
411	1
412	0
413	1
414	0
415	0
416	0
417	1
418	0
419	0
420	0
421	0
422	0
423	0
424	0
425	0
426	0
427	0
428	0
429	0
430	0
431	0
432	0
433	0
434	0
435	0
436	0
437	1
438	0
439	1
440	0
441	1
442	0
443	1
444	2
445	3
446	3
447	5
448	3
449	6
450	6
451	9
452	8
453	12
454	11
455	13
456	13
457	17
458	17
459	19
460	19
461	22
462	23
463	25
464	25
465	29
466	27
467	30
468	30
469	33
470	33
471	37
472	36
473	39
474	39
475	43
476	41
477	46
478	44
479	49
480	49
481	52
482	52
483	55
484	53
485	59
486	57
487	60
488	59
489	62
490	62
491	66
492	64
493	68
494	66
495	70
496	69
497	70
498	71
499	78
500	62
501	74
502	70
503	71
504	70
505	70
506	70
507	70
508	68
509	69
510	66
511	67
512	65
513	68
514	62
515	65
516	61
517	63
518	59
519	62
520	57
521	60
522	57
523	57
524	54
525	55
526	50
527	51
528	48
529	50
530	46
531	48
532	43
533	45
534	42
535	42
536	41
537	40
538	36
539	39
540	34
541	37
542	31
543	35
544	30
545	32
546	27
547	30
548	26
549	28
550	25
551	25
552	21
553	25
554	20
555	22
556	18
557	21
558	16
559	19
560	14
561	17
562	12
563	16
564	11
565	14
566	10
567	12
568	8
569	12
570	7
571	8
572	7
573	8
574	7
575	7
576	6
577	7
578	5
579	6
580	4
581	6
582	4
583	5
584	2
585	3
586	1
587	4
588	3
589	4
590	1
591	4
592	0
593	2
594	0
595	2
596	0
597	1
598	1
599	1
600	0
601	0
602	1
603	0
604	1
605	1
606	1
607	1
608	0
609	1
610	0
611	0
612	0
613	1
614	1
615	1
616	1
617	0
618	0
619	1
620	0
621	1
622	0
623	2
624	0
625	2
626	0
627	2
628	0
629	1
630	0
631	2
632	-1
633	1
634	0
635	1
636	1
637	0
638	0
639	0
640	0
641	0
642	0
643	0
644	0
645	0
646	0
647	1
648	0
649	1
650	0
651	1
652	0
653	0
654	0
655	1
656	0
657	1
658	0
659	0
660	0
661	0
662	0
663	0
664	0
665	1
666	0
667	1
668	0
669	1
670	1
671	1
672	1
673	1
674	1
675	2
676	0
677	1
678	0
679	2
680	1
681	2
682	1
683	2
684	1
685	1
686	1
687	1
688	1
689	1
690	0
691	2
692	2
693	2
694	0
695	1
696	2
697	1
698	0
699	0
700	0
701	0
702	0
703	1
704	0
705	0
706	0
707	1
708	0
709	1
710	0
711	0
712	0
713	0
714	0
715	0
716	0
717	0
718	0
719	0
720	0
721	0
722	0
723	0
724	0
725	0
726	-1
727	0
728	0
729	1
730	0
731	0
732	0
733	0
734	0
735	0
736	0
737	0
738	0
739	0
740	0
741	0
742	0
743	0
744	0
745	0
746	0
747	0
748	0
749	0
750	0
751	0
752	0
753	0
754	0
755	1
756	0
757	0
758	-1
759	0
760	0
761	0
762	0
763	1
764	0
765	0
766	0
767	0
768	0
769	0
770	0
771	1
772	0
773	2
774	0
775	1
776	0
777	1
778	0
779	1
780	-1
781	0
782	0
783	2
784	0
785	1
786	0
787	0
788	0
789	0
790	-1
791	0
792	0
793	0
794	0
795	0
796	-1
797	0
798	0
799	0
800	-1
801	0
802	0
803	0
804	-1
805	0
806	0
807	0
808	0
809	0
810	0
811	0
812	0
813	0
814	0
815	0
816	-1
817	0
818	0
819	0
820	-1
821	0
822	-2
823	0
824	-2
825	0
826	-1
827	0
828	-1
829	0
830	0
831	0
832	0
833	0
834	-1
835	0
836	-1
837	0
838	-1
839	0
840	-1
841	0
842	-3
843	0
844	-2
845	0
846	-2
847	0
848	-2
849	0
850	-4
851	0
852	-2
853	0
854	-2
855	0
856	-3
857	0
858	-3
859	0
860	-2
861	0
862	-1
863	0
864	-3
865	0
866	-2
867	0
868	-2
869	-1
870	-3
871	0
872	-3
873	0
874	-3
875	0
876	-1
877	-2
878	-2
879	0
880	-1
881	0
882	-2
883	0
884	-1
885	0
886	-1
887	0
888	0
889	0
890	0
891	-1
892	-1
893	-1
894	-1
895	0
896	-1
897	0
898	-2
899	0
900	-1
901	0
902	-1
903	0
904	-2
905	-1
906	-1
907	0
908	-2
909	0
910	-1
911	0
912	0
913	0
914	-1
915	0
916	-2
917	0
918	-2
919	0
920	-3
921	0
922	-4
923	0
924	-1
925	0
926	-3
927	0
928	0
929	0
930	-2
931	0
932	-3
933	0
934	-1
935	0
936	0
937	-1
938	-2
939	0
940	-2
941	0
942	-1
943	0
944	-3
945	-1
946	-1
947	-2
948	-2
949	-1
950	-1
951	0
952	-2
953	-1
954	-2
955	0
956	-3
957	-1
958	-2
959	0
960	-2
961	0
962	-1
963	0
964	-1
965	0
966	0
967	0
968	-1
969	0
970	0
971	0
972	-1
973	0
974	-1
975	0
976	-2
977	0
978	-1
979	1
980	0
981	1
982	-1
983	0
984	0
985	1
986	0
987	1
988	-1
989	1
990	0
991	1
992	-1
993	1
994	-1
995	1
996	-1
997	1
998	-1
999	0
1000	-1
1001	0
1002	0
1003	0
1004	0
1005	0
1006	-1
1007	0
1008	0
1009	0
1010	0
1011	0
1012	0
1013	0
1014	-1
1015	0
1016	-2
1017	0
1018	-2
1019	0
1020	-1
1021	0
1022	-1
1023	0
1024	0
1025	0
1026	-2
1027	0
1028	-2
1029	0
1030	-2
1031	0
1032	-2
1033	0
1034	-1
1035	0
1036	-2
1037	0
1038	-3
1039	0
1040	-3
1041	0
1042	-2
1043	0
1044	-3
1045	0
1046	-2
1047	0
1048	-1
1049	0
1050	-2
1051	0
1052	-2
1053	0
1054	0
1055	0
1056	-2
1057	0
1058	0
1059	0
1060	-1
1061	-1
1062	0
1063	0
1064	-3
1065	0
1066	-2
1067	0
1068	-1
1069	0
1070	-3
1071	0
1072	-3
1073	-1
1074	-1
1075	0
1076	-3
1077	0
1078	-2
1079	0
1080	-2
1081	0
1082	-2
1083	-2
1084	-2
1085	-1
1086	-1
1087	0
1088	-2
1089	0
1090	-2
1091	0
1092	-2
1093	0
1094	-2
1095	0
1096	-2
1097	0
1098	-2
1099	0
1100	-2
1101	0
1102	-2
1103	0
1104	-1
1105	0
1106	-2
1107	0
1108	-4
1109	0
1110	-3
1111	0
1112	-1
1113	0
1114	-1
1115	0
1116	-3
1117	0
1118	-1
1119	0
1120	-2
1121	0
1122	0
1123	0
1124	0
1125	0
1126	0
1127	0
1128	0
1129	0
1130	0
1131	1
1132	0
1133	0
1134	0
1135	1
1136	0
1137	1
1138	0
1139	1
1140	0
1141	0
1142	0
1143	0
1144	-1
1145	0
1146	0
1147	0
1148	0
1149	0
1150	0
1151	0
1152	-1
1153	0
1154	0
1155	0
1156	0
1157	0
1158	-1
1159	0
1160	0
1161	0
1162	0
1163	0
1164	0
1165	0
1166	0
1167	0
1168	-1
1169	0
1170	-1
1171	0
1172	-1
1173	0
1174	0
1175	0
1176	-1
1177	0
1178	-1
1179	0
1180	-1
1181	0
1182	-1
1183	0
1184	-1
1185	0
1186	-1
1187	0
1188	-1
1189	0
1190	-1
1191	0
1192	-2
1193	0
1194	0
1195	0
1196	-3
1197	0
1198	-1
1199	0
1200	-3
1201	0
1202	-2
1203	0
1204	-1
1205	0
1206	0
1207	0
1208	-1
1209	0
1210	-3
1211	0
1212	-1
1213	0
1214	-1
1215	0
1216	-1
1217	0
1218	0
1219	0
1220	-2
1221	0
1222	-2
1223	0
1224	-1
1225	0
1226	-1
1227	0
1228	-1
1229	-1
1230	-2
1231	0
1232	-1
1233	-1
1234	-2
1235	0
1236	-2
1237	0
1238	-2
1239	-1
1240	-2
1241	-1
1242	-3
1243	0
1244	-3
1245	0
1246	-2
1247	0
1248	-2
1249	0
1250	-2
1251	-1
1252	-2
1253	0
1254	-2
1255	-1
1256	-1
1257	0
1258	-1
1259	-1
1260	-2
1261	0
1262	-2
1263	0
1264	-3
1265	0
1266	-2
1267	-1
1268	-1
1269	0
1270	-2
1271	0
1272	-3
1273	-1
1274	-2
1275	-1
1276	-1
1277	0
1278	-2
1279	0
1280	-2
1281	0
1282	-3
1283	-1
1284	-2
1285	0
1286	-4
1287	-1
1288	-3
1289	0
1290	-2
1291	0
1292	-1
1293	-1
1294	-1
1295	0
1296	-3
1297	0
1298	-1
1299	-1
1300	-1
1301	0
1302	-2
1303	0
1304	-2
1305	0
1306	-2
1307	0
1308	0
1309	0
1310	-1
1311	-1
1312	-2
1313	0
1314	-2
1315	0
1316	-2
1317	0
1318	-2
1319	0
1320	-1
1321	0
1322	-1
1323	0
1324	-1
1325	0
1326	-1
1327	0
1328	0
1329	0
1330	-1
1331	0
1332	-2
1333	0
1334	-2
1335	0
1336	-1
1337	0
1338	-1
1339	0
1340	-3
1341	0
1342	-1
1343	0
1344	-1
1345	0
1346	0
1347	0
1348	-2
1349	0
1350	-1
1351	0
1352	-1
1353	0
1354	-2
1355	0
1356	-3
1357	0
1358	-1
1359	-1
1360	-3
1361	0
1362	-4
1363	-1
1364	-2
1365	-1
1366	-2
1367	0
1368	-2
1369	-1
1370	-2
1371	-1
1372	-3
1373	-1
1374	-2
1375	0
1376	-1
1377	-1
1378	-3
1379	-1
1380	-2
1381	-1
1382	-2
1383	0
1384	-2
1385	-1
1386	-1
1387	0
1388	-2
1389	0
1390	-2
1391	0
1392	-3
1393	-1
1394	-3
1395	0
1396	-1
1397	0
1398	-1
1399	0
1400	-1
1401	0
1402	-1
1403	0
1404	-1
1405	0
1406	-3
1407	0
1408	-1
1409	-1
1410	-1
1411	0
1412	-2
1413	0
1414	-1
1415	-1
1416	-1
1417	0
1418	-1
1419	0
1420	-1
1421	0
1422	-2
1423	0
1424	-1
1425	0
1426	-2
1427	0
1428	-1
1429	0
1430	-1
1431	0
1432	-2
1433	0
1434	-1
1435	0
1436	-2
1437	0
1438	-1
1439	0
1440	-1
1441	0
1442	0
1443	0
1444	0
1445	0
1446	0
1447	0
1448	-1
1449	0
1450	-1
1451	-1
1452	-1
1453	-1
1454	-2
1455	-1
1456	-1
1457	-1
1458	-1
1459	-1
1460	-2
1461	0
1462	-1
1463	0
1464	-3
1465	0
1466	-2
1467	0
1468	-2
1469	0
1470	-2
1471	0
1472	0
1473	0
1474	-1
1475	0
1476	-2
1477	0
1478	-2
1479	0
1480	-2
1481	0
1482	-2
1483	0
1484	-3
1485	-1
1486	-2
1487	0
1488	-2
1489	0
1490	-1
1491	0
1492	-1
1493	0
1494	-1
1495	0
1496	-3
1497	0
1498	-3
1499	0
1500	-3
1501	0
1502	-3
1503	0
1504	-2
1505	0
1506	-3
1507	0
1508	-2
1509	0
1510	-1
1511	0
1512	-2
1513	0
1514	-3
1515	0
1516	-2
1517	0
1518	-2
1519	0
1520	-2
1521	0
1522	-2
1523	0
1524	-3
1525	0
1526	-2
1527	0
1528	-1
1529	0
1530	-1
1531	0
1532	-2
1533	0
1534	-1
1535	0
1536	-1
1537	0
1538	-1
1539	0
1540	-2
1541	0
1542	0
1543	0
1544	-1
1545	0
1546	-1
1547	0
1548	0
1549	0
1550	-1
1551	0
1552	-1
1553	0
1554	-2
1555	0
1556	-2
1557	0
1558	-1
1559	0
1560	-2
1561	0
1562	-2
1563	0
1564	-2
1565	0
1566	-2
1567	0
1568	-1
1569	0
1570	0
1571	0
1572	0
1573	0
1574	-2
1575	0
1576	-1
1577	0
1578	-2
1579	0
1580	-2
1581	0
1582	-1
1583	0
1584	0
1585	0
1586	0
1587	0
1588	-1
1589	0
1590	-1
1591	0
1592	-1
1593	0
1594	-1
1595	0
1596	-1
1597	0
1598	0
1599	0
1600	-1
1601	0
1602	0
1603	0
1604	0
1605	0
1606	-1
1607	0
1608	0
1609	0
1610	-1
1611	0
1612	-1
1613	-1
1614	-1
1615	0
1616	-2
1617	0
1618	-1
1619	0
1620	-1
1621	0
1622	0
1623	0
1624	-1
1625	0
1626	-1
1627	0
1628	-1
1629	0
1630	-2
1631	0
1632	0
1633	0
1634	0
1635	0
1636	0
1637	0
1638	-1
1639	0
1640	0
1641	0
1642	0
1643	0
1644	0
1645	1
1646	-1
1647	1
1648	0
1649	0
1650	0
1651	1
1652	0
1653	1
1654	0
1655	0
1656	0
1657	0
1658	0
1659	0
1660	0
1661	0
1662	0
1663	0
1664	0
1665	1
1666	0
1667	0
1668	0
1669	1
1670	0
1671	0
1672	0
1673	1
1674	0
1675	1
1676	0
1677	1
1678	0
1679	1
1680	0
1681	1
1682	0
1683	0
1684	0
1685	0
1686	0
1687	1
1688	0
1689	0
1690	0
1691	0
1692	0
1693	0
1694	0
1695	1
1696	0
1697	0
1698	0
1699	2
1700	-1
1701	0
1702	0
1703	0
1704	0
1705	0
1706	0
1707	0
1708	-1
1709	0
1710	0
1711	0
1712	-1
1713	0
1714	-1
1715	0
1716	0
1717	0
1718	-1
1719	0
1720	-1
1721	0
1722	-1
1723	0
1724	-1
1725	0
1726	0
1727	0
1728	-1
1729	0
1730	-1
1731	0
1732	-1
1733	0
1734	-1
1735	0
1736	0
1737	0
1738	-1
1739	0
1740	-1
1741	0
1742	0
1743	0
1744	-1
1745	0
1746	0
1747	0
1748	0
1749	0
1750	-1
1751	0
1752	0
1753	0
1754	-2
1755	0
1756	-1
1757	0
1758	-1
1759	0
1760	-1
1761	0
1762	-1
1763	0
1764	0
1765	0
1766	-2
1767	0
1768	-1
1769	0
1770	-1
1771	0
1772	-1
1773	-1
1774	0
1775	0
1776	-1
1777	0
1778	-1
1779	0
1780	-1
1781	0
1782	0
1783	0
1784	-1
1785	0
1786	-2
1787	0
1788	-1
1789	0
1790	0
1791	0
1792	0
1793	0
1794	0
1795	0
1796	0
1797	0
1798	0
1799	0
1800	0
1801	0
1802	-2
1803	0
1804	-1
1805	0
1806	-1
1807	0
1808	-1
1809	0
1810	0
1811	0
1812	-1
1813	0
1814	-1
1815	0
1816	-1
1817	0
1818	-1
1819	0
1820	-2
1821	0
1822	-2
1823	0
1824	-1
1825	0
1826	-1
1827	0
1828	-1
1829	0
1830	0
1831	0
1832	-2
1833	0
1834	-1
1835	-1
1836	-1
1837	0
1838	-1
1839	0
1840	-1
1841	0
1842	-1
1843	0
1844	-2
1845	0
1846	-1
1847	0
1848	0
1849	0
1850	0
1851	0
1852	-1
1853	0
1854	-2
1855	0
1856	-1
1857	0
1858	-2
1859	0
1860	-1
1861	0
1862	-2
1863	0
1864	-2
1865	0
1866	-2
1867	0
1868	-1
1869	0
1870	-3
1871	0
1872	-2
1873	0
1874	-1
1875	0
1876	-1
1877	0
1878	-2
1879	0
1880	-2
1881	0
1882	-2
1883	0
1884	-2
1885	0
1886	0
1887	0
1888	-1
1889	0
1890	0
1891	0
1892	-1
1893	0
1894	-1
1895	0
1896	0
1897	0
1898	0
1899	0
1900	-1
1901	0
1902	-1
1903	0
1904	-1
1905	0
1906	-1
1907	0
1908	-2
1909	0
1910	0
1911	0
1912	-1
1913	0
1914	0
1915	0
1916	0
1917	0
1918	-1
1919	0
1920	-1
1921	0
1922	0
1923	0
1924	0
1925	0
1926	-2
1927	0
1928	0
1929	0
1930	0
1931	0
1932	-1
1933	0
1934	-1
1935	0
1936	-1
1937	0
1938	-1
1939	0
1940	-1
1941	0
1942	0
1943	0
1944	-2
1945	0
1946	-2
1947	0
1948	-2
1949	0
1950	-2
1951	-1
1952	-2
1953	0
1954	-2
1955	0
1956	-1
1957	0
1958	-3
1959	0
1960	-2
1961	0
1962	-1
1963	0
1964	-2
1965	0
1966	-1
1967	0
1968	-2
1969	0
1970	-1
1971	0
1972	0
1973	1
1974	0
1975	1
1976	0
1977	1
1978	0
1979	0
1980	0
1981	1
1982	0
1983	0
1984	0
1985	0
1986	0
1987	0
1988	-1
1989	0
1990	0
1991	0
1992	0
1993	0
1994	-1
1995	0
1996	-1
1997	0
1998	-1
1999	0
