0	0
1	0
2	0
3	0
4	0
5	0
6	0
7	0
8	0
9	1
10	0
11	0
12	0
13	0
14	0
15	1
16	0
17	0
18	0
19	0
20	0
21	0
22	0
23	0
24	0
25	1
26	0
27	0
28	0
29	0
30	0
31	0
32	0
33	0
34	0
35	0
36	0
37	0
38	0
39	0
40	0
41	0
42	-1
43	0
44	-1
45	0
46	0
47	1
48	0
49	0
50	0
51	0
52	0
53	0
54	0
55	0
56	0
57	1
58	0
59	1
60	0
61	0
62	0
63	0
64	0
65	0
66	0
67	0
68	0
69	1
70	0
71	0
72	0
73	0
74	0
75	0
76	0
77	0
78	0
79	0
80	0
81	0
82	0
83	0
84	0
85	0
86	0
87	0
88	0
89	0
90	0
91	0
92	0
93	0
94	0
95	0
96	0
97	0
98	0
99	0
100	0
101	1
102	0
103	0
104	0
105	0
106	0
107	1
108	0
109	1
110	0
111	1
112	0
113	1
114	0
115	1
116	0
117	1
118	0
119	0
120	0
121	0
122	0
123	0
124	0
125	0
126	0
127	0
128	0
129	0
130	0
131	0
132	0
133	0
134	0
135	0
136	0
137	0
138	0
139	0
140	0
141	0
142	0
143	0
144	0
145	0
146	0
147	0
148	0
149	0
150	0
151	0
152	0
153	1
154	0
155	0
156	-1
157	0
158	0
159	1
160	0
161	0
162	0
163	0
164	0
165	1
166	0
167	0
168	0
169	1
170	0
171	0
172	0
173	0
174	0
175	0
176	-1
177	0
178	0
179	0
180	0
181	0
182	0
183	0
184	0
185	0
186	0
187	0
188	0
189	0
190	0
191	0
192	0
193	0
194	0
195	0
196	0
197	0
198	0
199	0
200	0
201	0
202	0
203	1
204	0
205	0
206	0
207	0
208	0
209	0
210	0
211	0
212	0
213	0
214	0
215	0
216	0
217	1
218	0
219	0
220	0
221	0
222	0
223	0
224	0
225	0
226	0
227	0
228	0
229	0
230	0
231	0
232	0
233	0
234	0
235	1
236	0
237	0
238	0
239	0
240	0
241	0
242	0
243	0
244	0
245	0
246	0
247	0
248	0
249	0
250	0
251	0
252	0
253	0
254	-1
255	0
256	0
257	0
258	0
259	0
260	0
261	0
262	-1
263	0
264	0
265	1
266	0
267	1
268	0
269	0
270	0
271	0
272	0
273	0
274	0
275	0
276	0
277	0
278	0
279	0
280	0
281	0
282	0
283	0
284	0
285	0
286	0
287	0
288	0
289	1
290	0
291	1
292	0
293	0
294	0
295	1
296	0
297	1
298	0
299	1
300	0
301	0
302	0
303	1
304	0
305	0
306	0
307	0
308	0
309	0
310	0
311	1
312	0
313	2
314	0
315	1
316	0
317	1
318	0
319	1
320	0
321	0
322	0
323	1
324	0
325	0
326	0
327	0
328	0
329	0
330	0
331	1
332	0
333	0
334	-1
335	1
336	0
337	0
338	0
339	2
340	0
341	0
342	0
343	0
344	0
345	0
346	0
347	0
348	0
349	0
350	0
351	0
352	0
353	0
354	0
355	0
356	0
357	0
358	0
359	0
360	0
361	0
362	0
363	0
364	0
365	0
366	0
367	0
368	0
369	0
370	0
371	1
372	0
373	1
374	0
375	0
376	0
377	0
378	0
379	0
380	0
381	0
382	0
383	0
384	0
385	0
386	0
387	0
388	0
389	0
390	0
391	0
392	0
393	0
394	0
395	0
396	0
397	0
398	0
399	0
400	0
401	0
402	0
403	0
404	0
405	1
406	0
407	0
408	0
409	0
410	0
411	1
412	0
413	0
414	0
415	1
416	0
417	0
418	0
419	0
420	0
421	0
422	0
423	0
424	0
425	0
426	0
427	1
428	0
429	0
430	0
431	0
432	0
433	0
434	0
435	1
436	-1
437	0
438	0
439	0
440	0
441	1
442	1
443	3
444	2
445	4
446	3
447	6
448	3
449	7
450	7
451	10
452	9
453	11
454	11
455	14
456	12
457	16
458	16
459	18
460	18
461	21
462	20
463	23
464	23
465	27
466	25
467	27
468	28
469	28
470	30
471	33
472	32
473	36
474	34
475	39
476	39
477	42
478	41
479	45
480	44
481	48
482	47
483	52
484	50
485	56
486	55
487	57
488	56
489	61
490	59
491	64
492	62
493	66
494	65
495	69
496	68
497	69
498	70
499	78
500	62
501	74
502	71
503	74
504	72
505	73
506	71
507	73
508	71
509	73
510	70
511	72
512	68
513	69
514	67
515	68
516	67
517	67
518	64
519	66
520	62
521	63
522	60
523	62
524	57
525	59
526	56
527	57
528	54
529	56
530	51
531	52
532	48
533	51
534	46
535	48
536	43
537	45
538	39
539	43
540	39
541	40
542	37
543	39
544	34
545	37
546	32
547	33
548	30
549	33
550	28
551	31
552	27
553	28
554	25
555	26
556	22
557	23
558	19
559	23
560	18
561	21
562	15
563	19
564	13
565	18
566	13
567	15
568	11
569	14
570	10
571	12
572	9
573	12
574	9
575	11
576	8
577	10
578	8
579	9
580	7
581	9
582	5
583	9
584	5
585	7
586	4
587	7
588	4
589	6
590	2
591	6
592	1
593	5
594	1
595	3
596	1
597	3
598	1
599	2
600	0
601	1
602	0
603	1
604	0
605	0
606	0
607	0
608	0
609	0
610	0
611	0
612	0
613	0
614	0
615	0
616	-1
617	0
618	-1
619	0
620	-1
621	0
622	-2
623	0
624	-2
625	0
626	-2
627	0
628	-1
629	0
630	-1
631	0
632	-1
633	0
634	0
635	-1
636	-2
637	0
638	0
639	0
640	-2
641	0
642	-1
643	0
644	-1
645	0
646	-1
647	0
648	-1
649	0
650	-2
651	0
652	-2
653	0
654	0
655	0
656	-2
657	0
658	-3
659	0
660	-2
661	0
662	-1
663	0
664	-2
665	0
666	0
667	0
668	-1
669	0
670	-1
671	0
672	0
673	0
674	-1
675	0
676	-1
677	0
678	-1
679	0
680	-2
681	0
682	-1
683	0
684	-2
685	0
686	-2
687	0
688	-1
689	0
690	-2
691	0
692	0
693	0
694	-1
695	0
696	-1
697	0
698	-1
699	0
700	0
701	0
702	0
703	0
704	0
705	0
706	0
707	0
708	-1
709	0
710	-1
711	0
712	0
713	0
714	0
715	0
716	0
717	0
718	0
719	0
720	0
721	0
722	-1
723	0
724	0
725	0
726	0
727	0
728	0
729	0
730	0
731	0
732	-1
733	0
734	0
735	0
736	-1
737	0
738	-3
739	0
740	-2
741	0
742	0
743	0
744	-2
745	0
746	-1
747	0
748	-2
749	0
750	-2
751	0
752	-2
753	0
754	-2
755	0
756	-2
757	0
758	-2
759	0
760	-3
761	0
762	-2
763	0
764	-3
765	0
766	-2
767	0
768	-1
769	0
770	-2
771	0
772	0
773	0
774	-3
775	0
776	-1
777	0
778	-3
779	0
780	-2
781	0
782	-3
783	0
784	-3
785	-1
786	-2
787	-1
788	-1
789	0
790	-2
791	-1
792	-2
793	-1
794	-2
795	0
796	-1
797	0
798	-2
799	0
800	-3
801	0
802	-4
803	0
804	-2
805	0
806	-1
807	0
808	-3
809	0
810	-2
811	0
812	-2
813	0
814	-2
815	0
816	-2
817	0
818	-1
819	0
820	0
821	0
822	-1
823	0
824	-2
825	0
826	-1
827	0
828	-2
829	0
830	-2
831	0
832	-3
833	-1
834	-1
835	0
836	-2
837	0
838	-3
839	-1
840	-2
841	-1
842	-3
843	-1
844	-1
845	-1
846	-2
847	0
848	-2
849	0
850	-3
851	0
852	-2
853	0
854	-1
855	0
856	-2
857	0
858	-3
859	0
860	-3
861	0
862	-4
863	0
864	-2
865	0
866	-2
867	0
868	-1
869	0
870	-1
871	-1
872	-1
873	0
874	-2
875	0
876	-2
877	0
878	-1
879	0
880	-1
881	-1
882	0
883	0
884	-1
885	-1
886	-3
887	0
888	-2
889	0
890	-3
891	0
892	-3
893	-1
894	-2
895	-1
896	-2
897	0
898	-1
899	-1
900	-3
901	0
902	-3
903	0
904	-3
905	0
906	-2
907	-1
908	-2
909	0
910	-3
911	-1
912	-2
913	0
914	-1
915	0
916	-1
917	0
918	-1
919	0
920	-2
921	0
922	-2
923	-1
924	-1
925	-1
926	-2
927	0
928	-2
929	-1
930	-1
931	-1
932	-2
933	0
934	-2
935	-1
936	-2
937	0
938	-2
939	0
940	-1
941	-1
942	-1
943	0
944	-2
945	0
946	-3
947	0
948	-2
949	0
950	-2
951	0
952	-2
953	0
954	-2
955	0
956	-2
957	0
958	-1
959	-1
960	-2
961	0
962	-2
963	0
964	-2
965	0
966	-2
967	0
968	-2
969	0
970	-4
971	0
972	-3
973	0
974	-3
975	0
976	-3
977	0
978	-2
979	0
980	-1
981	0
982	-2
983	0
984	-2
985	-1
986	-1
987	0
988	-2
989	0
990	-3
991	0
992	-3
993	0
994	-2
995	0
996	-2
997	0
998	-2
999	0
1000	-1
1001	0
1002	0
1003	0
1004	-1
1005	0
1006	-2
1007	0
1008	-1
1009	0
1010	-1
1011	1
1012	-1
1013	0
1014	0
1015	0
1016	0
1017	0
1018	-2
1019	0
1020	-2
1021	0
1022	0
1023	0
1024	-1
1025	1
1026	0
1027	1
1028	0
1029	0
1030	0
1031	1
1032	0
1033	1
1034	0
1035	2
1036	0
1037	2
1038	0
1039	2
1040	0
1041	1
1042	0
1043	1
1044	0
1045	1
1046	0
1047	1
1048	0
1049	1
1050	-1
1051	0
1052	0
1053	0
1054	-1
1055	0
1056	-2
1057	1
1058	-2
1059	0
1060	-1
1061	0
1062	-2
1063	0
1064	-2
1065	0
1066	-1
1067	0
1068	-3
1069	0
1070	-2
1071	0
1072	-1
1073	0
1074	-1
1075	0
1076	-3
1077	0
1078	-1
1079	0
1080	-2
1081	0
1082	0
1083	0
1084	-2
1085	0
1086	-1
1087	0
1088	-1
1089	0
1090	-2
1091	0
1092	-2
1093	0
1094	-1
1095	0
1096	-1
1097	0
1098	-1
1099	0
1100	-2
1101	0
1102	-2
1103	0
1104	-2
1105	0
1106	-2
1107	0
1108	-2
1109	-1
1110	-2
1111	0
1112	-2
1113	0
1114	-2
1115	0
1116	-2
1117	0
1118	-2
1119	-1
1120	-3
1121	-1
1122	-2
1123	-1
1124	-3
1125	0
1126	-1
1127	0
1128	-1
1129	0
1130	-1
1131	0
1132	-1
1133	0
1134	-3
1135	0
1136	-4
1137	0
1138	-1
1139	0
1140	-2
1141	0
1142	-2
1143	0
1144	-2
1145	0
1146	-2
1147	0
1148	-1
1149	0
1150	-2
1151	-1
1152	-2
1153	-1
1154	-3
1155	0
1156	-3
1157	-1
1158	-3
1159	0
1160	-3
1161	0
1162	-2
1163	0
1164	-2
1165	0
1166	-3
1167	0
1168	-1
1169	0
1170	-2
1171	0
1172	-2
1173	0
1174	-1
1175	0
1176	-3
1177	-1
1178	-2
1179	0
1180	-2
1181	0
1182	-2
1183	0
1184	-1
1185	0
1186	-1
1187	-1
1188	-1
1189	0
1190	-1
1191	0
1192	-2
1193	0
1194	-2
1195	-1
1196	-2
1197	-1
1198	-3
1199	-2
1200	-2
1201	0
1202	-2
1203	0
1204	-2
1205	0
1206	-2
1207	0
1208	-3
1209	0
1210	-3
1211	-1
1212	-3
1213	0
1214	-3
1215	-1
1216	-3
1217	0
1218	-2
1219	0
1220	-1
1221	0
1222	-2
1223	0
1224	-2
1225	0
1226	-1
1227	0
1228	-1
1229	0
1230	-1
1231	0
1232	-2
1233	0
1234	-2
1235	0
1236	0
1237	0
1238	-1
1239	0
1240	-2
1241	0
1242	-2
1243	0
1244	-2
1245	0
1246	-1
1247	0
1248	-1
1249	0
1250	0
1251	0
1252	0
1253	0
1254	-2
1255	0
1256	-1
1257	0
1258	-2
1259	0
1260	-2
1261	0
1262	-2
1263	0
1264	-1
1265	-1
1266	-2
1267	-1
1268	-2
1269	0
1270	-3
1271	0
1272	-2
1273	0
1274	-3
1275	0
1276	-3
1277	-1
1278	-1
1279	-1
1280	-1
1281	0
1282	-2
1283	0
1284	-2
1285	0
1286	-3
1287	0
1288	-2
1289	0
1290	0
1291	0
1292	-1
1293	-1
1294	-2
1295	0
1296	-2
1297	0
1298	-1
1299	0
1300	0
1301	0
1302	-1
1303	0
1304	-3
1305	0
1306	-1
1307	0
1308	-1
1309	0
1310	-1
1311	0
1312	-2
1313	0
1314	-1
1315	0
1316	0
1317	0
1318	-1
1319	0
1320	0
1321	0
1322	-2
1323	0
1324	-1
1325	0
1326	-1
1327	0
1328	-1
1329	-1
1330	-2
1331	-1
1332	-3
1333	-1
1334	-3
1335	0
1336	-3
1337	0
1338	-2
1339	0
1340	0
1341	0
1342	-2
1343	0
1344	-1
1345	0
1346	-1
1347	0
1348	-1
1349	0
1350	-1
1351	0
1352	-1
1353	0
1354	-1
1355	0
1356	-1
1357	0
1358	-2
1359	0
1360	-2
1361	0
1362	-2
1363	0
1364	0
1365	0
1366	-1
1367	0
1368	-2
1369	-1
1370	-2
1371	0
1372	-1
1373	0
1374	-1
1375	0
1376	0
1377	0
1378	-1
1379	0
1380	-2
1381	0
1382	-1
1383	0
1384	-2
1385	-1
1386	-1
1387	0
1388	-2
1389	0
1390	-3
1391	0
1392	-2
1393	0
1394	-3
1395	-1
1396	-1
1397	0
1398	-2
1399	0
1400	-2
1401	0
1402	-3
1403	0
1404	-3
1405	-1
1406	-2
1407	0
1408	-2
1409	0
1410	-3
1411	-1
1412	-1
1413	0
1414	-2
1415	0
1416	-1
1417	0
1418	-1
1419	0
1420	-2
1421	0
1422	-2
1423	0
1424	-1
1425	0
1426	-2
1427	0
1428	-2
1429	0
1430	-2
1431	0
1432	-1
1433	0
1434	-1
1435	0
1436	0
1437	0
1438	-1
1439	0
1440	-1
1441	0
1442	-1
1443	0
1444	-1
1445	0
1446	-1
1447	0
1448	-1
1449	0
1450	0
1451	0
1452	-1
1453	0
1454	-1
1455	0
1456	-1
1457	0
1458	-1
1459	0
1460	0
1461	0
1462	-2
1463	0
1464	-1
1465	0
1466	-1
1467	0
1468	-1
1469	0
1470	-1
1471	0
1472	-1
1473	0
1474	0
1475	0
1476	-2
1477	0
1478	-2
1479	0
1480	-1
1481	0
1482	-1
1483	0
1484	-2
1485	-1
1486	0
1487	-1
1488	-2
1489	0
1490	-2
1491	0
1492	-2
1493	0
1494	-2
1495	0
1496	-2
1497	0
1498	-1
1499	0
1500	-1
1501	0
1502	-3
1503	0
1504	-1
1505	0
1506	-1
1507	0
1508	-2
1509	0
1510	-1
1511	0
1512	-1
1513	0
1514	-1
1515	0
1516	0
1517	0
1518	0
1519	0
1520	-1
1521	1
1522	-1
1523	0
1524	-1
1525	0
1526	-1
1527	0
1528	-1
1529	0
1530	-1
1531	0
1532	-2
1533	0
1534	-3
1535	0
1536	-2
1537	0
1538	-2
1539	0
1540	-1
1541	-1
1542	-2
1543	0
1544	-3
1545	0
1546	-3
1547	0
1548	-2
1549	0
1550	-3
1551	0
1552	-1
1553	0
1554	-2
1555	0
1556	-1
1557	0
1558	-1
1559	0
1560	-1
1561	0
1562	-3
1563	0
1564	-2
1565	0
1566	-2
1567	0
1568	-2
1569	0
1570	-2
1571	0
1572	0
1573	0
1574	-3
1575	0
1576	-1
1577	0
1578	-1
1579	0
1580	-1
1581	0
1582	-2
1583	0
1584	-1
1585	0
1586	-1
1587	0
1588	-1
1589	0
1590	0
1591	0
1592	0
1593	0
1594	-1
1595	0
1596	-1
1597	0
1598	-1
1599	0
1600	-2
1601	0
1602	-2
1603	0
1604	-2
1605	0
1606	-2
1607	0
1608	-3
1609	-1
1610	-1
1611	-1
1612	-1
1613	0
1614	-1
1615	-1
1616	-1
1617	-1
1618	-3
1619	-1
1620	-1
1621	0
1622	-1
1623	0
1624	-1
1625	0
1626	-1
1627	0
1628	0
1629	0
1630	0
1631	0
1632	-1
1633	0
1634	0
1635	0
1636	-1
1637	0
1638	0
1639	0
1640	-1
1641	0
1642	-1
1643	0
1644	0
1645	0
1646	0
1647	0
1648	-1
1649	0
1650	-1
1651	0
1652	-1
1653	0
1654	-1
1655	0
1656	-2
1657	0
1658	-2
1659	0
1660	-1
1661	0
1662	-2
1663	-1
1664	-2
1665	0
1666	-3
1667	0
1668	-3
1669	0
1670	-3
1671	0
1672	-3
1673	0
1674	-2
1675	0
1676	-2
1677	-1
1678	-1
1679	-1
1680	-1
1681	0
1682	-1
1683	-1
1684	-1
1685	-1
1686	-2
1687	0
1688	-3
1689	0
1690	-1
1691	0
1692	-1
1693	0
1694	-1
1695	0
1696	0
1697	0
1698	-1
1699	0
1700	-1
1701	0
1702	0
1703	0
1704	0
1705	0
1706	0
1707	0
1708	0
1709	0
1710	0
1711	0
1712	0
1713	0
1714	0
1715	1
1716	0
1717	1
1718	0
1719	0
1720	0
1721	1
1722	0
1723	0
1724	0
1725	0
1726	0
1727	1
1728	0
1729	1
1730	0
1731	1
1732	1
1733	1
1734	0
1735	2
1736	0
1737	1
1738	0
1739	1
1740	0
1741	2
1742	0
1743	1
1744	0
1745	1
1746	0
1747	1
1748	0
1749	1
1750	0
1751	1
1752	0
1753	1
1754	0
1755	0
1756	0
1757	1
1758	0
1759	0
1760	0
1761	0
1762	0
1763	1
1764	0
1765	1
1766	0
1767	0
1768	-1
1769	0
1770	0
1771	0
1772	-1
1773	0
1774	0
1775	0
1776	0
1777	0
1778	0
1779	0
1780	0
1781	0
1782	-1
1783	0
1784	0
1785	0
1786	0
1787	-1
1788	0
1789	0
1790	-2
1791	0
1792	0
1793	0
1794	0
1795	0
1796	-1
1797	0
1798	-1
1799	0
1800	0
1801	0
1802	-1
1803	0
1804	-1
1805	0
1806	0
1807	0
1808	-1
1809	0
1810	-1
1811	0
1812	-1
1813	0
1814	-1
1815	1
1816	0
1817	1
1818	0
1819	0
1820	0
1821	1
1822	-1
1823	1
1824	0
1825	1
1826	0
1827	1
1828	0
1829	1
1830	0
1831	1
1832	0
1833	1
1834	0
1835	1
1836	0
1837	1
1838	0
1839	1
1840	0
1841	1
1842	0
1843	0
1844	0
1845	1
1846	0
1847	1
1848	0
1849	0
1850	0
1851	0
1852	-1
1853	1
1854	0
1855	0
1856	0
1857	0
1858	0
1859	1
1860	0
1861	1
1862	0
1863	0
1864	0
1865	0
1866	0
1867	1
1868	0
1869	0
1870	0
1871	1
1872	0
1873	0
1874	0
1875	1
1876	-1
1877	0
1878	-1
1879	0
1880	0
1881	0
1882	0
1883	0
1884	0
1885	0
1886	0
1887	0
1888	0
1889	1
1890	0
1891	0
1892	0
1893	0
1894	0
1895	0
1896	0
1897	0
1898	0
1899	0
1900	0
1901	0
1902	0
1903	0
1904	0
1905	0
1906	0
1907	0
1908	0
1909	0
1910	0
1911	0
1912	0
1913	0
1914	-2
1915	0
1916	-2
1917	0
1918	-1
1919	-1
1920	-1
1921	0
1922	-1
1923	0
1924	-2
1925	0
1926	-1
1927	0
1928	-1
1929	-1
1930	-2
1931	0
1932	-1
1933	0
1934	-1
1935	0
1936	-1
1937	0
1938	0
1939	0
1940	0
1941	0
1942	-1
1943	0
1944	0
1945	0
1946	-1
1947	0
1948	-1
1949	0
1950	-2
1951	0
1952	0
1953	0
1954	0
1955	0
1956	-1
1957	0
1958	-1
1959	0
1960	0
1961	0
1962	0
1963	0
1964	-1
1965	0
1966	0
1967	0
1968	-2
1969	0
1970	-1
1971	0
1972	-1
1973	-1
1974	-1
1975	-1
1976	0
1977	0
1978	0
1979	0
1980	0
1981	0
1982	-1
1983	0
1984	-1
1985	0
1986	0
1987	0
1988	0
1989	0
1990	0
1991	0
1992	-1
1993	0
1994	0
1995	0
1996	0
1997	0
1998	0
1999	0
