0	0
1	0
2	0
3	0
4	0
5	0
6	0
7	0
8	0
9	0
10	0
11	1
12	0
13	0
14	0
15	0
16	0
17	0
18	0
19	1
20	0
21	1
22	0
23	1
24	0
25	1
26	0
27	1
28	0
29	1
30	0
31	0
32	0
33	0
34	0
35	0
36	0
37	1
38	0
39	1
40	-1
41	0
42	-1
43	0
44	0
45	0
46	0
47	0
48	0
49	0
50	0
51	0
52	0
53	0
54	0
55	1
56	0
57	0
58	0
59	0
60	-1
61	1
62	0
63	0
64	-1
65	0
66	0
67	0
68	0
69	0
70	0
71	1
72	-2
73	0
74	0
75	0
76	-1
77	0
78	0
79	0
80	0
81	0
82	0
83	0
84	0
85	0
86	0
87	0
88	0
89	0
90	0
91	0
92	0
93	0
94	0
95	0
96	0
97	0
98	0
99	0
100	0
101	1
102	1
103	0
104	0
105	1
106	0
107	2
108	0
109	0
110	0
111	1
112	0
113	0
114	0
115	1
116	0
117	1
118	0
119	0
120	0
121	0
122	0
123	0
124	0
125	0
126	0
127	0
128	0
129	0
130	0
131	0
132	0
133	0
134	0
135	0
136	0
137	0
138	0
139	0
140	0
141	1
142	0
143	0
144	0
145	0
146	0
147	0
148	0
149	0
150	0
151	2
152	0
153	0
154	0
155	0
156	0
157	0
158	0
159	0
160	0
161	0
162	0
163	0
164	0
165	0
166	0
167	0
168	0
169	0
170	0
171	0
172	0
173	0
174	-1
175	0
176	0
177	0
178	0
179	0
180	0
181	0
182	0
183	0
184	0
185	0
186	0
187	0
188	-1
189	0
190	0
191	1
192	0
193	2
194	0
195	0
196	0
197	0
198	0
199	0
200	0
201	0
202	0
203	1
204	0
205	0
206	0
207	0
208	0
209	1
210	0
211	0
212	0
213	2
214	0
215	1
216	0
217	1
218	0
219	0
220	0
221	0
222	0
223	0
224	0
225	1
226	0
227	0
228	0
229	0
230	0
231	1
232	0
233	0
234	0
235	0
236	0
237	0
238	0
239	0
240	0
241	0
242	0
243	0
244	0
245	0
246	0
247	0
248	0
249	0
250	0
251	0
252	0
253	0
254	0
255	0
256	0
257	0
258	0
259	0
260	0
261	0
262	0
263	0
264	0
265	0
266	0
267	0
268	0
269	0
270	0
271	0
272	0
273	0
274	-1
275	0
276	0
277	0
278	0
279	0
280	0
281	0
282	0
283	1
284	1
285	0
286	0
287	0
288	0
289	0
290	0
291	0
292	0
293	0
294	0
295	0
296	0
297	0
298	0
299	0
300	0
301	0
302	0
303	0
304	0
305	0
306	0
307	0
308	0
309	0
310	0
311	0
312	0
313	0
314	0
315	0
316	0
317	0
318	0
319	0
320	0
321	0
322	0
323	0
324	0
325	0
326	0
327	0
328	0
329	0
330	0
331	0
332	0
333	0
334	0
335	1
336	0
337	0
338	0
339	1
340	0
341	0
342	0
343	2
344	0
345	2
346	0
347	2
348	0
349	1
350	0
351	1
352	1
353	0
354	0
355	1
356	0
357	1
358	0
359	0
360	0
361	0
362	0
363	0
364	0
365	0
366	0
367	0
368	0
369	0
370	-1
371	0
372	0
373	0
374	-1
375	0
376	0
377	0
378	0
379	0
380	-1
381	0
382	-1
383	0
384	0
385	0
386	-1
387	0
388	0
389	0
390	0
391	0
392	0
393	1
394	0
395	1
396	0
397	0
398	0
399	0
400	0
401	1
402	0
403	2
404	0
405	2
406	0
407	2
408	0
409	2
410	1
411	2
412	1
413	3
414	1
415	3
416	2
417	3
418	2
419	3
420	2
421	2
422	1
423	4
424	2
425	3
426	2
427	3
428	3
429	4
430	4
431	5
432	4
433	8
434	7
435	11
436	10
437	14
438	15
439	20
440	19
441	23
442	26
443	30
444	31
445	37
446	40
447	45
448	45
449	51
450	51
451	58
452	59
453	65
454	67
455	72
456	72
457	78
458	79
459	83
460	84
461	88
462	89
463	91
464	92
465	97
466	94
467	98
468	96
469	102
470	99
471	102
472	100
473	103
474	100
475	102
476	99
477	101
478	98
479	100
480	96
481	99
482	96
483	96
484	92
485	93
486	91
487	90
488	87
489	88
490	85
491	86
492	82
493	82
494	78
495	78
496	75
497	76
498	76
499	78
500	62
501	69
502	65
503	66
504	61
505	62
506	56
507	58
508	53
509	54
510	51
511	52
512	48
513	48
514	43
515	46
516	41
517	43
518	40
519	41
520	37
521	38
522	34
523	32
524	31
525	31
526	28
527	29
528	25
529	27
530	24
531	25
532	21
533	23
534	18
535	21
536	16
537	18
538	13
539	16
540	12
541	11
542	10
543	11
544	8
545	9
546	7
547	9
548	6
549	7
550	6
551	5
552	5
553	5
554	3
555	4
556	1
557	3
558	0
559	2
560	0
561	0
562	-2
563	0
564	-1
565	0
566	-3
567	-1
568	-4
569	-2
570	-4
571	-3
572	-5
573	-2
574	-6
575	-1
576	-6
577	-3
578	-6
579	-4
580	-7
581	-4
582	-7
583	-5
584	-8
585	-4
586	-8
587	-5
588	-9
589	-4
590	-9
591	-6
592	-8
593	-5
594	-9
595	-4
596	-6
597	-5
598	-5
599	-6
600	-7
601	-4
602	-8
603	-4
604	-8
605	-4
606	-6
607	-4
608	-8
609	-4
610	-6
611	-4
612	-6
613	-4
614	-7
615	-4
616	-6
617	-4
618	-6
619	-4
620	-7
621	-4
622	-8
623	-4
624	-8
625	-5
626	-6
627	-5
628	-6
629	-4
630	-7
631	-4
632	-7
633	-4
634	-6
635	-4
636	-7
637	-4
638	-7
639	-2
640	-6
641	-3
642	-6
643	-3
644	-5
645	-4
646	-6
647	-1
648	-3
649	-2
650	-4
651	-2
652	-5
653	-2
654	-5
655	-1
656	-5
657	-2
658	-4
659	-1
660	-4
661	-2
662	-4
663	0
664	-3
665	-1
666	-4
667	-2
668	-4
669	-2
670	-5
671	-2
672	-4
673	-2
674	-4
675	-3
676	-4
677	-2
678	-5
679	-2
680	-5
681	-1
682	-4
683	-2
684	-5
685	-2
686	-3
687	0
688	-4
689	-1
690	-4
691	0
692	-1
693	-1
694	-3
695	-1
696	-3
697	0
698	-1
699	0
700	-3
701	0
702	-2
703	0
704	-3
705	0
706	-3
707	-1
708	-3
709	-2
710	-2
711	-1
712	-3
713	0
714	-2
715	0
716	-3
717	-2
718	-4
719	-2
720	-3
721	-2
722	-3
723	-2
724	-3
725	-3
726	-4
727	-2
728	-4
729	-2
730	-4
731	-2
732	-4
733	-3
734	-3
735	-3
736	-3
737	-2
738	-3
739	-2
740	-4
741	-2
742	-4
743	-2
744	-4
745	-4
746	-3
747	-3
748	-3
749	-4
750	-3
751	-2
752	-4
753	-1
754	-3
755	-2
756	-4
757	-2
758	-4
759	-3
760	-3
761	-3
762	-4
763	-2
764	-4
765	-3
766	-4
767	-2
768	-4
769	-3
770	-4
771	-3
772	-4
773	-2
774	-5
775	-1
776	-5
777	-2
778	-5
779	-3
780	-4
781	-3
782	-4
783	-1
784	-4
785	-2
786	-4
787	-3
788	-5
789	-2
790	-4
791	-1
792	-4
793	-1
794	-5
795	-1
796	-4
797	-1
798	-6
799	-2
800	-4
801	-3
802	-4
803	-2
804	-5
805	-2
806	-5
807	-1
808	-5
809	-2
810	-3
811	-2
812	-4
813	-2
814	-4
815	-3
816	-3
817	-2
818	-4
819	-2
820	-2
821	-1
822	-4
823	-1
824	-4
825	-2
826	-4
827	-2
828	-4
829	-3
830	-4
831	-2
832	-2
833	-1
834	-4
835	-2
836	-4
837	-2
838	-3
839	-3
840	-5
841	-3
842	-6
843	-3
844	-7
845	-3
846	-3
847	-4
848	-5
849	-3
850	-5
851	-3
852	-7
853	-3
854	-6
855	-3
856	-5
857	-2
858	-5
859	-2
860	-5
861	-2
862	-4
863	-3
864	-3
865	-1
866	-5
867	-3
868	-4
869	-2
870	-4
871	-2
872	-3
873	-1
874	-4
875	-1
876	-3
877	-2
878	-3
879	-2
880	-3
881	-2
882	-4
883	0
884	-5
885	-1
886	-5
887	-2
888	-6
889	-2
890	-6
891	-2
892	-5
893	-3
894	-4
895	-2
896	-4
897	-2
898	-5
899	-3
900	-7
901	-2
902	-6
903	-2
904	-4
905	-2
906	-3
907	-2
908	-5
909	-2
910	-5
911	-2
912	-5
913	-2
914	-4
915	-2
916	-4
917	-3
918	-5
919	-2
920	-4
921	-2
922	-4
923	-2
924	-3
925	-2
926	-4
927	-2
928	-3
929	-1
930	-4
931	-1
932	-3
933	-1
934	-4
935	-2
936	-5
937	-1
938	-3
939	-1
940	-4
941	-2
942	-5
943	-2
944	-5
945	-2
946	-4
947	-2
948	-3
949	-1
950	-5
951	-2
952	-5
953	-3
954	-4
955	-2
956	-4
957	-3
958	-3
959	-1
960	-4
961	-2
962	-3
963	-2
964	-4
965	-2
966	-3
967	-1
968	-3
969	-2
970	-3
971	-1
972	-3
973	-2
974	-3
975	-3
976	-3
977	-2
978	-3
979	-3
980	-4
981	-2
982	-5
983	-2
984	-4
985	-2
986	-4
987	-1
988	-5
989	-1
990	-3
991	-1
992	-4
993	-2
994	-4
995	-1
996	-5
997	-1
998	-5
999	-2
1000	-3
1001	-1
1002	-2
1003	-1
1004	-4
1005	-1
1006	-2
1007	-2
1008	-3
1009	-1
1010	-3
1011	-1
1012	-3
1013	-2
1014	-4
1015	-1
1016	-4
1017	-3
1018	-3
1019	-1
1020	-2
1021	-1
1022	-4
1023	-1
1024	-4
1025	-2
1026	-4
1027	-2
1028	-2
1029	-2
1030	-3
1031	-3
1032	-4
1033	-1
1034	-5
1035	-1
1036	-4
1037	-1
1038	-3
1039	-1
1040	-4
1041	-2
1042	-4
1043	-2
1044	-2
1045	-2
1046	-3
1047	-1
1048	-4
1049	-3
1050	-4
1051	-2
1052	-4
1053	-3
1054	-3
1055	-3
1056	-2
1057	-2
1058	-3
1059	-1
1060	-4
1061	-2
1062	-5
1063	-2
1064	-4
1065	-2
1066	-4
1067	-2
1068	-4
1069	-2
1070	-4
1071	-2
1072	-4
1073	-3
1074	-4
1075	-1
1076	-6
1077	-2
1078	-4
1079	-2
1080	-5
1081	-1
1082	-4
1083	-1
1084	-3
1085	-1
1086	-2
1087	-1
1088	-3
1089	-1
1090	-3
1091	-1
1092	-4
1093	-1
1094	-3
1095	-1
1096	-3
1097	-1
1098	-3
1099	-2
1100	-4
1101	-1
1102	-2
1103	-2
1104	-4
1105	-1
1106	-4
1107	-2
1108	-4
1109	-2
1110	-4
1111	-2
1112	-3
1113	-2
1114	-4
1115	-1
1116	-4
1117	0
1118	-2
1119	0
1120	-4
1121	-2
1122	-4
1123	0
1124	-2
1125	-1
1126	-3
1127	-2
1128	-3
1129	-1
1130	-3
1131	0
1132	-2
1133	0
1134	-3
1135	-1
1136	-3
1137	-1
1138	-2
1139	-1
1140	-2
1141	-1
1142	-3
1143	-2
1144	-3
1145	-2
1146	-4
1147	-2
1148	-3
1149	-2
1150	-3
1151	-2
1152	-6
1153	-2
1154	-5
1155	-2
1156	-4
1157	-3
1158	-4
1159	-3
1160	-4
1161	-4
1162	-4
1163	-3
1164	-4
1165	-3
1166	-5
1167	-3
1168	-4
1169	-1
1170	-4
1171	-2
1172	-4
1173	-2
1174	-3
1175	-2
1176	-4
1177	-2
1178	-3
1179	-1
1180	-3
1181	-1
1182	-3
1183	-1
1184	-4
1185	-1
1186	-3
1187	-3
1188	-4
1189	-2
1190	-4
1191	-2
1192	-4
1193	-2
1194	-4
1195	-2
1196	-4
1197	-4
1198	-4
1199	-3
1200	-3
1201	-3
1202	-3
1203	-3
1204	-4
1205	-1
1206	-2
1207	-2
1208	-3
1209	-1
1210	-3
1211	0
1212	-2
1213	0
1214	-1
1215	-1
1216	-2
1217	-1
1218	-3
1219	0
1220	-4
1221	0
1222	-2
1223	0
1224	-2
1225	0
1226	-2
1227	0
1228	-1
1229	0
1230	-2
1231	0
1232	-3
1233	-1
1234	-3
1235	-1
1236	-3
1237	0
1238	-3
1239	0
1240	-2
1241	0
1242	-3
1243	0
1244	-4
1245	0
1246	-3
1247	0
1248	-3
1249	0
1250	-4
1251	-1
1252	-4
1253	-1
1254	-3
1255	-2
1256	-3
1257	0
1258	-2
1259	0
1260	-3
1261	0
1262	-4
1263	0
1264	-4
1265	0
1266	-2
1267	-1
1268	-1
1269	-1
1270	-2
1271	0
1272	-2
1273	0
1274	-2
1275	0
1276	-3
1277	-2
1278	-3
1279	-2
1280	-4
1281	-2
1282	-4
1283	-3
1284	-4
1285	-2
1286	-3
1287	-2
1288	-3
1289	-3
1290	-5
1291	-2
1292	-2
1293	-3
1294	-3
1295	-2
1296	-3
1297	-3
1298	-3
1299	-1
1300	-4
1301	-1
1302	-2
1303	0
1304	-3
1305	0
1306	-2
1307	0
1308	0
1309	0
1310	0
1311	0
1312	-1
1313	0
1314	0
1315	1
1316	-1
1317	0
1318	-1
1319	0
1320	0
1321	0
1322	-1
1323	0
1324	-1
1325	0
1326	0
1327	0
1328	0
1329	0
1330	0
1331	0
1332	0
1333	1
1334	0
1335	0
1336	0
1337	0
1338	-1
1339	-1
1340	0
1341	-1
1342	0
1343	0
1344	0
1345	0
1346	-1
1347	1
1348	0
1349	1
1350	0
1351	0
1352	0
1353	0
1354	0
1355	0
1356	0
1357	1
1358	-1
1359	0
1360	0
1361	0
1362	-1
1363	0
1364	-1
1365	1
1366	-1
1367	0
1368	-1
1369	0
1370	-2
1371	0
1372	-1
1373	-1
1374	-1
1375	0
1376	0
1377	0
1378	-1
1379	0
1380	-1
1381	0
1382	-1
1383	0
1384	-1
1385	0
1386	-1
1387	-1
1388	-2
1389	0
1390	-1
1391	0
1392	-1
1393	-1
1394	-2
1395	0
1396	-2
1397	-1
1398	-3
1399	-1
1400	-3
1401	0
1402	-1
1403	0
1404	-1
1405	0
1406	-3
1407	0
1408	-1
1409	-1
1410	-1
1411	0
1412	-1
1413	-1
1414	-2
1415	0
1416	-3
1417	-1
1418	-3
1419	-2
1420	-4
1421	-2
1422	-4
1423	-1
1424	-4
1425	-1
1426	-2
1427	-2
1428	-2
1429	-1
1430	-4
1431	-1
1432	-4
1433	0
1434	-2
1435	-1
1436	-2
1437	-1
1438	-4
1439	-1
1440	-3
1441	-1
1442	-2
1443	0
1444	-1
1445	0
1446	-2
1447	0
1448	-2
1449	-1
1450	-1
1451	0
1452	0
1453	0
1454	-1
1455	-1
1456	-2
1457	0
1458	-2
1459	0
1460	-1
1461	0
1462	-2
1463	0
1464	-3
1465	-1
1466	-2
1467	0
1468	-1
1469	0
1470	-2
1471	0
1472	-1
1473	0
1474	-1
1475	0
1476	-2
1477	0
1478	0
1479	0
1480	0
1481	0
1482	0
1483	1
1484	0
1485	2
1486	0
1487	2
1488	1
1489	1
1490	0
1491	1
1492	1
1493	1
1494	1
1495	2
1496	1
1497	2
1498	0
1499	2
1500	0
1501	2
1502	0
1503	1
1504	0
1505	1
1506	0
1507	1
1508	0
1509	1
1510	0
1511	0
1512	0
1513	0
1514	-1
1515	1
1516	-1
1517	0
1518	-1
1519	0
1520	-1
1521	0
1522	0
1523	0
1524	-1
1525	0
1526	0
1527	0
1528	-1
1529	0
1530	0
1531	0
1532	-1
1533	0
1534	0
1535	0
1536	0
1537	0
1538	0
1539	0
1540	0
1541	0
1542	0
1543	0
1544	0
1545	0
1546	0
1547	0
1548	-1
1549	0
1550	0
1551	0
1552	0
1553	0
1554	-1
1555	-1
1556	0
1557	-2
1558	-1
1559	-1
1560	-2
1561	-1
1562	-1
1563	-2
1564	-2
1565	0
1566	-3
1567	0
1568	-3
1569	-1
1570	-3
1571	-1
1572	-3
1573	-2
1574	-2
1575	-1
1576	-2
1577	-2
1578	-2
1579	-2
1580	-1
1581	-1
1582	-2
1583	-1
1584	0
1585	0
1586	-1
1587	0
1588	-1
1589	0
1590	0
1591	0
1592	0
1593	-1
1594	-1
1595	0
1596	-1
1597	0
1598	-1
1599	-1
1600	-1
1601	-1
1602	-1
1603	-1
1604	-2
1605	0
1606	-1
1607	0
1608	-2
1609	-1
1610	-2
1611	-1
1612	-1
1613	-1
1614	-2
1615	-1
1616	-2
1617	-1
1618	-1
1619	0
1620	-1
1621	-1
1622	-1
1623	0
1624	0
1625	0
1626	0
1627	0
1628	0
1629	0
1630	0
1631	1
1632	0
1633	2
1634	0
1635	2
1636	1
1637	1
1638	0
1639	1
1640	1
1641	2
1642	2
1643	2
1644	0
1645	3
1646	0
1647	2
1648	3
1649	3
1650	2
1651	3
1652	2
1653	2
1654	1
1655	4
1656	3
1657	5
1658	3
1659	3
1660	0
1661	4
1662	3
1663	4
1664	4
1665	4
1666	3
1667	3
1668	2
1669	3
1670	1
1671	4
1672	2
1673	3
1674	2
1675	2
1676	1
1677	3
1678	2
1679	3
1680	2
1681	2
1682	1
1683	2
1684	1
1685	1
1686	0
1687	1
1688	0
1689	1
1690	0
1691	1
1692	0
1693	0
1694	0
1695	0
1696	0
1697	0
1698	0
1699	0
1700	0
1701	0
1702	0
1703	0
1704	0
1705	0
1706	0
1707	0
1708	0
1709	0
1710	0
1711	0
1712	0
1713	0
1714	0
1715	1
1716	0
1717	0
1718	0
1719	0
1720	0
1721	0
1722	0
1723	0
1724	0
1725	0
1726	0
1727	0
1728	0
1729	0
1730	0
1731	1
1732	0
1733	1
1734	0
1735	1
1736	0
1737	1
1738	0
1739	2
1740	0
1741	0
1742	0
1743	1
1744	0
1745	1
1746	0
1747	0
1748	0
1749	0
1750	0
1751	0
1752	-1
1753	1
1754	-2
1755	0
1756	0
1757	0
1758	-2
1759	0
1760	0
1761	0
1762	0
1763	0
1764	0
1765	0
1766	0
1767	0
1768	-1
1769	0
1770	0
1771	0
1772	0
1773	0
1774	-2
1775	0
1776	-2
1777	0
1778	-1
1779	0
1780	-1
1781	0
1782	-1
1783	0
1784	-1
1785	0
1786	-1
1787	0
1788	-1
1789	0
1790	0
1791	1
1792	0
1793	0
1794	0
1795	0
1796	0
1797	0
1798	-1
1799	0
1800	-1
1801	0
1802	0
1803	0
1804	0
1805	0
1806	0
1807	0
1808	0
1809	0
1810	0
1811	0
1812	-1
1813	-1
1814	-1
1815	0
1816	-2
1817	0
1818	-3
1819	0
1820	-3
1821	0
1822	-2
1823	-1
1824	-3
1825	-1
1826	-2
1827	-1
1828	-2
1829	-2
1830	-2
1831	-1
1832	-2
1833	-1
1834	-2
1835	-1
1836	-2
1837	0
1838	-2
1839	-1
1840	-1
1841	0
1842	-1
1843	0
1844	-1
1845	0
1846	-1
1847	0
1848	-1
1849	0
1850	-1
1851	-1
1852	-2
1853	-1
1854	-2
1855	-1
1856	-1
1857	0
1858	-2
1859	-1
1860	-2
1861	-1
1862	-2
1863	0
1864	-2
1865	0
1866	-2
1867	0
1868	-1
1869	1
1870	-2
1871	0
1872	-1
1873	0
1874	0
1875	0
1876	0
1877	0
1878	0
1879	0
1880	0
1881	0
1882	0
1883	1
1884	0
1885	1
1886	0
1887	2
1888	0
1889	1
1890	0
1891	1
1892	0
1893	2
1894	0
1895	2
1896	0
1897	2
1898	0
1899	2
1900	0
1901	2
1902	0
1903	1
1904	0
1905	1
1906	0
1907	0
1908	0
1909	0
1910	0
1911	1
1912	0
1913	1
1914	0
1915	1
1916	0
1917	1
1918	0
1919	2
1920	0
1921	0
1922	0
1923	0
1924	0
1925	0
1926	0
1927	0
1928	0
1929	0
1930	0
1931	0
1932	0
1933	0
1934	0
1935	0
1936	0
1937	1
1938	0
1939	0
1940	0
1941	0
1942	0
1943	0
1944	0
1945	0
1946	0
1947	0
1948	0
1949	0
1950	0
1951	1
1952	0
1953	0
1954	-1
1955	0
1956	0
1957	0
1958	-1
1959	0
1960	-1
1961	0
1962	-1
1963	1
1964	0
1965	1
1966	0
1967	1
1968	0
1969	0
1970	0
1971	0
1972	0
1973	1
1974	0
1975	1
1976	0
1977	1
1978	0
1979	1
1980	-1
1981	1
1982	0
1983	1
1984	1
1985	0
1986	0
1987	0
1988	0
1989	0
1990	-1
1991	0
1992	0
1993	0
1994	0
1995	0
1996	-1
1997	0
1998	0
1999	0
