0	0
1	0
2	0
3	0
4	0
5	0
6	0
7	0
8	0
9	0
10	0
11	0
12	0
13	0
14	0
15	0
16	0
17	0
18	0
19	0
20	0
21	0
22	0
23	0
24	0
25	0
26	0
27	0
28	0
29	0
30	0
31	0
32	0
33	0
34	0
35	0
36	0
37	0
38	0
39	0
40	0
41	0
42	0
43	0
44	0
45	1
46	0
47	0
48	0
49	0
50	0
51	1
52	0
53	0
54	0
55	0
56	0
57	1
58	0
59	0
60	0
61	0
62	0
63	0
64	0
65	1
66	0
67	0
68	0
69	0
70	0
71	0
72	0
73	0
74	0
75	0
76	0
77	0
78	0
79	0
80	0
81	0
82	0
83	0
84	0
85	0
86	0
87	0
88	0
89	0
90	0
91	0
92	0
93	0
94	0
95	0
96	0
97	0
98	0
99	0
100	0
101	0
102	0
103	0
104	0
105	1
106	0
107	1
108	0
109	0
110	0
111	0
112	0
113	1
114	0
115	0
116	0
117	1
118	0
119	1
120	0
121	0
122	0
123	1
124	0
125	0
126	0
127	0
128	0
129	0
130	0
131	0
132	0
133	0
134	0
135	0
136	0
137	0
138	-1
139	0
140	0
141	0
142	0
143	0
144	0
145	0
146	-1
147	0
148	0
149	0
150	0
151	0
152	0
153	0
154	0
155	0
156	0
157	0
158	0
159	0
160	0
161	1
162	0
163	0
164	0
165	0
166	0
167	0
168	0
169	0
170	0
171	0
172	0
173	0
174	0
175	0
176	0
177	0
178	0
179	0
180	0
181	0
182	0
183	0
184	0
185	0
186	0
187	0
188	0
189	0
190	0
191	0
192	0
193	0
194	0
195	0
196	0
197	0
198	0
199	1
200	0
201	1
202	0
203	1
204	0
205	1
206	0
207	1
208	0
209	1
210	0
211	0
212	0
213	1
214	0
215	0
216	0
217	0
218	0
219	1
220	0
221	0
222	0
223	0
224	0
225	0
226	0
227	0
228	0
229	0
230	0
231	1
232	0
233	0
234	0
235	0
236	0
237	0
238	0
239	0
240	0
241	0
242	0
243	0
244	-1
245	0
246	0
247	0
248	-1
249	0
250	0
251	0
252	0
253	0
254	0
255	0
256	0
257	0
258	-1
259	0
260	0
261	0
262	0
263	0
264	0
265	0
266	0
267	0
268	0
269	0
270	0
271	0
272	0
273	0
274	0
275	0
276	0
277	1
278	0
279	0
280	0
281	0
282	0
283	0
284	0
285	0
286	0
287	0
288	0
289	0
290	0
291	0
292	0
293	1
294	0
295	0
296	0
297	0
298	0
299	0
300	0
301	0
302	0
303	0
304	0
305	1
306	0
307	1
308	0
309	0
310	0
311	0
312	0
313	0
314	0
315	0
316	0
317	0
318	0
319	0
320	0
321	0
322	0
323	0
324	0
325	0
326	0
327	0
328	0
329	0
330	0
331	0
332	0
333	0
334	0
335	0
336	0
337	0
338	0
339	0
340	0
341	0
342	0
343	0
344	0
345	0
346	0
347	0
348	0
349	0
350	0
351	0
352	0
353	0
354	0
355	0
356	0
357	0
358	0
359	0
360	0
361	1
362	0
363	1
364	0
365	0
366	0
367	0
368	0
369	0
370	0
371	0
372	0
373	0
374	0
375	1
376	0
377	1
378	0
379	0
380	0
381	0
382	0
383	0
384	0
385	1
386	0
387	0
388	0
389	0
390	0
391	0
392	0
393	0
394	0
395	0
396	0
397	0
398	0
399	0
400	0
401	0
402	0
403	0
404	0
405	0
406	0
407	0
408	0
409	0
410	0
411	0
412	0
413	0
414	0
415	0
416	0
417	0
418	0
419	0
420	0
421	1
422	0
423	0
424	0
425	1
426	0
427	0
428	0
429	0
430	0
431	1
432	0
433	1
434	1
435	1
436	2
437	4
438	4
439	9
440	7
441	12
442	11
443	14
444	14
445	19
446	19
447	24
448	24
449	30
450	30
451	34
452	35
453	40
454	41
455	45
456	45
457	50
458	52
459	54
460	57
461	59
462	61
463	63
464	63
465	67
466	66
467	70
468	70
469	73
470	72
471	74
472	74
473	75
474	75
475	77
476	75
477	77
478	75
479	78
480	76
481	78
482	78
483	78
484	77
485	78
486	75
487	78
488	75
489	77
490	74
491	75
492	73
493	75
494	73
495	73
496	74
497	74
498	75
499	78
500	62
501	70
502	67
503	68
504	66
505	68
506	64
507	67
508	61
509	62
510	61
511	60
512	58
513	59
514	56
515	56
516	53
517	53
518	51
519	50
520	47
521	48
522	46
523	47
524	45
525	46
526	42
527	42
528	38
529	39
530	35
531	36
532	33
533	33
534	32
535	32
536	30
537	29
538	27
539	27
540	26
541	24
542	24
543	23
544	20
545	22
546	17
547	19
548	15
549	16
550	13
551	13
552	12
553	11
554	11
555	11
556	10
557	9
558	9
559	9
560	7
561	8
562	7
563	7
564	6
565	6
566	4
567	5
568	4
569	4
570	2
571	4
572	3
573	3
574	1
575	4
576	2
577	2
578	0
579	2
580	0
581	1
582	0
583	1
584	0
585	1
586	-1
587	0
588	-2
589	-1
590	0
591	0
592	-1
593	0
594	-1
595	0
596	-2
597	0
598	-3
599	-2
600	-1
601	-1
602	-3
603	-2
604	-3
605	-1
606	-3
607	-2
608	-3
609	-2
610	-3
611	-1
612	-4
613	-2
614	-4
615	-2
616	-5
617	-4
618	-4
619	-4
620	-4
621	-3
622	-3
623	-3
624	-3
625	-2
626	-4
627	0
628	-3
629	0
630	-3
631	-1
632	-2
633	-1
634	-2
635	0
636	-1
637	0
638	-2
639	0
640	-1
641	0
642	-1
643	0
644	0
645	0
646	0
647	0
648	0
649	1
650	0
651	0
652	0
653	0
654	-1
655	0
656	0
657	0
658	0
659	0
660	0
661	0
662	0
663	0
664	-1
665	0
666	-1
667	0
668	0
669	0
670	-1
671	0
672	-1
673	0
674	-1
675	0
676	-1
677	1
678	0
679	0
680	-1
681	0
682	0
683	1
684	-1
685	0
686	-2
687	0
688	-1
689	0
690	0
691	0
692	0
693	0
694	-1
695	0
696	-1
697	0
698	-1
699	0
700	-1
701	0
702	-2
703	0
704	-1
705	-1
706	-1
707	-1
708	-2
709	0
710	-1
711	0
712	-2
713	0
714	-2
715	0
716	-2
717	0
718	-2
719	0
720	-2
721	0
722	-1
723	0
724	-1
725	0
726	-1
727	0
728	-2
729	0
730	-1
731	-1
732	0
733	-1
734	-1
735	-1
736	-2
737	-2
738	-1
739	-1
740	-1
741	0
742	-3
743	-1
744	-1
745	-2
746	-2
747	-2
748	-2
749	-1
750	-4
751	-2
752	-4
753	-2
754	-4
755	-3
756	-4
757	-2
758	-3
759	-2
760	-4
761	-2
762	-3
763	-1
764	-4
765	-1
766	-2
767	-3
768	-2
769	-2
770	-3
771	-2
772	-2
773	-1
774	-2
775	-1
776	-1
777	-1
778	-2
779	-1
780	-2
781	-1
782	-2
783	-1
784	-3
785	-1
786	-1
787	-2
788	-2
789	-2
790	-2
791	-1
792	-2
793	-1
794	-3
795	-1
796	-2
797	-1
798	-2
799	-2
800	-3
801	-1
802	-4
803	-1
804	-3
805	-2
806	-4
807	-2
808	-3
809	-1
810	-3
811	-1
812	-3
813	-3
814	-2
815	-1
816	-3
817	-1
818	-3
819	-1
820	-4
821	-1
822	-2
823	-1
824	-3
825	-2
826	-4
827	-2
828	-3
829	0
830	-3
831	-1
832	-3
833	-1
834	-3
835	0
836	-3
837	-2
838	-2
839	-3
840	-2
841	-1
842	-4
843	-1
844	-2
845	-2
846	-4
847	-1
848	-3
849	-1
850	-4
851	-1
852	-4
853	-1
854	-3
855	-1
856	-2
857	-1
858	-4
859	-1
860	-3
861	-2
862	-2
863	-2
864	-2
865	-2
866	-3
867	-3
868	-4
869	-3
870	-4
871	-3
872	-4
873	-2
874	-3
875	-1
876	-5
877	-3
878	-4
879	-2
880	-5
881	-3
882	-3
883	-3
884	-4
885	-2
886	-4
887	-1
888	-3
889	-2
890	-3
891	-3
892	-3
893	-2
894	-3
895	-1
896	-3
897	-1
898	-3
899	-2
900	-3
901	-1
902	-2
903	-1
904	-4
905	-1
906	-3
907	-1
908	-4
909	-2
910	-2
911	-1
912	-2
913	-1
914	-3
915	-1
916	-2
917	-2
918	-4
919	-1
920	-3
921	-2
922	-3
923	-2
924	-3
925	-1
926	-3
927	-1
928	-3
929	-1
930	-3
931	-1
932	-2
933	-3
934	-4
935	-3
936	-3
937	-2
938	-3
939	-1
940	-2
941	-1
942	-4
943	-1
944	-2
945	0
946	-1
947	-1
948	-3
949	-2
950	-2
951	-2
952	-3
953	-3
954	-2
955	-2
956	-3
957	-1
958	-3
959	-2
960	-4
961	-1
962	-3
963	0
964	-1
965	-2
966	-4
967	-2
968	-4
969	0
970	-3
971	-1
972	-2
973	-1
974	-1
975	-1
976	-1
977	0
978	-2
979	0
980	-3
981	-1
982	-2
983	0
984	-1
985	-1
986	-1
987	0
988	-1
989	0
990	-1
991	0
992	-1
993	0
994	-2
995	0
996	-2
997	0
998	0
999	0
1000	0
1001	0
1002	-1
1003	0
1004	-3
1005	0
1006	-1
1007	0
1008	-1
1009	0
1010	0
1011	0
1012	-2
1013	1
1014	-1
1015	0
1016	-1
1017	-1
1018	0
1019	0
1020	-2
1021	0
1022	-2
1023	0
1024	-2
1025	0
1026	-1
1027	0
1028	-1
1029	0
1030	-1
1031	0
1032	-1
1033	0
1034	-2
1035	0
1036	-2
1037	-1
1038	-4
1039	-1
1040	-3
1041	0
1042	-2
1043	-2
1044	-1
1045	-2
1046	-1
1047	-2
1048	-2
1049	0
1050	-3
1051	-1
1052	-3
1053	-1
1054	-3
1055	-1
1056	-2
1057	-1
1058	-3
1059	0
1060	-4
1061	0
1062	-4
1063	0
1064	-2
1065	-1
1066	-3
1067	-2
1068	-2
1069	-1
1070	-2
1071	-2
1072	-3
1073	-1
1074	-2
1075	-1
1076	-2
1077	-2
1078	-2
1079	-1
1080	-3
1081	0
1082	-2
1083	0
1084	-3
1085	-1
1086	-3
1087	-1
1088	-2
1089	-1
1090	-3
1091	-1
1092	-2
1093	-1
1094	-3
1095	-2
1096	-1
1097	-2
1098	-4
1099	-1
1100	-3
1101	-1
1102	-3
1103	-1
1104	-3
1105	-1
1106	-2
1107	-1
1108	-4
1109	0
1110	-2
1111	-1
1112	-2
1113	-1
1114	-2
1115	-1
1116	-1
1117	-1
1118	-1
1119	-1
1120	-2
1121	-1
1122	-3
1123	-2
1124	-2
1125	-1
1126	-3
1127	-1
1128	-3
1129	-1
1130	-2
1131	-1
1132	-1
1133	-2
1134	-3
1135	-3
1136	-3
1137	-1
1138	-4
1139	-2
1140	-3
1141	-2
1142	-2
1143	0
1144	-2
1145	-2
1146	-2
1147	-1
1148	-2
1149	0
1150	-2
1151	-1
1152	-2
1153	-1
1154	-3
1155	-1
1156	-3
1157	-2
1158	-2
1159	-1
1160	-1
1161	-1
1162	-1
1163	-2
1164	-1
1165	-1
1166	-2
1167	-1
1168	-3
1169	-1
1170	-2
1171	-2
1172	-2
1173	0
1174	-3
1175	0
1176	-2
1177	-1
1178	-4
1179	-1
1180	-3
1181	-1
1182	-2
1183	-1
1184	-1
1185	-2
1186	-2
1187	-1
1188	-1
1189	-1
1190	-2
1191	-1
1192	-2
1193	-1
1194	-3
1195	-1
1196	-2
1197	0
1198	-2
1199	-2
1200	-1
1201	0
1202	-1
1203	0
1204	-1
1205	0
1206	-1
1207	0
1208	-1
1209	0
1210	0
1211	-1
1212	-1
1213	0
1214	0
1215	0
1216	0
1217	0
1218	0
1219	-1
1220	-1
1221	0
1222	0
1223	0
1224	-1
1225	0
1226	-1
1227	-1
1228	-3
1229	-1
1230	-2
1231	-1
1232	-2
1233	-2
1234	-4
1235	-1
1236	-2
1237	-1
1238	-3
1239	-1
1240	-2
1241	-1
1242	-4
1243	-2
1244	-3
1245	-2
1246	-2
1247	-1
1248	-2
1249	0
1250	-2
1251	-2
1252	-1
1253	-2
1254	-1
1255	-1
1256	-2
1257	-1
1258	-2
1259	-1
1260	-2
1261	0
1262	-2
1263	-3
1264	-2
1265	0
1266	-3
1267	-1
1268	-2
1269	-1
1270	-2
1271	-2
1272	-1
1273	-2
1274	-2
1275	-2
1276	-3
1277	-1
1278	-4
1279	-1
1280	-3
1281	-1
1282	-2
1283	-1
1284	-2
1285	-1
1286	-2
1287	-1
1288	-2
1289	0
1290	-2
1291	-3
1292	-2
1293	-2
1294	-3
1295	-1
1296	-3
1297	-1
1298	-2
1299	-2
1300	-2
1301	-1
1302	-2
1303	-2
1304	-2
1305	-1
1306	-2
1307	0
1308	-1
1309	-1
1310	-2
1311	-1
1312	-3
1313	0
1314	-2
1315	0
1316	-2
1317	0
1318	-1
1319	0
1320	-2
1321	0
1322	-1
1323	0
1324	-1
1325	0
1326	-2
1327	0
1328	-2
1329	0
1330	-2
1331	0
1332	-2
1333	0
1334	-2
1335	-1
1336	-3
1337	0
1338	-2
1339	0
1340	-1
1341	0
1342	-1
1343	-1
1344	-2
1345	-1
1346	-1
1347	-2
1348	-3
1349	-1
1350	-2
1351	0
1352	-1
1353	-1
1354	-3
1355	0
1356	-3
1357	-1
1358	-2
1359	-1
1360	-1
1361	-1
1362	-2
1363	-1
1364	-1
1365	-1
1366	-2
1367	-1
1368	-1
1369	-1
1370	-2
1371	-1
1372	-2
1373	-1
1374	-2
1375	-1
1376	-2
1377	-1
1378	-2
1379	-1
1380	-3
1381	0
1382	-3
1383	-2
1384	-1
1385	-1
1386	-2
1387	-2
1388	-2
1389	-1
1390	-3
1391	-1
1392	-2
1393	-1
1394	-4
1395	-2
1396	-3
1397	-1
1398	-3
1399	-1
1400	-1
1401	-1
1402	-3
1403	-2
1404	-3
1405	0
1406	-2
1407	-1
1408	-2
1409	-1
1410	-2
1411	-1
1412	-2
1413	-1
1414	-1
1415	0
1416	-1
1417	0
1418	-2
1419	0
1420	-2
1421	0
1422	-2
1423	0
1424	-1
1425	-1
1426	-1
1427	-1
1428	-1
1429	0
1430	-1
1431	-1
1432	-1
1433	0
1434	0
1435	0
1436	0
1437	0
1438	-1
1439	0
1440	-1
1441	0
1442	-2
1443	0
1444	-1
1445	-1
1446	-2
1447	-1
1448	-2
1449	0
1450	-2
1451	0
1452	-1
1453	0
1454	-2
1455	-1
1456	-2
1457	-1
1458	-1
1459	0
1460	-1
1461	0
1462	-1
1463	0
1464	-2
1465	0
1466	-2
1467	-2
1468	-2
1469	-1
1470	-1
1471	0
1472	-1
1473	0
1474	-1
1475	-1
1476	-1
1477	-1
1478	-3
1479	-1
1480	-2
1481	-1
1482	-2
1483	0
1484	-2
1485	0
1486	-1
1487	0
1488	-1
1489	-1
1490	-2
1491	0
1492	-2
1493	-1
1494	-3
1495	0
1496	-2
1497	-1
1498	-2
1499	0
1500	-3
1501	0
1502	-2
1503	0
1504	-2
1505	0
1506	-1
1507	0
1508	-2
1509	-1
1510	-3
1511	-1
1512	-2
1513	-1
1514	-3
1515	-1
1516	-2
1517	0
1518	-2
1519	-1
1520	-2
1521	-1
1522	-2
1523	-1
1524	-3
1525	-1
1526	-2
1527	-2
1528	-2
1529	-2
1530	-2
1531	0
1532	-2
1533	-1
1534	-2
1535	-1
1536	-1
1537	-2
1538	-1
1539	0
1540	-2
1541	0
1542	0
1543	0
1544	-1
1545	0
1546	-1
1547	0
1548	-1
1549	0
1550	0
1551	0
1552	0
1553	0
1554	-1
1555	0
1556	-1
1557	0
1558	0
1559	0
1560	-1
1561	0
1562	-2
1563	0
1564	-1
1565	0
1566	0
1567	0
1568	0
1569	0
1570	-2
1571	0
1572	-1
1573	0
1574	0
1575	0
1576	0
1577	0
1578	-1
1579	0
1580	0
1581	-1
1582	-2
1583	-1
1584	-1
1585	-1
1586	-1
1587	0
1588	-1
1589	0
1590	-1
1591	0
1592	-1
1593	0
1594	-1
1595	0
1596	-1
1597	0
1598	-1
1599	0
1600	0
1601	0
1602	-1
1603	0
1604	-1
1605	0
1606	-1
1607	0
1608	-1
1609	0
1610	-1
1611	0
1612	-1
1613	-1
1614	-1
1615	0
1616	-3
1617	0
1618	-2
1619	0
1620	-1
1621	-1
1622	-1
1623	0
1624	-2
1625	0
1626	0
1627	0
1628	0
1629	-1
1630	0
1631	-1
1632	0
1633	0
1634	-1
1635	0
1636	-1
1637	0
1638	0
1639	0
1640	0
1641	-1
1642	-1
1643	0
1644	-1
1645	0
1646	-1
1647	-1
1648	-2
1649	0
1650	-1
1651	-1
1652	-1
1653	0
1654	-2
1655	0
1656	-1
1657	-1
1658	-1
1659	-1
1660	-1
1661	0
1662	-1
1663	0
1664	0
1665	0
1666	-1
1667	0
1668	-1
1669	0
1670	-1
1671	0
1672	-1
1673	0
1674	-1
1675	0
1676	-1
1677	0
1678	0
1679	0
1680	0
1681	0
1682	0
1683	0
1684	0
1685	-1
1686	0
1687	0
1688	0
1689	0
1690	-1
1691	0
1692	0
1693	0
1694	0
1695	0
1696	-1
1697	0
1698	-1
1699	0
1700	-2
1701	0
1702	-1
1703	0
1704	-2
1705	0
1706	-2
1707	-1
1708	-2
1709	-1
1710	-2
1711	0
1712	-3
1713	-2
1714	-2
1715	-1
1716	-2
1717	0
1718	-1
1719	0
1720	-1
1721	-1
1722	0
1723	0
1724	0
1725	0
1726	0
1727	0
1728	0
1729	0
1730	0
1731	-1
1732	0
1733	0
1734	0
1735	0
1736	0
1737	0
1738	0
1739	0
1740	0
1741	0
1742	0
1743	0
1744	0
1745	0
1746	-1
1747	0
1748	0
1749	0
1750	0
1751	0
1752	-1
1753	0
1754	-1
1755	0
1756	0
1757	0
1758	0
1759	0
1760	0
1761	0
1762	0
1763	0
1764	-1
1765	0
1766	0
1767	-1
1768	-1
1769	-1
1770	0
1771	0
1772	-1
1773	0
1774	-1
1775	0
1776	-1
1777	0
1778	0
1779	0
1780	0
1781	0
1782	0
1783	0
1784	-2
1785	0
1786	-1
1787	0
1788	-1
1789	-1
1790	-1
1791	0
1792	-1
1793	0
1794	-1
1795	0
1796	-1
1797	0
1798	-2
1799	0
1800	-1
1801	0
1802	-1
1803	0
1804	-1
1805	-1
1806	-1
1807	0
1808	-2
1809	0
1810	-1
1811	0
1812	-2
1813	0
1814	0
1815	0
1816	0
1817	0
1818	-1
1819	0
1820	0
1821	0
1822	-1
1823	0
1824	0
1825	0
1826	-1
1827	0
1828	0
1829	0
1830	0
1831	0
1832	-1
1833	0
1834	0
1835	0
1836	0
1837	0
1838	-1
1839	0
1840	-1
1841	0
1842	0
1843	0
1844	0
1845	0
1846	0
1847	0
1848	0
1849	0
1850	-1
1851	0
1852	-1
1853	0
1854	0
1855	-1
1856	0
1857	0
1858	-1
1859	-1
1860	-1
1861	-1
1862	-1
1863	0
1864	-2
1865	0
1866	-1
1867	0
1868	-2
1869	0
1870	-2
1871	0
1872	-1
1873	-1
1874	-2
1875	0
1876	-2
1877	0
1878	-1
1879	0
1880	-2
1881	0
1882	-1
1883	0
1884	-2
1885	0
1886	0
1887	0
1888	-1
1889	0
1890	-2
1891	0
1892	-1
1893	0
1894	-1
1895	0
1896	-2
1897	0
1898	-1
1899	0
1900	-1
1901	0
1902	-1
1903	0
1904	-1
1905	0
1906	-1
1907	-1
1908	-1
1909	0
1910	-1
1911	0
1912	-1
1913	0
1914	0
1915	0
1916	0
1917	0
1918	0
1919	0
1920	0
1921	0
1922	-1
1923	0
1924	-1
1925	0
1926	0
1927	0
1928	0
1929	0
1930	0
1931	0
1932	0
1933	0
1934	0
1935	0
1936	-1
1937	0
1938	-1
1939	0
1940	-1
1941	0
1942	0
1943	0
1944	0
1945	0
1946	-1
1947	0
1948	0
1949	0
1950	0
1951	0
1952	0
1953	0
1954	0
1955	0
1956	-1
1957	0
1958	0
1959	0
1960	0
1961	0
1962	0
1963	0
1964	0
1965	0
1966	0
1967	0
1968	0
1969	0
1970	0
1971	0
1972	0
1973	0
1974	0
1975	0
1976	0
1977	0
1978	0
1979	0
1980	0
1981	0
1982	0
1983	0
1984	-1
1985	0
1986	0
1987	0
1988	0
1989	0
1990	0
1991	0
1992	0
1993	0
1994	0
1995	0
1996	0
1997	1
1998	0
1999	1
