0	0
1	2
2	1
3	2
4	0
5	1
6	0
7	0
8	0
9	0
10	0
11	0
12	0
13	0
14	0
15	1
16	-1
17	0
18	0
19	0
20	0
21	0
22	0
23	0
24	-1
25	0
26	-1
27	0
28	0
29	0
30	0
31	0
32	0
33	0
34	-1
35	0
36	0
37	0
38	0
39	0
40	-1
41	0
42	0
43	0
44	-1
45	0
46	-1
47	0
48	0
49	0
50	0
51	0
52	0
53	0
54	0
55	1
56	0
57	0
58	0
59	1
60	0
61	1
62	0
63	1
64	0
65	1
66	0
67	0
68	0
69	1
70	0
71	1
72	0
73	0
74	0
75	0
76	0
77	0
78	0
79	0
80	0
81	0
82	0
83	0
84	0
85	1
86	0
87	0
88	0
89	1
90	0
91	0
92	0
93	1
94	0
95	0
96	0
97	1
98	0
99	1
100	0
101	0
102	0
103	1
104	0
105	1
106	0
107	0
108	0
109	0
110	0
111	0
112	0
113	0
114	0
115	0
116	0
117	0
118	0
119	0
120	0
121	0
122	0
123	0
124	0
125	0
126	0
127	1
128	0
129	1
130	0
131	1
132	0
133	1
134	0
135	1
136	0
137	1
138	0
139	2
140	0
141	1
142	0
143	0
144	0
145	0
146	0
147	0
148	0
149	0
150	0
151	0
152	0
153	0
154	0
155	0
156	-1
157	0
158	0
159	0
160	-1
161	0
162	0
163	0
164	0
165	1
166	0
167	0
168	0
169	0
170	0
171	1
172	0
173	1
174	0
175	0
176	0
177	0
178	0
179	1
180	0
181	1
182	1
183	1
184	0
185	2
186	0
187	2
188	0
189	1
190	0
191	2
192	0
193	1
194	0
195	1
196	0
197	2
198	0
199	0
200	0
201	0
202	0
203	1
204	0
205	0
206	0
207	0
208	0
209	0
210	0
211	0
212	0
213	0
214	-1
215	0
216	0
217	0
218	0
219	0
220	0
221	0
222	0
223	0
224	0
225	0
226	0
227	0
228	0
229	0
230	0
231	0
232	1
233	1
234	0
235	1
236	0
237	1
238	1
239	2
240	0
241	1
242	0
243	1
244	0
245	0
246	0
247	0
248	0
249	0
250	0
251	1
252	0
253	0
254	0
255	0
256	-1
257	0
258	0
259	0
260	-1
261	1
262	0
263	0
264	0
265	0
266	0
267	0
268	0
269	0
270	-1
271	0
272	-1
273	0
274	-1
275	0
276	0
277	0
278	0
279	0
280	0
281	0
282	0
283	1
284	0
285	1
286	0
287	0
288	0
289	0
290	0
291	1
292	0
293	0
294	0
295	0
296	0
297	1
298	0
299	0
300	0
301	0
302	0
303	0
304	-1
305	0
306	0
307	0
308	0
309	0
310	-1
311	0
312	0
313	0
314	0
315	0
316	0
317	0
318	0
319	0
320	0
321	0
322	0
323	1
324	0
325	0
326	0
327	0
328	0
329	1
330	0
331	2
332	0
333	1
334	0
335	1
336	0
337	1
338	0
339	1
340	0
341	2
342	0
343	1
344	0
345	2
346	0
347	1
348	0
349	1
350	1
351	2
352	0
353	2
354	0
355	1
356	0
357	2
358	0
359	0
360	0
361	0
362	0
363	1
364	0
365	0
366	0
367	0
368	0
369	0
370	0
371	0
372	0
373	0
374	0
375	1
376	0
377	1
378	0
379	1
380	0
381	2
382	0
383	2
384	0
385	1
386	1
387	0
388	0
389	0
390	0
391	1
392	0
393	0
394	0
395	0
396	-1
397	0
398	-1
399	0
400	-1
401	0
402	-1
403	0
404	-2
405	0
406	-1
407	0
408	-1
409	0
410	-1
411	0
412	-1
413	0
414	0
415	0
416	0
417	1
418	-1
419	0
420	0
421	1
422	0
423	1
424	0
425	1
426	0
427	0
428	0
429	1
430	0
431	1
432	1
433	3
434	1
435	4
436	2
437	8
438	7
439	11
440	11
441	16
442	16
443	22
444	22
445	27
446	29
447	35
448	35
449	42
450	43
451	49
452	50
453	56
454	58
455	63
456	63
457	70
458	70
459	74
460	74
461	82
462	80
463	84
464	85
465	88
466	89
467	95
468	91
469	96
470	94
471	98
472	96
473	99
474	96
475	100
476	97
477	98
478	96
479	98
480	96
481	97
482	94
483	95
484	91
485	92
486	88
487	89
488	86
489	87
490	83
491	84
492	80
493	80
494	75
495	76
496	75
497	76
498	76
499	78
500	62
501	69
502	64
503	65
504	62
505	64
506	59
507	61
508	57
509	58
510	53
511	55
512	52
513	52
514	49
515	51
516	44
517	47
518	42
519	43
520	40
521	41
522	37
523	40
524	33
525	37
526	31
527	34
528	29
529	30
530	27
531	27
532	24
533	25
534	22
535	24
536	21
537	22
538	19
539	20
540	19
541	19
542	14
543	18
544	13
545	16
546	11
547	13
548	11
549	14
550	8
551	11
552	6
553	10
554	6
555	8
556	5
557	8
558	4
559	5
560	4
561	6
562	3
563	5
564	2
565	5
566	1
567	4
568	2
569	3
570	0
571	3
572	1
573	3
574	0
575	1
576	0
577	1
578	0
579	1
580	-1
581	0
582	-1
583	0
584	0
585	0
586	-1
587	0
588	-2
589	0
590	-3
591	0
592	-2
593	0
594	-2
595	-1
596	-4
597	0
598	-2
599	-1
600	-2
601	-2
602	-1
603	-1
604	-3
605	-1
606	-2
607	-1
608	-3
609	0
610	-3
611	0
612	-3
613	0
614	-3
615	0
616	-4
617	-1
618	-4
619	0
620	-4
621	-2
622	-4
623	-2
624	-5
625	-2
626	-4
627	-2
628	-4
629	-1
630	-4
631	-2
632	-4
633	-2
634	-4
635	-3
636	-4
637	-2
638	-4
639	-2
640	-4
641	-2
642	-4
643	-1
644	-3
645	0
646	-3
647	-1
648	-2
649	0
650	-3
651	0
652	-1
653	0
654	-3
655	0
656	-2
657	0
658	-3
659	0
660	-2
661	0
662	-3
663	0
664	-3
665	0
666	-2
667	-1
668	-3
669	0
670	-2
671	0
672	-2
673	0
674	-1
675	-1
676	-2
677	0
678	-3
679	0
680	-3
681	0
682	-4
683	0
684	-2
685	0
686	-2
687	0
688	-3
689	-1
690	-4
691	-1
692	-4
693	-1
694	-4
695	-2
696	-2
697	-1
698	-3
699	-1
700	-2
701	-1
702	-4
703	-2
704	-3
705	-2
706	-3
707	-2
708	-3
709	-1
710	-3
711	-1
712	-3
713	0
714	-3
715	-1
716	-4
717	-1
718	-4
719	-1
720	-3
721	-1
722	-3
723	-1
724	-3
725	-2
726	-3
727	0
728	-2
729	-2
730	-2
731	-1
732	-1
733	0
734	-4
735	-1
736	-2
737	0
738	-2
739	-1
740	-3
741	0
742	-4
743	0
744	-3
745	0
746	-3
747	0
748	-4
749	-1
750	-3
751	-1
752	-4
753	0
754	-3
755	0
756	-4
757	-1
758	-2
759	-1
760	-4
761	-2
762	-3
763	-2
764	-3
765	-3
766	-3
767	-2
768	-4
769	-1
770	-4
771	-2
772	-4
773	-2
774	-4
775	-2
776	-5
777	-2
778	-7
779	-2
780	-5
781	-4
782	-5
783	-2
784	-6
785	-2
786	-4
787	-2
788	-4
789	-1
790	-4
791	-2
792	-6
793	-1
794	-3
795	0
796	-3
797	-1
798	-3
799	-2
800	-4
801	0
802	-3
803	0
804	-4
805	-2
806	-2
807	-2
808	-2
809	-1
810	-2
811	-2
812	-3
813	-2
814	-4
815	-2
816	-3
817	-2
818	-5
819	-1
820	-3
821	-2
822	-4
823	-2
824	-4
825	-2
826	-4
827	-1
828	-4
829	-2
830	-4
831	-2
832	-5
833	-2
834	-4
835	-2
836	-4
837	-1
838	-6
839	-2
840	-5
841	-2
842	-5
843	-2
844	-3
845	-3
846	-4
847	-2
848	-6
849	-2
850	-5
851	-3
852	-5
853	-4
854	-6
855	-3
856	-5
857	-2
858	-5
859	-2
860	-5
861	-2
862	-4
863	-2
864	-4
865	-2
866	-4
867	-1
868	-4
869	-1
870	-4
871	-1
872	-4
873	0
874	-3
875	0
876	-3
877	0
878	-2
879	0
880	-3
881	0
882	-2
883	0
884	-3
885	0
886	-2
887	0
888	-3
889	0
890	-1
891	0
892	-1
893	0
894	-3
895	0
896	-4
897	0
898	-5
899	-1
900	-4
901	-1
902	-4
903	-2
904	-4
905	-2
906	-5
907	-2
908	-5
909	-3
910	-5
911	-3
912	-4
913	-3
914	-5
915	-4
916	-5
917	-4
918	-6
919	-4
920	-6
921	-2
922	-4
923	-2
924	-6
925	-1
926	-5
927	-1
928	-4
929	-1
930	-4
931	-1
932	-4
933	-1
934	-3
935	-1
936	-4
937	-1
938	-2
939	-1
940	-4
941	-2
942	-3
943	-2
944	-5
945	-2
946	-5
947	-2
948	-4
949	-2
950	-5
951	-3
952	-4
953	-3
954	-4
955	-3
956	-4
957	-3
958	-4
959	-3
960	-4
961	-3
962	-5
963	-2
964	-6
965	-2
966	-5
967	-1
968	-4
969	-2
970	-4
971	-2
972	-4
973	-2
974	-4
975	-2
976	-2
977	-3
978	-3
979	-2
980	-5
981	-1
982	-4
983	-1
984	-4
985	-2
986	-4
987	-1
988	-4
989	-2
990	-4
991	0
992	-4
993	-1
994	-4
995	-1
996	-3
997	-2
998	-2
999	-1
1000	-4
1001	-2
1002	-5
1003	-2
1004	-4
1005	-1
1006	-4
1007	-2
1008	-4
1009	0
1010	-4
1011	-1
1012	-3
1013	-1
1014	-3
1015	-2
1016	-2
1017	0
1018	-2
1019	-1
1020	-2
1021	0
1022	-2
1023	0
1024	-4
1025	0
1026	-4
1027	-1
1028	-5
1029	0
1030	-3
1031	-1
1032	-5
1033	0
1034	-5
1035	0
1036	-5
1037	-1
1038	-4
1039	-2
1040	-4
1041	-2
1042	-5
1043	-2
1044	-4
1045	-3
1046	-6
1047	-3
1048	-6
1049	-3
1050	-6
1051	-3
1052	-5
1053	-2
1054	-4
1055	-2
1056	-4
1057	-2
1058	-4
1059	-2
1060	-3
1061	-2
1062	-4
1063	-1
1064	-4
1065	-1
1066	-2
1067	-2
1068	-2
1069	-1
1070	-3
1071	-1
1072	-2
1073	0
1074	-2
1075	-1
1076	-2
1077	-1
1078	-2
1079	0
1080	-3
1081	-1
1082	-2
1083	-1
1084	-4
1085	0
1086	-3
1087	0
1088	-2
1089	0
1090	-2
1091	0
1092	-3
1093	0
1094	-2
1095	0
1096	-2
1097	0
1098	-2
1099	0
1100	-2
1101	0
1102	-4
1103	0
1104	-3
1105	0
1106	-3
1107	0
1108	-2
1109	0
1110	-3
1111	0
1112	-2
1113	0
1114	-2
1115	0
1116	-2
1117	0
1118	-1
1119	0
1120	-1
1121	0
1122	0
1123	1
1124	0
1125	2
1126	-1
1127	1
1128	-1
1129	1
1130	-1
1131	2
1132	0
1133	1
1134	0
1135	1
1136	0
1137	0
1138	-1
1139	1
1140	0
1141	1
1142	0
1143	1
1144	-1
1145	0
1146	-1
1147	0
1148	-1
1149	0
1150	-1
1151	0
1152	-2
1153	0
1154	-3
1155	-1
1156	-3
1157	0
1158	-3
1159	-1
1160	-3
1161	0
1162	-1
1163	0
1164	-2
1165	0
1166	-3
1167	-1
1168	-3
1169	-1
1170	-2
1171	-2
1172	-3
1173	-2
1174	-3
1175	-1
1176	-4
1177	-2
1178	-4
1179	-1
1180	-3
1181	-1
1182	-3
1183	-1
1184	-2
1185	0
1186	-2
1187	-1
1188	-3
1189	-1
1190	-3
1191	-3
1192	-3
1193	-1
1194	-3
1195	-1
1196	-3
1197	-2
1198	-2
1199	-1
1200	-3
1201	-1
1202	-3
1203	-1
1204	-3
1205	-1
1206	-3
1207	0
1208	-1
1209	-1
1210	-1
1211	0
1212	-3
1213	-1
1214	-3
1215	-1
1216	-3
1217	-1
1218	-2
1219	-1
1220	-4
1221	-2
1222	-3
1223	-1
1224	-3
1225	-1
1226	-3
1227	-1
1228	-2
1229	-1
1230	-3
1231	-2
1232	-2
1233	-2
1234	-3
1235	0
1236	-2
1237	-1
1238	-3
1239	-1
1240	-2
1241	0
1242	-3
1243	0
1244	-4
1245	-1
1246	-4
1247	0
1248	-3
1249	-1
1250	-3
1251	0
1252	-1
1253	0
1254	-3
1255	0
1256	-3
1257	-2
1258	-3
1259	-1
1260	-1
1261	-2
1262	-1
1263	0
1264	-2
1265	-1
1266	-2
1267	0
1268	-2
1269	0
1270	-3
1271	-1
1272	-2
1273	-1
1274	-2
1275	-1
1276	0
1277	-1
1278	-1
1279	0
1280	-2
1281	-1
1282	-2
1283	0
1284	-2
1285	-1
1286	-2
1287	-1
1288	-3
1289	-2
1290	-3
1291	0
1292	-3
1293	-1
1294	-3
1295	0
1296	-4
1297	-1
1298	-3
1299	-1
1300	-2
1301	0
1302	-2
1303	0
1304	-4
1305	0
1306	-2
1307	0
1308	-1
1309	0
1310	-1
1311	0
1312	-2
1313	0
1314	-2
1315	0
1316	-2
1317	0
1318	-1
1319	0
1320	-2
1321	0
1322	-2
1323	0
1324	-3
1325	0
1326	-2
1327	0
1328	-2
1329	-1
1330	-2
1331	-1
1332	-2
1333	-1
1334	-3
1335	-1
1336	-3
1337	-1
1338	-2
1339	-1
1340	-4
1341	-2
1342	-3
1343	-1
1344	-3
1345	-2
1346	-3
1347	-2
1348	-2
1349	-3
1350	-3
1351	-3
1352	-2
1353	-1
1354	-2
1355	-2
1356	-2
1357	0
1358	-3
1359	-1
1360	-1
1361	0
1362	0
1363	0
1364	-2
1365	-1
1366	-2
1367	0
1368	-1
1369	0
1370	-2
1371	0
1372	-2
1373	0
1374	-1
1375	0
1376	-1
1377	-1
1378	-1
1379	0
1380	-3
1381	0
1382	-2
1383	0
1384	-1
1385	0
1386	-1
1387	0
1388	-2
1389	0
1390	-1
1391	0
1392	-1
1393	-2
1394	-2
1395	-1
1396	-1
1397	0
1398	-1
1399	-1
1400	-1
1401	0
1402	-2
1403	0
1404	-1
1405	-1
1406	-2
1407	-1
1408	-2
1409	0
1410	-2
1411	-1
1412	-2
1413	-1
1414	-2
1415	-1
1416	-2
1417	0
1418	-1
1419	-1
1420	-2
1421	0
1422	-1
1423	0
1424	-2
1425	0
1426	-2
1427	-1
1428	-1
1429	0
1430	-1
1431	0
1432	-2
1433	0
1434	-1
1435	0
1436	-1
1437	0
1438	-2
1439	0
1440	-2
1441	0
1442	-3
1443	0
1444	-1
1445	0
1446	-2
1447	-1
1448	-2
1449	0
1450	-1
1451	-1
1452	0
1453	-1
1454	-1
1455	-1
1456	-2
1457	0
1458	-2
1459	0
1460	-2
1461	0
1462	-1
1463	0
1464	-1
1465	-1
1466	-3
1467	0
1468	-2
1469	0
1470	-2
1471	0
1472	-1
1473	0
1474	-1
1475	0
1476	-2
1477	0
1478	-2
1479	0
1480	-2
1481	0
1482	-3
1483	0
1484	-1
1485	0
1486	-3
1487	0
1488	-3
1489	0
1490	-3
1491	0
1492	-2
1493	0
1494	-2
1495	0
1496	-1
1497	1
1498	-3
1499	0
1500	-3
1501	0
1502	-1
1503	0
1504	-1
1505	0
1506	-2
1507	0
1508	-1
1509	0
1510	-2
1511	0
1512	-1
1513	0
1514	-1
1515	0
1516	-1
1517	0
1518	-2
1519	-1
1520	-2
1521	0
1522	-1
1523	0
1524	-2
1525	0
1526	-1
1527	-1
1528	0
1529	-1
1530	-1
1531	-1
1532	-2
1533	-1
1534	-2
1535	-1
1536	-1
1537	0
1538	-1
1539	0
1540	-2
1541	-1
1542	-1
1543	0
1544	-1
1545	0
1546	0
1547	0
1548	0
1549	0
1550	-1
1551	0
1552	-1
1553	0
1554	-2
1555	0
1556	0
1557	0
1558	-1
1559	0
1560	0
1561	0
1562	-1
1563	0
1564	-1
1565	-1
1566	-1
1567	-1
1568	-1
1569	-1
1570	-3
1571	-1
1572	-3
1573	0
1574	-1
1575	-1
1576	-1
1577	-1
1578	-1
1579	0
1580	-1
1581	-1
1582	-2
1583	0
1584	-2
1585	0
1586	-1
1587	0
1588	0
1589	0
1590	-1
1591	0
1592	-1
1593	0
1594	0
1595	-1
1596	-1
1597	0
1598	0
1599	0
1600	-1
1601	0
1602	-1
1603	0
1604	-1
1605	0
1606	-1
1607	0
1608	-1
1609	0
1610	-2
1611	0
1612	-1
1613	0
1614	0
1615	0
1616	-1
1617	0
1618	-2
1619	0
1620	-1
1621	0
1622	-2
1623	0
1624	-2
1625	0
1626	-1
1627	0
1628	-2
1629	0
1630	-1
1631	0
1632	-1
1633	0
1634	-1
1635	0
1636	-2
1637	0
1638	-2
1639	0
1640	-1
1641	0
1642	-1
1643	0
1644	-1
1645	-1
1646	-1
1647	0
1648	-2
1649	0
1650	-1
1651	0
1652	0
1653	0
1654	-2
1655	0
1656	-1
1657	0
1658	0
1659	0
1660	0
1661	0
1662	-1
1663	0
1664	-2
1665	0
1666	-2
1667	-1
1668	-2
1669	0
1670	-2
1671	-1
1672	-1
1673	0
1674	-1
1675	0
1676	-1
1677	0
1678	0
1679	0
1680	-1
1681	0
1682	0
1683	0
1684	-1
1685	0
1686	-1
1687	0
1688	-2
1689	0
1690	0
1691	0
1692	0
1693	0
1694	-1
1695	0
1696	-1
1697	0
1698	-2
1699	0
1700	-1
1701	0
1702	-1
1703	-1
1704	-2
1705	0
1706	-1
1707	0
1708	-1
1709	0
1710	-1
1711	-1
1712	-1
1713	-1
1714	-1
1715	0
1716	0
1717	0
1718	-1
1719	0
1720	-2
1721	0
1722	0
1723	0
1724	-1
1725	1
1726	0
1727	0
1728	-1
1729	0
1730	-1
1731	0
1732	0
1733	0
1734	0
1735	1
1736	0
1737	0
1738	0
1739	0
1740	0
1741	1
1742	0
1743	1
1744	0
1745	1
1746	0
1747	1
1748	1
1749	1
1750	1
1751	2
1752	0
1753	2
1754	0
1755	2
1756	0
1757	2
1758	1
1759	2
1760	2
1761	2
1762	2
1763	1
1764	2
1765	1
1766	1
1767	1
1768	0
1769	1
1770	0
1771	1
1772	0
1773	1
1774	1
1775	1
1776	0
1777	1
1778	0
1779	1
1780	0
1781	1
1782	0
1783	0
1784	0
1785	0
1786	0
1787	1
1788	0
1789	0
1790	0
1791	0
1792	0
1793	0
1794	0
1795	0
1796	0
1797	0
1798	-1
1799	0
1800	-2
1801	0
1802	-1
1803	0
1804	-1
1805	0
1806	0
1807	0
1808	0
1809	0
1810	0
1811	0
1812	0
1813	0
1814	-2
1815	0
1816	-2
1817	0
1818	-2
1819	0
1820	-1
1821	0
1822	-1
1823	-1
1824	-1
1825	0
1826	-1
1827	0
1828	-1
1829	0
1830	-1
1831	0
1832	-1
1833	0
1834	-2
1835	0
1836	-1
1837	0
1838	-1
1839	0
1840	0
1841	0
1842	-1
1843	0
1844	0
1845	0
1846	-2
1847	0
1848	-1
1849	0
1850	-2
1851	0
1852	-3
1853	0
1854	-2
1855	0
1856	-1
1857	0
1858	-1
1859	0
1860	-2
1861	0
1862	-1
1863	0
1864	-2
1865	0
1866	-1
1867	0
1868	-2
1869	0
1870	-1
1871	0
1872	-1
1873	0
1874	-1
1875	0
1876	0
1877	0
1878	0
1879	0
1880	0
1881	1
1882	-1
1883	0
1884	-1
1885	0
1886	0
1887	1
1888	0
1889	0
1890	0
1891	1
1892	0
1893	0
1894	0
1895	0
1896	0
1897	0
1898	0
1899	0
1900	0
1901	0
1902	-1
1903	0
1904	-1
1905	0
1906	-1
1907	0
1908	-1
1909	-1
1910	-1
1911	0
1912	-1
1913	0
1914	-1
1915	0
1916	-1
1917	0
1918	-2
1919	0
1920	-2
1921	0
1922	-2
1923	0
1924	-1
1925	-1
1926	-2
1927	0
1928	-2
1929	0
1930	-1
1931	-1
1932	-1
1933	0
1934	-2
1935	0
1936	-2
1937	-1
1938	-2
1939	0
1940	-2
1941	0
1942	-1
1943	0
1944	-1
1945	0
1946	-1
1947	0
1948	0
1949	0
1950	0
1951	0
1952	-1
1953	0
1954	-1
1955	0
1956	-1
1957	0
1958	0
1959	0
1960	0
1961	0
1962	0
1963	0
1964	0
1965	1
1966	0
1967	1
1968	0
1969	1
1970	0
1971	1
1972	0
1973	1
1974	0
1975	0
1976	0
1977	0
1978	0
1979	0
1980	0
1981	0
1982	0
1983	0
1984	0
1985	0
1986	-1
1987	0
1988	-1
1989	0
1990	-2
1991	0
1992	-1
1993	0
1994	-2
1995	0
1996	-1
1997	0
1998	-1
1999	-1
