0	0
1	-1
2	0
3	0
4	0
5	-1
6	0
7	0
8	0
9	0
10	0
11	0
12	0
13	0
14	0
15	0
16	0
17	0
18	0
19	0
20	0
21	0
22	0
23	0
24	0
25	0
26	0
27	0
28	0
29	0
30	0
31	0
32	0
33	0
34	0
35	0
36	0
37	-1
38	0
39	0
40	-1
41	0
42	0
43	0
44	0
45	0
46	0
47	0
48	0
49	0
50	0
51	0
52	0
53	1
54	0
55	0
56	1
57	2
58	1
59	1
60	0
61	1
62	0
63	1
64	0
65	1
66	0
67	1
68	0
69	1
70	0
71	1
72	0
73	0
74	1
75	1
76	0
77	1
78	0
79	0
80	0
81	1
82	0
83	0
84	0
85	0
86	0
87	0
88	0
89	0
90	0
91	0
92	0
93	0
94	0
95	0
96	0
97	0
98	0
99	0
100	0
101	0
102	0
103	0
104	0
105	0
106	0
107	0
108	0
109	0
110	0
111	0
112	0
113	0
114	-1
115	0
116	0
117	0
118	-1
119	0
120	0
121	0
122	0
123	0
124	0
125	0
126	0
127	0
128	0
129	0
130	0
131	0
132	-1
133	0
134	0
135	0
136	0
137	0
138	0
139	0
140	-1
141	0
142	0
143	-1
144	0
145	0
146	0
147	0
148	0
149	0
150	0
151	0
152	0
153	-1
154	0
155	0
156	0
157	0
158	0
159	0
160	0
161	0
162	0
163	0
164	0
165	1
166	0
167	0
168	0
169	1
170	0
171	0
172	1
173	0
174	1
175	2
176	1
177	1
178	0
179	1
180	0
181	2
182	0
183	1
184	0
185	2
186	1
187	2
188	1
189	1
190	0
191	1
192	0
193	1
194	1
195	1
196	1
197	0
198	0
199	0
200	1
201	0
202	0
203	0
204	0
205	0
206	0
207	1
208	-1
209	0
210	0
211	0
212	0
213	0
214	0
215	0
216	0
217	0
218	0
219	0
220	0
221	0
222	0
223	0
224	0
225	0
226	0
227	0
228	0
229	-1
230	0
231	0
232	0
233	0
234	0
235	0
236	0
237	0
238	0
239	0
240	0
241	0
242	0
243	0
244	0
245	0
246	0
247	0
248	0
249	0
250	0
251	0
252	0
253	0
254	0
255	0
256	0
257	0
258	0
259	0
260	0
261	0
262	0
263	0
264	0
265	0
266	0
267	0
268	0
269	0
270	0
271	0
272	0
273	0
274	0
275	0
276	0
277	0
278	0
279	0
280	0
281	0
282	-1
283	0
284	0
285	0
286	0
287	0
288	0
289	0
290	0
291	0
292	0
293	0
294	0
295	0
296	0
297	0
298	0
299	0
300	0
301	0
302	0
303	1
304	0
305	0
306	0
307	2
308	0
309	0
310	0
311	0
312	0
313	0
314	0
315	0
316	0
317	0
318	0
319	0
320	0
321	0
322	0
323	0
324	0
325	0
326	0
327	0
328	0
329	1
330	0
331	0
332	0
333	0
334	0
335	0
336	0
337	0
338	0
339	0
340	0
341	0
342	0
343	0
344	0
345	0
346	0
347	1
348	0
349	0
350	0
351	0
352	0
353	0
354	0
355	0
356	0
357	0
358	0
359	0
360	-1
361	0
362	0
363	0
364	0
365	0
366	-1
367	0
368	0
369	0
370	0
371	0
372	0
373	0
374	0
375	0
376	0
377	0
378	0
379	0
380	-1
381	0
382	0
383	0
384	0
385	0
386	0
387	0
388	0
389	1
390	0
391	0
392	0
393	0
394	0
395	0
396	0
397	0
398	0
399	0
400	0
401	0
402	0
403	1
404	0
405	0
406	0
407	0
408	0
409	0
410	0
411	0
412	0
413	0
414	0
415	0
416	0
417	0
418	0
419	0
420	0
421	0
422	0
423	1
424	0
425	0
426	0
427	0
428	0
429	0
430	0
431	0
432	0
433	1
434	0
435	1
436	1
437	6
438	6
439	10
440	12
441	16
442	18
443	23
444	25
445	33
446	34
447	42
448	45
449	50
450	54
451	62
452	64
453	70
454	73
455	80
456	84
457	90
458	94
459	100
460	102
461	108
462	109
463	116
464	118
465	123
466	124
467	130
468	131
469	136
470	137
471	140
472	139
473	141
474	140
475	142
476	140
477	142
478	141
479	140
480	138
481	137
482	134
483	133
484	129
485	127
486	123
487	120
488	119
489	115
490	109
491	106
492	101
493	97
494	92
495	90
496	85
497	79
498	77
499	78
500	62
501	64
502	60
503	56
504	50
505	48
506	42
507	39
508	34
509	32
510	29
511	24
512	19
513	19
514	14
515	12
516	8
517	7
518	3
519	0
520	-3
521	-5
522	-7
523	-9
524	-12
525	-11
526	-16
527	-17
528	-20
529	-21
530	-23
531	-24
532	-26
533	-26
534	-29
535	-28
536	-31
537	-32
538	-33
539	-34
540	-36
541	-36
542	-38
543	-38
544	-39
545	-39
546	-41
547	-40
548	-41
549	-41
550	-42
551	-42
552	-43
553	-42
554	-42
555	-43
556	-43
557	-43
558	-43
559	-43
560	-44
561	-43
562	-43
563	-42
564	-42
565	-42
566	-41
567	-41
568	-41
569	-40
570	-41
571	-39
572	-39
573	-39
574	-39
575	-36
576	-38
577	-35
578	-34
579	-33
580	-33
581	-30
582	-33
583	-31
584	-31
585	-29
586	-30
587	-29
588	-30
589	-28
590	-29
591	-28
592	-28
593	-27
594	-27
595	-27
596	-26
597	-27
598	-26
599	-26
600	-23
601	-23
602	-23
603	-22
604	-20
605	-21
606	-21
607	-19
608	-20
609	-18
610	-19
611	-17
612	-19
613	-17
614	-18
615	-17
616	-17
617	-16
618	-17
619	-15
620	-15
621	-15
622	-16
623	-14
624	-15
625	-13
626	-13
627	-13
628	-13
629	-12
630	-12
631	-12
632	-11
633	-10
634	-11
635	-10
636	-11
637	-9
638	-8
639	-7
640	-8
641	-6
642	-7
643	-6
644	-8
645	-5
646	-7
647	-4
648	-4
649	-5
650	-4
651	-4
652	-5
653	-3
654	-4
655	-3
656	-2
657	-3
658	-2
659	-3
660	-4
661	-3
662	-3
663	-1
664	-2
665	-1
666	-2
667	-1
668	-3
669	-2
670	-3
671	-1
672	-2
673	-1
674	-2
675	-2
676	-1
677	-1
678	-1
679	-2
680	-2
681	-1
682	-2
683	-1
684	-1
685	-1
686	-2
687	-1
688	-2
689	-1
690	-2
691	-1
692	-1
693	0
694	-1
695	0
696	0
697	0
698	0
699	0
700	-1
701	0
702	-1
703	0
704	-1
705	-1
706	-2
707	0
708	-1
709	0
710	-1
711	0
712	-1
713	0
714	0
715	-1
716	-1
717	0
718	-1
719	0
720	-2
721	0
722	-2
723	-1
724	-2
725	0
726	-3
727	-2
728	-2
729	-2
730	-2
731	-1
732	-2
733	0
734	-2
735	-2
736	-1
737	-1
738	-3
739	-1
740	-2
741	-1
742	-3
743	-1
744	-1
745	-1
746	-2
747	0
748	-1
749	-1
750	-2
751	0
752	-2
753	-1
754	-2
755	-1
756	-2
757	0
758	-2
759	-1
760	-1
761	-1
762	-1
763	0
764	-1
765	-1
766	-1
767	0
768	-1
769	-1
770	-2
771	-1
772	-3
773	-2
774	-1
775	-1
776	-2
777	-1
778	-1
779	-1
780	-2
781	-1
782	-2
783	0
784	-2
785	-1
786	-1
787	-1
788	-1
789	-1
790	-1
791	-1
792	-1
793	-1
794	-1
795	0
796	0
797	-1
798	-1
799	0
800	-1
801	-1
802	-1
803	0
804	-1
805	0
806	0
807	0
808	-1
809	-1
810	0
811	0
812	-1
813	0
814	-1
815	0
816	-1
817	-1
818	-1
819	0
820	-2
821	0
822	0
823	0
824	-1
825	-1
826	0
827	0
828	0
829	0
830	0
831	0
832	0
833	0
834	0
835	0
836	0
837	0
838	0
839	0
840	0
841	0
842	0
843	0
844	0
845	0
846	0
847	0
848	-1
849	0
850	-1
851	0
852	0
853	0
854	0
855	0
856	-2
857	-1
858	0
859	0
860	-1
861	-1
862	-1
863	-1
864	-2
865	-1
866	-2
867	-1
868	-1
869	0
870	-1
871	0
872	-1
873	0
874	-1
875	0
876	-1
877	0
878	-2
879	-1
880	-1
881	-1
882	-1
883	0
884	-1
885	-1
886	0
887	0
888	0
889	0
890	-1
891	0
892	-2
893	0
894	0
895	0
896	0
897	0
898	0
899	0
900	0
901	0
902	0
903	0
904	0
905	0
906	0
907	0
908	0
909	0
910	0
911	0
912	-1
913	0
914	0
915	-1
916	0
917	0
918	0
919	0
920	-1
921	0
922	-1
923	0
924	-2
925	0
926	-1
927	0
928	-1
929	0
930	-1
931	0
932	0
933	0
934	-2
935	0
936	-2
937	-1
938	-1
939	0
940	0
941	0
942	0
943	0
944	0
945	0
946	0
947	0
948	0
949	0
950	-1
951	0
952	0
953	0
954	0
955	0
956	0
957	0
958	-1
959	0
960	-1
961	0
962	-1
963	0
964	-1
965	0
966	0
967	0
968	0
969	0
970	0
971	0
972	0
973	0
974	0
975	0
976	0
977	0
978	0
979	0
980	-1
981	0
982	-1
983	-2
984	-1
985	0
986	-1
987	-1
988	-1
989	0
990	-1
991	-2
992	-1
993	0
994	-1
995	0
996	0
997	-1
998	-1
999	0
1000	-1
1001	0
1002	0
1003	0
1004	0
1005	0
1006	0
1007	0
1008	0
1009	0
1010	0
1011	0
1012	0
1013	0
1014	0
1015	0
1016	0
1017	0
1018	0
1019	0
1020	-1
1021	0
1022	0
1023	0
1024	-1
1025	-1
1026	0
1027	-1
1028	-1
1029	0
1030	0
1031	0
1032	-1
1033	0
1034	-1
1035	0
1036	-2
1037	0
1038	-2
1039	0
1040	-1
1041	-1
1042	-1
1043	0
1044	-1
1045	0
1046	-2
1047	0
1048	-1
1049	0
1050	-1
1051	0
1052	-1
1053	0
1054	0
1055	0
1056	-1
1057	0
1058	0
1059	0
1060	-1
1061	0
1062	0
1063	0
1064	0
1065	0
1066	0
1067	0
1068	0
1069	0
1070	0
1071	0
1072	-1
1073	0
1074	0
1075	0
1076	-1
1077	0
1078	-1
1079	0
1080	-1
1081	-1
1082	0
1083	-1
1084	-1
1085	0
1086	-1
1087	-1
1088	-2
1089	-1
1090	-1
1091	-1
1092	-2
1093	0
1094	-2
1095	0
1096	-2
1097	-1
1098	-1
1099	-1
1100	-2
1101	-1
1102	-1
1103	-1
1104	-2
1105	-1
1106	-2
1107	0
1108	-2
1109	0
1110	-1
1111	-1
1112	-1
1113	-1
1114	-1
1115	-1
1116	-1
1117	0
1118	-1
1119	0
1120	-1
1121	0
1122	-2
1123	-1
1124	0
1125	-1
1126	0
1127	0
1128	-1
1129	0
1130	0
1131	0
1132	0
1133	0
1134	0
1135	0
1136	0
1137	0
1138	0
1139	0
1140	0
1141	0
1142	0
1143	0
1144	0
1145	0
1146	0
1147	0
1148	0
1149	0
1150	0
1151	0
1152	0
1153	0
1154	-1
1155	0
1156	0
1157	-1
1158	0
1159	-2
1160	-1
1161	-1
1162	-1
1163	-2
1164	0
1165	-1
1166	-2
1167	-2
1168	-1
1169	-1
1170	-1
1171	-1
1172	-1
1173	-1
1174	-1
1175	-1
1176	0
1177	0
1178	0
1179	0
1180	-1
1181	0
1182	0
1183	0
1184	0
1185	0
1186	0
1187	0
1188	0
1189	0
1190	0
1191	0
1192	0
1193	0
1194	0
1195	-2
1196	0
1197	0
1198	0
1199	-1
1200	-1
1201	-1
1202	-1
1203	-1
1204	-1
1205	-1
1206	-2
1207	0
1208	-2
1209	-1
1210	-1
1211	-1
1212	0
1213	-2
1214	-1
1215	-1
1216	0
1217	-1
1218	-1
1219	-1
1220	-1
1221	-1
1222	-2
1223	-1
1224	-2
1225	-2
1226	-3
1227	-2
1228	-2
1229	-1
1230	-2
1231	-1
1232	-1
1233	0
1234	0
1235	0
1236	0
1237	0
1238	0
1239	0
1240	0
1241	0
1242	0
1243	0
1244	0
1245	0
1246	0
1247	0
1248	0
1249	0
1250	0
1251	0
1252	0
1253	1
1254	0
1255	1
1256	0
1257	0
1258	1
1259	0
1260	1
1261	1
1262	1
1263	2
1264	0
1265	1
1266	1
1267	2
1268	2
1269	2
1270	2
1271	3
1272	3
1273	4
1274	3
1275	4
1276	4
1277	5
1278	4
1279	6
1280	4
1281	5
1282	4
1283	7
1284	5
1285	5
1286	6
1287	5
1288	6
1289	6
1290	4
1291	6
1292	6
1293	6
1294	6
1295	6
1296	4
1297	5
1298	6
1299	7
1300	6
1301	5
1302	5
1303	6
1304	6
1305	6
1306	4
1307	5
1308	5
1309	4
1310	4
1311	4
1312	3
1313	2
1314	3
1315	3
1316	2
1317	2
1318	2
1319	1
1320	2
1321	2
1322	1
1323	1
1324	0
1325	0
1326	1
1327	0
1328	0
1329	0
1330	0
1331	0
1332	0
1333	0
1334	-1
1335	0
1336	0
1337	0
1338	0
1339	0
1340	0
1341	0
1342	-1
1343	0
1344	0
1345	-1
1346	-1
1347	-1
1348	-1
1349	0
1350	-1
1351	-1
1352	-1
1353	-1
1354	-1
1355	-1
1356	-3
1357	0
1358	-2
1359	-1
1360	-1
1361	-2
1362	-1
1363	-2
1364	-2
1365	-2
1366	-2
1367	-1
1368	-3
1369	-2
1370	-1
1371	-2
1372	-2
1373	-2
1374	-2
1375	-2
1376	-3
1377	-2
1378	-3
1379	-2
1380	-2
1381	-1
1382	-3
1383	-3
1384	-3
1385	-2
1386	-2
1387	-3
1388	-3
1389	-3
1390	-2
1391	-3
1392	-2
1393	-2
1394	-2
1395	-3
1396	-3
1397	-3
1398	-3
1399	-3
1400	-3
1401	-3
1402	-4
1403	-3
1404	-3
1405	-2
1406	-3
1407	-2
1408	-3
1409	-3
1410	-3
1411	-3
1412	-2
1413	-2
1414	-2
1415	-2
1416	-3
1417	-3
1418	-3
1419	-2
1420	-2
1421	-1
1422	-2
1423	-1
1424	-2
1425	-1
1426	-1
1427	-2
1428	-1
1429	-2
1430	-2
1431	-3
1432	-2
1433	-1
1434	-2
1435	-1
1436	-2
1437	-2
1438	-2
1439	-1
1440	-2
1441	-2
1442	-3
1443	-1
1444	-3
1445	-2
1446	-3
1447	-2
1448	-3
1449	-2
1450	-3
1451	-3
1452	-3
1453	-2
1454	-2
1455	-3
1456	-2
1457	-3
1458	-3
1459	-3
1460	-2
1461	-2
1462	-2
1463	-2
1464	-2
1465	-1
1466	-2
1467	-1
1468	-1
1469	0
1470	-1
1471	0
1472	0
1473	0
1474	0
1475	-1
1476	0
1477	0
1478	0
1479	0
1480	0
1481	0
1482	0
1483	-1
1484	-1
1485	-1
1486	-1
1487	0
1488	0
1489	-1
1490	-1
1491	0
1492	0
1493	0
1494	-1
1495	0
1496	0
1497	-1
1498	-1
1499	0
1500	0
1501	0
1502	0
1503	0
1504	0
1505	0
1506	0
1507	0
1508	0
1509	1
1510	0
1511	1
1512	0
1513	1
1514	0
1515	2
1516	1
1517	1
1518	2
1519	1
1520	2
1521	1
1522	2
1523	2
1524	2
1525	2
1526	1
1527	2
1528	2
1529	1
1530	3
1531	3
1532	3
1533	2
1534	1
1535	2
1536	2
1537	2
1538	2
1539	2
1540	2
1541	3
1542	0
1543	1
1544	1
1545	2
1546	1
1547	2
1548	1
1549	2
1550	0
1551	0
1552	0
1553	0
1554	1
1555	0
1556	0
1557	-1
1558	1
1559	0
1560	0
1561	0
1562	0
1563	0
1564	0
1565	0
1566	0
1567	0
1568	0
1569	0
1570	0
1571	0
1572	-1
1573	0
1574	0
1575	0
1576	-1
1577	-1
1578	-1
1579	-1
1580	-1
1581	-1
1582	-1
1583	-1
1584	-1
1585	-2
1586	-1
1587	-2
1588	-2
1589	-2
1590	-3
1591	-2
1592	-3
1593	-3
1594	-3
1595	-4
1596	-3
1597	-3
1598	-3
1599	-2
1600	-3
1601	-2
1602	-2
1603	-2
1604	-3
1605	-2
1606	-4
1607	-2
1608	-2
1609	-2
1610	-3
1611	-3
1612	-3
1613	-2
1614	-2
1615	-2
1616	-2
1617	-2
1618	-2
1619	-2
1620	-2
1621	0
1622	-2
1623	-1
1624	-1
1625	0
1626	-1
1627	0
1628	-1
1629	0
1630	-1
1631	0
1632	-1
1633	0
1634	-1
1635	0
1636	-1
1637	0
1638	0
1639	0
1640	0
1641	0
1642	-1
1643	0
1644	-1
1645	0
1646	-1
1647	0
1648	0
1649	0
1650	-1
1651	0
1652	0
1653	-1
1654	0
1655	0
1656	-1
1657	0
1658	-1
1659	-1
1660	-1
1661	0
1662	-1
1663	0
1664	0
1665	0
1666	0
1667	-1
1668	0
1669	-1
1670	0
1671	0
1672	0
1673	0
1674	0
1675	0
1676	0
1677	-1
1678	0
1679	0
1680	0
1681	0
1682	0
1683	0
1684	0
1685	0
1686	0
1687	0
1688	0
1689	0
1690	0
1691	0
1692	0
1693	0
1694	0
1695	0
1696	0
1697	0
1698	0
1699	0
1700	0
1701	0
1702	0
1703	0
1704	0
1705	0
1706	0
1707	0
1708	0
1709	0
1710	0
1711	0
1712	1
1713	1
1714	1
1715	1
1716	0
1717	2
1718	2
1719	2
1720	2
1721	2
1722	1
1723	2
1724	2
1725	2
1726	2
1727	2
1728	1
1729	1
1730	1
1731	0
1732	1
1733	0
1734	1
1735	1
1736	1
1737	2
1738	0
1739	1
1740	1
1741	1
1742	0
1743	1
1744	1
1745	0
1746	0
1747	0
1748	0
1749	0
1750	0
1751	0
1752	0
1753	-1
1754	-1
1755	-1
1756	-1
1757	0
1758	-1
1759	-1
1760	-1
1761	0
1762	-1
1763	0
1764	-1
1765	0
1766	-1
1767	-1
1768	-2
1769	-1
1770	-1
1771	0
1772	-1
1773	-1
1774	-2
1775	-1
1776	-2
1777	0
1778	-1
1779	0
1780	-1
1781	0
1782	-1
1783	0
1784	-1
1785	0
1786	0
1787	-1
1788	-1
1789	0
1790	-2
1791	0
1792	-1
1793	0
1794	-1
1795	0
1796	-1
1797	0
1798	-1
1799	-1
1800	-1
1801	0
1802	-2
1803	0
1804	-2
1805	0
1806	-2
1807	0
1808	-2
1809	-1
1810	-2
1811	-1
1812	-3
1813	-1
1814	-1
1815	-1
1816	-1
1817	-1
1818	-2
1819	-2
1820	0
1821	-1
1822	-1
1823	-1
1824	-1
1825	-1
1826	-1
1827	0
1828	0
1829	0
1830	-1
1831	0
1832	-1
1833	0
1834	0
1835	0
1836	0
1837	0
1838	0
1839	0
1840	-1
1841	0
1842	0
1843	0
1844	0
1845	0
1846	0
1847	0
1848	0
1849	1
1850	0
1851	1
1852	0
1853	1
1854	0
1855	1
1856	1
1857	1
1858	0
1859	1
1860	1
1861	2
1862	1
1863	2
1864	1
1865	2
1866	1
1867	2
1868	2
1869	3
1870	2
1871	3
1872	2
1873	3
1874	3
1875	3
1876	3
1877	3
1878	2
1879	2
1880	2
1881	2
1882	2
1883	1
1884	1
1885	2
1886	0
1887	1
1888	0
1889	0
1890	0
1891	0
1892	0
1893	0
1894	0
1895	0
1896	0
1897	0
1898	0
1899	0
1900	0
1901	-1
1902	0
1903	-1
1904	0
1905	-1
1906	0
1907	0
1908	-2
1909	0
1910	-1
1911	-2
1912	-2
1913	-1
1914	-2
1915	-2
1916	-1
1917	-2
1918	-1
1919	-2
1920	-1
1921	-2
1922	-3
1923	-2
1924	-2
1925	-2
1926	-2
1927	-1
1928	-3
1929	-1
1930	-2
1931	-1
1932	-2
1933	-2
1934	-2
1935	-1
1936	-2
1937	0
1938	-2
1939	-2
1940	-2
1941	-2
1942	-1
1943	-1
1944	-1
1945	-1
1946	-2
1947	-1
1948	-1
1949	-1
1950	-1
1951	-2
1952	-1
1953	-1
1954	-1
1955	-1
1956	-1
1957	-2
1958	-1
1959	-1
1960	-2
1961	-2
1962	-2
1963	-1
1964	-2
1965	-2
1966	-2
1967	-2
1968	-1
1969	0
1970	-1
1971	-1
1972	0
1973	0
1974	0
1975	0
1976	-1
1977	-1
1978	0
1979	0
1980	0
1981	0
1982	0
1983	0
1984	0
1985	0
1986	0
1987	0
1988	0
1989	0
1990	0
1991	0
1992	0
1993	0
1994	0
1995	0
1996	0
1997	0
1998	0
1999	0
