0	0
1	1
2	0
3	1
4	0
5	0
6	0
7	0
8	0
9	1
10	0
11	1
12	1
13	2
14	0
15	1
16	1
17	1
18	0
19	2
20	1
21	1
22	1
23	1
24	1
25	1
26	2
27	1
28	1
29	1
30	1
31	2
32	0
33	2
34	0
35	1
36	0
37	0
38	1
39	0
40	0
41	0
42	0
43	0
44	0
45	0
46	0
47	0
48	0
49	0
50	-1
51	0
52	-1
53	0
54	0
55	0
56	-1
57	0
58	-1
59	0
60	-2
61	-1
62	-1
63	0
64	0
65	0
66	-1
67	0
68	-1
69	0
70	0
71	0
72	0
73	0
74	0
75	0
76	0
77	0
78	0
79	1
80	0
81	1
82	0
83	1
84	1
85	0
86	2
87	0
88	0
89	1
90	0
91	0
92	1
93	0
94	0
95	1
96	0
97	1
98	0
99	1
100	0
101	0
102	0
103	1
104	0
105	0
106	0
107	0
108	0
109	0
110	0
111	0
112	0
113	0
114	0
115	0
116	0
117	0
118	0
119	1
120	0
121	1
122	0
123	0
124	0
125	0
126	0
127	0
128	0
129	1
130	0
131	2
132	0
133	1
134	0
135	1
136	0
137	0
138	0
139	1
140	0
141	1
142	0
143	0
144	0
145	1
146	0
147	0
148	0
149	1
150	0
151	1
152	0
153	0
154	0
155	0
156	0
157	0
158	0
159	0
160	0
161	1
162	0
163	0
164	0
165	1
166	0
167	0
168	0
169	0
170	0
171	1
172	0
173	0
174	0
175	0
176	0
177	1
178	0
179	0
180	1
181	0
182	0
183	0
184	0
185	0
186	0
187	0
188	1
189	0
190	1
191	0
192	0
193	1
194	0
195	0
196	0
197	1
198	0
199	1
200	0
201	1
202	0
203	1
204	0
205	1
206	1
207	1
208	0
209	1
210	0
211	1
212	0
213	1
214	0
215	0
216	0
217	1
218	0
219	0
220	0
221	1
222	0
223	1
224	0
225	1
226	0
227	0
228	0
229	0
230	0
231	0
232	0
233	0
234	0
235	0
236	0
237	0
238	0
239	0
240	0
241	0
242	0
243	1
244	0
245	0
246	0
247	0
248	0
249	0
250	0
251	0
252	0
253	0
254	0
255	1
256	1
257	0
258	0
259	1
260	0
261	1
262	0
263	1
264	2
265	2
266	2
267	2
268	1
269	2
270	1
271	1
272	1
273	1
274	1
275	1
276	0
277	0
278	1
279	0
280	0
281	0
282	0
283	0
284	0
285	0
286	0
287	0
288	0
289	0
290	0
291	0
292	0
293	0
294	0
295	0
296	0
297	0
298	0
299	0
300	0
301	0
302	0
303	1
304	0
305	0
306	0
307	0
308	0
309	0
310	0
311	0
312	0
313	0
314	0
315	0
316	0
317	0
318	0
319	0
320	0
321	0
322	0
323	0
324	0
325	1
326	0
327	1
328	0
329	1
330	0
331	0
332	0
333	0
334	0
335	0
336	0
337	0
338	0
339	0
340	0
341	0
342	0
343	0
344	0
345	0
346	0
347	0
348	0
349	0
350	0
351	0
352	0
353	0
354	0
355	0
356	1
357	1
358	0
359	1
360	0
361	0
362	0
363	1
364	0
365	0
366	0
367	1
368	0
369	1
370	1
371	2
372	0
373	1
374	0
375	2
376	0
377	1
378	1
379	2
380	1
381	2
382	0
383	1
384	1
385	0
386	0
387	1
388	0
389	1
390	0
391	0
392	0
393	0
394	0
395	0
396	-1
397	0
398	0
399	0
400	0
401	0
402	0
403	0
404	0
405	0
406	0
407	0
408	-1
409	0
410	0
411	0
412	0
413	0
414	0
415	0
416	0
417	0
418	0
419	0
420	0
421	0
422	0
423	0
424	0
425	0
426	0
427	0
428	0
429	2
430	0
431	0
432	0
433	1
434	0
435	1
436	1
437	2
438	1
439	4
440	4
441	8
442	10
443	15
444	15
445	18
446	21
447	25
448	27
449	33
450	37
451	42
452	45
453	52
454	55
455	62
456	64
457	68
458	74
459	79
460	82
461	87
462	91
463	96
464	97
465	103
466	106
467	108
468	112
469	116
470	117
471	120
472	123
473	123
474	123
475	127
476	126
477	126
478	125
479	126
480	124
481	124
482	122
483	122
484	118
485	119
486	115
487	113
488	111
489	108
490	104
491	102
492	96
493	93
494	91
495	90
496	80
497	79
498	78
499	78
500	62
501	65
502	63
503	59
504	51
505	52
506	47
507	45
508	39
509	37
510	33
511	32
512	27
513	25
514	21
515	20
516	16
517	14
518	10
519	9
520	5
521	4
522	0
523	0
524	-3
525	-5
526	-7
527	-6
528	-9
529	-10
530	-12
531	-12
532	-15
533	-16
534	-19
535	-19
536	-22
537	-21
538	-22
539	-23
540	-26
541	-25
542	-27
543	-27
544	-27
545	-29
546	-28
547	-30
548	-29
549	-31
550	-31
551	-32
552	-32
553	-33
554	-31
555	-32
556	-31
557	-32
558	-33
559	-31
560	-33
561	-31
562	-32
563	-31
564	-32
565	-31
566	-31
567	-29
568	-31
569	-30
570	-31
571	-30
572	-30
573	-29
574	-30
575	-30
576	-30
577	-28
578	-29
579	-25
580	-29
581	-26
582	-28
583	-26
584	-27
585	-24
586	-25
587	-23
588	-23
589	-22
590	-23
591	-20
592	-22
593	-18
594	-19
595	-19
596	-18
597	-17
598	-17
599	-17
600	-18
601	-17
602	-16
603	-17
604	-16
605	-16
606	-16
607	-15
608	-14
609	-15
610	-15
611	-14
612	-14
613	-14
614	-13
615	-11
616	-14
617	-12
618	-12
619	-9
620	-11
621	-9
622	-11
623	-8
624	-11
625	-10
626	-10
627	-9
628	-10
629	-8
630	-10
631	-7
632	-8
633	-7
634	-8
635	-6
636	-9
637	-5
638	-7
639	-5
640	-5
641	-4
642	-5
643	-4
644	-4
645	-4
646	-4
647	-4
648	-4
649	-2
650	-4
651	-2
652	-2
653	-1
654	-3
655	-1
656	-2
657	-1
658	0
659	-1
660	-1
661	0
662	0
663	0
664	0
665	-1
666	0
667	0
668	0
669	0
670	0
671	0
672	-1
673	0
674	0
675	0
676	0
677	0
678	-1
679	0
680	-1
681	0
682	0
683	-1
684	0
685	0
686	-1
687	0
688	-1
689	0
690	0
691	0
692	-1
693	0
694	0
695	0
696	0
697	0
698	0
699	0
700	0
701	0
702	0
703	0
704	0
705	0
706	0
707	0
708	0
709	0
710	0
711	0
712	-1
713	0
714	0
715	0
716	0
717	0
718	0
719	-1
720	-1
721	0
722	-2
723	0
724	-1
725	0
726	-1
727	0
728	-1
729	-1
730	0
731	-1
732	-1
733	0
734	-1
735	0
736	-1
737	0
738	0
739	0
740	0
741	0
742	0
743	0
744	0
745	0
746	0
747	0
748	0
749	0
750	0
751	0
752	0
753	0
754	0
755	0
756	0
757	0
758	0
759	0
760	0
761	0
762	0
763	0
764	0
765	0
766	0
767	1
768	0
769	1
770	0
771	1
772	0
773	2
774	1
775	1
776	0
777	1
778	0
779	2
780	1
781	1
782	0
783	2
784	1
785	2
786	1
787	1
788	1
789	1
790	1
791	1
792	1
793	1
794	0
795	1
796	0
797	1
798	1
799	0
800	0
801	0
802	0
803	0
804	0
805	0
806	0
807	0
808	0
809	0
810	0
811	0
812	0
813	0
814	0
815	0
816	0
817	0
818	0
819	0
820	0
821	0
822	0
823	0
824	0
825	0
826	0
827	0
828	0
829	0
830	0
831	0
832	0
833	0
834	-1
835	-1
836	-2
837	0
838	-1
839	-1
840	-1
841	-1
842	-1
843	-1
844	-1
845	-1
846	0
847	-1
848	0
849	0
850	0
851	-1
852	-2
853	-1
854	-1
855	-1
856	-1
857	-1
858	-1
859	-1
860	-1
861	-1
862	-2
863	-1
864	-2
865	0
866	-1
867	0
868	-1
869	0
870	0
871	0
872	0
873	0
874	0
875	0
876	0
877	0
878	0
879	0
880	0
881	0
882	0
883	0
884	0
885	0
886	-1
887	0
888	0
889	0
890	0
891	0
892	0
893	0
894	0
895	0
896	0
897	0
898	0
899	1
900	0
901	1
902	0
903	0
904	-1
905	0
906	-1
907	0
908	0
909	0
910	-1
911	0
912	-1
913	0
914	-1
915	0
916	0
917	0
918	-1
919	0
920	0
921	0
922	0
923	0
924	-2
925	0
926	-2
927	0
928	0
929	-1
930	-1
931	-1
932	-2
933	-1
934	-3
935	-1
936	-2
937	-2
938	-3
939	-1
940	-2
941	-2
942	-2
943	-3
944	-2
945	-1
946	-2
947	-1
948	-2
949	-2
950	-2
951	-2
952	-3
953	-2
954	-2
955	-1
956	-2
957	-1
958	-1
959	0
960	0
961	0
962	-1
963	0
964	0
965	0
966	0
967	0
968	0
969	-1
970	-1
971	-1
972	-1
973	-1
974	-1
975	-1
976	-2
977	-1
978	-1
979	0
980	-1
981	0
982	-1
983	0
984	0
985	0
986	0
987	0
988	0
989	0
990	0
991	0
992	0
993	0
994	0
995	0
996	-1
997	0
998	0
999	0
1000	0
1001	0
1002	0
1003	0
1004	0
1005	0
1006	0
1007	1
1008	0
1009	1
1010	0
1011	0
1012	0
1013	0
1014	0
1015	1
1016	0
1017	0
1018	-1
1019	0
1020	0
1021	0
1022	-1
1023	0
1024	0
1025	0
1026	0
1027	0
1028	0
1029	0
1030	-1
1031	0
1032	-1
1033	0
1034	-1
1035	0
1036	-1
1037	0
1038	-1
1039	0
1040	0
1041	0
1042	-1
1043	0
1044	0
1045	0
1046	0
1047	1
1048	0
1049	0
1050	0
1051	0
1052	0
1053	0
1054	0
1055	0
1056	0
1057	0
1058	0
1059	0
1060	0
1061	0
1062	0
1063	0
1064	0
1065	0
1066	-1
1067	1
1068	-2
1069	2
1070	0
1071	1
1072	0
1073	0
1074	0
1075	1
1076	1
1077	1
1078	1
1079	2
1080	2
1081	2
1082	1
1083	3
1084	1
1085	3
1086	2
1087	3
1088	3
1089	4
1090	1
1091	2
1092	2
1093	2
1094	2
1095	2
1096	1
1097	2
1098	1
1099	2
1100	1
1101	1
1102	0
1103	1
1104	0
1105	0
1106	0
1107	1
1108	0
1109	0
1110	0
1111	0
1112	0
1113	-1
1114	-1
1115	-1
1116	-2
1117	-1
1118	-2
1119	-2
1120	0
1121	-1
1122	-2
1123	-1
1124	-1
1125	-1
1126	-1
1127	-1
1128	-2
1129	-2
1130	-1
1131	-1
1132	-1
1133	0
1134	-1
1135	0
1136	-1
1137	0
1138	-1
1139	0
1140	-1
1141	0
1142	0
1143	0
1144	-1
1145	0
1146	-1
1147	0
1148	-1
1149	0
1150	-1
1151	-1
1152	0
1153	-1
1154	-1
1155	-2
1156	-1
1157	0
1158	-1
1159	0
1160	-1
1161	-1
1162	-1
1163	-2
1164	-1
1165	-2
1166	-1
1167	-2
1168	-3
1169	-1
1170	-1
1171	-1
1172	-2
1173	-2
1174	-2
1175	-1
1176	-1
1177	0
1178	0
1179	-1
1180	0
1181	0
1182	0
1183	0
1184	0
1185	-1
1186	0
1187	0
1188	0
1189	0
1190	0
1191	0
1192	0
1193	0
1194	-1
1195	0
1196	0
1197	0
1198	-1
1199	0
1200	-1
1201	-1
1202	-1
1203	-1
1204	-2
1205	0
1206	-2
1207	-1
1208	-2
1209	-1
1210	-1
1211	-2
1212	-1
1213	-1
1214	-2
1215	-1
1216	-2
1217	-2
1218	-2
1219	-2
1220	-1
1221	-1
1222	-2
1223	-1
1224	-2
1225	0
1226	-2
1227	-1
1228	-1
1229	0
1230	0
1231	0
1232	0
1233	0
1234	-1
1235	0
1236	-1
1237	0
1238	0
1239	0
1240	0
1241	0
1242	-1
1243	0
1244	-2
1245	0
1246	-2
1247	-1
1248	-1
1249	0
1250	-2
1251	0
1252	-1
1253	0
1254	-1
1255	-1
1256	-1
1257	-1
1258	-1
1259	-1
1260	0
1261	-1
1262	-1
1263	0
1264	0
1265	-1
1266	0
1267	0
1268	0
1269	0
1270	0
1271	0
1272	-1
1273	0
1274	0
1275	1
1276	0
1277	0
1278	0
1279	0
1280	0
1281	0
1282	0
1283	0
1284	0
1285	0
1286	0
1287	0
1288	0
1289	1
1290	0
1291	0
1292	0
1293	0
1294	0
1295	0
1296	0
1297	0
1298	0
1299	0
1300	0
1301	0
1302	0
1303	0
1304	0
1305	0
1306	0
1307	0
1308	0
1309	0
1310	0
1311	0
1312	0
1313	0
1314	0
1315	0
1316	-1
1317	0
1318	-1
1319	-2
1320	-2
1321	-2
1322	-3
1323	-1
1324	-2
1325	-1
1326	-3
1327	-1
1328	-3
1329	-3
1330	-3
1331	-3
1332	-3
1333	-2
1334	-3
1335	-2
1336	-3
1337	-2
1338	-3
1339	-2
1340	-2
1341	0
1342	-1
1343	0
1344	0
1345	0
1346	-1
1347	0
1348	0
1349	0
1350	0
1351	0
1352	0
1353	0
1354	0
1355	0
1356	0
1357	0
1358	-1
1359	0
1360	-1
1361	0
1362	-1
1363	0
1364	-1
1365	0
1366	-1
1367	0
1368	0
1369	0
1370	-1
1371	0
1372	0
1373	-1
1374	0
1375	0
1376	-1
1377	0
1378	0
1379	0
1380	0
1381	0
1382	-1
1383	0
1384	0
1385	0
1386	-2
1387	0
1388	0
1389	0
1390	0
1391	0
1392	0
1393	0
1394	0
1395	0
1396	0
1397	0
1398	0
1399	0
1400	0
1401	0
1402	0
1403	0
1404	0
1405	0
1406	0
1407	-1
1408	0
1409	-1
1410	-1
1411	0
1412	-1
1413	-1
1414	-1
1415	0
1416	-1
1417	0
1418	-1
1419	0
1420	0
1421	0
1422	-1
1423	0
1424	0
1425	0
1426	0
1427	0
1428	0
1429	0
1430	0
1431	0
1432	-1
1433	0
1434	0
1435	0
1436	0
1437	0
1438	0
1439	0
1440	0
1441	0
1442	0
1443	0
1444	0
1445	0
1446	0
1447	0
1448	0
1449	0
1450	0
1451	0
1452	0
1453	0
1454	-2
1455	0
1456	-2
1457	0
1458	-1
1459	0
1460	-1
1461	0
1462	-1
1463	0
1464	-2
1465	0
1466	-2
1467	-1
1468	-2
1469	-1
1470	-1
1471	-1
1472	-2
1473	0
1474	-1
1475	-1
1476	-1
1477	0
1478	0
1479	0
1480	0
1481	0
1482	-1
1483	-1
1484	0
1485	0
1486	0
1487	1
1488	0
1489	0
1490	0
1491	0
1492	0
1493	0
1494	0
1495	0
1496	0
1497	0
1498	0
1499	0
1500	0
1501	0
1502	0
1503	0
1504	0
1505	0
1506	0
1507	0
1508	0
1509	0
1510	0
1511	0
1512	0
1513	0
1514	0
1515	0
1516	0
1517	0
1518	-1
1519	0
1520	0
1521	0
1522	0
1523	0
1524	0
1525	0
1526	0
1527	0
1528	0
1529	0
1530	0
1531	0
1532	0
1533	0
1534	0
1535	0
1536	0
1537	0
1538	0
1539	0
1540	0
1541	0
1542	-1
1543	0
1544	-1
1545	0
1546	-1
1547	0
1548	0
1549	0
1550	0
1551	0
1552	0
1553	0
1554	0
1555	0
1556	0
1557	0
1558	0
1559	0
1560	0
1561	0
1562	-1
1563	0
1564	-1
1565	0
1566	-1
1567	-1
1568	-1
1569	0
1570	-1
1571	-2
1572	0
1573	-1
1574	-2
1575	0
1576	-1
1577	-1
1578	-1
1579	0
1580	-1
1581	-1
1582	-1
1583	0
1584	-1
1585	-1
1586	-1
1587	0
1588	-1
1589	0
1590	0
1591	0
1592	0
1593	0
1594	-1
1595	0
1596	-1
1597	0
1598	0
1599	0
1600	-1
1601	-1
1602	0
1603	0
1604	0
1605	0
1606	-1
1607	-1
1608	0
1609	0
1610	0
1611	0
1612	0
1613	0
1614	-1
1615	0
1616	0
1617	0
1618	0
1619	0
1620	0
1621	1
1622	0
1623	1
1624	0
1625	1
1626	1
1627	0
1628	0
1629	1
1630	0
1631	0
1632	0
1633	0
1634	0
1635	0
1636	0
1637	1
1638	0
1639	1
1640	0
1641	0
1642	0
1643	0
1644	0
1645	1
1646	0
1647	0
1648	0
1649	0
1650	0
1651	0
1652	0
1653	-1
1654	-1
1655	-1
1656	-2
1657	0
1658	-1
1659	0
1660	0
1661	0
1662	0
1663	-1
1664	-1
1665	-1
1666	-1
1667	-1
1668	-1
1669	-1
1670	-1
1671	0
1672	-1
1673	0
1674	0
1675	-1
1676	-1
1677	-1
1678	-1
1679	0
1680	0
1681	0
1682	0
1683	0
1684	0
1685	0
1686	-1
1687	0
1688	-1
1689	0
1690	-1
1691	0
1692	-1
1693	0
1694	0
1695	-1
1696	0
1697	0
1698	0
1699	0
1700	0
1701	-1
1702	0
1703	0
1704	0
1705	0
1706	0
1707	0
1708	0
1709	0
1710	-1
1711	0
1712	0
1713	0
1714	-1
1715	0
1716	0
1717	0
1718	0
1719	0
1720	0
1721	0
1722	0
1723	0
1724	0
1725	0
1726	0
1727	0
1728	0
1729	0
1730	0
1731	0
1732	0
1733	0
1734	0
1735	0
1736	0
1737	0
1738	0
1739	0
1740	0
1741	0
1742	0
1743	0
1744	0
1745	0
1746	0
1747	0
1748	0
1749	0
1750	0
1751	0
1752	0
1753	0
1754	0
1755	0
1756	0
1757	0
1758	0
1759	0
1760	0
1761	0
1762	0
1763	0
1764	-1
1765	0
1766	-1
1767	0
1768	0
1769	0
1770	-1
1771	0
1772	0
1773	0
1774	0
1775	0
1776	-1
1777	0
1778	0
1779	0
1780	0
1781	0
1782	-1
1783	0
1784	0
1785	0
1786	0
1787	0
1788	0
1789	0
1790	-1
1791	0
1792	0
1793	0
1794	0
1795	0
1796	0
1797	0
1798	0
1799	0
1800	0
1801	0
1802	0
1803	0
1804	0
1805	0
1806	0
1807	0
1808	0
1809	0
1810	0
1811	0
1812	0
1813	0
1814	0
1815	0
1816	0
1817	0
1818	0
1819	0
1820	0
1821	0
1822	0
1823	0
1824	0
1825	0
1826	0
1827	0
1828	0
1829	0
1830	0
1831	0
1832	-1
1833	0
1834	0
1835	0
1836	0
1837	0
1838	0
1839	0
1840	0
1841	0
1842	0
1843	0
1844	0
1845	0
1846	0
1847	0
1848	0
1849	0
1850	0
1851	0
1852	0
1853	0
1854	0
1855	0
1856	0
1857	0
1858	0
1859	0
1860	0
1861	0
1862	0
1863	0
1864	0
1865	0
1866	-1
1867	0
1868	-1
1869	0
1870	0
1871	0
1872	0
1873	0
1874	0
1875	0
1876	0
1877	0
1878	-1
1879	0
1880	0
1881	0
1882	-1
1883	-1
1884	-1
1885	-1
1886	-2
1887	-1
1888	-1
1889	0
1890	0
1891	-1
1892	0
1893	-1
1894	0
1895	0
1896	0
1897	0
1898	0
1899	0
1900	0
1901	0
1902	-1
1903	0
1904	0
1905	0
1906	0
1907	0
1908	0
1909	0
1910	-1
1911	0
1912	0
1913	0
1914	0
1915	0
1916	0
1917	0
1918	0
1919	0
1920	0
1921	0
1922	0
1923	0
1924	0
1925	1
1926	0
1927	1
1928	0
1929	1
1930	0
1931	0
1932	0
1933	0
1934	0
1935	0
1936	0
1937	0
1938	0
1939	0
1940	0
1941	0
1942	0
1943	0
1944	0
1945	0
1946	0
1947	0
1948	0
1949	0
1950	0
1951	0
1952	0
1953	0
1954	0
1955	0
1956	0
1957	1
1958	-1
1959	0
1960	-1
1961	0
1962	-1
1963	0
1964	-1
1965	0
1966	-1
1967	0
1968	-1
1969	-1
1970	-1
1971	0
1972	0
1973	0
1974	0
1975	0
1976	0
1977	0
1978	0
1979	0
1980	-1
1981	0
1982	0
1983	0
1984	0
1985	-1
1986	-1
1987	0
1988	0
1989	0
1990	0
1991	0
1992	0
1993	0
1994	0
1995	0
1996	-1
1997	0
1998	-1
1999	0
