0	0
1	1
2	0
3	0
4	0
5	0
6	0
7	0
8	0
9	0
10	0
11	0
12	0
13	0
14	0
15	0
16	0
17	0
18	0
19	0
20	0
21	0
22	0
23	0
24	0
25	0
26	0
27	0
28	0
29	0
30	0
31	1
32	0
33	0
34	0
35	0
36	0
37	1
38	0
39	1
40	0
41	0
42	0
43	1
44	0
45	0
46	0
47	0
48	0
49	0
50	0
51	0
52	0
53	0
54	0
55	0
56	0
57	0
58	0
59	1
60	0
61	0
62	0
63	0
64	0
65	0
66	0
67	0
68	0
69	0
70	0
71	0
72	0
73	0
74	0
75	0
76	0
77	0
78	0
79	0
80	0
81	0
82	0
83	0
84	0
85	0
86	0
87	1
88	0
89	0
90	0
91	0
92	0
93	0
94	0
95	0
96	0
97	1
98	0
99	1
100	0
101	1
102	0
103	1
104	0
105	0
106	0
107	1
108	0
109	0
110	0
111	0
112	0
113	0
114	0
115	0
116	0
117	0
118	-1
119	0
120	-1
121	0
122	-1
123	0
124	-1
125	0
126	-2
127	0
128	-1
129	0
130	-1
131	0
132	-1
133	0
134	0
135	0
136	0
137	0
138	0
139	0
140	0
141	1
142	0
143	1
144	0
145	0
146	0
147	0
148	0
149	1
150	0
151	1
152	0
153	0
154	0
155	2
156	0
157	2
158	0
159	1
160	0
161	0
162	1
163	0
164	0
165	1
166	0
167	0
168	0
169	0
170	0
171	0
172	0
173	0
174	0
175	0
176	0
177	0
178	0
179	0
180	0
181	0
182	0
183	0
184	0
185	0
186	0
187	0
188	0
189	0
190	0
191	0
192	0
193	0
194	0
195	0
196	0
197	0
198	0
199	0
200	0
201	0
202	0
203	0
204	0
205	0
206	0
207	0
208	0
209	0
210	0
211	0
212	0
213	0
214	0
215	0
216	0
217	0
218	0
219	0
220	0
221	0
222	0
223	0
224	0
225	0
226	0
227	0
228	0
229	0
230	0
231	0
232	0
233	1
234	0
235	0
236	0
237	0
238	0
239	0
240	0
241	0
242	0
243	1
244	0
245	0
246	0
247	0
248	0
249	0
250	0
251	0
252	0
253	0
254	0
255	1
256	0
257	0
258	0
259	1
260	0
261	0
262	0
263	1
264	0
265	0
266	0
267	0
268	0
269	0
270	0
271	0
272	0
273	0
274	0
275	0
276	0
277	1
278	0
279	1
280	0
281	1
282	0
283	0
284	0
285	0
286	0
287	1
288	0
289	0
290	0
291	1
292	0
293	0
294	0
295	1
296	0
297	0
298	0
299	0
300	0
301	0
302	0
303	0
304	0
305	0
306	0
307	0
308	0
309	0
310	0
311	0
312	0
313	0
314	0
315	0
316	0
317	0
318	0
319	0
320	0
321	0
322	0
323	0
324	0
325	0
326	0
327	0
328	0
329	1
330	0
331	1
332	0
333	0
334	0
335	0
336	0
337	0
338	0
339	0
340	0
341	1
342	0
343	1
344	0
345	1
346	0
347	1
348	0
349	1
350	0
351	1
352	0
353	0
354	0
355	0
356	0
357	0
358	0
359	0
360	0
361	0
362	0
363	0
364	-1
365	0
366	0
367	1
368	0
369	0
370	0
371	0
372	0
373	0
374	0
375	0
376	0
377	0
378	0
379	1
380	0
381	1
382	0
383	0
384	0
385	1
386	0
387	0
388	0
389	0
390	0
391	0
392	0
393	0
394	0
395	0
396	0
397	0
398	0
399	0
400	-1
401	0
402	0
403	0
404	0
405	0
406	0
407	0
408	0
409	0
410	0
411	0
412	0
413	0
414	0
415	0
416	0
417	0
418	0
419	0
420	0
421	0
422	0
423	0
424	0
425	0
426	0
427	1
428	0
429	0
430	1
431	0
432	0
433	1
434	0
435	2
436	0
437	1
438	1
439	2
440	2
441	5
442	5
443	9
444	10
445	12
446	14
447	17
448	19
449	23
450	25
451	31
452	31
453	37
454	38
455	44
456	45
457	51
458	53
459	59
460	60
461	65
462	65
463	71
464	71
465	76
466	78
467	79
468	80
469	85
470	84
471	87
472	87
473	89
474	88
475	90
476	90
477	91
478	90
479	93
480	91
481	92
482	90
483	91
484	89
485	89
486	87
487	88
488	86
489	86
490	84
491	85
492	82
493	82
494	76
495	76
496	75
497	75
498	75
499	78
500	62
501	68
502	64
503	64
504	62
505	62
506	56
507	56
508	54
509	54
510	51
511	50
512	43
513	45
514	42
515	42
516	39
517	39
518	35
519	33
520	30
521	30
522	28
523	28
524	26
525	25
526	22
527	20
528	16
529	17
530	14
531	14
532	12
533	12
534	10
535	10
536	7
537	6
538	4
539	4
540	0
541	1
542	0
543	-2
544	-3
545	-3
546	-4
547	-5
548	-4
549	-5
550	-6
551	-6
552	-8
553	-8
554	-10
555	-9
556	-8
557	-9
558	-11
559	-10
560	-11
561	-11
562	-11
563	-11
564	-12
565	-12
566	-12
567	-13
568	-15
569	-13
570	-14
571	-14
572	-15
573	-14
574	-15
575	-14
576	-15
577	-14
578	-15
579	-15
580	-16
581	-16
582	-16
583	-15
584	-16
585	-15
586	-16
587	-16
588	-16
589	-15
590	-16
591	-16
592	-16
593	-15
594	-16
595	-16
596	-16
597	-16
598	-16
599	-16
600	-16
601	-15
602	-16
603	-14
604	-15
605	-15
606	-16
607	-14
608	-15
609	-15
610	-15
611	-15
612	-15
613	-14
614	-15
615	-14
616	-14
617	-13
618	-15
619	-12
620	-14
621	-12
622	-14
623	-11
624	-13
625	-12
626	-12
627	-11
628	-11
629	-10
630	-11
631	-11
632	-12
633	-10
634	-11
635	-8
636	-11
637	-8
638	-11
639	-9
640	-9
641	-8
642	-9
643	-7
644	-8
645	-6
646	-8
647	-6
648	-6
649	-6
650	-5
651	-5
652	-6
653	-4
654	-6
655	-4
656	-6
657	-5
658	-6
659	-4
660	-5
661	-1
662	-5
663	-3
664	-4
665	-3
666	-3
667	-3
668	-4
669	-4
670	-5
671	-1
672	-4
673	-1
674	-4
675	-3
676	-4
677	-3
678	-2
679	-2
680	-3
681	-3
682	-4
683	-2
684	-4
685	-1
686	-4
687	-2
688	-2
689	-1
690	-2
691	-1
692	-2
693	-1
694	-2
695	0
696	-1
697	0
698	0
699	0
700	0
701	0
702	0
703	0
704	0
705	0
706	0
707	1
708	0
709	2
710	0
711	1
712	0
713	0
714	0
715	0
716	1
717	0
718	0
719	0
720	0
721	1
722	1
723	0
724	0
725	1
726	0
727	1
728	0
729	1
730	0
731	2
732	0
733	2
734	1
735	2
736	2
737	2
738	1
739	2
740	2
741	1
742	2
743	2
744	2
745	2
746	2
747	3
748	3
749	3
750	2
751	2
752	2
753	2
754	2
755	2
756	1
757	2
758	1
759	1
760	1
761	1
762	0
763	1
764	0
765	1
766	0
767	0
768	1
769	0
770	0
771	0
772	0
773	0
774	0
775	0
776	0
777	0
778	0
779	1
780	0
781	0
782	0
783	0
784	0
785	0
786	0
787	0
788	0
789	0
790	0
791	0
792	0
793	0
794	0
795	0
796	-1
797	0
798	-1
799	0
800	-2
801	0
802	-1
803	0
804	-1
805	-1
806	-2
807	0
808	-2
809	-1
810	-2
811	-1
812	-1
813	0
814	-1
815	-1
816	0
817	-1
818	0
819	0
820	0
821	0
822	0
823	0
824	0
825	0
826	0
827	0
828	0
829	0
830	0
831	0
832	0
833	0
834	0
835	0
836	0
837	0
838	0
839	0
840	0
841	0
842	0
843	0
844	-1
845	0
846	0
847	0
848	0
849	0
850	0
851	0
852	-1
853	0
854	-1
855	0
856	-1
857	0
858	-1
859	-1
860	-2
861	-1
862	-1
863	-1
864	-2
865	0
866	-2
867	-1
868	-2
869	-1
870	-2
871	-1
872	-1
873	0
874	0
875	-1
876	-1
877	-1
878	-1
879	0
880	-1
881	0
882	0
883	-1
884	0
885	0
886	0
887	0
888	-1
889	0
890	-1
891	0
892	-1
893	0
894	-1
895	0
896	0
897	0
898	0
899	0
900	0
901	0
902	-1
903	0
904	-1
905	0
906	-1
907	0
908	-2
909	0
910	-1
911	0
912	-2
913	0
914	-1
915	-1
916	-1
917	0
918	0
919	0
920	-1
921	0
922	-1
923	0
924	0
925	0
926	0
927	0
928	0
929	0
930	0
931	0
932	0
933	0
934	0
935	0
936	0
937	0
938	0
939	0
940	0
941	0
942	-1
943	0
944	-2
945	0
946	-2
947	0
948	-1
949	0
950	-1
951	0
952	-2
953	0
954	-1
955	0
956	-1
957	0
958	0
959	0
960	0
961	0
962	0
963	0
964	0
965	0
966	0
967	0
968	0
969	0
970	0
971	0
972	0
973	0
974	0
975	0
976	0
977	0
978	0
979	0
980	-1
981	0
982	-1
983	0
984	0
985	0
986	0
987	0
988	0
989	0
990	-1
991	0
992	0
993	0
994	-1
995	0
996	0
997	0
998	0
999	0
1000	0
1001	0
1002	0
1003	0
1004	-1
1005	0
1006	0
1007	0
1008	0
1009	0
1010	-1
1011	0
1012	0
1013	0
1014	0
1015	0
1016	0
1017	1
1018	0
1019	0
1020	0
1021	0
1022	0
1023	0
1024	0
1025	0
1026	0
1027	0
1028	0
1029	0
1030	0
1031	0
1032	0
1033	0
1034	0
1035	0
1036	0
1037	0
1038	0
1039	0
1040	0
1041	0
1042	-1
1043	0
1044	0
1045	0
1046	0
1047	0
1048	-1
1049	0
1050	-1
1051	0
1052	-1
1053	0
1054	0
1055	0
1056	-1
1057	0
1058	0
1059	-1
1060	0
1061	0
1062	0
1063	0
1064	0
1065	0
1066	0
1067	0
1068	-1
1069	0
1070	0
1071	0
1072	0
1073	0
1074	-1
1075	0
1076	-1
1077	0
1078	-2
1079	-1
1080	-2
1081	-1
1082	-2
1083	-1
1084	-1
1085	0
1086	-1
1087	0
1088	0
1089	-1
1090	-1
1091	0
1092	-1
1093	0
1094	-1
1095	0
1096	0
1097	0
1098	0
1099	-1
1100	0
1101	0
1102	0
1103	0
1104	0
1105	0
1106	0
1107	0
1108	0
1109	0
1110	0
1111	0
1112	0
1113	0
1114	0
1115	0
1116	0
1117	0
1118	0
1119	0
1120	0
1121	0
1122	0
1123	0
1124	0
1125	0
1126	0
1127	0
1128	0
1129	0
1130	0
1131	0
1132	0
1133	0
1134	0
1135	0
1136	0
1137	0
1138	0
1139	0
1140	0
1141	0
1142	0
1143	0
1144	0
1145	0
1146	0
1147	0
1148	-1
1149	0
1150	0
1151	0
1152	0
1153	0
1154	-1
1155	0
1156	0
1157	0
1158	-1
1159	0
1160	0
1161	0
1162	0
1163	0
1164	0
1165	0
1166	0
1167	0
1168	0
1169	0
1170	0
1171	0
1172	0
1173	0
1174	0
1175	-1
1176	-1
1177	0
1178	-1
1179	0
1180	0
1181	0
1182	0
1183	0
1184	-1
1185	0
1186	0
1187	0
1188	-1
1189	-1
1190	-1
1191	0
1192	-1
1193	-1
1194	0
1195	0
1196	0
1197	0
1198	-1
1199	0
1200	0
1201	0
1202	-1
1203	0
1204	0
1205	0
1206	-1
1207	0
1208	0
1209	0
1210	0
1211	0
1212	0
1213	0
1214	0
1215	0
1216	0
1217	0
1218	0
1219	0
1220	0
1221	0
1222	0
1223	0
1224	0
1225	0
1226	0
1227	0
1228	0
1229	0
1230	0
1231	0
1232	0
1233	0
1234	0
1235	0
1236	0
1237	0
1238	-1
1239	0
1240	0
1241	0
1242	0
1243	0
1244	0
1245	0
1246	0
1247	0
1248	0
1249	0
1250	0
1251	0
1252	0
1253	0
1254	0
1255	0
1256	0
1257	0
1258	0
1259	0
1260	0
1261	0
1262	0
1263	0
1264	0
1265	0
1266	0
1267	0
1268	-1
1269	0
1270	0
1271	0
1272	-1
1273	0
1274	0
1275	0
1276	0
1277	-1
1278	0
1279	0
1280	0
1281	0
1282	0
1283	0
1284	0
1285	0
1286	0
1287	0
1288	0
1289	0
1290	0
1291	0
1292	0
1293	0
1294	0
1295	0
1296	0
1297	0
1298	0
1299	1
1300	0
1301	0
1302	0
1303	1
1304	1
1305	1
1306	0
1307	1
1308	1
1309	2
1310	1
1311	2
1312	1
1313	2
1314	0
1315	1
1316	1
1317	1
1318	1
1319	2
1320	0
1321	2
1322	0
1323	2
1324	0
1325	2
1326	0
1327	2
1328	1
1329	1
1330	2
1331	1
1332	0
1333	2
1334	1
1335	2
1336	1
1337	2
1338	0
1339	0
1340	1
1341	2
1342	2
1343	2
1344	1
1345	2
1346	1
1347	2
1348	1
1349	2
1350	1
1351	2
1352	1
1353	2
1354	1
1355	1
1356	0
1357	1
1358	0
1359	1
1360	0
1361	0
1362	0
1363	0
1364	0
1365	0
1366	0
1367	0
1368	0
1369	0
1370	0
1371	0
1372	0
1373	0
1374	0
1375	0
1376	0
1377	0
1378	0
1379	0
1380	0
1381	0
1382	0
1383	0
1384	0
1385	0
1386	0
1387	0
1388	0
1389	0
1390	0
1391	0
1392	0
1393	0
1394	-1
1395	0
1396	0
1397	0
1398	1
1399	0
1400	0
1401	0
1402	0
1403	0
1404	0
1405	0
1406	0
1407	0
1408	0
1409	0
1410	0
1411	1
1412	1
1413	0
1414	0
1415	0
1416	0
1417	1
1418	0
1419	2
1420	0
1421	1
1422	1
1423	1
1424	1
1425	1
1426	1
1427	2
1428	1
1429	1
1430	0
1431	2
1432	1
1433	2
1434	1
1435	2
1436	1
1437	1
1438	1
1439	2
1440	1
1441	1
1442	1
1443	2
1444	1
1445	2
1446	1
1447	2
1448	1
1449	1
1450	1
1451	1
1452	0
1453	0
1454	0
1455	2
1456	0
1457	0
1458	0
1459	0
1460	0
1461	0
1462	0
1463	0
1464	0
1465	0
1466	0
1467	0
1468	0
1469	0
1470	0
1471	1
1472	0
1473	1
1474	0
1475	2
1476	0
1477	1
1478	0
1479	1
1480	0
1481	1
1482	0
1483	1
1484	0
1485	0
1486	0
1487	0
1488	0
1489	0
1490	-1
1491	0
1492	0
1493	0
1494	0
1495	0
1496	0
1497	0
1498	-1
1499	-1
1500	-1
1501	-1
1502	-1
1503	0
1504	-1
1505	0
1506	-2
1507	-1
1508	-1
1509	0
1510	-1
1511	0
1512	0
1513	0
1514	0
1515	0
1516	0
1517	0
1518	0
1519	0
1520	0
1521	0
1522	0
1523	0
1524	0
1525	0
1526	0
1527	0
1528	0
1529	0
1530	0
1531	0
1532	0
1533	0
1534	0
1535	0
1536	-1
1537	0
1538	-1
1539	0
1540	0
1541	0
1542	0
1543	-1
1544	-1
1545	0
1546	-1
1547	-1
1548	-1
1549	0
1550	-1
1551	0
1552	-1
1553	0
1554	-1
1555	0
1556	0
1557	0
1558	0
1559	0
1560	-2
1561	0
1562	-1
1563	0
1564	-1
1565	0
1566	-1
1567	0
1568	-1
1569	0
1570	-1
1571	0
1572	0
1573	0
1574	0
1575	0
1576	0
1577	0
1578	0
1579	-1
1580	-1
1581	0
1582	0
1583	0
1584	-1
1585	0
1586	-1
1587	0
1588	0
1589	0
1590	0
1591	0
1592	0
1593	0
1594	0
1595	0
1596	-1
1597	0
1598	0
1599	0
1600	-1
1601	0
1602	0
1603	0
1604	0
1605	0
1606	0
1607	0
1608	0
1609	0
1610	0
1611	0
1612	0
1613	0
1614	0
1615	0
1616	0
1617	0
1618	-1
1619	0
1620	0
1621	0
1622	0
1623	0
1624	-1
1625	0
1626	-1
1627	0
1628	0
1629	0
1630	0
1631	0
1632	-1
1633	0
1634	0
1635	-1
1636	-1
1637	0
1638	0
1639	0
1640	0
1641	0
1642	0
1643	1
1644	1
1645	0
1646	0
1647	1
1648	1
1649	2
1650	1
1651	2
1652	2
1653	3
1654	2
1655	3
1656	2
1657	3
1658	3
1659	3
1660	3
1661	2
1662	2
1663	4
1664	2
1665	4
1666	3
1667	4
1668	3
1669	4
1670	3
1671	4
1672	3
1673	4
1674	3
1675	4
1676	3
1677	4
1678	2
1679	3
1680	3
1681	3
1682	3
1683	4
1684	3
1685	3
1686	2
1687	3
1688	3
1689	3
1690	2
1691	1
1692	1
1693	2
1694	1
1695	1
1696	0
1697	0
1698	0
1699	0
1700	0
1701	0
1702	0
1703	0
1704	0
1705	0
1706	0
1707	0
1708	0
1709	0
1710	0
1711	0
1712	0
1713	0
1714	0
1715	0
1716	0
1717	0
1718	0
1719	0
1720	0
1721	0
1722	0
1723	0
1724	0
1725	0
1726	0
1727	0
1728	0
1729	0
1730	-1
1731	0
1732	0
1733	0
1734	0
1735	0
1736	-1
1737	0
1738	0
1739	0
1740	-1
1741	-1
1742	-1
1743	0
1744	-1
1745	-1
1746	-1
1747	0
1748	-1
1749	0
1750	0
1751	0
1752	0
1753	0
1754	-1
1755	0
1756	0
1757	0
1758	0
1759	0
1760	-1
1761	0
1762	-1
1763	0
1764	-1
1765	0
1766	0
1767	0
1768	0
1769	0
1770	-1
1771	0
1772	0
1773	0
1774	0
1775	0
1776	0
1777	0
1778	-1
1779	0
1780	0
1781	0
1782	-1
1783	0
1784	-1
1785	0
1786	-1
1787	-1
1788	-2
1789	0
1790	-1
1791	0
1792	-1
1793	0
1794	-1
1795	0
1796	-1
1797	0
1798	0
1799	0
1800	0
1801	0
1802	-1
1803	0
1804	-1
1805	0
1806	0
1807	0
1808	-1
1809	0
1810	-1
1811	0
1812	-1
1813	0
1814	-1
1815	0
1816	-1
1817	0
1818	-1
1819	0
1820	0
1821	0
1822	-2
1823	0
1824	-1
1825	0
1826	-1
1827	0
1828	-2
1829	0
1830	0
1831	0
1832	-1
1833	-1
1834	-1
1835	0
1836	-1
1837	-1
1838	-1
1839	-1
1840	-2
1841	0
1842	-1
1843	-1
1844	-2
1845	-1
1846	-1
1847	0
1848	0
1849	0
1850	0
1851	0
1852	0
1853	0
1854	0
1855	0
1856	0
1857	0
1858	0
1859	0
1860	0
1861	0
1862	0
1863	1
1864	0
1865	0
1866	0
1867	0
1868	0
1869	0
1870	0
1871	0
1872	0
1873	0
1874	0
1875	0
1876	0
1877	0
1878	0
1879	0
1880	0
1881	1
1882	0
1883	1
1884	0
1885	0
1886	0
1887	0
1888	-1
1889	0
1890	-1
1891	0
1892	-1
1893	0
1894	0
1895	0
1896	-1
1897	0
1898	0
1899	0
1900	-1
1901	-1
1902	-1
1903	-1
1904	-1
1905	0
1906	-1
1907	0
1908	-1
1909	0
1910	0
1911	0
1912	-1
1913	0
1914	-1
1915	0
1916	-1
1917	0
1918	-1
1919	0
1920	-1
1921	0
1922	-1
1923	0
1924	0
1925	0
1926	0
1927	0
1928	0
1929	0
1930	0
1931	1
1932	0
1933	0
1934	0
1935	1
1936	0
1937	0
1938	0
1939	0
1940	0
1941	0
1942	0
1943	0
1944	0
1945	0
1946	0
1947	0
1948	0
1949	0
1950	-1
1951	0
1952	-1
1953	0
1954	-1
1955	0
1956	-1
1957	0
1958	-1
1959	0
1960	-2
1961	0
1962	-1
1963	0
1964	0
1965	0
1966	0
1967	0
1968	0
1969	0
1970	0
1971	1
1972	0
1973	1
1974	0
1975	0
1976	1
1977	1
1978	1
1979	1
1980	1
1981	1
1982	2
1983	1
1984	1
1985	2
1986	1
1987	2
1988	1
1989	1
1990	1
1991	2
1992	1
1993	1
1994	1
1995	1
1996	1
1997	1
1998	0
1999	1
