0	0
1	0
2	0
3	0
4	-1
5	0
6	0
7	1
8	-1
9	1
10	0
11	0
12	0
13	0
14	-1
15	0
16	0
17	1
18	0
19	0
20	0
21	1
22	0
23	1
24	-1
25	0
26	0
27	1
28	0
29	0
30	-1
31	0
32	-1
33	0
34	-1
35	0
36	0
37	0
38	0
39	0
40	-1
41	0
42	0
43	0
44	0
45	0
46	-1
47	0
48	0
49	1
50	0
51	0
52	0
53	0
54	0
55	1
56	0
57	0
58	0
59	1
60	0
61	1
62	0
63	1
64	0
65	0
66	0
67	1
68	0
69	0
70	0
71	0
72	0
73	0
74	0
75	0
76	0
77	0
78	0
79	0
80	0
81	0
82	0
83	0
84	0
85	0
86	0
87	0
88	0
89	1
90	-1
91	1
92	0
93	1
94	-1
95	1
96	0
97	0
98	0
99	2
100	-1
101	2
102	0
103	1
104	0
105	0
106	0
107	1
108	0
109	0
110	0
111	0
112	0
113	0
114	0
115	0
116	0
117	1
118	0
119	1
120	0
121	1
122	0
123	1
124	0
125	0
126	0
127	0
128	0
129	0
130	0
131	1
132	0
133	1
134	0
135	0
136	0
137	0
138	-1
139	0
140	-1
141	0
142	0
143	0
144	0
145	0
146	0
147	0
148	0
149	0
150	0
151	0
152	0
153	0
154	0
155	0
156	0
157	0
158	0
159	0
160	0
161	1
162	0
163	0
164	0
165	0
166	-1
167	0
168	0
169	0
170	-1
171	0
172	-1
173	0
174	-2
175	0
176	-1
177	0
178	0
179	0
180	-1
181	0
182	0
183	1
184	0
185	0
186	0
187	0
188	0
189	0
190	0
191	0
192	0
193	0
194	0
195	0
196	0
197	0
198	0
199	1
200	0
201	1
202	0
203	1
204	0
205	1
206	0
207	1
208	0
209	1
210	0
211	1
212	0
213	1
214	0
215	1
216	0
217	0
218	0
219	1
220	0
221	1
222	0
223	1
224	0
225	0
226	0
227	0
228	0
229	1
230	-1
231	0
232	0
233	0
234	0
235	0
236	-1
237	0
238	0
239	0
240	-1
241	0
242	-1
243	0
244	0
245	0
246	-2
247	0
248	-2
249	0
250	-1
251	0
252	-1
253	0
254	0
255	0
256	0
257	0
258	0
259	0
260	0
261	0
262	0
263	0
264	0
265	0
266	-1
267	0
268	0
269	1
270	0
271	1
272	0
273	1
274	0
275	0
276	-1
277	0
278	-1
279	0
280	-1
281	0
282	0
283	0
284	-1
285	1
286	-1
287	0
288	-1
289	0
290	0
291	0
292	0
293	1
294	0
295	0
296	0
297	0
298	-1
299	0
300	-1
301	0
302	0
303	0
304	0
305	0
306	0
307	0
308	0
309	0
310	0
311	0
312	-1
313	0
314	0
315	1
316	0
317	0
318	0
319	0
320	0
321	1
322	0
323	1
324	0
325	1
326	0
327	0
328	0
329	1
330	0
331	1
332	0
333	0
334	0
335	0
336	0
337	1
338	0
339	0
340	0
341	0
342	0
343	0
344	0
345	0
346	0
347	0
348	0
349	0
350	0
351	0
352	0
353	1
354	0
355	1
356	0
357	1
358	0
359	0
360	0
361	1
362	0
363	1
364	0
365	1
366	0
367	2
368	0
369	2
370	0
371	2
372	0
373	1
374	0
375	1
376	0
377	1
378	0
379	2
380	0
381	1
382	0
383	1
384	0
385	0
386	0
387	0
388	0
389	0
390	0
391	2
392	0
393	2
394	1
395	2
396	0
397	2
398	0
399	1
400	0
401	1
402	0
403	1
404	0
405	1
406	0
407	1
408	0
409	2
410	0
411	1
412	0
413	1
414	0
415	1
416	0
417	1
418	0
419	0
420	0
421	1
422	0
423	0
424	-1
425	0
426	-1
427	0
428	-1
429	0
430	-1
431	0
432	0
433	1
434	0
435	2
436	1
437	5
438	4
439	7
440	7
441	12
442	12
443	17
444	18
445	24
446	24
447	30
448	32
449	38
450	39
451	45
452	46
453	54
454	56
455	62
456	63
457	69
458	70
459	76
460	77
461	83
462	84
463	89
464	90
465	95
466	96
467	102
468	99
469	105
470	103
471	109
472	106
473	111
474	109
475	111
476	110
477	111
478	108
479	111
480	107
481	109
482	107
483	108
484	102
485	105
486	99
487	101
488	98
489	98
490	93
491	92
492	87
493	89
494	83
495	85
496	77
497	78
498	77
499	78
500	62
501	67
502	63
503	65
504	57
505	57
506	53
507	54
508	49
509	50
510	42
511	42
512	37
513	39
514	33
515	33
516	29
517	29
518	23
519	25
520	20
521	21
522	15
523	17
524	12
525	12
526	8
527	8
528	6
529	6
530	2
531	2
532	-1
533	0
534	-3
535	-2
536	-5
537	-5
538	-7
539	-5
540	-11
541	-10
542	-13
543	-11
544	-15
545	-13
546	-15
547	-16
548	-18
549	-17
550	-20
551	-19
552	-21
553	-21
554	-22
555	-22
556	-22
557	-22
558	-23
559	-23
560	-25
561	-25
562	-26
563	-25
564	-26
565	-25
566	-27
567	-26
568	-26
569	-26
570	-27
571	-27
572	-28
573	-27
574	-27
575	-26
576	-27
577	-27
578	-27
579	-25
580	-27
581	-25
582	-27
583	-24
584	-28
585	-24
586	-27
587	-24
588	-25
589	-23
590	-27
591	-24
592	-26
593	-23
594	-25
595	-21
596	-24
597	-21
598	-24
599	-20
600	-23
601	-19
602	-22
603	-19
604	-22
605	-18
606	-21
607	-18
608	-18
609	-18
610	-18
611	-16
612	-17
613	-17
614	-17
615	-16
616	-17
617	-15
618	-16
619	-15
620	-16
621	-14
622	-16
623	-13
624	-16
625	-13
626	-15
627	-13
628	-15
629	-13
630	-15
631	-12
632	-15
633	-11
634	-16
635	-12
636	-14
637	-12
638	-13
639	-10
640	-12
641	-9
642	-12
643	-10
644	-12
645	-10
646	-13
647	-9
648	-11
649	-8
650	-11
651	-7
652	-10
653	-6
654	-9
655	-6
656	-11
657	-5
658	-9
659	-5
660	-8
661	-6
662	-8
663	-6
664	-7
665	-6
666	-7
667	-5
668	-8
669	-4
670	-6
671	-3
672	-5
673	-2
674	-5
675	-2
676	-4
677	-3
678	-3
679	0
680	-2
681	-1
682	-3
683	-2
684	-3
685	0
686	-2
687	-1
688	-3
689	-1
690	-3
691	-2
692	-4
693	-1
694	-4
695	0
696	-3
697	-1
698	-3
699	-1
700	-2
701	-2
702	-3
703	-2
704	-1
705	-1
706	-2
707	0
708	-4
709	-1
710	-4
711	-1
712	-2
713	-1
714	-2
715	-1
716	-2
717	0
718	-2
719	0
720	-2
721	0
722	-3
723	0
724	-2
725	-1
726	-3
727	0
728	-2
729	0
730	-2
731	-1
732	-2
733	0
734	-3
735	0
736	-2
737	0
738	-1
739	0
740	-3
741	0
742	-2
743	0
744	-2
745	0
746	-1
747	0
748	-1
749	0
750	-1
751	0
752	0
753	-1
754	0
755	0
756	-2
757	0
758	-1
759	0
760	-2
761	0
762	-1
763	0
764	-2
765	0
766	-1
767	0
768	0
769	0
770	-1
771	0
772	-1
773	0
774	-1
775	0
776	-1
777	0
778	-2
779	-1
780	-2
781	0
782	-1
783	-1
784	-2
785	0
786	-1
787	-1
788	-2
789	-1
790	-3
791	0
792	-2
793	-1
794	-2
795	-1
796	-2
797	0
798	-2
799	0
800	-3
801	0
802	-1
803	0
804	-1
805	0
806	0
807	0
808	-1
809	0
810	0
811	0
812	0
813	0
814	0
815	0
816	0
817	0
818	0
819	0
820	-1
821	0
822	0
823	0
824	0
825	0
826	0
827	0
828	-2
829	-1
830	-1
831	0
832	-2
833	0
834	-1
835	0
836	-1
837	-1
838	-1
839	-1
840	-1
841	0
842	-1
843	0
844	-1
845	0
846	-2
847	0
848	-2
849	0
850	0
851	0
852	-1
853	0
854	-2
855	0
856	-2
857	0
858	-2
859	0
860	-1
861	0
862	-1
863	0
864	-3
865	-1
866	-2
867	-1
868	-1
869	-1
870	-3
871	0
872	-3
873	0
874	-3
875	0
876	-3
877	0
878	-2
879	0
880	-2
881	0
882	-2
883	0
884	-1
885	0
886	0
887	0
888	-1
889	0
890	0
891	0
892	-1
893	0
894	0
895	0
896	-1
897	0
898	0
899	0
900	-1
901	1
902	0
903	0
904	0
905	0
906	0
907	0
908	0
909	1
910	0
911	1
912	0
913	0
914	0
915	0
916	-1
917	0
918	0
919	0
920	0
921	0
922	-1
923	0
924	-2
925	0
926	-1
927	0
928	-2
929	0
930	-2
931	-1
932	-2
933	0
934	-3
935	0
936	-2
937	0
938	-3
939	0
940	-1
941	0
942	-1
943	0
944	-2
945	0
946	0
947	0
948	0
949	0
950	-1
951	0
952	-1
953	0
954	0
955	0
956	0
957	1
958	0
959	1
960	0
961	0
962	0
963	1
964	0
965	1
966	0
967	0
968	0
969	0
970	0
971	0
972	0
973	0
974	-1
975	0
976	0
977	0
978	0
979	0
980	-1
981	1
982	-2
983	0
984	-2
985	0
986	-1
987	0
988	-1
989	0
990	-1
991	0
992	-2
993	0
994	-3
995	0
996	0
997	0
998	-1
999	0
1000	0
1001	0
1002	-1
1003	0
1004	-1
1005	0
1006	0
1007	0
1008	-2
1009	0
1010	-1
1011	0
1012	0
1013	0
1014	-1
1015	0
1016	-1
1017	0
1018	-1
1019	0
1020	-2
1021	0
1022	-1
1023	0
1024	0
1025	0
1026	0
1027	0
1028	0
1029	0
1030	-1
1031	0
1032	0
1033	0
1034	0
1035	0
1036	0
1037	1
1038	-1
1039	0
1040	0
1041	0
1042	-1
1043	0
1044	0
1045	0
1046	-1
1047	0
1048	0
1049	0
1050	-1
1051	0
1052	0
1053	0
1054	-1
1055	0
1056	-1
1057	0
1058	-1
1059	-1
1060	-1
1061	0
1062	-1
1063	0
1064	-2
1065	0
1066	-1
1067	-1
1068	-2
1069	-1
1070	-2
1071	-1
1072	-2
1073	-1
1074	-1
1075	-1
1076	-1
1077	0
1078	-2
1079	0
1080	-2
1081	0
1082	-1
1083	0
1084	-1
1085	0
1086	-1
1087	0
1088	-1
1089	0
1090	-1
1091	0
1092	-1
1093	0
1094	-1
1095	0
1096	-1
1097	0
1098	-1
1099	-1
1100	-2
1101	0
1102	-2
1103	-1
1104	-2
1105	0
1106	-1
1107	0
1108	-2
1109	-1
1110	-2
1111	-1
1112	-3
1113	0
1114	-2
1115	0
1116	-2
1117	-1
1118	-3
1119	-1
1120	-2
1121	-1
1122	-2
1123	0
1124	-2
1125	0
1126	-1
1127	0
1128	0
1129	0
1130	-1
1131	0
1132	-1
1133	0
1134	0
1135	0
1136	-1
1137	0
1138	0
1139	0
1140	0
1141	0
1142	0
1143	0
1144	-1
1145	0
1146	-1
1147	-1
1148	-2
1149	-1
1150	-1
1151	0
1152	-1
1153	0
1154	-1
1155	-1
1156	-1
1157	-1
1158	-1
1159	-1
1160	-2
1161	-1
1162	-1
1163	0
1164	-1
1165	-1
1166	0
1167	0
1168	-1
1169	0
1170	0
1171	0
1172	-1
1173	0
1174	-1
1175	0
1176	-1
1177	0
1178	-2
1179	0
1180	-1
1181	0
1182	-2
1183	0
1184	-1
1185	0
1186	-2
1187	0
1188	-1
1189	0
1190	-1
1191	0
1192	-1
1193	0
1194	-2
1195	0
1196	-1
1197	0
1198	-2
1199	0
1200	-1
1201	0
1202	-1
1203	0
1204	-1
1205	0
1206	0
1207	0
1208	-1
1209	0
1210	-1
1211	0
1212	0
1213	0
1214	0
1215	0
1216	0
1217	0
1218	0
1219	0
1220	-1
1221	0
1222	0
1223	0
1224	0
1225	1
1226	-1
1227	1
1228	-1
1229	1
1230	0
1231	0
1232	0
1233	1
1234	-1
1235	0
1236	0
1237	0
1238	-2
1239	0
1240	-3
1241	0
1242	-1
1243	-1
1244	0
1245	0
1246	-3
1247	-1
1248	-2
1249	0
1250	0
1251	-1
1252	-1
1253	0
1254	-1
1255	0
1256	-1
1257	0
1258	-1
1259	0
1260	-1
1261	-1
1262	-1
1263	-1
1264	0
1265	-1
1266	-1
1267	0
1268	-1
1269	0
1270	0
1271	0
1272	0
1273	0
1274	-1
1275	0
1276	-1
1277	0
1278	-1
1279	0
1280	0
1281	0
1282	0
1283	0
1284	-1
1285	0
1286	-2
1287	0
1288	-2
1289	0
1290	-1
1291	0
1292	-2
1293	0
1294	-1
1295	0
1296	-1
1297	0
1298	-1
1299	0
1300	-1
1301	0
1302	-2
1303	0
1304	-1
1305	0
1306	-2
1307	0
1308	-1
1309	0
1310	0
1311	0
1312	-1
1313	0
1314	-1
1315	0
1316	-1
1317	0
1318	-1
1319	0
1320	-2
1321	0
1322	-2
1323	0
1324	-1
1325	0
1326	-1
1327	0
1328	-1
1329	0
1330	-1
1331	0
1332	-1
1333	0
1334	-1
1335	0
1336	-2
1337	0
1338	-1
1339	0
1340	0
1341	0
1342	-1
1343	0
1344	0
1345	0
1346	-1
1347	0
1348	0
1349	0
1350	-1
1351	0
1352	0
1353	0
1354	-1
1355	0
1356	-1
1357	0
1358	0
1359	0
1360	0
1361	0
1362	-1
1363	0
1364	-1
1365	0
1366	-1
1367	0
1368	-1
1369	0
1370	-1
1371	0
1372	-2
1373	0
1374	-2
1375	0
1376	-1
1377	0
1378	-1
1379	0
1380	-1
1381	0
1382	-1
1383	0
1384	0
1385	0
1386	-1
1387	-1
1388	-1
1389	-1
1390	-1
1391	-1
1392	-1
1393	0
1394	-1
1395	0
1396	0
1397	0
1398	-1
1399	0
1400	-2
1401	0
1402	-1
1403	0
1404	-2
1405	0
1406	-1
1407	0
1408	-1
1409	0
1410	-1
1411	1
1412	-1
1413	0
1414	-1
1415	0
1416	-1
1417	0
1418	0
1419	0
1420	0
1421	0
1422	-1
1423	0
1424	0
1425	0
1426	0
1427	0
1428	-1
1429	0
1430	-2
1431	0
1432	-1
1433	-1
1434	-3
1435	0
1436	-2
1437	0
1438	-1
1439	0
1440	-1
1441	0
1442	-2
1443	0
1444	-1
1445	0
1446	-1
1447	0
1448	-1
1449	0
1450	-1
1451	0
1452	0
1453	0
1454	-1
1455	0
1456	-1
1457	0
1458	-1
1459	0
1460	-1
1461	0
1462	-1
1463	0
1464	-1
1465	0
1466	0
1467	0
1468	0
1469	0
1470	-1
1471	0
1472	-1
1473	0
1474	0
1475	0
1476	0
1477	0
1478	0
1479	0
1480	0
1481	0
1482	0
1483	0
1484	0
1485	0
1486	0
1487	0
1488	0
1489	0
1490	-1
1491	0
1492	0
1493	0
1494	-1
1495	1
1496	0
1497	0
1498	-1
1499	0
1500	0
1501	0
1502	-1
1503	0
1504	-1
1505	0
1506	-1
1507	0
1508	-2
1509	0
1510	-2
1511	0
1512	-2
1513	0
1514	-2
1515	0
1516	-2
1517	-1
1518	-2
1519	-2
1520	-2
1521	-1
1522	-2
1523	-1
1524	-3
1525	0
1526	-2
1527	0
1528	-2
1529	0
1530	-1
1531	0
1532	0
1533	0
1534	-1
1535	0
1536	-1
1537	0
1538	-1
1539	0
1540	-1
1541	0
1542	-1
1543	0
1544	-1
1545	0
1546	-1
1547	0
1548	-2
1549	0
1550	0
1551	0
1552	-1
1553	0
1554	-1
1555	0
1556	-1
1557	0
1558	-1
1559	0
1560	-1
1561	0
1562	0
1563	0
1564	-1
1565	0
1566	-1
1567	0
1568	0
1569	0
1570	0
1571	0
1572	0
1573	1
1574	0
1575	0
1576	0
1577	0
1578	-1
1579	0
1580	0
1581	0
1582	0
1583	0
1584	0
1585	0
1586	0
1587	1
1588	0
1589	0
1590	0
1591	0
1592	0
1593	0
1594	0
1595	0
1596	0
1597	0
1598	-2
1599	0
1600	-1
1601	0
1602	-1
1603	0
1604	-1
1605	0
1606	-1
1607	0
1608	-2
1609	0
1610	-1
1611	0
1612	-1
1613	0
1614	-2
1615	-1
1616	-1
1617	0
1618	-1
1619	-1
1620	-1
1621	0
1622	-2
1623	0
1624	-2
1625	0
1626	-1
1627	0
1628	-2
1629	-1
1630	-2
1631	0
1632	-1
1633	0
1634	0
1635	0
1636	0
1637	0
1638	-1
1639	0
1640	-1
1641	0
1642	-1
1643	0
1644	-1
1645	0
1646	-1
1647	0
1648	-2
1649	0
1650	-2
1651	-1
1652	-2
1653	0
1654	-2
1655	-1
1656	-3
1657	-1
1658	-2
1659	0
1660	-2
1661	0
1662	-1
1663	0
1664	-2
1665	-1
1666	-2
1667	0
1668	-3
1669	0
1670	-1
1671	0
1672	-1
1673	0
1674	0
1675	0
1676	0
1677	0
1678	0
1679	0
1680	0
1681	0
1682	0
1683	0
1684	0
1685	0
1686	0
1687	0
1688	0
1689	0
1690	0
1691	1
1692	0
1693	1
1694	0
1695	1
1696	-1
1697	0
1698	0
1699	1
1700	0
1701	0
1702	-1
1703	0
1704	0
1705	0
1706	0
1707	0
1708	0
1709	0
1710	0
1711	0
1712	0
1713	-1
1714	0
1715	-1
1716	-1
1717	0
1718	0
1719	0
1720	-1
1721	0
1722	-1
1723	-1
1724	0
1725	0
1726	-1
1727	0
1728	-1
1729	-1
1730	-1
1731	-1
1732	-2
1733	0
1734	-1
1735	0
1736	-2
1737	0
1738	-2
1739	0
1740	-2
1741	-1
1742	-2
1743	-1
1744	-2
1745	0
1746	-2
1747	0
1748	-1
1749	0
1750	-1
1751	0
1752	-2
1753	0
1754	-1
1755	0
1756	-1
1757	0
1758	-1
1759	0
1760	0
1761	0
1762	0
1763	0
1764	0
1765	0
1766	-1
1767	0
1768	-1
1769	0
1770	-2
1771	0
1772	-1
1773	0
1774	-1
1775	0
1776	-1
1777	0
1778	-1
1779	-1
1780	0
1781	0
1782	0
1783	0
1784	-1
1785	0
1786	0
1787	0
1788	0
1789	0
1790	0
1791	0
1792	-1
1793	0
1794	-1
1795	0
1796	0
1797	0
1798	0
1799	0
1800	-1
1801	0
1802	-1
1803	0
1804	0
1805	0
1806	0
1807	0
1808	-1
1809	0
1810	0
1811	0
1812	-1
1813	0
1814	0
1815	0
1816	0
1817	0
1818	0
1819	0
1820	-1
1821	0
1822	-1
1823	0
1824	-1
1825	0
1826	-1
1827	0
1828	0
1829	0
1830	-1
1831	1
1832	-1
1833	0
1834	0
1835	0
1836	0
1837	1
1838	0
1839	0
1840	0
1841	0
1842	0
1843	0
1844	0
1845	0
1846	0
1847	0
1848	0
1849	0
1850	0
1851	0
1852	0
1853	1
1854	0
1855	0
1856	0
1857	0
1858	0
1859	0
1860	0
1861	0
1862	0
1863	0
1864	0
1865	-1
1866	0
1867	0
1868	-1
1869	0
1870	0
1871	0
1872	-1
1873	-1
1874	-1
1875	0
1876	-1
1877	0
1878	-1
1879	0
1880	0
1881	0
1882	-1
1883	0
1884	-1
1885	0
1886	-1
1887	0
1888	0
1889	0
1890	0
1891	0
1892	-1
1893	0
1894	0
1895	0
1896	-1
1897	-1
1898	-1
1899	0
1900	-2
1901	0
1902	-2
1903	0
1904	-2
1905	0
1906	-2
1907	0
1908	-1
1909	0
1910	-1
1911	0
1912	-1
1913	0
1914	-2
1915	-1
1916	-1
1917	-1
1918	-1
1919	-1
1920	-1
1921	0
1922	-1
1923	0
1924	0
1925	0
1926	0
1927	0
1928	-1
1929	0
1930	-1
1931	0
1932	-1
1933	0
1934	-1
1935	0
1936	-1
1937	0
1938	0
1939	0
1940	0
1941	0
1942	0
1943	0
1944	0
1945	0
1946	0
1947	0
1948	0
1949	0
1950	-1
1951	0
1952	0
1953	0
1954	-1
1955	0
1956	-1
1957	0
1958	-1
1959	0
1960	-1
1961	0
1962	-2
1963	0
1964	-1
1965	0
1966	-1
1967	0
1968	-1
1969	0
1970	-2
1971	0
1972	0
1973	0
1974	-1
1975	0
1976	-1
1977	0
1978	-1
1979	0
1980	0
1981	0
1982	-1
1983	1
1984	0
1985	1
1986	0
1987	1
1988	-1
1989	0
1990	0
1991	0
1992	0
1993	0
1994	0
1995	0
1996	0
1997	0
1998	0
1999	0
