0	0
1	0
2	0
3	0
4	0
5	0
6	0
7	0
8	0
9	0
10	0
11	0
12	0
13	0
14	0
15	0
16	0
17	0
18	0
19	0
20	0
21	0
22	0
23	0
24	0
25	0
26	0
27	0
28	0
29	0
30	0
31	0
32	0
33	0
34	0
35	0
36	0
37	0
38	0
39	0
40	0
41	0
42	0
43	0
44	0
45	0
46	0
47	0
48	0
49	0
50	0
51	0
52	0
53	0
54	0
55	0
56	0
57	0
58	0
59	0
60	0
61	0
62	0
63	0
64	0
65	0
66	0
67	1
68	1
69	0
70	1
71	0
72	0
73	0
74	0
75	0
76	0
77	0
78	0
79	0
80	0
81	0
82	0
83	0
84	0
85	1
86	0
87	0
88	0
89	0
90	0
91	0
92	0
93	0
94	0
95	0
96	0
97	0
98	0
99	0
100	0
101	0
102	0
103	0
104	0
105	0
106	0
107	0
108	0
109	0
110	0
111	0
112	0
113	0
114	0
115	1
116	0
117	1
118	0
119	0
120	0
121	0
122	0
123	0
124	0
125	0
126	0
127	0
128	0
129	0
130	0
131	0
132	0
133	0
134	0
135	0
136	0
137	0
138	0
139	0
140	0
141	0
142	0
143	0
144	0
145	0
146	0
147	0
148	0
149	0
150	0
151	0
152	0
153	1
154	0
155	0
156	0
157	0
158	0
159	0
160	0
161	1
162	0
163	1
164	0
165	1
166	0
167	0
168	0
169	1
170	0
171	0
172	0
173	0
174	0
175	0
176	0
177	0
178	0
179	0
180	0
181	0
182	0
183	0
184	0
185	0
186	-1
187	0
188	0
189	0
190	0
191	0
192	0
193	-1
194	0
195	0
196	0
197	0
198	0
199	0
200	0
201	0
202	0
203	0
204	0
205	0
206	0
207	0
208	0
209	1
210	0
211	0
212	0
213	0
214	0
215	0
216	0
217	0
218	0
219	0
220	0
221	0
222	0
223	0
224	0
225	0
226	0
227	0
228	0
229	0
230	0
231	0
232	0
233	0
234	0
235	0
236	0
237	0
238	0
239	1
240	0
241	0
242	0
243	0
244	0
245	0
246	0
247	0
248	0
249	0
250	0
251	0
252	0
253	0
254	0
255	1
256	0
257	0
258	0
259	0
260	0
261	0
262	0
263	0
264	0
265	0
266	0
267	0
268	0
269	0
270	0
271	0
272	0
273	0
274	0
275	0
276	0
277	0
278	0
279	1
280	0
281	1
282	0
283	0
284	0
285	1
286	0
287	0
288	0
289	0
290	0
291	0
292	0
293	0
294	0
295	0
296	0
297	0
298	0
299	0
300	0
301	0
302	0
303	0
304	0
305	0
306	0
307	0
308	0
309	0
310	0
311	0
312	0
313	0
314	0
315	0
316	0
317	0
318	0
319	0
320	0
321	0
322	0
323	0
324	0
325	0
326	0
327	0
328	0
329	1
330	0
331	1
332	0
333	0
334	0
335	0
336	0
337	0
338	0
339	0
340	0
341	0
342	-1
343	0
344	0
345	0
346	0
347	0
348	0
349	0
350	0
351	0
352	0
353	0
354	0
355	0
356	0
357	0
358	0
359	0
360	0
361	0
362	0
363	0
364	0
365	0
366	0
367	0
368	0
369	0
370	0
371	1
372	0
373	0
374	0
375	1
376	0
377	0
378	0
379	1
380	0
381	1
382	0
383	1
384	0
385	1
386	0
387	1
388	0
389	0
390	0
391	1
392	0
393	0
394	0
395	1
396	0
397	0
398	0
399	0
400	0
401	0
402	0
403	0
404	0
405	0
406	0
407	1
408	0
409	0
410	0
411	0
412	0
413	0
414	0
415	0
416	0
417	0
418	-1
419	0
420	0
421	0
422	0
423	0
424	0
425	0
426	0
427	1
428	0
429	0
430	0
431	0
432	-2
433	0
434	-1
435	0
436	0
437	1
438	0
439	1
440	2
441	4
442	6
443	9
444	9
445	12
446	14
447	19
448	20
449	23
450	26
451	31
452	33
453	37
454	39
455	45
456	46
457	49
458	51
459	56
460	58
461	62
462	65
463	68
464	69
465	72
466	74
467	78
468	77
469	80
470	82
471	83
472	83
473	85
474	86
475	87
476	88
477	90
478	87
479	89
480	88
481	90
482	87
483	87
484	87
485	89
486	84
487	85
488	84
489	84
490	82
491	82
492	80
493	81
494	75
495	76
496	74
497	75
498	75
499	78
500	62
501	68
502	66
503	65
504	62
505	64
506	58
507	59
508	55
509	55
510	51
511	51
512	49
513	46
514	46
515	45
516	41
517	42
518	37
519	36
520	34
521	34
522	31
523	30
524	26
525	29
526	23
527	24
528	20
529	21
530	17
531	17
532	15
533	14
534	10
535	11
536	9
537	9
538	6
539	6
540	4
541	4
542	1
543	2
544	-1
545	-1
546	-3
547	-2
548	-4
549	-3
550	-6
551	-5
552	-7
553	-7
554	-8
555	-8
556	-10
557	-10
558	-10
559	-10
560	-12
561	-11
562	-11
563	-12
564	-14
565	-13
566	-15
567	-13
568	-16
569	-13
570	-16
571	-16
572	-16
573	-15
574	-15
575	-14
576	-16
577	-14
578	-17
579	-16
580	-16
581	-16
582	-16
583	-16
584	-16
585	-16
586	-16
587	-15
588	-16
589	-16
590	-16
591	-16
592	-16
593	-16
594	-16
595	-16
596	-15
597	-16
598	-15
599	-15
600	-15
601	-15
602	-16
603	-15
604	-15
605	-15
606	-15
607	-15
608	-15
609	-15
610	-15
611	-14
612	-15
613	-15
614	-15
615	-14
616	-15
617	-15
618	-14
619	-14
620	-14
621	-14
622	-14
623	-14
624	-13
625	-14
626	-14
627	-13
628	-12
629	-11
630	-12
631	-11
632	-13
633	-11
634	-13
635	-9
636	-11
637	-9
638	-11
639	-9
640	-10
641	-9
642	-9
643	-9
644	-9
645	-8
646	-10
647	-9
648	-8
649	-8
650	-10
651	-9
652	-8
653	-9
654	-9
655	-7
656	-7
657	-6
658	-7
659	-7
660	-7
661	-6
662	-5
663	-6
664	-6
665	-5
666	-6
667	-5
668	-5
669	-6
670	-4
671	-4
672	-5
673	-3
674	-5
675	-3
676	-3
677	-2
678	-3
679	-1
680	-3
681	-1
682	-2
683	-2
684	-2
685	-2
686	-2
687	-2
688	-3
689	-1
690	-2
691	-1
692	-2
693	-1
694	-1
695	0
696	-1
697	0
698	-2
699	-1
700	-1
701	0
702	-1
703	0
704	-2
705	0
706	-1
707	-1
708	-1
709	0
710	-1
711	0
712	0
713	0
714	-1
715	-1
716	-1
717	0
718	-1
719	0
720	-1
721	-1
722	-2
723	0
724	-1
725	-1
726	-1
727	0
728	0
729	0
730	-1
731	0
732	0
733	0
734	0
735	0
736	0
737	0
738	0
739	0
740	0
741	0
742	0
743	1
744	0
745	1
746	1
747	1
748	0
749	1
750	1
751	0
752	0
753	1
754	0
755	1
756	-1
757	1
758	0
759	1
760	1
761	1
762	1
763	2
764	1
765	2
766	1
767	1
768	1
769	1
770	1
771	2
772	1
773	1
774	1
775	1
776	0
777	1
778	0
779	1
780	0
781	1
782	1
783	1
784	0
785	0
786	0
787	0
788	0
789	0
790	0
791	0
792	0
793	0
794	0
795	0
796	0
797	0
798	0
799	0
800	0
801	0
802	0
803	0
804	0
805	0
806	0
807	0
808	-1
809	0
810	0
811	0
812	0
813	0
814	0
815	0
816	0
817	0
818	0
819	-1
820	0
821	0
822	0
823	0
824	0
825	0
826	0
827	0
828	0
829	0
830	-1
831	0
832	0
833	0
834	-1
835	-1
836	0
837	-1
838	-1
839	0
840	0
841	0
842	0
843	0
844	-1
845	0
846	-1
847	0
848	-2
849	0
850	-1
851	0
852	-1
853	-1
854	-1
855	-1
856	-1
857	-1
858	-2
859	0
860	0
861	0
862	0
863	0
864	-2
865	0
866	-1
867	0
868	-1
869	0
870	-1
871	0
872	0
873	0
874	0
875	0
876	0
877	0
878	-1
879	0
880	0
881	0
882	0
883	0
884	0
885	0
886	0
887	0
888	0
889	0
890	0
891	0
892	0
893	0
894	0
895	0
896	0
897	0
898	0
899	0
900	-1
901	0
902	0
903	0
904	0
905	0
906	0
907	0
908	-1
909	0
910	0
911	0
912	-1
913	0
914	-1
915	0
916	-1
917	0
918	-1
919	0
920	-1
921	0
922	-1
923	0
924	0
925	0
926	-1
927	0
928	0
929	0
930	-1
931	0
932	-1
933	0
934	-1
935	-1
936	0
937	0
938	-1
939	0
940	-1
941	0
942	0
943	-1
944	-1
945	0
946	-1
947	0
948	0
949	0
950	0
951	0
952	0
953	0
954	-1
955	0
956	-1
957	0
958	-1
959	0
960	0
961	0
962	-1
963	0
964	-1
965	-1
966	-2
967	-1
968	-2
969	-1
970	-2
971	-1
972	-2
973	-1
974	-1
975	0
976	-1
977	0
978	-2
979	-1
980	-1
981	0
982	0
983	0
984	-1
985	0
986	0
987	0
988	-2
989	0
990	0
991	0
992	0
993	0
994	0
995	0
996	0
997	0
998	0
999	0
1000	0
1001	0
1002	0
1003	0
1004	-1
1005	0
1006	0
1007	0
1008	-1
1009	0
1010	0
1011	0
1012	0
1013	0
1014	0
1015	0
1016	0
1017	0
1018	0
1019	0
1020	-1
1021	0
1022	-1
1023	0
1024	0
1025	0
1026	-1
1027	0
1028	-1
1029	0
1030	-1
1031	0
1032	-1
1033	-1
1034	-1
1035	0
1036	-1
1037	-1
1038	0
1039	0
1040	-1
1041	0
1042	-1
1043	-1
1044	-1
1045	0
1046	0
1047	0
1048	0
1049	0
1050	0
1051	0
1052	-1
1053	0
1054	-1
1055	0
1056	-1
1057	-1
1058	0
1059	-1
1060	0
1061	0
1062	0
1063	0
1064	-1
1065	0
1066	-1
1067	0
1068	-1
1069	0
1070	0
1071	0
1072	-1
1073	0
1074	-1
1075	0
1076	0
1077	0
1078	0
1079	0
1080	0
1081	0
1082	0
1083	0
1084	0
1085	0
1086	0
1087	0
1088	0
1089	0
1090	0
1091	0
1092	0
1093	0
1094	0
1095	0
1096	0
1097	0
1098	0
1099	0
1100	-1
1101	0
1102	-2
1103	0
1104	-1
1105	0
1106	-2
1107	-1
1108	-1
1109	0
1110	-1
1111	0
1112	-1
1113	0
1114	-1
1115	0
1116	-2
1117	0
1118	-1
1119	0
1120	0
1121	0
1122	-1
1123	-1
1124	0
1125	0
1126	0
1127	0
1128	0
1129	0
1130	0
1131	0
1132	0
1133	0
1134	0
1135	0
1136	0
1137	0
1138	0
1139	0
1140	0
1141	1
1142	0
1143	0
1144	1
1145	1
1146	0
1147	1
1148	1
1149	1
1150	0
1151	1
1152	0
1153	1
1154	1
1155	1
1156	1
1157	2
1158	1
1159	2
1160	0
1161	2
1162	1
1163	2
1164	1
1165	1
1166	0
1167	2
1168	1
1169	1
1170	0
1171	1
1172	0
1173	1
1174	0
1175	0
1176	0
1177	0
1178	0
1179	0
1180	0
1181	0
1182	-1
1183	0
1184	0
1185	0
1186	0
1187	0
1188	0
1189	0
1190	-1
1191	0
1192	0
1193	0
1194	-1
1195	0
1196	0
1197	0
1198	0
1199	0
1200	0
1201	0
1202	0
1203	0
1204	0
1205	0
1206	-1
1207	0
1208	0
1209	0
1210	0
1211	0
1212	-1
1213	0
1214	-2
1215	0
1216	-1
1217	0
1218	0
1219	0
1220	0
1221	0
1222	-1
1223	0
1224	-1
1225	0
1226	-1
1227	0
1228	-1
1229	0
1230	0
1231	-1
1232	0
1233	-1
1234	-1
1235	-1
1236	-2
1237	0
1238	-1
1239	-1
1240	-2
1241	-1
1242	-2
1243	-1
1244	-1
1245	0
1246	-2
1247	-1
1248	-1
1249	0
1250	-1
1251	0
1252	-1
1253	0
1254	0
1255	0
1256	-2
1257	0
1258	-2
1259	0
1260	-2
1261	0
1262	-1
1263	0
1264	-1
1265	0
1266	-1
1267	-1
1268	-1
1269	0
1270	0
1271	0
1272	0
1273	-1
1274	-1
1275	0
1276	-1
1277	0
1278	-1
1279	0
1280	0
1281	0
1282	0
1283	0
1284	-1
1285	0
1286	0
1287	0
1288	0
1289	0
1290	-1
1291	0
1292	0
1293	0
1294	-1
1295	0
1296	-1
1297	0
1298	-1
1299	0
1300	0
1301	0
1302	-1
1303	0
1304	0
1305	0
1306	0
1307	0
1308	0
1309	-1
1310	0
1311	0
1312	0
1313	0
1314	-1
1315	0
1316	-1
1317	0
1318	-1
1319	0
1320	-1
1321	0
1322	-1
1323	0
1324	0
1325	0
1326	0
1327	0
1328	-1
1329	0
1330	0
1331	0
1332	0
1333	0
1334	0
1335	0
1336	0
1337	0
1338	0
1339	0
1340	0
1341	0
1342	0
1343	0
1344	0
1345	0
1346	0
1347	0
1348	0
1349	1
1350	0
1351	0
1352	0
1353	0
1354	0
1355	0
1356	0
1357	0
1358	0
1359	0
1360	-1
1361	0
1362	0
1363	0
1364	-1
1365	0
1366	0
1367	-1
1368	0
1369	0
1370	-2
1371	-1
1372	-1
1373	-1
1374	-2
1375	-1
1376	-1
1377	-2
1378	-1
1379	-2
1380	-2
1381	-1
1382	-1
1383	-1
1384	0
1385	-1
1386	0
1387	-1
1388	-1
1389	-1
1390	-1
1391	0
1392	0
1393	0
1394	0
1395	0
1396	0
1397	0
1398	0
1399	0
1400	0
1401	0
1402	0
1403	0
1404	0
1405	0
1406	-1
1407	0
1408	0
1409	0
1410	0
1411	0
1412	0
1413	0
1414	0
1415	0
1416	0
1417	0
1418	0
1419	0
1420	0
1421	0
1422	0
1423	0
1424	0
1425	0
1426	0
1427	0
1428	0
1429	0
1430	0
1431	0
1432	0
1433	0
1434	0
1435	0
1436	0
1437	0
1438	0
1439	0
1440	-1
1441	0
1442	0
1443	0
1444	0
1445	0
1446	0
1447	0
1448	-1
1449	0
1450	-1
1451	0
1452	0
1453	0
1454	0
1455	0
1456	0
1457	0
1458	-1
1459	0
1460	-1
1461	0
1462	0
1463	0
1464	0
1465	0
1466	0
1467	0
1468	0
1469	0
1470	0
1471	0
1472	0
1473	0
1474	0
1475	0
1476	0
1477	0
1478	-1
1479	0
1480	-1
1481	0
1482	-1
1483	0
1484	0
1485	0
1486	0
1487	0
1488	0
1489	0
1490	-1
1491	0
1492	0
1493	0
1494	-1
1495	-1
1496	0
1497	0
1498	-1
1499	-1
1500	0
1501	-1
1502	-2
1503	0
1504	-2
1505	-1
1506	-1
1507	-1
1508	-1
1509	-1
1510	-1
1511	-1
1512	-1
1513	0
1514	0
1515	0
1516	-1
1517	0
1518	0
1519	0
1520	0
1521	0
1522	0
1523	0
1524	0
1525	0
1526	0
1527	0
1528	0
1529	0
1530	0
1531	0
1532	0
1533	0
1534	0
1535	0
1536	0
1537	0
1538	0
1539	1
1540	0
1541	1
1542	0
1543	0
1544	0
1545	0
1546	0
1547	0
1548	0
1549	0
1550	0
1551	0
1552	-1
1553	0
1554	0
1555	0
1556	0
1557	0
1558	0
1559	0
1560	0
1561	0
1562	0
1563	0
1564	-1
1565	0
1566	0
1567	0
1568	-2
1569	0
1570	-1
1571	0
1572	0
1573	0
1574	-1
1575	0
1576	-1
1577	0
1578	-1
1579	0
1580	-1
1581	0
1582	-1
1583	0
1584	-1
1585	0
1586	0
1587	0
1588	0
1589	0
1590	0
1591	0
1592	0
1593	0
1594	0
1595	0
1596	0
1597	0
1598	0
1599	0
1600	0
1601	0
1602	0
1603	0
1604	0
1605	0
1606	0
1607	0
1608	0
1609	0
1610	0
1611	0
1612	0
1613	0
1614	-1
1615	0
1616	-1
1617	0
1618	0
1619	0
1620	-1
1621	0
1622	-2
1623	0
1624	-1
1625	0
1626	0
1627	0
1628	0
1629	-1
1630	0
1631	0
1632	-1
1633	0
1634	0
1635	0
1636	0
1637	0
1638	0
1639	0
1640	0
1641	1
1642	0
1643	1
1644	0
1645	1
1646	0
1647	1
1648	0
1649	0
1650	0
1651	0
1652	0
1653	1
1654	1
1655	1
1656	0
1657	0
1658	0
1659	1
1660	0
1661	0
1662	0
1663	0
1664	0
1665	0
1666	0
1667	0
1668	0
1669	0
1670	0
1671	0
1672	0
1673	0
1674	0
1675	0
1676	0
1677	0
1678	0
1679	0
1680	0
1681	0
1682	0
1683	1
1684	0
1685	1
1686	0
1687	0
1688	0
1689	0
1690	0
1691	0
1692	0
1693	0
1694	0
1695	0
1696	0
1697	0
1698	0
1699	0
1700	0
1701	0
1702	0
1703	0
1704	-1
1705	0
1706	0
1707	0
1708	-1
1709	0
1710	0
1711	0
1712	-1
1713	0
1714	-1
1715	0
1716	-1
1717	0
1718	-1
1719	0
1720	0
1721	0
1722	-1
1723	0
1724	0
1725	0
1726	0
1727	0
1728	0
1729	0
1730	0
1731	0
1732	0
1733	0
1734	0
1735	0
1736	0
1737	0
1738	0
1739	0
1740	0
1741	0
1742	-1
1743	0
1744	0
1745	0
1746	-1
1747	0
1748	0
1749	0
1750	-2
1751	-1
1752	-1
1753	0
1754	-1
1755	-1
1756	-1
1757	-1
1758	-1
1759	0
1760	-1
1761	0
1762	-1
1763	0
1764	-1
1765	-1
1766	-1
1767	0
1768	-1
1769	-1
1770	-1
1771	0
1772	0
1773	0
1774	-1
1775	0
1776	0
1777	0
1778	0
1779	0
1780	0
1781	0
1782	0
1783	0
1784	0
1785	0
1786	0
1787	0
1788	0
1789	0
1790	0
1791	0
1792	0
1793	0
1794	0
1795	0
1796	0
1797	0
1798	0
1799	0
1800	0
1801	0
1802	-1
1803	0
1804	-1
1805	0
1806	0
1807	-1
1808	-1
1809	0
1810	0
1811	0
1812	0
1813	0
1814	-1
1815	0
1816	0
1817	0
1818	0
1819	0
1820	0
1821	0
1822	0
1823	0
1824	0
1825	0
1826	0
1827	0
1828	0
1829	0
1830	0
1831	0
1832	0
1833	0
1834	0
1835	0
1836	0
1837	0
1838	0
1839	0
1840	0
1841	0
1842	0
1843	0
1844	0
1845	0
1846	0
1847	0
1848	0
1849	0
1850	-1
1851	0
1852	0
1853	0
1854	0
1855	0
1856	0
1857	0
1858	0
1859	0
1860	0
1861	1
1862	-1
1863	0
1864	0
1865	0
1866	0
1867	0
1868	0
1869	0
1870	0
1871	0
1872	0
1873	0
1874	0
1875	0
1876	0
1877	0
1878	0
1879	0
1880	0
1881	0
1882	0
1883	0
1884	0
1885	0
1886	0
1887	0
1888	0
1889	0
1890	-1
1891	0
1892	0
1893	0
1894	-1
1895	0
1896	0
1897	0
1898	-1
1899	0
1900	0
1901	0
1902	0
1903	0
1904	0
1905	0
1906	0
1907	0
1908	0
1909	0
1910	0
1911	0
1912	0
1913	0
1914	0
1915	0
1916	0
1917	0
1918	0
1919	0
1920	0
1921	0
1922	0
1923	0
1924	-1
1925	0
1926	0
1927	0
1928	0
1929	0
1930	0
1931	0
1932	-1
1933	0
1934	0
1935	0
1936	-1
1937	0
1938	-2
1939	0
1940	0
1941	0
1942	0
1943	0
1944	0
1945	0
1946	0
1947	0
1948	0
1949	0
1950	0
1951	0
1952	0
1953	0
1954	0
1955	1
1956	0
1957	0
1958	0
1959	0
1960	0
1961	0
1962	0
1963	0
1964	0
1965	0
1966	0
1967	0
1968	0
1969	0
1970	0
1971	0
1972	0
1973	0
1974	0
1975	0
1976	0
1977	0
1978	0
1979	0
1980	0
1981	0
1982	0
1983	0
1984	0
1985	0
1986	0
1987	0
1988	0
1989	0
1990	0
1991	0
1992	0
1993	0
1994	0
1995	0
1996	0
1997	0
1998	-1
1999	0
