0	0
1	0
2	0
3	0
4	0
5	0
6	0
7	0
8	0
9	0
10	0
11	0
12	0
13	0
14	0
15	0
16	0
17	0
18	0
19	0
20	0
21	1
22	0
23	1
24	0
25	0
26	0
27	0
28	0
29	0
30	0
31	0
32	0
33	0
34	0
35	0
36	0
37	0
38	0
39	0
40	0
41	0
42	0
43	0
44	0
45	0
46	0
47	0
48	0
49	0
50	0
51	0
52	0
53	0
54	0
55	0
56	0
57	0
58	0
59	0
60	0
61	0
62	0
63	0
64	0
65	0
66	0
67	0
68	0
69	0
70	0
71	0
72	0
73	0
74	0
75	1
76	0
77	0
78	0
79	0
80	0
81	0
82	0
83	1
84	-1
85	0
86	-1
87	1
88	-1
89	0
90	0
91	0
92	0
93	0
94	0
95	0
96	0
97	0
98	0
99	0
100	0
101	0
102	0
103	1
104	0
105	0
106	0
107	1
108	0
109	0
110	0
111	1
112	0
113	1
114	0
115	1
116	0
117	1
118	0
119	0
120	0
121	0
122	0
123	0
124	0
125	0
126	0
127	0
128	0
129	0
130	0
131	0
132	0
133	0
134	0
135	0
136	0
137	0
138	0
139	0
140	0
141	0
142	0
143	0
144	0
145	0
146	0
147	1
148	0
149	0
150	0
151	1
152	0
153	0
154	0
155	0
156	0
157	0
158	0
159	0
160	0
161	1
162	0
163	1
164	0
165	0
166	0
167	0
168	0
169	0
170	0
171	0
172	0
173	0
174	-1
175	0
176	0
177	0
178	0
179	0
180	0
181	0
182	0
183	0
184	0
185	0
186	0
187	0
188	0
189	0
190	0
191	0
192	0
193	0
194	0
195	0
196	0
197	0
198	-1
199	0
200	0
201	0
202	0
203	0
204	0
205	0
206	0
207	0
208	0
209	0
210	0
211	0
212	0
213	0
214	0
215	0
216	0
217	0
218	0
219	0
220	0
221	0
222	0
223	1
224	0
225	0
226	0
227	0
228	0
229	1
230	0
231	0
232	0
233	1
234	0
235	0
236	0
237	0
238	0
239	1
240	0
241	0
242	0
243	0
244	0
245	1
246	0
247	0
248	0
249	0
250	0
251	0
252	0
253	0
254	0
255	0
256	0
257	0
258	0
259	0
260	0
261	0
262	0
263	0
264	0
265	0
266	0
267	0
268	0
269	0
270	0
271	0
272	0
273	0
274	0
275	0
276	0
277	0
278	0
279	0
280	0
281	0
282	0
283	0
284	0
285	0
286	0
287	0
288	0
289	0
290	0
291	0
292	0
293	0
294	0
295	0
296	0
297	0
298	0
299	0
300	-1
301	0
302	0
303	0
304	0
305	0
306	0
307	0
308	0
309	0
310	0
311	0
312	0
313	0
314	0
315	0
316	0
317	0
318	0
319	0
320	0
321	0
322	0
323	0
324	0
325	0
326	0
327	0
328	0
329	0
330	0
331	0
332	0
333	0
334	0
335	0
336	0
337	0
338	0
339	0
340	0
341	1
342	0
343	2
344	0
345	1
346	0
347	1
348	0
349	1
350	0
351	0
352	0
353	0
354	0
355	0
356	0
357	0
358	0
359	0
360	0
361	0
362	0
363	0
364	0
365	0
366	0
367	0
368	0
369	0
370	0
371	0
372	0
373	0
374	0
375	0
376	0
377	0
378	0
379	0
380	0
381	0
382	0
383	0
384	-1
385	0
386	0
387	0
388	0
389	0
390	0
391	0
392	0
393	0
394	0
395	0
396	-1
397	0
398	0
399	0
400	0
401	0
402	0
403	0
404	0
405	0
406	0
407	0
408	0
409	0
410	0
411	0
412	0
413	0
414	0
415	0
416	0
417	0
418	0
419	0
420	0
421	0
422	0
423	0
424	0
425	0
426	0
427	0
428	0
429	0
430	0
431	0
432	0
433	0
434	0
435	0
436	0
437	0
438	0
439	0
440	0
441	0
442	0
443	2
444	1
445	3
446	3
447	6
448	6
449	10
450	10
451	13
452	14
453	17
454	18
455	22
456	23
457	28
458	28
459	32
460	32
461	38
462	38
463	42
464	44
465	48
466	48
467	52
468	53
469	57
470	57
471	61
472	61
473	64
474	64
475	68
476	67
477	69
478	69
479	74
480	73
481	74
482	74
483	76
484	75
485	78
486	77
487	78
488	76
489	79
490	76
491	79
492	74
493	78
494	74
495	75
496	74
497	75
498	75
499	78
500	62
501	72
502	68
503	67
504	65
505	66
506	63
507	62
508	59
509	59
510	57
511	56
512	53
513	53
514	51
515	49
516	47
517	46
518	44
519	44
520	39
521	41
522	37
523	38
524	34
525	33
526	31
527	31
528	28
529	28
530	25
531	27
532	21
533	23
534	17
535	20
536	15
537	17
538	12
539	12
540	11
541	11
542	9
543	9
544	7
545	7
546	3
547	5
548	2
549	4
550	0
551	0
552	-2
553	-1
554	-4
555	-2
556	-6
557	-4
558	-7
559	-5
560	-8
561	-6
562	-9
563	-8
564	-10
565	-9
566	-9
567	-10
568	-11
569	-10
570	-11
571	-10
572	-11
573	-10
574	-12
575	-10
576	-12
577	-11
578	-12
579	-11
580	-13
581	-11
582	-12
583	-13
584	-13
585	-12
586	-14
587	-13
588	-14
589	-13
590	-14
591	-14
592	-14
593	-13
594	-14
595	-13
596	-15
597	-13
598	-15
599	-13
600	-14
601	-13
602	-15
603	-15
604	-15
605	-14
606	-15
607	-14
608	-15
609	-15
610	-14
611	-13
612	-14
613	-14
614	-14
615	-13
616	-14
617	-14
618	-14
619	-13
620	-14
621	-11
622	-13
623	-12
624	-13
625	-12
626	-13
627	-11
628	-12
629	-12
630	-12
631	-9
632	-12
633	-9
634	-10
635	-7
636	-10
637	-6
638	-10
639	-7
640	-10
641	-8
642	-11
643	-6
644	-10
645	-7
646	-10
647	-7
648	-9
649	-4
650	-8
651	-4
652	-9
653	-4
654	-9
655	-4
656	-7
657	-4
658	-6
659	-3
660	-5
661	-3
662	-6
663	-4
664	-5
665	-4
666	-3
667	-2
668	-4
669	-1
670	-4
671	-1
672	-2
673	-1
674	-2
675	-1
676	-2
677	-1
678	-4
679	-1
680	-1
681	-1
682	-1
683	0
684	-1
685	0
686	-1
687	0
688	-3
689	0
690	-1
691	0
692	-1
693	0
694	-1
695	0
696	-2
697	0
698	-1
699	0
700	-1
701	0
702	-1
703	-1
704	-1
705	-1
706	-1
707	-1
708	0
709	0
710	-1
711	0
712	-1
713	0
714	0
715	0
716	-2
717	0
718	-1
719	0
720	-1
721	0
722	-1
723	0
724	-1
725	0
726	-1
727	0
728	-1
729	0
730	-1
731	0
732	0
733	0
734	-1
735	0
736	0
737	0
738	0
739	0
740	-1
741	0
742	0
743	0
744	0
745	0
746	0
747	0
748	-1
749	0
750	-1
751	0
752	-1
753	0
754	-1
755	0
756	-1
757	0
758	0
759	-1
760	-1
761	0
762	-1
763	0
764	-1
765	0
766	-1
767	0
768	0
769	0
770	-1
771	0
772	-1
773	0
774	0
775	0
776	0
777	0
778	0
779	0
780	-1
781	0
782	0
783	0
784	0
785	0
786	-1
787	0
788	-1
789	0
790	0
791	0
792	-1
793	0
794	-1
795	0
796	-1
797	0
798	0
799	0
800	0
801	0
802	0
803	0
804	0
805	0
806	0
807	0
808	0
809	0
810	0
811	0
812	0
813	0
814	-1
815	0
816	-1
817	0
818	0
819	0
820	0
821	0
822	0
823	0
824	0
825	0
826	-1
827	0
828	0
829	0
830	0
831	0
832	0
833	0
834	0
835	0
836	0
837	0
838	-1
839	0
840	0
841	0
842	0
843	0
844	-1
845	0
846	0
847	0
848	0
849	0
850	0
851	0
852	0
853	-1
854	-1
855	0
856	0
857	0
858	-1
859	0
860	-1
861	0
862	0
863	0
864	0
865	0
866	0
867	-1
868	0
869	0
870	-1
871	-1
872	0
873	0
874	0
875	0
876	-2
877	0
878	-1
879	0
880	-2
881	0
882	-1
883	0
884	0
885	0
886	-1
887	0
888	0
889	0
890	0
891	0
892	-1
893	0
894	0
895	0
896	-1
897	0
898	0
899	0
900	0
901	0
902	0
903	0
904	-1
905	0
906	0
907	0
908	0
909	0
910	0
911	0
912	0
913	0
914	0
915	0
916	0
917	0
918	0
919	0
920	0
921	0
922	0
923	1
924	0
925	1
926	0
927	0
928	0
929	0
930	0
931	0
932	0
933	0
934	0
935	0
936	0
937	0
938	0
939	0
940	0
941	0
942	0
943	0
944	0
945	0
946	0
947	0
948	0
949	0
950	0
951	0
952	0
953	0
954	0
955	0
956	0
957	0
958	0
959	0
960	0
961	0
962	0
963	0
964	0
965	0
966	0
967	0
968	0
969	0
970	0
971	0
972	0
973	0
974	0
975	0
976	0
977	0
978	0
979	0
980	-1
981	0
982	-1
983	0
984	-1
985	0
986	-1
987	0
988	-1
989	-1
990	0
991	0
992	0
993	0
994	0
995	0
996	0
997	0
998	0
999	0
1000	0
1001	0
1002	0
1003	0
1004	0
1005	0
1006	0
1007	0
1008	0
1009	0
1010	0
1011	1
1012	0
1013	0
1014	0
1015	0
1016	0
1017	1
1018	0
1019	0
1020	0
1021	0
1022	0
1023	0
1024	0
1025	0
1026	0
1027	0
1028	0
1029	0
1030	0
1031	0
1032	0
1033	0
1034	0
1035	0
1036	0
1037	0
1038	0
1039	0
1040	0
1041	0
1042	0
1043	0
1044	-1
1045	0
1046	0
1047	0
1048	0
1049	0
1050	0
1051	0
1052	0
1053	0
1054	0
1055	0
1056	0
1057	0
1058	0
1059	0
1060	0
1061	0
1062	0
1063	0
1064	0
1065	0
1066	-1
1067	0
1068	0
1069	0
1070	0
1071	0
1072	0
1073	0
1074	0
1075	0
1076	0
1077	0
1078	0
1079	0
1080	0
1081	0
1082	0
1083	0
1084	0
1085	0
1086	0
1087	0
1088	0
1089	0
1090	0
1091	0
1092	0
1093	0
1094	0
1095	0
1096	0
1097	0
1098	0
1099	0
1100	0
1101	0
1102	0
1103	0
1104	0
1105	0
1106	0
1107	0
1108	0
1109	0
1110	0
1111	0
1112	0
1113	0
1114	0
1115	0
1116	0
1117	0
1118	0
1119	0
1120	0
1121	0
1122	0
1123	1
1124	0
1125	1
1126	0
1127	0
1128	0
1129	0
1130	0
1131	0
1132	0
1133	1
1134	0
1135	1
1136	0
1137	1
1138	0
1139	1
1140	1
1141	1
1142	0
1143	1
1144	0
1145	1
1146	0
1147	0
1148	1
1149	1
1150	0
1151	1
1152	0
1153	0
1154	0
1155	0
1156	0
1157	0
1158	0
1159	1
1160	0
1161	0
1162	0
1163	0
1164	0
1165	0
1166	0
1167	0
1168	0
1169	0
1170	0
1171	0
1172	0
1173	0
1174	0
1175	0
1176	-1
1177	0
1178	0
1179	0
1180	0
1181	0
1182	0
1183	0
1184	0
1185	0
1186	0
1187	0
1188	0
1189	0
1190	0
1191	0
1192	0
1193	1
1194	0
1195	1
1196	0
1197	0
1198	0
1199	1
1200	1
1201	2
1202	1
1203	2
1204	1
1205	2
1206	0
1207	1
1208	0
1209	2
1210	1
1211	1
1212	1
1213	2
1214	1
1215	3
1216	2
1217	3
1218	2
1219	3
1220	2
1221	3
1222	2
1223	2
1224	2
1225	2
1226	2
1227	2
1228	2
1229	2
1230	2
1231	2
1232	1
1233	1
1234	1
1235	1
1236	1
1237	2
1238	0
1239	1
1240	0
1241	2
1242	1
1243	1
1244	0
1245	1
1246	0
1247	0
1248	0
1249	0
1250	0
1251	1
1252	0
1253	1
1254	0
1255	0
1256	0
1257	0
1258	0
1259	1
1260	0
1261	0
1262	0
1263	0
1264	0
1265	0
1266	0
1267	0
1268	0
1269	0
1270	0
1271	0
1272	0
1273	0
1274	-1
1275	0
1276	0
1277	0
1278	-2
1279	0
1280	0
1281	0
1282	-1
1283	0
1284	0
1285	0
1286	-1
1287	0
1288	-1
1289	0
1290	0
1291	0
1292	-1
1293	-1
1294	0
1295	0
1296	0
1297	0
1298	-3
1299	-1
1300	-1
1301	0
1302	-1
1303	0
1304	-2
1305	0
1306	0
1307	0
1308	-1
1309	0
1310	-1
1311	0
1312	0
1313	0
1314	-1
1315	0
1316	-1
1317	0
1318	-1
1319	0
1320	0
1321	0
1322	0
1323	0
1324	0
1325	0
1326	0
1327	0
1328	0
1329	0
1330	-1
1331	0
1332	-1
1333	0
1334	0
1335	0
1336	-1
1337	0
1338	-1
1339	0
1340	-1
1341	0
1342	-1
1343	-1
1344	-2
1345	0
1346	-1
1347	0
1348	-1
1349	0
1350	-1
1351	0
1352	-1
1353	0
1354	-1
1355	0
1356	-1
1357	0
1358	-1
1359	0
1360	0
1361	0
1362	0
1363	0
1364	-1
1365	-1
1366	0
1367	0
1368	0
1369	0
1370	-1
1371	0
1372	-1
1373	-1
1374	-1
1375	0
1376	0
1377	0
1378	0
1379	-1
1380	-1
1381	-1
1382	-1
1383	-1
1384	-1
1385	0
1386	-1
1387	-1
1388	0
1389	0
1390	0
1391	0
1392	-1
1393	0
1394	0
1395	0
1396	0
1397	0
1398	-1
1399	0
1400	-1
1401	0
1402	0
1403	0
1404	-1
1405	0
1406	0
1407	0
1408	0
1409	0
1410	0
1411	0
1412	0
1413	0
1414	0
1415	0
1416	0
1417	0
1418	-1
1419	0
1420	0
1421	0
1422	0
1423	0
1424	0
1425	0
1426	0
1427	0
1428	0
1429	0
1430	-1
1431	0
1432	0
1433	0
1434	0
1435	0
1436	0
1437	0
1438	0
1439	0
1440	0
1441	0
1442	0
1443	0
1444	0
1445	0
1446	0
1447	0
1448	0
1449	0
1450	0
1451	0
1452	0
1453	0
1454	0
1455	0
1456	0
1457	0
1458	-1
1459	0
1460	0
1461	0
1462	-1
1463	0
1464	0
1465	0
1466	0
1467	0
1468	0
1469	0
1470	0
1471	0
1472	-1
1473	0
1474	0
1475	0
1476	0
1477	0
1478	0
1479	0
1480	0
1481	0
1482	0
1483	0
1484	0
1485	0
1486	0
1487	0
1488	0
1489	0
1490	0
1491	0
1492	0
1493	0
1494	0
1495	0
1496	0
1497	0
1498	0
1499	0
1500	0
1501	0
1502	0
1503	0
1504	-1
1505	0
1506	0
1507	0
1508	0
1509	0
1510	0
1511	0
1512	0
1513	0
1514	0
1515	0
1516	0
1517	0
1518	0
1519	0
1520	0
1521	0
1522	0
1523	0
1524	-1
1525	0
1526	0
1527	0
1528	0
1529	0
1530	-1
1531	0
1532	-1
1533	0
1534	0
1535	0
1536	0
1537	0
1538	-1
1539	0
1540	-2
1541	0
1542	-2
1543	0
1544	-2
1545	0
1546	0
1547	0
1548	-1
1549	0
1550	-1
1551	0
1552	0
1553	0
1554	-1
1555	0
1556	0
1557	0
1558	0
1559	0
1560	0
1561	0
1562	0
1563	0
1564	0
1565	0
1566	0
1567	0
1568	0
1569	0
1570	0
1571	0
1572	0
1573	0
1574	0
1575	0
1576	0
1577	0
1578	0
1579	0
1580	-1
1581	0
1582	0
1583	0
1584	-1
1585	0
1586	0
1587	0
1588	0
1589	0
1590	0
1591	0
1592	0
1593	0
1594	0
1595	0
1596	-1
1597	0
1598	-1
1599	0
1600	-1
1601	0
1602	0
1603	-1
1604	-1
1605	0
1606	-1
1607	0
1608	0
1609	0
1610	0
1611	0
1612	0
1613	0
1614	0
1615	0
1616	0
1617	0
1618	0
1619	0
1620	0
1621	0
1622	0
1623	0
1624	0
1625	0
1626	0
1627	0
1628	0
1629	0
1630	0
1631	0
1632	0
1633	0
1634	0
1635	0
1636	0
1637	0
1638	0
1639	0
1640	0
1641	0
1642	0
1643	0
1644	-1
1645	0
1646	0
1647	0
1648	-1
1649	0
1650	0
1651	0
1652	0
1653	0
1654	0
1655	0
1656	-1
1657	0
1658	0
1659	0
1660	-1
1661	0
1662	-1
1663	0
1664	-2
1665	0
1666	-1
1667	0
1668	0
1669	0
1670	0
1671	0
1672	0
1673	0
1674	0
1675	0
1676	0
1677	0
1678	0
1679	0
1680	-1
1681	0
1682	-1
1683	0
1684	0
1685	0
1686	0
1687	0
1688	0
1689	0
1690	0
1691	0
1692	0
1693	-1
1694	-1
1695	0
1696	-1
1697	0
1698	0
1699	0
1700	0
1701	0
1702	0
1703	0
1704	-1
1705	0
1706	0
1707	0
1708	-1
1709	0
1710	0
1711	0
1712	-1
1713	0
1714	-1
1715	0
1716	0
1717	0
1718	0
1719	0
1720	0
1721	0
1722	0
1723	0
1724	0
1725	0
1726	0
1727	0
1728	0
1729	0
1730	0
1731	0
1732	0
1733	0
1734	0
1735	0
1736	0
1737	0
1738	0
1739	0
1740	0
1741	1
1742	0
1743	0
1744	0
1745	0
1746	-1
1747	0
1748	0
1749	0
1750	0
1751	0
1752	0
1753	0
1754	0
1755	0
1756	0
1757	0
1758	0
1759	0
1760	0
1761	0
1762	0
1763	0
1764	0
1765	0
1766	0
1767	0
1768	-1
1769	0
1770	0
1771	0
1772	-1
1773	0
1774	-1
1775	0
1776	-1
1777	0
1778	-1
1779	0
1780	0
1781	0
1782	0
1783	0
1784	0
1785	-1
1786	-1
1787	0
1788	0
1789	0
1790	0
1791	0
1792	-1
1793	0
1794	-1
1795	0
1796	-1
1797	0
1798	0
1799	0
1800	0
1801	0
1802	0
1803	0
1804	0
1805	0
1806	-2
1807	0
1808	0
1809	0
1810	0
1811	0
1812	-1
1813	0
1814	0
1815	0
1816	-1
1817	0
1818	-1
1819	0
1820	0
1821	0
1822	0
1823	0
1824	0
1825	0
1826	0
1827	0
1828	0
1829	0
1830	0
1831	1
1832	0
1833	0
1834	0
1835	0
1836	0
1837	0
1838	0
1839	0
1840	0
1841	1
1842	0
1843	0
1844	0
1845	1
1846	0
1847	0
1848	0
1849	2
1850	0
1851	3
1852	0
1853	2
1854	0
1855	1
1856	1
1857	2
1858	1
1859	2
1860	1
1861	3
1862	1
1863	2
1864	1
1865	2
1866	1
1867	2
1868	1
1869	1
1870	1
1871	2
1872	1
1873	2
1874	1
1875	1
1876	0
1877	0
1878	1
1879	1
1880	0
1881	1
1882	0
1883	1
1884	0
1885	0
1886	0
1887	0
1888	0
1889	0
1890	-1
1891	0
1892	0
1893	0
1894	-1
1895	0
1896	-1
1897	0
1898	-1
1899	0
1900	-1
1901	-1
1902	-1
1903	0
1904	-1
1905	0
1906	-1
1907	0
1908	-1
1909	0
1910	-1
1911	0
1912	0
1913	0
1914	-1
1915	0
1916	0
1917	0
1918	-1
1919	0
1920	0
1921	0
1922	0
1923	0
1924	0
1925	0
1926	0
1927	0
1928	0
1929	0
1930	0
1931	0
1932	-1
1933	0
1934	0
1935	0
1936	0
1937	0
1938	-1
1939	-1
1940	-1
1941	0
1942	-1
1943	0
1944	-1
1945	0
1946	-2
1947	0
1948	-1
1949	0
1950	-1
1951	0
1952	-1
1953	0
1954	-2
1955	0
1956	0
1957	0
1958	0
1959	0
1960	-1
1961	0
1962	0
1963	0
1964	0
1965	0
1966	0
1967	0
1968	0
1969	0
1970	0
1971	0
1972	0
1973	0
1974	0
1975	0
1976	0
1977	0
1978	0
1979	0
1980	0
1981	1
1982	0
1983	1
1984	0
1985	0
1986	0
1987	0
1988	0
1989	0
1990	0
1991	0
1992	-1
1993	0
1994	0
1995	0
1996	-1
1997	0
1998	0
1999	0
