0	0
1	1
2	2
3	2
4	2
5	2
6	1
7	2
8	0
9	2
10	0
11	1
12	1
13	1
14	1
15	1
16	1
17	1
18	0
19	1
20	0
21	0
22	1
23	0
24	0
25	1
26	0
27	1
28	0
29	0
30	0
31	1
32	0
33	1
34	0
35	0
36	0
37	1
38	0
39	1
40	0
41	0
42	0
43	0
44	0
45	0
46	0
47	0
48	0
49	0
50	0
51	0
52	0
53	0
54	0
55	0
56	-1
57	0
58	-1
59	-1
60	-1
61	0
62	-2
63	0
64	0
65	0
66	-1
67	0
68	0
69	0
70	0
71	0
72	-1
73	0
74	-1
75	0
76	-1
77	0
78	-1
79	0
80	-1
81	0
82	-1
83	0
84	-1
85	0
86	-1
87	0
88	-1
89	-1
90	0
91	0
92	-1
93	0
94	-1
95	-1
96	-1
97	0
98	0
99	0
100	0
101	0
102	-1
103	0
104	0
105	0
106	0
107	0
108	0
109	1
110	0
111	2
112	2
113	2
114	0
115	2
116	0
117	2
118	1
119	1
120	0
121	1
122	0
123	2
124	0
125	2
126	1
127	2
128	0
129	1
130	0
131	1
132	0
133	0
134	0
135	1
136	0
137	2
138	0
139	1
140	0
141	2
142	0
143	0
144	0
145	1
146	0
147	0
148	0
149	2
150	0
151	1
152	0
153	1
154	0
155	0
156	0
157	0
158	0
159	2
160	0
161	2
162	0
163	2
164	0
165	2
166	0
167	1
168	0
169	1
170	0
171	0
172	0
173	0
174	0
175	1
176	0
177	0
178	0
179	0
180	0
181	0
182	-1
183	0
184	-1
185	0
186	0
187	0
188	-1
189	0
190	-1
191	0
192	-2
193	-1
194	-1
195	-1
196	-2
197	-1
198	0
199	0
200	-1
201	0
202	0
203	0
204	0
205	0
206	0
207	0
208	0
209	0
210	0
211	0
212	0
213	0
214	0
215	0
216	1
217	0
218	1
219	0
220	1
221	2
222	1
223	1
224	1
225	1
226	0
227	1
228	0
229	0
230	0
231	0
232	0
233	0
234	-1
235	0
236	0
237	0
238	0
239	0
240	0
241	0
242	0
243	0
244	0
245	0
246	-1
247	0
248	-1
249	0
250	0
251	0
252	-1
253	0
254	-1
255	0
256	0
257	0
258	-1
259	0
260	-1
261	0
262	-1
263	0
264	0
265	0
266	0
267	0
268	-1
269	0
270	0
271	0
272	0
273	0
274	0
275	0
276	0
277	0
278	0
279	0
280	0
281	0
282	0
283	0
284	0
285	0
286	0
287	0
288	0
289	0
290	1
291	0
292	0
293	0
294	0
295	0
296	1
297	0
298	1
299	0
300	0
301	0
302	1
303	0
304	0
305	0
306	0
307	0
308	0
309	0
310	0
311	0
312	-1
313	0
314	0
315	0
316	0
317	0
318	0
319	0
320	0
321	0
322	0
323	0
324	0
325	1
326	0
327	1
328	0
329	0
330	0
331	0
332	0
333	1
334	0
335	1
336	0
337	1
338	0
339	0
340	0
341	0
342	0
343	1
344	0
345	0
346	0
347	0
348	-1
349	0
350	0
351	0
352	0
353	0
354	-1
355	1
356	0
357	0
358	0
359	0
360	0
361	0
362	1
363	1
364	0
365	0
366	0
367	0
368	1
369	0
370	0
371	0
372	0
373	0
374	-1
375	0
376	0
377	0
378	0
379	0
380	0
381	0
382	0
383	0
384	0
385	0
386	0
387	0
388	0
389	0
390	0
391	0
392	0
393	0
394	0
395	0
396	0
397	0
398	-1
399	0
400	0
401	1
402	0
403	0
404	0
405	0
406	0
407	1
408	0
409	0
410	0
411	2
412	0
413	0
414	0
415	0
416	0
417	1
418	0
419	1
420	1
421	1
422	1
423	0
424	0
425	1
426	1
427	1
428	1
429	1
430	1
431	3
432	1
433	3
434	3
435	5
436	6
437	9
438	11
439	14
440	17
441	22
442	22
443	28
444	32
445	38
446	38
447	47
448	50
449	57
450	61
451	67
452	71
453	77
454	81
455	86
456	90
457	98
458	99
459	105
460	109
461	115
462	119
463	122
464	125
465	130
466	134
467	136
468	138
469	143
470	143
471	146
472	146
473	146
474	148
475	148
476	148
477	148
478	146
479	146
480	140
481	141
482	137
483	136
484	131
485	129
486	125
487	122
488	119
489	116
490	111
491	108
492	102
493	99
494	92
495	92
496	85
497	80
498	78
499	78
500	62
501	64
502	60
503	57
504	48
505	47
506	43
507	39
508	34
509	32
510	25
511	24
512	17
513	16
514	11
515	8
516	4
517	2
518	0
519	-3
520	-5
521	-8
522	-10
523	-12
524	-15
525	-16
526	-19
527	-20
528	-23
529	-25
530	-25
531	-27
532	-29
533	-29
534	-32
535	-31
536	-34
537	-35
538	-38
539	-37
540	-37
541	-38
542	-39
543	-40
544	-40
545	-40
546	-41
547	-41
548	-42
549	-42
550	-43
551	-43
552	-44
553	-43
554	-43
555	-44
556	-43
557	-43
558	-43
559	-44
560	-44
561	-43
562	-43
563	-43
564	-44
565	-42
566	-43
567	-42
568	-41
569	-41
570	-42
571	-40
572	-40
573	-39
574	-39
575	-38
576	-38
577	-36
578	-35
579	-35
580	-34
581	-32
582	-33
583	-32
584	-32
585	-32
586	-31
587	-31
588	-32
589	-30
590	-31
591	-28
592	-31
593	-30
594	-28
595	-29
596	-28
597	-27
598	-28
599	-27
600	-27
601	-25
602	-26
603	-23
604	-25
605	-23
606	-24
607	-22
608	-22
609	-21
610	-19
611	-20
612	-18
613	-18
614	-18
615	-19
616	-18
617	-18
618	-17
619	-17
620	-18
621	-17
622	-16
623	-18
624	-16
625	-15
626	-16
627	-14
628	-14
629	-14
630	-13
631	-14
632	-13
633	-12
634	-12
635	-12
636	-11
637	-10
638	-10
639	-10
640	-11
641	-11
642	-10
643	-10
644	-9
645	-7
646	-9
647	-7
648	-8
649	-7
650	-8
651	-6
652	-8
653	-5
654	-7
655	-6
656	-6
657	-4
658	-6
659	-3
660	-5
661	-2
662	-4
663	-2
664	-2
665	-2
666	-1
667	-1
668	-1
669	-1
670	0
671	-2
672	-1
673	-1
674	0
675	0
676	-1
677	0
678	-1
679	0
680	-1
681	-1
682	-2
683	-1
684	-1
685	0
686	-1
687	0
688	-1
689	0
690	-1
691	0
692	-1
693	0
694	-1
695	-1
696	-4
697	0
698	-1
699	0
700	-1
701	0
702	0
703	0
704	-1
705	0
706	-1
707	0
708	-1
709	0
710	-1
711	0
712	-1
713	0
714	-1
715	0
716	0
717	0
718	-1
719	0
720	-1
721	0
722	0
723	0
724	0
725	0
726	0
727	-1
728	-1
729	-1
730	-1
731	0
732	-1
733	-1
734	-1
735	-1
736	-2
737	-2
738	-1
739	-1
740	-2
741	0
742	-2
743	-1
744	-1
745	0
746	0
747	-1
748	-1
749	-1
750	-1
751	0
752	0
753	0
754	-1
755	-1
756	0
757	-1
758	0
759	0
760	0
761	0
762	0
763	0
764	0
765	0
766	0
767	0
768	0
769	0
770	0
771	0
772	0
773	0
774	0
775	0
776	0
777	1
778	-1
779	0
780	0
781	0
782	0
783	1
784	0
785	0
786	0
787	0
788	0
789	0
790	0
791	0
792	-2
793	0
794	-2
795	-1
796	-1
797	-1
798	0
799	0
800	-1
801	0
802	0
803	-1
804	0
805	0
806	-1
807	-1
808	-1
809	-1
810	-1
811	-2
812	-1
813	-1
814	0
815	0
816	-1
817	0
818	0
819	-1
820	-2
821	-1
822	-1
823	0
824	-1
825	0
826	-2
827	0
828	-2
829	0
830	-2
831	-1
832	-2
833	0
834	-2
835	-1
836	-1
837	-1
838	-2
839	-1
840	-2
841	-1
842	-1
843	0
844	-1
845	0
846	-1
847	0
848	0
849	0
850	-1
851	0
852	0
853	0
854	0
855	0
856	0
857	0
858	0
859	0
860	0
861	0
862	0
863	0
864	0
865	0
866	1
867	0
868	0
869	0
870	0
871	0
872	-1
873	0
874	-1
875	0
876	0
877	0
878	-1
879	0
880	0
881	1
882	-1
883	0
884	0
885	0
886	0
887	0
888	0
889	-1
890	-2
891	0
892	-1
893	0
894	-1
895	0
896	-1
897	0
898	-1
899	0
900	0
901	0
902	-1
903	0
904	-1
905	0
906	-2
907	0
908	-1
909	0
910	-2
911	0
912	-1
913	0
914	0
915	0
916	0
917	0
918	0
919	0
920	0
921	0
922	0
923	1
924	0
925	0
926	-1
927	0
928	0
929	0
930	0
931	0
932	0
933	0
934	-2
935	-1
936	-2
937	-2
938	-2
939	-1
940	-2
941	-1
942	-1
943	-1
944	-1
945	0
946	-2
947	-1
948	-1
949	0
950	-2
951	0
952	-2
953	0
954	-3
955	0
956	-1
957	0
958	0
959	0
960	0
961	0
962	0
963	0
964	0
965	1
966	0
967	0
968	1
969	0
970	-1
971	0
972	0
973	0
974	0
975	0
976	0
977	0
978	0
979	0
980	0
981	0
982	-1
983	0
984	-1
985	0
986	-2
987	0
988	-2
989	-1
990	-1
991	-1
992	-2
993	0
994	-2
995	0
996	-3
997	-1
998	-2
999	-1
1000	-2
1001	-1
1002	-1
1003	0
1004	-1
1005	0
1006	-1
1007	0
1008	-2
1009	0
1010	-1
1011	0
1012	-1
1013	0
1014	-2
1015	0
1016	-1
1017	0
1018	-1
1019	0
1020	-1
1021	0
1022	-1
1023	0
1024	0
1025	0
1026	0
1027	0
1028	-1
1029	-1
1030	-1
1031	0
1032	-1
1033	0
1034	0
1035	0
1036	-1
1037	0
1038	-1
1039	0
1040	0
1041	-1
1042	0
1043	0
1044	-1
1045	0
1046	-1
1047	0
1048	-1
1049	0
1050	-1
1051	0
1052	-1
1053	0
1054	-1
1055	0
1056	-2
1057	0
1058	-2
1059	0
1060	-1
1061	0
1062	-1
1063	0
1064	-1
1065	-1
1066	-1
1067	-1
1068	-2
1069	0
1070	-2
1071	0
1072	0
1073	0
1074	0
1075	0
1076	0
1077	0
1078	0
1079	0
1080	0
1081	0
1082	0
1083	0
1084	0
1085	0
1086	0
1087	0
1088	0
1089	0
1090	0
1091	0
1092	0
1093	0
1094	0
1095	0
1096	0
1097	0
1098	-1
1099	0
1100	-1
1101	-1
1102	-2
1103	-1
1104	0
1105	0
1106	-1
1107	-1
1108	-1
1109	0
1110	-2
1111	-1
1112	-2
1113	-1
1114	0
1115	-1
1116	-2
1117	-1
1118	-1
1119	-1
1120	0
1121	0
1122	-1
1123	0
1124	-1
1125	0
1126	-2
1127	0
1128	0
1129	0
1130	-1
1131	0
1132	0
1133	0
1134	-1
1135	0
1136	0
1137	0
1138	0
1139	0
1140	0
1141	0
1142	0
1143	0
1144	0
1145	0
1146	0
1147	0
1148	0
1149	0
1150	0
1151	0
1152	0
1153	0
1154	0
1155	0
1156	-1
1157	0
1158	0
1159	-1
1160	-1
1161	-1
1162	0
1163	-2
1164	-1
1165	-1
1166	-2
1167	0
1168	-3
1169	-1
1170	-2
1171	-1
1172	-2
1173	-1
1174	-2
1175	-1
1176	-2
1177	0
1178	-1
1179	0
1180	0
1181	0
1182	0
1183	0
1184	0
1185	0
1186	0
1187	0
1188	0
1189	0
1190	0
1191	0
1192	-1
1193	0
1194	0
1195	0
1196	-1
1197	0
1198	0
1199	0
1200	-1
1201	0
1202	0
1203	0
1204	-1
1205	0
1206	0
1207	0
1208	-1
1209	0
1210	-1
1211	-1
1212	-1
1213	0
1214	-1
1215	0
1216	-1
1217	-1
1218	-1
1219	-2
1220	-1
1221	-3
1222	-1
1223	-1
1224	-1
1225	0
1226	-1
1227	-1
1228	0
1229	0
1230	0
1231	0
1232	-1
1233	0
1234	-1
1235	0
1236	0
1237	0
1238	0
1239	0
1240	0
1241	0
1242	0
1243	1
1244	0
1245	0
1246	0
1247	1
1248	0
1249	1
1250	0
1251	0
1252	-1
1253	0
1254	-2
1255	0
1256	0
1257	0
1258	0
1259	0
1260	0
1261	0
1262	-1
1263	0
1264	-3
1265	0
1266	-1
1267	-1
1268	-1
1269	-1
1270	-2
1271	0
1272	-3
1273	0
1274	-2
1275	-1
1276	-1
1277	-1
1278	-1
1279	0
1280	-1
1281	-1
1282	-2
1283	-3
1284	-2
1285	-1
1286	-1
1287	-1
1288	-2
1289	-1
1290	-2
1291	0
1292	-1
1293	0
1294	-1
1295	0
1296	0
1297	0
1298	0
1299	0
1300	0
1301	0
1302	0
1303	0
1304	1
1305	1
1306	0
1307	0
1308	0
1309	0
1310	0
1311	0
1312	0
1313	0
1314	0
1315	-1
1316	-1
1317	0
1318	-1
1319	0
1320	-1
1321	-1
1322	-1
1323	-1
1324	-2
1325	-1
1326	-2
1327	-2
1328	-2
1329	-3
1330	-2
1331	-1
1332	-2
1333	-1
1334	-2
1335	0
1336	-3
1337	-1
1338	-1
1339	0
1340	-1
1341	-1
1342	-2
1343	0
1344	-1
1345	0
1346	-1
1347	0
1348	0
1349	0
1350	0
1351	0
1352	-1
1353	0
1354	0
1355	0
1356	0
1357	0
1358	0
1359	0
1360	0
1361	0
1362	0
1363	0
1364	0
1365	0
1366	-1
1367	0
1368	0
1369	0
1370	-1
1371	0
1372	-1
1373	0
1374	-1
1375	0
1376	-1
1377	0
1378	-1
1379	0
1380	0
1381	0
1382	-1
1383	0
1384	-1
1385	0
1386	-1
1387	0
1388	0
1389	0
1390	0
1391	1
1392	0
1393	1
1394	0
1395	2
1396	0
1397	1
1398	1
1399	1
1400	1
1401	1
1402	1
1403	2
1404	2
1405	3
1406	3
1407	2
1408	3
1409	3
1410	2
1411	2
1412	2
1413	3
1414	2
1415	2
1416	1
1417	3
1418	1
1419	2
1420	1
1421	1
1422	1
1423	2
1424	1
1425	2
1426	1
1427	1
1428	0
1429	1
1430	1
1431	1
1432	0
1433	1
1434	0
1435	0
1436	0
1437	0
1438	0
1439	1
1440	0
1441	0
1442	0
1443	0
1444	0
1445	0
1446	0
1447	0
1448	0
1449	0
1450	0
1451	0
1452	0
1453	0
1454	-1
1455	0
1456	0
1457	0
1458	-1
1459	0
1460	0
1461	0
1462	0
1463	0
1464	0
1465	-2
1466	-1
1467	-1
1468	-1
1469	-2
1470	-2
1471	-2
1472	-2
1473	-2
1474	-2
1475	-3
1476	-2
1477	-3
1478	-3
1479	-3
1480	-3
1481	-2
1482	-2
1483	-2
1484	-3
1485	-3
1486	-2
1487	-3
1488	-4
1489	-2
1490	-2
1491	-2
1492	-3
1493	-1
1494	-3
1495	0
1496	-2
1497	0
1498	-2
1499	-1
1500	-2
1501	-1
1502	-2
1503	-1
1504	-2
1505	-1
1506	-1
1507	-1
1508	-2
1509	0
1510	-2
1511	0
1512	-3
1513	-1
1514	0
1515	0
1516	-1
1517	0
1518	-1
1519	0
1520	0
1521	0
1522	0
1523	0
1524	0
1525	0
1526	0
1527	0
1528	-1
1529	0
1530	0
1531	0
1532	0
1533	0
1534	0
1535	0
1536	0
1537	0
1538	0
1539	0
1540	0
1541	0
1542	0
1543	0
1544	0
1545	1
1546	0
1547	1
1548	0
1549	0
1550	0
1551	0
1552	0
1553	0
1554	0
1555	0
1556	0
1557	0
1558	0
1559	0
1560	0
1561	-1
1562	-1
1563	0
1564	-1
1565	0
1566	-1
1567	0
1568	-1
1569	0
1570	-1
1571	-1
1572	-1
1573	0
1574	0
1575	-1
1576	-1
1577	-1
1578	-2
1579	0
1580	-1
1581	-2
1582	-2
1583	-1
1584	-2
1585	-1
1586	-3
1587	-1
1588	-2
1589	0
1590	-2
1591	-1
1592	-1
1593	-1
1594	-1
1595	0
1596	-1
1597	0
1598	-1
1599	-1
1600	-1
1601	0
1602	-1
1603	0
1604	0
1605	0
1606	-1
1607	0
1608	-1
1609	0
1610	0
1611	0
1612	0
1613	0
1614	0
1615	0
1616	0
1617	0
1618	0
1619	0
1620	0
1621	0
1622	0
1623	0
1624	0
1625	0
1626	0
1627	-1
1628	0
1629	-1
1630	0
1631	0
1632	0
1633	0
1634	0
1635	0
1636	0
1637	0
1638	0
1639	0
1640	0
1641	0
1642	0
1643	0
1644	0
1645	0
1646	0
1647	0
1648	0
1649	0
1650	0
1651	0
1652	0
1653	0
1654	0
1655	0
1656	0
1657	0
1658	0
1659	0
1660	0
1661	0
1662	-1
1663	0
1664	-1
1665	0
1666	0
1667	0
1668	0
1669	0
1670	0
1671	0
1672	0
1673	0
1674	0
1675	0
1676	0
1677	-1
1678	-1
1679	0
1680	-1
1681	0
1682	0
1683	-1
1684	0
1685	0
1686	0
1687	0
1688	-1
1689	0
1690	-1
1691	0
1692	0
1693	0
1694	-1
1695	0
1696	-1
1697	0
1698	0
1699	0
1700	0
1701	0
1702	-1
1703	0
1704	-1
1705	0
1706	-2
1707	0
1708	0
1709	0
1710	-1
1711	0
1712	-1
1713	0
1714	-1
1715	-2
1716	-1
1717	-1
1718	0
1719	0
1720	0
1721	0
1722	0
1723	0
1724	0
1725	0
1726	0
1727	0
1728	0
1729	0
1730	0
1731	0
1732	0
1733	0
1734	1
1735	0
1736	0
1737	0
1738	0
1739	0
1740	0
1741	0
1742	0
1743	0
1744	-1
1745	-1
1746	0
1747	0
1748	-1
1749	0
1750	-1
1751	0
1752	-1
1753	-1
1754	-1
1755	-1
1756	-1
1757	-1
1758	-2
1759	-1
1760	-1
1761	-1
1762	-1
1763	-1
1764	-1
1765	0
1766	0
1767	0
1768	0
1769	0
1770	0
1771	0
1772	0
1773	0
1774	0
1775	1
1776	0
1777	0
1778	0
1779	1
1780	0
1781	0
1782	0
1783	1
1784	0
1785	0
1786	0
1787	0
1788	0
1789	1
1790	0
1791	0
1792	0
1793	0
1794	0
1795	0
1796	0
1797	0
1798	0
1799	0
1800	0
1801	0
1802	0
1803	0
1804	0
1805	0
1806	0
1807	0
1808	0
1809	1
1810	0
1811	0
1812	0
1813	0
1814	0
1815	1
1816	0
1817	0
1818	0
1819	0
1820	0
1821	0
1822	0
1823	0
1824	-1
1825	0
1826	-1
1827	0
1828	-1
1829	-1
1830	-1
1831	-1
1832	-2
1833	-1
1834	-1
1835	0
1836	-1
1837	0
1838	-2
1839	-1
1840	-1
1841	-1
1842	0
1843	0
1844	-2
1845	-2
1846	-1
1847	-1
1848	0
1849	0
1850	0
1851	0
1852	0
1853	0
1854	-1
1855	0
1856	0
1857	0
1858	0
1859	0
1860	0
1861	0
1862	0
1863	0
1864	0
1865	0
1866	0
1867	0
1868	0
1869	0
1870	-1
1871	0
1872	-1
1873	0
1874	-1
1875	0
1876	-1
1877	0
1878	-2
1879	0
1880	-2
1881	-1
1882	-1
1883	-2
1884	-1
1885	-1
1886	-1
1887	0
1888	-2
1889	0
1890	-1
1891	0
1892	-1
1893	0
1894	0
1895	0
1896	0
1897	0
1898	-1
1899	0
1900	-1
1901	0
1902	0
1903	0
1904	0
1905	1
1906	0
1907	1
1908	0
1909	2
1910	0
1911	1
1912	1
1913	1
1914	0
1915	0
1916	0
1917	0
1918	0
1919	0
1920	-2
1921	0
1922	-1
1923	0
1924	0
1925	-1
1926	0
1927	-1
1928	0
1929	0
1930	-2
1931	-1
1932	-1
1933	-1
1934	-2
1935	0
1936	-2
1937	0
1938	-1
1939	-1
1940	-1
1941	0
1942	-1
1943	0
1944	0
1945	0
1946	-1
1947	0
1948	0
1949	-1
1950	0
1951	0
1952	-1
1953	0
1954	0
1955	0
1956	0
1957	0
1958	0
1959	0
1960	0
1961	0
1962	0
1963	0
1964	0
1965	0
1966	-1
1967	0
1968	0
1969	0
1970	0
1971	0
1972	0
1973	0
1974	0
1975	0
1976	0
1977	0
1978	0
1979	0
1980	0
1981	0
1982	0
1983	0
1984	0
1985	0
1986	0
1987	0
1988	0
1989	0
1990	0
1991	1
1992	0
1993	0
1994	0
1995	0
1996	0
1997	0
1998	0
1999	0
