0	0
1	0
2	0
3	0
4	0
5	0
6	-1
7	0
8	0
9	0
10	0
11	0
12	0
13	0
14	-1
15	0
16	0
17	0
18	-2
19	-1
20	0
21	0
22	-1
23	1
24	-1
25	0
26	-1
27	0
28	0
29	0
30	0
31	1
32	0
33	0
34	0
35	1
36	0
37	0
38	0
39	2
40	0
41	0
42	0
43	1
44	0
45	1
46	1
47	3
48	0
49	4
50	0
51	3
52	1
53	1
54	1
55	2
56	0
57	1
58	0
59	2
60	0
61	1
62	0
63	1
64	0
65	1
66	0
67	1
68	0
69	2
70	0
71	1
72	0
73	1
74	0
75	1
76	0
77	1
78	0
79	1
80	0
81	1
82	-2
83	0
84	-1
85	0
86	0
87	0
88	0
89	0
90	0
91	0
92	0
93	0
94	-1
95	0
96	0
97	0
98	0
99	0
100	0
101	0
102	0
103	0
104	0
105	0
106	0
107	0
108	-1
109	0
110	0
111	0
112	-1
113	0
114	0
115	0
116	0
117	0
118	-1
119	0
120	0
121	0
122	0
123	0
124	0
125	0
126	0
127	0
128	0
129	0
130	0
131	0
132	0
133	0
134	0
135	0
136	0
137	0
138	0
139	0
140	0
141	0
142	0
143	1
144	0
145	1
146	0
147	0
148	0
149	0
150	0
151	1
152	0
153	1
154	0
155	0
156	0
157	1
158	1
159	1
160	0
161	1
162	0
163	1
164	0
165	1
166	0
167	0
168	0
169	0
170	0
171	0
172	0
173	0
174	0
175	0
176	0
177	1
178	0
179	0
180	0
181	0
182	0
183	0
184	0
185	0
186	0
187	0
188	0
189	0
190	0
191	0
192	0
193	1
194	0
195	0
196	0
197	0
198	0
199	0
200	0
201	0
202	0
203	0
204	0
205	0
206	0
207	0
208	0
209	0
210	0
211	0
212	0
213	0
214	0
215	0
216	0
217	0
218	0
219	0
220	0
221	1
222	0
223	0
224	0
225	0
226	0
227	0
228	0
229	0
230	0
231	0
232	-1
233	0
234	-1
235	0
236	0
237	0
238	0
239	0
240	0
241	0
242	-1
243	0
244	0
245	0
246	0
247	0
248	0
249	0
250	1
251	1
252	0
253	0
254	0
255	0
256	0
257	0
258	0
259	0
260	0
261	0
262	0
263	0
264	0
265	0
266	0
267	0
268	0
269	1
270	0
271	0
272	0
273	0
274	0
275	1
276	0
277	1
278	0
279	1
280	0
281	1
282	0
283	1
284	1
285	1
286	0
287	1
288	1
289	2
290	1
291	3
292	0
293	2
294	0
295	2
296	1
297	2
298	0
299	2
300	0
301	2
302	0
303	1
304	0
305	1
306	0
307	1
308	0
309	0
310	0
311	1
312	-1
313	0
314	0
315	0
316	-1
317	-1
318	-1
319	0
320	-2
321	-1
322	-2
323	-1
324	-1
325	0
326	-1
327	0
328	-1
329	-1
330	0
331	0
332	-1
333	0
334	-1
335	0
336	0
337	0
338	0
339	0
340	-1
341	0
342	0
343	0
344	0
345	1
346	0
347	1
348	-1
349	1
350	0
351	0
352	0
353	0
354	0
355	1
356	0
357	0
358	0
359	0
360	0
361	0
362	0
363	0
364	0
365	0
366	0
367	0
368	0
369	1
370	0
371	2
372	0
373	0
374	0
375	1
376	0
377	0
378	1
379	1
380	0
381	0
382	1
383	1
384	1
385	1
386	1
387	2
388	1
389	3
390	1
391	2
392	1
393	1
394	1
395	1
396	0
397	1
398	0
399	1
400	0
401	0
402	0
403	0
404	0
405	0
406	0
407	0
408	-1
409	-1
410	0
411	0
412	0
413	0
414	0
415	0
416	0
417	0
418	0
419	0
420	0
421	0
422	0
423	0
424	0
425	0
426	0
427	0
428	0
429	0
430	0
431	1
432	0
433	0
434	0
435	0
436	0
437	2
438	0
439	5
440	6
441	8
442	9
443	14
444	14
445	20
446	22
447	26
448	27
449	33
450	37
451	43
452	46
453	51
454	53
455	59
456	62
457	67
458	69
459	75
460	79
461	82
462	85
463	91
464	91
465	96
466	97
467	101
468	101
469	106
470	108
471	110
472	109
473	113
474	111
475	113
476	112
477	113
478	111
479	113
480	112
481	111
482	109
483	110
484	105
485	107
486	102
487	101
488	98
489	97
490	94
491	92
492	90
493	89
494	84
495	83
496	77
497	77
498	77
499	78
500	62
501	66
502	63
503	64
504	57
505	56
506	52
507	53
508	46
509	47
510	41
511	42
512	37
513	37
514	33
515	31
516	27
517	26
518	24
519	23
520	19
521	17
522	15
523	14
524	11
525	10
526	6
527	6
528	4
529	4
530	0
531	0
532	-3
533	-2
534	-4
535	-5
536	-8
537	-6
538	-10
539	-8
540	-13
541	-11
542	-15
543	-13
544	-16
545	-15
546	-17
547	-17
548	-19
549	-18
550	-20
551	-20
552	-21
553	-21
554	-22
555	-22
556	-24
557	-22
558	-25
559	-22
560	-24
561	-22
562	-25
563	-23
564	-26
565	-25
566	-25
567	-24
568	-26
569	-23
570	-26
571	-23
572	-26
573	-24
574	-26
575	-24
576	-25
577	-23
578	-26
579	-22
580	-26
581	-21
582	-25
583	-23
584	-22
585	-20
586	-20
587	-21
588	-21
589	-19
590	-21
591	-19
592	-20
593	-18
594	-18
595	-16
596	-18
597	-16
598	-17
599	-14
600	-17
601	-14
602	-15
603	-14
604	-14
605	-14
606	-15
607	-13
608	-14
609	-12
610	-13
611	-13
612	-14
613	-13
614	-13
615	-12
616	-13
617	-13
618	-13
619	-11
620	-14
621	-11
622	-13
623	-11
624	-12
625	-10
626	-13
627	-12
628	-12
629	-11
630	-12
631	-11
632	-13
633	-10
634	-12
635	-11
636	-12
637	-9
638	-11
639	-8
640	-10
641	-7
642	-9
643	-5
644	-9
645	-5
646	-9
647	-4
648	-9
649	-4
650	-6
651	-4
652	-6
653	-5
654	-5
655	-5
656	-5
657	-4
658	-6
659	-4
660	-5
661	-3
662	-5
663	-4
664	-4
665	-4
666	-6
667	-5
668	-4
669	-4
670	-6
671	-3
672	-5
673	-3
674	-4
675	-5
676	-4
677	-4
678	-2
679	-2
680	-4
681	-2
682	-3
683	-1
684	-2
685	-1
686	-3
687	-2
688	-2
689	-1
690	-4
691	0
692	-2
693	0
694	-2
695	-1
696	-3
697	-1
698	-2
699	-1
700	-2
701	0
702	-2
703	0
704	-3
705	0
706	-2
707	0
708	-2
709	0
710	-1
711	0
712	-2
713	-1
714	-2
715	-2
716	-1
717	-2
718	-2
719	-1
720	-1
721	-1
722	-2
723	-1
724	-1
725	-1
726	-1
727	-1
728	-1
729	-1
730	-2
731	0
732	-1
733	-1
734	-2
735	-1
736	-2
737	-1
738	-1
739	0
740	-1
741	0
742	-1
743	0
744	-1
745	0
746	-1
747	0
748	0
749	0
750	0
751	-1
752	0
753	0
754	0
755	0
756	-1
757	0
758	0
759	0
760	-1
761	0
762	-1
763	0
764	0
765	0
766	-1
767	0
768	-1
769	0
770	0
771	0
772	-1
773	0
774	-1
775	0
776	-1
777	0
778	-2
779	0
780	-1
781	-1
782	-2
783	-1
784	-1
785	-1
786	-2
787	-1
788	-2
789	-2
790	-1
791	-1
792	-2
793	-1
794	-2
795	-1
796	-3
797	-1
798	-1
799	-1
800	-2
801	0
802	-2
803	-1
804	-2
805	-1
806	-1
807	0
808	-1
809	0
810	0
811	0
812	0
813	0
814	0
815	0
816	-1
817	0
818	0
819	0
820	0
821	0
822	0
823	1
824	0
825	2
826	0
827	1
828	0
829	2
830	0
831	1
832	0
833	1
834	0
835	1
836	0
837	0
838	0
839	1
840	0
841	1
842	0
843	1
844	0
845	2
846	0
847	1
848	1
849	1
850	1
851	2
852	2
853	2
854	0
855	1
856	1
857	2
858	1
859	2
860	1
861	2
862	2
863	2
864	1
865	2
866	1
867	2
868	1
869	2
870	0
871	2
872	0
873	2
874	0
875	1
876	0
877	1
878	0
879	0
880	0
881	0
882	-1
883	0
884	0
885	0
886	-1
887	0
888	-2
889	-1
890	-1
891	-1
892	-1
893	-1
894	-1
895	-2
896	-1
897	0
898	-1
899	-1
900	-1
901	-1
902	0
903	-1
904	0
905	-1
906	0
907	-1
908	-1
909	-1
910	-1
911	-1
912	-2
913	-1
914	-1
915	0
916	-1
917	-1
918	-1
919	-1
920	-1
921	0
922	-1
923	0
924	-1
925	1
926	0
927	0
928	-1
929	-1
930	-2
931	-1
932	-1
933	-1
934	-2
935	0
936	-2
937	0
938	-2
939	-1
940	-2
941	-1
942	0
943	0
944	0
945	0
946	-2
947	-1
948	0
949	0
950	-1
951	0
952	-1
953	-1
954	0
955	0
956	-1
957	0
958	-1
959	0
960	0
961	0
962	-1
963	0
964	-1
965	0
966	-1
967	-1
968	-2
969	-1
970	0
971	0
972	0
973	0
974	-1
975	0
976	-1
977	0
978	0
979	0
980	-1
981	0
982	-1
983	0
984	0
985	0
986	-2
987	0
988	-3
989	-1
990	-1
991	-1
992	-2
993	-1
994	-1
995	0
996	-2
997	-1
998	-2
999	0
1000	-1
1001	0
1002	-2
1003	0
1004	-2
1005	0
1006	-1
1007	0
1008	-1
1009	0
1010	0
1011	0
1012	0
1013	0
1014	-1
1015	0
1016	-2
1017	-1
1018	-2
1019	-1
1020	-2
1021	0
1022	-2
1023	0
1024	-1
1025	0
1026	-2
1027	0
1028	-1
1029	-1
1030	-2
1031	0
1032	-1
1033	0
1034	-1
1035	0
1036	0
1037	0
1038	-1
1039	0
1040	0
1041	0
1042	0
1043	0
1044	0
1045	0
1046	-1
1047	0
1048	0
1049	0
1050	-1
1051	0
1052	-2
1053	0
1054	-1
1055	0
1056	0
1057	0
1058	-2
1059	0
1060	-2
1061	0
1062	0
1063	0
1064	-1
1065	0
1066	-2
1067	0
1068	-1
1069	0
1070	-1
1071	0
1072	-1
1073	0
1074	-1
1075	0
1076	-2
1077	0
1078	-1
1079	0
1080	-1
1081	0
1082	0
1083	0
1084	-1
1085	0
1086	-1
1087	0
1088	0
1089	-1
1090	0
1091	0
1092	0
1093	0
1094	0
1095	0
1096	0
1097	0
1098	0
1099	0
1100	0
1101	0
1102	0
1103	0
1104	0
1105	0
1106	0
1107	0
1108	0
1109	0
1110	0
1111	0
1112	0
1113	0
1114	0
1115	0
1116	0
1117	0
1118	0
1119	1
1120	0
1121	2
1122	0
1123	2
1124	0
1125	2
1126	1
1127	1
1128	1
1129	1
1130	0
1131	1
1132	0
1133	1
1134	0
1135	1
1136	0
1137	0
1138	0
1139	2
1140	1
1141	2
1142	1
1143	1
1144	0
1145	1
1146	1
1147	1
1148	0
1149	2
1150	0
1151	1
1152	0
1153	0
1154	0
1155	1
1156	0
1157	1
1158	0
1159	0
1160	0
1161	1
1162	0
1163	0
1164	0
1165	0
1166	0
1167	0
1168	-1
1169	0
1170	-1
1171	0
1172	-1
1173	0
1174	-2
1175	0
1176	-1
1177	0
1178	0
1179	0
1180	0
1181	0
1182	-1
1183	0
1184	0
1185	0
1186	0
1187	0
1188	-1
1189	0
1190	0
1191	0
1192	-1
1193	0
1194	0
1195	0
1196	-1
1197	0
1198	0
1199	0
1200	-2
1201	0
1202	-1
1203	0
1204	-1
1205	-1
1206	-2
1207	-1
1208	-2
1209	0
1210	-2
1211	-1
1212	-1
1213	-1
1214	-2
1215	-1
1216	-2
1217	0
1218	-1
1219	-1
1220	-2
1221	-2
1222	-3
1223	-1
1224	-2
1225	-1
1226	0
1227	-1
1228	0
1229	0
1230	-1
1231	0
1232	-1
1233	-1
1234	-2
1235	-1
1236	-1
1237	0
1238	-1
1239	0
1240	-1
1241	0
1242	-1
1243	0
1244	-1
1245	0
1246	-1
1247	0
1248	-2
1249	0
1250	-1
1251	-1
1252	-2
1253	0
1254	-1
1255	-1
1256	-1
1257	0
1258	0
1259	0
1260	0
1261	0
1262	-1
1263	0
1264	-1
1265	0
1266	0
1267	0
1268	0
1269	0
1270	0
1271	0
1272	-1
1273	0
1274	0
1275	0
1276	0
1277	1
1278	0
1279	0
1280	0
1281	0
1282	0
1283	0
1284	0
1285	0
1286	0
1287	1
1288	0
1289	0
1290	0
1291	0
1292	0
1293	0
1294	0
1295	0
1296	0
1297	-1
1298	0
1299	-1
1300	-1
1301	0
1302	-2
1303	0
1304	0
1305	0
1306	-1
1307	-1
1308	-2
1309	-1
1310	-1
1311	-1
1312	-1
1313	0
1314	-2
1315	-1
1316	-1
1317	0
1318	-1
1319	0
1320	0
1321	0
1322	-2
1323	0
1324	-1
1325	0
1326	-2
1327	0
1328	-1
1329	-1
1330	-2
1331	-1
1332	-1
1333	0
1334	-1
1335	0
1336	-1
1337	0
1338	-1
1339	0
1340	0
1341	0
1342	0
1343	0
1344	0
1345	0
1346	-1
1347	0
1348	-1
1349	0
1350	-1
1351	0
1352	-1
1353	0
1354	-1
1355	-1
1356	0
1357	0
1358	0
1359	0
1360	0
1361	0
1362	0
1363	0
1364	-1
1365	0
1366	0
1367	0
1368	0
1369	0
1370	0
1371	0
1372	-1
1373	0
1374	-1
1375	0
1376	0
1377	0
1378	0
1379	0
1380	-1
1381	0
1382	0
1383	0
1384	-1
1385	0
1386	0
1387	0
1388	0
1389	0
1390	-1
1391	0
1392	-1
1393	0
1394	0
1395	0
1396	0
1397	0
1398	0
1399	0
1400	0
1401	0
1402	0
1403	0
1404	0
1405	0
1406	-1
1407	0
1408	0
1409	1
1410	-1
1411	0
1412	0
1413	0
1414	0
1415	0
1416	0
1417	0
1418	-1
1419	0
1420	-1
1421	0
1422	-2
1423	0
1424	0
1425	0
1426	0
1427	0
1428	-1
1429	0
1430	-1
1431	0
1432	0
1433	0
1434	-1
1435	0
1436	0
1437	0
1438	-1
1439	0
1440	0
1441	0
1442	0
1443	0
1444	0
1445	0
1446	0
1447	1
1448	0
1449	0
1450	0
1451	0
1452	0
1453	1
1454	0
1455	1
1456	1
1457	1
1458	0
1459	1
1460	0
1461	1
1462	0
1463	1
1464	1
1465	1
1466	1
1467	2
1468	1
1469	2
1470	1
1471	2
1472	1
1473	3
1474	1
1475	1
1476	0
1477	2
1478	1
1479	2
1480	0
1481	1
1482	1
1483	1
1484	0
1485	1
1486	0
1487	0
1488	0
1489	1
1490	1
1491	0
1492	0
1493	1
1494	0
1495	1
1496	0
1497	0
1498	0
1499	0
1500	0
1501	0
1502	0
1503	0
1504	0
1505	0
1506	0
1507	0
1508	-1
1509	0
1510	-1
1511	0
1512	-2
1513	0
1514	0
1515	0
1516	-1
1517	0
1518	0
1519	0
1520	-1
1521	0
1522	0
1523	0
1524	0
1525	0
1526	-1
1527	0
1528	-2
1529	0
1530	-1
1531	0
1532	0
1533	0
1534	0
1535	0
1536	0
1537	0
1538	-1
1539	0
1540	-2
1541	-1
1542	-3
1543	0
1544	-2
1545	-1
1546	-2
1547	-1
1548	-2
1549	-2
1550	-2
1551	-2
1552	-2
1553	-1
1554	-2
1555	-1
1556	-3
1557	0
1558	-2
1559	0
1560	-2
1561	0
1562	-2
1563	0
1564	-1
1565	0
1566	-1
1567	-1
1568	-1
1569	0
1570	-1
1571	0
1572	0
1573	0
1574	0
1575	0
1576	-1
1577	0
1578	0
1579	0
1580	-1
1581	0
1582	0
1583	0
1584	0
1585	0
1586	-1
1587	0
1588	0
1589	0
1590	-2
1591	0
1592	-2
1593	0
1594	-1
1595	0
1596	0
1597	0
1598	-1
1599	-1
1600	-1
1601	0
1602	0
1603	0
1604	-1
1605	0
1606	-1
1607	0
1608	-1
1609	0
1610	0
1611	0
1612	0
1613	0
1614	0
1615	0
1616	-1
1617	0
1618	-1
1619	0
1620	0
1621	0
1622	0
1623	0
1624	0
1625	0
1626	0
1627	0
1628	-1
1629	0
1630	-1
1631	0
1632	0
1633	0
1634	-1
1635	0
1636	0
1637	0
1638	-1
1639	0
1640	-1
1641	0
1642	-1
1643	0
1644	-2
1645	-1
1646	-2
1647	-2
1648	-2
1649	-1
1650	-2
1651	-1
1652	-2
1653	0
1654	-2
1655	0
1656	-1
1657	0
1658	-1
1659	0
1660	-1
1661	0
1662	0
1663	0
1664	-1
1665	-1
1666	0
1667	0
1668	-1
1669	0
1670	-1
1671	0
1672	-1
1673	0
1674	-1
1675	0
1676	-1
1677	0
1678	-1
1679	0
1680	0
1681	0
1682	0
1683	0
1684	-1
1685	0
1686	-1
1687	0
1688	0
1689	0
1690	0
1691	0
1692	0
1693	0
1694	-1
1695	0
1696	0
1697	0
1698	0
1699	0
1700	-1
1701	0
1702	-1
1703	0
1704	-1
1705	0
1706	-1
1707	0
1708	0
1709	0
1710	0
1711	0
1712	0
1713	0
1714	0
1715	0
1716	0
1717	0
1718	0
1719	0
1720	0
1721	0
1722	0
1723	0
1724	0
1725	0
1726	0
1727	0
1728	0
1729	0
1730	0
1731	0
1732	-1
1733	0
1734	0
1735	0
1736	-1
1737	0
1738	-1
1739	0
1740	-1
1741	0
1742	0
1743	1
1744	0
1745	0
1746	0
1747	0
1748	0
1749	0
1750	0
1751	0
1752	0
1753	0
1754	1
1755	2
1756	0
1757	1
1758	0
1759	2
1760	0
1761	3
1762	0
1763	2
1764	1
1765	1
1766	1
1767	2
1768	2
1769	2
1770	1
1771	2
1772	1
1773	2
1774	1
1775	2
1776	2
1777	2
1778	1
1779	2
1780	2
1781	1
1782	0
1783	1
1784	1
1785	1
1786	1
1787	1
1788	0
1789	1
1790	0
1791	1
1792	0
1793	2
1794	0
1795	0
1796	0
1797	1
1798	0
1799	1
1800	0
1801	1
1802	0
1803	1
1804	0
1805	1
1806	0
1807	1
1808	0
1809	0
1810	0
1811	0
1812	0
1813	0
1814	0
1815	0
1816	-1
1817	0
1818	0
1819	0
1820	0
1821	0
1822	0
1823	0
1824	0
1825	0
1826	0
1827	0
1828	0
1829	0
1830	0
1831	0
1832	0
1833	0
1834	0
1835	0
1836	0
1837	0
1838	-1
1839	0
1840	-1
1841	0
1842	0
1843	0
1844	0
1845	0
1846	-1
1847	1
1848	-2
1849	0
1850	-1
1851	1
1852	-1
1853	0
1854	-1
1855	0
1856	-1
1857	0
1858	-1
1859	0
1860	-1
1861	0
1862	-1
1863	0
1864	-2
1865	0
1866	-1
1867	0
1868	-1
1869	0
1870	-1
1871	0
1872	-2
1873	0
1874	-2
1875	0
1876	0
1877	0
1878	-1
1879	0
1880	0
1881	0
1882	0
1883	0
1884	-2
1885	0
1886	-1
1887	0
1888	0
1889	0
1890	-1
1891	0
1892	0
1893	0
1894	0
1895	0
1896	0
1897	0
1898	-1
1899	0
1900	0
1901	0
1902	0
1903	0
1904	-1
1905	0
1906	-1
1907	0
1908	-1
1909	0
1910	-1
1911	0
1912	-2
1913	0
1914	-2
1915	0
1916	-1
1917	0
1918	-1
1919	0
1920	0
1921	-1
1922	-1
1923	0
1924	-1
1925	0
1926	-1
1927	0
1928	-1
1929	0
1930	0
1931	0
1932	0
1933	0
1934	0
1935	0
1936	0
1937	0
1938	0
1939	0
1940	0
1941	0
1942	0
1943	0
1944	-2
1945	0
1946	0
1947	0
1948	0
1949	0
1950	0
1951	0
1952	-1
1953	0
1954	0
1955	0
1956	0
1957	0
1958	0
1959	0
1960	-1
1961	0
1962	-1
1963	0
1964	-1
1965	0
1966	0
1967	0
1968	-1
1969	0
1970	-1
1971	0
1972	-1
1973	0
1974	-1
1975	0
1976	-1
1977	0
1978	0
1979	0
1980	0
1981	0
1982	0
1983	0
1984	-1
1985	0
1986	0
1987	0
1988	0
1989	1
1990	0
1991	1
1992	0
1993	0
1994	0
1995	0
1996	0
1997	0
1998	0
1999	0
