0	0
1	0
2	-1
3	1
4	0
5	1
6	0
7	0
8	0
9	0
10	0
11	0
12	0
13	0
14	0
15	0
16	0
17	0
18	0
19	1
20	0
21	2
22	0
23	1
24	0
25	1
26	0
27	0
28	0
29	1
30	0
31	1
32	0
33	1
34	0
35	1
36	0
37	0
38	0
39	0
40	0
41	0
42	0
43	2
44	1
45	0
46	0
47	1
48	0
49	2
50	0
51	1
52	0
53	1
54	0
55	1
56	0
57	2
58	0
59	2
60	0
61	1
62	0
63	2
64	0
65	1
66	0
67	0
68	0
69	0
70	-1
71	0
72	-2
73	0
74	0
75	0
76	0
77	0
78	0
79	0
80	0
81	0
82	0
83	0
84	-1
85	0
86	0
87	0
88	0
89	0
90	-1
91	0
92	0
93	0
94	0
95	0
96	0
97	1
98	0
99	1
100	0
101	0
102	0
103	2
104	1
105	3
106	0
107	2
108	0
109	1
110	0
111	1
112	0
113	1
114	0
115	2
116	0
117	1
118	0
119	1
120	0
121	1
122	0
123	0
124	0
125	0
126	0
127	0
128	0
129	0
130	0
131	0
132	-1
133	0
134	0
135	1
136	0
137	1
138	-1
139	1
140	0
141	1
142	0
143	1
144	0
145	1
146	0
147	0
148	0
149	1
150	-1
151	0
152	0
153	0
154	-1
155	0
156	-1
157	0
158	0
159	0
160	0
161	1
162	0
163	1
164	0
165	0
166	0
167	1
168	0
169	0
170	0
171	1
172	0
173	0
174	0
175	0
176	0
177	0
178	0
179	0
180	0
181	1
182	0
183	1
184	0
185	1
186	0
187	1
188	0
189	0
190	1
191	2
192	1
193	1
194	0
195	2
196	0
197	2
198	0
199	1
200	0
201	1
202	0
203	0
204	0
205	1
206	0
207	1
208	0
209	1
210	0
211	0
212	0
213	1
214	0
215	1
216	0
217	0
218	0
219	1
220	0
221	0
222	0
223	0
224	0
225	0
226	0
227	1
228	0
229	1
230	0
231	0
232	0
233	2
234	0
235	1
236	0
237	3
238	0
239	2
240	0
241	2
242	0
243	2
244	0
245	2
246	0
247	1
248	0
249	1
250	0
251	0
252	0
253	1
254	0
255	0
256	0
257	0
258	0
259	0
260	-1
261	0
262	-2
263	0
264	-1
265	0
266	0
267	0
268	-1
269	0
270	0
271	0
272	0
273	0
274	0
275	1
276	0
277	1
278	0
279	1
280	0
281	2
282	0
283	1
284	0
285	2
286	0
287	2
288	0
289	4
290	0
291	3
292	0
293	2
294	0
295	3
296	0
297	1
298	0
299	2
300	0
301	2
302	0
303	1
304	0
305	1
306	0
307	1
308	0
309	1
310	0
311	2
312	0
313	0
314	0
315	0
316	-1
317	1
318	0
319	1
320	0
321	0
322	0
323	0
324	-1
325	1
326	0
327	2
328	0
329	0
330	0
331	0
332	0
333	1
334	0
335	1
336	0
337	2
338	0
339	1
340	0
341	1
342	0
343	1
344	0
345	1
346	0
347	2
348	0
349	1
350	1
351	0
352	0
353	0
354	0
355	0
356	0
357	0
358	0
359	0
360	-1
361	0
362	-1
363	0
364	-1
365	0
366	0
367	0
368	0
369	0
370	0
371	0
372	0
373	0
374	0
375	0
376	0
377	1
378	0
379	0
380	0
381	1
382	0
383	1
384	0
385	1
386	0
387	2
388	0
389	2
390	1
391	1
392	0
393	1
394	0
395	2
396	0
397	2
398	0
399	2
400	0
401	2
402	0
403	2
404	0
405	1
406	0
407	0
408	0
409	0
410	0
411	1
412	0
413	0
414	1
415	0
416	0
417	0
418	0
419	1
420	0
421	1
422	0
423	0
424	0
425	1
426	0
427	2
428	0
429	2
430	0
431	1
432	0
433	2
434	0
435	2
436	2
437	3
438	3
439	8
440	8
441	11
442	12
443	17
444	16
445	22
446	24
447	30
448	32
449	39
450	40
451	48
452	49
453	56
454	60
455	66
456	69
457	74
458	78
459	84
460	86
461	90
462	94
463	100
464	102
465	109
466	109
467	113
468	114
469	119
470	120
471	123
472	124
473	125
474	126
475	127
476	126
477	128
478	128
479	128
480	126
481	125
482	122
483	121
484	118
485	116
486	113
487	112
488	109
489	108
490	102
491	101
492	95
493	92
494	89
495	87
496	79
497	79
498	77
499	78
500	62
501	64
502	61
503	59
504	52
505	50
506	46
507	43
508	39
509	37
510	33
511	31
512	26
513	24
514	20
515	20
516	15
517	14
518	9
519	8
520	4
521	4
522	0
523	-1
524	-4
525	-4
526	-10
527	-6
528	-11
529	-12
530	-15
531	-15
532	-17
533	-18
534	-21
535	-20
536	-22
537	-22
538	-25
539	-23
540	-27
541	-26
542	-29
543	-28
544	-30
545	-29
546	-33
547	-30
548	-33
549	-31
550	-33
551	-32
552	-33
553	-33
554	-33
555	-33
556	-33
557	-33
558	-34
559	-33
560	-34
561	-30
562	-34
563	-31
564	-33
565	-30
566	-34
567	-30
568	-32
569	-31
570	-31
571	-30
572	-31
573	-30
574	-29
575	-29
576	-29
577	-29
578	-29
579	-28
580	-29
581	-26
582	-28
583	-26
584	-27
585	-24
586	-26
587	-22
588	-25
589	-21
590	-23
591	-21
592	-22
593	-19
594	-22
595	-19
596	-19
597	-18
598	-18
599	-18
600	-18
601	-17
602	-18
603	-16
604	-17
605	-16
606	-16
607	-16
608	-16
609	-17
610	-16
611	-16
612	-16
613	-14
614	-14
615	-14
616	-14
617	-12
618	-15
619	-11
620	-14
621	-11
622	-12
623	-10
624	-11
625	-10
626	-11
627	-9
628	-10
629	-8
630	-10
631	-6
632	-7
633	-5
634	-6
635	-4
636	-6
637	-4
638	-6
639	-4
640	-4
641	-3
642	-5
643	-3
644	-4
645	-2
646	-4
647	-2
648	-2
649	-2
650	-2
651	-2
652	-2
653	-2
654	-2
655	-2
656	-2
657	-1
658	-2
659	-1
660	-2
661	0
662	-1
663	0
664	-2
665	0
666	-1
667	0
668	-2
669	0
670	0
671	0
672	-1
673	0
674	-1
675	0
676	-1
677	0
678	-1
679	0
680	0
681	1
682	0
683	1
684	0
685	0
686	0
687	0
688	-1
689	1
690	0
691	1
692	0
693	1
694	0
695	0
696	0
697	0
698	0
699	1
700	0
701	1
702	0
703	0
704	0
705	0
706	0
707	0
708	0
709	0
710	0
711	0
712	-1
713	0
714	-1
715	0
716	0
717	0
718	-1
719	0
720	-1
721	0
722	-1
723	0
724	0
725	0
726	0
727	0
728	-1
729	0
730	-1
731	0
732	-1
733	0
734	-1
735	0
736	-1
737	0
738	-1
739	-1
740	0
741	0
742	-1
743	0
744	0
745	0
746	0
747	-1
748	-1
749	0
750	-1
751	0
752	-1
753	0
754	-1
755	0
756	-1
757	0
758	0
759	0
760	0
761	0
762	-1
763	0
764	0
765	0
766	-1
767	0
768	0
769	0
770	0
771	0
772	0
773	0
774	0
775	0
776	-1
777	0
778	0
779	0
780	-1
781	0
782	0
783	0
784	-2
785	0
786	-2
787	0
788	0
789	0
790	0
791	0
792	0
793	1
794	-1
795	1
796	0
797	1
798	0
799	1
800	0
801	2
802	0
803	1
804	0
805	1
806	0
807	1
808	0
809	0
810	0
811	1
812	0
813	0
814	0
815	1
816	0
817	0
818	0
819	0
820	0
821	0
822	0
823	0
824	-1
825	0
826	0
827	0
828	-1
829	0
830	-1
831	0
832	-1
833	0
834	-3
835	0
836	-3
837	0
838	-2
839	-1
840	-3
841	-1
842	-3
843	-1
844	-3
845	0
846	-2
847	-1
848	-2
849	-1
850	-2
851	-1
852	-2
853	-1
854	-2
855	-2
856	-2
857	-1
858	-2
859	-1
860	-2
861	0
862	-1
863	0
864	-1
865	0
866	-1
867	0
868	-1
869	0
870	0
871	0
872	0
873	0
874	-1
875	0
876	0
877	0
878	0
879	0
880	0
881	1
882	0
883	1
884	2
885	1
886	1
887	1
888	1
889	3
890	1
891	2
892	0
893	3
894	1
895	4
896	3
897	4
898	1
899	3
900	1
901	3
902	2
903	3
904	2
905	3
906	1
907	3
908	0
909	3
910	2
911	2
912	2
913	2
914	2
915	3
916	0
917	3
918	3
919	3
920	1
921	2
922	1
923	2
924	1
925	2
926	1
927	1
928	0
929	1
930	0
931	0
932	0
933	0
934	-1
935	0
936	0
937	0
938	-2
939	0
940	-1
941	0
942	-1
943	0
944	-3
945	0
946	-2
947	-1
948	-3
949	-1
950	-2
951	0
952	-2
953	-1
954	-2
955	0
956	-2
957	-1
958	-2
959	0
960	-1
961	0
962	-1
963	-1
964	0
965	-1
966	-1
967	-1
968	-1
969	-1
970	-2
971	0
972	-3
973	-1
974	-2
975	-1
976	-3
977	0
978	-1
979	0
980	-1
981	0
982	-1
983	0
984	-1
985	0
986	-1
987	0
988	-2
989	0
990	-2
991	-1
992	-2
993	0
994	-1
995	0
996	-1
997	0
998	-1
999	0
1000	-1
1001	0
1002	-1
1003	0
1004	0
1005	0
1006	0
1007	-1
1008	0
1009	0
1010	-1
1011	0
1012	-1
1013	0
1014	-1
1015	0
1016	-1
1017	0
1018	0
1019	0
1020	-1
1021	0
1022	0
1023	0
1024	0
1025	0
1026	-1
1027	0
1028	-2
1029	0
1030	-1
1031	0
1032	0
1033	0
1034	0
1035	0
1036	-1
1037	-1
1038	-1
1039	-1
1040	-2
1041	-2
1042	-2
1043	-1
1044	-2
1045	0
1046	-2
1047	-1
1048	-2
1049	-1
1050	-2
1051	0
1052	-3
1053	-1
1054	-1
1055	-1
1056	-2
1057	-1
1058	-3
1059	-1
1060	-2
1061	0
1062	-2
1063	-1
1064	-2
1065	-1
1066	-2
1067	-1
1068	0
1069	0
1070	-1
1071	0
1072	-1
1073	-1
1074	0
1075	0
1076	-1
1077	0
1078	-1
1079	0
1080	0
1081	0
1082	0
1083	0
1084	0
1085	0
1086	0
1087	0
1088	0
1089	0
1090	0
1091	0
1092	0
1093	0
1094	-1
1095	0
1096	0
1097	0
1098	-1
1099	0
1100	-1
1101	0
1102	0
1103	0
1104	0
1105	0
1106	0
1107	0
1108	0
1109	0
1110	0
1111	0
1112	-1
1113	0
1114	-1
1115	1
1116	0
1117	1
1118	0
1119	1
1120	0
1121	0
1122	-1
1123	0
1124	0
1125	0
1126	0
1127	0
1128	0
1129	1
1130	0
1131	1
1132	0
1133	1
1134	0
1135	0
1136	0
1137	0
1138	0
1139	0
1140	0
1141	0
1142	0
1143	0
1144	-1
1145	0
1146	0
1147	0
1148	0
1149	1
1150	0
1151	0
1152	0
1153	0
1154	0
1155	1
1156	0
1157	2
1158	0
1159	1
1160	1
1161	2
1162	0
1163	2
1164	1
1165	1
1166	1
1167	2
1168	0
1169	1
1170	1
1171	1
1172	0
1173	1
1174	0
1175	0
1176	0
1177	0
1178	-1
1179	1
1180	-1
1181	0
1182	0
1183	0
1184	-1
1185	-1
1186	0
1187	0
1188	0
1189	0
1190	0
1191	0
1192	-1
1193	0
1194	0
1195	0
1196	-1
1197	0
1198	0
1199	0
1200	0
1201	0
1202	-1
1203	0
1204	0
1205	0
1206	0
1207	0
1208	-1
1209	0
1210	-1
1211	0
1212	0
1213	0
1214	0
1215	0
1216	-1
1217	0
1218	-1
1219	0
1220	0
1221	0
1222	0
1223	0
1224	-1
1225	0
1226	-1
1227	0
1228	-1
1229	0
1230	-1
1231	0
1232	-1
1233	0
1234	-1
1235	0
1236	0
1237	0
1238	-1
1239	0
1240	-2
1241	0
1242	-1
1243	0
1244	0
1245	0
1246	0
1247	0
1248	-1
1249	-1
1250	-1
1251	0
1252	0
1253	0
1254	-1
1255	0
1256	-1
1257	0
1258	-1
1259	0
1260	0
1261	-1
1262	-1
1263	0
1264	-1
1265	0
1266	-2
1267	0
1268	-1
1269	0
1270	-3
1271	-1
1272	-2
1273	-1
1274	-1
1275	0
1276	-2
1277	-1
1278	-1
1279	0
1280	-3
1281	-1
1282	-3
1283	0
1284	-2
1285	-1
1286	-2
1287	-2
1288	-1
1289	-1
1290	-2
1291	0
1292	-2
1293	-1
1294	-1
1295	0
1296	-2
1297	0
1298	-1
1299	-1
1300	-1
1301	0
1302	-2
1303	-1
1304	-1
1305	0
1306	-2
1307	-1
1308	-2
1309	0
1310	-1
1311	0
1312	0
1313	0
1314	0
1315	0
1316	0
1317	0
1318	-1
1319	0
1320	0
1321	0
1322	0
1323	0
1324	-1
1325	0
1326	0
1327	0
1328	0
1329	0
1330	0
1331	0
1332	0
1333	0
1334	0
1335	0
1336	0
1337	0
1338	-1
1339	0
1340	-1
1341	0
1342	-1
1343	0
1344	-1
1345	0
1346	-1
1347	1
1348	0
1349	0
1350	-1
1351	0
1352	-1
1353	0
1354	-2
1355	0
1356	-1
1357	0
1358	-1
1359	0
1360	-1
1361	0
1362	0
1363	0
1364	0
1365	0
1366	0
1367	0
1368	0
1369	0
1370	0
1371	0
1372	0
1373	0
1374	0
1375	0
1376	0
1377	0
1378	0
1379	0
1380	-1
1381	0
1382	0
1383	0
1384	0
1385	0
1386	-1
1387	0
1388	0
1389	0
1390	-1
1391	0
1392	-1
1393	0
1394	-1
1395	0
1396	-1
1397	0
1398	-1
1399	0
1400	-2
1401	0
1402	0
1403	0
1404	0
1405	0
1406	0
1407	0
1408	0
1409	1
1410	0
1411	0
1412	0
1413	0
1414	0
1415	0
1416	0
1417	0
1418	1
1419	1
1420	0
1421	1
1422	0
1423	1
1424	0
1425	0
1426	0
1427	1
1428	0
1429	1
1430	1
1431	1
1432	0
1433	2
1434	1
1435	2
1436	1
1437	2
1438	0
1439	2
1440	1
1441	3
1442	1
1443	1
1444	1
1445	2
1446	2
1447	2
1448	1
1449	2
1450	2
1451	2
1452	1
1453	2
1454	1
1455	2
1456	0
1457	1
1458	0
1459	0
1460	0
1461	0
1462	0
1463	1
1464	0
1465	0
1466	0
1467	1
1468	0
1469	1
1470	0
1471	0
1472	0
1473	0
1474	0
1475	0
1476	0
1477	0
1478	0
1479	0
1480	-2
1481	0
1482	-1
1483	0
1484	-2
1485	0
1486	0
1487	0
1488	-1
1489	0
1490	-1
1491	0
1492	-1
1493	-1
1494	-2
1495	0
1496	-2
1497	-1
1498	-2
1499	0
1500	-3
1501	0
1502	-3
1503	0
1504	-2
1505	-1
1506	-1
1507	0
1508	-1
1509	0
1510	-2
1511	0
1512	-1
1513	0
1514	-2
1515	-1
1516	-3
1517	0
1518	-2
1519	0
1520	-2
1521	0
1522	-1
1523	0
1524	0
1525	0
1526	-1
1527	0
1528	-2
1529	0
1530	-2
1531	0
1532	-2
1533	0
1534	-2
1535	0
1536	-1
1537	0
1538	-3
1539	-1
1540	-2
1541	0
1542	-1
1543	0
1544	-1
1545	-1
1546	-1
1547	-1
1548	-2
1549	0
1550	-2
1551	0
1552	-2
1553	-1
1554	-2
1555	-1
1556	-1
1557	0
1558	-2
1559	0
1560	0
1561	0
1562	-2
1563	0
1564	-2
1565	0
1566	-2
1567	0
1568	-1
1569	0
1570	-1
1571	0
1572	-1
1573	0
1574	-1
1575	0
1576	-1
1577	0
1578	-2
1579	0
1580	-2
1581	0
1582	-2
1583	0
1584	-1
1585	0
1586	-2
1587	0
1588	-2
1589	-1
1590	-1
1591	-1
1592	0
1593	-2
1594	-2
1595	0
1596	-3
1597	0
1598	-2
1599	0
1600	-2
1601	-1
1602	-2
1603	-1
1604	-2
1605	0
1606	-2
1607	0
1608	-1
1609	0
1610	0
1611	0
1612	0
1613	0
1614	-1
1615	0
1616	-1
1617	0
1618	-1
1619	0
1620	0
1621	0
1622	0
1623	0
1624	0
1625	0
1626	0
1627	1
1628	0
1629	1
1630	0
1631	1
1632	0
1633	1
1634	0
1635	0
1636	0
1637	0
1638	0
1639	0
1640	0
1641	0
1642	0
1643	0
1644	0
1645	0
1646	-1
1647	0
1648	0
1649	0
1650	-1
1651	0
1652	-1
1653	-1
1654	-1
1655	0
1656	-2
1657	0
1658	0
1659	0
1660	0
1661	0
1662	-2
1663	0
1664	0
1665	0
1666	-2
1667	0
1668	-2
1669	0
1670	-1
1671	0
1672	-1
1673	0
1674	0
1675	0
1676	-2
1677	0
1678	-1
1679	0
1680	0
1681	0
1682	-1
1683	0
1684	0
1685	0
1686	0
1687	0
1688	0
1689	0
1690	0
1691	0
1692	0
1693	0
1694	0
1695	0
1696	0
1697	0
1698	0
1699	0
1700	0
1701	0
1702	-1
1703	0
1704	0
1705	0
1706	-2
1707	0
1708	0
1709	0
1710	-1
1711	0
1712	0
1713	0
1714	-1
1715	0
1716	-1
1717	0
1718	-1
1719	1
1720	0
1721	0
1722	0
1723	0
1724	0
1725	0
1726	-1
1727	0
1728	-1
1729	0
1730	-1
1731	0
1732	0
1733	0
1734	-1
1735	-1
1736	0
1737	0
1738	0
1739	0
1740	-2
1741	0
1742	-1
1743	0
1744	0
1745	0
1746	-1
1747	0
1748	-1
1749	0
1750	0
1751	0
1752	-1
1753	0
1754	0
1755	0
1756	0
1757	1
1758	0
1759	0
1760	0
1761	0
1762	0
1763	0
1764	0
1765	0
1766	0
1767	1
1768	0
1769	0
1770	0
1771	1
1772	0
1773	1
1774	0
1775	0
1776	0
1777	0
1778	0
1779	0
1780	0
1781	0
1782	0
1783	1
1784	0
1785	1
1786	-1
1787	0
1788	0
1789	0
1790	0
1791	1
1792	0
1793	0
1794	0
1795	0
1796	0
1797	0
1798	-1
1799	0
1800	0
1801	-1
1802	-1
1803	0
1804	-1
1805	0
1806	0
1807	0
1808	0
1809	0
1810	-1
1811	0
1812	-2
1813	0
1814	-1
1815	0
1816	-1
1817	0
1818	-2
1819	0
1820	-1
1821	0
1822	-1
1823	0
1824	-1
1825	0
1826	0
1827	0
1828	0
1829	0
1830	-1
1831	0
1832	-1
1833	0
1834	-1
1835	0
1836	-1
1837	0
1838	-1
1839	0
1840	0
1841	0
1842	0
1843	0
1844	0
1845	0
1846	-1
1847	0
1848	0
1849	0
1850	-1
1851	0
1852	-1
1853	0
1854	0
1855	0
1856	0
1857	0
1858	-1
1859	-1
1860	-1
1861	0
1862	0
1863	0
1864	-2
1865	0
1866	-2
1867	0
1868	-1
1869	0
1870	-1
1871	0
1872	0
1873	1
1874	-1
1875	0
1876	-1
1877	1
1878	0
1879	0
1880	0
1881	0
1882	-1
1883	0
1884	-1
1885	0
1886	0
1887	0
1888	0
1889	0
1890	0
1891	1
1892	0
1893	2
1894	0
1895	1
1896	0
1897	2
1898	0
1899	2
1900	0
1901	3
1902	1
1903	3
1904	1
1905	4
1906	1
1907	4
1908	0
1909	2
1910	2
1911	3
1912	2
1913	3
1914	2
1915	3
1916	1
1917	2
1918	2
1919	3
1920	1
1921	3
1922	2
1923	2
1924	1
1925	2
1926	0
1927	1
1928	1
1929	2
1930	0
1931	1
1932	0
1933	1
1934	0
1935	0
1936	0
1937	2
1938	0
1939	0
1940	0
1941	0
1942	0
1943	0
1944	0
1945	0
1946	0
1947	0
1948	0
1949	1
1950	0
1951	0
1952	0
1953	1
1954	-1
1955	1
1956	0
1957	0
1958	0
1959	0
1960	0
1961	0
1962	0
1963	1
1964	0
1965	1
1966	0
1967	0
1968	0
1969	0
1970	0
1971	1
1972	-1
1973	0
1974	-1
1975	0
1976	0
1977	1
1978	0
1979	1
1980	0
1981	0
1982	0
1983	0
1984	0
1985	0
1986	0
1987	0
1988	-1
1989	0
1990	0
1991	0
1992	-1
1993	0
1994	-1
1995	0
1996	-2
1997	-1
1998	-1
1999	0
