0	-1
1	0
2	0
3	0
4	0
5	0
6	0
7	0
8	0
9	0
10	0
11	0
12	0
13	0
14	0
15	0
16	0
17	0
18	0
19	0
20	0
21	0
22	0
23	0
24	0
25	0
26	0
27	0
28	-1
29	0
30	-1
31	0
32	-1
33	0
34	-1
35	0
36	0
37	0
38	0
39	0
40	0
41	0
42	-1
43	0
44	0
45	0
46	0
47	0
48	0
49	1
50	0
51	1
52	0
53	1
54	0
55	1
56	1
57	1
58	1
59	2
60	0
61	3
62	0
63	1
64	0
65	2
66	0
67	2
68	0
69	1
70	0
71	0
72	0
73	0
74	0
75	1
76	0
77	2
78	0
79	0
80	0
81	1
82	0
83	0
84	0
85	0
86	0
87	0
88	0
89	0
90	0
91	0
92	0
93	0
94	0
95	0
96	0
97	0
98	0
99	1
100	0
101	2
102	0
103	1
104	0
105	1
106	0
107	0
108	0
109	0
110	-1
111	0
112	0
113	0
114	0
115	0
116	0
117	0
118	-1
119	0
120	0
121	0
122	0
123	0
124	0
125	0
126	0
127	1
128	0
129	0
130	0
131	0
132	0
133	0
134	0
135	0
136	0
137	0
138	0
139	0
140	0
141	1
142	0
143	0
144	0
145	0
146	0
147	0
148	0
149	0
150	0
151	0
152	0
153	0
154	-1
155	0
156	0
157	0
158	0
159	-1
160	-1
161	0
162	0
163	1
164	0
165	0
166	0
167	1
168	0
169	2
170	0
171	2
172	0
173	1
174	0
175	1
176	1
177	0
178	0
179	1
180	0
181	1
182	1
183	1
184	0
185	2
186	0
187	1
188	1
189	1
190	0
191	2
192	0
193	1
194	0
195	0
196	0
197	0
198	0
199	1
200	0
201	0
202	0
203	0
204	0
205	0
206	0
207	0
208	0
209	0
210	-1
211	0
212	0
213	0
214	-1
215	0
216	-2
217	0
218	0
219	0
220	0
221	0
222	0
223	0
224	0
225	0
226	-1
227	1
228	0
229	0
230	0
231	0
232	0
233	0
234	0
235	0
236	0
237	0
238	0
239	0
240	0
241	0
242	-1
243	0
244	-1
245	0
246	0
247	0
248	0
249	0
250	-1
251	0
252	0
253	0
254	0
255	0
256	0
257	0
258	0
259	0
260	0
261	0
262	0
263	0
264	0
265	0
266	0
267	1
268	0
269	0
270	0
271	0
272	0
273	1
274	0
275	1
276	0
277	1
278	0
279	0
280	0
281	0
282	0
283	0
284	0
285	0
286	-1
287	0
288	0
289	0
290	0
291	0
292	0
293	0
294	-1
295	0
296	-1
297	0
298	0
299	0
300	0
301	0
302	0
303	1
304	0
305	0
306	0
307	0
308	0
309	1
310	0
311	0
312	0
313	1
314	0
315	1
316	0
317	0
318	-1
319	0
320	0
321	1
322	0
323	1
324	0
325	1
326	0
327	0
328	0
329	0
330	0
331	0
332	0
333	0
334	0
335	0
336	0
337	0
338	0
339	0
340	0
341	0
342	0
343	0
344	0
345	1
346	0
347	1
348	0
349	0
350	0
351	0
352	0
353	1
354	0
355	2
356	0
357	3
358	0
359	1
360	0
361	2
362	0
363	1
364	1
365	1
366	0
367	1
368	1
369	2
370	0
371	1
372	0
373	2
374	0
375	0
376	0
377	0
378	1
379	1
380	1
381	1
382	0
383	2
384	0
385	0
386	0
387	0
388	-1
389	1
390	-1
391	0
392	0
393	0
394	0
395	0
396	-1
397	0
398	0
399	0
400	-1
401	0
402	0
403	0
404	0
405	0
406	-1
407	0
408	0
409	0
410	0
411	0
412	0
413	0
414	0
415	0
416	0
417	0
418	0
419	1
420	0
421	1
422	0
423	1
424	0
425	1
426	0
427	1
428	0
429	0
430	0
431	1
432	0
433	0
434	0
435	0
436	1
437	3
438	1
439	3
440	3
441	7
442	9
443	13
444	12
445	17
446	19
447	24
448	25
449	30
450	32
451	39
452	42
453	47
454	49
455	55
456	58
457	64
458	66
459	72
460	74
461	79
462	80
463	85
464	88
465	94
466	93
467	98
468	98
469	102
470	103
471	106
472	104
473	108
474	108
475	109
476	109
477	110
478	108
479	109
480	107
481	108
482	106
483	108
484	103
485	105
486	100
487	99
488	97
489	96
490	92
491	91
492	87
493	88
494	84
495	81
496	78
497	76
498	76
499	78
500	62
501	67
502	65
503	64
504	58
505	58
506	54
507	52
508	49
509	48
510	43
511	43
512	39
513	39
514	33
515	34
516	30
517	28
518	26
519	26
520	22
521	22
522	17
523	16
524	14
525	13
526	11
527	11
528	7
529	8
530	4
531	4
532	0
533	0
534	-1
535	-1
536	-4
537	-3
538	-5
539	-4
540	-7
541	-7
542	-9
543	-10
544	-11
545	-11
546	-13
547	-12
548	-17
549	-15
550	-18
551	-16
552	-20
553	-19
554	-20
555	-21
556	-23
557	-21
558	-23
559	-22
560	-23
561	-23
562	-24
563	-22
564	-25
565	-22
566	-26
567	-24
568	-26
569	-24
570	-25
571	-24
572	-25
573	-23
574	-25
575	-22
576	-25
577	-22
578	-25
579	-23
580	-26
581	-22
582	-24
583	-22
584	-24
585	-20
586	-23
587	-20
588	-24
589	-21
590	-23
591	-20
592	-22
593	-19
594	-21
595	-18
596	-19
597	-17
598	-20
599	-17
600	-19
601	-18
602	-19
603	-17
604	-18
605	-17
606	-18
607	-16
608	-18
609	-17
610	-18
611	-18
612	-18
613	-17
614	-18
615	-16
616	-17
617	-16
618	-17
619	-16
620	-16
621	-15
622	-16
623	-15
624	-16
625	-13
626	-16
627	-13
628	-14
629	-14
630	-13
631	-13
632	-12
633	-12
634	-12
635	-11
636	-12
637	-10
638	-12
639	-10
640	-11
641	-9
642	-11
643	-8
644	-10
645	-7
646	-11
647	-7
648	-11
649	-8
650	-8
651	-6
652	-9
653	-5
654	-7
655	-5
656	-7
657	-5
658	-8
659	-6
660	-6
661	-5
662	-6
663	-5
664	-6
665	-5
666	-6
667	-4
668	-6
669	-4
670	-5
671	-4
672	-5
673	-4
674	-5
675	-2
676	-5
677	-4
678	-5
679	-2
680	-4
681	-2
682	-5
683	-3
684	-4
685	-3
686	-4
687	-2
688	-5
689	-3
690	-3
691	-3
692	-4
693	-2
694	-4
695	-3
696	-4
697	-3
698	-4
699	-2
700	-4
701	-1
702	-3
703	-1
704	-3
705	-2
706	-2
707	-1
708	-4
709	-1
710	-3
711	-2
712	-2
713	-2
714	-2
715	-1
716	-2
717	-1
718	-3
719	-1
720	-2
721	-1
722	-1
723	-1
724	-2
725	0
726	-1
727	0
728	-1
729	-1
730	-1
731	0
732	-1
733	-1
734	0
735	0
736	0
737	0
738	0
739	0
740	0
741	0
742	0
743	0
744	0
745	0
746	0
747	0
748	0
749	0
750	0
751	1
752	0
753	1
754	0
755	1
756	1
757	2
758	1
759	1
760	1
761	2
762	1
763	2
764	1
765	2
766	1
767	1
768	0
769	1
770	1
771	2
772	1
773	1
774	0
775	1
776	0
777	2
778	0
779	1
780	0
781	0
782	0
783	0
784	-1
785	0
786	-2
787	0
788	-1
789	0
790	-1
791	0
792	0
793	0
794	0
795	0
796	0
797	0
798	-1
799	0
800	-1
801	0
802	-1
803	0
804	0
805	0
806	0
807	0
808	0
809	0
810	-1
811	0
812	0
813	0
814	0
815	0
816	0
817	0
818	0
819	0
820	0
821	-1
822	0
823	-1
824	0
825	0
826	-1
827	0
828	0
829	0
830	-1
831	0
832	-2
833	0
834	-2
835	0
836	0
837	0
838	0
839	0
840	0
841	0
842	0
843	0
844	0
845	2
846	0
847	0
848	0
849	1
850	0
851	0
852	0
853	0
854	0
855	1
856	0
857	0
858	0
859	1
860	0
861	0
862	0
863	0
864	0
865	1
866	0
867	0
868	0
869	0
870	-1
871	0
872	0
873	0
874	0
875	0
876	0
877	0
878	-1
879	0
880	-1
881	0
882	0
883	0
884	0
885	0
886	-1
887	0
888	0
889	0
890	0
891	1
892	-1
893	0
894	0
895	0
896	0
897	0
898	0
899	0
900	0
901	0
902	-1
903	0
904	0
905	0
906	0
907	0
908	0
909	0
910	-1
911	0
912	-1
913	-1
914	-1
915	-1
916	0
917	0
918	-2
919	-1
920	-2
921	-1
922	-2
923	0
924	-1
925	0
926	-2
927	0
928	-3
929	0
930	-1
931	-1
932	-3
933	0
934	-2
935	-1
936	-2
937	-1
938	-2
939	-1
940	-2
941	-1
942	-2
943	-1
944	-2
945	0
946	-2
947	0
948	-1
949	-2
950	-2
951	0
952	-1
953	0
954	-1
955	0
956	-1
957	0
958	-1
959	0
960	-1
961	0
962	-3
963	0
964	-1
965	0
966	0
967	0
968	0
969	0
970	-2
971	0
972	-1
973	0
974	0
975	0
976	-1
977	0
978	-2
979	0
980	-1
981	0
982	0
983	0
984	-1
985	-1
986	-1
987	0
988	-1
989	0
990	-2
991	0
992	-1
993	0
994	-2
995	0
996	-3
997	-1
998	-4
999	-1
1000	-2
1001	0
1002	-2
1003	0
1004	-2
1005	0
1006	0
1007	-1
1008	-2
1009	0
1010	0
1011	0
1012	0
1013	0
1014	0
1015	0
1016	0
1017	0
1018	-1
1019	0
1020	-1
1021	0
1022	0
1023	1
1024	0
1025	1
1026	0
1027	1
1028	0
1029	0
1030	0
1031	0
1032	-1
1033	0
1034	-1
1035	0
1036	-2
1037	-1
1038	-1
1039	-2
1040	-2
1041	-1
1042	-1
1043	-1
1044	-2
1045	0
1046	-3
1047	0
1048	-1
1049	0
1050	-2
1051	-1
1052	-2
1053	-1
1054	-2
1055	0
1056	-1
1057	0
1058	0
1059	0
1060	-2
1061	0
1062	-1
1063	0
1064	-1
1065	0
1066	-1
1067	0
1068	0
1069	0
1070	0
1071	0
1072	-1
1073	0
1074	-1
1075	0
1076	-1
1077	0
1078	-1
1079	0
1080	0
1081	0
1082	-1
1083	0
1084	-1
1085	0
1086	-1
1087	0
1088	-2
1089	0
1090	-2
1091	0
1092	-2
1093	0
1094	0
1095	0
1096	-1
1097	0
1098	0
1099	0
1100	-1
1101	0
1102	0
1103	0
1104	0
1105	0
1106	0
1107	0
1108	0
1109	0
1110	-1
1111	0
1112	-1
1113	0
1114	-1
1115	0
1116	-1
1117	1
1118	-1
1119	1
1120	-2
1121	0
1122	-1
1123	0
1124	-1
1125	0
1126	-1
1127	0
1128	-1
1129	-1
1130	-1
1131	-1
1132	-1
1133	-2
1134	-2
1135	0
1136	-1
1137	0
1138	-2
1139	0
1140	-2
1141	0
1142	-2
1143	0
1144	-2
1145	0
1146	-2
1147	0
1148	-2
1149	0
1150	-2
1151	-1
1152	-2
1153	-1
1154	-2
1155	0
1156	-2
1157	-2
1158	-1
1159	0
1160	-2
1161	0
1162	-1
1163	-1
1164	-1
1165	0
1166	-2
1167	0
1168	-1
1169	0
1170	-1
1171	0
1172	0
1173	0
1174	0
1175	0
1176	0
1177	1
1178	0
1179	2
1180	0
1181	2
1182	0
1183	3
1184	0
1185	2
1186	0
1187	3
1188	1
1189	3
1190	1
1191	2
1192	1
1193	2
1194	0
1195	3
1196	0
1197	3
1198	0
1199	3
1200	0
1201	3
1202	0
1203	1
1204	0
1205	1
1206	0
1207	0
1208	0
1209	1
1210	-1
1211	2
1212	-1
1213	1
1214	0
1215	0
1216	-1
1217	0
1218	-1
1219	1
1220	-1
1221	0
1222	0
1223	1
1224	-1
1225	0
1226	0
1227	0
1228	0
1229	0
1230	-1
1231	1
1232	-1
1233	0
1234	0
1235	1
1236	0
1237	0
1238	0
1239	0
1240	0
1241	0
1242	-1
1243	0
1244	-1
1245	0
1246	-1
1247	0
1248	-2
1249	0
1250	-2
1251	0
1252	-1
1253	0
1254	-2
1255	-1
1256	-2
1257	-1
1258	-3
1259	-3
1260	-3
1261	-1
1262	-2
1263	0
1264	-3
1265	-1
1266	-3
1267	-1
1268	-3
1269	0
1270	-3
1271	-1
1272	-2
1273	0
1274	-3
1275	-1
1276	-3
1277	0
1278	-2
1279	-1
1280	-2
1281	-1
1282	-2
1283	-1
1284	-3
1285	0
1286	-2
1287	0
1288	0
1289	0
1290	0
1291	0
1292	-1
1293	0
1294	-1
1295	0
1296	-1
1297	0
1298	0
1299	0
1300	0
1301	0
1302	-1
1303	0
1304	-2
1305	0
1306	-2
1307	0
1308	-3
1309	0
1310	-1
1311	0
1312	0
1313	0
1314	0
1315	0
1316	-1
1317	0
1318	-1
1319	0
1320	-1
1321	0
1322	-2
1323	0
1324	-2
1325	-1
1326	-2
1327	-1
1328	-1
1329	-1
1330	-1
1331	0
1332	-3
1333	0
1334	-2
1335	0
1336	-2
1337	-1
1338	-2
1339	-1
1340	-2
1341	-1
1342	-1
1343	-1
1344	-1
1345	0
1346	-1
1347	0
1348	-1
1349	-1
1350	-2
1351	-1
1352	-1
1353	0
1354	-1
1355	0
1356	0
1357	0
1358	0
1359	0
1360	0
1361	0
1362	-1
1363	0
1364	0
1365	0
1366	-1
1367	0
1368	0
1369	-1
1370	0
1371	0
1372	-1
1373	0
1374	0
1375	0
1376	0
1377	0
1378	0
1379	0
1380	0
1381	0
1382	0
1383	0
1384	0
1385	0
1386	0
1387	0
1388	0
1389	0
1390	0
1391	0
1392	0
1393	0
1394	-1
1395	1
1396	0
1397	0
1398	0
1399	0
1400	0
1401	0
1402	0
1403	0
1404	0
1405	0
1406	-1
1407	0
1408	-3
1409	0
1410	-2
1411	0
1412	-1
1413	0
1414	-1
1415	0
1416	-3
1417	0
1418	-2
1419	-1
1420	-2
1421	-1
1422	-2
1423	-1
1424	-3
1425	-1
1426	-2
1427	-1
1428	-2
1429	-1
1430	-3
1431	-1
1432	-2
1433	0
1434	-2
1435	0
1436	-2
1437	0
1438	-1
1439	0
1440	-2
1441	0
1442	-1
1443	0
1444	0
1445	0
1446	-1
1447	0
1448	0
1449	0
1450	0
1451	0
1452	0
1453	0
1454	0
1455	0
1456	0
1457	0
1458	-1
1459	0
1460	0
1461	0
1462	-1
1463	0
1464	0
1465	0
1466	0
1467	0
1468	0
1469	0
1470	-1
1471	0
1472	-1
1473	0
1474	-2
1475	-1
1476	-2
1477	0
1478	-2
1479	0
1480	0
1481	0
1482	-1
1483	0
1484	-1
1485	0
1486	-1
1487	0
1488	-1
1489	1
1490	-1
1491	0
1492	-1
1493	0
1494	-1
1495	0
1496	-2
1497	0
1498	0
1499	0
1500	0
1501	0
1502	0
1503	0
1504	0
1505	0
1506	0
1507	0
1508	-1
1509	0
1510	0
1511	0
1512	-1
1513	0
1514	-1
1515	0
1516	0
1517	0
1518	0
1519	0
1520	0
1521	0
1522	-1
1523	0
1524	0
1525	0
1526	0
1527	0
1528	0
1529	0
1530	-1
1531	0
1532	-1
1533	0
1534	0
1535	0
1536	-1
1537	0
1538	0
1539	0
1540	-2
1541	-1
1542	-2
1543	0
1544	-1
1545	-1
1546	-1
1547	-1
1548	-2
1549	-1
1550	-2
1551	0
1552	-2
1553	0
1554	-1
1555	0
1556	-1
1557	0
1558	-1
1559	0
1560	-1
1561	0
1562	-1
1563	0
1564	0
1565	0
1566	-1
1567	0
1568	-1
1569	0
1570	-1
1571	0
1572	-1
1573	0
1574	-1
1575	0
1576	-1
1577	0
1578	0
1579	0
1580	-2
1581	0
1582	-1
1583	0
1584	0
1585	0
1586	-1
1587	0
1588	-1
1589	0
1590	-1
1591	0
1592	0
1593	0
1594	0
1595	1
1596	0
1597	0
1598	0
1599	0
1600	0
1601	1
1602	0
1603	1
1604	1
1605	1
1606	0
1607	1
1608	0
1609	2
1610	1
1611	2
1612	1
1613	2
1614	0
1615	2
1616	0
1617	0
1618	0
1619	2
1620	1
1621	1
1622	1
1623	2
1624	0
1625	1
1626	1
1627	1
1628	0
1629	1
1630	0
1631	0
1632	0
1633	1
1634	0
1635	1
1636	0
1637	0
1638	0
1639	0
1640	0
1641	0
1642	0
1643	1
1644	0
1645	0
1646	0
1647	0
1648	0
1649	1
1650	0
1651	2
1652	0
1653	1
1654	0
1655	1
1656	0
1657	1
1658	0
1659	1
1660	1
1661	1
1662	0
1663	1
1664	0
1665	0
1666	0
1667	0
1668	0
1669	0
1670	0
1671	0
1672	-2
1673	0
1674	0
1675	0
1676	-1
1677	0
1678	-3
1679	-1
1680	-1
1681	0
1682	-1
1683	0
1684	-2
1685	0
1686	-3
1687	-1
1688	-1
1689	-1
1690	-1
1691	0
1692	-2
1693	-1
1694	0
1695	-1
1696	-1
1697	0
1698	-1
1699	0
1700	-1
1701	0
1702	-1
1703	0
1704	-2
1705	-1
1706	-2
1707	-1
1708	-2
1709	0
1710	-1
1711	-1
1712	-1
1713	0
1714	-1
1715	0
1716	-2
1717	0
1718	0
1719	0
1720	-1
1721	0
1722	-1
1723	0
1724	-1
1725	0
1726	-1
1727	0
1728	-1
1729	0
1730	0
1731	0
1732	-1
1733	0
1734	0
1735	0
1736	0
1737	0
1738	0
1739	0
1740	0
1741	1
1742	0
1743	1
1744	0
1745	1
1746	0
1747	1
1748	1
1749	1
1750	0
1751	1
1752	0
1753	0
1754	0
1755	1
1756	0
1757	1
1758	0
1759	0
1760	0
1761	0
1762	0
1763	0
1764	0
1765	0
1766	0
1767	0
1768	0
1769	0
1770	0
1771	1
1772	0
1773	0
1774	0
1775	0
1776	0
1777	0
1778	0
1779	1
1780	0
1781	1
1782	0
1783	2
1784	0
1785	1
1786	0
1787	1
1788	0
1789	1
1790	1
1791	1
1792	0
1793	0
1794	0
1795	1
1796	1
1797	0
1798	0
1799	0
1800	0
1801	0
1802	0
1803	0
1804	-1
1805	0
1806	-1
1807	-1
1808	-1
1809	0
1810	-1
1811	0
1812	-3
1813	-1
1814	-1
1815	-1
1816	-2
1817	-1
1818	-1
1819	-1
1820	-2
1821	-1
1822	-1
1823	0
1824	-2
1825	0
1826	0
1827	0
1828	-1
1829	0
1830	-1
1831	0
1832	-1
1833	0
1834	-1
1835	0
1836	0
1837	0
1838	-1
1839	0
1840	-1
1841	0
1842	-1
1843	0
1844	-1
1845	0
1846	0
1847	0
1848	-1
1849	0
1850	-1
1851	-1
1852	0
1853	0
1854	-1
1855	0
1856	-1
1857	0
1858	0
1859	0
1860	0
1861	0
1862	-1
1863	0
1864	-1
1865	0
1866	-1
1867	0
1868	-1
1869	0
1870	-1
1871	0
1872	-1
1873	0
1874	-1
1875	0
1876	0
1877	0
1878	0
1879	0
1880	-1
1881	0
1882	-1
1883	0
1884	-1
1885	0
1886	-1
1887	0
1888	-1
1889	0
1890	-1
1891	0
1892	-1
1893	0
1894	-1
1895	0
1896	-1
1897	0
1898	-1
1899	-1
1900	0
1901	0
1902	-1
1903	0
1904	-2
1905	0
1906	-2
1907	0
1908	-1
1909	-1
1910	-1
1911	0
1912	-2
1913	0
1914	-1
1915	0
1916	-1
1917	0
1918	-2
1919	0
1920	-1
1921	0
1922	-2
1923	0
1924	-1
1925	0
1926	-3
1927	0
1928	-1
1929	0
1930	-2
1931	0
1932	-3
1933	0
1934	-1
1935	0
1936	-1
1937	0
1938	-2
1939	-1
1940	-1
1941	0
1942	-1
1943	0
1944	-1
1945	0
1946	-2
1947	0
1948	-1
1949	0
1950	-1
1951	0
1952	0
1953	0
1954	0
1955	0
1956	0
1957	1
1958	0
1959	1
1960	1
1961	1
1962	0
1963	0
1964	0
1965	1
1966	0
1967	0
1968	0
1969	0
1970	0
1971	-1
1972	0
1973	0
1974	0
1975	0
1976	-1
1977	0
1978	-1
1979	0
1980	-1
1981	0
1982	0
1983	0
1984	-1
1985	-1
1986	-1
1987	0
1988	0
1989	0
1990	0
1991	0
1992	0
1993	0
1994	-1
1995	0
1996	0
1997	0
1998	0
1999	0
