0	0
1	0
2	0
3	0
4	0
5	0
6	0
7	0
8	0
9	0
10	0
11	0
12	0
13	0
14	0
15	0
16	0
17	0
18	0
19	0
20	0
21	0
22	0
23	0
24	0
25	1
26	0
27	0
28	0
29	0
30	0
31	0
32	0
33	0
34	0
35	0
36	0
37	0
38	0
39	0
40	0
41	0
42	0
43	0
44	0
45	0
46	0
47	0
48	0
49	0
50	0
51	0
52	0
53	0
54	0
55	0
56	0
57	0
58	0
59	0
60	-1
61	0
62	0
63	0
64	-1
65	0
66	0
67	0
68	0
69	0
70	0
71	0
72	0
73	0
74	0
75	0
76	0
77	0
78	0
79	0
80	0
81	0
82	0
83	0
84	0
85	0
86	0
87	0
88	0
89	0
90	0
91	0
92	0
93	0
94	0
95	0
96	0
97	0
98	0
99	0
100	0
101	1
102	0
103	0
104	0
105	0
106	0
107	0
108	0
109	1
110	0
111	0
112	0
113	0
114	0
115	0
116	0
117	0
118	0
119	0
120	0
121	0
122	0
123	0
124	0
125	0
126	0
127	0
128	0
129	0
130	0
131	0
132	0
133	0
134	0
135	1
136	0
137	1
138	0
139	0
140	0
141	1
142	0
143	0
144	1
145	0
146	0
147	0
148	0
149	0
150	0
151	0
152	0
153	0
154	0
155	0
156	0
157	0
158	0
159	0
160	-1
161	0
162	0
163	0
164	0
165	0
166	-1
167	0
168	-1
169	-1
170	-1
171	0
172	-1
173	-1
174	-1
175	0
176	-1
177	0
178	-1
179	0
180	-1
181	0
182	-1
183	-1
184	0
185	0
186	0
187	0
188	0
189	0
190	0
191	0
192	0
193	0
194	0
195	0
196	0
197	0
198	0
199	0
200	0
201	0
202	0
203	0
204	0
205	0
206	0
207	0
208	0
209	0
210	0
211	0
212	0
213	0
214	0
215	1
216	0
217	0
218	0
219	0
220	0
221	1
222	0
223	2
224	0
225	0
226	0
227	0
228	0
229	0
230	0
231	0
232	0
233	0
234	0
235	0
236	0
237	0
238	0
239	0
240	0
241	0
242	0
243	0
244	0
245	0
246	0
247	0
248	0
249	0
250	0
251	0
252	1
253	0
254	0
255	0
256	0
257	0
258	0
259	0
260	0
261	0
262	0
263	0
264	0
265	1
266	0
267	0
268	0
269	0
270	0
271	0
272	0
273	0
274	0
275	0
276	0
277	0
278	-1
279	0
280	0
281	0
282	-1
283	0
284	-1
285	0
286	0
287	0
288	0
289	0
290	0
291	0
292	-1
293	0
294	0
295	0
296	0
297	0
298	0
299	0
300	0
301	0
302	0
303	1
304	0
305	1
306	0
307	1
308	1
309	1
310	1
311	1
312	1
313	0
314	0
315	0
316	1
317	0
318	0
319	1
320	0
321	0
322	0
323	0
324	0
325	1
326	0
327	0
328	0
329	0
330	0
331	0
332	0
333	0
334	0
335	0
336	0
337	0
338	0
339	-1
340	0
341	0
342	0
343	0
344	0
345	0
346	-1
347	0
348	0
349	0
350	0
351	0
352	0
353	0
354	0
355	0
356	0
357	0
358	0
359	1
360	1
361	0
362	0
363	0
364	0
365	0
366	0
367	0
368	0
369	0
370	0
371	0
372	0
373	0
374	0
375	0
376	-1
377	0
378	0
379	0
380	0
381	0
382	-1
383	0
384	-1
385	0
386	0
387	0
388	0
389	0
390	0
391	0
392	0
393	0
394	0
395	0
396	0
397	0
398	-1
399	1
400	-1
401	0
402	0
403	0
404	0
405	0
406	0
407	0
408	0
409	0
410	0
411	0
412	0
413	0
414	0
415	0
416	0
417	0
418	0
419	0
420	0
421	0
422	0
423	0
424	0
425	0
426	0
427	0
428	0
429	0
430	0
431	0
432	-1
433	0
434	-1
435	0
436	0
437	0
438	0
439	1
440	0
441	1
442	4
443	4
444	6
445	10
446	11
447	12
448	16
449	20
450	22
451	24
452	27
453	32
454	35
455	39
456	42
457	47
458	50
459	53
460	58
461	62
462	64
463	68
464	73
465	77
466	79
467	81
468	84
469	87
470	89
471	94
472	94
473	97
474	98
475	99
476	101
477	101
478	102
479	102
480	103
481	103
482	101
483	103
484	101
485	99
486	99
487	98
488	96
489	95
490	91
491	92
492	87
493	86
494	84
495	81
496	78
497	76
498	76
499	78
500	62
501	67
502	64
503	62
504	58
505	55
506	53
507	51
508	46
509	46
510	40
511	40
512	39
513	37
514	33
515	30
516	27
517	26
518	24
519	22
520	20
521	17
522	15
523	13
524	11
525	10
526	7
527	6
528	3
529	3
530	0
531	0
532	-1
533	-2
534	-4
535	-5
536	-5
537	-7
538	-9
539	-9
540	-10
541	-11
542	-11
543	-12
544	-13
545	-13
546	-15
547	-15
548	-16
549	-16
550	-17
551	-16
552	-16
553	-17
554	-17
555	-17
556	-18
557	-17
558	-18
559	-17
560	-18
561	-17
562	-18
563	-16
564	-17
565	-17
566	-17
567	-17
568	-16
569	-15
570	-16
571	-16
572	-17
573	-16
574	-17
575	-16
576	-16
577	-16
578	-16
579	-16
580	-16
581	-15
582	-16
583	-15
584	-16
585	-15
586	-14
587	-15
588	-15
589	-14
590	-15
591	-14
592	-15
593	-14
594	-14
595	-14
596	-14
597	-14
598	-13
599	-13
600	-13
601	-13
602	-12
603	-12
604	-10
605	-11
606	-11
607	-10
608	-11
609	-9
610	-9
611	-9
612	-8
613	-7
614	-5
615	-6
616	-5
617	-6
618	-7
619	-4
620	-6
621	-4
622	-5
623	-4
624	-4
625	-4
626	-5
627	-4
628	-4
629	-3
630	-4
631	-3
632	-4
633	-2
634	-3
635	-3
636	-2
637	-3
638	-3
639	-2
640	-2
641	-3
642	-2
643	-3
644	-2
645	-1
646	-1
647	-2
648	-1
649	-1
650	-1
651	-1
652	-1
653	-1
654	0
655	0
656	0
657	0
658	0
659	0
660	0
661	0
662	0
663	0
664	0
665	0
666	0
667	0
668	0
669	0
670	0
671	1
672	0
673	1
674	0
675	0
676	0
677	0
678	0
679	0
680	0
681	0
682	-1
683	0
684	0
685	0
686	0
687	0
688	0
689	0
690	0
691	0
692	0
693	0
694	0
695	0
696	0
697	0
698	0
699	0
700	0
701	0
702	0
703	0
704	0
705	0
706	0
707	0
708	0
709	0
710	0
711	-1
712	0
713	0
714	0
715	-1
716	0
717	0
718	0
719	0
720	0
721	0
722	0
723	0
724	0
725	0
726	-2
727	-1
728	-1
729	0
730	-1
731	0
732	-1
733	0
734	0
735	0
736	0
737	0
738	0
739	0
740	-1
741	0
742	-1
743	0
744	-1
745	0
746	0
747	0
748	0
749	0
750	0
751	0
752	0
753	0
754	-1
755	0
756	-1
757	0
758	0
759	0
760	0
761	0
762	0
763	0
764	0
765	0
766	-1
767	-1
768	0
769	0
770	0
771	0
772	0
773	0
774	0
775	0
776	0
777	0
778	1
779	1
780	0
781	0
782	2
783	0
784	1
785	1
786	1
787	2
788	2
789	1
790	1
791	1
792	2
793	1
794	1
795	2
796	2
797	2
798	1
799	2
800	1
801	3
802	1
803	2
804	2
805	2
806	2
807	2
808	1
809	3
810	0
811	1
812	2
813	1
814	1
815	1
816	0
817	0
818	0
819	1
820	0
821	0
822	0
823	0
824	0
825	0
826	0
827	0
828	0
829	0
830	0
831	0
832	0
833	0
834	0
835	0
836	0
837	0
838	0
839	0
840	-1
841	0
842	0
843	0
844	0
845	-1
846	-1
847	-1
848	-3
849	0
850	-1
851	-1
852	-1
853	-1
854	-1
855	-1
856	-1
857	-1
858	-1
859	-1
860	0
861	0
862	0
863	0
864	0
865	0
866	0
867	0
868	-1
869	0
870	0
871	0
872	-1
873	0
874	0
875	0
876	0
877	0
878	-1
879	0
880	-1
881	-1
882	0
883	0
884	-1
885	0
886	-1
887	-1
888	0
889	-1
890	0
891	0
892	-1
893	0
894	-1
895	0
896	-1
897	0
898	-2
899	0
900	-1
901	-1
902	-1
903	-1
904	-1
905	0
906	0
907	0
908	0
909	0
910	0
911	0
912	-1
913	0
914	0
915	-1
916	0
917	-1
918	-2
919	-1
920	-1
921	0
922	-1
923	-1
924	-1
925	-2
926	-1
927	-1
928	-1
929	-1
930	-1
931	-1
932	-2
933	0
934	-2
935	0
936	-1
937	0
938	-2
939	-2
940	-2
941	-1
942	0
943	0
944	-1
945	0
946	0
947	0
948	0
949	0
950	0
951	0
952	0
953	0
954	-1
955	0
956	0
957	0
958	-1
959	-1
960	-1
961	0
962	-1
963	0
964	-2
965	-1
966	-1
967	0
968	-1
969	-1
970	-1
971	-1
972	-1
973	0
974	-1
975	-1
976	0
977	0
978	-2
979	0
980	0
981	0
982	-1
983	-1
984	-1
985	0
986	-1
987	0
988	-1
989	0
990	0
991	0
992	0
993	0
994	0
995	0
996	0
997	0
998	0
999	0
1000	-1
1001	0
1002	0
1003	0
1004	0
1005	0
1006	0
1007	-1
1008	0
1009	0
1010	-1
1011	-1
1012	-1
1013	-1
1014	-1
1015	0
1016	0
1017	-1
1018	-1
1019	-2
1020	-2
1021	-1
1022	-1
1023	-2
1024	-2
1025	-1
1026	-2
1027	-1
1028	-2
1029	-2
1030	-2
1031	-3
1032	-2
1033	-1
1034	-2
1035	-1
1036	-3
1037	-1
1038	-2
1039	-2
1040	-2
1041	0
1042	-2
1043	-1
1044	-2
1045	-1
1046	-1
1047	0
1048	0
1049	0
1050	0
1051	0
1052	0
1053	0
1054	0
1055	0
1056	0
1057	0
1058	0
1059	0
1060	0
1061	0
1062	1
1063	0
1064	1
1065	0
1066	1
1067	0
1068	1
1069	0
1070	1
1071	0
1072	1
1073	0
1074	1
1075	0
1076	0
1077	1
1078	0
1079	1
1080	0
1081	0
1082	0
1083	0
1084	1
1085	0
1086	1
1087	1
1088	1
1089	1
1090	0
1091	1
1092	0
1093	1
1094	0
1095	1
1096	0
1097	0
1098	0
1099	1
1100	0
1101	1
1102	0
1103	0
1104	0
1105	0
1106	0
1107	0
1108	0
1109	0
1110	0
1111	0
1112	0
1113	0
1114	0
1115	0
1116	0
1117	0
1118	0
1119	0
1120	0
1121	-1
1122	-1
1123	0
1124	0
1125	-1
1126	0
1127	-1
1128	0
1129	0
1130	0
1131	0
1132	-1
1133	0
1134	0
1135	0
1136	-1
1137	-1
1138	0
1139	0
1140	-1
1141	0
1142	0
1143	0
1144	-1
1145	-1
1146	-1
1147	0
1148	0
1149	0
1150	0
1151	-1
1152	0
1153	-1
1154	0
1155	-1
1156	-1
1157	-1
1158	-1
1159	0
1160	0
1161	0
1162	0
1163	0
1164	0
1165	0
1166	-1
1167	-1
1168	-1
1169	0
1170	-1
1171	-1
1172	-2
1173	-1
1174	-2
1175	0
1176	-1
1177	-1
1178	-1
1179	0
1180	-2
1181	0
1182	-1
1183	-2
1184	-2
1185	-1
1186	-1
1187	-1
1188	-1
1189	-1
1190	-1
1191	-1
1192	-1
1193	0
1194	-1
1195	-1
1196	-2
1197	0
1198	-1
1199	0
1200	-1
1201	-1
1202	-1
1203	-2
1204	-1
1205	-1
1206	0
1207	-1
1208	-1
1209	-1
1210	-1
1211	0
1212	-2
1213	-1
1214	-2
1215	0
1216	-2
1217	-1
1218	-2
1219	-1
1220	-2
1221	-1
1222	-2
1223	-1
1224	-2
1225	-1
1226	-2
1227	-1
1228	-2
1229	0
1230	-1
1231	0
1232	-1
1233	-1
1234	-1
1235	0
1236	0
1237	0
1238	0
1239	0
1240	0
1241	0
1242	0
1243	0
1244	-2
1245	-1
1246	-2
1247	0
1248	-1
1249	-1
1250	-1
1251	0
1252	-1
1253	-1
1254	0
1255	-1
1256	0
1257	-1
1258	0
1259	0
1260	0
1261	0
1262	-1
1263	0
1264	-1
1265	0
1266	-1
1267	0
1268	0
1269	0
1270	0
1271	0
1272	0
1273	0
1274	0
1275	0
1276	0
1277	0
1278	0
1279	0
1280	0
1281	0
1282	-1
1283	0
1284	0
1285	-1
1286	-1
1287	0
1288	-1
1289	-1
1290	-1
1291	0
1292	0
1293	0
1294	-1
1295	0
1296	0
1297	0
1298	0
1299	0
1300	0
1301	0
1302	0
1303	0
1304	0
1305	0
1306	-2
1307	-1
1308	-2
1309	0
1310	-2
1311	-1
1312	-3
1313	-2
1314	-2
1315	-2
1316	-2
1317	-1
1318	-1
1319	-1
1320	-1
1321	-1
1322	0
1323	0
1324	0
1325	0
1326	0
1327	0
1328	0
1329	0
1330	0
1331	0
1332	0
1333	0
1334	0
1335	0
1336	0
1337	0
1338	0
1339	0
1340	0
1341	0
1342	0
1343	0
1344	0
1345	0
1346	-1
1347	0
1348	-1
1349	0
1350	-2
1351	-1
1352	-1
1353	-1
1354	-1
1355	-1
1356	-1
1357	-2
1358	-1
1359	0
1360	-1
1361	-1
1362	0
1363	-1
1364	-1
1365	0
1366	0
1367	0
1368	0
1369	0
1370	-1
1371	0
1372	0
1373	0
1374	0
1375	0
1376	0
1377	0
1378	-1
1379	0
1380	-1
1381	0
1382	-1
1383	-1
1384	-1
1385	-1
1386	0
1387	0
1388	0
1389	0
1390	0
1391	0
1392	-2
1393	0
1394	0
1395	0
1396	0
1397	0
1398	-1
1399	0
1400	-1
1401	0
1402	-2
1403	0
1404	0
1405	0
1406	-2
1407	0
1408	0
1409	-1
1410	-1
1411	0
1412	-1
1413	0
1414	0
1415	0
1416	0
1417	0
1418	0
1419	0
1420	0
1421	-1
1422	0
1423	-1
1424	0
1425	0
1426	0
1427	0
1428	0
1429	-1
1430	0
1431	0
1432	0
1433	0
1434	0
1435	0
1436	0
1437	0
1438	0
1439	0
1440	0
1441	0
1442	-1
1443	0
1444	0
1445	0
1446	0
1447	0
1448	0
1449	0
1450	-3
1451	0
1452	-2
1453	-1
1454	-2
1455	0
1456	-2
1457	-1
1458	-2
1459	-1
1460	0
1461	0
1462	-1
1463	0
1464	-1
1465	-1
1466	0
1467	-1
1468	-1
1469	-1
1470	0
1471	-1
1472	-1
1473	0
1474	0
1475	0
1476	0
1477	0
1478	0
1479	0
1480	0
1481	0
1482	0
1483	0
1484	0
1485	0
1486	0
1487	0
1488	0
1489	0
1490	0
1491	0
1492	0
1493	0
1494	0
1495	0
1496	0
1497	0
1498	0
1499	0
1500	0
1501	0
1502	0
1503	0
1504	0
1505	0
1506	0
1507	0
1508	-1
1509	0
1510	0
1511	-1
1512	0
1513	0
1514	0
1515	0
1516	0
1517	0
1518	0
1519	0
1520	0
1521	0
1522	0
1523	0
1524	0
1525	1
1526	0
1527	0
1528	0
1529	0
1530	0
1531	0
1532	0
1533	0
1534	0
1535	0
1536	0
1537	0
1538	-1
1539	0
1540	-1
1541	0
1542	0
1543	0
1544	-1
1545	-2
1546	-1
1547	-1
1548	-1
1549	-1
1550	-1
1551	-1
1552	-1
1553	-2
1554	-1
1555	-2
1556	-2
1557	-1
1558	-1
1559	-1
1560	-1
1561	-1
1562	-1
1563	-2
1564	-1
1565	-1
1566	-1
1567	-2
1568	-1
1569	-1
1570	-1
1571	0
1572	-1
1573	0
1574	-1
1575	0
1576	-2
1577	0
1578	-2
1579	0
1580	-2
1581	-1
1582	-2
1583	-1
1584	-1
1585	-2
1586	-2
1587	-2
1588	0
1589	0
1590	0
1591	0
1592	-1
1593	-1
1594	-1
1595	-1
1596	-1
1597	-1
1598	0
1599	-1
1600	0
1601	0
1602	0
1603	0
1604	-1
1605	-1
1606	0
1607	0
1608	0
1609	0
1610	0
1611	0
1612	0
1613	0
1614	0
1615	1
1616	-1
1617	0
1618	0
1619	-1
1620	0
1621	-1
1622	0
1623	0
1624	0
1625	0
1626	0
1627	0
1628	0
1629	0
1630	0
1631	0
1632	0
1633	0
1634	0
1635	0
1636	0
1637	0
1638	-1
1639	0
1640	0
1641	0
1642	0
1643	0
1644	0
1645	0
1646	0
1647	0
1648	-1
1649	0
1650	0
1651	0
1652	0
1653	0
1654	0
1655	0
1656	0
1657	1
1658	0
1659	0
1660	0
1661	0
1662	0
1663	0
1664	0
1665	0
1666	0
1667	0
1668	0
1669	0
1670	0
1671	0
1672	0
1673	0
1674	0
1675	1
1676	1
1677	0
1678	1
1679	1
1680	1
1681	1
1682	2
1683	0
1684	0
1685	0
1686	1
1687	1
1688	1
1689	1
1690	1
1691	0
1692	1
1693	1
1694	1
1695	2
1696	1
1697	0
1698	0
1699	1
1700	0
1701	1
1702	1
1703	0
1704	0
1705	1
1706	1
1707	1
1708	0
1709	1
1710	1
1711	2
1712	0
1713	1
1714	0
1715	1
1716	1
1717	0
1718	0
1719	0
1720	0
1721	0
1722	0
1723	0
1724	0
1725	0
1726	0
1727	0
1728	-1
1729	0
1730	0
1731	0
1732	0
1733	-1
1734	0
1735	-1
1736	-1
1737	0
1738	0
1739	-1
1740	0
1741	-1
1742	-1
1743	-1
1744	-1
1745	-1
1746	-1
1747	-1
1748	-1
1749	0
1750	-1
1751	0
1752	0
1753	-1
1754	-1
1755	0
1756	-1
1757	-1
1758	-1
1759	0
1760	-3
1761	-1
1762	-1
1763	-1
1764	0
1765	-1
1766	0
1767	-1
1768	0
1769	0
1770	-1
1771	-1
1772	0
1773	0
1774	-1
1775	0
1776	0
1777	0
1778	0
1779	-2
1780	-1
1781	0
1782	-2
1783	-1
1784	-1
1785	0
1786	-2
1787	-1
1788	-1
1789	-1
1790	-2
1791	-1
1792	-1
1793	0
1794	0
1795	-1
1796	-1
1797	-1
1798	-1
1799	0
1800	-2
1801	0
1802	0
1803	0
1804	-1
1805	0
1806	0
1807	0
1808	0
1809	0
1810	0
1811	0
1812	0
1813	1
1814	0
1815	0
1816	0
1817	0
1818	0
1819	0
1820	0
1821	0
1822	0
1823	0
1824	0
1825	0
1826	0
1827	0
1828	0
1829	0
1830	0
1831	0
1832	-1
1833	0
1834	-1
1835	0
1836	0
1837	0
1838	0
1839	0
1840	0
1841	0
1842	-1
1843	0
1844	-1
1845	0
1846	-1
1847	0
1848	-1
1849	0
1850	-1
1851	0
1852	-1
1853	0
1854	0
1855	-1
1856	0
1857	-1
1858	0
1859	0
1860	-1
1861	-1
1862	-1
1863	-1
1864	0
1865	0
1866	0
1867	0
1868	0
1869	0
1870	-1
1871	0
1872	0
1873	-1
1874	0
1875	-1
1876	0
1877	0
1878	0
1879	0
1880	0
1881	-1
1882	0
1883	0
1884	0
1885	0
1886	0
1887	0
1888	-1
1889	0
1890	0
1891	0
1892	0
1893	0
1894	0
1895	0
1896	-1
1897	-1
1898	0
1899	0
1900	0
1901	0
1902	0
1903	0
1904	0
1905	0
1906	0
1907	0
1908	-1
1909	0
1910	-1
1911	0
1912	0
1913	0
1914	0
1915	0
1916	0
1917	0
1918	0
1919	0
1920	0
1921	0
1922	0
1923	0
1924	0
1925	0
1926	0
1927	0
1928	0
1929	0
1930	0
1931	0
1932	0
1933	0
1934	0
1935	0
1936	0
1937	0
1938	0
1939	0
1940	0
1941	0
1942	0
1943	0
1944	0
1945	0
1946	0
1947	0
1948	0
1949	0
1950	0
1951	0
1952	1
1953	1
1954	0
1955	0
1956	0
1957	0
1958	1
1959	1
1960	0
1961	1
1962	1
1963	1
1964	1
1965	2
1966	1
1967	2
1968	1
1969	1
1970	0
1971	2
1972	1
1973	1
1974	1
1975	1
1976	1
1977	1
1978	1
1979	1
1980	2
1981	1
1982	1
1983	0
1984	0
1985	1
1986	0
1987	1
1988	0
1989	0
1990	0
1991	0
1992	0
1993	0
1994	0
1995	0
1996	0
1997	0
1998	0
1999	0
