0	0
1	0
2	0
3	1
4	0
5	1
6	0
7	1
8	1
9	0
10	1
11	1
12	0
13	1
14	2
15	2
16	1
17	2
18	2
19	3
20	1
21	2
22	1
23	2
24	1
25	1
26	1
27	2
28	1
29	1
30	1
31	2
32	1
33	1
34	0
35	1
36	0
37	1
38	0
39	1
40	0
41	0
42	0
43	0
44	0
45	0
46	0
47	0
48	-1
49	0
50	0
51	0
52	-1
53	0
54	0
55	-1
56	0
57	0
58	-1
59	0
60	0
61	0
62	0
63	0
64	0
65	0
66	0
67	0
68	-1
69	0
70	0
71	0
72	0
73	0
74	0
75	0
76	-1
77	0
78	0
79	0
80	-1
81	0
82	-1
83	0
84	-1
85	0
86	0
87	0
88	0
89	0
90	0
91	0
92	0
93	0
94	0
95	0
96	0
97	0
98	0
99	1
100	2
101	1
102	1
103	1
104	0
105	1
106	1
107	1
108	1
109	1
110	0
111	1
112	0
113	1
114	1
115	1
116	2
117	1
118	0
119	1
120	0
121	1
122	0
123	0
124	1
125	0
126	0
127	0
128	0
129	1
130	0
131	0
132	0
133	1
134	0
135	1
136	0
137	0
138	-1
139	0
140	0
141	0
142	0
143	0
144	0
145	0
146	0
147	0
148	0
149	0
150	0
151	0
152	-1
153	0
154	0
155	0
156	0
157	0
158	0
159	0
160	0
161	1
162	0
163	2
164	0
165	2
166	0
167	1
168	0
169	1
170	0
171	0
172	0
173	0
174	0
175	0
176	0
177	1
178	0
179	0
180	0
181	0
182	-1
183	0
184	0
185	0
186	-1
187	0
188	-1
189	0
190	-1
191	0
192	-1
193	0
194	0
195	0
196	0
197	0
198	-1
199	1
200	0
201	0
202	0
203	0
204	0
205	1
206	0
207	0
208	0
209	1
210	0
211	1
212	0
213	2
214	1
215	1
216	0
217	2
218	1
219	1
220	1
221	1
222	0
223	1
224	0
225	2
226	0
227	2
228	0
229	1
230	0
231	0
232	0
233	0
234	0
235	0
236	-1
237	0
238	0
239	0
240	0
241	0
242	0
243	0
244	-1
245	0
246	0
247	0
248	0
249	0
250	0
251	0
252	0
253	0
254	0
255	0
256	-1
257	0
258	0
259	0
260	0
261	0
262	-1
263	0
264	0
265	1
266	-1
267	0
268	0
269	0
270	0
271	0
272	0
273	-1
274	0
275	0
276	-1
277	0
278	0
279	0
280	0
281	0
282	0
283	0
284	0
285	1
286	0
287	0
288	0
289	1
290	0
291	1
292	1
293	1
294	0
295	2
296	2
297	2
298	2
299	3
300	2
301	4
302	1
303	3
304	2
305	4
306	2
307	4
308	2
309	4
310	2
311	4
312	1
313	2
314	1
315	1
316	0
317	1
318	0
319	1
320	0
321	0
322	0
323	0
324	0
325	0
326	0
327	0
328	0
329	0
330	0
331	-1
332	-1
333	-1
334	-1
335	0
336	0
337	0
338	0
339	0
340	0
341	0
342	0
343	0
344	0
345	1
346	0
347	0
348	0
349	0
350	0
351	0
352	0
353	0
354	0
355	0
356	0
357	0
358	-1
359	0
360	0
361	0
362	0
363	0
364	-2
365	0
366	0
367	0
368	0
369	0
370	0
371	0
372	0
373	0
374	0
375	0
376	0
377	0
378	0
379	-1
380	0
381	0
382	0
383	0
384	0
385	0
386	0
387	0
388	0
389	0
390	0
391	1
392	0
393	0
394	0
395	0
396	0
397	0
398	0
399	0
400	0
401	1
402	0
403	0
404	0
405	0
406	0
407	0
408	0
409	0
410	0
411	1
412	0
413	1
414	1
415	1
416	1
417	2
418	1
419	2
420	1
421	2
422	2
423	1
424	2
425	1
426	2
427	3
428	3
429	4
430	2
431	5
432	4
433	7
434	9
435	12
436	12
437	15
438	17
439	22
440	24
441	26
442	29
443	34
444	38
445	45
446	47
447	52
448	57
449	62
450	65
451	70
452	75
453	79
454	85
455	89
456	94
457	100
458	102
459	107
460	111
461	115
462	119
463	125
464	126
465	131
466	133
467	136
468	138
469	143
470	142
471	145
472	144
473	146
474	146
475	147
476	144
477	145
478	142
479	141
480	139
481	137
482	134
483	133
484	128
485	127
486	122
487	119
488	116
489	113
490	108
491	106
492	99
493	97
494	92
495	88
496	84
497	80
498	78
499	78
500	62
501	65
502	61
503	57
504	52
505	49
506	44
507	41
508	36
509	34
510	29
511	28
512	23
513	21
514	15
515	14
516	11
517	10
518	5
519	4
520	-2
521	-2
522	-4
523	-5
524	-10
525	-11
526	-15
527	-16
528	-18
529	-19
530	-21
531	-22
532	-24
533	-26
534	-28
535	-30
536	-32
537	-32
538	-35
539	-35
540	-36
541	-38
542	-37
543	-38
544	-39
545	-38
546	-41
547	-40
548	-41
549	-42
550	-42
551	-42
552	-44
553	-44
554	-43
555	-44
556	-44
557	-43
558	-44
559	-43
560	-44
561	-45
562	-44
563	-45
564	-45
565	-44
566	-44
567	-43
568	-45
569	-43
570	-44
571	-42
572	-42
573	-42
574	-42
575	-40
576	-42
577	-41
578	-40
579	-40
580	-40
581	-40
582	-39
583	-39
584	-37
585	-37
586	-37
587	-35
588	-35
589	-34
590	-34
591	-33
592	-33
593	-32
594	-33
595	-32
596	-33
597	-31
598	-31
599	-31
600	-30
601	-30
602	-31
603	-29
604	-30
605	-29
606	-29
607	-28
608	-27
609	-26
610	-27
611	-25
612	-25
613	-25
614	-24
615	-23
616	-24
617	-22
618	-22
619	-20
620	-21
621	-18
622	-20
623	-16
624	-19
625	-17
626	-18
627	-17
628	-16
629	-16
630	-16
631	-16
632	-15
633	-15
634	-16
635	-15
636	-16
637	-15
638	-15
639	-14
640	-14
641	-14
642	-13
643	-12
644	-11
645	-11
646	-13
647	-11
648	-11
649	-9
650	-11
651	-9
652	-9
653	-8
654	-8
655	-8
656	-7
657	-8
658	-7
659	-7
660	-7
661	-7
662	-6
663	-6
664	-6
665	-5
666	-5
667	-5
668	-5
669	-4
670	-4
671	-3
672	-2
673	-2
674	-2
675	-3
676	-2
677	-2
678	-2
679	-1
680	-2
681	-1
682	-1
683	0
684	-1
685	-1
686	0
687	-1
688	0
689	-1
690	0
691	0
692	0
693	-1
694	0
695	0
696	-1
697	0
698	-1
699	0
700	-1
701	-1
702	-1
703	-1
704	-1
705	0
706	-1
707	-1
708	-1
709	0
710	-2
711	0
712	-1
713	0
714	-1
715	0
716	-3
717	0
718	-1
719	-1
720	-2
721	-2
722	-2
723	-2
724	0
725	-1
726	-2
727	0
728	-1
729	-1
730	0
731	-1
732	-1
733	0
734	-2
735	-2
736	-2
737	-1
738	-2
739	0
740	-2
741	0
742	0
743	-1
744	-1
745	0
746	-1
747	0
748	-2
749	-1
750	-1
751	-1
752	-1
753	-1
754	-1
755	-1
756	-1
757	-1
758	0
759	-1
760	-1
761	0
762	0
763	0
764	-1
765	0
766	-1
767	-1
768	0
769	0
770	-1
771	0
772	-1
773	0
774	-1
775	0
776	0
777	0
778	0
779	0
780	0
781	0
782	0
783	0
784	0
785	0
786	-1
787	0
788	0
789	0
790	0
791	-1
792	0
793	0
794	0
795	0
796	0
797	0
798	0
799	0
800	0
801	0
802	0
803	0
804	0
805	0
806	0
807	0
808	-1
809	0
810	0
811	0
812	0
813	0
814	0
815	0
816	0
817	0
818	-1
819	0
820	0
821	0
822	0
823	0
824	0
825	0
826	0
827	0
828	0
829	0
830	-1
831	0
832	0
833	0
834	0
835	0
836	-1
837	0
838	0
839	0
840	-1
841	0
842	-2
843	-1
844	0
845	-2
846	-2
847	-2
848	-2
849	-1
850	-2
851	-1
852	-2
853	-1
854	-1
855	-2
856	-1
857	-1
858	-2
859	0
860	0
861	0
862	-1
863	0
864	0
865	0
866	0
867	0
868	0
869	0
870	0
871	0
872	0
873	0
874	0
875	0
876	0
877	1
878	0
879	2
880	0
881	0
882	0
883	1
884	0
885	0
886	1
887	1
888	1
889	1
890	1
891	2
892	1
893	1
894	1
895	1
896	2
897	3
898	2
899	2
900	1
901	3
902	2
903	3
904	2
905	2
906	2
907	3
908	2
909	3
910	1
911	2
912	1
913	2
914	2
915	2
916	1
917	1
918	2
919	2
920	2
921	2
922	1
923	2
924	1
925	1
926	1
927	1
928	2
929	0
930	1
931	0
932	1
933	0
934	0
935	0
936	0
937	0
938	-1
939	0
940	0
941	0
942	-1
943	0
944	-1
945	0
946	0
947	-1
948	-1
949	0
950	-1
951	-1
952	-1
953	0
954	-1
955	0
956	0
957	0
958	-1
959	0
960	-1
961	0
962	-2
963	0
964	-1
965	0
966	0
967	0
968	0
969	0
970	0
971	0
972	0
973	0
974	-1
975	-1
976	0
977	0
978	-1
979	0
980	0
981	-2
982	-1
983	-1
984	-2
985	-2
986	-2
987	-2
988	-3
989	-2
990	-3
991	-2
992	-4
993	-3
994	-3
995	-2
996	-3
997	-2
998	-2
999	-2
1000	-3
1001	-2
1002	-2
1003	-1
1004	-2
1005	-1
1006	-2
1007	-1
1008	-1
1009	-1
1010	-1
1011	0
1012	0
1013	0
1014	0
1015	0
1016	0
1017	0
1018	0
1019	1
1020	0
1021	0
1022	0
1023	0
1024	0
1025	0
1026	0
1027	0
1028	0
1029	-1
1030	-2
1031	-1
1032	-1
1033	-1
1034	-2
1035	-1
1036	-2
1037	-2
1038	-3
1039	-3
1040	-3
1041	-2
1042	-2
1043	-1
1044	-3
1045	-2
1046	-4
1047	-1
1048	-2
1049	0
1050	-1
1051	0
1052	0
1053	1
1054	0
1055	0
1056	-1
1057	0
1058	1
1059	2
1060	2
1061	4
1062	2
1063	2
1064	2
1065	4
1066	2
1067	3
1068	3
1069	3
1070	3
1071	3
1072	3
1073	3
1074	4
1075	2
1076	2
1077	2
1078	2
1079	2
1080	1
1081	2
1082	1
1083	0
1084	0
1085	1
1086	0
1087	1
1088	0
1089	0
1090	0
1091	0
1092	0
1093	1
1094	0
1095	1
1096	0
1097	2
1098	0
1099	0
1100	0
1101	0
1102	0
1103	0
1104	0
1105	0
1106	0
1107	1
1108	0
1109	0
1110	0
1111	0
1112	0
1113	0
1114	-1
1115	0
1116	0
1117	0
1118	-2
1119	0
1120	-1
1121	-1
1122	-2
1123	-2
1124	-2
1125	-1
1126	-2
1127	-1
1128	-1
1129	-1
1130	-2
1131	-1
1132	-2
1133	-1
1134	-2
1135	-1
1136	-1
1137	0
1138	-2
1139	0
1140	-2
1141	0
1142	-1
1143	-1
1144	-2
1145	-2
1146	-1
1147	-1
1148	-1
1149	0
1150	-2
1151	-1
1152	-3
1153	-1
1154	-2
1155	0
1156	-1
1157	0
1158	-1
1159	0
1160	-1
1161	0
1162	-2
1163	-2
1164	-1
1165	-2
1166	-2
1167	-2
1168	-1
1169	-2
1170	-2
1171	-2
1172	-2
1173	-2
1174	-2
1175	-1
1176	-2
1177	0
1178	-2
1179	0
1180	-2
1181	-1
1182	-2
1183	0
1184	-1
1185	0
1186	0
1187	0
1188	0
1189	0
1190	0
1191	0
1192	0
1193	0
1194	0
1195	0
1196	0
1197	0
1198	0
1199	0
1200	0
1201	0
1202	0
1203	0
1204	0
1205	0
1206	0
1207	0
1208	0
1209	0
1210	0
1211	0
1212	-1
1213	0
1214	-1
1215	0
1216	-1
1217	0
1218	-1
1219	0
1220	-1
1221	-1
1222	-2
1223	0
1224	-2
1225	0
1226	-2
1227	0
1228	-1
1229	0
1230	-1
1231	0
1232	-1
1233	0
1234	-2
1235	0
1236	-1
1237	0
1238	-1
1239	0
1240	-1
1241	0
1242	-1
1243	0
1244	0
1245	0
1246	0
1247	0
1248	0
1249	-1
1250	0
1251	0
1252	0
1253	0
1254	-1
1255	0
1256	0
1257	0
1258	0
1259	0
1260	-2
1261	0
1262	-1
1263	0
1264	-1
1265	0
1266	-1
1267	0
1268	-1
1269	0
1270	-1
1271	0
1272	-1
1273	0
1274	0
1275	0
1276	0
1277	0
1278	0
1279	0
1280	0
1281	0
1282	0
1283	0
1284	0
1285	0
1286	0
1287	0
1288	0
1289	0
1290	0
1291	0
1292	0
1293	0
1294	0
1295	0
1296	-2
1297	0
1298	0
1299	0
1300	0
1301	0
1302	0
1303	0
1304	0
1305	0
1306	-1
1307	0
1308	-1
1309	0
1310	-1
1311	0
1312	0
1313	0
1314	-3
1315	0
1316	-2
1317	0
1318	-1
1319	0
1320	-1
1321	0
1322	0
1323	0
1324	-1
1325	0
1326	-1
1327	0
1328	0
1329	0
1330	0
1331	0
1332	0
1333	0
1334	0
1335	0
1336	0
1337	0
1338	0
1339	0
1340	0
1341	0
1342	0
1343	0
1344	0
1345	0
1346	-1
1347	-1
1348	0
1349	0
1350	-1
1351	0
1352	-1
1353	-1
1354	-1
1355	-1
1356	-1
1357	-1
1358	-2
1359	0
1360	-1
1361	0
1362	0
1363	0
1364	0
1365	0
1366	0
1367	1
1368	0
1369	1
1370	0
1371	1
1372	0
1373	0
1374	0
1375	2
1376	0
1377	1
1378	1
1379	1
1380	1
1381	3
1382	1
1383	3
1384	2
1385	2
1386	1
1387	1
1388	2
1389	2
1390	2
1391	2
1392	1
1393	2
1394	0
1395	2
1396	1
1397	2
1398	0
1399	1
1400	1
1401	0
1402	0
1403	1
1404	0
1405	1
1406	1
1407	1
1408	0
1409	0
1410	0
1411	0
1412	0
1413	0
1414	0
1415	0
1416	-1
1417	0
1418	0
1419	0
1420	0
1421	0
1422	0
1423	0
1424	0
1425	0
1426	0
1427	0
1428	-1
1429	0
1430	0
1431	0
1432	0
1433	0
1434	0
1435	1
1436	0
1437	0
1438	0
1439	0
1440	0
1441	0
1442	0
1443	0
1444	0
1445	0
1446	0
1447	0
1448	0
1449	0
1450	0
1451	0
1452	0
1453	0
1454	-1
1455	0
1456	0
1457	0
1458	0
1459	0
1460	0
1461	-1
1462	-1
1463	0
1464	-1
1465	0
1466	0
1467	0
1468	-1
1469	0
1470	-2
1471	-1
1472	-1
1473	0
1474	-2
1475	-1
1476	0
1477	-1
1478	-1
1479	0
1480	-1
1481	0
1482	0
1483	0
1484	-1
1485	0
1486	0
1487	0
1488	0
1489	0
1490	0
1491	0
1492	0
1493	0
1494	1
1495	0
1496	0
1497	2
1498	1
1499	2
1500	1
1501	1
1502	2
1503	2
1504	1
1505	3
1506	2
1507	3
1508	3
1509	2
1510	3
1511	3
1512	2
1513	2
1514	1
1515	1
1516	1
1517	2
1518	2
1519	1
1520	0
1521	1
1522	0
1523	0
1524	0
1525	0
1526	0
1527	0
1528	0
1529	0
1530	0
1531	0
1532	0
1533	0
1534	0
1535	0
1536	0
1537	0
1538	0
1539	0
1540	0
1541	0
1542	0
1543	0
1544	0
1545	0
1546	-1
1547	-1
1548	-1
1549	0
1550	0
1551	0
1552	0
1553	0
1554	-1
1555	0
1556	0
1557	0
1558	0
1559	0
1560	0
1561	0
1562	-1
1563	-1
1564	0
1565	-1
1566	0
1567	0
1568	0
1569	0
1570	0
1571	0
1572	0
1573	1
1574	0
1575	0
1576	0
1577	0
1578	0
1579	0
1580	-1
1581	0
1582	-1
1583	0
1584	0
1585	0
1586	-1
1587	0
1588	-2
1589	0
1590	-1
1591	0
1592	-1
1593	0
1594	-3
1595	-1
1596	-3
1597	-2
1598	-1
1599	-1
1600	-3
1601	0
1602	-3
1603	-1
1604	-2
1605	-3
1606	-2
1607	-2
1608	-3
1609	-1
1610	-2
1611	-1
1612	-2
1613	-2
1614	-1
1615	-3
1616	0
1617	-1
1618	-1
1619	0
1620	-2
1621	0
1622	-2
1623	-1
1624	-1
1625	-1
1626	0
1627	-1
1628	-1
1629	-1
1630	0
1631	0
1632	0
1633	-1
1634	-2
1635	0
1636	-1
1637	0
1638	-1
1639	0
1640	-2
1641	0
1642	-1
1643	0
1644	0
1645	0
1646	-3
1647	-1
1648	-3
1649	-1
1650	0
1651	0
1652	-1
1653	0
1654	-1
1655	-1
1656	-1
1657	0
1658	-1
1659	0
1660	0
1661	-1
1662	0
1663	0
1664	0
1665	0
1666	-2
1667	0
1668	0
1669	0
1670	0
1671	-1
1672	0
1673	0
1674	-1
1675	0
1676	-1
1677	0
1678	-1
1679	0
1680	-1
1681	0
1682	0
1683	0
1684	-1
1685	0
1686	0
1687	0
1688	0
1689	0
1690	0
1691	0
1692	0
1693	0
1694	0
1695	0
1696	-1
1697	0
1698	-1
1699	0
1700	-1
1701	0
1702	0
1703	0
1704	-1
1705	0
1706	0
1707	0
1708	0
1709	0
1710	-1
1711	0
1712	0
1713	0
1714	0
1715	0
1716	0
1717	-1
1718	0
1719	0
1720	0
1721	0
1722	0
1723	0
1724	0
1725	0
1726	-1
1727	0
1728	0
1729	0
1730	-1
1731	0
1732	-1
1733	0
1734	0
1735	0
1736	-1
1737	0
1738	-1
1739	0
1740	0
1741	0
1742	0
1743	0
1744	-2
1745	0
1746	0
1747	0
1748	0
1749	-1
1750	0
1751	0
1752	-1
1753	0
1754	0
1755	0
1756	0
1757	0
1758	0
1759	0
1760	0
1761	0
1762	0
1763	0
1764	0
1765	0
1766	0
1767	0
1768	0
1769	0
1770	0
1771	0
1772	0
1773	0
1774	0
1775	1
1776	0
1777	0
1778	0
1779	0
1780	0
1781	0
1782	-1
1783	0
1784	-1
1785	0
1786	-1
1787	0
1788	-1
1789	0
1790	0
1791	0
1792	-1
1793	0
1794	-1
1795	0
1796	-1
1797	0
1798	-1
1799	0
1800	0
1801	0
1802	0
1803	0
1804	0
1805	0
1806	0
1807	0
1808	0
1809	0
1810	0
1811	0
1812	0
1813	0
1814	0
1815	0
1816	-2
1817	-1
1818	0
1819	0
1820	-1
1821	0
1822	-1
1823	0
1824	-1
1825	0
1826	0
1827	0
1828	0
1829	0
1830	0
1831	0
1832	-1
1833	0
1834	0
1835	-1
1836	-1
1837	0
1838	-1
1839	0
1840	-1
1841	0
1842	-1
1843	-1
1844	0
1845	0
1846	0
1847	-1
1848	0
1849	0
1850	0
1851	0
1852	0
1853	0
1854	-1
1855	0
1856	0
1857	0
1858	0
1859	0
1860	0
1861	0
1862	0
1863	0
1864	0
1865	0
1866	0
1867	0
1868	0
1869	0
1870	0
1871	0
1872	0
1873	0
1874	0
1875	0
1876	0
1877	0
1878	0
1879	0
1880	0
1881	0
1882	0
1883	0
1884	0
1885	0
1886	0
1887	0
1888	0
1889	0
1890	0
1891	0
1892	0
1893	-1
1894	0
1895	0
1896	0
1897	0
1898	0
1899	0
1900	-1
1901	0
1902	0
1903	0
1904	0
1905	0
1906	0
1907	0
1908	-1
1909	0
1910	-1
1911	0
1912	0
1913	0
1914	0
1915	0
1916	0
1917	0
1918	0
1919	0
1920	0
1921	0
1922	0
1923	0
1924	0
1925	0
1926	-1
1927	0
1928	-1
1929	0
1930	-1
1931	0
1932	0
1933	0
1934	0
1935	-1
1936	-1
1937	0
1938	0
1939	0
1940	0
1941	0
1942	0
1943	0
1944	-1
1945	0
1946	-1
1947	0
1948	0
1949	0
1950	0
1951	0
1952	0
1953	0
1954	0
1955	0
1956	0
1957	0
1958	0
1959	0
1960	0
1961	0
1962	0
1963	0
1964	0
1965	0
1966	0
1967	0
1968	0
1969	1
1970	0
1971	0
1972	0
1973	0
1974	0
1975	0
1976	0
1977	0
1978	0
1979	0
1980	0
1981	0
1982	0
1983	0
1984	0
1985	0
1986	0
1987	0
1988	0
1989	0
1990	0
1991	0
1992	-1
1993	0
1994	0
1995	0
1996	0
1997	0
1998	0
1999	0
