0	1
1	0
2	0
3	0
4	0
5	0
6	0
7	0
8	0
9	0
10	-1
11	0
12	0
13	0
14	0
15	0
16	0
17	0
18	0
19	0
20	0
21	0
22	0
23	0
24	0
25	0
26	0
27	0
28	0
29	0
30	0
31	1
32	0
33	1
34	0
35	0
36	1
37	0
38	0
39	0
40	0
41	0
42	0
43	0
44	0
45	-1
46	0
47	0
48	0
49	-2
50	0
51	0
52	0
53	0
54	-1
55	-1
56	0
57	0
58	0
59	0
60	0
61	0
62	0
63	0
64	0
65	0
66	0
67	0
68	0
69	0
70	0
71	0
72	0
73	0
74	0
75	0
76	0
77	0
78	0
79	0
80	0
81	0
82	-1
83	0
84	0
85	0
86	-1
87	0
88	0
89	0
90	0
91	0
92	0
93	0
94	0
95	0
96	0
97	0
98	0
99	0
100	0
101	0
102	0
103	0
104	0
105	0
106	0
107	0
108	0
109	0
110	0
111	1
112	0
113	0
114	0
115	0
116	1
117	0
118	0
119	0
120	0
121	1
122	0
123	0
124	0
125	0
126	0
127	0
128	0
129	1
130	0
131	0
132	1
133	0
134	0
135	0
136	0
137	0
138	0
139	0
140	0
141	0
142	0
143	0
144	-1
145	0
146	-1
147	0
148	0
149	0
150	-1
151	0
152	0
153	0
154	-1
155	0
156	1
157	0
158	0
159	1
160	0
161	0
162	0
163	1
164	0
165	2
166	1
167	1
168	1
169	0
170	1
171	0
172	1
173	1
174	1
175	1
176	0
177	0
178	0
179	1
180	0
181	0
182	0
183	0
184	0
185	1
186	0
187	1
188	0
189	0
190	0
191	0
192	0
193	0
194	0
195	-1
196	-1
197	0
198	0
199	-2
200	-1
201	-1
202	0
203	-1
204	-1
205	-1
206	0
207	0
208	0
209	0
210	0
211	0
212	0
213	0
214	0
215	0
216	0
217	0
218	0
219	0
220	0
221	0
222	0
223	0
224	0
225	0
226	1
227	0
228	0
229	0
230	0
231	0
232	0
233	0
234	0
235	0
236	0
237	0
238	0
239	0
240	-1
241	0
242	-1
243	-1
244	-1
245	0
246	0
247	0
248	0
249	0
250	-1
251	0
252	0
253	0
254	0
255	0
256	0
257	0
258	0
259	0
260	0
261	1
262	0
263	0
264	0
265	1
266	1
267	1
268	0
269	0
270	0
271	1
272	0
273	0
274	0
275	0
276	0
277	0
278	0
279	0
280	0
281	1
282	1
283	1
284	0
285	0
286	0
287	0
288	-1
289	0
290	0
291	0
292	0
293	1
294	0
295	0
296	0
297	0
298	0
299	0
300	1
301	1
302	0
303	1
304	0
305	1
306	0
307	0
308	0
309	0
310	0
311	0
312	0
313	1
314	1
315	1
316	0
317	0
318	1
319	1
320	0
321	2
322	0
323	0
324	2
325	0
326	0
327	1
328	0
329	0
330	0
331	0
332	-1
333	0
334	-1
335	0
336	-1
337	0
338	-1
339	-1
340	-2
341	-1
342	-2
343	-1
344	-2
345	-1
346	-3
347	-1
348	-2
349	0
350	-1
351	-1
352	-1
353	0
354	-1
355	0
356	-1
357	0
358	0
359	0
360	0
361	0
362	0
363	0
364	0
365	0
366	-1
367	0
368	0
369	0
370	0
371	0
372	0
373	0
374	0
375	0
376	0
377	0
378	0
379	0
380	0
381	0
382	0
383	0
384	0
385	0
386	0
387	0
388	0
389	0
390	1
391	1
392	1
393	0
394	0
395	0
396	0
397	0
398	0
399	2
400	1
401	2
402	1
403	3
404	1
405	3
406	2
407	2
408	2
409	2
410	2
411	3
412	3
413	3
414	3
415	3
416	1
417	2
418	1
419	1
420	1
421	1
422	1
423	1
424	0
425	1
426	0
427	1
428	1
429	1
430	2
431	1
432	3
433	4
434	4
435	6
436	9
437	12
438	13
439	16
440	18
441	23
442	28
443	32
444	37
445	42
446	44
447	51
448	56
449	60
450	67
451	70
452	74
453	78
454	85
455	91
456	96
457	100
458	104
459	110
460	114
461	119
462	123
463	126
464	129
465	134
466	136
467	139
468	142
469	145
470	146
471	149
472	148
473	151
474	150
475	152
476	149
477	150
478	148
479	146
480	144
481	142
482	141
483	137
484	133
485	130
486	126
487	124
488	120
489	117
490	112
491	109
492	102
493	98
494	95
495	90
496	86
497	83
498	78
499	78
500	62
501	63
502	59
503	55
504	50
505	47
506	41
507	39
508	33
509	30
510	26
511	22
512	18
513	16
514	11
515	7
516	5
517	2
518	0
519	-3
520	-8
521	-9
522	-12
523	-12
524	-16
525	-19
526	-21
527	-23
528	-25
529	-26
530	-28
531	-30
532	-31
533	-33
534	-33
535	-35
536	-39
537	-39
538	-39
539	-40
540	-42
541	-41
542	-43
543	-42
544	-44
545	-45
546	-45
547	-45
548	-43
549	-46
550	-44
551	-46
552	-46
553	-46
554	-46
555	-45
556	-47
557	-46
558	-47
559	-46
560	-47
561	-45
562	-46
563	-46
564	-46
565	-46
566	-45
567	-45
568	-45
569	-45
570	-44
571	-44
572	-44
573	-43
574	-43
575	-42
576	-41
577	-41
578	-41
579	-39
580	-39
581	-39
582	-36
583	-36
584	-35
585	-34
586	-36
587	-34
588	-34
589	-32
590	-33
591	-31
592	-32
593	-32
594	-31
595	-29
596	-29
597	-28
598	-28
599	-28
600	-27
601	-27
602	-27
603	-24
604	-26
605	-24
606	-24
607	-24
608	-21
609	-22
610	-20
611	-20
612	-18
613	-18
614	-18
615	-17
616	-17
617	-16
618	-16
619	-16
620	-16
621	-16
622	-15
623	-14
624	-15
625	-14
626	-15
627	-13
628	-15
629	-15
630	-13
631	-13
632	-14
633	-13
634	-12
635	-13
636	-12
637	-14
638	-13
639	-12
640	-12
641	-11
642	-11
643	-10
644	-12
645	-10
646	-12
647	-9
648	-8
649	-7
650	-9
651	-7
652	-7
653	-7
654	-8
655	-6
656	-7
657	-6
658	-6
659	-6
660	-5
661	-4
662	-5
663	-4
664	-2
665	-4
666	-3
667	-2
668	-4
669	-3
670	-5
671	-3
672	-4
673	-2
674	-4
675	-3
676	-4
677	-2
678	-4
679	-3
680	-3
681	-3
682	-3
683	-3
684	-4
685	-3
686	-5
687	-3
688	-3
689	-3
690	-3
691	-4
692	-3
693	-3
694	-3
695	-3
696	-4
697	-4
698	-2
699	-3
700	-2
701	-3
702	-3
703	-1
704	-2
705	-1
706	-2
707	-1
708	-1
709	-1
710	0
711	0
712	0
713	0
714	0
715	-1
716	0
717	0
718	0
719	0
720	0
721	0
722	0
723	0
724	0
725	0
726	0
727	0
728	0
729	1
730	0
731	0
732	0
733	0
734	0
735	0
736	-1
737	0
738	0
739	0
740	0
741	-1
742	0
743	0
744	0
745	-1
746	0
747	0
748	0
749	0
750	0
751	0
752	0
753	0
754	-1
755	0
756	0
757	0
758	0
759	0
760	0
761	0
762	0
763	0
764	-1
765	0
766	0
767	0
768	0
769	0
770	-2
771	-1
772	-1
773	0
774	-1
775	-1
776	-2
777	-1
778	-3
779	0
780	-3
781	-1
782	-2
783	-1
784	-2
785	-1
786	-1
787	0
788	-1
789	-2
790	0
791	-1
792	-1
793	-1
794	-1
795	-1
796	-2
797	-1
798	-2
799	-2
800	-2
801	-3
802	-3
803	-2
804	-2
805	-1
806	-2
807	0
808	-3
809	0
810	-1
811	-1
812	-2
813	-1
814	-1
815	-1
816	-1
817	-1
818	0
819	-1
820	-1
821	-2
822	-1
823	0
824	-1
825	-2
826	-1
827	-1
828	0
829	-1
830	-2
831	0
832	-2
833	-1
834	-1
835	0
836	0
837	0
838	0
839	0
840	0
841	0
842	0
843	0
844	0
845	0
846	0
847	0
848	0
849	0
850	0
851	0
852	0
853	0
854	0
855	0
856	0
857	0
858	0
859	0
860	0
861	0
862	0
863	0
864	-1
865	0
866	0
867	0
868	0
869	0
870	0
871	0
872	0
873	0
874	0
875	0
876	0
877	0
878	0
879	0
880	0
881	0
882	0
883	-1
884	-1
885	0
886	-1
887	-1
888	-1
889	0
890	0
891	0
892	0
893	0
894	0
895	0
896	0
897	-1
898	0
899	-2
900	-1
901	-1
902	-1
903	0
904	-1
905	0
906	-1
907	-1
908	0
909	-1
910	-1
911	0
912	0
913	0
914	0
915	0
916	-1
917	-1
918	-1
919	0
920	0
921	0
922	-1
923	-1
924	0
925	0
926	0
927	0
928	-1
929	0
930	0
931	-1
932	0
933	0
934	0
935	0
936	0
937	0
938	0
939	0
940	0
941	0
942	0
943	0
944	0
945	0
946	0
947	0
948	0
949	0
950	0
951	0
952	0
953	0
954	0
955	0
956	0
957	0
958	0
959	0
960	0
961	0
962	0
963	-1
964	0
965	-1
966	-1
967	0
968	-1
969	0
970	0
971	-1
972	-1
973	0
974	0
975	0
976	0
977	0
978	0
979	1
980	0
981	1
982	0
983	1
984	1
985	1
986	1
987	0
988	0
989	0
990	1
991	1
992	0
993	2
994	1
995	1
996	1
997	1
998	2
999	1
1000	1
1001	0
1002	0
1003	1
1004	1
1005	1
1006	0
1007	1
1008	0
1009	0
1010	1
1011	0
1012	2
1013	1
1014	0
1015	1
1016	1
1017	1
1018	1
1019	2
1020	2
1021	1
1022	0
1023	0
1024	0
1025	0
1026	0
1027	0
1028	-1
1029	0
1030	0
1031	0
1032	0
1033	0
1034	0
1035	0
1036	0
1037	0
1038	0
1039	0
1040	0
1041	0
1042	0
1043	0
1044	0
1045	0
1046	0
1047	0
1048	0
1049	0
1050	0
1051	0
1052	0
1053	0
1054	0
1055	0
1056	0
1057	0
1058	0
1059	0
1060	0
1061	-1
1062	0
1063	0
1064	-1
1065	0
1066	-1
1067	0
1068	-2
1069	0
1070	0
1071	0
1072	-2
1073	-1
1074	-2
1075	-2
1076	-2
1077	-2
1078	-1
1079	-1
1080	-1
1081	-1
1082	-2
1083	-2
1084	-1
1085	-1
1086	-1
1087	-1
1088	0
1089	-1
1090	-1
1091	0
1092	-1
1093	-1
1094	-1
1095	0
1096	-1
1097	0
1098	-1
1099	-1
1100	0
1101	-1
1102	0
1103	-1
1104	-2
1105	0
1106	-2
1107	-1
1108	-2
1109	-2
1110	-1
1111	-1
1112	-1
1113	-2
1114	-1
1115	-2
1116	-1
1117	-2
1118	-1
1119	-1
1120	-1
1121	-2
1122	-1
1123	-2
1124	-2
1125	-1
1126	-2
1127	-2
1128	-2
1129	-1
1130	-2
1131	-1
1132	-1
1133	-1
1134	-1
1135	-1
1136	-1
1137	-1
1138	0
1139	0
1140	-1
1141	0
1142	-1
1143	-1
1144	-1
1145	0
1146	-1
1147	-1
1148	-1
1149	0
1150	0
1151	0
1152	0
1153	0
1154	0
1155	0
1156	-1
1157	0
1158	-1
1159	-1
1160	-1
1161	0
1162	0
1163	-1
1164	0
1165	-1
1166	0
1167	0
1168	0
1169	0
1170	-2
1171	0
1172	-1
1173	0
1174	-1
1175	0
1176	0
1177	0
1178	0
1179	-1
1180	0
1181	0
1182	0
1183	0
1184	0
1185	0
1186	0
1187	0
1188	0
1189	0
1190	0
1191	0
1192	0
1193	0
1194	0
1195	0
1196	0
1197	0
1198	0
1199	0
1200	0
1201	0
1202	0
1203	0
1204	0
1205	0
1206	0
1207	0
1208	0
1209	0
1210	0
1211	0
1212	0
1213	0
1214	0
1215	-1
1216	0
1217	-1
1218	-1
1219	-1
1220	-1
1221	-1
1222	0
1223	-1
1224	-1
1225	-1
1226	-2
1227	0
1228	-2
1229	-1
1230	-1
1231	0
1232	-1
1233	0
1234	-1
1235	-1
1236	-1
1237	0
1238	0
1239	-1
1240	0
1241	-1
1242	-1
1243	0
1244	-1
1245	-1
1246	-1
1247	-1
1248	0
1249	-1
1250	-1
1251	-1
1252	-1
1253	-1
1254	-1
1255	-1
1256	-1
1257	-2
1258	-2
1259	-2
1260	-2
1261	-1
1262	-1
1263	-1
1264	-2
1265	0
1266	-1
1267	0
1268	0
1269	0
1270	0
1271	0
1272	0
1273	0
1274	0
1275	0
1276	0
1277	0
1278	0
1279	0
1280	0
1281	0
1282	-1
1283	0
1284	0
1285	0
1286	0
1287	0
1288	0
1289	0
1290	0
1291	0
1292	0
1293	0
1294	-1
1295	0
1296	0
1297	-1
1298	0
1299	-1
1300	-1
1301	0
1302	-1
1303	-1
1304	0
1305	0
1306	0
1307	0
1308	0
1309	0
1310	0
1311	-1
1312	0
1313	0
1314	0
1315	0
1316	0
1317	1
1318	0
1319	0
1320	0
1321	0
1322	0
1323	0
1324	-1
1325	0
1326	0
1327	0
1328	0
1329	0
1330	0
1331	0
1332	0
1333	0
1334	0
1335	0
1336	0
1337	0
1338	0
1339	0
1340	0
1341	0
1342	0
1343	0
1344	0
1345	0
1346	0
1347	0
1348	0
1349	-1
1350	0
1351	0
1352	-1
1353	-1
1354	0
1355	-1
1356	-1
1357	-1
1358	0
1359	-1
1360	-1
1361	0
1362	-1
1363	-1
1364	-1
1365	-1
1366	-1
1367	-2
1368	-2
1369	-2
1370	-1
1371	-1
1372	-1
1373	0
1374	-2
1375	-1
1376	-2
1377	0
1378	-3
1379	-1
1380	-1
1381	-1
1382	-1
1383	0
1384	0
1385	-1
1386	-1
1387	0
1388	0
1389	0
1390	0
1391	0
1392	0
1393	0
1394	0
1395	-1
1396	0
1397	0
1398	0
1399	0
1400	0
1401	0
1402	0
1403	-1
1404	0
1405	0
1406	0
1407	0
1408	0
1409	0
1410	-2
1411	0
1412	-2
1413	-1
1414	-1
1415	0
1416	-1
1417	0
1418	0
1419	0
1420	0
1421	0
1422	0
1423	0
1424	0
1425	0
1426	0
1427	0
1428	0
1429	0
1430	0
1431	0
1432	0
1433	0
1434	0
1435	0
1436	0
1437	0
1438	0
1439	0
1440	0
1441	0
1442	0
1443	0
1444	0
1445	0
1446	0
1447	0
1448	0
1449	0
1450	-1
1451	-1
1452	-1
1453	0
1454	-1
1455	0
1456	-2
1457	0
1458	-2
1459	0
1460	-1
1461	-1
1462	-1
1463	-1
1464	0
1465	-1
1466	-1
1467	-1
1468	-2
1469	-1
1470	0
1471	0
1472	-1
1473	-1
1474	-1
1475	0
1476	-1
1477	0
1478	-1
1479	0
1480	-1
1481	0
1482	0
1483	0
1484	0
1485	0
1486	0
1487	0
1488	-1
1489	0
1490	0
1491	0
1492	0
1493	0
1494	-1
1495	-1
1496	-1
1497	-1
1498	0
1499	-1
1500	-1
1501	0
1502	0
1503	-1
1504	-1
1505	0
1506	-1
1507	0
1508	-1
1509	0
1510	0
1511	-1
1512	0
1513	0
1514	0
1515	0
1516	0
1517	0
1518	0
1519	0
1520	0
1521	0
1522	0
1523	0
1524	0
1525	0
1526	0
1527	-1
1528	0
1529	0
1530	0
1531	0
1532	0
1533	0
1534	0
1535	0
1536	0
1537	1
1538	0
1539	0
1540	0
1541	0
1542	0
1543	0
1544	0
1545	1
1546	0
1547	0
1548	0
1549	0
1550	0
1551	1
1552	0
1553	0
1554	0
1555	0
1556	0
1557	0
1558	0
1559	0
1560	0
1561	0
1562	0
1563	0
1564	-1
1565	-1
1566	-2
1567	-1
1568	-1
1569	-1
1570	-2
1571	-1
1572	-1
1573	-1
1574	-1
1575	-1
1576	-2
1577	-1
1578	-1
1579	-1
1580	-1
1581	0
1582	-1
1583	0
1584	-1
1585	0
1586	-1
1587	0
1588	-1
1589	0
1590	0
1591	0
1592	0
1593	0
1594	0
1595	0
1596	0
1597	0
1598	0
1599	0
1600	0
1601	0
1602	-1
1603	0
1604	-1
1605	0
1606	0
1607	-2
1608	-1
1609	-1
1610	-1
1611	-1
1612	-1
1613	0
1614	-1
1615	-1
1616	-1
1617	0
1618	-2
1619	-1
1620	0
1621	0
1622	-1
1623	-1
1624	-1
1625	-1
1626	-1
1627	-1
1628	-1
1629	0
1630	-1
1631	0
1632	-1
1633	0
1634	-1
1635	-1
1636	-1
1637	0
1638	0
1639	0
1640	0
1641	0
1642	0
1643	0
1644	0
1645	0
1646	-1
1647	0
1648	-1
1649	0
1650	0
1651	0
1652	0
1653	0
1654	0
1655	0
1656	0
1657	0
1658	0
1659	0
1660	0
1661	1
1662	0
1663	0
1664	0
1665	0
1666	0
1667	0
1668	0
1669	1
1670	0
1671	0
1672	0
1673	0
1674	0
1675	0
1676	1
1677	1
1678	0
1679	2
1680	0
1681	1
1682	0
1683	0
1684	0
1685	0
1686	0
1687	0
1688	0
1689	0
1690	0
1691	0
1692	-1
1693	-1
1694	-1
1695	-1
1696	-1
1697	-1
1698	-1
1699	0
1700	-1
1701	0
1702	-1
1703	0
1704	0
1705	0
1706	0
1707	0
1708	-1
1709	0
1710	-2
1711	-1
1712	0
1713	0
1714	-1
1715	-1
1716	-1
1717	0
1718	0
1719	0
1720	0
1721	-1
1722	-1
1723	0
1724	-1
1725	0
1726	0
1727	0
1728	0
1729	0
1730	0
1731	0
1732	-1
1733	0
1734	0
1735	0
1736	0
1737	0
1738	0
1739	0
1740	0
1741	0
1742	0
1743	0
1744	0
1745	0
1746	0
1747	0
1748	0
1749	0
1750	0
1751	0
1752	0
1753	0
1754	0
1755	0
1756	0
1757	0
1758	0
1759	0
1760	1
1761	1
1762	0
1763	1
1764	0
1765	1
1766	1
1767	2
1768	3
1769	3
1770	3
1771	4
1772	3
1773	4
1774	3
1775	4
1776	4
1777	4
1778	4
1779	3
1780	3
1781	4
1782	4
1783	3
1784	3
1785	3
1786	3
1787	3
1788	3
1789	2
1790	3
1791	2
1792	2
1793	3
1794	2
1795	2
1796	1
1797	2
1798	2
1799	1
1800	1
1801	1
1802	0
1803	1
1804	0
1805	2
1806	0
1807	1
1808	1
1809	0
1810	0
1811	0
1812	0
1813	0
1814	0
1815	0
1816	-1
1817	0
1818	0
1819	0
1820	-1
1821	0
1822	-2
1823	0
1824	-2
1825	-1
1826	-2
1827	-1
1828	-1
1829	-2
1830	-2
1831	-2
1832	-3
1833	-2
1834	-2
1835	-2
1836	-2
1837	-3
1838	-3
1839	-2
1840	-3
1841	-2
1842	-3
1843	-3
1844	-2
1845	-2
1846	-1
1847	0
1848	-1
1849	-1
1850	-1
1851	-1
1852	-1
1853	0
1854	-1
1855	0
1856	0
1857	0
1858	0
1859	0
1860	-1
1861	0
1862	0
1863	0
1864	0
1865	0
1866	0
1867	0
1868	0
1869	0
1870	0
1871	0
1872	-1
1873	0
1874	0
1875	0
1876	0
1877	-1
1878	-2
1879	-1
1880	-1
1881	-1
1882	-2
1883	-2
1884	-2
1885	-2
1886	-3
1887	-2
1888	-3
1889	-2
1890	-3
1891	-1
1892	-1
1893	-1
1894	-1
1895	-1
1896	-1
1897	-1
1898	-1
1899	0
1900	-1
1901	-1
1902	0
1903	0
1904	0
1905	0
1906	0
1907	-1
1908	0
1909	0
1910	0
1911	0
1912	0
1913	0
1914	0
1915	0
1916	0
1917	0
1918	0
1919	0
1920	-1
1921	-1
1922	-1
1923	-1
1924	-1
1925	-1
1926	-1
1927	0
1928	-2
1929	-1
1930	-1
1931	-2
1932	-2
1933	-2
1934	-2
1935	-2
1936	-2
1937	-3
1938	-2
1939	-2
1940	-2
1941	-2
1942	-3
1943	-2
1944	-2
1945	-1
1946	-1
1947	-1
1948	-1
1949	0
1950	0
1951	0
1952	0
1953	0
1954	1
1955	1
1956	0
1957	1
1958	1
1959	2
1960	1
1961	3
1962	2
1963	3
1964	2
1965	3
1966	3
1967	4
1968	2
1969	4
1970	2
1971	3
1972	3
1973	3
1974	3
1975	4
1976	2
1977	4
1978	2
1979	4
1980	3
1981	3
1982	3
1983	3
1984	2
1985	3
1986	2
1987	2
1988	1
1989	2
1990	2
1991	2
1992	2
1993	2
1994	2
1995	2
1996	1
1997	1
1998	1
1999	0
