0	0
1	0
2	0
3	0
4	0
5	0
6	0
7	0
8	0
9	0
10	0
11	1
12	0
13	1
14	0
15	0
16	0
17	0
18	0
19	1
20	0
21	0
22	-1
23	0
24	0
25	0
26	0
27	0
28	0
29	0
30	0
31	0
32	0
33	0
34	-1
35	1
36	0
37	0
38	0
39	0
40	0
41	1
42	0
43	0
44	0
45	0
46	0
47	1
48	0
49	1
50	0
51	1
52	0
53	2
54	0
55	1
56	0
57	1
58	0
59	2
60	0
61	1
62	0
63	0
64	0
65	0
66	0
67	0
68	0
69	0
70	0
71	0
72	0
73	0
74	0
75	0
76	-1
77	0
78	0
79	0
80	0
81	0
82	0
83	0
84	0
85	0
86	0
87	0
88	0
89	0
90	0
91	1
92	0
93	2
94	0
95	2
96	0
97	1
98	0
99	1
100	0
101	2
102	0
103	1
104	0
105	2
106	0
107	1
108	0
109	2
110	0
111	1
112	0
113	1
114	0
115	1
116	0
117	1
118	0
119	0
120	0
121	0
122	0
123	0
124	0
125	0
126	0
127	0
128	-1
129	0
130	0
131	0
132	0
133	0
134	0
135	0
136	0
137	1
138	0
139	0
140	0
141	1
142	0
143	1
144	1
145	1
146	0
147	1
148	0
149	1
150	0
151	1
152	0
153	0
154	0
155	0
156	0
157	0
158	0
159	1
160	0
161	1
162	0
163	1
164	0
165	2
166	0
167	2
168	0
169	1
170	0
171	0
172	0
173	0
174	0
175	0
176	-1
177	0
178	0
179	0
180	0
181	0
182	0
183	0
184	0
185	0
186	-1
187	0
188	0
189	1
190	0
191	1
192	-1
193	0
194	-1
195	0
196	0
197	2
198	0
199	0
200	0
201	1
202	0
203	1
204	0
205	1
206	0
207	2
208	0
209	1
210	0
211	2
212	0
213	1
214	0
215	1
216	0
217	1
218	0
219	1
220	0
221	1
222	0
223	1
224	0
225	1
226	0
227	0
228	0
229	0
230	0
231	0
232	0
233	0
234	0
235	0
236	0
237	0
238	-1
239	0
240	0
241	0
242	-1
243	0
244	0
245	0
246	0
247	0
248	0
249	0
250	0
251	0
252	0
253	0
254	0
255	0
256	0
257	0
258	0
259	1
260	0
261	1
262	0
263	2
264	0
265	2
266	0
267	2
268	0
269	1
270	0
271	1
272	0
273	1
274	0
275	0
276	0
277	1
278	0
279	1
280	0
281	1
282	0
283	0
284	0
285	1
286	0
287	1
288	0
289	1
290	0
291	1
292	0
293	2
294	0
295	2
296	0
297	1
298	0
299	1
300	0
301	1
302	0
303	2
304	0
305	1
306	-1
307	0
308	0
309	1
310	-1
311	1
312	0
313	0
314	0
315	1
316	0
317	0
318	0
319	0
320	0
321	1
322	-1
323	1
324	0
325	1
326	-1
327	1
328	0
329	1
330	0
331	1
332	0
333	1
334	0
335	0
336	0
337	1
338	0
339	1
340	-1
341	1
342	0
343	1
344	0
345	0
346	0
347	1
348	0
349	1
350	0
351	1
352	0
353	1
354	0
355	0
356	0
357	0
358	0
359	1
360	0
361	1
362	0
363	1
364	0
365	0
366	0
367	1
368	0
369	0
370	0
371	0
372	0
373	1
374	0
375	0
376	0
377	2
378	0
379	0
380	0
381	0
382	0
383	0
384	0
385	1
386	0
387	1
388	0
389	2
390	0
391	1
392	0
393	2
394	0
395	2
396	0
397	1
398	0
399	1
400	0
401	1
402	0
403	1
404	0
405	1
406	0
407	1
408	0
409	1
410	0
411	0
412	0
413	0
414	0
415	1
416	0
417	0
418	0
419	1
420	0
421	2
422	0
423	0
424	0
425	0
426	0
427	0
428	0
429	1
430	0
431	0
432	0
433	1
434	0
435	1
436	0
437	0
438	0
439	1
440	0
441	0
442	0
443	1
444	0
445	0
446	0
447	0
448	0
449	0
450	0
451	0
452	-1
453	1
454	0
455	0
456	0
457	0
458	0
459	1
460	0
461	2
462	0
463	3
464	1
465	4
466	3
467	6
468	4
469	9
470	6
471	11
472	9
473	14
474	13
475	17
476	16
477	23
478	22
479	29
480	29
481	34
482	32
483	39
484	38
485	45
486	45
487	50
488	49
489	56
490	55
491	61
492	59
493	64
494	62
495	66
496	65
497	66
498	68
499	78
500	62
501	75
502	67
503	71
504	67
505	70
506	67
507	69
508	66
509	68
510	64
511	65
512	61
513	63
514	58
515	60
516	54
517	58
518	50
519	55
520	49
521	49
522	46
523	47
524	43
525	45
526	39
527	43
528	35
529	39
530	32
531	36
532	28
533	33
534	27
535	27
536	25
537	24
538	23
539	24
540	19
541	22
542	17
543	21
544	14
545	18
546	12
547	14
548	11
549	13
550	9
551	13
552	8
553	10
554	6
555	10
556	4
557	8
558	4
559	7
560	2
561	5
562	2
563	3
564	0
565	4
566	1
567	2
568	1
569	2
570	0
571	2
572	0
573	0
574	0
575	0
576	0
577	0
578	-2
579	0
580	-2
581	0
582	-1
583	0
584	-3
585	0
586	-3
587	0
588	-3
589	0
590	-3
591	0
592	-4
593	-1
594	-4
595	-2
596	-6
597	-1
598	-4
599	-2
600	-5
601	-1
602	-6
603	-1
604	-5
605	0
606	-5
607	0
608	-5
609	0
610	-4
611	-1
612	-4
613	-1
614	-3
615	-2
616	-2
617	-1
618	-4
619	0
620	-1
621	-1
622	-2
623	0
624	-2
625	-1
626	-3
627	0
628	-3
629	0
630	-3
631	-1
632	-3
633	0
634	-3
635	0
636	-3
637	0
638	-1
639	0
640	-2
641	0
642	-1
643	0
644	-2
645	0
646	-2
647	0
648	-2
649	0
650	0
651	0
652	-1
653	0
654	-2
655	0
656	-1
657	0
658	-2
659	0
660	-2
661	0
662	-1
663	0
664	-1
665	0
666	-2
667	0
668	-2
669	0
670	-1
671	0
672	-3
673	0
674	-2
675	0
676	-2
677	0
678	-2
679	0
680	-2
681	0
682	-1
683	0
684	-1
685	0
686	0
687	0
688	-1
689	0
690	0
691	0
692	-1
693	0
694	0
695	0
696	0
697	0
698	0
699	1
700	0
701	1
702	0
703	0
704	0
705	0
706	0
707	1
708	0
709	0
710	0
711	0
712	0
713	0
714	-1
715	1
716	-1
717	0
718	0
719	0
720	0
721	0
722	0
723	0
724	0
725	0
726	-1
727	0
728	0
729	0
730	-1
731	0
732	-2
733	0
734	-1
735	0
736	-2
737	0
738	-1
739	0
740	-1
741	0
742	-2
743	0
744	0
745	1
746	0
747	0
748	-1
749	0
750	-1
751	1
752	0
753	1
754	0
755	1
756	0
757	1
758	0
759	0
760	-1
761	0
762	0
763	0
764	0
765	0
766	-1
767	0
768	-1
769	0
770	-1
771	0
772	0
773	0
774	-1
775	0
776	0
777	0
778	0
779	0
780	-1
781	0
782	-1
783	0
784	-1
785	0
786	0
787	0
788	0
789	0
790	0
791	1
792	0
793	0
794	0
795	0
796	0
797	0
798	0
799	0
800	0
801	1
802	0
803	1
804	0
805	0
806	0
807	0
808	0
809	0
810	0
811	1
812	0
813	1
814	0
815	0
816	0
817	0
818	0
819	0
820	-1
821	0
822	0
823	0
824	-1
825	0
826	0
827	0
828	0
829	0
830	-1
831	0
832	-1
833	0
834	-1
835	1
836	-2
837	0
838	-1
839	0
840	-1
841	0
842	-1
843	0
844	0
845	0
846	-1
847	0
848	0
849	0
850	0
851	0
852	0
853	0
854	0
855	0
856	-1
857	0
858	0
859	0
860	0
861	0
862	0
863	1
864	0
865	1
866	0
867	1
868	-1
869	0
870	0
871	1
872	0
873	0
874	-1
875	0
876	-1
877	0
878	0
879	0
880	-2
881	0
882	-1
883	0
884	0
885	1
886	0
887	1
888	0
889	0
890	0
891	0
892	0
893	1
894	0
895	1
896	0
897	1
898	0
899	1
900	0
901	1
902	0
903	1
904	0
905	1
906	0
907	1
908	0
909	1
910	0
911	1
912	0
913	0
914	0
915	1
916	0
917	1
918	0
919	1
920	0
921	1
922	-1
923	1
924	0
925	1
926	0
927	0
928	0
929	1
930	0
931	0
932	0
933	0
934	0
935	0
936	0
937	0
938	0
939	0
940	0
941	1
942	0
943	0
944	0
945	1
946	0
947	1
948	0
949	0
950	0
951	0
952	0
953	0
954	0
955	0
956	-1
957	0
958	0
959	0
960	-1
961	0
962	0
963	0
964	-1
965	0
966	0
967	0
968	-1
969	1
970	-1
971	0
972	0
973	0
974	-1
975	0
976	0
977	0
978	0
979	0
980	0
981	0
982	0
983	0
984	0
985	0
986	0
987	0
988	0
989	0
990	0
991	0
992	-1
993	0
994	-1
995	0
996	-1
997	0
998	0
999	0
1000	0
1001	0
1002	0
1003	0
1004	0
1005	0
1006	0
1007	0
1008	0
1009	1
1010	0
1011	1
1012	0
1013	1
1014	0
1015	1
1016	0
1017	1
1018	0
1019	1
1020	0
1021	1
1022	0
1023	1
1024	0
1025	1
1026	-1
1027	1
1028	0
1029	1
1030	0
1031	0
1032	0
1033	1
1034	0
1035	0
1036	0
1037	1
1038	0
1039	2
1040	0
1041	2
1042	0
1043	1
1044	1
1045	2
1046	0
1047	1
1048	1
1049	2
1050	0
1051	2
1052	0
1053	2
1054	0
1055	2
1056	0
1057	2
1058	0
1059	1
1060	1
1061	1
1062	0
1063	1
1064	0
1065	2
1066	0
1067	1
1068	0
1069	1
1070	-1
1071	0
1072	0
1073	1
1074	0
1075	0
1076	0
1077	0
1078	0
1079	0
1080	0
1081	0
1082	0
1083	0
1084	0
1085	0
1086	0
1087	0
1088	0
1089	0
1090	0
1091	0
1092	-1
1093	0
1094	0
1095	0
1096	0
1097	0
1098	0
1099	0
1100	-1
1101	1
1102	-1
1103	1
1104	0
1105	0
1106	0
1107	0
1108	0
1109	0
1110	0
1111	0
1112	0
1113	0
1114	0
1115	0
1116	0
1117	0
1118	-1
1119	0
1120	-1
1121	0
1122	0
1123	0
1124	-1
1125	0
1126	-1
1127	0
1128	-1
1129	0
1130	-1
1131	0
1132	-1
1133	0
1134	0
1135	0
1136	-1
1137	0
1138	0
1139	0
1140	0
1141	0
1142	0
1143	0
1144	0
1145	0
1146	0
1147	1
1148	0
1149	0
1150	0
1151	1
1152	0
1153	1
1154	0
1155	0
1156	0
1157	0
1158	0
1159	0
1160	0
1161	1
1162	0
1163	0
1164	0
1165	0
1166	0
1167	0
1168	0
1169	0
1170	-1
1171	0
1172	0
1173	0
1174	0
1175	0
1176	0
1177	0
1178	0
1179	0
1180	0
1181	0
1182	0
1183	0
1184	0
1185	0
1186	-1
1187	0
1188	0
1189	0
1190	0
1191	0
1192	0
1193	0
1194	-1
1195	0
1196	-1
1197	0
1198	0
1199	0
1200	0
1201	0
1202	0
1203	0
1204	0
1205	0
1206	0
1207	0
1208	0
1209	1
1210	0
1211	0
1212	0
1213	0
1214	0
1215	0
1216	0
1217	0
1218	0
1219	0
1220	-1
1221	0
1222	0
1223	1
1224	0
1225	0
1226	0
1227	0
1228	0
1229	0
1230	0
1231	0
1232	0
1233	0
1234	0
1235	0
1236	0
1237	1
1238	0
1239	2
1240	0
1241	1
1242	0
1243	1
1244	-1
1245	0
1246	0
1247	0
1248	-1
1249	0
1250	0
1251	0
1252	0
1253	0
1254	0
1255	0
1256	-1
1257	0
1258	-2
1259	0
1260	-1
1261	0
1262	-1
1263	0
1264	-1
1265	0
1266	0
1267	0
1268	0
1269	0
1270	-1
1271	0
1272	0
1273	0
1274	0
1275	0
1276	0
1277	1
1278	0
1279	0
1280	0
1281	0
1282	0
1283	0
1284	0
1285	0
1286	-1
1287	1
1288	0
1289	0
1290	0
1291	0
1292	0
1293	0
1294	0
1295	0
1296	0
1297	0
1298	0
1299	0
1300	-1
1301	1
1302	0
1303	0
1304	0
1305	0
1306	0
1307	0
1308	-1
1309	0
1310	0
1311	0
1312	0
1313	1
1314	-1
1315	0
1316	0
1317	0
1318	0
1319	0
1320	0
1321	0
1322	0
1323	0
1324	0
1325	0
1326	0
1327	1
1328	0
1329	0
1330	0
1331	0
1332	0
1333	0
1334	0
1335	1
1336	0
1337	0
1338	0
1339	0
1340	0
1341	0
1342	0
1343	1
1344	0
1345	1
1346	0
1347	0
1348	0
1349	0
1350	-1
1351	0
1352	0
1353	0
1354	-1
1355	0
1356	0
1357	0
1358	0
1359	0
1360	0
1361	0
1362	0
1363	0
1364	-1
1365	0
1366	0
1367	0
1368	-1
1369	0
1370	0
1371	0
1372	0
1373	0
1374	-1
1375	0
1376	0
1377	0
1378	0
1379	-1
1380	-1
1381	0
1382	-1
1383	0
1384	-1
1385	0
1386	0
1387	0
1388	0
1389	0
1390	-1
1391	0
1392	0
1393	0
1394	0
1395	0
1396	0
1397	0
1398	0
1399	0
1400	0
1401	1
1402	0
1403	0
1404	0
1405	0
1406	0
1407	1
1408	0
1409	1
1410	0
1411	0
1412	0
1413	0
1414	-1
1415	1
1416	-1
1417	0
1418	0
1419	0
1420	0
1421	1
1422	-1
1423	0
1424	0
1425	0
1426	0
1427	0
1428	0
1429	0
1430	0
1431	1
1432	0
1433	0
1434	0
1435	1
1436	0
1437	0
1438	0
1439	1
1440	0
1441	0
1442	0
1443	0
1444	0
1445	0
1446	0
1447	0
1448	0
1449	0
1450	0
1451	0
1452	-1
1453	1
1454	0
1455	0
1456	0
1457	0
1458	0
1459	0
1460	0
1461	0
1462	0
1463	0
1464	-1
1465	0
1466	0
1467	1
1468	0
1469	0
1470	0
1471	0
1472	0
1473	0
1474	0
1475	0
1476	0
1477	0
1478	-1
1479	0
1480	0
1481	0
1482	0
1483	0
1484	0
1485	0
1486	0
1487	0
1488	0
1489	0
1490	0
1491	0
1492	-1
1493	0
1494	-1
1495	0
1496	-2
1497	0
1498	-1
1499	0
1500	-1
1501	0
1502	0
1503	0
1504	0
1505	0
1506	-1
1507	0
1508	-1
1509	0
1510	0
1511	0
1512	0
1513	0
1514	-1
1515	0
1516	-1
1517	0
1518	-1
1519	0
1520	0
1521	0
1522	0
1523	0
1524	0
1525	0
1526	0
1527	0
1528	0
1529	0
1530	0
1531	0
1532	-1
1533	0
1534	0
1535	0
1536	0
1537	0
1538	-1
1539	0
1540	0
1541	0
1542	0
1543	0
1544	0
1545	0
1546	0
1547	0
1548	0
1549	1
1550	0
1551	1
1552	0
1553	1
1554	0
1555	1
1556	0
1557	1
1558	1
1559	1
1560	0
1561	1
1562	0
1563	0
1564	-1
1565	1
1566	0
1567	0
1568	0
1569	0
1570	0
1571	0
1572	0
1573	0
1574	0
1575	0
1576	-1
1577	0
1578	-1
1579	0
1580	0
1581	0
1582	-1
1583	0
1584	-1
1585	0
1586	-1
1587	0
1588	-1
1589	0
1590	0
1591	0
1592	0
1593	0
1594	0
1595	0
1596	0
1597	0
1598	0
1599	0
1600	0
1601	0
1602	0
1603	0
1604	0
1605	0
1606	0
1607	1
1608	0
1609	2
1610	0
1611	0
1612	0
1613	0
1614	-1
1615	0
1616	-1
1617	0
1618	-1
1619	0
1620	0
1621	0
1622	-1
1623	0
1624	-2
1625	0
1626	-2
1627	0
1628	-1
1629	0
1630	-1
1631	0
1632	0
1633	0
1634	0
1635	0
1636	0
1637	0
1638	0
1639	0
1640	0
1641	0
1642	-1
1643	1
1644	0
1645	0
1646	-2
1647	0
1648	0
1649	0
1650	0
1651	0
1652	0
1653	0
1654	-1
1655	0
1656	0
1657	0
1658	0
1659	0
1660	0
1661	0
1662	-1
1663	0
1664	0
1665	0
1666	0
1667	0
1668	0
1669	1
1670	0
1671	0
1672	0
1673	0
1674	0
1675	0
1676	0
1677	1
1678	0
1679	1
1680	0
1681	0
1682	0
1683	0
1684	0
1685	0
1686	0
1687	0
1688	0
1689	0
1690	0
1691	0
1692	0
1693	0
1694	0
1695	0
1696	0
1697	0
1698	0
1699	0
1700	0
1701	0
1702	0
1703	0
1704	0
1705	0
1706	0
1707	0
1708	-1
1709	0
1710	0
1711	0
1712	0
1713	0
1714	0
1715	0
1716	0
1717	0
1718	0
1719	0
1720	-1
1721	0
1722	0
1723	0
1724	0
1725	0
1726	0
1727	0
1728	-1
1729	0
1730	0
1731	0
1732	-1
1733	0
1734	0
1735	0
1736	0
1737	0
1738	0
1739	0
1740	-1
1741	0
1742	-1
1743	0
1744	0
1745	0
1746	-1
1747	0
1748	0
1749	0
1750	0
1751	0
1752	-1
1753	1
1754	0
1755	0
1756	-1
1757	0
1758	-1
1759	0
1760	-1
1761	1
1762	0
1763	0
1764	0
1765	1
1766	0
1767	0
1768	0
1769	0
1770	0
1771	0
1772	0
1773	0
1774	0
1775	0
1776	0
1777	2
1778	0
1779	1
1780	0
1781	0
1782	0
1783	1
1784	0
1785	0
1786	0
1787	1
1788	0
1789	1
1790	0
1791	1
1792	0
1793	1
1794	0
1795	0
1796	0
1797	1
1798	0
1799	1
1800	0
1801	2
1802	0
1803	1
1804	0
1805	1
1806	0
1807	2
1808	0
1809	1
1810	0
1811	2
1812	0
1813	1
1814	0
1815	1
1816	0
1817	0
1818	0
1819	0
1820	0
1821	0
1822	0
1823	0
1824	0
1825	0
1826	0
1827	0
1828	-1
1829	0
1830	0
1831	0
1832	0
1833	0
1834	-1
1835	0
1836	0
1837	0
1838	-1
1839	0
1840	0
1841	0
1842	0
1843	0
1844	0
1845	1
1846	0
1847	1
1848	0
1849	2
1850	0
1851	1
1852	0
1853	1
1854	0
1855	0
1856	0
1857	0
1858	0
1859	1
1860	0
1861	0
1862	0
1863	0
1864	0
1865	0
1866	0
1867	0
1868	-1
1869	0
1870	0
1871	0
1872	0
1873	0
1874	-1
1875	0
1876	-1
1877	0
1878	0
1879	0
1880	0
1881	0
1882	0
1883	0
1884	-1
1885	0
1886	0
1887	0
1888	0
1889	0
1890	0
1891	0
1892	0
1893	0
1894	0
1895	1
1896	-1
1897	0
1898	0
1899	0
1900	0
1901	1
1902	-1
1903	1
1904	-1
1905	1
1906	0
1907	1
1908	0
1909	1
1910	0
1911	0
1912	0
1913	0
1914	-1
1915	0
1916	0
1917	0
1918	0
1919	0
1920	0
1921	0
1922	0
1923	0
1924	0
1925	0
1926	-1
1927	0
1928	0
1929	0
1930	0
1931	0
1932	0
1933	0
1934	0
1935	0
1936	0
1937	0
1938	0
1939	0
1940	0
1941	0
1942	0
1943	0
1944	-1
1945	0
1946	0
1947	0
1948	-1
1949	0
1950	0
1951	0
1952	-1
1953	0
1954	0
1955	0
1956	0
1957	0
1958	0
1959	0
1960	0
1961	0
1962	0
1963	0
1964	0
1965	0
1966	0
1967	0
1968	0
1969	0
1970	0
1971	0
1972	0
1973	0
1974	0
1975	0
1976	0
1977	0
1978	0
1979	0
1980	-1
1981	1
1982	0
1983	0
1984	0
1985	1
1986	-1
1987	1
1988	0
1989	0
1990	0
1991	0
1992	0
1993	0
1994	0
1995	0
1996	0
1997	0
1998	0
1999	0
