0	0
1	0
2	0
3	0
4	0
5	0
6	0
7	0
8	0
9	0
10	0
11	0
12	0
13	0
14	0
15	0
16	0
17	0
18	0
19	0
20	-1
21	0
22	0
23	0
24	0
25	0
26	0
27	0
28	0
29	0
30	0
31	0
32	0
33	0
34	0
35	0
36	0
37	0
38	0
39	0
40	0
41	0
42	0
43	1
44	0
45	0
46	0
47	1
48	0
49	1
50	0
51	0
52	0
53	0
54	0
55	0
56	0
57	0
58	0
59	0
60	0
61	0
62	0
63	0
64	0
65	0
66	0
67	0
68	0
69	0
70	0
71	0
72	0
73	0
74	0
75	0
76	0
77	0
78	0
79	0
80	0
81	0
82	0
83	0
84	0
85	0
86	0
87	0
88	0
89	1
90	0
91	0
92	1
93	1
94	0
95	0
96	1
97	0
98	0
99	1
100	0
101	0
102	0
103	1
104	0
105	0
106	0
107	0
108	0
109	0
110	0
111	0
112	0
113	0
114	0
115	0
116	0
117	0
118	0
119	0
120	0
121	0
122	0
123	0
124	0
125	0
126	0
127	0
128	0
129	0
130	0
131	0
132	0
133	0
134	0
135	0
136	0
137	1
138	0
139	0
140	0
141	0
142	0
143	0
144	0
145	0
146	0
147	0
148	0
149	0
150	0
151	0
152	0
153	0
154	0
155	1
156	0
157	0
158	0
159	0
160	0
161	0
162	0
163	0
164	0
165	1
166	0
167	0
168	1
169	0
170	0
171	1
172	0
173	0
174	0
175	1
176	0
177	1
178	0
179	0
180	0
181	0
182	0
183	0
184	0
185	0
186	0
187	0
188	0
189	0
190	1
191	0
192	0
193	0
194	0
195	0
196	0
197	0
198	0
199	0
200	0
201	0
202	0
203	0
204	0
205	0
206	0
207	1
208	0
209	0
210	0
211	0
212	0
213	0
214	0
215	0
216	0
217	0
218	0
219	0
220	0
221	0
222	0
223	0
224	-1
225	0
226	-1
227	0
228	-1
229	0
230	-1
231	0
232	-2
233	0
234	-1
235	-1
236	-2
237	0
238	0
239	0
240	-1
241	0
242	0
243	0
244	0
245	0
246	0
247	0
248	0
249	0
250	0
251	0
252	0
253	0
254	0
255	0
256	0
257	0
258	0
259	0
260	0
261	1
262	0
263	0
264	0
265	0
266	0
267	0
268	0
269	0
270	0
271	0
272	0
273	1
274	0
275	1
276	1
277	1
278	1
279	1
280	1
281	1
282	0
283	2
284	0
285	1
286	0
287	1
288	0
289	0
290	1
291	1
292	0
293	1
294	1
295	0
296	0
297	0
298	0
299	0
300	0
301	0
302	0
303	0
304	0
305	0
306	0
307	0
308	0
309	0
310	0
311	0
312	0
313	1
314	0
315	0
316	0
317	0
318	0
319	0
320	0
321	0
322	0
323	0
324	0
325	0
326	0
327	0
328	0
329	-1
330	0
331	0
332	0
333	0
334	-1
335	0
336	-1
337	0
338	0
339	0
340	0
341	0
342	0
343	0
344	0
345	0
346	0
347	0
348	0
349	0
350	0
351	0
352	0
353	0
354	0
355	0
356	-1
357	0
358	0
359	0
360	0
361	0
362	0
363	0
364	0
365	0
366	0
367	0
368	0
369	0
370	0
371	0
372	0
373	0
374	0
375	0
376	0
377	0
378	1
379	1
380	0
381	1
382	0
383	1
384	0
385	1
386	0
387	1
388	1
389	0
390	1
391	1
392	1
393	2
394	1
395	1
396	1
397	1
398	1
399	1
400	0
401	0
402	0
403	1
404	0
405	1
406	1
407	0
408	0
409	0
410	0
411	0
412	0
413	0
414	0
415	0
416	0
417	0
418	0
419	0
420	0
421	0
422	0
423	0
424	0
425	0
426	0
427	0
428	0
429	0
430	0
431	0
432	0
433	0
434	0
435	0
436	0
437	-1
438	0
439	0
440	0
441	0
442	0
443	2
444	2
445	6
446	6
447	10
448	11
449	14
450	17
451	22
452	23
453	28
454	30
455	33
456	37
457	42
458	45
459	50
460	52
461	57
462	61
463	65
464	67
465	71
466	74
467	77
468	80
469	83
470	86
471	88
472	88
473	90
474	92
475	94
476	94
477	97
478	96
479	98
480	97
481	97
482	97
483	97
484	97
485	95
486	95
487	91
488	90
489	91
490	90
491	89
492	87
493	85
494	82
495	80
496	78
497	77
498	77
499	78
500	62
501	68
502	64
503	63
504	62
505	61
506	54
507	52
508	51
509	50
510	47
511	46
512	40
513	40
514	36
515	35
516	33
517	31
518	27
519	26
520	23
521	22
522	21
523	19
524	18
525	16
526	13
527	13
528	9
529	7
530	6
531	5
532	4
533	4
534	3
535	3
536	0
537	0
538	-4
539	-4
540	-6
541	-5
542	-8
543	-9
544	-9
545	-9
546	-10
547	-10
548	-12
549	-11
550	-12
551	-12
552	-13
553	-12
554	-14
555	-12
556	-15
557	-13
558	-15
559	-14
560	-15
561	-14
562	-15
563	-15
564	-16
565	-15
566	-16
567	-15
568	-16
569	-15
570	-15
571	-15
572	-16
573	-15
574	-17
575	-15
576	-17
577	-15
578	-16
579	-15
580	-15
581	-15
582	-15
583	-14
584	-16
585	-14
586	-14
587	-14
588	-14
589	-14
590	-14
591	-13
592	-14
593	-13
594	-14
595	-11
596	-13
597	-11
598	-12
599	-11
600	-13
601	-11
602	-13
603	-11
604	-11
605	-11
606	-11
607	-10
608	-10
609	-10
610	-11
611	-9
612	-10
613	-9
614	-10
615	-8
616	-9
617	-7
618	-10
619	-8
620	-8
621	-7
622	-8
623	-8
624	-9
625	-6
626	-7
627	-5
628	-6
629	-4
630	-4
631	-3
632	-4
633	-3
634	-4
635	-3
636	-5
637	-3
638	-4
639	-1
640	-3
641	-2
642	-5
643	-3
644	-4
645	-2
646	-3
647	-1
648	-3
649	-1
650	-3
651	-2
652	-3
653	-1
654	-2
655	-2
656	-2
657	0
658	-2
659	-2
660	-1
661	0
662	0
663	0
664	0
665	0
666	0
667	0
668	0
669	0
670	0
671	0
672	0
673	0
674	0
675	0
676	0
677	0
678	0
679	0
680	0
681	0
682	0
683	0
684	0
685	0
686	0
687	0
688	0
689	0
690	-1
691	0
692	-1
693	-1
694	0
695	-1
696	-1
697	-1
698	-2
699	-1
700	-1
701	0
702	-1
703	0
704	-1
705	-1
706	-1
707	0
708	-1
709	0
710	-1
711	0
712	-1
713	0
714	-1
715	0
716	0
717	0
718	0
719	0
720	0
721	0
722	0
723	0
724	0
725	0
726	0
727	0
728	0
729	0
730	0
731	0
732	-1
733	0
734	0
735	0
736	-1
737	0
738	-1
739	0
740	-1
741	-1
742	-2
743	-1
744	0
745	-1
746	-1
747	-1
748	-1
749	-1
750	-1
751	-1
752	-1
753	-1
754	0
755	-1
756	0
757	-1
758	0
759	0
760	0
761	0
762	0
763	0
764	0
765	0
766	0
767	0
768	0
769	0
770	0
771	0
772	0
773	1
774	0
775	0
776	0
777	0
778	0
779	0
780	0
781	0
782	0
783	0
784	0
785	0
786	0
787	0
788	0
789	0
790	0
791	0
792	0
793	0
794	0
795	0
796	0
797	0
798	0
799	0
800	-1
801	0
802	0
803	0
804	-1
805	0
806	-1
807	-1
808	-1
809	-1
810	-1
811	-1
812	-1
813	0
814	-1
815	-1
816	0
817	0
818	-1
819	0
820	0
821	0
822	-1
823	0
824	0
825	0
826	0
827	0
828	0
829	-1
830	0
831	0
832	-1
833	0
834	0
835	0
836	-1
837	0
838	-1
839	0
840	0
841	0
842	0
843	0
844	0
845	0
846	0
847	0
848	0
849	0
850	0
851	0
852	0
853	0
854	0
855	0
856	-1
857	0
858	0
859	0
860	0
861	0
862	0
863	0
864	0
865	0
866	0
867	0
868	-1
869	0
870	0
871	0
872	0
873	-1
874	0
875	0
876	0
877	0
878	0
879	0
880	0
881	0
882	0
883	0
884	0
885	0
886	-1
887	0
888	0
889	0
890	0
891	0
892	0
893	0
894	0
895	0
896	0
897	0
898	0
899	0
900	0
901	0
902	0
903	0
904	1
905	0
906	1
907	0
908	1
909	1
910	1
911	2
912	1
913	2
914	1
915	1
916	1
917	2
918	1
919	2
920	1
921	1
922	1
923	1
924	0
925	1
926	1
927	1
928	1
929	1
930	1
931	0
932	1
933	1
934	0
935	0
936	0
937	1
938	1
939	0
940	0
941	0
942	0
943	1
944	1
945	1
946	0
947	1
948	0
949	1
950	0
951	1
952	0
953	0
954	0
955	0
956	0
957	0
958	0
959	0
960	0
961	1
962	0
963	0
964	0
965	0
966	0
967	0
968	0
969	0
970	0
971	0
972	0
973	0
974	0
975	0
976	0
977	0
978	0
979	0
980	-1
981	0
982	0
983	0
984	-1
985	0
986	-2
987	-1
988	-2
989	0
990	-1
991	-2
992	-1
993	-2
994	-2
995	-2
996	-2
997	-2
998	-1
999	-1
1000	-1
1001	-1
1002	-1
1003	0
1004	-1
1005	0
1006	-2
1007	0
1008	-1
1009	-1
1010	-1
1011	-1
1012	-1
1013	-1
1014	-1
1015	-1
1016	0
1017	0
1018	0
1019	0
1020	-1
1021	0
1022	0
1023	0
1024	-1
1025	0
1026	0
1027	0
1028	-1
1029	0
1030	-1
1031	0
1032	0
1033	0
1034	0
1035	0
1036	0
1037	0
1038	0
1039	0
1040	0
1041	0
1042	0
1043	0
1044	-1
1045	0
1046	-1
1047	0
1048	-1
1049	-1
1050	-1
1051	0
1052	-2
1053	-1
1054	-1
1055	-1
1056	-1
1057	0
1058	-1
1059	0
1060	-1
1061	-1
1062	0
1063	0
1064	-1
1065	0
1066	0
1067	0
1068	0
1069	0
1070	0
1071	0
1072	0
1073	0
1074	-1
1075	0
1076	0
1077	0
1078	0
1079	0
1080	0
1081	0
1082	0
1083	0
1084	0
1085	0
1086	0
1087	0
1088	0
1089	0
1090	-1
1091	0
1092	0
1093	0
1094	0
1095	0
1096	0
1097	0
1098	0
1099	0
1100	0
1101	0
1102	0
1103	0
1104	-1
1105	0
1106	0
1107	0
1108	0
1109	0
1110	0
1111	0
1112	0
1113	0
1114	0
1115	0
1116	0
1117	0
1118	0
1119	0
1120	0
1121	0
1122	0
1123	0
1124	0
1125	0
1126	-1
1127	0
1128	0
1129	0
1130	0
1131	0
1132	0
1133	0
1134	0
1135	-1
1136	-1
1137	0
1138	-1
1139	0
1140	-1
1141	0
1142	-1
1143	-1
1144	-1
1145	-1
1146	-1
1147	0
1148	0
1149	-1
1150	0
1151	-1
1152	0
1153	-1
1154	0
1155	0
1156	-1
1157	-1
1158	0
1159	-1
1160	-1
1161	0
1162	-1
1163	0
1164	0
1165	0
1166	0
1167	0
1168	0
1169	0
1170	0
1171	0
1172	0
1173	0
1174	-1
1175	0
1176	0
1177	0
1178	0
1179	0
1180	0
1181	0
1182	0
1183	0
1184	0
1185	0
1186	-1
1187	0
1188	0
1189	0
1190	-1
1191	0
1192	-1
1193	0
1194	-1
1195	0
1196	-1
1197	0
1198	-1
1199	-1
1200	-1
1201	0
1202	0
1203	0
1204	0
1205	0
1206	0
1207	0
1208	0
1209	0
1210	0
1211	0
1212	0
1213	0
1214	0
1215	0
1216	0
1217	0
1218	0
1219	0
1220	0
1221	0
1222	0
1223	0
1224	0
1225	0
1226	0
1227	0
1228	0
1229	0
1230	0
1231	0
1232	-1
1233	0
1234	-1
1235	0
1236	0
1237	0
1238	0
1239	-1
1240	-1
1241	0
1242	-1
1243	-1
1244	0
1245	0
1246	-1
1247	-1
1248	-1
1249	-1
1250	-1
1251	0
1252	0
1253	0
1254	0
1255	0
1256	-1
1257	0
1258	-1
1259	0
1260	0
1261	0
1262	0
1263	0
1264	0
1265	0
1266	0
1267	0
1268	0
1269	0
1270	0
1271	0
1272	0
1273	0
1274	-1
1275	0
1276	0
1277	0
1278	0
1279	0
1280	0
1281	0
1282	0
1283	0
1284	-1
1285	0
1286	0
1287	0
1288	0
1289	0
1290	0
1291	0
1292	-1
1293	0
1294	-1
1295	0
1296	0
1297	0
1298	-1
1299	0
1300	-1
1301	0
1302	0
1303	0
1304	-2
1305	-1
1306	0
1307	0
1308	0
1309	0
1310	-1
1311	0
1312	0
1313	0
1314	0
1315	0
1316	-1
1317	0
1318	0
1319	0
1320	0
1321	0
1322	-1
1323	0
1324	-2
1325	0
1326	-1
1327	0
1328	-2
1329	0
1330	-1
1331	-1
1332	-2
1333	0
1334	-2
1335	-1
1336	-1
1337	0
1338	-1
1339	0
1340	-1
1341	-1
1342	0
1343	0
1344	0
1345	-1
1346	-1
1347	0
1348	0
1349	0
1350	0
1351	1
1352	0
1353	1
1354	1
1355	1
1356	0
1357	2
1358	1
1359	2
1360	0
1361	2
1362	1
1363	2
1364	2
1365	1
1366	1
1367	1
1368	1
1369	1
1370	1
1371	1
1372	1
1373	2
1374	0
1375	1
1376	0
1377	2
1378	0
1379	2
1380	0
1381	1
1382	1
1383	1
1384	1
1385	1
1386	1
1387	1
1388	1
1389	1
1390	0
1391	1
1392	2
1393	1
1394	1
1395	1
1396	0
1397	0
1398	1
1399	1
1400	0
1401	1
1402	0
1403	1
1404	0
1405	1
1406	0
1407	0
1408	0
1409	0
1410	0
1411	0
1412	0
1413	0
1414	0
1415	0
1416	0
1417	0
1418	0
1419	0
1420	-1
1421	0
1422	-1
1423	0
1424	-2
1425	-2
1426	-1
1427	-1
1428	-2
1429	-1
1430	0
1431	-2
1432	-1
1433	-1
1434	-1
1435	-1
1436	-1
1437	-1
1438	-1
1439	-1
1440	-1
1441	0
1442	-1
1443	-1
1444	-1
1445	-1
1446	-2
1447	-1
1448	-1
1449	0
1450	-1
1451	0
1452	-2
1453	0
1454	-1
1455	-1
1456	-1
1457	0
1458	-1
1459	0
1460	-1
1461	-1
1462	-1
1463	0
1464	-1
1465	0
1466	-1
1467	0
1468	0
1469	0
1470	0
1471	0
1472	0
1473	0
1474	-1
1475	0
1476	-2
1477	0
1478	0
1479	-1
1480	0
1481	0
1482	0
1483	0
1484	0
1485	0
1486	0
1487	0
1488	0
1489	0
1490	0
1491	0
1492	0
1493	0
1494	0
1495	0
1496	0
1497	0
1498	0
1499	0
1500	0
1501	0
1502	0
1503	0
1504	0
1505	0
1506	0
1507	0
1508	0
1509	0
1510	0
1511	0
1512	0
1513	0
1514	0
1515	0
1516	0
1517	0
1518	0
1519	1
1520	0
1521	1
1522	1
1523	1
1524	1
1525	1
1526	1
1527	1
1528	0
1529	2
1530	0
1531	1
1532	1
1533	1
1534	0
1535	2
1536	0
1537	1
1538	0
1539	0
1540	0
1541	0
1542	0
1543	0
1544	0
1545	0
1546	0
1547	0
1548	0
1549	0
1550	0
1551	0
1552	0
1553	0
1554	0
1555	0
1556	-1
1557	0
1558	0
1559	0
1560	0
1561	0
1562	0
1563	0
1564	0
1565	0
1566	0
1567	0
1568	0
1569	0
1570	0
1571	0
1572	0
1573	0
1574	0
1575	0
1576	0
1577	0
1578	0
1579	0
1580	-1
1581	0
1582	0
1583	0
1584	0
1585	0
1586	-1
1587	0
1588	-1
1589	0
1590	0
1591	0
1592	-1
1593	0
1594	0
1595	0
1596	0
1597	0
1598	-1
1599	0
1600	0
1601	0
1602	0
1603	0
1604	0
1605	0
1606	0
1607	0
1608	0
1609	0
1610	0
1611	0
1612	0
1613	0
1614	0
1615	0
1616	0
1617	0
1618	0
1619	0
1620	0
1621	0
1622	0
1623	0
1624	0
1625	0
1626	0
1627	0
1628	0
1629	0
1630	0
1631	0
1632	0
1633	0
1634	0
1635	0
1636	0
1637	0
1638	-1
1639	0
1640	0
1641	0
1642	0
1643	0
1644	-2
1645	0
1646	0
1647	0
1648	0
1649	0
1650	0
1651	0
1652	0
1653	0
1654	0
1655	0
1656	0
1657	0
1658	0
1659	0
1660	0
1661	0
1662	0
1663	0
1664	0
1665	0
1666	0
1667	0
1668	0
1669	0
1670	0
1671	0
1672	0
1673	1
1674	0
1675	1
1676	0
1677	1
1678	0
1679	2
1680	0
1681	2
1682	1
1683	2
1684	2
1685	3
1686	1
1687	4
1688	2
1689	3
1690	2
1691	4
1692	2
1693	3
1694	2
1695	3
1696	2
1697	4
1698	3
1699	4
1700	3
1701	4
1702	3
1703	4
1704	3
1705	4
1706	3
1707	3
1708	2
1709	3
1710	4
1711	4
1712	3
1713	3
1714	3
1715	3
1716	2
1717	2
1718	2
1719	2
1720	1
1721	2
1722	1
1723	2
1724	0
1725	2
1726	1
1727	0
1728	0
1729	1
1730	0
1731	1
1732	0
1733	1
1734	0
1735	0
1736	0
1737	0
1738	0
1739	0
1740	0
1741	0
1742	0
1743	0
1744	0
1745	0
1746	0
1747	0
1748	0
1749	0
1750	0
1751	0
1752	0
1753	0
1754	0
1755	0
1756	0
1757	0
1758	0
1759	0
1760	-1
1761	0
1762	-1
1763	0
1764	-1
1765	0
1766	-1
1767	-1
1768	-1
1769	-1
1770	-1
1771	-1
1772	-1
1773	0
1774	-1
1775	0
1776	0
1777	0
1778	0
1779	0
1780	-1
1781	0
1782	-1
1783	0
1784	0
1785	0
1786	-1
1787	0
1788	0
1789	0
1790	0
1791	0
1792	-1
1793	0
1794	0
1795	0
1796	0
1797	0
1798	-1
1799	0
1800	0
1801	0
1802	0
1803	-1
1804	0
1805	0
1806	-1
1807	0
1808	-1
1809	-1
1810	-1
1811	-1
1812	0
1813	0
1814	0
1815	0
1816	-1
1817	0
1818	-1
1819	-1
1820	-1
1821	0
1822	-1
1823	0
1824	-1
1825	-1
1826	-1
1827	-2
1828	0
1829	0
1830	0
1831	0
1832	-1
1833	0
1834	-1
1835	0
1836	-1
1837	0
1838	-1
1839	0
1840	0
1841	0
1842	0
1843	0
1844	-1
1845	-1
1846	-1
1847	-1
1848	-1
1849	-1
1850	-1
1851	-1
1852	-1
1853	-1
1854	0
1855	0
1856	0
1857	0
1858	-1
1859	-1
1860	-1
1861	-1
1862	0
1863	0
1864	-1
1865	0
1866	0
1867	0
1868	0
1869	0
1870	0
1871	0
1872	0
1873	0
1874	0
1875	0
1876	0
1877	0
1878	0
1879	0
1880	0
1881	0
1882	0
1883	0
1884	0
1885	0
1886	0
1887	0
1888	0
1889	0
1890	0
1891	0
1892	0
1893	0
1894	0
1895	1
1896	0
1897	1
1898	0
1899	1
1900	0
1901	0
1902	0
1903	0
1904	0
1905	0
1906	0
1907	0
1908	0
1909	0
1910	-1
1911	0
1912	0
1913	0
1914	0
1915	0
1916	0
1917	0
1918	0
1919	0
1920	-1
1921	0
1922	-1
1923	0
1924	-1
1925	0
1926	0
1927	-1
1928	0
1929	0
1930	0
1931	0
1932	-1
1933	0
1934	-1
1935	0
1936	-1
1937	0
1938	0
1939	0
1940	0
1941	0
1942	0
1943	-1
1944	0
1945	0
1946	-1
1947	-1
1948	-1
1949	-1
1950	-1
1951	-1
1952	-1
1953	0
1954	-1
1955	0
1956	-1
1957	0
1958	-1
1959	0
1960	0
1961	0
1962	0
1963	0
1964	0
1965	0
1966	-1
1967	0
1968	0
1969	0
1970	0
1971	0
1972	0
1973	0
1974	0
1975	0
1976	0
1977	0
1978	0
1979	0
1980	0
1981	0
1982	0
1983	0
1984	0
1985	0
1986	0
1987	0
1988	0
1989	0
1990	-1
1991	0
1992	0
1993	0
1994	0
1995	0
1996	0
1997	0
1998	0
1999	0
