0	0
1	0
2	0
3	0
4	0
5	0
6	0
7	0
8	0
9	0
10	0
11	0
12	0
13	0
14	0
15	0
16	0
17	0
18	0
19	0
20	0
21	1
22	0
23	0
24	0
25	0
26	0
27	0
28	0
29	1
30	0
31	0
32	-1
33	1
34	0
35	0
36	0
37	0
38	0
39	0
40	0
41	0
42	0
43	1
44	0
45	1
46	0
47	0
48	0
49	0
50	0
51	0
52	0
53	1
54	0
55	0
56	0
57	0
58	0
59	0
60	0
61	0
62	0
63	0
64	0
65	1
66	0
67	0
68	0
69	0
70	0
71	0
72	0
73	0
74	0
75	0
76	0
77	0
78	0
79	0
80	0
81	0
82	0
83	0
84	0
85	1
86	0
87	1
88	0
89	2
90	0
91	0
92	0
93	0
94	0
95	1
96	0
97	0
98	0
99	1
100	0
101	1
102	0
103	0
104	0
105	2
106	0
107	1
108	0
109	1
110	0
111	0
112	0
113	0
114	0
115	0
116	0
117	0
118	0
119	0
120	0
121	0
122	0
123	1
124	0
125	1
126	0
127	0
128	0
129	0
130	0
131	0
132	0
133	0
134	0
135	0
136	-1
137	0
138	0
139	0
140	-1
141	0
142	-1
143	0
144	0
145	0
146	0
147	1
148	0
149	0
150	0
151	1
152	-1
153	0
154	0
155	0
156	0
157	0
158	0
159	0
160	0
161	0
162	0
163	1
164	0
165	0
166	0
167	0
168	0
169	0
170	0
171	1
172	0
173	1
174	0
175	0
176	0
177	0
178	0
179	1
180	0
181	1
182	0
183	1
184	0
185	1
186	0
187	1
188	0
189	1
190	0
191	0
192	0
193	0
194	0
195	0
196	0
197	0
198	0
199	0
200	0
201	0
202	-1
203	0
204	0
205	0
206	0
207	1
208	0
209	0
210	0
211	0
212	0
213	1
214	0
215	1
216	0
217	0
218	-1
219	0
220	0
221	1
222	0
223	0
224	0
225	1
226	0
227	1
228	0
229	1
230	0
231	1
232	0
233	1
234	0
235	1
236	0
237	1
238	0
239	0
240	0
241	0
242	0
243	1
244	0
245	2
246	0
247	2
248	0
249	0
250	0
251	0
252	0
253	0
254	0
255	0
256	-1
257	1
258	0
259	0
260	0
261	0
262	0
263	0
264	0
265	0
266	0
267	0
268	-1
269	0
270	0
271	0
272	0
273	0
274	0
275	0
276	0
277	1
278	0
279	2
280	0
281	2
282	0
283	1
284	0
285	2
286	0
287	2
288	0
289	2
290	0
291	1
292	0
293	2
294	0
295	1
296	0
297	1
298	0
299	1
300	0
301	2
302	0
303	1
304	0
305	0
306	0
307	1
308	0
309	0
310	0
311	0
312	0
313	0
314	0
315	0
316	0
317	0
318	0
319	0
320	0
321	0
322	0
323	1
324	0
325	0
326	0
327	0
328	0
329	1
330	0
331	0
332	0
333	0
334	0
335	1
336	0
337	0
338	0
339	1
340	0
341	0
342	0
343	1
344	0
345	1
346	0
347	1
348	0
349	1
350	0
351	1
352	0
353	0
354	0
355	0
356	0
357	0
358	0
359	0
360	0
361	0
362	0
363	0
364	0
365	0
366	0
367	0
368	0
369	0
370	0
371	0
372	0
373	0
374	-1
375	0
376	0
377	0
378	0
379	0
380	0
381	0
382	0
383	0
384	0
385	0
386	0
387	0
388	0
389	0
390	0
391	0
392	0
393	0
394	0
395	1
396	0
397	0
398	0
399	0
400	0
401	1
402	0
403	1
404	0
405	0
406	0
407	1
408	0
409	1
410	0
411	0
412	0
413	0
414	0
415	0
416	0
417	0
418	0
419	1
420	0
421	0
422	0
423	0
424	0
425	0
426	0
427	0
428	0
429	0
430	0
431	1
432	0
433	2
434	0
435	1
436	0
437	1
438	0
439	1
440	0
441	1
442	0
443	2
444	1
445	3
446	3
447	6
448	5
449	10
450	10
451	13
452	12
453	17
454	16
455	22
456	21
457	25
458	26
459	30
460	30
461	34
462	35
463	40
464	40
465	44
466	44
467	48
468	50
469	53
470	53
471	57
472	55
473	60
474	58
475	64
476	62
477	65
478	63
479	69
480	67
481	71
482	69
483	71
484	69
485	74
486	71
487	74
488	72
489	75
490	70
491	75
492	71
493	73
494	71
495	74
496	73
497	74
498	74
499	78
500	62
501	71
502	67
503	68
504	66
505	67
506	63
507	62
508	60
509	60
510	56
511	60
512	54
513	56
514	50
515	52
516	47
517	49
518	45
519	47
520	43
521	45
522	39
523	41
524	35
525	37
526	32
527	32
528	30
529	31
530	27
531	28
532	23
533	25
534	20
535	23
536	18
537	19
538	14
539	16
540	12
541	14
542	11
543	12
544	10
545	11
546	5
547	6
548	3
549	5
550	1
551	3
552	0
553	2
554	-3
555	-1
556	-4
557	-2
558	-6
559	-5
560	-6
561	-5
562	-8
563	-4
564	-9
565	-6
566	-10
567	-9
568	-11
569	-9
570	-11
571	-8
572	-11
573	-9
574	-11
575	-10
576	-12
577	-10
578	-11
579	-11
580	-13
581	-11
582	-12
583	-11
584	-13
585	-11
586	-13
587	-11
588	-13
589	-12
590	-14
591	-13
592	-14
593	-11
594	-14
595	-11
596	-13
597	-13
598	-15
599	-12
600	-14
601	-11
602	-15
603	-12
604	-15
605	-13
606	-15
607	-12
608	-13
609	-12
610	-13
611	-11
612	-13
613	-11
614	-12
615	-10
616	-12
617	-11
618	-12
619	-10
620	-12
621	-8
622	-11
623	-8
624	-11
625	-6
626	-9
627	-6
628	-11
629	-5
630	-9
631	-4
632	-9
633	-4
634	-9
635	-5
636	-8
637	-4
638	-9
639	-3
640	-6
641	-6
642	-8
643	-5
644	-7
645	-4
646	-7
647	-4
648	-6
649	-2
650	-6
651	-3
652	-6
653	-3
654	-6
655	-3
656	-6
657	-2
658	-5
659	-1
660	-6
661	0
662	-4
663	-1
664	-4
665	-1
666	-3
667	-1
668	-2
669	0
670	-2
671	0
672	-4
673	0
674	-2
675	0
676	-2
677	0
678	-1
679	0
680	-1
681	-1
682	-1
683	0
684	-2
685	0
686	0
687	-1
688	-1
689	0
690	-2
691	0
692	-1
693	0
694	-2
695	0
696	-3
697	0
698	-2
699	0
700	-1
701	0
702	-2
703	0
704	0
705	0
706	-1
707	0
708	0
709	0
710	-1
711	0
712	0
713	0
714	0
715	0
716	0
717	0
718	0
719	0
720	-1
721	0
722	-1
723	0
724	-1
725	0
726	-1
727	0
728	-1
729	0
730	-2
731	0
732	-1
733	0
734	-1
735	0
736	-2
737	0
738	-2
739	0
740	-2
741	0
742	-2
743	0
744	-2
745	0
746	-4
747	0
748	-2
749	0
750	-2
751	0
752	-1
753	0
754	-2
755	0
756	-2
757	0
758	0
759	0
760	0
761	0
762	-1
763	0
764	0
765	0
766	-1
767	0
768	0
769	0
770	-1
771	0
772	-1
773	0
774	0
775	0
776	0
777	0
778	0
779	0
780	0
781	0
782	-1
783	0
784	-1
785	0
786	0
787	0
788	-1
789	0
790	0
791	0
792	0
793	0
794	0
795	0
796	0
797	0
798	0
799	0
800	0
801	0
802	0
803	0
804	0
805	0
806	0
807	0
808	0
809	0
810	0
811	0
812	0
813	0
814	0
815	0
816	0
817	1
818	0
819	0
820	-2
821	0
822	-1
823	0
824	0
825	0
826	-1
827	0
828	-1
829	0
830	0
831	0
832	0
833	0
834	-1
835	0
836	-1
837	0
838	-1
839	0
840	0
841	0
842	0
843	0
844	0
845	0
846	0
847	0
848	0
849	0
850	0
851	1
852	-1
853	0
854	0
855	0
856	-1
857	1
858	-1
859	0
860	0
861	1
862	-1
863	1
864	0
865	1
866	0
867	0
868	0
869	1
870	0
871	1
872	0
873	1
874	0
875	2
876	0
877	2
878	1
879	2
880	1
881	2
882	1
883	2
884	1
885	2
886	1
887	3
888	1
889	3
890	0
891	2
892	0
893	1
894	0
895	1
896	0
897	3
898	0
899	1
900	0
901	0
902	0
903	0
904	0
905	0
906	0
907	0
908	-1
909	0
910	0
911	1
912	0
913	0
914	0
915	0
916	0
917	0
918	0
919	0
920	0
921	0
922	0
923	0
924	0
925	0
926	0
927	1
928	0
929	0
930	0
931	1
932	0
933	1
934	0
935	1
936	0
937	1
938	0
939	1
940	0
941	0
942	0
943	0
944	0
945	1
946	0
947	0
948	-1
949	0
950	0
951	1
952	-1
953	0
954	0
955	0
956	0
957	0
958	-1
959	0
960	-1
961	-1
962	-2
963	0
964	-1
965	0
966	-1
967	0
968	-2
969	0
970	-1
971	0
972	-1
973	0
974	-1
975	0
976	-1
977	0
978	0
979	0
980	-1
981	0
982	-1
983	0
984	-1
985	0
986	-1
987	0
988	-1
989	0
990	-1
991	0
992	-1
993	0
994	-1
995	0
996	-1
997	0
998	-1
999	0
1000	-1
1001	0
1002	0
1003	0
1004	-1
1005	0
1006	-1
1007	0
1008	-1
1009	0
1010	0
1011	0
1012	0
1013	0
1014	0
1015	0
1016	-1
1017	0
1018	-1
1019	0
1020	-1
1021	0
1022	0
1023	0
1024	-1
1025	0
1026	0
1027	0
1028	-1
1029	1
1030	0
1031	0
1032	0
1033	0
1034	-1
1035	1
1036	-1
1037	0
1038	-1
1039	0
1040	0
1041	0
1042	0
1043	0
1044	0
1045	0
1046	0
1047	0
1048	-1
1049	0
1050	-2
1051	0
1052	-1
1053	0
1054	0
1055	0
1056	-1
1057	0
1058	-1
1059	0
1060	-1
1061	0
1062	-1
1063	0
1064	0
1065	0
1066	0
1067	0
1068	0
1069	0
1070	0
1071	0
1072	0
1073	0
1074	0
1075	0
1076	-1
1077	0
1078	0
1079	0
1080	0
1081	0
1082	0
1083	0
1084	-1
1085	0
1086	-2
1087	0
1088	-1
1089	0
1090	-2
1091	-1
1092	-2
1093	0
1094	-1
1095	0
1096	-1
1097	0
1098	-1
1099	0
1100	0
1101	0
1102	-1
1103	0
1104	0
1105	0
1106	0
1107	0
1108	0
1109	0
1110	0
1111	0
1112	0
1113	0
1114	0
1115	0
1116	0
1117	0
1118	0
1119	1
1120	0
1121	0
1122	0
1123	0
1124	0
1125	1
1126	0
1127	0
1128	0
1129	1
1130	0
1131	0
1132	0
1133	0
1134	0
1135	1
1136	0
1137	0
1138	0
1139	0
1140	0
1141	0
1142	0
1143	0
1144	0
1145	0
1146	-1
1147	0
1148	-1
1149	0
1150	0
1151	0
1152	0
1153	0
1154	-1
1155	0
1156	-1
1157	0
1158	-1
1159	0
1160	-1
1161	0
1162	0
1163	0
1164	0
1165	0
1166	-1
1167	0
1168	-1
1169	0
1170	-1
1171	0
1172	-1
1173	0
1174	0
1175	0
1176	-1
1177	0
1178	0
1179	0
1180	0
1181	0
1182	-1
1183	0
1184	-1
1185	0
1186	-1
1187	0
1188	-1
1189	0
1190	-2
1191	0
1192	-1
1193	0
1194	-1
1195	0
1196	-2
1197	0
1198	-1
1199	0
1200	-2
1201	-1
1202	0
1203	0
1204	0
1205	0
1206	0
1207	0
1208	0
1209	0
1210	-1
1211	0
1212	0
1213	0
1214	0
1215	1
1216	0
1217	1
1218	0
1219	0
1220	0
1221	0
1222	0
1223	0
1224	0
1225	0
1226	0
1227	0
1228	0
1229	0
1230	0
1231	0
1232	0
1233	0
1234	0
1235	0
1236	-1
1237	0
1238	0
1239	0
1240	0
1241	0
1242	0
1243	0
1244	0
1245	0
1246	0
1247	0
1248	0
1249	0
1250	-1
1251	0
1252	-1
1253	0
1254	-1
1255	0
1256	0
1257	0
1258	0
1259	0
1260	0
1261	0
1262	0
1263	0
1264	0
1265	0
1266	0
1267	0
1268	0
1269	1
1270	0
1271	0
1272	0
1273	0
1274	0
1275	0
1276	0
1277	0
1278	-1
1279	0
1280	-1
1281	0
1282	-1
1283	-1
1284	-1
1285	0
1286	-2
1287	-1
1288	-1
1289	0
1290	-2
1291	0
1292	0
1293	0
1294	-1
1295	0
1296	0
1297	0
1298	-1
1299	0
1300	0
1301	0
1302	0
1303	0
1304	0
1305	0
1306	0
1307	1
1308	0
1309	0
1310	0
1311	1
1312	0
1313	2
1314	0
1315	1
1316	0
1317	2
1318	0
1319	0
1320	0
1321	0
1322	0
1323	0
1324	0
1325	0
1326	0
1327	0
1328	0
1329	0
1330	0
1331	0
1332	0
1333	0
1334	0
1335	0
1336	0
1337	0
1338	0
1339	0
1340	0
1341	0
1342	-1
1343	0
1344	-1
1345	0
1346	-1
1347	0
1348	0
1349	0
1350	0
1351	0
1352	0
1353	0
1354	0
1355	0
1356	0
1357	0
1358	0
1359	0
1360	-1
1361	0
1362	0
1363	0
1364	0
1365	0
1366	-1
1367	0
1368	-1
1369	0
1370	-1
1371	0
1372	0
1373	0
1374	-1
1375	0
1376	-1
1377	0
1378	0
1379	0
1380	0
1381	0
1382	-1
1383	0
1384	-1
1385	0
1386	0
1387	0
1388	-1
1389	0
1390	-1
1391	0
1392	0
1393	0
1394	0
1395	0
1396	0
1397	0
1398	0
1399	0
1400	0
1401	0
1402	0
1403	0
1404	-2
1405	0
1406	0
1407	0
1408	-1
1409	0
1410	0
1411	1
1412	0
1413	0
1414	0
1415	0
1416	0
1417	0
1418	0
1419	0
1420	0
1421	0
1422	-1
1423	0
1424	0
1425	0
1426	0
1427	0
1428	0
1429	0
1430	0
1431	0
1432	0
1433	0
1434	0
1435	0
1436	0
1437	0
1438	0
1439	0
1440	0
1441	0
1442	0
1443	0
1444	0
1445	0
1446	0
1447	0
1448	0
1449	0
1450	0
1451	0
1452	0
1453	0
1454	-1
1455	0
1456	0
1457	0
1458	0
1459	0
1460	0
1461	0
1462	0
1463	0
1464	-1
1465	0
1466	0
1467	0
1468	-1
1469	0
1470	-1
1471	0
1472	0
1473	0
1474	0
1475	0
1476	0
1477	0
1478	0
1479	0
1480	0
1481	0
1482	0
1483	0
1484	0
1485	0
1486	0
1487	0
1488	0
1489	0
1490	0
1491	0
1492	-1
1493	0
1494	0
1495	0
1496	0
1497	0
1498	-1
1499	0
1500	0
1501	0
1502	0
1503	0
1504	-1
1505	0
1506	-1
1507	0
1508	0
1509	0
1510	0
1511	0
1512	0
1513	0
1514	0
1515	0
1516	0
1517	0
1518	0
1519	0
1520	0
1521	0
1522	0
1523	0
1524	0
1525	0
1526	0
1527	0
1528	0
1529	0
1530	0
1531	1
1532	0
1533	0
1534	0
1535	0
1536	0
1537	0
1538	0
1539	0
1540	0
1541	0
1542	0
1543	0
1544	0
1545	0
1546	0
1547	0
1548	0
1549	0
1550	0
1551	0
1552	0
1553	0
1554	0
1555	0
1556	0
1557	0
1558	0
1559	0
1560	0
1561	0
1562	0
1563	0
1564	0
1565	0
1566	0
1567	0
1568	0
1569	1
1570	0
1571	0
1572	0
1573	0
1574	0
1575	0
1576	0
1577	0
1578	0
1579	0
1580	0
1581	0
1582	0
1583	0
1584	0
1585	0
1586	0
1587	0
1588	0
1589	0
1590	0
1591	0
1592	0
1593	0
1594	0
1595	0
1596	0
1597	0
1598	0
1599	0
1600	-1
1601	0
1602	0
1603	0
1604	0
1605	0
1606	0
1607	0
1608	0
1609	0
1610	-1
1611	0
1612	0
1613	0
1614	0
1615	0
1616	-1
1617	0
1618	0
1619	0
1620	0
1621	0
1622	0
1623	0
1624	0
1625	0
1626	0
1627	0
1628	0
1629	0
1630	0
1631	0
1632	-1
1633	0
1634	0
1635	0
1636	0
1637	0
1638	0
1639	0
1640	0
1641	0
1642	0
1643	0
1644	0
1645	0
1646	0
1647	0
1648	0
1649	0
1650	0
1651	0
1652	0
1653	0
1654	0
1655	0
1656	0
1657	0
1658	0
1659	0
1660	0
1661	0
1662	0
1663	0
1664	0
1665	0
1666	0
1667	0
1668	0
1669	0
1670	0
1671	0
1672	0
1673	0
1674	-1
1675	0
1676	-1
1677	0
1678	0
1679	0
1680	-1
1681	0
1682	0
1683	0
1684	-1
1685	0
1686	-1
1687	1
1688	0
1689	0
1690	0
1691	0
1692	0
1693	0
1694	0
1695	0
1696	0
1697	0
1698	-1
1699	0
1700	0
1701	0
1702	0
1703	0
1704	0
1705	0
1706	-1
1707	0
1708	0
1709	0
1710	-1
1711	0
1712	-1
1713	0
1714	-1
1715	0
1716	-1
1717	0
1718	-1
1719	0
1720	-2
1721	0
1722	-1
1723	0
1724	-1
1725	0
1726	-1
1727	0
1728	0
1729	0
1730	0
1731	0
1732	-1
1733	0
1734	0
1735	0
1736	0
1737	0
1738	0
1739	0
1740	0
1741	0
1742	-1
1743	0
1744	0
1745	0
1746	0
1747	0
1748	0
1749	0
1750	0
1751	0
1752	0
1753	0
1754	0
1755	0
1756	0
1757	0
1758	0
1759	0
1760	0
1761	1
1762	0
1763	0
1764	0
1765	1
1766	-1
1767	0
1768	0
1769	0
1770	0
1771	1
1772	0
1773	1
1774	0
1775	1
1776	0
1777	1
1778	0
1779	1
1780	0
1781	1
1782	1
1783	1
1784	0
1785	1
1786	0
1787	1
1788	0
1789	0
1790	0
1791	0
1792	0
1793	0
1794	0
1795	0
1796	-1
1797	0
1798	0
1799	0
1800	0
1801	-1
1802	-1
1803	0
1804	-1
1805	-1
1806	-1
1807	0
1808	-1
1809	0
1810	-1
1811	-1
1812	-2
1813	0
1814	-1
1815	0
1816	-1
1817	0
1818	-2
1819	0
1820	0
1821	0
1822	0
1823	0
1824	0
1825	0
1826	0
1827	0
1828	-1
1829	0
1830	-1
1831	0
1832	-1
1833	0
1834	-1
1835	0
1836	0
1837	0
1838	0
1839	0
1840	0
1841	0
1842	-1
1843	0
1844	0
1845	1
1846	-1
1847	0
1848	-1
1849	0
1850	-1
1851	0
1852	-1
1853	1
1854	-2
1855	0
1856	0
1857	0
1858	0
1859	0
1860	0
1861	0
1862	-1
1863	0
1864	0
1865	0
1866	0
1867	0
1868	0
1869	1
1870	0
1871	1
1872	0
1873	0
1874	0
1875	1
1876	0
1877	2
1878	0
1879	2
1880	0
1881	1
1882	0
1883	1
1884	0
1885	1
1886	0
1887	1
1888	0
1889	1
1890	0
1891	1
1892	0
1893	1
1894	0
1895	1
1896	0
1897	0
1898	0
1899	0
1900	-1
1901	0
1902	0
1903	0
1904	-1
1905	0
1906	-1
1907	0
1908	-1
1909	0
1910	-1
1911	0
1912	0
1913	0
1914	0
1915	0
1916	0
1917	0
1918	0
1919	0
1920	-1
1921	0
1922	0
1923	0
1924	0
1925	0
1926	0
1927	0
1928	0
1929	0
1930	0
1931	0
1932	0
1933	0
1934	0
1935	0
1936	0
1937	0
1938	-1
1939	0
1940	-2
1941	0
1942	-3
1943	0
1944	-3
1945	0
1946	-1
1947	0
1948	-1
1949	0
1950	-1
1951	0
1952	-1
1953	0
1954	-1
1955	0
1956	-1
1957	0
1958	0
1959	0
1960	0
1961	0
1962	0
1963	0
1964	0
1965	0
1966	0
1967	1
1968	0
1969	1
1970	0
1971	0
1972	0
1973	0
1974	0
1975	1
1976	0
1977	0
1978	0
1979	1
1980	0
1981	1
1982	0
1983	1
1984	0
1985	0
1986	0
1987	0
1988	0
1989	0
1990	0
1991	0
1992	0
1993	0
1994	0
1995	0
1996	0
1997	0
1998	0
1999	0
