0	0
1	0
2	-1
3	0
4	-1
5	0
6	0
7	0
8	0
9	0
10	-1
11	0
12	0
13	0
14	0
15	0
16	0
17	0
18	0
19	0
20	0
21	0
22	0
23	0
24	0
25	0
26	0
27	1
28	0
29	1
30	0
31	1
32	0
33	1
34	0
35	0
36	0
37	0
38	0
39	0
40	0
41	1
42	0
43	1
44	0
45	1
46	0
47	1
48	0
49	0
50	0
51	0
52	0
53	1
54	0
55	1
56	0
57	1
58	0
59	0
60	0
61	0
62	0
63	1
64	0
65	1
66	0
67	0
68	0
69	0
70	0
71	1
72	0
73	0
74	0
75	0
76	0
77	0
78	0
79	1
80	0
81	0
82	0
83	0
84	0
85	0
86	0
87	0
88	0
89	0
90	0
91	0
92	0
93	0
94	0
95	0
96	0
97	0
98	0
99	0
100	0
101	0
102	0
103	0
104	0
105	0
106	0
107	0
108	0
109	1
110	0
111	0
112	0
113	0
114	0
115	0
116	0
117	0
118	0
119	0
120	0
121	0
122	0
123	0
124	0
125	1
126	0
127	0
128	0
129	0
130	0
131	0
132	0
133	1
134	0
135	1
136	0
137	2
138	0
139	1
140	0
141	2
142	0
143	1
144	0
145	0
146	0
147	1
148	0
149	0
150	0
151	1
152	0
153	1
154	0
155	2
156	0
157	1
158	1
159	1
160	0
161	0
162	0
163	1
164	0
165	1
166	0
167	0
168	0
169	1
170	0
171	0
172	0
173	0
174	0
175	0
176	0
177	0
178	0
179	0
180	0
181	0
182	0
183	0
184	0
185	0
186	0
187	0
188	0
189	0
190	0
191	1
192	0
193	1
194	0
195	0
196	0
197	0
198	0
199	0
200	0
201	0
202	0
203	0
204	0
205	0
206	0
207	0
208	0
209	0
210	0
211	1
212	0
213	1
214	0
215	0
216	0
217	0
218	0
219	0
220	-1
221	0
222	0
223	0
224	0
225	0
226	0
227	0
228	0
229	0
230	0
231	0
232	0
233	1
234	0
235	1
236	0
237	1
238	0
239	1
240	0
241	1
242	0
243	2
244	1
245	1
246	0
247	1
248	0
249	1
250	0
251	0
252	0
253	1
254	0
255	1
256	0
257	0
258	0
259	1
260	0
261	1
262	0
263	0
264	0
265	0
266	0
267	0
268	0
269	0
270	0
271	0
272	-1
273	0
274	0
275	0
276	-1
277	0
278	-1
279	0
280	-1
281	0
282	0
283	0
284	0
285	0
286	0
287	0
288	0
289	0
290	0
291	0
292	0
293	0
294	0
295	0
296	0
297	0
298	0
299	0
300	0
301	0
302	0
303	0
304	0
305	1
306	0
307	0
308	0
309	0
310	0
311	0
312	0
313	0
314	0
315	0
316	-1
317	1
318	0
319	0
320	0
321	1
322	0
323	1
324	0
325	0
326	0
327	1
328	0
329	0
330	0
331	1
332	0
333	1
334	0
335	0
336	0
337	1
338	0
339	1
340	0
341	0
342	0
343	1
344	0
345	0
346	0
347	1
348	0
349	1
350	0
351	0
352	0
353	0
354	0
355	0
356	0
357	1
358	0
359	1
360	0
361	0
362	0
363	0
364	0
365	0
366	0
367	0
368	0
369	0
370	0
371	2
372	0
373	0
374	0
375	2
376	0
377	1
378	0
379	1
380	0
381	1
382	0
383	1
384	0
385	2
386	0
387	2
388	0
389	2
390	0
391	0
392	0
393	0
394	0
395	0
396	0
397	0
398	0
399	0
400	-1
401	0
402	-1
403	0
404	0
405	0
406	0
407	0
408	-1
409	0
410	0
411	0
412	-1
413	0
414	0
415	1
416	0
417	1
418	0
419	1
420	0
421	2
422	0
423	1
424	0
425	1
426	0
427	1
428	0
429	0
430	0
431	1
432	0
433	0
434	0
435	1
436	0
437	1
438	0
439	1
440	1
441	4
442	4
443	6
444	5
445	10
446	9
447	13
448	13
449	17
450	17
451	23
452	23
453	27
454	29
455	35
456	36
457	39
458	41
459	45
460	47
461	52
462	53
463	57
464	58
465	62
466	64
467	66
468	69
469	71
470	71
471	76
472	76
473	78
474	78
475	80
476	79
477	82
478	79
479	83
480	80
481	85
482	82
483	83
484	81
485	82
486	80
487	84
488	81
489	81
490	80
491	81
492	78
493	78
494	75
495	76
496	74
497	76
498	75
499	78
500	62
501	71
502	67
503	67
504	65
505	65
506	60
507	62
508	58
509	59
510	56
511	56
512	52
513	53
514	48
515	50
516	46
517	47
518	44
519	43
520	39
521	40
522	37
523	37
524	34
525	34
526	31
527	30
528	27
529	28
530	24
531	24
532	20
533	22
534	18
535	19
536	14
537	16
538	11
539	14
540	9
541	11
542	7
543	9
544	6
545	7
546	3
547	4
548	1
549	3
550	-2
551	1
552	-3
553	-1
554	-4
555	-3
556	-5
557	-3
558	-7
559	-5
560	-8
561	-6
562	-9
563	-7
564	-10
565	-8
566	-11
567	-9
568	-12
569	-10
570	-12
571	-11
572	-12
573	-12
574	-12
575	-13
576	-13
577	-12
578	-14
579	-14
580	-15
581	-13
582	-15
583	-12
584	-14
585	-13
586	-15
587	-14
588	-16
589	-14
590	-16
591	-15
592	-16
593	-15
594	-17
595	-16
596	-16
597	-14
598	-16
599	-15
600	-16
601	-14
602	-16
603	-15
604	-15
605	-13
606	-15
607	-13
608	-15
609	-13
610	-13
611	-14
612	-14
613	-12
614	-14
615	-12
616	-13
617	-13
618	-14
619	-13
620	-14
621	-13
622	-14
623	-12
624	-13
625	-12
626	-13
627	-12
628	-13
629	-11
630	-13
631	-11
632	-12
633	-10
634	-12
635	-10
636	-12
637	-9
638	-12
639	-8
640	-11
641	-8
642	-10
643	-7
644	-11
645	-6
646	-10
647	-7
648	-9
649	-5
650	-10
651	-5
652	-10
653	-4
654	-9
655	-5
656	-9
657	-4
658	-9
659	-4
660	-9
661	-4
662	-7
663	-3
664	-7
665	-3
666	-8
667	-3
668	-7
669	-3
670	-8
671	-4
672	-6
673	-3
674	-6
675	-3
676	-6
677	-2
678	-5
679	-3
680	-5
681	-3
682	-5
683	-3
684	-4
685	-2
686	-4
687	-2
688	-4
689	-2
690	-6
691	-3
692	-6
693	-1
694	-4
695	-2
696	-4
697	-2
698	-4
699	-2
700	-4
701	-2
702	-4
703	-1
704	-2
705	-1
706	-3
707	-1
708	-1
709	-1
710	-3
711	-1
712	-3
713	-1
714	-2
715	-1
716	-1
717	-1
718	-2
719	-1
720	-3
721	-1
722	-2
723	0
724	-2
725	-1
726	-2
727	0
728	-1
729	-1
730	-2
731	-1
732	-2
733	0
734	-2
735	-1
736	-1
737	0
738	-1
739	0
740	-1
741	0
742	0
743	-1
744	-2
745	0
746	-1
747	0
748	-1
749	0
750	-1
751	0
752	-1
753	0
754	-2
755	-1
756	-2
757	0
758	-3
759	0
760	-1
761	0
762	-1
763	0
764	-2
765	0
766	-1
767	0
768	-1
769	0
770	-1
771	0
772	-1
773	0
774	-2
775	0
776	-1
777	0
778	-1
779	0
780	-1
781	0
782	0
783	0
784	0
785	0
786	0
787	-1
788	-1
789	0
790	-1
791	0
792	-1
793	0
794	-1
795	0
796	-1
797	-1
798	-2
799	-1
800	-1
801	0
802	-1
803	0
804	-1
805	0
806	-2
807	0
808	-1
809	0
810	0
811	0
812	0
813	0
814	-1
815	0
816	-1
817	0
818	-1
819	0
820	-1
821	0
822	0
823	0
824	0
825	0
826	-1
827	0
828	-1
829	0
830	-1
831	0
832	-1
833	0
834	0
835	0
836	0
837	0
838	0
839	0
840	0
841	0
842	0
843	0
844	0
845	0
846	0
847	0
848	0
849	0
850	0
851	0
852	0
853	0
854	0
855	0
856	-1
857	0
858	0
859	0
860	0
861	0
862	0
863	0
864	0
865	0
866	0
867	0
868	-1
869	0
870	0
871	0
872	0
873	0
874	0
875	0
876	-1
877	0
878	0
879	0
880	-1
881	0
882	-1
883	0
884	-1
885	0
886	0
887	0
888	-1
889	0
890	-1
891	0
892	0
893	0
894	0
895	0
896	0
897	0
898	0
899	0
900	0
901	0
902	-1
903	0
904	0
905	0
906	0
907	0
908	0
909	0
910	0
911	0
912	0
913	0
914	0
915	0
916	0
917	0
918	0
919	0
920	0
921	0
922	0
923	0
924	0
925	0
926	0
927	0
928	0
929	0
930	0
931	0
932	0
933	0
934	0
935	0
936	0
937	0
938	-1
939	0
940	0
941	0
942	0
943	-1
944	0
945	0
946	0
947	0
948	0
949	1
950	0
951	0
952	0
953	0
954	0
955	0
956	0
957	0
958	0
959	0
960	0
961	0
962	0
963	0
964	0
965	0
966	0
967	0
968	-1
969	0
970	-1
971	0
972	0
973	0
974	0
975	0
976	0
977	0
978	0
979	0
980	0
981	0
982	0
983	0
984	0
985	0
986	0
987	0
988	0
989	0
990	0
991	0
992	-1
993	1
994	-1
995	0
996	0
997	0
998	0
999	0
1000	0
1001	0
1002	-1
1003	0
1004	0
1005	0
1006	0
1007	0
1008	0
1009	0
1010	0
1011	0
1012	0
1013	0
1014	0
1015	0
1016	0
1017	0
1018	-1
1019	0
1020	0
1021	0
1022	0
1023	0
1024	0
1025	0
1026	0
1027	1
1028	0
1029	0
1030	0
1031	0
1032	0
1033	0
1034	0
1035	1
1036	0
1037	0
1038	0
1039	0
1040	0
1041	0
1042	0
1043	0
1044	0
1045	1
1046	0
1047	0
1048	-1
1049	0
1050	0
1051	0
1052	-1
1053	0
1054	0
1055	0
1056	-1
1057	0
1058	-1
1059	0
1060	0
1061	0
1062	-1
1063	0
1064	0
1065	0
1066	0
1067	0
1068	0
1069	0
1070	0
1071	0
1072	0
1073	0
1074	0
1075	0
1076	0
1077	0
1078	-1
1079	0
1080	0
1081	0
1082	0
1083	0
1084	0
1085	0
1086	0
1087	0
1088	0
1089	1
1090	0
1091	0
1092	0
1093	0
1094	0
1095	0
1096	0
1097	0
1098	0
1099	0
1100	0
1101	0
1102	0
1103	0
1104	-1
1105	0
1106	0
1107	0
1108	0
1109	0
1110	0
1111	0
1112	0
1113	0
1114	-1
1115	0
1116	0
1117	0
1118	-1
1119	0
1120	0
1121	0
1122	0
1123	0
1124	0
1125	0
1126	0
1127	0
1128	-1
1129	0
1130	0
1131	0
1132	0
1133	0
1134	0
1135	0
1136	0
1137	0
1138	0
1139	0
1140	0
1141	0
1142	-1
1143	0
1144	-1
1145	0
1146	0
1147	0
1148	0
1149	0
1150	0
1151	0
1152	0
1153	0
1154	-1
1155	0
1156	0
1157	0
1158	-1
1159	0
1160	0
1161	0
1162	-1
1163	0
1164	0
1165	0
1166	-1
1167	0
1168	0
1169	0
1170	0
1171	0
1172	0
1173	0
1174	0
1175	0
1176	0
1177	0
1178	0
1179	0
1180	0
1181	1
1182	0
1183	0
1184	0
1185	1
1186	0
1187	0
1188	0
1189	1
1190	0
1191	0
1192	0
1193	0
1194	0
1195	1
1196	0
1197	0
1198	0
1199	0
1200	0
1201	0
1202	-1
1203	0
1204	-2
1205	0
1206	-2
1207	-1
1208	-2
1209	-1
1210	-2
1211	-1
1212	-2
1213	-1
1214	-2
1215	-1
1216	-2
1217	-1
1218	-3
1219	-1
1220	-1
1221	0
1222	-1
1223	0
1224	0
1225	0
1226	0
1227	0
1228	0
1229	0
1230	0
1231	0
1232	-1
1233	0
1234	-1
1235	0
1236	0
1237	0
1238	0
1239	0
1240	0
1241	0
1242	-1
1243	0
1244	0
1245	0
1246	-1
1247	0
1248	0
1249	0
1250	-1
1251	0
1252	0
1253	0
1254	-1
1255	0
1256	-2
1257	0
1258	-1
1259	0
1260	-1
1261	0
1262	-1
1263	1
1264	-1
1265	0
1266	0
1267	0
1268	0
1269	0
1270	0
1271	0
1272	0
1273	0
1274	-1
1275	0
1276	0
1277	0
1278	0
1279	0
1280	0
1281	0
1282	0
1283	0
1284	-1
1285	1
1286	0
1287	0
1288	0
1289	0
1290	0
1291	0
1292	0
1293	0
1294	0
1295	0
1296	0
1297	0
1298	-1
1299	0
1300	0
1301	0
1302	0
1303	0
1304	0
1305	0
1306	0
1307	0
1308	0
1309	0
1310	-1
1311	0
1312	0
1313	0
1314	0
1315	0
1316	0
1317	0
1318	0
1319	0
1320	0
1321	0
1322	0
1323	0
1324	0
1325	0
1326	0
1327	0
1328	0
1329	0
1330	-1
1331	1
1332	-1
1333	0
1334	0
1335	0
1336	-1
1337	0
1338	-2
1339	-1
1340	-1
1341	0
1342	-1
1343	0
1344	-1
1345	0
1346	-1
1347	0
1348	-1
1349	0
1350	-1
1351	0
1352	-1
1353	0
1354	-1
1355	-1
1356	-2
1357	0
1358	-1
1359	-1
1360	-1
1361	0
1362	-2
1363	0
1364	0
1365	0
1366	0
1367	0
1368	0
1369	0
1370	0
1371	0
1372	0
1373	0
1374	0
1375	0
1376	0
1377	0
1378	0
1379	0
1380	0
1381	0
1382	0
1383	0
1384	0
1385	0
1386	0
1387	1
1388	0
1389	0
1390	0
1391	0
1392	0
1393	0
1394	0
1395	0
1396	0
1397	0
1398	0
1399	0
1400	0
1401	0
1402	-1
1403	0
1404	0
1405	0
1406	0
1407	0
1408	0
1409	0
1410	0
1411	0
1412	0
1413	0
1414	0
1415	0
1416	0
1417	0
1418	0
1419	0
1420	0
1421	0
1422	0
1423	0
1424	0
1425	0
1426	0
1427	0
1428	-1
1429	0
1430	0
1431	0
1432	0
1433	0
1434	0
1435	0
1436	0
1437	0
1438	0
1439	0
1440	-1
1441	0
1442	-2
1443	1
1444	0
1445	0
1446	0
1447	0
1448	0
1449	0
1450	0
1451	0
1452	0
1453	0
1454	0
1455	0
1456	0
1457	0
1458	0
1459	0
1460	0
1461	0
1462	0
1463	0
1464	0
1465	0
1466	0
1467	0
1468	0
1469	0
1470	0
1471	0
1472	0
1473	0
1474	0
1475	0
1476	-1
1477	0
1478	0
1479	0
1480	0
1481	0
1482	0
1483	0
1484	-1
1485	0
1486	0
1487	0
1488	0
1489	0
1490	0
1491	0
1492	0
1493	0
1494	0
1495	0
1496	0
1497	0
1498	0
1499	1
1500	0
1501	1
1502	0
1503	0
1504	0
1505	1
1506	0
1507	0
1508	0
1509	1
1510	0
1511	1
1512	0
1513	1
1514	0
1515	0
1516	0
1517	0
1518	0
1519	0
1520	0
1521	1
1522	0
1523	0
1524	-1
1525	0
1526	-1
1527	0
1528	-1
1529	0
1530	-1
1531	0
1532	-1
1533	0
1534	0
1535	0
1536	-1
1537	0
1538	-1
1539	0
1540	0
1541	0
1542	0
1543	0
1544	0
1545	0
1546	0
1547	0
1548	0
1549	0
1550	0
1551	0
1552	0
1553	0
1554	0
1555	0
1556	0
1557	0
1558	-1
1559	0
1560	0
1561	0
1562	0
1563	0
1564	0
1565	0
1566	0
1567	0
1568	0
1569	0
1570	-1
1571	0
1572	-1
1573	0
1574	0
1575	0
1576	0
1577	0
1578	0
1579	0
1580	0
1581	0
1582	-1
1583	0
1584	-1
1585	0
1586	0
1587	0
1588	0
1589	0
1590	0
1591	0
1592	0
1593	0
1594	0
1595	0
1596	0
1597	0
1598	0
1599	0
1600	0
1601	0
1602	0
1603	0
1604	0
1605	0
1606	0
1607	1
1608	0
1609	1
1610	0
1611	0
1612	0
1613	1
1614	0
1615	1
1616	0
1617	0
1618	0
1619	0
1620	0
1621	0
1622	0
1623	0
1624	0
1625	0
1626	0
1627	0
1628	0
1629	0
1630	0
1631	0
1632	0
1633	0
1634	0
1635	0
1636	0
1637	0
1638	0
1639	0
1640	0
1641	0
1642	-1
1643	0
1644	0
1645	0
1646	-1
1647	0
1648	0
1649	0
1650	0
1651	0
1652	0
1653	0
1654	0
1655	0
1656	0
1657	0
1658	0
1659	0
1660	0
1661	0
1662	0
1663	0
1664	0
1665	0
1666	-1
1667	0
1668	0
1669	0
1670	0
1671	0
1672	0
1673	0
1674	0
1675	0
1676	0
1677	0
1678	0
1679	0
1680	0
1681	0
1682	0
1683	0
1684	0
1685	0
1686	0
1687	0
1688	0
1689	0
1690	0
1691	0
1692	0
1693	0
1694	0
1695	0
1696	0
1697	0
1698	0
1699	0
1700	0
1701	0
1702	0
1703	0
1704	0
1705	0
1706	0
1707	0
1708	0
1709	0
1710	0
1711	0
1712	0
1713	1
1714	0
1715	0
1716	0
1717	0
1718	0
1719	0
1720	0
1721	0
1722	0
1723	0
1724	0
1725	0
1726	0
1727	0
1728	0
1729	0
1730	0
1731	0
1732	0
1733	0
1734	0
1735	0
1736	0
1737	0
1738	0
1739	0
1740	0
1741	0
1742	-1
1743	0
1744	-1
1745	0
1746	-1
1747	0
1748	-1
1749	0
1750	-1
1751	0
1752	0
1753	0
1754	-1
1755	0
1756	0
1757	0
1758	-1
1759	0
1760	-1
1761	0
1762	0
1763	0
1764	0
1765	0
1766	-1
1767	0
1768	0
1769	0
1770	0
1771	0
1772	0
1773	0
1774	0
1775	0
1776	0
1777	0
1778	0
1779	0
1780	0
1781	0
1782	0
1783	0
1784	0
1785	0
1786	-1
1787	0
1788	0
1789	0
1790	0
1791	0
1792	0
1793	0
1794	0
1795	0
1796	0
1797	0
1798	0
1799	0
1800	0
1801	0
1802	0
1803	0
1804	0
1805	0
1806	0
1807	0
1808	0
1809	0
1810	0
1811	0
1812	0
1813	0
1814	0
1815	0
1816	0
1817	0
1818	0
1819	0
1820	0
1821	0
1822	-1
1823	0
1824	0
1825	0
1826	0
1827	0
1828	0
1829	0
1830	0
1831	0
1832	0
1833	0
1834	-1
1835	0
1836	0
1837	0
1838	-1
1839	0
1840	0
1841	0
1842	-1
1843	0
1844	0
1845	0
1846	-1
1847	0
1848	0
1849	0
1850	0
1851	0
1852	-1
1853	0
1854	0
1855	0
1856	0
1857	0
1858	-1
1859	0
1860	0
1861	0
1862	0
1863	0
1864	0
1865	0
1866	0
1867	0
1868	0
1869	0
1870	0
1871	1
1872	0
1873	0
1874	0
1875	1
1876	0
1877	0
1878	0
1879	0
1880	0
1881	0
1882	0
1883	0
1884	0
1885	0
1886	0
1887	0
1888	0
1889	0
1890	-1
1891	0
1892	-1
1893	0
1894	0
1895	0
1896	0
1897	0
1898	0
1899	0
1900	0
1901	0
1902	-1
1903	0
1904	0
1905	0
1906	0
1907	0
1908	0
1909	0
1910	0
1911	0
1912	0
1913	0
1914	0
1915	0
1916	0
1917	0
1918	0
1919	0
1920	0
1921	1
1922	0
1923	0
1924	0
1925	0
1926	0
1927	0
1928	0
1929	0
1930	0
1931	0
1932	0
1933	0
1934	0
1935	0
1936	0
1937	0
1938	0
1939	0
1940	0
1941	0
1942	0
1943	0
1944	-1
1945	0
1946	0
1947	0
1948	0
1949	1
1950	0
1951	1
1952	-1
1953	1
1954	0
1955	0
1956	0
1957	0
1958	-1
1959	0
1960	-1
1961	0
1962	0
1963	0
1964	-1
1965	0
1966	0
1967	0
1968	0
1969	0
1970	0
1971	0
1972	-1
1973	0
1974	0
1975	0
1976	-1
1977	0
1978	-1
1979	0
1980	0
1981	0
1982	0
1983	0
1984	0
1985	0
1986	0
1987	0
1988	-1
1989	0
1990	0
1991	0
1992	0
1993	0
1994	0
1995	0
1996	-1
1997	0
1998	0
1999	0
