0	0
1	0
2	0
3	1
4	0
5	0
6	0
7	0
8	0
9	1
10	0
11	1
12	1
13	0
14	0
15	1
16	0
17	1
18	0
19	1
20	1
21	2
22	0
23	2
24	0
25	2
26	0
27	0
28	0
29	1
30	0
31	1
32	0
33	0
34	0
35	0
36	0
37	0
38	0
39	0
40	0
41	0
42	0
43	0
44	0
45	0
46	0
47	0
48	0
49	0
50	0
51	1
52	0
53	1
54	0
55	0
56	0
57	1
58	0
59	0
60	0
61	1
62	0
63	1
64	0
65	0
66	0
67	1
68	0
69	1
70	0
71	0
72	0
73	1
74	0
75	1
76	0
77	0
78	0
79	0
80	0
81	1
82	0
83	1
84	0
85	1
86	0
87	0
88	0
89	0
90	0
91	0
92	0
93	0
94	0
95	0
96	0
97	0
98	0
99	0
100	0
101	0
102	0
103	0
104	0
105	0
106	0
107	0
108	1
109	1
110	0
111	1
112	0
113	0
114	0
115	1
116	0
117	0
118	0
119	1
120	0
121	1
122	0
123	1
124	0
125	1
126	0
127	1
128	1
129	1
130	0
131	2
132	0
133	2
134	0
135	1
136	0
137	0
138	0
139	0
140	0
141	1
142	0
143	1
144	0
145	1
146	0
147	0
148	0
149	1
150	0
151	0
152	0
153	0
154	0
155	1
156	0
157	1
158	0
159	0
160	0
161	0
162	0
163	0
164	0
165	0
166	0
167	0
168	0
169	0
170	0
171	1
172	0
173	1
174	0
175	0
176	0
177	0
178	0
179	1
180	0
181	0
182	0
183	0
184	0
185	0
186	0
187	0
188	0
189	1
190	0
191	0
192	0
193	1
194	0
195	0
196	0
197	0
198	0
199	1
200	0
201	0
202	0
203	0
204	0
205	0
206	0
207	2
208	0
209	0
210	0
211	0
212	0
213	0
214	1
215	1
216	1
217	1
218	1
219	2
220	0
221	1
222	0
223	1
224	0
225	1
226	0
227	1
228	0
229	2
230	0
231	2
232	1
233	1
234	1
235	1
236	0
237	1
238	0
239	0
240	0
241	0
242	0
243	1
244	0
245	0
246	0
247	0
248	0
249	0
250	0
251	0
252	0
253	0
254	0
255	1
256	0
257	2
258	0
259	0
260	0
261	0
262	0
263	0
264	0
265	1
266	0
267	1
268	0
269	1
270	0
271	1
272	0
273	0
274	0
275	0
276	0
277	0
278	0
279	0
280	0
281	0
282	0
283	1
284	0
285	0
286	0
287	0
288	0
289	1
290	0
291	1
292	0
293	0
294	0
295	0
296	0
297	0
298	0
299	0
300	0
301	0
302	0
303	0
304	0
305	1
306	0
307	1
308	0
309	0
310	0
311	0
312	0
313	0
314	0
315	1
316	0
317	0
318	0
319	0
320	0
321	0
322	0
323	1
324	0
325	1
326	0
327	0
328	0
329	0
330	0
331	0
332	0
333	0
334	0
335	0
336	-1
337	0
338	-1
339	0
340	0
341	0
342	0
343	0
344	0
345	0
346	0
347	0
348	0
349	0
350	0
351	0
352	0
353	0
354	0
355	2
356	1
357	1
358	0
359	1
360	0
361	1
362	0
363	1
364	1
365	2
366	0
367	1
368	0
369	2
370	1
371	1
372	0
373	2
374	1
375	2
376	1
377	0
378	0
379	1
380	1
381	2
382	0
383	0
384	1
385	0
386	0
387	1
388	0
389	0
390	0
391	0
392	0
393	0
394	0
395	0
396	0
397	0
398	0
399	0
400	0
401	0
402	0
403	0
404	0
405	0
406	0
407	0
408	0
409	0
410	1
411	1
412	1
413	1
414	1
415	1
416	1
417	2
418	0
419	2
420	0
421	2
422	0
423	1
424	0
425	1
426	0
427	2
428	0
429	1
430	0
431	1
432	0
433	0
434	0
435	1
436	0
437	1
438	1
439	4
440	2
441	7
442	8
443	11
444	12
445	16
446	16
447	22
448	23
449	29
450	31
451	35
452	38
453	43
454	45
455	50
456	55
457	59
458	62
459	66
460	67
461	73
462	75
463	80
464	81
465	84
466	86
467	92
468	91
469	96
470	96
471	99
472	100
473	103
474	102
475	105
476	103
477	106
478	105
479	106
480	103
481	106
482	102
483	103
484	101
485	100
486	98
487	98
488	94
489	94
490	91
491	90
492	88
493	87
494	84
495	82
496	77
497	77
498	76
499	78
500	62
501	66
502	63
503	64
504	59
505	56
506	54
507	52
508	49
509	48
510	43
511	41
512	39
513	38
514	35
515	33
516	29
517	29
518	24
519	26
520	21
521	22
522	19
523	18
524	15
525	13
526	12
527	11
528	7
529	7
530	4
531	3
532	0
533	0
534	-1
535	-1
536	-3
537	-3
538	-5
539	-5
540	-7
541	-8
542	-8
543	-9
544	-11
545	-11
546	-12
547	-13
548	-15
549	-13
550	-16
551	-15
552	-18
553	-18
554	-18
555	-16
556	-19
557	-18
558	-20
559	-20
560	-21
561	-20
562	-22
563	-21
564	-23
565	-20
566	-22
567	-20
568	-22
569	-21
570	-23
571	-21
572	-23
573	-21
574	-22
575	-22
576	-22
577	-20
578	-22
579	-20
580	-22
581	-18
582	-19
583	-18
584	-18
585	-17
586	-17
587	-16
588	-16
589	-16
590	-18
591	-15
592	-17
593	-16
594	-16
595	-15
596	-16
597	-15
598	-16
599	-16
600	-16
601	-15
602	-15
603	-15
604	-16
605	-16
606	-16
607	-16
608	-16
609	-15
610	-17
611	-14
612	-16
613	-15
614	-16
615	-16
616	-15
617	-13
618	-15
619	-12
620	-15
621	-12
622	-13
623	-13
624	-14
625	-12
626	-12
627	-11
628	-11
629	-10
630	-10
631	-9
632	-10
633	-8
634	-10
635	-8
636	-10
637	-5
638	-9
639	-6
640	-7
641	-5
642	-7
643	-6
644	-5
645	-5
646	-6
647	-5
648	-5
649	-4
650	-5
651	-4
652	-4
653	-3
654	-5
655	-2
656	-5
657	-4
658	-4
659	-2
660	-4
661	-2
662	-4
663	-3
664	-4
665	-3
666	-4
667	-2
668	-3
669	-3
670	-2
671	-2
672	-2
673	-3
674	-2
675	-2
676	-2
677	-2
678	-2
679	-1
680	-3
681	-1
682	-2
683	-1
684	-1
685	0
686	-2
687	0
688	-2
689	0
690	-1
691	0
692	-1
693	0
694	-1
695	0
696	-2
697	0
698	-1
699	0
700	0
701	0
702	0
703	0
704	0
705	0
706	0
707	0
708	0
709	1
710	1
711	0
712	1
713	1
714	0
715	0
716	1
717	0
718	0
719	2
720	2
721	1
722	1
723	1
724	0
725	2
726	0
727	1
728	1
729	2
730	1
731	2
732	1
733	2
734	1
735	1
736	1
737	1
738	1
739	1
740	1
741	2
742	1
743	3
744	0
745	3
746	1
747	3
748	1
749	2
750	0
751	3
752	1
753	2
754	1
755	2
756	1
757	2
758	2
759	3
760	2
761	2
762	1
763	2
764	1
765	1
766	0
767	1
768	0
769	1
770	0
771	1
772	0
773	0
774	0
775	0
776	0
777	0
778	-1
779	0
780	0
781	0
782	-2
783	0
784	-2
785	-1
786	-2
787	-1
788	-1
789	-1
790	-2
791	-1
792	-1
793	0
794	-1
795	0
796	-1
797	0
798	-1
799	0
800	-1
801	0
802	0
803	0
804	0
805	0
806	0
807	0
808	-1
809	0
810	0
811	0
812	0
813	0
814	0
815	-1
816	-1
817	0
818	-1
819	-1
820	-1
821	0
822	-1
823	0
824	-1
825	0
826	0
827	-1
828	-1
829	0
830	-1
831	0
832	-1
833	0
834	-1
835	0
836	-1
837	0
838	0
839	0
840	-1
841	0
842	-1
843	0
844	-1
845	0
846	-1
847	0
848	-1
849	0
850	-1
851	0
852	-2
853	0
854	0
855	0
856	0
857	0
858	0
859	0
860	0
861	0
862	0
863	0
864	0
865	0
866	0
867	0
868	0
869	0
870	0
871	0
872	0
873	0
874	0
875	0
876	-1
877	0
878	0
879	-1
880	-1
881	0
882	-1
883	0
884	0
885	0
886	0
887	0
888	-1
889	0
890	-1
891	0
892	-1
893	0
894	-1
895	0
896	-1
897	0
898	-1
899	0
900	-1
901	0
902	0
903	-1
904	0
905	-1
906	0
907	0
908	-1
909	0
910	0
911	0
912	-1
913	0
914	0
915	0
916	0
917	0
918	0
919	0
920	0
921	0
922	0
923	0
924	0
925	0
926	0
927	0
928	0
929	0
930	-1
931	0
932	0
933	0
934	0
935	0
936	0
937	0
938	0
939	0
940	0
941	0
942	1
943	0
944	0
945	0
946	0
947	0
948	0
949	0
950	0
951	0
952	0
953	0
954	0
955	0
956	0
957	0
958	0
959	0
960	0
961	0
962	-1
963	-1
964	-1
965	0
966	-1
967	0
968	-1
969	0
970	-1
971	0
972	-1
973	0
974	-1
975	0
976	-2
977	0
978	0
979	0
980	-1
981	0
982	0
983	0
984	0
985	0
986	0
987	0
988	0
989	0
990	-1
991	0
992	0
993	0
994	0
995	0
996	0
997	0
998	0
999	0
1000	0
1001	0
1002	-1
1003	0
1004	-1
1005	0
1006	-1
1007	0
1008	0
1009	0
1010	0
1011	0
1012	0
1013	0
1014	0
1015	0
1016	-1
1017	0
1018	0
1019	0
1020	0
1021	0
1022	0
1023	0
1024	0
1025	0
1026	0
1027	0
1028	0
1029	0
1030	0
1031	0
1032	0
1033	0
1034	0
1035	0
1036	0
1037	0
1038	0
1039	0
1040	0
1041	0
1042	0
1043	0
1044	0
1045	0
1046	0
1047	-1
1048	0
1049	0
1050	-1
1051	0
1052	0
1053	0
1054	0
1055	0
1056	0
1057	0
1058	0
1059	0
1060	-1
1061	0
1062	0
1063	0
1064	0
1065	-1
1066	0
1067	0
1068	0
1069	0
1070	-2
1071	0
1072	0
1073	0
1074	0
1075	0
1076	0
1077	0
1078	0
1079	0
1080	-1
1081	0
1082	-1
1083	0
1084	0
1085	0
1086	-1
1087	-1
1088	-2
1089	-1
1090	-1
1091	0
1092	-3
1093	-1
1094	-2
1095	-1
1096	-1
1097	0
1098	-2
1099	0
1100	0
1101	0
1102	-1
1103	0
1104	0
1105	0
1106	0
1107	0
1108	0
1109	0
1110	0
1111	0
1112	0
1113	0
1114	0
1115	0
1116	0
1117	0
1118	0
1119	0
1120	0
1121	0
1122	0
1123	0
1124	0
1125	0
1126	0
1127	0
1128	0
1129	0
1130	0
1131	0
1132	0
1133	1
1134	0
1135	0
1136	-1
1137	0
1138	-1
1139	0
1140	0
1141	0
1142	0
1143	0
1144	0
1145	0
1146	0
1147	0
1148	0
1149	0
1150	0
1151	0
1152	0
1153	0
1154	0
1155	0
1156	0
1157	0
1158	0
1159	1
1160	0
1161	0
1162	0
1163	1
1164	1
1165	1
1166	1
1167	2
1168	2
1169	1
1170	1
1171	2
1172	2
1173	1
1174	1
1175	3
1176	2
1177	2
1178	2
1179	2
1180	2
1181	2
1182	1
1183	2
1184	1
1185	2
1186	1
1187	1
1188	1
1189	1
1190	0
1191	2
1192	1
1193	1
1194	1
1195	1
1196	0
1197	1
1198	1
1199	2
1200	0
1201	1
1202	0
1203	2
1204	0
1205	1
1206	0
1207	0
1208	1
1209	0
1210	1
1211	0
1212	0
1213	0
1214	0
1215	0
1216	0
1217	0
1218	0
1219	0
1220	0
1221	0
1222	0
1223	0
1224	0
1225	0
1226	0
1227	0
1228	-1
1229	0
1230	0
1231	0
1232	0
1233	0
1234	0
1235	0
1236	0
1237	0
1238	-1
1239	0
1240	0
1241	0
1242	0
1243	0
1244	0
1245	-1
1246	0
1247	0
1248	0
1249	0
1250	-1
1251	0
1252	0
1253	0
1254	-1
1255	0
1256	-1
1257	0
1258	-1
1259	0
1260	0
1261	0
1262	0
1263	0
1264	0
1265	0
1266	0
1267	0
1268	0
1269	0
1270	0
1271	0
1272	0
1273	0
1274	-1
1275	0
1276	-1
1277	0
1278	-1
1279	0
1280	-1
1281	0
1282	-1
1283	0
1284	-1
1285	0
1286	-2
1287	0
1288	-2
1289	0
1290	-1
1291	0
1292	-1
1293	0
1294	-1
1295	0
1296	-1
1297	-1
1298	-1
1299	0
1300	-1
1301	0
1302	-1
1303	0
1304	-1
1305	0
1306	0
1307	-1
1308	-1
1309	0
1310	-1
1311	0
1312	0
1313	0
1314	-1
1315	0
1316	0
1317	0
1318	0
1319	0
1320	0
1321	0
1322	-1
1323	0
1324	0
1325	0
1326	-1
1327	0
1328	0
1329	0
1330	0
1331	0
1332	-1
1333	0
1334	0
1335	0
1336	-1
1337	0
1338	0
1339	0
1340	-1
1341	0
1342	-1
1343	0
1344	0
1345	0
1346	0
1347	0
1348	-1
1349	0
1350	0
1351	0
1352	0
1353	0
1354	-1
1355	0
1356	-1
1357	0
1358	-1
1359	0
1360	-2
1361	0
1362	-1
1363	0
1364	-1
1365	0
1366	-1
1367	0
1368	-1
1369	0
1370	-1
1371	0
1372	-1
1373	0
1374	0
1375	0
1376	0
1377	-1
1378	0
1379	0
1380	0
1381	0
1382	0
1383	0
1384	0
1385	0
1386	0
1387	0
1388	-1
1389	0
1390	-1
1391	0
1392	-2
1393	0
1394	-1
1395	0
1396	0
1397	0
1398	0
1399	0
1400	0
1401	0
1402	0
1403	0
1404	-2
1405	0
1406	-1
1407	0
1408	0
1409	-1
1410	0
1411	0
1412	-1
1413	0
1414	0
1415	0
1416	0
1417	0
1418	0
1419	0
1420	0
1421	0
1422	0
1423	0
1424	0
1425	0
1426	0
1427	0
1428	0
1429	0
1430	0
1431	0
1432	0
1433	0
1434	0
1435	1
1436	-1
1437	0
1438	0
1439	0
1440	0
1441	0
1442	0
1443	1
1444	0
1445	1
1446	0
1447	0
1448	-1
1449	0
1450	-1
1451	0
1452	0
1453	0
1454	-1
1455	0
1456	0
1457	0
1458	-1
1459	0
1460	-1
1461	0
1462	-1
1463	0
1464	-1
1465	0
1466	0
1467	0
1468	0
1469	0
1470	0
1471	0
1472	0
1473	1
1474	0
1475	0
1476	0
1477	0
1478	0
1479	0
1480	0
1481	0
1482	0
1483	0
1484	0
1485	0
1486	-1
1487	0
1488	0
1489	0
1490	-1
1491	0
1492	-1
1493	0
1494	-1
1495	0
1496	0
1497	-1
1498	-1
1499	0
1500	-1
1501	0
1502	0
1503	0
1504	-1
1505	0
1506	0
1507	1
1508	-1
1509	0
1510	0
1511	0
1512	-1
1513	0
1514	0
1515	0
1516	0
1517	1
1518	0
1519	0
1520	-1
1521	0
1522	0
1523	0
1524	0
1525	0
1526	0
1527	0
1528	-1
1529	0
1530	-1
1531	0
1532	0
1533	0
1534	-1
1535	0
1536	0
1537	0
1538	0
1539	0
1540	0
1541	0
1542	0
1543	1
1544	0
1545	0
1546	0
1547	1
1548	0
1549	0
1550	0
1551	0
1552	0
1553	0
1554	0
1555	0
1556	0
1557	0
1558	0
1559	0
1560	0
1561	0
1562	-1
1563	0
1564	-1
1565	0
1566	-2
1567	0
1568	-1
1569	0
1570	0
1571	0
1572	-1
1573	0
1574	0
1575	0
1576	0
1577	0
1578	-1
1579	0
1580	-1
1581	0
1582	0
1583	0
1584	0
1585	0
1586	0
1587	0
1588	0
1589	0
1590	0
1591	0
1592	0
1593	0
1594	0
1595	0
1596	0
1597	0
1598	0
1599	0
1600	-1
1601	0
1602	-1
1603	0
1604	0
1605	0
1606	0
1607	0
1608	0
1609	0
1610	0
1611	0
1612	0
1613	0
1614	0
1615	0
1616	0
1617	0
1618	0
1619	0
1620	0
1621	0
1622	0
1623	0
1624	0
1625	0
1626	-1
1627	0
1628	0
1629	1
1630	0
1631	2
1632	0
1633	1
1634	0
1635	0
1636	0
1637	0
1638	0
1639	0
1640	0
1641	0
1642	0
1643	0
1644	0
1645	0
1646	-1
1647	0
1648	0
1649	0
1650	0
1651	0
1652	-1
1653	0
1654	-1
1655	0
1656	-1
1657	0
1658	-1
1659	0
1660	-2
1661	0
1662	-1
1663	0
1664	0
1665	0
1666	0
1667	0
1668	0
1669	0
1670	0
1671	0
1672	0
1673	0
1674	-1
1675	0
1676	0
1677	1
1678	0
1679	0
1680	0
1681	0
1682	0
1683	0
1684	0
1685	1
1686	0
1687	1
1688	0
1689	0
1690	0
1691	0
1692	0
1693	0
1694	0
1695	0
1696	0
1697	0
1698	0
1699	0
1700	0
1701	0
1702	0
1703	0
1704	0
1705	0
1706	-1
1707	0
1708	0
1709	0
1710	0
1711	0
1712	0
1713	0
1714	-1
1715	0
1716	0
1717	0
1718	0
1719	0
1720	0
1721	0
1722	0
1723	0
1724	0
1725	0
1726	0
1727	0
1728	-1
1729	0
1730	0
1731	0
1732	0
1733	1
1734	0
1735	0
1736	-1
1737	0
1738	-1
1739	0
1740	-1
1741	0
1742	0
1743	0
1744	-1
1745	0
1746	-1
1747	0
1748	0
1749	0
1750	0
1751	0
1752	0
1753	0
1754	0
1755	0
1756	0
1757	0
1758	0
1759	0
1760	0
1761	0
1762	0
1763	0
1764	0
1765	0
1766	0
1767	1
1768	0
1769	1
1770	0
1771	1
1772	0
1773	0
1774	0
1775	0
1776	0
1777	1
1778	0
1779	0
1780	0
1781	0
1782	0
1783	0
1784	-1
1785	0
1786	0
1787	0
1788	0
1789	0
1790	0
1791	0
1792	0
1793	0
1794	0
1795	0
1796	0
1797	-1
1798	0
1799	0
1800	0
1801	0
1802	0
1803	0
1804	-1
1805	0
1806	-1
1807	0
1808	0
1809	0
1810	0
1811	0
1812	0
1813	0
1814	0
1815	0
1816	0
1817	0
1818	-1
1819	0
1820	0
1821	0
1822	0
1823	0
1824	0
1825	0
1826	0
1827	0
1828	0
1829	0
1830	0
1831	0
1832	0
1833	0
1834	0
1835	0
1836	0
1837	0
1838	0
1839	0
1840	0
1841	0
1842	0
1843	-1
1844	0
1845	0
1846	0
1847	0
1848	0
1849	0
1850	0
1851	0
1852	0
1853	0
1854	0
1855	0
1856	0
1857	0
1858	0
1859	0
1860	0
1861	0
1862	0
1863	0
1864	0
1865	0
1866	0
1867	0
1868	0
1869	0
1870	0
1871	0
1872	0
1873	0
1874	0
1875	0
1876	0
1877	0
1878	0
1879	0
1880	0
1881	0
1882	0
1883	0
1884	0
1885	0
1886	0
1887	0
1888	0
1889	0
1890	0
1891	0
1892	0
1893	0
1894	0
1895	0
1896	0
1897	0
1898	0
1899	0
1900	0
1901	0
1902	0
1903	0
1904	0
1905	1
1906	0
1907	0
1908	0
1909	0
1910	0
1911	1
1912	1
1913	0
1914	1
1915	0
1916	0
1917	0
1918	0
1919	0
1920	0
1921	0
1922	0
1923	1
1924	0
1925	1
1926	0
1927	0
1928	0
1929	1
1930	0
1931	0
1932	-1
1933	0
1934	0
1935	0
1936	-1
1937	0
1938	0
1939	0
1940	0
1941	0
1942	0
1943	0
1944	0
1945	0
1946	0
1947	0
1948	0
1949	0
1950	0
1951	0
1952	0
1953	0
1954	0
1955	0
1956	0
1957	1
1958	0
1959	0
1960	0
1961	0
1962	0
1963	0
1964	0
1965	0
1966	0
1967	1
1968	0
1969	0
1970	0
1971	0
1972	0
1973	0
1974	0
1975	0
1976	-1
1977	0
1978	0
1979	0
1980	0
1981	0
1982	0
1983	0
1984	-1
1985	0
1986	0
1987	0
1988	0
1989	0
1990	0
1991	0
1992	-1
1993	0
1994	0
1995	-1
1996	-1
1997	-1
1998	-1
1999	0
