0	-1
1	-1
2	0
3	0
4	0
5	0
6	0
7	0
8	0
9	0
10	0
11	0
12	0
13	0
14	0
15	1
16	0
17	0
18	0
19	1
20	1
21	1
22	0
23	0
24	0
25	0
26	0
27	0
28	0
29	1
30	-1
31	0
32	-1
33	0
34	0
35	0
36	0
37	0
38	-1
39	0
40	0
41	0
42	-1
43	0
44	0
45	0
46	0
47	0
48	-1
49	0
50	0
51	0
52	0
53	0
54	0
55	0
56	0
57	0
58	0
59	0
60	0
61	0
62	1
63	1
64	0
65	0
66	1
67	0
68	0
69	0
70	1
71	1
72	1
73	1
74	1
75	1
76	0
77	0
78	0
79	1
80	0
81	1
82	0
83	0
84	0
85	1
86	0
87	1
88	0
89	2
90	0
91	0
92	0
93	1
94	0
95	0
96	0
97	0
98	0
99	0
100	0
101	0
102	0
103	0
104	-1
105	0
106	-1
107	0
108	-1
109	0
110	-1
111	-1
112	-1
113	0
114	-2
115	0
116	-1
117	0
118	-1
119	-1
120	-1
121	-1
122	0
123	0
124	0
125	-1
126	0
127	-1
128	0
129	0
130	0
131	0
132	0
133	0
134	0
135	0
136	0
137	0
138	0
139	0
140	0
141	0
142	0
143	0
144	0
145	0
146	-1
147	0
148	0
149	-1
150	0
151	0
152	0
153	0
154	0
155	0
156	0
157	0
158	0
159	0
160	0
161	0
162	0
163	1
164	0
165	0
166	0
167	0
168	0
169	0
170	0
171	0
172	0
173	0
174	0
175	0
176	0
177	1
178	0
179	0
180	0
181	1
182	0
183	1
184	0
185	0
186	0
187	1
188	0
189	0
190	0
191	0
192	0
193	1
194	0
195	0
196	0
197	0
198	0
199	0
200	0
201	0
202	0
203	0
204	0
205	0
206	0
207	0
208	0
209	0
210	0
211	0
212	0
213	0
214	0
215	0
216	0
217	0
218	0
219	0
220	0
221	0
222	0
223	0
224	0
225	0
226	-1
227	-1
228	-1
229	0
230	0
231	0
232	0
233	0
234	0
235	0
236	0
237	0
238	-1
239	0
240	0
241	0
242	-1
243	0
244	-1
245	0
246	0
247	0
248	-1
249	-1
250	-1
251	-1
252	-1
253	-1
254	-1
255	0
256	-1
257	0
258	0
259	0
260	0
261	0
262	0
263	0
264	0
265	0
266	0
267	0
268	0
269	1
270	0
271	0
272	0
273	0
274	1
275	1
276	0
277	1
278	0
279	1
280	0
281	1
282	0
283	1
284	1
285	1
286	0
287	1
288	0
289	1
290	1
291	0
292	0
293	0
294	0
295	0
296	0
297	0
298	0
299	2
300	0
301	2
302	0
303	0
304	0
305	0
306	0
307	1
308	0
309	1
310	0
311	0
312	0
313	1
314	0
315	0
316	0
317	0
318	0
319	0
320	0
321	0
322	0
323	0
324	0
325	0
326	0
327	1
328	0
329	0
330	0
331	0
332	0
333	0
334	0
335	0
336	0
337	0
338	-1
339	0
340	0
341	0
342	0
343	0
344	0
345	0
346	-1
347	0
348	0
349	0
350	-1
351	0
352	-1
353	0
354	-1
355	0
356	0
357	0
358	0
359	0
360	0
361	0
362	0
363	0
364	0
365	0
366	-1
367	0
368	0
369	0
370	0
371	0
372	0
373	0
374	0
375	0
376	0
377	0
378	0
379	0
380	0
381	0
382	0
383	0
384	0
385	0
386	0
387	0
388	0
389	1
390	0
391	0
392	0
393	0
394	0
395	0
396	0
397	0
398	0
399	0
400	0
401	1
402	0
403	0
404	0
405	0
406	0
407	1
408	0
409	0
410	0
411	1
412	0
413	0
414	0
415	0
416	0
417	1
418	0
419	0
420	0
421	0
422	0
423	1
424	0
425	0
426	0
427	0
428	0
429	0
430	0
431	0
432	0
433	0
434	0
435	1
436	0
437	2
438	0
439	3
440	2
441	4
442	7
443	9
444	10
445	16
446	16
447	20
448	24
449	28
450	31
451	37
452	40
453	45
454	50
455	56
456	60
457	62
458	67
459	72
460	76
461	81
462	83
463	89
464	92
465	96
466	99
467	103
468	105
469	109
470	109
471	115
472	116
473	118
474	119
475	119
476	121
477	121
478	122
479	123
480	122
481	121
482	119
483	119
484	117
485	117
486	114
487	112
488	109
489	105
490	103
491	100
492	96
493	93
494	90
495	87
496	82
497	78
498	77
499	78
500	62
501	66
502	61
503	60
504	54
505	51
506	46
507	44
508	40
509	36
510	32
511	32
512	27
513	25
514	21
515	20
516	15
517	14
518	11
519	11
520	6
521	4
522	1
523	0
524	-1
525	-2
526	-6
527	-6
528	-8
529	-9
530	-11
531	-11
532	-12
533	-13
534	-15
535	-15
536	-17
537	-17
538	-21
539	-19
540	-22
541	-21
542	-24
543	-24
544	-25
545	-25
546	-26
547	-26
548	-28
549	-26
550	-27
551	-27
552	-27
553	-28
554	-27
555	-28
556	-29
557	-28
558	-28
559	-29
560	-28
561	-29
562	-27
563	-28
564	-27
565	-27
566	-28
567	-27
568	-29
569	-27
570	-27
571	-27
572	-27
573	-26
574	-26
575	-25
576	-25
577	-22
578	-24
579	-22
580	-22
581	-21
582	-20
583	-19
584	-19
585	-18
586	-17
587	-18
588	-16
589	-16
590	-15
591	-15
592	-14
593	-14
594	-14
595	-14
596	-13
597	-14
598	-13
599	-13
600	-13
601	-13
602	-12
603	-12
604	-12
605	-11
606	-12
607	-10
608	-12
609	-11
610	-12
611	-10
612	-12
613	-9
614	-12
615	-8
616	-10
617	-7
618	-10
619	-8
620	-9
621	-8
622	-9
623	-6
624	-6
625	-7
626	-7
627	-4
628	-6
629	-3
630	-4
631	-2
632	-4
633	-5
634	-4
635	-3
636	-4
637	-2
638	-4
639	-2
640	-4
641	-2
642	-4
643	-2
644	-4
645	-3
646	-4
647	-1
648	-2
649	-1
650	-2
651	0
652	-1
653	-2
654	-1
655	-2
656	-1
657	-2
658	-1
659	-1
660	-1
661	-1
662	-2
663	-1
664	-2
665	-1
666	-1
667	-1
668	-2
669	-1
670	-1
671	-1
672	-2
673	-1
674	-1
675	0
676	0
677	-1
678	0
679	0
680	-1
681	0
682	-1
683	0
684	0
685	0
686	-2
687	0
688	0
689	0
690	0
691	-1
692	-1
693	0
694	-1
695	0
696	-1
697	0
698	-1
699	0
700	-2
701	-1
702	-1
703	-1
704	-1
705	0
706	0
707	0
708	-1
709	-1
710	-1
711	0
712	-1
713	0
714	-1
715	-1
716	-1
717	0
718	-1
719	0
720	0
721	-1
722	0
723	0
724	-1
725	0
726	-1
727	0
728	0
729	0
730	0
731	0
732	0
733	0
734	-1
735	0
736	-1
737	0
738	-1
739	-1
740	-1
741	0
742	0
743	0
744	-1
745	0
746	0
747	0
748	0
749	0
750	0
751	0
752	0
753	0
754	0
755	0
756	0
757	0
758	-1
759	0
760	0
761	0
762	0
763	0
764	0
765	0
766	-1
767	0
768	0
769	0
770	0
771	0
772	-1
773	0
774	-1
775	0
776	-1
777	0
778	-1
779	-1
780	-1
781	-1
782	-1
783	-1
784	-2
785	-1
786	-1
787	-2
788	-3
789	-1
790	-3
791	-1
792	-2
793	-1
794	-1
795	-2
796	-1
797	-1
798	-1
799	-1
800	-1
801	0
802	-2
803	0
804	-1
805	0
806	-1
807	0
808	-1
809	0
810	-1
811	0
812	-1
813	0
814	0
815	0
816	0
817	0
818	0
819	0
820	-1
821	0
822	0
823	0
824	0
825	0
826	-1
827	0
828	0
829	0
830	0
831	0
832	0
833	0
834	0
835	0
836	-1
837	0
838	-2
839	-1
840	-1
841	0
842	-1
843	-1
844	-2
845	0
846	-2
847	0
848	-2
849	-1
850	-1
851	-1
852	-2
853	0
854	-1
855	0
856	0
857	0
858	0
859	0
860	0
861	0
862	0
863	0
864	-1
865	0
866	-1
867	0
868	0
869	0
870	-1
871	0
872	-2
873	0
874	-1
875	0
876	-1
877	0
878	-1
879	0
880	0
881	-1
882	0
883	0
884	0
885	0
886	0
887	-1
888	-1
889	0
890	-2
891	0
892	-1
893	-2
894	-2
895	-1
896	-2
897	0
898	-1
899	-1
900	-1
901	-2
902	-2
903	0
904	0
905	0
906	0
907	0
908	0
909	-1
910	0
911	0
912	0
913	0
914	0
915	0
916	0
917	0
918	0
919	0
920	0
921	-1
922	-1
923	-1
924	-1
925	0
926	-1
927	0
928	-2
929	0
930	-2
931	0
932	0
933	0
934	-2
935	-1
936	-1
937	-1
938	-2
939	0
940	0
941	0
942	-1
943	0
944	-1
945	0
946	-2
947	-1
948	-2
949	-1
950	-2
951	0
952	0
953	0
954	-2
955	0
956	-1
957	0
958	-2
959	0
960	-1
961	0
962	-2
963	-1
964	-2
965	-1
966	-2
967	-1
968	-1
969	0
970	-1
971	-1
972	0
973	0
974	-1
975	0
976	-1
977	0
978	0
979	0
980	0
981	0
982	-1
983	0
984	0
985	0
986	-1
987	0
988	0
989	0
990	0
991	0
992	0
993	0
994	-1
995	0
996	-2
997	0
998	-2
999	0
1000	-1
1001	-1
1002	0
1003	-1
1004	-1
1005	-1
1006	-2
1007	-2
1008	-2
1009	-1
1010	-2
1011	-1
1012	-2
1013	-2
1014	-2
1015	-1
1016	-2
1017	-1
1018	-3
1019	-1
1020	-2
1021	-1
1022	-1
1023	0
1024	-1
1025	0
1026	0
1027	0
1028	-1
1029	0
1030	-1
1031	0
1032	0
1033	0
1034	0
1035	0
1036	0
1037	0
1038	0
1039	0
1040	0
1041	0
1042	-1
1043	0
1044	0
1045	0
1046	0
1047	0
1048	-1
1049	0
1050	-1
1051	0
1052	0
1053	0
1054	0
1055	-1
1056	-1
1057	0
1058	0
1059	0
1060	-1
1061	0
1062	-1
1063	-1
1064	-2
1065	0
1066	-2
1067	-1
1068	-1
1069	-1
1070	-1
1071	-1
1072	-2
1073	-1
1074	-2
1075	0
1076	-1
1077	-1
1078	-1
1079	-1
1080	-2
1081	0
1082	-1
1083	-1
1084	0
1085	0
1086	-1
1087	-1
1088	0
1089	0
1090	-1
1091	0
1092	-1
1093	0
1094	0
1095	0
1096	-1
1097	0
1098	0
1099	0
1100	0
1101	0
1102	0
1103	0
1104	0
1105	0
1106	0
1107	0
1108	0
1109	0
1110	0
1111	0
1112	-1
1113	0
1114	-1
1115	0
1116	-1
1117	0
1118	-1
1119	-1
1120	0
1121	-1
1122	-1
1123	-1
1124	-2
1125	-1
1126	-1
1127	-2
1128	-2
1129	-2
1130	-1
1131	-2
1132	-3
1133	-1
1134	-2
1135	-2
1136	-3
1137	-2
1138	-2
1139	0
1140	-1
1141	-2
1142	-2
1143	-2
1144	-1
1145	0
1146	-1
1147	-1
1148	-2
1149	0
1150	-1
1151	0
1152	0
1153	0
1154	-1
1155	0
1156	-1
1157	0
1158	0
1159	0
1160	0
1161	0
1162	0
1163	0
1164	-2
1165	0
1166	-1
1167	-1
1168	-1
1169	-1
1170	0
1171	-1
1172	0
1173	-2
1174	-1
1175	-1
1176	-1
1177	-2
1178	-2
1179	-1
1180	0
1181	-1
1182	-1
1183	0
1184	-1
1185	0
1186	-2
1187	0
1188	-1
1189	-1
1190	-1
1191	-1
1192	-1
1193	-1
1194	-2
1195	-2
1196	-2
1197	-1
1198	-3
1199	-1
1200	-3
1201	-2
1202	-3
1203	-2
1204	-2
1205	-2
1206	-2
1207	-2
1208	-3
1209	-2
1210	-1
1211	-1
1212	-2
1213	-2
1214	-1
1215	-1
1216	-1
1217	0
1218	-2
1219	-1
1220	-1
1221	-1
1222	-1
1223	-1
1224	-1
1225	0
1226	0
1227	-1
1228	0
1229	0
1230	0
1231	0
1232	0
1233	0
1234	0
1235	0
1236	0
1237	0
1238	0
1239	0
1240	0
1241	0
1242	0
1243	0
1244	0
1245	0
1246	0
1247	0
1248	0
1249	0
1250	0
1251	-1
1252	-1
1253	0
1254	-1
1255	-1
1256	-1
1257	-1
1258	-2
1259	-1
1260	-1
1261	-1
1262	-1
1263	-2
1264	-2
1265	-1
1266	-1
1267	-1
1268	-3
1269	0
1270	-3
1271	-1
1272	-1
1273	-1
1274	-1
1275	-1
1276	0
1277	0
1278	0
1279	-1
1280	0
1281	0
1282	0
1283	0
1284	0
1285	0
1286	-1
1287	0
1288	-1
1289	0
1290	-1
1291	-1
1292	-1
1293	0
1294	-1
1295	-1
1296	0
1297	-1
1298	-1
1299	0
1300	-2
1301	-2
1302	-2
1303	-1
1304	-1
1305	0
1306	-1
1307	-1
1308	-2
1309	0
1310	-1
1311	0
1312	-2
1313	-1
1314	0
1315	0
1316	-2
1317	0
1318	-1
1319	0
1320	-2
1321	0
1322	0
1323	-1
1324	0
1325	0
1326	-1
1327	0
1328	0
1329	-1
1330	0
1331	-1
1332	-1
1333	0
1334	0
1335	0
1336	-1
1337	-2
1338	-1
1339	-1
1340	-2
1341	-1
1342	-1
1343	-1
1344	0
1345	-1
1346	-1
1347	-1
1348	-1
1349	-1
1350	-2
1351	-1
1352	0
1353	-1
1354	0
1355	0
1356	-1
1357	-1
1358	-2
1359	0
1360	-2
1361	-2
1362	-1
1363	0
1364	0
1365	0
1366	0
1367	0
1368	-1
1369	0
1370	-1
1371	0
1372	-1
1373	0
1374	0
1375	0
1376	0
1377	0
1378	0
1379	0
1380	0
1381	0
1382	0
1383	0
1384	0
1385	0
1386	-2
1387	-1
1388	-1
1389	0
1390	-2
1391	-1
1392	-1
1393	0
1394	-2
1395	-1
1396	-2
1397	-1
1398	-3
1399	-1
1400	-2
1401	0
1402	-1
1403	0
1404	-1
1405	0
1406	-1
1407	-1
1408	0
1409	0
1410	-1
1411	0
1412	0
1413	0
1414	0
1415	0
1416	0
1417	0
1418	0
1419	0
1420	0
1421	0
1422	0
1423	0
1424	0
1425	0
1426	-1
1427	0
1428	-1
1429	-1
1430	0
1431	0
1432	0
1433	0
1434	0
1435	0
1436	0
1437	-1
1438	-1
1439	-1
1440	-1
1441	0
1442	0
1443	0
1444	-2
1445	0
1446	-1
1447	0
1448	-1
1449	0
1450	-1
1451	0
1452	-1
1453	0
1454	-1
1455	0
1456	-1
1457	0
1458	-1
1459	0
1460	-1
1461	0
1462	-1
1463	0
1464	0
1465	-1
1466	-1
1467	0
1468	0
1469	0
1470	0
1471	0
1472	0
1473	0
1474	-2
1475	0
1476	-1
1477	0
1478	-1
1479	-1
1480	-1
1481	0
1482	-1
1483	-1
1484	-2
1485	0
1486	0
1487	0
1488	-1
1489	0
1490	0
1491	0
1492	0
1493	0
1494	0
1495	0
1496	-1
1497	0
1498	0
1499	0
1500	0
1501	0
1502	0
1503	0
1504	0
1505	0
1506	-1
1507	-1
1508	0
1509	0
1510	-1
1511	-1
1512	-1
1513	0
1514	-1
1515	0
1516	-1
1517	-1
1518	-1
1519	0
1520	0
1521	0
1522	-1
1523	0
1524	-2
1525	0
1526	-1
1527	0
1528	0
1529	0
1530	0
1531	0
1532	0
1533	0
1534	-1
1535	0
1536	0
1537	-1
1538	0
1539	0
1540	0
1541	0
1542	0
1543	0
1544	0
1545	0
1546	-1
1547	0
1548	-2
1549	0
1550	-1
1551	0
1552	-1
1553	-1
1554	-1
1555	-1
1556	-1
1557	-1
1558	-1
1559	0
1560	-1
1561	0
1562	-1
1563	0
1564	0
1565	-1
1566	-1
1567	-1
1568	-1
1569	0
1570	0
1571	0
1572	0
1573	0
1574	-1
1575	0
1576	0
1577	0
1578	0
1579	0
1580	0
1581	0
1582	0
1583	0
1584	0
1585	0
1586	0
1587	0
1588	0
1589	0
1590	0
1591	0
1592	0
1593	0
1594	0
1595	1
1596	0
1597	0
1598	0
1599	0
1600	0
1601	0
1602	0
1603	1
1604	0
1605	1
1606	1
1607	0
1608	0
1609	0
1610	0
1611	1
1612	0
1613	0
1614	1
1615	0
1616	1
1617	0
1618	0
1619	2
1620	0
1621	2
1622	0
1623	1
1624	1
1625	1
1626	1
1627	1
1628	1
1629	2
1630	1
1631	1
1632	2
1633	1
1634	1
1635	1
1636	1
1637	2
1638	1
1639	1
1640	1
1641	1
1642	1
1643	1
1644	0
1645	0
1646	0
1647	1
1648	0
1649	0
1650	0
1651	0
1652	0
1653	0
1654	0
1655	0
1656	0
1657	0
1658	0
1659	0
1660	0
1661	0
1662	0
1663	0
1664	-1
1665	0
1666	0
1667	0
1668	-1
1669	0
1670	-2
1671	0
1672	-1
1673	0
1674	-2
1675	0
1676	-1
1677	-1
1678	-1
1679	-1
1680	-1
1681	0
1682	-1
1683	0
1684	-2
1685	0
1686	-2
1687	0
1688	-1
1689	-1
1690	-2
1691	-1
1692	-1
1693	-1
1694	0
1695	-1
1696	-1
1697	-1
1698	-1
1699	-1
1700	-1
1701	-1
1702	-2
1703	0
1704	-2
1705	0
1706	-1
1707	0
1708	-1
1709	0
1710	-1
1711	0
1712	0
1713	0
1714	0
1715	0
1716	0
1717	0
1718	0
1719	0
1720	-1
1721	0
1722	0
1723	0
1724	0
1725	0
1726	0
1727	0
1728	0
1729	0
1730	0
1731	0
1732	0
1733	1
1734	0
1735	0
1736	0
1737	0
1738	0
1739	1
1740	0
1741	1
1742	0
1743	0
1744	0
1745	0
1746	0
1747	0
1748	0
1749	0
1750	0
1751	0
1752	0
1753	0
1754	0
1755	0
1756	-1
1757	0
1758	-1
1759	0
1760	0
1761	0
1762	0
1763	0
1764	0
1765	0
1766	0
1767	0
1768	0
1769	0
1770	-1
1771	0
1772	0
1773	0
1774	0
1775	0
1776	0
1777	0
1778	0
1779	0
1780	0
1781	0
1782	0
1783	0
1784	0
1785	0
1786	0
1787	0
1788	0
1789	0
1790	0
1791	0
1792	-1
1793	0
1794	-1
1795	0
1796	-1
1797	-1
1798	-1
1799	0
1800	-2
1801	-1
1802	-1
1803	-1
1804	-1
1805	0
1806	-1
1807	-1
1808	-1
1809	-1
1810	-2
1811	0
1812	-2
1813	0
1814	-2
1815	-1
1816	-1
1817	-1
1818	0
1819	-2
1820	0
1821	-1
1822	-1
1823	0
1824	0
1825	0
1826	0
1827	0
1828	-1
1829	0
1830	0
1831	0
1832	0
1833	0
1834	-1
1835	0
1836	-1
1837	0
1838	-1
1839	-1
1840	-1
1841	-1
1842	-1
1843	0
1844	0
1845	0
1846	0
1847	0
1848	-1
1849	0
1850	-1
1851	0
1852	-1
1853	0
1854	-1
1855	0
1856	0
1857	0
1858	0
1859	0
1860	-1
1861	0
1862	0
1863	0
1864	0
1865	0
1866	0
1867	0
1868	-1
1869	0
1870	-1
1871	0
1872	-1
1873	0
1874	0
1875	0
1876	-1
1877	0
1878	-1
1879	0
1880	-1
1881	0
1882	-1
1883	0
1884	0
1885	0
1886	0
1887	0
1888	-1
1889	0
1890	-1
1891	0
1892	-1
1893	0
1894	-1
1895	0
1896	-2
1897	0
1898	-1
1899	0
1900	0
1901	0
1902	-1
1903	0
1904	0
1905	0
1906	0
1907	0
1908	0
1909	0
1910	0
1911	0
1912	-1
1913	0
1914	-1
1915	0
1916	0
1917	0
1918	-1
1919	0
1920	-1
1921	0
1922	-1
1923	0
1924	-1
1925	0
1926	-1
1927	0
1928	0
1929	0
1930	-1
1931	0
1932	0
1933	0
1934	0
1935	0
1936	0
1937	0
1938	-1
1939	0
1940	0
1941	0
1942	0
1943	0
1944	0
1945	0
1946	-1
1947	0
1948	0
1949	0
1950	0
1951	0
1952	-1
1953	0
1954	-1
1955	0
1956	0
1957	0
1958	-2
1959	0
1960	-1
1961	0
1962	-1
1963	0
1964	-2
1965	-1
1966	-1
1967	0
1968	-1
1969	-2
1970	-2
1971	-2
1972	-1
1973	-2
1974	-1
1975	-1
1976	-1
1977	-1
1978	-1
1979	-1
1980	0
1981	0
1982	0
1983	0
1984	0
1985	0
1986	0
1987	1
1988	0
1989	0
1990	0
1991	0
1992	0
1993	1
1994	0
1995	1
1996	1
1997	2
1998	0
1999	2
