0	0
1	1
2	0
3	1
4	0
5	1
6	0
7	0
8	0
9	0
10	0
11	1
12	0
13	0
14	0
15	0
16	0
17	0
18	0
19	0
20	0
21	2
22	0
23	0
24	0
25	2
26	1
27	1
28	0
29	0
30	1
31	1
32	1
33	2
34	0
35	1
36	0
37	2
38	0
39	1
40	0
41	2
42	0
43	2
44	0
45	1
46	0
47	1
48	0
49	1
50	0
51	0
52	0
53	0
54	0
55	0
56	0
57	0
58	0
59	0
60	0
61	0
62	0
63	0
64	0
65	0
66	0
67	1
68	0
69	1
70	0
71	0
72	0
73	0
74	0
75	1
76	0
77	2
78	0
79	1
80	0
81	0
82	0
83	0
84	0
85	1
86	0
87	2
88	0
89	2
90	0
91	0
92	0
93	1
94	0
95	1
96	0
97	0
98	0
99	1
100	0
101	1
102	0
103	0
104	0
105	1
106	0
107	1
108	0
109	1
110	0
111	1
112	0
113	0
114	0
115	0
116	0
117	1
118	0
119	1
120	0
121	1
122	0
123	1
124	0
125	2
126	0
127	1
128	0
129	1
130	0
131	1
132	0
133	1
134	0
135	0
136	0
137	0
138	0
139	0
140	0
141	0
142	0
143	1
144	0
145	0
146	0
147	0
148	0
149	0
150	0
151	0
152	0
153	0
154	0
155	0
156	0
157	0
158	0
159	0
160	0
161	0
162	0
163	0
164	0
165	1
166	0
167	1
168	0
169	0
170	0
171	1
172	0
173	1
174	0
175	0
176	0
177	1
178	0
179	0
180	0
181	0
182	0
183	0
184	0
185	1
186	0
187	0
188	0
189	0
190	0
191	1
192	0
193	0
194	0
195	0
196	0
197	0
198	0
199	1
200	0
201	1
202	0
203	1
204	0
205	1
206	0
207	1
208	0
209	0
210	0
211	1
212	0
213	1
214	0
215	0
216	0
217	1
218	0
219	0
220	0
221	1
222	0
223	0
224	0
225	1
226	0
227	1
228	0
229	0
230	0
231	0
232	0
233	0
234	0
235	0
236	0
237	1
238	0
239	0
240	0
241	1
242	0
243	0
244	0
245	0
246	0
247	0
248	0
249	0
250	0
251	0
252	0
253	1
254	0
255	1
256	0
257	0
258	0
259	1
260	0
261	0
262	0
263	1
264	0
265	1
266	0
267	1
268	0
269	0
270	0
271	0
272	0
273	0
274	0
275	0
276	0
277	0
278	0
279	0
280	0
281	0
282	-1
283	0
284	0
285	0
286	0
287	0
288	0
289	0
290	0
291	0
292	0
293	0
294	0
295	1
296	0
297	2
298	0
299	1
300	0
301	1
302	0
303	1
304	0
305	0
306	0
307	2
308	0
309	0
310	0
311	1
312	0
313	1
314	0
315	1
316	0
317	2
318	0
319	2
320	0
321	1
322	0
323	0
324	0
325	1
326	0
327	0
328	0
329	1
330	0
331	1
332	0
333	1
334	0
335	0
336	0
337	0
338	0
339	1
340	0
341	1
342	0
343	1
344	0
345	0
346	0
347	1
348	0
349	1
350	0
351	2
352	0
353	1
354	0
355	1
356	0
357	0
358	0
359	1
360	0
361	1
362	0
363	0
364	0
365	0
366	0
367	0
368	0
369	2
370	0
371	1
372	0
373	0
374	0
375	2
376	0
377	2
378	0
379	0
380	0
381	1
382	0
383	0
384	0
385	0
386	0
387	1
388	0
389	1
390	0
391	1
392	0
393	0
394	0
395	0
396	0
397	1
398	0
399	0
400	0
401	0
402	0
403	0
404	0
405	0
406	0
407	1
408	0
409	0
410	0
411	1
412	0
413	2
414	0
415	0
416	0
417	0
418	0
419	0
420	0
421	0
422	0
423	0
424	0
425	1
426	0
427	1
428	0
429	1
430	0
431	2
432	1
433	1
434	0
435	1
436	0
437	1
438	0
439	1
440	1
441	2
442	0
443	4
444	1
445	5
446	1
447	7
448	5
449	9
450	7
451	11
452	12
453	15
454	15
455	19
456	20
457	24
458	24
459	27
460	28
461	35
462	34
463	38
464	39
465	44
466	45
467	48
468	48
469	52
470	52
471	55
472	56
473	60
474	59
475	62
476	62
477	66
478	64
479	67
480	66
481	69
482	68
483	72
484	70
485	73
486	70
487	75
488	72
489	75
490	72
491	75
492	71
493	74
494	72
495	73
496	74
497	74
498	74
499	78
500	62
501	72
502	66
503	67
504	65
505	67
506	64
507	66
508	59
509	62
510	56
511	58
512	55
513	55
514	52
515	52
516	49
517	49
518	45
519	46
520	43
521	43
522	39
523	41
524	35
525	37
526	33
527	32
528	30
529	30
530	28
531	28
532	25
533	28
534	21
535	23
536	18
537	19
538	15
539	18
540	12
541	14
542	11
543	11
544	10
545	10
546	6
547	9
548	3
549	7
550	3
551	5
552	0
553	3
554	-2
555	1
556	-1
557	0
558	-3
559	-2
560	-5
561	-3
562	-6
563	-4
564	-7
565	-4
566	-8
567	-6
568	-9
569	-6
570	-10
571	-7
572	-10
573	-9
574	-10
575	-8
576	-10
577	-9
578	-12
579	-9
580	-12
581	-9
582	-13
583	-10
584	-13
585	-10
586	-12
587	-12
588	-14
589	-12
590	-14
591	-12
592	-13
593	-12
594	-14
595	-11
596	-13
597	-11
598	-13
599	-11
600	-13
601	-11
602	-13
603	-11
604	-12
605	-10
606	-12
607	-9
608	-12
609	-9
610	-11
611	-8
612	-12
613	-9
614	-9
615	-8
616	-9
617	-5
618	-7
619	-8
620	-8
621	-7
622	-7
623	-6
624	-6
625	-4
626	-7
627	-4
628	-6
629	-4
630	-7
631	-3
632	-6
633	-2
634	-6
635	-2
636	-4
637	-2
638	-5
639	-2
640	-5
641	-2
642	-3
643	-1
644	-4
645	-1
646	-3
647	-1
648	-3
649	0
650	-3
651	0
652	-3
653	0
654	-2
655	0
656	-2
657	0
658	-1
659	0
660	-1
661	0
662	-2
663	0
664	-2
665	0
666	-2
667	0
668	-1
669	0
670	-3
671	0
672	-2
673	0
674	-1
675	0
676	-1
677	0
678	-1
679	0
680	-1
681	0
682	-1
683	0
684	-2
685	0
686	-1
687	0
688	0
689	0
690	0
691	0
692	0
693	0
694	-1
695	0
696	0
697	0
698	0
699	0
700	0
701	0
702	-1
703	0
704	0
705	0
706	-1
707	0
708	0
709	0
710	-1
711	0
712	0
713	0
714	0
715	0
716	-1
717	0
718	0
719	0
720	-1
721	0
722	-2
723	0
724	-1
725	0
726	0
727	0
728	0
729	0
730	0
731	0
732	0
733	0
734	0
735	0
736	0
737	0
738	0
739	0
740	0
741	0
742	0
743	0
744	0
745	0
746	0
747	0
748	0
749	0
750	0
751	0
752	0
753	0
754	0
755	1
756	0
757	0
758	0
759	0
760	0
761	0
762	0
763	0
764	0
765	0
766	0
767	0
768	0
769	0
770	0
771	0
772	0
773	0
774	-1
775	0
776	-1
777	0
778	0
779	0
780	0
781	0
782	0
783	0
784	-1
785	0
786	-1
787	0
788	0
789	0
790	0
791	0
792	0
793	0
794	-1
795	0
796	-1
797	0
798	0
799	0
800	0
801	0
802	0
803	0
804	0
805	0
806	0
807	0
808	0
809	0
810	0
811	0
812	-1
813	0
814	0
815	0
816	0
817	0
818	0
819	0
820	0
821	0
822	0
823	0
824	0
825	1
826	0
827	0
828	0
829	1
830	0
831	0
832	0
833	1
834	0
835	0
836	0
837	0
838	0
839	1
840	0
841	1
842	0
843	0
844	0
845	1
846	0
847	2
848	1
849	2
850	1
851	2
852	1
853	1
854	1
855	2
856	1
857	3
858	1
859	3
860	1
861	3
862	1
863	1
864	1
865	1
866	1
867	1
868	1
869	2
870	1
871	1
872	1
873	1
874	0
875	1
876	0
877	1
878	0
879	1
880	0
881	0
882	0
883	1
884	0
885	1
886	0
887	1
888	0
889	0
890	0
891	0
892	0
893	0
894	0
895	1
896	0
897	1
898	0
899	0
900	0
901	0
902	0
903	0
904	0
905	0
906	0
907	0
908	0
909	0
910	0
911	0
912	0
913	0
914	0
915	0
916	-1
917	0
918	0
919	0
920	0
921	0
922	0
923	0
924	0
925	0
926	0
927	0
928	0
929	0
930	0
931	0
932	0
933	0
934	0
935	0
936	0
937	0
938	0
939	0
940	0
941	0
942	0
943	0
944	0
945	0
946	0
947	0
948	0
949	0
950	0
951	0
952	-1
953	0
954	0
955	0
956	0
957	0
958	-1
959	0
960	-1
961	0
962	0
963	0
964	0
965	0
966	0
967	0
968	-1
969	-1
970	-1
971	-1
972	-2
973	0
974	-1
975	0
976	-1
977	0
978	0
979	0
980	0
981	0
982	0
983	0
984	0
985	0
986	0
987	0
988	0
989	0
990	0
991	0
992	0
993	0
994	0
995	0
996	0
997	0
998	0
999	0
1000	-1
1001	0
1002	0
1003	0
1004	0
1005	0
1006	0
1007	0
1008	0
1009	0
1010	0
1011	0
1012	-1
1013	0
1014	0
1015	0
1016	0
1017	0
1018	-1
1019	0
1020	0
1021	0
1022	0
1023	0
1024	0
1025	0
1026	0
1027	0
1028	0
1029	0
1030	0
1031	0
1032	0
1033	0
1034	0
1035	0
1036	0
1037	0
1038	0
1039	0
1040	0
1041	0
1042	0
1043	0
1044	0
1045	0
1046	0
1047	1
1048	0
1049	1
1050	-1
1051	0
1052	-1
1053	0
1054	0
1055	0
1056	0
1057	0
1058	0
1059	0
1060	0
1061	0
1062	0
1063	0
1064	-1
1065	0
1066	-1
1067	0
1068	0
1069	0
1070	-1
1071	0
1072	0
1073	1
1074	0
1075	0
1076	0
1077	0
1078	0
1079	0
1080	0
1081	0
1082	0
1083	0
1084	0
1085	1
1086	0
1087	0
1088	0
1089	1
1090	0
1091	0
1092	0
1093	0
1094	0
1095	0
1096	0
1097	1
1098	0
1099	0
1100	0
1101	0
1102	0
1103	0
1104	0
1105	0
1106	0
1107	0
1108	-1
1109	0
1110	-1
1111	0
1112	0
1113	0
1114	-1
1115	0
1116	0
1117	0
1118	0
1119	1
1120	0
1121	1
1122	0
1123	0
1124	0
1125	1
1126	0
1127	1
1128	0
1129	1
1130	0
1131	2
1132	0
1133	1
1134	0
1135	1
1136	1
1137	1
1138	0
1139	1
1140	1
1141	1
1142	1
1143	1
1144	1
1145	0
1146	1
1147	1
1148	0
1149	1
1150	0
1151	1
1152	0
1153	0
1154	0
1155	1
1156	0
1157	0
1158	0
1159	1
1160	0
1161	0
1162	0
1163	0
1164	0
1165	0
1166	0
1167	0
1168	0
1169	1
1170	0
1171	1
1172	1
1173	1
1174	1
1175	1
1176	0
1177	1
1178	0
1179	1
1180	0
1181	1
1182	0
1183	1
1184	0
1185	1
1186	0
1187	1
1188	0
1189	2
1190	0
1191	1
1192	0
1193	0
1194	0
1195	1
1196	0
1197	1
1198	0
1199	0
1200	0
1201	0
1202	0
1203	0
1204	0
1205	0
1206	0
1207	0
1208	0
1209	0
1210	-1
1211	0
1212	-1
1213	0
1214	-1
1215	0
1216	-2
1217	0
1218	-1
1219	0
1220	-1
1221	0
1222	0
1223	0
1224	0
1225	0
1226	0
1227	0
1228	0
1229	0
1230	0
1231	0
1232	0
1233	1
1234	0
1235	0
1236	0
1237	0
1238	0
1239	0
1240	0
1241	0
1242	0
1243	-1
1244	-1
1245	0
1246	-1
1247	0
1248	-1
1249	0
1250	-1
1251	0
1252	-1
1253	0
1254	-1
1255	0
1256	-1
1257	0
1258	-1
1259	0
1260	0
1261	0
1262	-1
1263	0
1264	-1
1265	0
1266	-1
1267	0
1268	0
1269	0
1270	0
1271	0
1272	-1
1273	0
1274	0
1275	0
1276	0
1277	0
1278	0
1279	1
1280	-1
1281	0
1282	-2
1283	0
1284	0
1285	0
1286	0
1287	0
1288	0
1289	0
1290	0
1291	0
1292	0
1293	0
1294	0
1295	0
1296	0
1297	0
1298	-1
1299	0
1300	0
1301	0
1302	0
1303	0
1304	-1
1305	0
1306	0
1307	0
1308	0
1309	0
1310	-1
1311	0
1312	-1
1313	1
1314	0
1315	1
1316	-1
1317	0
1318	0
1319	0
1320	0
1321	0
1322	0
1323	1
1324	0
1325	1
1326	0
1327	1
1328	0
1329	0
1330	0
1331	0
1332	0
1333	0
1334	0
1335	0
1336	0
1337	0
1338	0
1339	0
1340	0
1341	0
1342	-1
1343	0
1344	-1
1345	0
1346	-1
1347	0
1348	0
1349	0
1350	-1
1351	0
1352	-1
1353	0
1354	-1
1355	0
1356	0
1357	0
1358	0
1359	0
1360	0
1361	0
1362	0
1363	0
1364	-1
1365	0
1366	0
1367	0
1368	0
1369	0
1370	0
1371	0
1372	0
1373	0
1374	0
1375	0
1376	0
1377	0
1378	0
1379	0
1380	0
1381	0
1382	0
1383	0
1384	0
1385	0
1386	0
1387	0
1388	0
1389	0
1390	-1
1391	0
1392	0
1393	0
1394	-1
1395	0
1396	-1
1397	0
1398	0
1399	0
1400	-1
1401	0
1402	0
1403	0
1404	0
1405	1
1406	0
1407	0
1408	-1
1409	0
1410	0
1411	0
1412	0
1413	0
1414	-1
1415	0
1416	0
1417	0
1418	0
1419	0
1420	0
1421	0
1422	-1
1423	0
1424	0
1425	1
1426	0
1427	0
1428	0
1429	0
1430	0
1431	0
1432	0
1433	0
1434	0
1435	0
1436	0
1437	0
1438	0
1439	1
1440	0
1441	1
1442	0
1443	1
1444	0
1445	1
1446	0
1447	1
1448	0
1449	1
1450	0
1451	1
1452	0
1453	0
1454	0
1455	0
1456	0
1457	0
1458	0
1459	0
1460	0
1461	0
1462	0
1463	0
1464	0
1465	0
1466	0
1467	0
1468	0
1469	0
1470	0
1471	0
1472	0
1473	0
1474	0
1475	0
1476	0
1477	0
1478	-1
1479	0
1480	0
1481	0
1482	-1
1483	0
1484	-1
1485	0
1486	0
1487	0
1488	0
1489	0
1490	0
1491	0
1492	0
1493	0
1494	0
1495	1
1496	0
1497	0
1498	0
1499	0
1500	0
1501	0
1502	0
1503	0
1504	-1
1505	0
1506	0
1507	0
1508	0
1509	0
1510	0
1511	0
1512	0
1513	0
1514	-1
1515	0
1516	-1
1517	0
1518	0
1519	0
1520	0
1521	0
1522	0
1523	0
1524	-1
1525	0
1526	-1
1527	0
1528	-1
1529	0
1530	-2
1531	0
1532	0
1533	0
1534	0
1535	0
1536	0
1537	0
1538	0
1539	0
1540	0
1541	0
1542	0
1543	0
1544	0
1545	0
1546	0
1547	1
1548	0
1549	0
1550	0
1551	0
1552	0
1553	0
1554	0
1555	0
1556	0
1557	1
1558	0
1559	0
1560	0
1561	0
1562	0
1563	1
1564	0
1565	0
1566	0
1567	0
1568	0
1569	0
1570	0
1571	0
1572	0
1573	0
1574	0
1575	0
1576	0
1577	0
1578	0
1579	1
1580	0
1581	0
1582	0
1583	0
1584	0
1585	0
1586	0
1587	1
1588	0
1589	0
1590	0
1591	1
1592	0
1593	1
1594	0
1595	1
1596	0
1597	1
1598	0
1599	0
1600	0
1601	1
1602	0
1603	1
1604	0
1605	0
1606	0
1607	0
1608	0
1609	0
1610	0
1611	1
1612	0
1613	0
1614	0
1615	0
1616	0
1617	0
1618	0
1619	0
1620	0
1621	0
1622	0
1623	0
1624	0
1625	0
1626	0
1627	0
1628	0
1629	0
1630	0
1631	0
1632	0
1633	0
1634	0
1635	0
1636	-1
1637	0
1638	-1
1639	0
1640	-1
1641	0
1642	-1
1643	0
1644	0
1645	1
1646	0
1647	0
1648	-1
1649	0
1650	0
1651	0
1652	0
1653	0
1654	0
1655	0
1656	0
1657	0
1658	0
1659	0
1660	0
1661	0
1662	0
1663	0
1664	0
1665	0
1666	0
1667	0
1668	0
1669	0
1670	0
1671	0
1672	0
1673	0
1674	-1
1675	0
1676	0
1677	0
1678	0
1679	0
1680	0
1681	0
1682	0
1683	0
1684	0
1685	0
1686	0
1687	0
1688	0
1689	0
1690	0
1691	0
1692	0
1693	1
1694	0
1695	1
1696	0
1697	0
1698	0
1699	1
1700	0
1701	1
1702	0
1703	2
1704	1
1705	0
1706	0
1707	0
1708	0
1709	0
1710	0
1711	0
1712	0
1713	0
1714	0
1715	0
1716	0
1717	0
1718	0
1719	0
1720	0
1721	0
1722	0
1723	0
1724	0
1725	0
1726	0
1727	0
1728	0
1729	0
1730	0
1731	0
1732	0
1733	0
1734	0
1735	0
1736	0
1737	0
1738	0
1739	0
1740	0
1741	0
1742	0
1743	0
1744	0
1745	0
1746	0
1747	0
1748	0
1749	2
1750	0
1751	0
1752	0
1753	0
1754	0
1755	0
1756	0
1757	0
1758	0
1759	0
1760	0
1761	0
1762	0
1763	0
1764	0
1765	0
1766	0
1767	0
1768	0
1769	0
1770	0
1771	0
1772	0
1773	0
1774	-1
1775	0
1776	-1
1777	0
1778	0
1779	0
1780	0
1781	0
1782	0
1783	0
1784	0
1785	0
1786	0
1787	0
1788	0
1789	0
1790	0
1791	0
1792	-1
1793	0
1794	0
1795	0
1796	0
1797	1
1798	0
1799	0
1800	0
1801	0
1802	0
1803	1
1804	0
1805	0
1806	0
1807	0
1808	0
1809	0
1810	0
1811	0
1812	0
1813	0
1814	0
1815	0
1816	0
1817	1
1818	0
1819	0
1820	0
1821	0
1822	0
1823	0
1824	0
1825	0
1826	0
1827	1
1828	0
1829	0
1830	0
1831	0
1832	0
1833	0
1834	0
1835	0
1836	0
1837	0
1838	0
1839	0
1840	0
1841	0
1842	0
1843	0
1844	0
1845	0
1846	0
1847	0
1848	0
1849	0
1850	0
1851	0
1852	0
1853	0
1854	0
1855	0
1856	0
1857	0
1858	0
1859	0
1860	0
1861	0
1862	0
1863	0
1864	0
1865	0
1866	0
1867	0
1868	0
1869	0
1870	0
1871	0
1872	0
1873	0
1874	0
1875	0
1876	0
1877	0
1878	0
1879	0
1880	0
1881	0
1882	-1
1883	0
1884	0
1885	0
1886	0
1887	0
1888	0
1889	0
1890	0
1891	0
1892	0
1893	0
1894	-1
1895	0
1896	0
1897	0
1898	0
1899	0
1900	0
1901	0
1902	0
1903	0
1904	0
1905	0
1906	0
1907	0
1908	0
1909	0
1910	0
1911	0
1912	0
1913	0
1914	0
1915	0
1916	0
1917	0
1918	0
1919	0
1920	0
1921	0
1922	0
1923	0
1924	0
1925	0
1926	0
1927	0
1928	0
1929	0
1930	0
1931	0
1932	0
1933	0
1934	0
1935	1
1936	0
1937	1
1938	0
1939	0
1940	0
1941	1
1942	0
1943	0
1944	0
1945	0
1946	0
1947	1
1948	0
1949	1
1950	0
1951	0
1952	0
1953	0
1954	0
1955	1
1956	0
1957	0
1958	0
1959	0
1960	0
1961	0
1962	0
1963	0
1964	0
1965	0
1966	0
1967	0
1968	0
1969	0
1970	0
1971	0
1972	0
1973	0
1974	0
1975	0
1976	-1
1977	0
1978	0
1979	0
1980	0
1981	0
1982	0
1983	0
1984	0
1985	0
1986	0
1987	1
1988	0
1989	0
1990	0
1991	0
1992	0
1993	0
1994	0
1995	0
1996	0
1997	0
1998	0
1999	0
