0	0
1	0
2	0
3	1
4	0
5	1
6	0
7	1
8	0
9	0
10	0
11	1
12	0
13	1
14	0
15	1
16	0
17	0
18	0
19	1
20	0
21	0
22	0
23	0
24	0
25	0
26	0
27	0
28	-1
29	0
30	0
31	0
32	0
33	1
34	0
35	0
36	0
37	1
38	0
39	0
40	0
41	0
42	0
43	0
44	0
45	1
46	0
47	0
48	0
49	0
50	0
51	0
52	0
53	0
54	0
55	0
56	0
57	0
58	0
59	1
60	0
61	1
62	-1
63	0
64	0
65	1
66	0
67	0
68	0
69	0
70	0
71	0
72	0
73	0
74	0
75	0
76	0
77	0
78	-1
79	0
80	-1
81	0
82	-1
83	0
84	-1
85	0
86	0
87	0
88	0
89	0
90	0
91	0
92	0
93	0
94	0
95	0
96	0
97	0
98	0
99	0
100	0
101	0
102	0
103	0
104	0
105	0
106	0
107	0
108	0
109	0
110	0
111	0
112	0
113	0
114	0
115	1
116	0
117	2
118	0
119	1
120	0
121	1
122	0
123	0
124	0
125	0
126	0
127	1
128	0
129	1
130	0
131	1
132	0
133	1
134	0
135	1
136	0
137	1
138	0
139	1
140	0
141	1
142	0
143	1
144	0
145	1
146	0
147	0
148	0
149	0
150	0
151	0
152	0
153	0
154	0
155	2
156	0
157	1
158	0
159	0
160	0
161	1
162	0
163	1
164	0
165	0
166	0
167	0
168	0
169	0
170	0
171	1
172	0
173	1
174	0
175	1
176	0
177	1
178	0
179	0
180	0
181	0
182	0
183	0
184	0
185	0
186	0
187	0
188	0
189	0
190	0
191	0
192	-1
193	0
194	-1
195	0
196	0
197	0
198	0
199	0
200	0
201	0
202	0
203	0
204	0
205	0
206	0
207	0
208	-1
209	0
210	0
211	0
212	0
213	0
214	0
215	0
216	0
217	1
218	0
219	0
220	0
221	0
222	0
223	0
224	0
225	0
226	0
227	0
228	0
229	0
230	0
231	0
232	0
233	0
234	0
235	0
236	0
237	0
238	0
239	0
240	0
241	0
242	-1
243	0
244	0
245	0
246	0
247	0
248	0
249	0
250	0
251	1
252	0
253	1
254	-1
255	0
256	0
257	0
258	-1
259	1
260	0
261	0
262	0
263	0
264	0
265	0
266	0
267	0
268	0
269	0
270	0
271	0
272	0
273	0
274	0
275	0
276	0
277	0
278	0
279	0
280	0
281	0
282	0
283	0
284	0
285	0
286	0
287	0
288	-1
289	0
290	0
291	0
292	0
293	0
294	0
295	1
296	0
297	1
298	0
299	0
300	0
301	0
302	0
303	1
304	0
305	1
306	0
307	1
308	0
309	0
310	0
311	0
312	0
313	1
314	0
315	0
316	0
317	0
318	0
319	0
320	0
321	0
322	0
323	0
324	0
325	0
326	-1
327	0
328	0
329	0
330	0
331	0
332	0
333	0
334	-1
335	0
336	-1
337	0
338	-1
339	0
340	0
341	0
342	0
343	0
344	-1
345	0
346	0
347	0
348	-1
349	0
350	0
351	0
352	0
353	0
354	0
355	0
356	0
357	0
358	0
359	0
360	0
361	0
362	0
363	0
364	0
365	0
366	0
367	0
368	0
369	0
370	0
371	1
372	0
373	0
374	0
375	0
376	0
377	0
378	0
379	0
380	0
381	0
382	-1
383	0
384	0
385	0
386	-1
387	0
388	0
389	0
390	0
391	0
392	0
393	0
394	0
395	1
396	0
397	0
398	0
399	0
400	0
401	1
402	0
403	0
404	0
405	1
406	0
407	1
408	0
409	1
410	0
411	0
412	0
413	0
414	0
415	1
416	0
417	0
418	0
419	0
420	0
421	0
422	0
423	0
424	0
425	0
426	0
427	0
428	0
429	0
430	0
431	0
432	0
433	0
434	0
435	0
436	0
437	1
438	0
439	2
440	1
441	5
442	5
443	9
444	8
445	15
446	15
447	20
448	20
449	27
450	27
451	35
452	35
453	43
454	45
455	50
456	54
457	60
458	61
459	67
460	70
461	76
462	77
463	83
464	84
465	91
466	90
467	98
468	97
469	103
470	103
471	110
472	107
473	114
474	110
475	115
476	112
477	116
478	114
479	117
480	113
481	115
482	113
483	115
484	110
485	112
486	107
487	108
488	103
489	103
490	97
491	98
492	92
493	91
494	87
495	85
496	80
497	79
498	77
499	78
500	62
501	66
502	61
503	62
504	53
505	53
506	49
507	48
508	42
509	41
510	36
511	36
512	31
513	32
514	22
515	25
516	19
517	20
518	15
519	16
520	9
521	11
522	5
523	6
524	2
525	1
526	0
527	-2
528	-5
529	-5
530	-7
531	-8
532	-11
533	-12
534	-14
535	-13
536	-17
537	-18
538	-19
539	-18
540	-20
541	-20
542	-22
543	-22
544	-23
545	-22
546	-23
547	-23
548	-25
549	-23
550	-26
551	-24
552	-27
553	-25
554	-27
555	-25
556	-26
557	-26
558	-26
559	-25
560	-26
561	-25
562	-26
563	-25
564	-27
565	-25
566	-27
567	-26
568	-26
569	-23
570	-25
571	-24
572	-26
573	-24
574	-25
575	-22
576	-24
577	-21
578	-24
579	-22
580	-23
581	-21
582	-23
583	-20
584	-23
585	-19
586	-22
587	-19
588	-20
589	-18
590	-20
591	-18
592	-18
593	-17
594	-19
595	-17
596	-18
597	-17
598	-18
599	-16
600	-17
601	-16
602	-17
603	-16
604	-16
605	-16
606	-16
607	-14
608	-16
609	-13
610	-15
611	-12
612	-13
613	-13
614	-14
615	-11
616	-12
617	-10
618	-11
619	-9
620	-11
621	-5
622	-10
623	-6
624	-8
625	-4
626	-9
627	-4
628	-8
629	-4
630	-7
631	-3
632	-6
633	-4
634	-6
635	-3
636	-6
637	-4
638	-6
639	-3
640	-5
641	-2
642	-4
643	-3
644	-3
645	-2
646	-4
647	-1
648	-5
649	-1
650	-3
651	-1
652	-2
653	-1
654	-2
655	-1
656	-2
657	0
658	-1
659	0
660	0
661	0
662	-1
663	0
664	0
665	0
666	0
667	0
668	0
669	1
670	0
671	0
672	0
673	1
674	0
675	0
676	0
677	0
678	0
679	0
680	0
681	0
682	0
683	0
684	0
685	0
686	0
687	0
688	0
689	0
690	0
691	1
692	0
693	0
694	0
695	0
696	0
697	0
698	0
699	0
700	0
701	0
702	-1
703	0
704	-1
705	0
706	0
707	0
708	-1
709	0
710	-2
711	0
712	-1
713	0
714	-2
715	-1
716	-1
717	0
718	-2
719	0
720	0
721	0
722	0
723	0
724	-1
725	0
726	0
727	0
728	-1
729	0
730	-1
731	0
732	0
733	0
734	0
735	0
736	0
737	1
738	0
739	1
740	0
741	1
742	0
743	1
744	0
745	2
746	0
747	1
748	0
749	0
750	1
751	0
752	1
753	0
754	0
755	2
756	0
757	2
758	0
759	0
760	1
761	2
762	0
763	1
764	0
765	1
766	0
767	1
768	0
769	0
770	0
771	1
772	-1
773	1
774	0
775	0
776	0
777	1
778	0
779	1
780	0
781	0
782	0
783	0
784	0
785	1
786	0
787	0
788	0
789	0
790	0
791	1
792	0
793	1
794	0
795	1
796	0
797	0
798	0
799	0
800	0
801	0
802	0
803	0
804	-1
805	0
806	-1
807	0
808	-1
809	0
810	-1
811	0
812	-1
813	-1
814	-1
815	-1
816	-1
817	-1
818	-1
819	-1
820	-2
821	-1
822	-3
823	-1
824	-1
825	0
826	-2
827	-1
828	-1
829	0
830	-2
831	0
832	-3
833	0
834	-2
835	-1
836	-2
837	0
838	-1
839	-1
840	-2
841	0
842	-2
843	0
844	-3
845	-1
846	-2
847	-1
848	-2
849	-1
850	-2
851	-2
852	-2
853	-1
854	-2
855	-1
856	-1
857	-1
858	-2
859	-2
860	-4
861	-1
862	-4
863	-1
864	-3
865	-1
866	-4
867	-1
868	-3
869	-2
870	-3
871	-2
872	-2
873	-1
874	-2
875	-1
876	-3
877	-1
878	0
879	0
880	-1
881	0
882	-1
883	0
884	-1
885	0
886	0
887	0
888	0
889	0
890	0
891	0
892	0
893	1
894	-1
895	0
896	0
897	0
898	-1
899	0
900	0
901	-1
902	-1
903	0
904	-2
905	0
906	-1
907	-1
908	-1
909	0
910	-2
911	0
912	-1
913	0
914	-1
915	0
916	-1
917	0
918	-2
919	0
920	-2
921	0
922	-1
923	0
924	-1
925	0
926	0
927	0
928	0
929	1
930	0
931	0
932	0
933	0
934	0
935	1
936	0
937	1
938	0
939	0
940	0
941	1
942	0
943	1
944	0
945	1
946	0
947	2
948	0
949	0
950	0
951	1
952	1
953	0
954	0
955	1
956	0
957	1
958	0
959	1
960	0
961	1
962	0
963	0
964	0
965	1
966	0
967	0
968	0
969	0
970	0
971	0
972	0
973	0
974	-1
975	0
976	0
977	0
978	-1
979	0
980	-2
981	0
982	0
983	0
984	-3
985	0
986	-1
987	0
988	-1
989	0
990	-1
991	0
992	-3
993	0
994	-1
995	-1
996	-2
997	-1
998	-2
999	0
1000	-1
1001	0
1002	-1
1003	0
1004	-1
1005	0
1006	0
1007	0
1008	0
1009	0
1010	-1
1011	0
1012	-1
1013	0
1014	-1
1015	0
1016	-1
1017	0
1018	-1
1019	0
1020	-1
1021	0
1022	-1
1023	-1
1024	0
1025	-1
1026	-1
1027	0
1028	-1
1029	0
1030	-1
1031	0
1032	-2
1033	-1
1034	-2
1035	0
1036	-2
1037	0
1038	0
1039	0
1040	0
1041	0
1042	0
1043	0
1044	-1
1045	0
1046	0
1047	0
1048	0
1049	1
1050	-1
1051	0
1052	0
1053	2
1054	0
1055	1
1056	-1
1057	1
1058	0
1059	1
1060	0
1061	0
1062	0
1063	1
1064	0
1065	1
1066	0
1067	3
1068	0
1069	2
1070	0
1071	0
1072	0
1073	1
1074	0
1075	1
1076	0
1077	0
1078	0
1079	0
1080	0
1081	0
1082	0
1083	0
1084	0
1085	0
1086	-1
1087	0
1088	-2
1089	0
1090	-2
1091	0
1092	-1
1093	0
1094	-1
1095	0
1096	-1
1097	0
1098	-2
1099	0
1100	-2
1101	-1
1102	-1
1103	0
1104	-1
1105	0
1106	0
1107	0
1108	-2
1109	0
1110	-1
1111	0
1112	-1
1113	0
1114	-1
1115	-1
1116	-1
1117	0
1118	-2
1119	-1
1120	-1
1121	0
1122	-2
1123	0
1124	-1
1125	0
1126	-2
1127	0
1128	-2
1129	0
1130	-1
1131	0
1132	-1
1133	0
1134	-1
1135	0
1136	0
1137	-1
1138	-2
1139	-1
1140	-1
1141	-2
1142	-1
1143	0
1144	-1
1145	0
1146	-1
1147	0
1148	-1
1149	0
1150	-1
1151	0
1152	-2
1153	0
1154	-2
1155	0
1156	-1
1157	-1
1158	-2
1159	0
1160	-1
1161	-1
1162	-1
1163	0
1164	-2
1165	0
1166	-1
1167	-2
1168	-1
1169	-1
1170	-1
1171	-1
1172	-1
1173	0
1174	-2
1175	0
1176	-2
1177	0
1178	-1
1179	0
1180	-1
1181	0
1182	-2
1183	0
1184	-2
1185	0
1186	-2
1187	0
1188	-1
1189	0
1190	-1
1191	0
1192	-1
1193	0
1194	-2
1195	0
1196	-1
1197	0
1198	0
1199	-1
1200	-1
1201	0
1202	-1
1203	0
1204	-1
1205	0
1206	-1
1207	0
1208	-1
1209	0
1210	-2
1211	0
1212	-1
1213	-1
1214	-2
1215	-1
1216	-1
1217	-1
1218	-1
1219	0
1220	0
1221	0
1222	0
1223	-1
1224	-1
1225	0
1226	-1
1227	0
1228	-1
1229	0
1230	-1
1231	0
1232	-1
1233	0
1234	-2
1235	0
1236	-2
1237	-2
1238	-2
1239	0
1240	-2
1241	0
1242	-1
1243	0
1244	-2
1245	0
1246	-1
1247	0
1248	0
1249	0
1250	0
1251	0
1252	-2
1253	-1
1254	-1
1255	0
1256	-1
1257	0
1258	-1
1259	0
1260	0
1261	0
1262	0
1263	-1
1264	-1
1265	0
1266	0
1267	0
1268	-1
1269	0
1270	0
1271	0
1272	0
1273	0
1274	0
1275	0
1276	0
1277	0
1278	0
1279	0
1280	0
1281	0
1282	-1
1283	0
1284	-1
1285	0
1286	-1
1287	0
1288	0
1289	0
1290	0
1291	0
1292	-2
1293	0
1294	-1
1295	0
1296	-1
1297	0
1298	-1
1299	0
1300	-2
1301	0
1302	-2
1303	0
1304	-1
1305	0
1306	-1
1307	0
1308	-2
1309	0
1310	-2
1311	0
1312	-3
1313	0
1314	-3
1315	0
1316	-2
1317	-1
1318	-1
1319	0
1320	-2
1321	0
1322	-2
1323	-1
1324	-2
1325	0
1326	-2
1327	-1
1328	-1
1329	-1
1330	-1
1331	-1
1332	-2
1333	0
1334	-3
1335	0
1336	-3
1337	0
1338	-1
1339	0
1340	-1
1341	0
1342	-1
1343	0
1344	-2
1345	0
1346	0
1347	0
1348	-1
1349	0
1350	0
1351	0
1352	-1
1353	0
1354	0
1355	0
1356	0
1357	0
1358	0
1359	0
1360	0
1361	0
1362	-1
1363	0
1364	-1
1365	0
1366	0
1367	-1
1368	-1
1369	0
1370	0
1371	-1
1372	-1
1373	0
1374	0
1375	0
1376	-2
1377	-1
1378	-1
1379	-1
1380	-1
1381	0
1382	-2
1383	-1
1384	-2
1385	-1
1386	-2
1387	0
1388	-2
1389	0
1390	-1
1391	-1
1392	-1
1393	-1
1394	-2
1395	-1
1396	-1
1397	0
1398	-1
1399	0
1400	-2
1401	0
1402	-2
1403	0
1404	-1
1405	-1
1406	-3
1407	-1
1408	-2
1409	-1
1410	-2
1411	-1
1412	-1
1413	0
1414	-2
1415	0
1416	-1
1417	-1
1418	-1
1419	-1
1420	-1
1421	-1
1422	-3
1423	-1
1424	-3
1425	-1
1426	-2
1427	0
1428	-2
1429	0
1430	-2
1431	0
1432	-1
1433	0
1434	-2
1435	0
1436	-2
1437	0
1438	-2
1439	-1
1440	-1
1441	0
1442	0
1443	0
1444	0
1445	0
1446	0
1447	0
1448	0
1449	0
1450	0
1451	1
1452	0
1453	1
1454	-1
1455	0
1456	0
1457	0
1458	-1
1459	0
1460	0
1461	0
1462	0
1463	0
1464	-1
1465	0
1466	-1
1467	0
1468	-2
1469	0
1470	-2
1471	-1
1472	-1
1473	0
1474	-1
1475	-1
1476	-3
1477	-2
1478	-2
1479	-2
1480	-2
1481	0
1482	-3
1483	-1
1484	-3
1485	-1
1486	-2
1487	-1
1488	-2
1489	0
1490	-2
1491	0
1492	-1
1493	0
1494	-2
1495	-1
1496	-2
1497	0
1498	0
1499	-1
1500	-1
1501	0
1502	-2
1503	0
1504	0
1505	0
1506	0
1507	0
1508	-1
1509	0
1510	0
1511	0
1512	0
1513	0
1514	0
1515	0
1516	0
1517	0
1518	0
1519	0
1520	0
1521	0
1522	0
1523	0
1524	0
1525	0
1526	-1
1527	1
1528	0
1529	0
1530	0
1531	1
1532	-1
1533	0
1534	0
1535	0
1536	-1
1537	0
1538	0
1539	0
1540	-1
1541	-1
1542	-1
1543	0
1544	-1
1545	0
1546	-2
1547	0
1548	-2
1549	-1
1550	-2
1551	-1
1552	-2
1553	0
1554	-1
1555	-1
1556	-1
1557	-1
1558	-1
1559	-1
1560	-1
1561	0
1562	-1
1563	-1
1564	-1
1565	-1
1566	0
1567	0
1568	-1
1569	0
1570	0
1571	0
1572	0
1573	-1
1574	-2
1575	0
1576	-2
1577	0
1578	-2
1579	0
1580	-1
1581	-1
1582	-1
1583	0
1584	0
1585	0
1586	-1
1587	0
1588	0
1589	0
1590	0
1591	0
1592	-1
1593	0
1594	0
1595	0
1596	0
1597	-1
1598	-1
1599	0
1600	-1
1601	0
1602	0
1603	0
1604	-1
1605	0
1606	-1
1607	0
1608	0
1609	0
1610	-1
1611	0
1612	-2
1613	1
1614	0
1615	0
1616	-1
1617	0
1618	0
1619	0
1620	0
1621	0
1622	0
1623	0
1624	-1
1625	1
1626	0
1627	1
1628	0
1629	2
1630	0
1631	1
1632	0
1633	2
1634	0
1635	1
1636	0
1637	1
1638	0
1639	1
1640	0
1641	2
1642	0
1643	2
1644	0
1645	2
1646	0
1647	0
1648	0
1649	1
1650	0
1651	0
1652	0
1653	1
1654	0
1655	1
1656	0
1657	1
1658	0
1659	2
1660	-1
1661	0
1662	0
1663	1
1664	0
1665	0
1666	0
1667	0
1668	0
1669	0
1670	0
1671	0
1672	0
1673	0
1674	0
1675	0
1676	0
1677	0
1678	-2
1679	0
1680	0
1681	0
1682	0
1683	0
1684	0
1685	0
1686	-1
1687	0
1688	-1
1689	1
1690	-1
1691	0
1692	-1
1693	0
1694	-1
1695	0
1696	-1
1697	0
1698	0
1699	0
1700	0
1701	0
1702	-1
1703	0
1704	0
1705	0
1706	0
1707	0
1708	0
1709	0
1710	0
1711	0
1712	0
1713	0
1714	0
1715	0
1716	-2
1717	0
1718	-1
1719	0
1720	-1
1721	0
1722	-1
1723	-1
1724	-2
1725	-1
1726	-2
1727	-1
1728	-2
1729	-1
1730	-2
1731	-1
1732	-2
1733	0
1734	-2
1735	0
1736	-2
1737	0
1738	-3
1739	-1
1740	-2
1741	0
1742	-1
1743	0
1744	-1
1745	0
1746	0
1747	0
1748	-1
1749	0
1750	0
1751	0
1752	-1
1753	0
1754	0
1755	0
1756	0
1757	0
1758	0
1759	0
1760	0
1761	1
1762	0
1763	0
1764	0
1765	0
1766	0
1767	0
1768	0
1769	2
1770	0
1771	1
1772	0
1773	0
1774	0
1775	1
1776	0
1777	2
1778	0
1779	1
1780	0
1781	1
1782	0
1783	1
1784	0
1785	2
1786	0
1787	1
1788	0
1789	1
1790	-1
1791	2
1792	0
1793	2
1794	0
1795	2
1796	0
1797	1
1798	0
1799	2
1800	0
1801	1
1802	1
1803	1
1804	1
1805	1
1806	1
1807	1
1808	0
1809	1
1810	0
1811	0
1812	0
1813	0
1814	0
1815	0
1816	0
1817	0
1818	0
1819	0
1820	-1
1821	0
1822	0
1823	0
1824	-1
1825	0
1826	0
1827	0
1828	0
1829	0
1830	0
1831	0
1832	0
1833	0
1834	-1
1835	0
1836	-1
1837	0
1838	0
1839	0
1840	-2
1841	0
1842	-1
1843	0
1844	-1
1845	0
1846	-2
1847	0
1848	-1
1849	0
1850	-2
1851	-2
1852	-1
1853	0
1854	-2
1855	-1
1856	-2
1857	0
1858	-2
1859	0
1860	-2
1861	-1
1862	-1
1863	0
1864	-2
1865	-1
1866	-1
1867	-1
1868	-2
1869	-2
1870	-2
1871	-1
1872	-3
1873	-2
1874	-2
1875	-1
1876	-1
1877	-1
1878	-1
1879	-1
1880	-1
1881	-1
1882	-3
1883	-1
1884	-2
1885	0
1886	-2
1887	0
1888	-1
1889	0
1890	-1
1891	0
1892	0
1893	0
1894	0
1895	0
1896	-2
1897	0
1898	-3
1899	0
1900	-1
1901	0
1902	-2
1903	-1
1904	-3
1905	0
1906	-2
1907	0
1908	-3
1909	-1
1910	-2
1911	0
1912	-1
1913	0
1914	0
1915	-1
1916	-2
1917	0
1918	-2
1919	0
1920	-2
1921	0
1922	-1
1923	0
1924	-2
1925	0
1926	-2
1927	0
1928	-2
1929	0
1930	0
1931	0
1932	-1
1933	0
1934	-1
1935	0
1936	0
1937	0
1938	0
1939	0
1940	0
1941	1
1942	0
1943	1
1944	0
1945	1
1946	0
1947	0
1948	0
1949	1
1950	0
1951	3
1952	1
1953	2
1954	1
1955	1
1956	1
1957	2
1958	1
1959	2
1960	0
1961	2
1962	0
1963	2
1964	1
1965	2
1966	1
1967	2
1968	1
1969	2
1970	1
1971	1
1972	0
1973	1
1974	0
1975	0
1976	0
1977	0
1978	0
1979	1
1980	0
1981	1
1982	-1
1983	1
1984	0
1985	1
1986	0
1987	0
1988	-1
1989	0
1990	-1
1991	0
1992	-1
1993	0
1994	0
1995	0
1996	0
1997	0
1998	0
1999	0
