0	-1
1	0
2	0
3	0
4	-1
5	0
6	0
7	0
8	0
9	0
10	0
11	0
12	-1
13	1
14	-1
15	0
16	0
17	0
18	0
19	1
20	0
21	0
22	0
23	0
24	0
25	1
26	1
27	2
28	0
29	2
30	0
31	1
32	0
33	2
34	0
35	2
36	0
37	3
38	0
39	3
40	0
41	3
42	1
43	3
44	0
45	3
46	1
47	1
48	1
49	1
50	0
51	3
52	0
53	2
54	0
55	2
56	0
57	1
58	0
59	0
60	0
61	0
62	0
63	0
64	0
65	0
66	0
67	1
68	-1
69	0
70	0
71	1
72	0
73	0
74	0
75	0
76	0
77	1
78	-1
79	0
80	0
81	0
82	0
83	0
84	-1
85	0
86	-1
87	0
88	0
89	0
90	0
91	0
92	-1
93	0
94	0
95	0
96	0
97	0
98	-1
99	0
100	-1
101	0
102	-2
103	0
104	-1
105	0
106	0
107	0
108	0
109	0
110	-1
111	0
112	-1
113	0
114	0
115	0
116	0
117	1
118	0
119	2
120	0
121	1
122	0
123	1
124	0
125	1
126	0
127	2
128	0
129	2
130	0
131	2
132	1
133	3
134	0
135	2
136	1
137	2
138	0
139	2
140	1
141	2
142	1
143	2
144	1
145	2
146	1
147	2
148	0
149	3
150	0
151	1
152	0
153	1
154	1
155	1
156	0
157	1
158	0
159	1
160	0
161	1
162	0
163	1
164	0
165	1
166	0
167	1
168	0
169	1
170	0
171	1
172	0
173	0
174	0
175	0
176	0
177	0
178	0
179	1
180	0
181	1
182	-1
183	0
184	-1
185	0
186	-1
187	0
188	0
189	0
190	-1
191	0
192	-1
193	0
194	0
195	0
196	-1
197	0
198	-1
199	0
200	0
201	1
202	0
203	1
204	0
205	1
206	0
207	1
208	0
209	1
210	0
211	0
212	0
213	0
214	0
215	0
216	0
217	2
218	0
219	0
220	0
221	1
222	-1
223	1
224	-1
225	1
226	-1
227	0
228	-1
229	1
230	-1
231	0
232	0
233	1
234	0
235	1
236	0
237	0
238	-1
239	0
240	0
241	2
242	0
243	1
244	0
245	1
246	0
247	2
248	0
249	2
250	0
251	2
252	1
253	3
254	1
255	1
256	1
257	2
258	0
259	2
260	0
261	3
262	0
263	1
264	0
265	1
266	0
267	1
268	0
269	1
270	0
271	1
272	0
273	1
274	0
275	0
276	0
277	1
278	0
279	0
280	0
281	0
282	0
283	0
284	0
285	0
286	-2
287	0
288	-1
289	0
290	-1
291	0
292	-2
293	0
294	-1
295	0
296	-1
297	0
298	0
299	0
300	0
301	0
302	0
303	1
304	0
305	1
306	1
307	0
308	0
309	1
310	1
311	1
312	0
313	1
314	0
315	2
316	0
317	0
318	0
319	1
320	0
321	1
322	0
323	1
324	0
325	0
326	0
327	0
328	-1
329	0
330	-1
331	0
332	0
333	0
334	0
335	0
336	-1
337	0
338	0
339	0
340	-1
341	0
342	0
343	0
344	-1
345	1
346	0
347	2
348	0
349	1
350	0
351	1
352	0
353	1
354	0
355	1
356	1
357	2
358	0
359	3
360	1
361	3
362	2
363	2
364	1
365	3
366	0
367	3
368	1
369	3
370	0
371	2
372	0
373	1
374	0
375	0
376	0
377	0
378	0
379	0
380	0
381	0
382	0
383	0
384	0
385	0
386	-1
387	-1
388	-1
389	0
390	-2
391	0
392	0
393	0
394	-1
395	0
396	-2
397	0
398	0
399	0
400	0
401	0
402	0
403	0
404	0
405	1
406	0
407	0
408	0
409	0
410	0
411	0
412	0
413	0
414	0
415	0
416	0
417	2
418	0
419	1
420	0
421	0
422	0
423	0
424	0
425	1
426	0
427	1
428	0
429	0
430	0
431	0
432	0
433	0
434	0
435	1
436	1
437	4
438	4
439	9
440	9
441	12
442	14
443	20
444	20
445	26
446	27
447	35
448	36
449	42
450	45
451	50
452	53
453	58
454	61
455	66
456	68
457	76
458	75
459	82
460	83
461	89
462	91
463	96
464	98
465	102
466	101
467	106
468	106
469	111
470	109
471	114
472	113
473	116
474	113
475	116
476	114
477	116
478	112
479	114
480	111
481	113
482	110
483	109
484	107
485	107
486	103
487	101
488	97
489	98
490	94
491	93
492	88
493	87
494	85
495	84
496	77
497	77
498	76
499	78
500	62
501	68
502	64
503	63
504	58
505	59
506	52
507	53
508	49
509	47
510	42
511	44
512	39
513	38
514	34
515	35
516	29
517	30
518	27
519	27
520	22
521	22
522	17
523	18
524	14
525	15
526	12
527	12
528	8
529	8
530	5
531	4
532	2
533	2
534	0
535	0
536	-3
537	-1
538	-5
539	-4
540	-8
541	-7
542	-10
543	-10
544	-14
545	-12
546	-14
547	-16
548	-17
549	-17
550	-18
551	-18
552	-21
553	-20
554	-22
555	-21
556	-23
557	-22
558	-24
559	-23
560	-25
561	-23
562	-25
563	-23
564	-27
565	-26
566	-26
567	-25
568	-25
569	-26
570	-26
571	-25
572	-26
573	-26
574	-26
575	-25
576	-27
577	-26
578	-27
579	-26
580	-27
581	-25
582	-27
583	-27
584	-27
585	-25
586	-27
587	-26
588	-27
589	-25
590	-27
591	-24
592	-26
593	-24
594	-27
595	-26
596	-27
597	-24
598	-26
599	-23
600	-25
601	-22
602	-23
603	-22
604	-23
605	-20
606	-23
607	-20
608	-22
609	-19
610	-21
611	-18
612	-20
613	-18
614	-18
615	-18
616	-17
617	-17
618	-18
619	-16
620	-17
621	-16
622	-17
623	-16
624	-17
625	-16
626	-16
627	-16
628	-16
629	-15
630	-16
631	-15
632	-16
633	-14
634	-17
635	-15
636	-16
637	-15
638	-16
639	-15
640	-16
641	-15
642	-14
643	-14
644	-15
645	-13
646	-14
647	-12
648	-13
649	-12
650	-13
651	-12
652	-12
653	-11
654	-12
655	-10
656	-12
657	-11
658	-12
659	-10
660	-12
661	-9
662	-10
663	-9
664	-9
665	-8
666	-10
667	-8
668	-10
669	-7
670	-10
671	-5
672	-10
673	-6
674	-9
675	-7
676	-9
677	-5
678	-7
679	-5
680	-8
681	-4
682	-7
683	-6
684	-7
685	-5
686	-6
687	-5
688	-7
689	-4
690	-6
691	-3
692	-6
693	-4
694	-6
695	-4
696	-5
697	-3
698	-6
699	-4
700	-5
701	-4
702	-8
703	-3
704	-5
705	-2
706	-4
707	-1
708	-4
709	-1
710	-3
711	-2
712	-3
713	0
714	-4
715	-1
716	-3
717	-1
718	-2
719	0
720	-2
721	0
722	-3
723	-1
724	-3
725	-2
726	-3
727	-1
728	-2
729	-1
730	-2
731	-2
732	-2
733	0
734	-3
735	0
736	-2
737	0
738	-1
739	0
740	-1
741	0
742	0
743	0
744	-1
745	0
746	-1
747	0
748	-1
749	0
750	-1
751	0
752	-1
753	-1
754	-1
755	-1
756	-1
757	0
758	-1
759	0
760	-3
761	-1
762	-2
763	-1
764	-2
765	-2
766	-2
767	-1
768	-2
769	-1
770	-3
771	-1
772	-2
773	-1
774	-3
775	-1
776	-2
777	0
778	-3
779	-1
780	-3
781	-1
782	-3
783	-1
784	-2
785	0
786	-3
787	0
788	-2
789	-1
790	-2
791	-1
792	-1
793	-1
794	-2
795	0
796	-3
797	0
798	0
799	0
800	-2
801	0
802	-1
803	0
804	-1
805	0
806	-1
807	0
808	-1
809	0
810	-1
811	0
812	0
813	0
814	0
815	0
816	0
817	0
818	-1
819	0
820	-1
821	0
822	-1
823	0
824	-1
825	0
826	-2
827	0
828	-2
829	0
830	-1
831	0
832	-1
833	0
834	0
835	0
836	0
837	0
838	-1
839	0
840	0
841	0
842	0
843	0
844	-1
845	0
846	-1
847	0
848	0
849	0
850	0
851	0
852	0
853	1
854	0
855	2
856	0
857	1
858	0
859	2
860	0
861	2
862	0
863	2
864	1
865	2
866	1
867	3
868	0
869	3
870	2
871	3
872	3
873	4
874	1
875	2
876	0
877	2
878	2
879	2
880	1
881	2
882	1
883	2
884	1
885	2
886	1
887	2
888	0
889	1
890	0
891	1
892	0
893	0
894	-1
895	0
896	-1
897	0
898	0
899	0
900	-1
901	0
902	0
903	0
904	0
905	1
906	0
907	0
908	0
909	1
910	0
911	0
912	0
913	2
914	-1
915	1
916	0
917	1
918	-1
919	0
920	-1
921	1
922	0
923	1
924	0
925	1
926	-1
927	0
928	0
929	0
930	0
931	0
932	0
933	0
934	-1
935	0
936	-1
937	0
938	-2
939	0
940	-1
941	0
942	0
943	0
944	-1
945	0
946	-2
947	0
948	-2
949	0
950	-2
951	-2
952	-2
953	-1
954	-2
955	-1
956	-3
957	-1
958	-2
959	-2
960	-3
961	-1
962	-2
963	-1
964	-2
965	-2
966	-2
967	-2
968	-2
969	-1
970	-3
971	-1
972	-2
973	0
974	-2
975	0
976	-2
977	-1
978	-2
979	0
980	-1
981	0
982	-2
983	0
984	-1
985	-1
986	-1
987	-1
988	-1
989	-1
990	-1
991	0
992	-1
993	-1
994	-2
995	-1
996	-2
997	-2
998	-1
999	-2
1000	-1
1001	0
1002	-1
1003	-1
1004	-1
1005	0
1006	-1
1007	0
1008	-1
1009	0
1010	0
1011	0
1012	-1
1013	0
1014	-1
1015	0
1016	0
1017	0
1018	0
1019	0
1020	-1
1021	0
1022	0
1023	1
1024	0
1025	1
1026	0
1027	1
1028	1
1029	1
1030	1
1031	1
1032	1
1033	2
1034	2
1035	2
1036	1
1037	3
1038	2
1039	3
1040	3
1041	3
1042	1
1043	4
1044	2
1045	3
1046	1
1047	3
1048	2
1049	4
1050	2
1051	2
1052	2
1053	2
1054	1
1055	2
1056	1
1057	2
1058	1
1059	3
1060	2
1061	2
1062	1
1063	3
1064	0
1065	0
1066	0
1067	2
1068	0
1069	1
1070	0
1071	0
1072	0
1073	1
1074	0
1075	1
1076	0
1077	1
1078	-1
1079	1
1080	0
1081	0
1082	0
1083	1
1084	0
1085	0
1086	0
1087	0
1088	0
1089	0
1090	0
1091	0
1092	0
1093	0
1094	0
1095	0
1096	0
1097	2
1098	0
1099	1
1100	0
1101	0
1102	1
1103	2
1104	0
1105	1
1106	0
1107	1
1108	0
1109	2
1110	0
1111	2
1112	0
1113	2
1114	0
1115	1
1116	1
1117	2
1118	0
1119	2
1120	1
1121	2
1122	0
1123	1
1124	1
1125	3
1126	2
1127	3
1128	2
1129	2
1130	1
1131	2
1132	0
1133	1
1134	1
1135	1
1136	1
1137	2
1138	1
1139	1
1140	0
1141	1
1142	0
1143	1
1144	0
1145	0
1146	0
1147	0
1148	-1
1149	0
1150	0
1151	1
1152	0
1153	0
1154	-1
1155	0
1156	-1
1157	0
1158	-1
1159	0
1160	-1
1161	0
1162	-2
1163	0
1164	-2
1165	0
1166	-2
1167	0
1168	-2
1169	0
1170	0
1171	0
1172	-1
1173	0
1174	-3
1175	0
1176	-1
1177	0
1178	-1
1179	-1
1180	0
1181	0
1182	-1
1183	-2
1184	-2
1185	0
1186	-2
1187	0
1188	-1
1189	0
1190	-2
1191	0
1192	-2
1193	0
1194	-2
1195	-1
1196	-2
1197	0
1198	-2
1199	-1
1200	-2
1201	-1
1202	-2
1203	-1
1204	-2
1205	0
1206	-3
1207	-1
1208	-2
1209	-1
1210	-2
1211	-1
1212	-3
1213	-2
1214	-3
1215	-1
1216	-2
1217	0
1218	-2
1219	-1
1220	-1
1221	0
1222	-1
1223	0
1224	-1
1225	0
1226	-1
1227	0
1228	-1
1229	0
1230	0
1231	0
1232	0
1233	0
1234	0
1235	0
1236	-1
1237	0
1238	-2
1239	0
1240	-2
1241	0
1242	-1
1243	0
1244	0
1245	0
1246	-1
1247	0
1248	-1
1249	0
1250	0
1251	0
1252	-2
1253	0
1254	-2
1255	-1
1256	-2
1257	0
1258	-2
1259	0
1260	-2
1261	0
1262	-2
1263	0
1264	-2
1265	0
1266	-1
1267	-2
1268	-1
1269	0
1270	-1
1271	0
1272	-1
1273	-1
1274	-1
1275	0
1276	-2
1277	0
1278	-1
1279	0
1280	-1
1281	-1
1282	-2
1283	-1
1284	-1
1285	0
1286	-1
1287	0
1288	-2
1289	0
1290	0
1291	0
1292	-1
1293	0
1294	-1
1295	0
1296	-1
1297	0
1298	-2
1299	0
1300	-1
1301	0
1302	-1
1303	0
1304	-1
1305	0
1306	-1
1307	0
1308	-2
1309	0
1310	-2
1311	0
1312	-2
1313	0
1314	-2
1315	0
1316	-1
1317	0
1318	0
1319	0
1320	0
1321	0
1322	0
1323	0
1324	-1
1325	0
1326	-1
1327	0
1328	0
1329	0
1330	0
1331	1
1332	0
1333	1
1334	0
1335	1
1336	-1
1337	0
1338	0
1339	0
1340	0
1341	0
1342	0
1343	0
1344	0
1345	1
1346	-1
1347	0
1348	-1
1349	0
1350	-1
1351	0
1352	-1
1353	0
1354	0
1355	0
1356	-1
1357	0
1358	0
1359	0
1360	0
1361	0
1362	-1
1363	0
1364	-2
1365	0
1366	-2
1367	-1
1368	-2
1369	-1
1370	-2
1371	0
1372	-1
1373	0
1374	-1
1375	0
1376	0
1377	0
1378	-1
1379	0
1380	-1
1381	0
1382	0
1383	0
1384	0
1385	0
1386	0
1387	0
1388	0
1389	0
1390	0
1391	0
1392	0
1393	0
1394	0
1395	0
1396	0
1397	0
1398	0
1399	1
1400	-1
1401	1
1402	0
1403	0
1404	-1
1405	0
1406	0
1407	0
1408	0
1409	0
1410	0
1411	0
1412	0
1413	1
1414	-1
1415	0
1416	-1
1417	0
1418	0
1419	0
1420	0
1421	1
1422	0
1423	1
1424	0
1425	0
1426	-1
1427	0
1428	-1
1429	0
1430	0
1431	0
1432	-1
1433	0
1434	-1
1435	0
1436	-1
1437	0
1438	-1
1439	0
1440	0
1441	-1
1442	-2
1443	-1
1444	-1
1445	-1
1446	-1
1447	-1
1448	-2
1449	0
1450	-2
1451	0
1452	-2
1453	0
1454	-1
1455	0
1456	-2
1457	0
1458	-2
1459	0
1460	-1
1461	-1
1462	0
1463	-1
1464	-1
1465	0
1466	-2
1467	0
1468	0
1469	0
1470	-1
1471	1
1472	-1
1473	0
1474	-2
1475	0
1476	0
1477	0
1478	0
1479	0
1480	0
1481	0
1482	0
1483	0
1484	0
1485	0
1486	0
1487	0
1488	0
1489	1
1490	0
1491	0
1492	0
1493	1
1494	0
1495	0
1496	0
1497	0
1498	0
1499	1
1500	0
1501	1
1502	-1
1503	0
1504	-1
1505	0
1506	-1
1507	0
1508	-1
1509	0
1510	-1
1511	0
1512	-1
1513	0
1514	0
1515	0
1516	-2
1517	0
1518	0
1519	0
1520	-1
1521	0
1522	-1
1523	1
1524	0
1525	0
1526	0
1527	0
1528	0
1529	1
1530	1
1531	1
1532	0
1533	0
1534	0
1535	0
1536	0
1537	0
1538	0
1539	0
1540	0
1541	0
1542	0
1543	0
1544	0
1545	0
1546	-1
1547	0
1548	0
1549	0
1550	-1
1551	-1
1552	-2
1553	0
1554	0
1555	0
1556	-1
1557	0
1558	-1
1559	0
1560	-2
1561	0
1562	-1
1563	0
1564	-1
1565	0
1566	-1
1567	0
1568	-1
1569	0
1570	-1
1571	0
1572	-1
1573	0
1574	-1
1575	0
1576	0
1577	1
1578	0
1579	0
1580	0
1581	0
1582	0
1583	0
1584	0
1585	1
1586	0
1587	1
1588	0
1589	1
1590	0
1591	0
1592	0
1593	1
1594	0
1595	1
1596	0
1597	1
1598	0
1599	1
1600	0
1601	1
1602	0
1603	0
1604	0
1605	0
1606	0
1607	1
1608	0
1609	0
1610	0
1611	0
1612	-1
1613	0
1614	0
1615	0
1616	0
1617	0
1618	-1
1619	0
1620	0
1621	0
1622	-1
1623	0
1624	-1
1625	0
1626	0
1627	0
1628	0
1629	0
1630	0
1631	0
1632	-1
1633	0
1634	-2
1635	0
1636	-1
1637	0
1638	-1
1639	-1
1640	-1
1641	0
1642	-1
1643	0
1644	-2
1645	-1
1646	-1
1647	-1
1648	-1
1649	0
1650	-2
1651	-1
1652	-2
1653	0
1654	-3
1655	0
1656	0
1657	0
1658	-1
1659	0
1660	-1
1661	0
1662	-1
1663	0
1664	0
1665	2
1666	0
1667	1
1668	0
1669	0
1670	0
1671	0
1672	0
1673	1
1674	0
1675	0
1676	0
1677	0
1678	0
1679	0
1680	0
1681	0
1682	0
1683	0
1684	0
1685	0
1686	0
1687	0
1688	0
1689	0
1690	0
1691	1
1692	0
1693	2
1694	0
1695	2
1696	0
1697	1
1698	0
1699	1
1700	0
1701	0
1702	0
1703	0
1704	0
1705	1
1706	0
1707	0
1708	-1
1709	0
1710	-1
1711	0
1712	0
1713	0
1714	-1
1715	0
1716	-1
1717	0
1718	-1
1719	-1
1720	0
1721	-1
1722	-1
1723	0
1724	-2
1725	-1
1726	-1
1727	0
1728	-1
1729	0
1730	0
1731	0
1732	0
1733	0
1734	0
1735	0
1736	0
1737	0
1738	-1
1739	0
1740	0
1741	1
1742	-1
1743	1
1744	0
1745	1
1746	0
1747	1
1748	0
1749	0
1750	0
1751	1
1752	-1
1753	0
1754	0
1755	0
1756	0
1757	0
1758	0
1759	0
1760	0
1761	0
1762	0
1763	0
1764	0
1765	0
1766	0
1767	0
1768	-1
1769	0
1770	-1
1771	0
1772	0
1773	0
1774	-1
1775	-1
1776	-2
1777	0
1778	-1
1779	0
1780	0
1781	1
1782	-1
1783	1
1784	0
1785	1
1786	0
1787	1
1788	0
1789	1
1790	0
1791	0
1792	0
1793	0
1794	0
1795	0
1796	0
1797	0
1798	-1
1799	0
1800	0
1801	0
1802	0
1803	0
1804	0
1805	0
1806	-1
1807	0
1808	-1
1809	0
1810	0
1811	-1
1812	0
1813	-1
1814	-2
1815	0
1816	-1
1817	0
1818	-1
1819	0
1820	0
1821	0
1822	0
1823	1
1824	0
1825	0
1826	0
1827	1
1828	0
1829	0
1830	0
1831	1
1832	0
1833	0
1834	0
1835	1
1836	0
1837	1
1838	0
1839	1
1840	0
1841	0
1842	0
1843	1
1844	0
1845	1
1846	0
1847	1
1848	0
1849	2
1850	0
1851	1
1852	0
1853	0
1854	-1
1855	1
1856	0
1857	0
1858	0
1859	0
1860	0
1861	0
1862	0
1863	0
1864	0
1865	0
1866	-1
1867	0
1868	-1
1869	0
1870	-1
1871	-2
1872	-1
1873	-2
1874	0
1875	-1
1876	-1
1877	0
1878	0
1879	0
1880	0
1881	0
1882	0
1883	0
1884	0
1885	0
1886	0
1887	1
1888	0
1889	1
1890	0
1891	1
1892	0
1893	1
1894	0
1895	1
1896	0
1897	1
1898	1
1899	1
1900	1
1901	1
1902	0
1903	2
1904	0
1905	1
1906	0
1907	1
1908	0
1909	1
1910	0
1911	0
1912	0
1913	0
1914	0
1915	0
1916	0
1917	0
1918	-1
1919	0
1920	-2
1921	0
1922	-2
1923	0
1924	-2
1925	0
1926	-2
1927	0
1928	-2
1929	-1
1930	-1
1931	0
1932	-1
1933	0
1934	-1
1935	0
1936	-2
1937	-1
1938	-1
1939	-1
1940	-2
1941	0
1942	-1
1943	0
1944	-1
1945	0
1946	0
1947	0
1948	0
1949	0
1950	0
1951	0
1952	0
1953	0
1954	0
1955	1
1956	0
1957	1
1958	0
1959	0
1960	0
1961	1
1962	0
1963	1
1964	-1
1965	0
1966	0
1967	0
1968	0
1969	1
1970	0
1971	1
1972	0
1973	1
1974	0
1975	1
1976	0
1977	1
1978	0
1979	1
1980	0
1981	2
1982	0
1983	1
1984	0
1985	1
1986	1
1987	2
1988	1
1989	3
1990	2
1991	3
1992	1
1993	3
1994	3
1995	3
1996	2
1997	3
1998	2
1999	3
