0	0
1	0
2	0
3	0
4	0
5	1
6	0
7	2
8	0
9	2
10	0
11	2
12	0
13	1
14	0
15	1
16	0
17	2
18	0
19	2
20	0
21	0
22	0
23	2
24	0
25	1
26	0
27	1
28	0
29	1
30	0
31	0
32	0
33	1
34	0
35	1
36	0
37	0
38	0
39	0
40	0
41	1
42	0
43	0
44	0
45	0
46	0
47	0
48	0
49	0
50	0
51	1
52	0
53	0
54	0
55	0
56	0
57	0
58	0
59	1
60	0
61	0
62	0
63	0
64	0
65	0
66	0
67	0
68	0
69	0
70	0
71	0
72	0
73	0
74	0
75	0
76	0
77	0
78	0
79	0
80	0
81	0
82	0
83	0
84	0
85	0
86	0
87	0
88	0
89	0
90	0
91	0
92	0
93	1
94	1
95	0
96	0
97	1
98	0
99	1
100	0
101	0
102	0
103	0
104	0
105	1
106	0
107	0
108	0
109	0
110	0
111	0
112	0
113	0
114	0
115	0
116	0
117	0
118	0
119	0
120	0
121	0
122	0
123	0
124	0
125	0
126	0
127	0
128	0
129	0
130	0
131	0
132	0
133	0
134	0
135	0
136	0
137	0
138	0
139	1
140	0
141	1
142	0
143	1
144	0
145	0
146	0
147	1
148	0
149	2
150	0
151	1
152	0
153	1
154	0
155	0
156	0
157	1
158	0
159	0
160	0
161	1
162	0
163	1
164	0
165	0
166	0
167	0
168	0
169	0
170	0
171	0
172	0
173	1
174	0
175	2
176	0
177	2
178	0
179	1
180	0
181	0
182	0
183	0
184	0
185	0
186	0
187	1
188	0
189	1
190	0
191	0
192	0
193	0
194	0
195	1
196	0
197	0
198	-1
199	0
200	0
201	0
202	0
203	0
204	0
205	0
206	0
207	0
208	0
209	0
210	0
211	0
212	0
213	1
214	0
215	0
216	0
217	0
218	0
219	0
220	0
221	0
222	0
223	2
224	0
225	3
226	0
227	2
228	0
229	2
230	0
231	1
232	0
233	2
234	0
235	2
236	0
237	1
238	0
239	1
240	0
241	0
242	0
243	1
244	0
245	0
246	0
247	0
248	0
249	0
250	0
251	0
252	0
253	1
254	0
255	0
256	0
257	1
258	0
259	0
260	0
261	0
262	0
263	1
264	0
265	0
266	-1
267	0
268	0
269	0
270	0
271	0
272	0
273	1
274	0
275	1
276	0
277	0
278	0
279	1
280	0
281	1
282	0
283	0
284	0
285	1
286	0
287	0
288	0
289	0
290	0
291	1
292	0
293	0
294	0
295	0
296	0
297	0
298	0
299	0
300	0
301	1
302	0
303	1
304	0
305	0
306	0
307	2
308	0
309	0
310	0
311	2
312	0
313	2
314	0
315	0
316	0
317	1
318	0
319	1
320	0
321	1
322	0
323	2
324	0
325	1
326	0
327	1
328	0
329	1
330	0
331	1
332	0
333	1
334	0
335	0
336	0
337	0
338	0
339	0
340	0
341	0
342	-1
343	0
344	0
345	0
346	0
347	0
348	-1
349	0
350	-1
351	0
352	-1
353	0
354	-1
355	0
356	0
357	0
358	0
359	1
360	0
361	2
362	0
363	1
364	0
365	2
366	0
367	2
368	0
369	1
370	0
371	1
372	0
373	3
374	0
375	1
376	0
377	2
378	0
379	1
380	0
381	1
382	0
383	1
384	0
385	0
386	0
387	0
388	0
389	1
390	0
391	1
392	0
393	0
394	-1
395	0
396	0
397	0
398	-1
399	0
400	-1
401	0
402	-1
403	0
404	-1
405	0
406	-1
407	0
408	-1
409	0
410	-1
411	0
412	0
413	-1
414	-1
415	-1
416	-1
417	0
418	-1
419	0
420	-1
421	0
422	0
423	0
424	-1
425	0
426	0
427	1
428	0
429	1
430	0
431	2
432	0
433	2
434	0
435	2
436	1
437	4
438	3
439	6
440	5
441	12
442	10
443	16
444	18
445	22
446	23
447	30
448	32
449	37
450	38
451	45
452	49
453	53
454	56
455	63
456	64
457	71
458	73
459	79
460	81
461	86
462	87
463	93
464	94
465	100
466	100
467	104
468	103
469	110
470	109
471	112
472	111
473	114
474	114
475	116
476	114
477	115
478	113
479	114
480	112
481	114
482	111
483	111
484	107
485	108
486	103
487	103
488	101
489	99
490	96
491	94
492	90
493	91
494	87
495	84
496	77
497	78
498	77
499	78
500	62
501	67
502	62
503	61
504	55
505	54
506	49
507	49
508	43
509	43
510	38
511	37
512	32
513	33
514	27
515	27
516	24
517	22
518	17
519	18
520	16
521	15
522	11
523	10
524	5
525	6
526	2
527	3
528	0
529	0
530	-2
531	-3
532	-5
533	-6
534	-9
535	-9
536	-10
537	-10
538	-12
539	-12
540	-15
541	-15
542	-17
543	-16
544	-19
545	-17
546	-21
547	-20
548	-23
549	-21
550	-25
551	-23
552	-26
553	-24
554	-27
555	-25
556	-26
557	-25
558	-27
559	-26
560	-27
561	-26
562	-27
563	-26
564	-27
565	-26
566	-27
567	-26
568	-28
569	-26
570	-28
571	-27
572	-27
573	-25
574	-27
575	-25
576	-27
577	-24
578	-25
579	-23
580	-25
581	-23
582	-24
583	-23
584	-24
585	-21
586	-23
587	-20
588	-22
589	-20
590	-22
591	-19
592	-21
593	-18
594	-21
595	-20
596	-21
597	-17
598	-21
599	-18
600	-21
601	-19
602	-20
603	-18
604	-20
605	-17
606	-19
607	-17
608	-18
609	-16
610	-17
611	-15
612	-17
613	-16
614	-16
615	-15
616	-16
617	-14
618	-15
619	-14
620	-14
621	-13
622	-14
623	-13
624	-14
625	-13
626	-13
627	-11
628	-13
629	-11
630	-14
631	-11
632	-14
633	-11
634	-13
635	-11
636	-12
637	-10
638	-13
639	-10
640	-13
641	-9
642	-11
643	-10
644	-12
645	-9
646	-11
647	-8
648	-12
649	-9
650	-11
651	-7
652	-10
653	-8
654	-9
655	-7
656	-8
657	-7
658	-7
659	-4
660	-8
661	-4
662	-8
663	-3
664	-7
665	-3
666	-6
667	-4
668	-6
669	-3
670	-6
671	-3
672	-5
673	-3
674	-4
675	-3
676	-4
677	-3
678	-6
679	-2
680	-4
681	-3
682	-4
683	-2
684	-4
685	-2
686	-5
687	-2
688	-3
689	-2
690	-3
691	-2
692	-3
693	-2
694	-4
695	-1
696	-2
697	-3
698	-3
699	-1
700	-2
701	-1
702	-2
703	-1
704	-3
705	0
706	-2
707	-1
708	-2
709	-2
710	-3
711	-1
712	-2
713	-1
714	-2
715	-1
716	-2
717	-1
718	-1
719	-1
720	-1
721	0
722	0
723	0
724	-1
725	0
726	-1
727	0
728	-1
729	0
730	-1
731	0
732	-2
733	0
734	-1
735	0
736	-2
737	0
738	-1
739	0
740	0
741	0
742	0
743	-1
744	0
745	-1
746	0
747	0
748	-1
749	0
750	-1
751	-1
752	-1
753	0
754	0
755	0
756	0
757	0
758	-1
759	0
760	0
761	0
762	-1
763	-1
764	0
765	0
766	0
767	0
768	-1
769	0
770	-2
771	0
772	-2
773	0
774	-3
775	-1
776	-2
777	-1
778	-2
779	-1
780	-2
781	-1
782	-1
783	0
784	-2
785	0
786	-3
787	0
788	-3
789	0
790	-1
791	0
792	-1
793	0
794	0
795	0
796	-1
797	0
798	-2
799	0
800	0
801	0
802	0
803	0
804	0
805	0
806	0
807	0
808	0
809	0
810	-1
811	-1
812	-1
813	0
814	-1
815	0
816	-1
817	0
818	-1
819	0
820	-2
821	0
822	-1
823	0
824	-1
825	0
826	-1
827	0
828	0
829	0
830	0
831	0
832	-2
833	0
834	-1
835	0
836	0
837	0
838	-1
839	0
840	-1
841	0
842	-1
843	0
844	0
845	0
846	0
847	0
848	-1
849	0
850	0
851	0
852	0
853	0
854	0
855	1
856	0
857	0
858	0
859	1
860	0
861	1
862	0
863	1
864	0
865	2
866	0
867	2
868	2
869	3
870	1
871	2
872	0
873	2
874	1
875	3
876	1
877	2
878	1
879	2
880	2
881	2
882	1
883	1
884	2
885	1
886	1
887	1
888	1
889	1
890	0
891	2
892	0
893	1
894	0
895	0
896	0
897	1
898	0
899	1
900	0
901	1
902	0
903	0
904	0
905	1
906	-1
907	0
908	0
909	0
910	0
911	0
912	0
913	0
914	0
915	0
916	0
917	0
918	0
919	0
920	0
921	0
922	0
923	0
924	0
925	1
926	0
927	1
928	0
929	0
930	-1
931	1
932	0
933	1
934	0
935	0
936	0
937	0
938	0
939	0
940	0
941	0
942	-2
943	0
944	-2
945	-1
946	-2
947	-1
948	-2
949	-1
950	-2
951	-2
952	-3
953	-2
954	-3
955	-3
956	-3
957	-2
958	-2
959	-1
960	-1
961	-1
962	-2
963	-1
964	-2
965	0
966	-1
967	0
968	-2
969	0
970	0
971	1
972	-1
973	0
974	-1
975	0
976	0
977	0
978	0
979	0
980	0
981	0
982	0
983	0
984	0
985	0
986	-1
987	0
988	-1
989	0
990	-1
991	0
992	-2
993	0
994	-1
995	0
996	-2
997	-1
998	-1
999	0
1000	-2
1001	-1
1002	-2
1003	0
1004	-1
1005	0
1006	-2
1007	0
1008	-2
1009	-1
1010	-1
1011	0
1012	-1
1013	0
1014	-2
1015	0
1016	0
1017	0
1018	-1
1019	0
1020	-2
1021	-1
1022	-1
1023	0
1024	-3
1025	-1
1026	-2
1027	-1
1028	-1
1029	0
1030	-3
1031	-1
1032	-2
1033	0
1034	-2
1035	0
1036	-2
1037	0
1038	-1
1039	0
1040	0
1041	0
1042	0
1043	0
1044	0
1045	0
1046	-1
1047	0
1048	0
1049	0
1050	0
1051	0
1052	-1
1053	0
1054	0
1055	0
1056	-1
1057	0
1058	0
1059	-1
1060	0
1061	0
1062	-1
1063	0
1064	-1
1065	0
1066	-1
1067	0
1068	-2
1069	0
1070	-1
1071	-1
1072	-1
1073	0
1074	-2
1075	0
1076	-1
1077	0
1078	0
1079	0
1080	-1
1081	0
1082	0
1083	0
1084	0
1085	0
1086	-1
1087	0
1088	0
1089	0
1090	-1
1091	0
1092	0
1093	0
1094	-2
1095	-1
1096	-2
1097	-1
1098	-2
1099	0
1100	-1
1101	-1
1102	-1
1103	-1
1104	-2
1105	-1
1106	-2
1107	0
1108	-2
1109	0
1110	-1
1111	0
1112	-2
1113	-1
1114	-2
1115	-1
1116	-1
1117	-1
1118	0
1119	0
1120	-1
1121	0
1122	0
1123	0
1124	-1
1125	0
1126	0
1127	0
1128	0
1129	1
1130	0
1131	1
1132	0
1133	1
1134	0
1135	1
1136	0
1137	1
1138	0
1139	1
1140	0
1141	2
1142	0
1143	1
1144	0
1145	0
1146	0
1147	0
1148	-1
1149	0
1150	0
1151	-1
1152	-1
1153	0
1154	-1
1155	0
1156	-1
1157	-1
1158	-2
1159	0
1160	-2
1161	-1
1162	-2
1163	-1
1164	-1
1165	0
1166	-2
1167	0
1168	-2
1169	0
1170	-1
1171	0
1172	0
1173	0
1174	0
1175	0
1176	0
1177	1
1178	0
1179	0
1180	0
1181	0
1182	0
1183	0
1184	0
1185	0
1186	-1
1187	0
1188	-2
1189	0
1190	-2
1191	-1
1192	-3
1193	-2
1194	-2
1195	-1
1196	-3
1197	-2
1198	-2
1199	-1
1200	-2
1201	0
1202	-2
1203	-1
1204	-2
1205	-2
1206	-1
1207	-1
1208	-2
1209	0
1210	-2
1211	0
1212	-2
1213	0
1214	-3
1215	0
1216	-1
1217	-1
1218	-1
1219	0
1220	-1
1221	0
1222	0
1223	0
1224	-1
1225	0
1226	-1
1227	0
1228	0
1229	0
1230	0
1231	0
1232	0
1233	0
1234	0
1235	0
1236	0
1237	0
1238	0
1239	0
1240	0
1241	0
1242	0
1243	0
1244	0
1245	0
1246	-1
1247	0
1248	0
1249	0
1250	-1
1251	-1
1252	-1
1253	0
1254	-1
1255	0
1256	-2
1257	0
1258	-2
1259	0
1260	-3
1261	-1
1262	-2
1263	0
1264	-1
1265	0
1266	-1
1267	0
1268	-2
1269	0
1270	-1
1271	0
1272	-1
1273	0
1274	0
1275	0
1276	0
1277	0
1278	0
1279	0
1280	0
1281	0
1282	0
1283	-1
1284	0
1285	0
1286	0
1287	0
1288	-1
1289	0
1290	0
1291	0
1292	-1
1293	-1
1294	-1
1295	0
1296	-1
1297	0
1298	0
1299	0
1300	-1
1301	0
1302	-1
1303	0
1304	-1
1305	0
1306	0
1307	0
1308	0
1309	0
1310	0
1311	0
1312	0
1313	1
1314	0
1315	0
1316	0
1317	0
1318	0
1319	0
1320	-1
1321	1
1322	-1
1323	0
1324	0
1325	1
1326	0
1327	0
1328	1
1329	1
1330	0
1331	1
1332	1
1333	1
1334	1
1335	1
1336	1
1337	2
1338	1
1339	2
1340	1
1341	1
1342	0
1343	2
1344	0
1345	1
1346	0
1347	2
1348	0
1349	2
1350	0
1351	2
1352	1
1353	2
1354	1
1355	2
1356	1
1357	2
1358	1
1359	2
1360	1
1361	2
1362	2
1363	3
1364	0
1365	3
1366	1
1367	2
1368	1
1369	2
1370	0
1371	2
1372	1
1373	2
1374	0
1375	2
1376	1
1377	1
1378	0
1379	1
1380	1
1381	0
1382	1
1383	1
1384	0
1385	1
1386	0
1387	0
1388	0
1389	0
1390	0
1391	0
1392	0
1393	0
1394	0
1395	0
1396	-1
1397	-1
1398	0
1399	0
1400	0
1401	0
1402	-1
1403	0
1404	0
1405	0
1406	-1
1407	0
1408	-1
1409	0
1410	-1
1411	0
1412	0
1413	0
1414	0
1415	0
1416	0
1417	0
1418	0
1419	0
1420	-1
1421	0
1422	-1
1423	0
1424	-1
1425	0
1426	-1
1427	0
1428	-1
1429	0
1430	-1
1431	0
1432	-1
1433	0
1434	0
1435	-1
1436	-1
1437	0
1438	-2
1439	-1
1440	-2
1441	0
1442	-1
1443	0
1444	-2
1445	0
1446	-1
1447	0
1448	-2
1449	0
1450	-2
1451	0
1452	-2
1453	-1
1454	-2
1455	-1
1456	-2
1457	-1
1458	-2
1459	-1
1460	-3
1461	0
1462	-2
1463	0
1464	0
1465	0
1466	-2
1467	0
1468	0
1469	0
1470	0
1471	0
1472	-1
1473	1
1474	0
1475	1
1476	0
1477	0
1478	-1
1479	0
1480	-1
1481	0
1482	0
1483	0
1484	-2
1485	-1
1486	-3
1487	0
1488	-2
1489	-1
1490	-1
1491	-1
1492	-2
1493	-1
1494	-2
1495	-1
1496	-2
1497	-1
1498	-3
1499	0
1500	-1
1501	0
1502	-2
1503	0
1504	-1
1505	0
1506	-2
1507	0
1508	-3
1509	0
1510	-1
1511	0
1512	-1
1513	0
1514	-1
1515	0
1516	0
1517	0
1518	0
1519	0
1520	0
1521	0
1522	0
1523	0
1524	0
1525	0
1526	0
1527	0
1528	0
1529	0
1530	-1
1531	0
1532	0
1533	0
1534	0
1535	0
1536	0
1537	0
1538	0
1539	0
1540	0
1541	0
1542	0
1543	0
1544	-1
1545	0
1546	-1
1547	0
1548	0
1549	0
1550	-1
1551	0
1552	-1
1553	0
1554	-2
1555	0
1556	-2
1557	-1
1558	-2
1559	-1
1560	-1
1561	0
1562	-1
1563	0
1564	-1
1565	0
1566	-2
1567	0
1568	-2
1569	-1
1570	-1
1571	0
1572	-1
1573	-1
1574	-1
1575	-1
1576	0
1577	0
1578	0
1579	-1
1580	0
1581	0
1582	-1
1583	0
1584	-1
1585	0
1586	0
1587	0
1588	-1
1589	0
1590	-1
1591	0
1592	-1
1593	0
1594	-1
1595	0
1596	-1
1597	0
1598	-1
1599	0
1600	0
1601	0
1602	-1
1603	0
1604	0
1605	0
1606	-1
1607	0
1608	0
1609	0
1610	-1
1611	0
1612	-1
1613	0
1614	-1
1615	0
1616	-1
1617	0
1618	-2
1619	0
1620	-1
1621	0
1622	-1
1623	0
1624	-2
1625	0
1626	-2
1627	-1
1628	-2
1629	0
1630	-2
1631	0
1632	0
1633	0
1634	-1
1635	0
1636	0
1637	0
1638	-1
1639	0
1640	0
1641	0
1642	0
1643	0
1644	0
1645	1
1646	0
1647	3
1648	1
1649	1
1650	0
1651	0
1652	1
1653	1
1654	0
1655	2
1656	0
1657	2
1658	0
1659	1
1660	0
1661	1
1662	0
1663	1
1664	-1
1665	0
1666	-1
1667	0
1668	-1
1669	0
1670	-1
1671	0
1672	-1
1673	0
1674	0
1675	0
1676	0
1677	0
1678	-1
1679	0
1680	0
1681	0
1682	-1
1683	0
1684	0
1685	0
1686	-1
1687	0
1688	0
1689	0
1690	0
1691	0
1692	0
1693	0
1694	0
1695	2
1696	0
1697	0
1698	1
1699	2
1700	0
1701	3
1702	2
1703	2
1704	0
1705	3
1706	2
1707	4
1708	3
1709	3
1710	2
1711	4
1712	3
1713	3
1714	2
1715	3
1716	1
1717	3
1718	2
1719	3
1720	1
1721	4
1722	1
1723	3
1724	2
1725	1
1726	1
1727	2
1728	0
1729	2
1730	0
1731	2
1732	0
1733	1
1734	0
1735	0
1736	0
1737	1
1738	0
1739	1
1740	0
1741	1
1742	0
1743	2
1744	0
1745	1
1746	0
1747	0
1748	0
1749	0
1750	0
1751	0
1752	0
1753	1
1754	0
1755	0
1756	0
1757	0
1758	0
1759	0
1760	0
1761	0
1762	0
1763	0
1764	-1
1765	-1
1766	-1
1767	0
1768	0
1769	0
1770	0
1771	0
1772	-1
1773	0
1774	-1
1775	0
1776	0
1777	0
1778	-2
1779	0
1780	-1
1781	0
1782	0
1783	0
1784	-1
1785	0
1786	0
1787	0
1788	0
1789	0
1790	0
1791	0
1792	0
1793	0
1794	0
1795	0
1796	0
1797	0
1798	-1
1799	0
1800	-1
1801	-1
1802	-1
1803	-1
1804	-1
1805	0
1806	-1
1807	0
1808	-2
1809	0
1810	-1
1811	0
1812	-1
1813	-1
1814	-2
1815	0
1816	-1
1817	0
1818	-2
1819	-1
1820	-3
1821	0
1822	-3
1823	0
1824	-3
1825	-1
1826	-2
1827	-1
1828	-3
1829	-1
1830	-3
1831	-1
1832	-2
1833	-1
1834	-2
1835	0
1836	-2
1837	0
1838	-3
1839	0
1840	-2
1841	0
1842	0
1843	0
1844	-1
1845	0
1846	-1
1847	0
1848	0
1849	0
1850	0
1851	0
1852	0
1853	0
1854	0
1855	0
1856	0
1857	0
1858	0
1859	0
1860	0
1861	0
1862	0
1863	0
1864	0
1865	0
1866	0
1867	0
1868	-1
1869	0
1870	-1
1871	-1
1872	-1
1873	0
1874	-1
1875	0
1876	-1
1877	0
1878	-1
1879	0
1880	-1
1881	-1
1882	-2
1883	-1
1884	-1
1885	0
1886	-2
1887	0
1888	-2
1889	0
1890	-1
1891	0
1892	-1
1893	-1
1894	-1
1895	-1
1896	-1
1897	0
1898	-1
1899	-1
1900	-1
1901	-2
1902	-1
1903	-1
1904	-1
1905	0
1906	-1
1907	0
1908	0
1909	0
1910	0
1911	0
1912	0
1913	0
1914	0
1915	0
1916	0
1917	0
1918	0
1919	0
1920	0
1921	0
1922	0
1923	0
1924	0
1925	0
1926	0
1927	0
1928	0
1929	0
1930	0
1931	0
1932	0
1933	0
1934	0
1935	0
1936	0
1937	0
1938	0
1939	0
1940	-1
1941	0
1942	0
1943	0
1944	0
1945	0
1946	0
1947	0
1948	0
1949	0
1950	0
1951	0
1952	0
1953	0
1954	0
1955	0
1956	0
1957	0
1958	0
1959	0
1960	0
1961	0
1962	-1
1963	0
1964	0
1965	0
1966	0
1967	0
1968	0
1969	0
1970	0
1971	0
1972	0
1973	0
1974	0
1975	0
1976	0
1977	0
1978	-1
1979	0
1980	0
1981	0
1982	0
1983	0
1984	-1
1985	0
1986	0
1987	0
1988	-2
1989	0
1990	0
1991	0
1992	0
1993	0
1994	0
1995	0
1996	0
1997	0
1998	0
1999	0
