0	0
1	3
2	1
3	2
4	1
5	3
6	1
7	0
8	0
9	1
10	0
11	0
12	0
13	0
14	0
15	1
16	0
17	0
18	0
19	0
20	0
21	1
22	0
23	0
24	1
25	0
26	0
27	1
28	0
29	0
30	0
31	1
32	0
33	1
34	1
35	0
36	0
37	1
38	0
39	1
40	0
41	1
42	0
43	1
44	0
45	1
46	0
47	1
48	0
49	1
50	0
51	1
52	0
53	1
54	0
55	1
56	0
57	2
58	0
59	1
60	0
61	3
62	1
63	2
64	0
65	1
66	0
67	2
68	0
69	2
70	0
71	1
72	0
73	1
74	0
75	1
76	0
77	0
78	-1
79	0
80	-1
81	2
82	-1
83	1
84	-2
85	2
86	-1
87	0
88	0
89	0
90	0
91	0
92	-1
93	1
94	0
95	0
96	0
97	1
98	0
99	0
100	0
101	0
102	0
103	0
104	0
105	0
106	0
107	0
108	0
109	0
110	0
111	0
112	-1
113	0
114	0
115	1
116	0
117	1
118	0
119	1
120	0
121	1
122	0
123	2
124	0
125	1
126	0
127	1
128	0
129	1
130	0
131	2
132	0
133	1
134	0
135	2
136	0
137	3
138	0
139	1
140	0
141	1
142	0
143	2
144	0
145	1
146	0
147	0
148	0
149	1
150	0
151	1
152	-1
153	1
154	0
155	1
156	-1
157	0
158	0
159	1
160	0
161	1
162	0
163	3
164	0
165	1
166	0
167	2
168	0
169	1
170	0
171	0
172	0
173	1
174	0
175	2
176	0
177	3
178	0
179	3
180	0
181	3
182	0
183	2
184	0
185	3
186	0
187	1
188	0
189	3
190	0
191	1
192	0
193	2
194	0
195	2
196	0
197	2
198	0
199	1
200	0
201	1
202	0
203	1
204	0
205	0
206	0
207	1
208	0
209	1
210	0
211	0
212	0
213	0
214	0
215	0
216	0
217	1
218	0
219	1
220	-1
221	1
222	0
223	0
224	0
225	0
226	-1
227	0
228	0
229	0
230	-1
231	0
232	-1
233	0
234	-1
235	0
236	-2
237	1
238	-1
239	1
240	0
241	0
242	-1
243	2
244	-1
245	0
246	0
247	1
248	0
249	3
250	0
251	2
252	0
253	3
254	1
255	2
256	0
257	3
258	0
259	3
260	0
261	4
262	0
263	2
264	0
265	2
266	0
267	2
268	0
269	2
270	0
271	0
272	0
273	1
274	-1
275	1
276	0
277	0
278	0
279	0
280	-1
281	0
282	-2
283	0
284	-1
285	0
286	-1
287	0
288	0
289	1
290	0
291	0
292	-1
293	0
294	-1
295	0
296	0
297	1
298	0
299	1
300	-1
301	1
302	0
303	1
304	0
305	0
306	0
307	1
308	0
309	1
310	0
311	2
312	0
313	2
314	-1
315	1
316	0
317	1
318	-1
319	1
320	0
321	2
322	-2
323	1
324	0
325	1
326	0
327	0
328	0
329	0
330	0
331	1
332	0
333	0
334	0
335	0
336	-1
337	0
338	0
339	0
340	0
341	0
342	-1
343	2
344	0
345	1
346	0
347	2
348	0
349	2
350	0
351	2
352	0
353	2
354	0
355	0
356	0
357	1
358	0
359	2
360	0
361	1
362	0
363	1
364	0
365	1
366	1
367	1
368	0
369	2
370	0
371	1
372	0
373	1
374	0
375	1
376	0
377	1
378	0
379	0
380	0
381	0
382	0
383	0
384	-1
385	0
386	-1
387	0
388	0
389	0
390	0
391	0
392	0
393	0
394	0
395	1
396	0
397	0
398	0
399	1
400	0
401	2
402	0
403	0
404	0
405	2
406	0
407	2
408	0
409	1
410	0
411	1
412	0
413	1
414	0
415	2
416	0
417	2
418	0
419	1
420	0
421	1
422	1
423	2
424	1
425	3
426	2
427	3
428	2
429	5
430	4
431	8
432	7
433	11
434	10
435	15
436	15
437	21
438	21
439	28
440	28
441	35
442	38
443	43
444	46
445	53
446	54
447	61
448	64
449	70
450	73
451	81
452	82
453	91
454	91
455	99
456	101
457	107
458	109
459	116
460	118
461	125
462	125
463	130
464	132
465	135
466	137
467	143
468	143
469	146
470	146
471	148
472	146
473	149
474	147
475	149
476	145
477	146
478	142
479	143
480	139
481	140
482	135
483	133
484	127
485	129
486	122
487	121
488	113
489	114
490	108
491	107
492	101
493	98
494	92
495	89
496	83
497	81
498	77
499	78
500	62
501	65
502	59
503	57
504	52
505	50
506	43
507	42
508	37
509	36
510	28
511	28
512	21
513	20
514	15
515	15
516	9
517	8
518	3
519	2
520	0
521	0
522	-6
523	-6
524	-10
525	-11
526	-15
527	-15
528	-19
529	-18
530	-22
531	-22
532	-26
533	-24
534	-27
535	-27
536	-31
537	-30
538	-32
539	-32
540	-34
541	-33
542	-36
543	-35
544	-38
545	-36
546	-40
547	-37
548	-42
549	-39
550	-42
551	-40
552	-43
553	-40
554	-44
555	-42
556	-45
557	-43
558	-43
559	-42
560	-43
561	-43
562	-45
563	-42
564	-45
565	-42
566	-44
567	-43
568	-44
569	-42
570	-44
571	-43
572	-43
573	-42
574	-44
575	-42
576	-44
577	-40
578	-42
579	-41
580	-42
581	-40
582	-42
583	-39
584	-42
585	-38
586	-39
587	-38
588	-39
589	-37
590	-39
591	-36
592	-37
593	-34
594	-37
595	-34
596	-35
597	-33
598	-33
599	-31
600	-32
601	-30
602	-31
603	-29
604	-31
605	-28
606	-30
607	-27
608	-28
609	-27
610	-28
611	-26
612	-26
613	-25
614	-25
615	-23
616	-24
617	-22
618	-23
619	-21
620	-24
621	-20
622	-21
623	-20
624	-21
625	-19
626	-20
627	-17
628	-19
629	-17
630	-18
631	-18
632	-18
633	-17
634	-17
635	-18
636	-17
637	-17
638	-16
639	-16
640	-17
641	-16
642	-17
643	-14
644	-16
645	-14
646	-15
647	-12
648	-15
649	-14
650	-14
651	-11
652	-15
653	-12
654	-13
655	-11
656	-15
657	-9
658	-14
659	-7
660	-12
661	-7
662	-11
663	-8
664	-11
665	-7
666	-10
667	-7
668	-10
669	-7
670	-8
671	-6
672	-7
673	-7
674	-8
675	-7
676	-7
677	-5
678	-4
679	-5
680	-5
681	-5
682	-5
683	-4
684	-5
685	-3
686	-6
687	-4
688	-7
689	-4
690	-6
691	-4
692	-4
693	-4
694	-5
695	-3
696	-5
697	-4
698	-4
699	-4
700	-5
701	-3
702	-6
703	-3
704	-5
705	-2
706	-4
707	-2
708	-4
709	-2
710	-5
711	-2
712	-4
713	-2
714	-4
715	-1
716	-2
717	-1
718	-3
719	0
720	-2
721	0
722	-2
723	0
724	-1
725	0
726	-1
727	0
728	-1
729	0
730	-1
731	0
732	-2
733	0
734	-1
735	0
736	-1
737	0
738	-1
739	0
740	-2
741	-1
742	-2
743	0
744	-2
745	0
746	-2
747	-1
748	-3
749	0
750	-2
751	0
752	-1
753	0
754	-3
755	0
756	-2
757	0
758	-2
759	-1
760	-3
761	0
762	-2
763	0
764	-1
765	0
766	-4
767	0
768	-1
769	0
770	-2
771	0
772	-2
773	-1
774	-2
775	0
776	-1
777	0
778	-1
779	0
780	-1
781	0
782	-1
783	0
784	0
785	0
786	-2
787	0
788	0
789	0
790	0
791	0
792	0
793	0
794	-1
795	0
796	-3
797	0
798	-2
799	0
800	0
801	0
802	-3
803	0
804	-2
805	-1
806	-2
807	-1
808	-2
809	-1
810	-2
811	0
812	-2
813	-1
814	-3
815	0
816	-1
817	0
818	-1
819	0
820	-1
821	0
822	-1
823	0
824	-2
825	0
826	0
827	0
828	-1
829	0
830	-2
831	0
832	-2
833	1
834	-1
835	0
836	-2
837	0
838	-1
839	0
840	-2
841	0
842	-1
843	0
844	-1
845	0
846	-2
847	0
848	-1
849	0
850	-1
851	0
852	-1
853	0
854	-1
855	0
856	0
857	1
858	-1
859	2
860	0
861	1
862	0
863	1
864	0
865	0
866	0
867	1
868	0
869	0
870	0
871	0
872	0
873	0
874	0
875	0
876	0
877	1
878	-1
879	0
880	-1
881	0
882	-1
883	0
884	-2
885	0
886	-2
887	0
888	-2
889	0
890	-1
891	0
892	-1
893	0
894	-3
895	0
896	-1
897	0
898	-1
899	0
900	-3
901	0
902	-1
903	1
904	-1
905	0
906	0
907	1
908	0
909	1
910	0
911	1
912	0
913	2
914	0
915	1
916	0
917	3
918	0
919	2
920	0
921	2
922	1
923	1
924	0
925	0
926	0
927	1
928	0
929	1
930	0
931	2
932	0
933	3
934	0
935	2
936	0
937	1
938	1
939	2
940	0
941	1
942	1
943	0
944	0
945	3
946	1
947	2
948	0
949	2
950	0
951	2
952	0
953	2
954	0
955	3
956	1
957	3
958	1
959	3
960	0
961	3
962	0
963	1
964	0
965	1
966	0
967	2
968	0
969	0
970	0
971	0
972	0
973	0
974	0
975	0
976	-1
977	0
978	-1
979	0
980	0
981	0
982	-1
983	0
984	-2
985	0
986	-2
987	0
988	-2
989	0
990	-1
991	0
992	-1
993	-1
994	-3
995	0
996	-2
997	0
998	-2
999	0
1000	-1
1001	-1
1002	-2
1003	0
1004	-1
1005	-1
1006	-1
1007	-1
1008	-2
1009	0
1010	-2
1011	0
1012	-2
1013	-1
1014	-1
1015	0
1016	-2
1017	0
1018	-1
1019	0
1020	-2
1021	0
1022	-3
1023	0
1024	-2
1025	0
1026	-2
1027	0
1028	-1
1029	0
1030	-2
1031	0
1032	-2
1033	0
1034	-2
1035	0
1036	-2
1037	0
1038	-1
1039	0
1040	-1
1041	0
1042	-1
1043	0
1044	-1
1045	0
1046	-1
1047	0
1048	-2
1049	0
1050	-2
1051	0
1052	-2
1053	0
1054	-1
1055	-1
1056	0
1057	0
1058	0
1059	0
1060	0
1061	0
1062	-1
1063	0
1064	0
1065	1
1066	-1
1067	0
1068	0
1069	0
1070	-1
1071	0
1072	-1
1073	0
1074	-1
1075	0
1076	-1
1077	0
1078	-1
1079	0
1080	-2
1081	0
1082	-1
1083	-1
1084	-2
1085	-1
1086	-3
1087	-1
1088	-2
1089	-1
1090	-2
1091	-1
1092	-2
1093	-1
1094	-1
1095	-1
1096	-1
1097	0
1098	-2
1099	0
1100	-1
1101	0
1102	-2
1103	-1
1104	-1
1105	0
1106	-1
1107	-1
1108	-1
1109	0
1110	-2
1111	0
1112	-2
1113	0
1114	-2
1115	0
1116	-1
1117	0
1118	-1
1119	0
1120	-1
1121	0
1122	-1
1123	0
1124	-2
1125	1
1126	-1
1127	0
1128	0
1129	0
1130	-1
1131	0
1132	-1
1133	0
1134	-1
1135	0
1136	-1
1137	1
1138	0
1139	0
1140	0
1141	1
1142	-1
1143	1
1144	0
1145	0
1146	-1
1147	0
1148	-1
1149	1
1150	0
1151	0
1152	-1
1153	1
1154	0
1155	0
1156	0
1157	0
1158	0
1159	0
1160	0
1161	0
1162	0
1163	0
1164	0
1165	0
1166	0
1167	0
1168	0
1169	0
1170	0
1171	0
1172	0
1173	0
1174	0
1175	0
1176	0
1177	0
1178	0
1179	0
1180	0
1181	0
1182	0
1183	1
1184	1
1185	2
1186	0
1187	2
1188	0
1189	3
1190	1
1191	1
1192	0
1193	3
1194	0
1195	3
1196	1
1197	3
1198	2
1199	4
1200	1
1201	3
1202	2
1203	4
1204	2
1205	4
1206	1
1207	4
1208	2
1209	3
1210	2
1211	3
1212	1
1213	3
1214	1
1215	3
1216	0
1217	2
1218	0
1219	4
1220	1
1221	2
1222	1
1223	2
1224	0
1225	1
1226	-1
1227	0
1228	0
1229	1
1230	0
1231	1
1232	0
1233	1
1234	0
1235	0
1236	0
1237	1
1238	0
1239	0
1240	0
1241	0
1242	0
1243	0
1244	-1
1245	1
1246	0
1247	1
1248	0
1249	0
1250	0
1251	0
1252	-1
1253	0
1254	0
1255	0
1256	0
1257	0
1258	0
1259	-1
1260	0
1261	0
1262	0
1263	0
1264	-1
1265	0
1266	-2
1267	-1
1268	-2
1269	0
1270	-1
1271	0
1272	-2
1273	0
1274	-2
1275	0
1276	0
1277	-1
1278	-1
1279	0
1280	-1
1281	0
1282	-1
1283	0
1284	-1
1285	0
1286	0
1287	0
1288	-1
1289	0
1290	-1
1291	0
1292	0
1293	0
1294	0
1295	0
1296	0
1297	0
1298	0
1299	0
1300	0
1301	0
1302	0
1303	0
1304	-1
1305	0
1306	0
1307	0
1308	-1
1309	0
1310	-1
1311	0
1312	0
1313	-1
1314	-1
1315	0
1316	-1
1317	0
1318	-1
1319	0
1320	-1
1321	0
1322	-2
1323	-1
1324	-2
1325	-1
1326	-2
1327	-1
1328	-2
1329	0
1330	-3
1331	-1
1332	-2
1333	-1
1334	-3
1335	-1
1336	-2
1337	-1
1338	-1
1339	-1
1340	-3
1341	-2
1342	-1
1343	-2
1344	-2
1345	-2
1346	-2
1347	-1
1348	-2
1349	-2
1350	-2
1351	-1
1352	-3
1353	-1
1354	-2
1355	-2
1356	-2
1357	0
1358	-1
1359	0
1360	-2
1361	0
1362	-1
1363	0
1364	-2
1365	0
1366	0
1367	0
1368	-1
1369	0
1370	-1
1371	0
1372	-1
1373	0
1374	0
1375	0
1376	0
1377	0
1378	-1
1379	0
1380	0
1381	1
1382	0
1383	0
1384	0
1385	1
1386	0
1387	0
1388	0
1389	0
1390	0
1391	1
1392	0
1393	1
1394	0
1395	0
1396	-1
1397	2
1398	0
1399	1
1400	0
1401	0
1402	0
1403	0
1404	-1
1405	0
1406	0
1407	1
1408	0
1409	0
1410	0
1411	0
1412	0
1413	0
1414	0
1415	0
1416	0
1417	1
1418	0
1419	0
1420	0
1421	0
1422	0
1423	0
1424	0
1425	0
1426	-1
1427	0
1428	-2
1429	0
1430	-2
1431	0
1432	0
1433	0
1434	-1
1435	0
1436	-1
1437	-1
1438	0
1439	0
1440	0
1441	-1
1442	-1
1443	-1
1444	0
1445	-1
1446	-1
1447	-1
1448	-2
1449	0
1450	0
1451	-1
1452	-1
1453	0
1454	-2
1455	-1
1456	-3
1457	0
1458	-1
1459	0
1460	-1
1461	-1
1462	-1
1463	0
1464	0
1465	0
1466	-1
1467	0
1468	-1
1469	0
1470	-2
1471	0
1472	-1
1473	0
1474	-1
1475	0
1476	0
1477	0
1478	0
1479	0
1480	0
1481	0
1482	0
1483	-1
1484	0
1485	0
1486	0
1487	0
1488	0
1489	0
1490	0
1491	0
1492	0
1493	1
1494	0
1495	0
1496	0
1497	0
1498	0
1499	1
1500	0
1501	1
1502	0
1503	1
1504	0
1505	1
1506	0
1507	1
1508	1
1509	1
1510	0
1511	1
1512	-1
1513	1
1514	0
1515	1
1516	-1
1517	1
1518	-1
1519	1
1520	0
1521	0
1522	0
1523	0
1524	0
1525	0
1526	0
1527	0
1528	0
1529	0
1530	0
1531	1
1532	-1
1533	0
1534	0
1535	1
1536	1
1537	2
1538	1
1539	2
1540	1
1541	1
1542	1
1543	3
1544	2
1545	3
1546	1
1547	3
1548	1
1549	4
1550	2
1551	4
1552	2
1553	3
1554	3
1555	4
1556	3
1557	4
1558	2
1559	4
1560	3
1561	4
1562	4
1563	3
1564	3
1565	3
1566	3
1567	4
1568	1
1569	3
1570	1
1571	2
1572	1
1573	2
1574	0
1575	2
1576	0
1577	2
1578	0
1579	1
1580	0
1581	0
1582	0
1583	0
1584	0
1585	0
1586	0
1587	0
1588	0
1589	0
1590	0
1591	0
1592	0
1593	0
1594	0
1595	1
1596	0
1597	1
1598	0
1599	0
1600	0
1601	0
1602	0
1603	0
1604	0
1605	0
1606	0
1607	1
1608	0
1609	1
1610	0
1611	1
1612	0
1613	0
1614	-1
1615	0
1616	-1
1617	0
1618	-2
1619	0
1620	-1
1621	0
1622	-1
1623	0
1624	-2
1625	0
1626	-1
1627	0
1628	-2
1629	0
1630	-3
1631	0
1632	-2
1633	-2
1634	-2
1635	0
1636	-2
1637	0
1638	-1
1639	0
1640	-3
1641	0
1642	-2
1643	0
1644	-3
1645	0
1646	-2
1647	-1
1648	-3
1649	0
1650	-1
1651	0
1652	0
1653	0
1654	0
1655	0
1656	-1
1657	0
1658	-1
1659	0
1660	-1
1661	0
1662	0
1663	0
1664	-1
1665	0
1666	-1
1667	0
1668	-1
1669	0
1670	0
1671	0
1672	-1
1673	0
1674	-2
1675	0
1676	-2
1677	0
1678	-2
1679	0
1680	-2
1681	0
1682	-2
1683	0
1684	-1
1685	0
1686	-2
1687	0
1688	-2
1689	0
1690	-2
1691	-1
1692	-2
1693	-1
1694	0
1695	-1
1696	-1
1697	-1
1698	-2
1699	0
1700	-3
1701	0
1702	-2
1703	0
1704	-2
1705	-1
1706	-4
1707	0
1708	-3
1709	0
1710	-3
1711	0
1712	-1
1713	0
1714	-2
1715	0
1716	-1
1717	0
1718	-2
1719	0
1720	-2
1721	-1
1722	-1
1723	0
1724	-2
1725	0
1726	-1
1727	0
1728	-2
1729	0
1730	0
1731	0
1732	0
1733	0
1734	0
1735	0
1736	0
1737	1
1738	0
1739	1
1740	-1
1741	0
1742	0
1743	1
1744	0
1745	1
1746	0
1747	0
1748	1
1749	2
1750	0
1751	1
1752	0
1753	1
1754	0
1755	2
1756	1
1757	3
1758	1
1759	3
1760	1
1761	3
1762	2
1763	3
1764	1
1765	4
1766	2
1767	3
1768	2
1769	4
1770	2
1771	3
1772	2
1773	4
1774	2
1775	3
1776	2
1777	2
1778	1
1779	3
1780	1
1781	3
1782	3
1783	3
1784	2
1785	4
1786	2
1787	2
1788	1
1789	2
1790	2
1791	2
1792	1
1793	2
1794	0
1795	2
1796	0
1797	1
1798	1
1799	1
1800	1
1801	2
1802	0
1803	1
1804	0
1805	1
1806	0
1807	1
1808	0
1809	1
1810	0
1811	1
1812	0
1813	0
1814	0
1815	0
1816	-1
1817	0
1818	-1
1819	0
1820	-3
1821	-1
1822	-2
1823	0
1824	-4
1825	-2
1826	-4
1827	-1
1828	-4
1829	0
1830	-3
1831	-1
1832	-3
1833	-1
1834	-3
1835	-1
1836	-2
1837	-1
1838	-1
1839	0
1840	-1
1841	-1
1842	-1
1843	0
1844	-1
1845	0
1846	-1
1847	1
1848	0
1849	0
1850	-1
1851	1
1852	0
1853	0
1854	0
1855	1
1856	0
1857	2
1858	-1
1859	0
1860	0
1861	1
1862	0
1863	1
1864	0
1865	1
1866	-1
1867	0
1868	-2
1869	0
1870	-1
1871	-1
1872	-1
1873	0
1874	0
1875	-1
1876	-1
1877	-1
1878	-1
1879	0
1880	-2
1881	0
1882	-2
1883	0
1884	-1
1885	0
1886	0
1887	0
1888	0
1889	0
1890	-1
1891	0
1892	-1
1893	0
1894	0
1895	0
1896	-1
1897	0
1898	-1
1899	0
1900	0
1901	0
1902	0
1903	0
1904	0
1905	0
1906	-1
1907	0
1908	-1
1909	0
1910	-2
1911	-1
1912	-1
1913	0
1914	-2
1915	-1
1916	-2
1917	0
1918	-4
1919	0
1920	-2
1921	-1
1922	-2
1923	0
1924	-2
1925	0
1926	-1
1927	0
1928	-2
1929	-1
1930	-3
1931	0
1932	-1
1933	0
1934	-2
1935	0
1936	-1
1937	0
1938	-2
1939	0
1940	-1
1941	0
1942	-1
1943	0
1944	0
1945	1
1946	0
1947	0
1948	-1
1949	0
1950	-1
1951	0
1952	0
1953	0
1954	0
1955	0
1956	-1
1957	1
1958	0
1959	0
1960	-1
1961	1
1962	0
1963	0
1964	0
1965	1
1966	0
1967	0
1968	0
1969	0
1970	0
1971	0
1972	0
1973	0
1974	-1
1975	0
1976	-1
1977	0
1978	0
1979	0
1980	0
1981	0
1982	0
1983	1
1984	0
1985	0
1986	0
1987	1
1988	0
1989	0
1990	0
1991	1
1992	0
1993	1
1994	0
1995	0
1996	0
1997	1
1998	0
1999	1
