0	0
1	1
2	0
3	0
4	-1
5	0
6	0
7	0
8	-1
9	0
10	0
11	0
12	-1
13	0
14	0
15	0
16	0
17	1
18	0
19	2
20	0
21	1
22	0
23	1
24	0
25	1
26	0
27	1
28	0
29	0
30	0
31	0
32	0
33	1
34	0
35	1
36	-1
37	1
38	0
39	1
40	0
41	0
42	0
43	0
44	-1
45	0
46	-1
47	0
48	0
49	1
50	0
51	1
52	0
53	0
54	0
55	1
56	0
57	0
58	0
59	1
60	0
61	2
62	0
63	1
64	0
65	2
66	0
67	2
68	0
69	1
70	0
71	1
72	0
73	2
74	0
75	2
76	0
77	2
78	0
79	2
80	0
81	3
82	0
83	2
84	0
85	1
86	0
87	0
88	0
89	0
90	0
91	1
92	0
93	0
94	0
95	0
96	0
97	1
98	0
99	0
100	0
101	0
102	0
103	0
104	0
105	0
106	0
107	0
108	0
109	0
110	0
111	1
112	0
113	0
114	0
115	1
116	-1
117	0
118	0
119	0
120	-1
121	0
122	0
123	0
124	0
125	0
126	0
127	1
128	0
129	0
130	-1
131	0
132	0
133	1
134	0
135	1
136	0
137	1
138	0
139	0
140	0
141	1
142	-1
143	1
144	0
145	0
146	0
147	0
148	-1
149	0
150	0
151	0
152	0
153	0
154	-1
155	1
156	-1
157	0
158	0
159	0
160	-1
161	1
162	-1
163	1
164	-1
165	0
166	0
167	0
168	0
169	0
170	0
171	0
172	0
173	0
174	0
175	0
176	0
177	0
178	0
179	0
180	0
181	2
182	0
183	0
184	0
185	2
186	1
187	1
188	0
189	1
190	0
191	2
192	1
193	2
194	0
195	1
196	0
197	1
198	0
199	1
200	0
201	1
202	0
203	2
204	0
205	1
206	0
207	0
208	0
209	0
210	0
211	0
212	0
213	1
214	0
215	0
216	0
217	0
218	0
219	0
220	0
221	0
222	0
223	0
224	0
225	0
226	0
227	0
228	0
229	2
230	0
231	1
232	0
233	1
234	0
235	1
236	0
237	2
238	0
239	1
240	0
241	1
242	0
243	1
244	0
245	1
246	0
247	0
248	-1
249	0
250	-1
251	-1
252	0
253	1
254	0
255	0
256	-1
257	0
258	0
259	0
260	0
261	1
262	0
263	1
264	0
265	0
266	0
267	0
268	-1
269	0
270	0
271	2
272	0
273	0
274	0
275	1
276	0
277	0
278	-1
279	0
280	0
281	1
282	0
283	1
284	-1
285	0
286	0
287	0
288	0
289	0
290	0
291	0
292	0
293	0
294	0
295	0
296	0
297	0
298	0
299	0
300	0
301	0
302	0
303	0
304	0
305	1
306	0
307	1
308	0
309	1
310	0
311	2
312	0
313	2
314	0
315	1
316	1
317	1
318	0
319	2
320	1
321	1
322	0
323	1
324	0
325	1
326	0
327	1
328	0
329	1
330	0
331	1
332	0
333	2
334	0
335	2
336	0
337	1
338	0
339	0
340	0
341	0
342	0
343	0
344	0
345	0
346	0
347	0
348	0
349	0
350	0
351	0
352	0
353	0
354	0
355	0
356	0
357	0
358	0
359	0
360	0
361	0
362	0
363	0
364	0
365	0
366	0
367	0
368	0
369	0
370	0
371	0
372	0
373	0
374	0
375	0
376	0
377	0
378	0
379	0
380	0
381	0
382	0
383	0
384	0
385	0
386	0
387	1
388	0
389	0
390	0
391	0
392	0
393	0
394	-1
395	0
396	0
397	0
398	0
399	0
400	0
401	0
402	-1
403	1
404	-1
405	0
406	-1
407	0
408	0
409	0
410	0
411	0
412	0
413	0
414	0
415	0
416	0
417	1
418	0
419	0
420	0
421	1
422	0
423	1
424	0
425	1
426	0
427	2
428	0
429	1
430	0
431	2
432	0
433	1
434	0
435	1
436	0
437	1
438	0
439	1
440	0
441	1
442	1
443	1
444	1
445	4
446	4
447	6
448	7
449	12
450	10
451	16
452	16
453	22
454	22
455	27
456	27
457	33
458	35
459	40
460	41
461	46
462	47
463	52
464	54
465	58
466	60
467	64
468	64
469	68
470	68
471	72
472	72
473	76
474	74
475	77
476	76
477	79
478	77
479	80
480	77
481	80
482	78
483	80
484	78
485	82
486	78
487	81
488	78
489	79
490	77
491	79
492	75
493	78
494	73
495	75
496	73
497	75
498	74
499	78
500	62
501	71
502	66
503	67
504	64
505	65
506	59
507	62
508	57
509	59
510	54
511	55
512	51
513	52
514	48
515	48
516	45
517	46
518	42
519	42
520	38
521	39
522	35
523	36
524	33
525	35
526	30
527	32
528	28
529	29
530	24
531	26
532	22
533	24
534	19
535	20
536	18
537	19
538	14
539	17
540	13
541	14
542	11
543	13
544	7
545	10
546	5
547	7
548	3
549	6
550	1
551	4
552	0
553	2
554	-2
555	1
556	-3
557	-1
558	-2
559	-2
560	-3
561	-3
562	-5
563	-3
564	-6
565	-4
566	-5
567	-4
568	-6
569	-4
570	-7
571	-5
572	-9
573	-6
574	-8
575	-6
576	-7
577	-5
578	-9
579	-6
580	-9
581	-8
582	-10
583	-8
584	-10
585	-9
586	-11
587	-9
588	-11
589	-11
590	-11
591	-11
592	-12
593	-12
594	-12
595	-11
596	-13
597	-11
598	-13
599	-13
600	-13
601	-12
602	-13
603	-12
604	-13
605	-12
606	-13
607	-12
608	-14
609	-12
610	-14
611	-12
612	-14
613	-11
614	-13
615	-13
616	-14
617	-11
618	-13
619	-10
620	-13
621	-10
622	-13
623	-9
624	-13
625	-8
626	-12
627	-8
628	-11
629	-7
630	-10
631	-7
632	-9
633	-6
634	-10
635	-5
636	-9
637	-5
638	-9
639	-7
640	-9
641	-5
642	-7
643	-5
644	-8
645	-4
646	-7
647	-4
648	-7
649	-3
650	-8
651	-4
652	-9
653	-5
654	-8
655	-5
656	-8
657	-5
658	-8
659	-4
660	-8
661	-4
662	-8
663	-3
664	-7
665	-3
666	-7
667	-3
668	-9
669	-2
670	-8
671	-3
672	-6
673	-4
674	-6
675	-3
676	-6
677	-2
678	-6
679	-3
680	-7
681	-4
682	-6
683	-3
684	-5
685	-3
686	-5
687	-3
688	-6
689	-3
690	-6
691	-3
692	-4
693	-3
694	-4
695	-2
696	-5
697	-2
698	-5
699	-2
700	-5
701	-2
702	-3
703	-2
704	-3
705	-3
706	-4
707	-1
708	-5
709	-1
710	-4
711	-2
712	-3
713	-2
714	-4
715	-2
716	-4
717	-2
718	-3
719	-1
720	-5
721	-1
722	-5
723	-2
724	-4
725	-1
726	-3
727	-1
728	-3
729	-1
730	-1
731	0
732	-3
733	-1
734	-2
735	-1
736	-2
737	-2
738	-3
739	-2
740	-1
741	-1
742	-1
743	-1
744	-2
745	-1
746	-3
747	-1
748	-4
749	-1
750	-4
751	-2
752	-4
753	-2
754	-3
755	-1
756	-4
757	0
758	-4
759	0
760	-3
761	-1
762	-4
763	0
764	-2
765	0
766	-3
767	0
768	-2
769	-1
770	-2
771	-1
772	-3
773	0
774	-3
775	-1
776	-3
777	0
778	-3
779	0
780	-3
781	-1
782	-3
783	-1
784	-2
785	-1
786	-3
787	0
788	-2
789	0
790	-3
791	-1
792	-2
793	0
794	-2
795	-1
796	-2
797	-2
798	-2
799	-1
800	-3
801	-1
802	-2
803	0
804	-2
805	0
806	-3
807	-1
808	-3
809	0
810	-1
811	0
812	-2
813	-1
814	-3
815	-1
816	-2
817	0
818	-2
819	-1
820	-3
821	-1
822	-3
823	0
824	-2
825	-1
826	-1
827	-1
828	-1
829	-1
830	-1
831	0
832	-1
833	0
834	0
835	0
836	0
837	0
838	0
839	0
840	-1
841	0
842	-2
843	0
844	-1
845	0
846	-1
847	0
848	0
849	0
850	-1
851	0
852	-2
853	0
854	-1
855	0
856	-1
857	0
858	-1
859	0
860	-1
861	0
862	-1
863	0
864	-1
865	0
866	-1
867	0
868	-1
869	-1
870	-2
871	0
872	-2
873	0
874	-2
875	0
876	-2
877	-2
878	-2
879	-1
880	-2
881	0
882	-3
883	-1
884	-2
885	-1
886	-1
887	0
888	-2
889	0
890	-1
891	0
892	-2
893	0
894	-1
895	0
896	0
897	0
898	0
899	1
900	0
901	0
902	0
903	1
904	0
905	0
906	-1
907	1
908	0
909	0
910	-1
911	0
912	-1
913	-1
914	-1
915	0
916	-2
917	-1
918	-2
919	-1
920	-2
921	-1
922	-3
923	-1
924	-2
925	0
926	-1
927	0
928	-2
929	-1
930	-2
931	-1
932	-1
933	0
934	-1
935	0
936	0
937	0
938	-1
939	0
940	-1
941	0
942	0
943	1
944	0
945	1
946	0
947	0
948	0
949	0
950	0
951	1
952	0
953	1
954	-1
955	0
956	0
957	0
958	0
959	0
960	-1
961	0
962	-1
963	0
964	-1
965	0
966	-2
967	0
968	-3
969	0
970	-1
971	0
972	-1
973	-1
974	-1
975	0
976	-1
977	0
978	-1
979	0
980	0
981	0
982	-1
983	1
984	-1
985	1
986	0
987	1
988	0
989	2
990	0
991	1
992	0
993	1
994	-1
995	0
996	0
997	1
998	0
999	0
1000	0
1001	2
1002	0
1003	1
1004	0
1005	1
1006	0
1007	0
1008	0
1009	1
1010	0
1011	1
1012	0
1013	0
1014	0
1015	2
1016	0
1017	1
1018	0
1019	1
1020	0
1021	1
1022	0
1023	2
1024	0
1025	2
1026	0
1027	2
1028	0
1029	2
1030	2
1031	2
1032	2
1033	3
1034	1
1035	2
1036	1
1037	2
1038	0
1039	1
1040	0
1041	1
1042	0
1043	2
1044	0
1045	2
1046	0
1047	1
1048	0
1049	1
1050	0
1051	0
1052	-1
1053	0
1054	0
1055	0
1056	-1
1057	0
1058	-3
1059	0
1060	-1
1061	0
1062	-1
1063	-1
1064	-3
1065	-1
1066	-2
1067	0
1068	-2
1069	-1
1070	-3
1071	0
1072	-2
1073	0
1074	-2
1075	-1
1076	-2
1077	0
1078	-3
1079	0
1080	-4
1081	0
1082	-2
1083	0
1084	-2
1085	0
1086	-1
1087	0
1088	-2
1089	0
1090	-2
1091	0
1092	-2
1093	0
1094	-2
1095	0
1096	-1
1097	0
1098	-1
1099	0
1100	-2
1101	-1
1102	-1
1103	0
1104	-2
1105	0
1106	-1
1107	0
1108	-2
1109	0
1110	-1
1111	0
1112	0
1113	0
1114	-1
1115	0
1116	-1
1117	0
1118	-2
1119	0
1120	-1
1121	0
1122	0
1123	0
1124	-1
1125	0
1126	0
1127	0
1128	-1
1129	0
1130	-1
1131	0
1132	0
1133	0
1134	-1
1135	0
1136	-1
1137	0
1138	-1
1139	0
1140	0
1141	1
1142	0
1143	0
1144	0
1145	0
1146	0
1147	1
1148	0
1149	0
1150	0
1151	1
1152	0
1153	0
1154	0
1155	1
1156	0
1157	1
1158	0
1159	0
1160	0
1161	0
1162	0
1163	0
1164	0
1165	0
1166	-1
1167	0
1168	0
1169	0
1170	-1
1171	0
1172	0
1173	0
1174	-1
1175	0
1176	-1
1177	0
1178	-2
1179	0
1180	-1
1181	-1
1182	-2
1183	-1
1184	0
1185	-1
1186	-2
1187	0
1188	-1
1189	0
1190	-1
1191	0
1192	-1
1193	0
1194	0
1195	0
1196	-1
1197	0
1198	-1
1199	0
1200	-1
1201	0
1202	-2
1203	0
1204	-1
1205	0
1206	-2
1207	0
1208	-2
1209	0
1210	-1
1211	0
1212	0
1213	0
1214	-2
1215	-1
1216	-1
1217	0
1218	0
1219	0
1220	-1
1221	0
1222	-1
1223	0
1224	-1
1225	0
1226	0
1227	0
1228	-1
1229	0
1230	-1
1231	0
1232	-1
1233	0
1234	0
1235	0
1236	-1
1237	0
1238	0
1239	0
1240	0
1241	0
1242	0
1243	1
1244	0
1245	1
1246	0
1247	0
1248	0
1249	0
1250	0
1251	0
1252	0
1253	0
1254	0
1255	1
1256	0
1257	0
1258	0
1259	0
1260	0
1261	0
1262	-1
1263	0
1264	-1
1265	0
1266	-1
1267	0
1268	-1
1269	0
1270	-1
1271	0
1272	0
1273	0
1274	0
1275	0
1276	0
1277	0
1278	0
1279	0
1280	0
1281	0
1282	0
1283	0
1284	0
1285	1
1286	0
1287	1
1288	0
1289	2
1290	0
1291	2
1292	0
1293	1
1294	0
1295	2
1296	0
1297	0
1298	0
1299	1
1300	0
1301	0
1302	0
1303	0
1304	0
1305	0
1306	0
1307	0
1308	0
1309	1
1310	0
1311	0
1312	0
1313	1
1314	0
1315	1
1316	0
1317	1
1318	0
1319	1
1320	0
1321	1
1322	0
1323	1
1324	0
1325	2
1326	0
1327	2
1328	0
1329	1
1330	0
1331	0
1332	0
1333	1
1334	0
1335	0
1336	0
1337	0
1338	0
1339	0
1340	0
1341	0
1342	-1
1343	1
1344	0
1345	0
1346	0
1347	0
1348	0
1349	0
1350	0
1351	0
1352	0
1353	0
1354	-1
1355	0
1356	-2
1357	0
1358	0
1359	0
1360	-1
1361	0
1362	0
1363	0
1364	0
1365	0
1366	-1
1367	0
1368	0
1369	0
1370	0
1371	0
1372	0
1373	0
1374	0
1375	0
1376	0
1377	0
1378	0
1379	0
1380	0
1381	0
1382	-1
1383	0
1384	-1
1385	0
1386	0
1387	0
1388	-2
1389	0
1390	-1
1391	0
1392	-1
1393	0
1394	-1
1395	0
1396	-1
1397	0
1398	-1
1399	0
1400	-2
1401	0
1402	-1
1403	0
1404	-2
1405	-1
1406	-2
1407	-1
1408	-1
1409	-1
1410	-2
1411	-1
1412	-2
1413	-2
1414	-1
1415	0
1416	-1
1417	0
1418	-2
1419	0
1420	0
1421	-1
1422	0
1423	0
1424	0
1425	0
1426	0
1427	0
1428	0
1429	0
1430	-1
1431	0
1432	-1
1433	0
1434	-1
1435	0
1436	-2
1437	0
1438	-1
1439	0
1440	-3
1441	0
1442	-1
1443	0
1444	-2
1445	0
1446	-2
1447	0
1448	-2
1449	0
1450	-1
1451	0
1452	0
1453	0
1454	0
1455	1
1456	0
1457	0
1458	0
1459	1
1460	1
1461	2
1462	0
1463	2
1464	1
1465	2
1466	0
1467	2
1468	0
1469	2
1470	0
1471	2
1472	2
1473	2
1474	2
1475	1
1476	2
1477	1
1478	2
1479	2
1480	0
1481	1
1482	0
1483	1
1484	0
1485	1
1486	0
1487	1
1488	0
1489	0
1490	0
1491	1
1492	0
1493	1
1494	0
1495	1
1496	0
1497	0
1498	0
1499	1
1500	0
1501	0
1502	0
1503	0
1504	0
1505	0
1506	0
1507	0
1508	0
1509	1
1510	0
1511	1
1512	0
1513	0
1514	0
1515	0
1516	0
1517	0
1518	0
1519	0
1520	0
1521	0
1522	0
1523	0
1524	0
1525	0
1526	-1
1527	0
1528	-1
1529	0
1530	-1
1531	0
1532	-2
1533	0
1534	-1
1535	0
1536	-1
1537	-1
1538	0
1539	0
1540	-1
1541	0
1542	-1
1543	0
1544	-1
1545	0
1546	-1
1547	0
1548	-1
1549	0
1550	-1
1551	0
1552	0
1553	0
1554	-1
1555	0
1556	0
1557	0
1558	-1
1559	0
1560	0
1561	0
1562	0
1563	0
1564	0
1565	0
1566	-1
1567	0
1568	-2
1569	0
1570	-1
1571	0
1572	0
1573	0
1574	-1
1575	-1
1576	-2
1577	0
1578	0
1579	0
1580	-2
1581	0
1582	-2
1583	0
1584	0
1585	0
1586	-1
1587	0
1588	-2
1589	0
1590	-1
1591	0
1592	0
1593	1
1594	0
1595	0
1596	0
1597	0
1598	0
1599	0
1600	-1
1601	1
1602	0
1603	0
1604	0
1605	0
1606	0
1607	0
1608	-2
1609	0
1610	0
1611	0
1612	-1
1613	0
1614	-1
1615	0
1616	-1
1617	0
1618	-1
1619	0
1620	-1
1621	0
1622	-2
1623	0
1624	-1
1625	-1
1626	-1
1627	-1
1628	-3
1629	-1
1630	-2
1631	0
1632	-2
1633	-1
1634	-1
1635	0
1636	-1
1637	0
1638	-1
1639	0
1640	-1
1641	0
1642	-1
1643	0
1644	-1
1645	0
1646	-1
1647	0
1648	0
1649	0
1650	0
1651	0
1652	0
1653	0
1654	0
1655	0
1656	0
1657	0
1658	0
1659	0
1660	0
1661	0
1662	0
1663	0
1664	0
1665	0
1666	-1
1667	0
1668	-1
1669	0
1670	0
1671	0
1672	0
1673	0
1674	-1
1675	0
1676	-1
1677	0
1678	-1
1679	0
1680	0
1681	0
1682	-1
1683	0
1684	0
1685	0
1686	0
1687	0
1688	0
1689	0
1690	0
1691	0
1692	-1
1693	0
1694	0
1695	0
1696	-1
1697	0
1698	0
1699	0
1700	0
1701	1
1702	0
1703	1
1704	0
1705	0
1706	-1
1707	0
1708	0
1709	0
1710	0
1711	0
1712	0
1713	0
1714	0
1715	0
1716	-1
1717	0
1718	0
1719	0
1720	0
1721	0
1722	-1
1723	0
1724	-1
1725	0
1726	0
1727	0
1728	-1
1729	0
1730	-1
1731	0
1732	-1
1733	0
1734	-2
1735	0
1736	0
1737	0
1738	-1
1739	0
1740	-1
1741	0
1742	-1
1743	-1
1744	-1
1745	0
1746	-1
1747	0
1748	0
1749	0
1750	-2
1751	0
1752	0
1753	0
1754	-2
1755	0
1756	0
1757	0
1758	-2
1759	0
1760	0
1761	0
1762	-1
1763	0
1764	-1
1765	0
1766	-1
1767	0
1768	0
1769	0
1770	0
1771	0
1772	-1
1773	0
1774	-2
1775	0
1776	0
1777	0
1778	0
1779	0
1780	0
1781	0
1782	0
1783	0
1784	0
1785	0
1786	0
1787	0
1788	-1
1789	0
1790	0
1791	0
1792	-1
1793	0
1794	0
1795	0
1796	0
1797	0
1798	0
1799	1
1800	0
1801	1
1802	0
1803	1
1804	0
1805	0
1806	0
1807	0
1808	0
1809	0
1810	0
1811	0
1812	0
1813	0
1814	0
1815	0
1816	0
1817	0
1818	-1
1819	0
1820	-1
1821	0
1822	0
1823	0
1824	0
1825	0
1826	-1
1827	0
1828	-1
1829	0
1830	0
1831	0
1832	-1
1833	0
1834	-1
1835	0
1836	-1
1837	0
1838	0
1839	0
1840	0
1841	0
1842	0
1843	0
1844	0
1845	0
1846	0
1847	0
1848	0
1849	0
1850	-1
1851	0
1852	-1
1853	0
1854	0
1855	0
1856	-2
1857	0
1858	-1
1859	0
1860	-1
1861	0
1862	0
1863	0
1864	0
1865	0
1866	0
1867	0
1868	-1
1869	0
1870	-1
1871	0
1872	-1
1873	0
1874	0
1875	0
1876	0
1877	0
1878	0
1879	0
1880	0
1881	0
1882	-1
1883	0
1884	-1
1885	1
1886	0
1887	0
1888	0
1889	0
1890	0
1891	1
1892	0
1893	1
1894	0
1895	0
1896	0
1897	1
1898	0
1899	1
1900	0
1901	1
1902	0
1903	1
1904	0
1905	1
1906	0
1907	0
1908	0
1909	1
1910	0
1911	0
1912	-1
1913	0
1914	0
1915	0
1916	-1
1917	0
1918	-1
1919	0
1920	0
1921	0
1922	-1
1923	0
1924	0
1925	0
1926	0
1927	0
1928	0
1929	0
1930	-1
1931	0
1932	-1
1933	0
1934	-1
1935	0
1936	-1
1937	0
1938	-1
1939	0
1940	-1
1941	0
1942	-1
1943	0
1944	-2
1945	0
1946	-2
1947	0
1948	-1
1949	0
1950	-1
1951	0
1952	-2
1953	0
1954	-1
1955	0
1956	0
1957	0
1958	-1
1959	0
1960	0
1961	0
1962	0
1963	0
1964	-2
1965	0
1966	-2
1967	0
1968	0
1969	0
1970	0
1971	0
1972	-2
1973	0
1974	-1
1975	-1
1976	-1
1977	0
1978	0
1979	0
1980	0
1981	1
1982	0
1983	2
1984	0
1985	1
1986	-1
1987	0
1988	0
1989	0
1990	-1
1991	0
1992	-1
1993	0
1994	0
1995	1
1996	0
1997	0
1998	-1
1999	0
