0	0
1	0
2	0
3	0
4	0
5	0
6	0
7	0
8	0
9	0
10	0
11	0
12	0
13	1
14	0
15	0
16	0
17	0
18	0
19	0
20	0
21	1
22	0
23	1
24	1
25	0
26	0
27	0
28	0
29	0
30	0
31	0
32	0
33	0
34	0
35	0
36	0
37	0
38	0
39	0
40	0
41	0
42	0
43	0
44	1
45	0
46	0
47	0
48	0
49	0
50	0
51	0
52	0
53	0
54	0
55	0
56	0
57	0
58	0
59	1
60	0
61	1
62	1
63	2
64	0
65	2
66	0
67	1
68	1
69	1
70	1
71	1
72	1
73	0
74	0
75	1
76	0
77	1
78	0
79	0
80	0
81	0
82	0
83	1
84	0
85	1
86	0
87	1
88	0
89	1
90	0
91	0
92	0
93	0
94	0
95	0
96	0
97	0
98	0
99	1
100	0
101	0
102	0
103	0
104	0
105	0
106	0
107	1
108	1
109	1
110	0
111	1
112	0
113	1
114	0
115	0
116	0
117	0
118	0
119	0
120	0
121	0
122	0
123	0
124	0
125	0
126	0
127	0
128	0
129	0
130	0
131	0
132	0
133	0
134	0
135	0
136	0
137	0
138	0
139	0
140	0
141	0
142	-1
143	0
144	-1
145	0
146	0
147	0
148	0
149	0
150	0
151	0
152	0
153	1
154	0
155	2
156	0
157	0
158	0
159	1
160	0
161	0
162	0
163	1
164	0
165	1
166	0
167	0
168	0
169	0
170	0
171	0
172	0
173	1
174	0
175	0
176	-1
177	0
178	-1
179	0
180	0
181	0
182	0
183	0
184	0
185	0
186	0
187	1
188	0
189	0
190	0
191	0
192	0
193	0
194	0
195	1
196	0
197	1
198	0
199	0
200	0
201	0
202	0
203	1
204	0
205	2
206	0
207	2
208	0
209	0
210	0
211	1
212	0
213	1
214	0
215	0
216	0
217	0
218	0
219	0
220	0
221	0
222	0
223	0
224	0
225	0
226	-1
227	0
228	0
229	0
230	0
231	0
232	0
233	0
234	0
235	0
236	0
237	0
238	0
239	1
240	0
241	0
242	0
243	0
244	-1
245	0
246	-1
247	0
248	-1
249	0
250	0
251	0
252	-1
253	0
254	-1
255	0
256	0
257	0
258	0
259	0
260	0
261	0
262	0
263	0
264	0
265	0
266	0
267	1
268	0
269	0
270	0
271	1
272	0
273	1
274	1
275	1
276	0
277	1
278	0
279	2
280	0
281	2
282	0
283	3
284	0
285	0
286	0
287	1
288	0
289	0
290	0
291	1
292	0
293	1
294	0
295	0
296	-1
297	0
298	-1
299	0
300	0
301	0
302	0
303	0
304	0
305	0
306	0
307	0
308	0
309	0
310	0
311	0
312	0
313	0
314	0
315	0
316	0
317	1
318	1
319	0
320	0
321	0
322	0
323	1
324	0
325	0
326	0
327	0
328	0
329	0
330	-1
331	0
332	-1
333	0
334	-1
335	0
336	-1
337	0
338	0
339	-1
340	-1
341	0
342	-1
343	-1
344	-1
345	-1
346	-1
347	0
348	-1
349	0
350	0
351	0
352	0
353	0
354	0
355	0
356	0
357	0
358	0
359	0
360	0
361	0
362	1
363	0
364	0
365	0
366	0
367	0
368	0
369	2
370	0
371	1
372	0
373	1
374	0
375	0
376	0
377	1
378	0
379	1
380	0
381	0
382	0
383	1
384	0
385	1
386	0
387	0
388	0
389	0
390	0
391	0
392	0
393	0
394	0
395	0
396	0
397	0
398	0
399	2
400	0
401	1
402	0
403	0
404	0
405	0
406	0
407	0
408	0
409	1
410	0
411	1
412	0
413	1
414	0
415	2
416	0
417	1
418	0
419	1
420	0
421	0
422	0
423	0
424	0
425	0
426	0
427	0
428	0
429	0
430	0
431	0
432	0
433	0
434	0
435	0
436	0
437	0
438	0
439	0
440	0
441	1
442	0
443	0
444	1
445	2
446	2
447	3
448	4
449	8
450	7
451	11
452	13
453	16
454	18
455	23
456	26
457	30
458	33
459	36
460	39
461	43
462	46
463	52
464	54
465	57
466	62
467	64
468	65
469	71
470	73
471	74
472	75
473	80
474	80
475	82
476	82
477	85
478	84
479	86
480	86
481	88
482	88
483	88
484	88
485	89
486	86
487	87
488	85
489	86
490	84
491	84
492	80
493	81
494	78
495	77
496	76
497	76
498	76
499	78
500	62
501	67
502	65
503	65
504	62
505	61
506	55
507	56
508	51
509	50
510	48
511	47
512	44
513	44
514	39
515	41
516	37
517	38
518	33
519	32
520	30
521	30
522	27
523	27
524	23
525	23
526	21
527	21
528	19
529	17
530	16
531	14
532	11
533	13
534	10
535	9
536	6
537	7
538	5
539	6
540	4
541	3
542	2
543	1
544	0
545	1
546	0
547	0
548	-3
549	-2
550	-3
551	-3
552	-5
553	-5
554	-9
555	-7
556	-9
557	-9
558	-11
559	-11
560	-11
561	-10
562	-11
563	-12
564	-13
565	-12
566	-13
567	-13
568	-13
569	-13
570	-13
571	-12
572	-14
573	-12
574	-14
575	-12
576	-13
577	-12
578	-13
579	-12
580	-13
581	-13
582	-13
583	-13
584	-14
585	-13
586	-14
587	-13
588	-14
589	-14
590	-14
591	-14
592	-14
593	-14
594	-14
595	-14
596	-13
597	-13
598	-13
599	-12
600	-14
601	-11
602	-14
603	-11
604	-14
605	-10
606	-14
607	-11
608	-14
609	-10
610	-13
611	-11
612	-11
613	-11
614	-13
615	-10
616	-12
617	-7
618	-12
619	-9
620	-11
621	-9
622	-10
623	-7
624	-10
625	-6
626	-8
627	-6
628	-7
629	-4
630	-8
631	-6
632	-7
633	-5
634	-8
635	-5
636	-6
637	-5
638	-7
639	-3
640	-6
641	-3
642	-6
643	-3
644	-5
645	-3
646	-4
647	-2
648	-4
649	-2
650	-4
651	-2
652	-3
653	-3
654	-3
655	-2
656	-4
657	-4
658	-4
659	-3
660	-5
661	-2
662	-3
663	-2
664	-3
665	-1
666	-4
667	-2
668	-3
669	-1
670	-2
671	-2
672	-1
673	-2
674	-1
675	-1
676	-1
677	0
678	-2
679	0
680	-2
681	0
682	-2
683	0
684	0
685	0
686	-1
687	0
688	-1
689	0
690	0
691	0
692	-1
693	0
694	0
695	0
696	-1
697	0
698	0
699	0
700	-1
701	0
702	-1
703	0
704	-1
705	0
706	-1
707	0
708	-1
709	0
710	-2
711	-1
712	-2
713	-1
714	-3
715	0
716	-2
717	-1
718	-2
719	-1
720	-2
721	0
722	-2
723	-1
724	-3
725	-1
726	-1
727	0
728	-3
729	0
730	0
731	0
732	-1
733	0
734	-1
735	0
736	-1
737	0
738	0
739	0
740	0
741	0
742	0
743	0
744	0
745	0
746	0
747	-1
748	-1
749	0
750	-1
751	0
752	0
753	-1
754	-1
755	0
756	-1
757	-1
758	-1
759	0
760	0
761	0
762	-1
763	0
764	-3
765	0
766	-1
767	0
768	-1
769	-1
770	-2
771	0
772	-1
773	-1
774	-1
775	-1
776	-2
777	0
778	-1
779	-1
780	-1
781	0
782	-1
783	0
784	-1
785	0
786	-1
787	0
788	-2
789	0
790	-2
791	0
792	-1
793	0
794	-1
795	-1
796	-1
797	-1
798	-1
799	0
800	-2
801	-1
802	-1
803	0
804	-1
805	0
806	0
807	0
808	-1
809	0
810	-1
811	-1
812	-2
813	-1
814	-2
815	0
816	-1
817	0
818	-1
819	0
820	0
821	0
822	-1
823	0
824	-1
825	0
826	-1
827	0
828	0
829	1
830	0
831	0
832	0
833	0
834	0
835	0
836	0
837	0
838	0
839	0
840	0
841	0
842	0
843	0
844	0
845	0
846	0
847	0
848	0
849	0
850	0
851	0
852	0
853	0
854	0
855	0
856	0
857	0
858	0
859	1
860	0
861	1
862	0
863	0
864	0
865	1
866	0
867	1
868	0
869	0
870	0
871	0
872	0
873	1
874	0
875	1
876	0
877	1
878	0
879	1
880	1
881	0
882	2
883	0
884	0
885	1
886	0
887	1
888	1
889	1
890	1
891	1
892	1
893	1
894	0
895	1
896	0
897	1
898	0
899	0
900	1
901	1
902	0
903	0
904	0
905	0
906	0
907	0
908	0
909	0
910	0
911	0
912	0
913	0
914	-1
915	0
916	0
917	0
918	0
919	0
920	0
921	0
922	0
923	0
924	0
925	0
926	0
927	0
928	0
929	0
930	0
931	0
932	1
933	0
934	0
935	1
936	0
937	1
938	0
939	1
940	0
941	1
942	0
943	1
944	1
945	0
946	1
947	2
948	0
949	2
950	1
951	2
952	1
953	1
954	0
955	2
956	0
957	2
958	1
959	1
960	0
961	1
962	0
963	0
964	0
965	1
966	0
967	0
968	0
969	0
970	0
971	0
972	0
973	0
974	0
975	1
976	0
977	0
978	0
979	0
980	0
981	0
982	-1
983	0
984	0
985	0
986	0
987	0
988	0
989	0
990	0
991	0
992	0
993	0
994	-1
995	0
996	0
997	0
998	-1
999	0
1000	-1
1001	0
1002	-1
1003	0
1004	0
1005	0
1006	-1
1007	0
1008	0
1009	0
1010	0
1011	0
1012	-1
1013	0
1014	0
1015	0
1016	0
1017	-1
1018	0
1019	0
1020	0
1021	0
1022	0
1023	0
1024	-1
1025	0
1026	-1
1027	0
1028	0
1029	0
1030	-1
1031	0
1032	0
1033	0
1034	-1
1035	0
1036	-1
1037	0
1038	0
1039	0
1040	0
1041	0
1042	-1
1043	0
1044	-1
1045	0
1046	-2
1047	-1
1048	-1
1049	-1
1050	-1
1051	0
1052	0
1053	0
1054	0
1055	0
1056	-1
1057	0
1058	-1
1059	-1
1060	0
1061	0
1062	0
1063	0
1064	0
1065	0
1066	0
1067	0
1068	-1
1069	0
1070	-1
1071	0
1072	-1
1073	0
1074	-1
1075	0
1076	0
1077	0
1078	-1
1079	0
1080	0
1081	0
1082	0
1083	0
1084	-1
1085	0
1086	-1
1087	0
1088	-1
1089	0
1090	-1
1091	-1
1092	-1
1093	-1
1094	-2
1095	-2
1096	-2
1097	-1
1098	-1
1099	-1
1100	-1
1101	-2
1102	-1
1103	-1
1104	0
1105	0
1106	-1
1107	0
1108	-1
1109	0
1110	0
1111	0
1112	0
1113	0
1114	0
1115	0
1116	0
1117	0
1118	0
1119	0
1120	-1
1121	0
1122	0
1123	0
1124	0
1125	0
1126	0
1127	0
1128	0
1129	0
1130	0
1131	0
1132	-1
1133	0
1134	0
1135	0
1136	-1
1137	0
1138	0
1139	0
1140	-1
1141	0
1142	0
1143	0
1144	-1
1145	0
1146	0
1147	0
1148	-1
1149	0
1150	-1
1151	0
1152	-1
1153	0
1154	-1
1155	0
1156	-1
1157	0
1158	0
1159	0
1160	0
1161	0
1162	-1
1163	0
1164	-1
1165	0
1166	-1
1167	0
1168	0
1169	0
1170	-1
1171	0
1172	-1
1173	0
1174	0
1175	0
1176	-1
1177	0
1178	-1
1179	0
1180	0
1181	0
1182	0
1183	0
1184	0
1185	0
1186	0
1187	0
1188	0
1189	0
1190	0
1191	0
1192	0
1193	0
1194	0
1195	0
1196	0
1197	0
1198	0
1199	0
1200	0
1201	0
1202	-1
1203	0
1204	0
1205	0
1206	0
1207	0
1208	0
1209	0
1210	-1
1211	0
1212	0
1213	0
1214	0
1215	0
1216	-1
1217	0
1218	-2
1219	0
1220	-1
1221	-1
1222	-1
1223	-1
1224	0
1225	0
1226	-1
1227	0
1228	0
1229	0
1230	0
1231	0
1232	0
1233	0
1234	0
1235	-1
1236	-1
1237	0
1238	-1
1239	0
1240	0
1241	0
1242	0
1243	0
1244	-1
1245	0
1246	0
1247	0
1248	0
1249	0
1250	-1
1251	0
1252	-1
1253	0
1254	0
1255	0
1256	-1
1257	0
1258	0
1259	0
1260	0
1261	0
1262	-1
1263	0
1264	-1
1265	0
1266	-1
1267	0
1268	0
1269	0
1270	-1
1271	0
1272	0
1273	0
1274	0
1275	0
1276	0
1277	0
1278	0
1279	0
1280	0
1281	0
1282	0
1283	0
1284	0
1285	0
1286	0
1287	0
1288	0
1289	0
1290	0
1291	0
1292	0
1293	0
1294	0
1295	0
1296	-1
1297	0
1298	-1
1299	0
1300	0
1301	0
1302	0
1303	0
1304	0
1305	0
1306	0
1307	0
1308	0
1309	0
1310	-1
1311	0
1312	0
1313	0
1314	0
1315	0
1316	0
1317	0
1318	0
1319	0
1320	0
1321	0
1322	0
1323	0
1324	0
1325	0
1326	0
1327	0
1328	-1
1329	0
1330	0
1331	0
1332	0
1333	0
1334	0
1335	0
1336	0
1337	0
1338	-1
1339	0
1340	0
1341	-1
1342	0
1343	-1
1344	0
1345	0
1346	0
1347	-1
1348	0
1349	-1
1350	0
1351	0
1352	-2
1353	0
1354	-1
1355	0
1356	0
1357	0
1358	0
1359	0
1360	0
1361	0
1362	0
1363	0
1364	0
1365	0
1366	0
1367	0
1368	0
1369	0
1370	0
1371	0
1372	0
1373	0
1374	0
1375	0
1376	0
1377	0
1378	0
1379	0
1380	0
1381	0
1382	0
1383	0
1384	0
1385	1
1386	0
1387	0
1388	0
1389	0
1390	0
1391	0
1392	0
1393	0
1394	0
1395	0
1396	-1
1397	0
1398	-1
1399	0
1400	0
1401	0
1402	-2
1403	0
1404	-1
1405	0
1406	-1
1407	0
1408	-1
1409	0
1410	0
1411	0
1412	-1
1413	0
1414	0
1415	0
1416	0
1417	0
1418	0
1419	0
1420	0
1421	0
1422	0
1423	-1
1424	-1
1425	0
1426	0
1427	0
1428	0
1429	0
1430	-1
1431	0
1432	0
1433	0
1434	0
1435	0
1436	-1
1437	0
1438	-1
1439	-1
1440	-1
1441	0
1442	-1
1443	-1
1444	0
1445	0
1446	-1
1447	0
1448	-1
1449	0
1450	-1
1451	0
1452	-2
1453	0
1454	-1
1455	0
1456	0
1457	0
1458	-1
1459	0
1460	0
1461	0
1462	0
1463	0
1464	0
1465	0
1466	0
1467	0
1468	0
1469	0
1470	0
1471	0
1472	0
1473	0
1474	0
1475	0
1476	0
1477	0
1478	0
1479	0
1480	0
1481	0
1482	0
1483	0
1484	0
1485	0
1486	0
1487	0
1488	0
1489	0
1490	-1
1491	0
1492	0
1493	0
1494	0
1495	0
1496	0
1497	0
1498	0
1499	0
1500	-1
1501	0
1502	0
1503	0
1504	-1
1505	0
1506	0
1507	0
1508	-1
1509	0
1510	-1
1511	0
1512	-1
1513	0
1514	-1
1515	0
1516	-1
1517	0
1518	0
1519	0
1520	0
1521	0
1522	0
1523	0
1524	-1
1525	0
1526	0
1527	0
1528	0
1529	0
1530	0
1531	0
1532	0
1533	0
1534	0
1535	0
1536	0
1537	0
1538	0
1539	0
1540	0
1541	0
1542	0
1543	0
1544	-1
1545	0
1546	-1
1547	0
1548	-1
1549	0
1550	0
1551	0
1552	0
1553	0
1554	0
1555	0
1556	0
1557	0
1558	0
1559	0
1560	0
1561	0
1562	0
1563	0
1564	0
1565	0
1566	0
1567	0
1568	0
1569	0
1570	-1
1571	0
1572	0
1573	0
1574	0
1575	0
1576	-1
1577	0
1578	-1
1579	-1
1580	-1
1581	0
1582	-1
1583	0
1584	-1
1585	0
1586	0
1587	0
1588	0
1589	0
1590	0
1591	0
1592	0
1593	0
1594	0
1595	0
1596	0
1597	0
1598	0
1599	0
1600	0
1601	0
1602	0
1603	0
1604	0
1605	0
1606	0
1607	1
1608	0
1609	0
1610	0
1611	0
1612	0
1613	0
1614	0
1615	0
1616	-1
1617	0
1618	-1
1619	0
1620	-2
1621	0
1622	-1
1623	0
1624	-1
1625	-1
1626	-1
1627	-1
1628	-1
1629	0
1630	-2
1631	-1
1632	-2
1633	-1
1634	-1
1635	0
1636	-1
1637	0
1638	-1
1639	0
1640	0
1641	0
1642	-1
1643	0
1644	0
1645	0
1646	0
1647	0
1648	0
1649	0
1650	0
1651	0
1652	0
1653	0
1654	0
1655	0
1656	0
1657	0
1658	0
1659	0
1660	0
1661	0
1662	0
1663	0
1664	0
1665	0
1666	0
1667	0
1668	0
1669	0
1670	0
1671	0
1672	0
1673	0
1674	0
1675	0
1676	0
1677	0
1678	0
1679	0
1680	0
1681	0
1682	0
1683	0
1684	0
1685	0
1686	0
1687	0
1688	0
1689	0
1690	0
1691	0
1692	0
1693	0
1694	-1
1695	0
1696	0
1697	0
1698	0
1699	0
1700	-1
1701	0
1702	0
1703	0
1704	0
1705	0
1706	-1
1707	0
1708	0
1709	0
1710	0
1711	0
1712	-1
1713	0
1714	0
1715	0
1716	0
1717	0
1718	0
1719	0
1720	0
1721	0
1722	0
1723	0
1724	0
1725	0
1726	0
1727	0
1728	0
1729	0
1730	0
1731	0
1732	0
1733	0
1734	0
1735	0
1736	0
1737	0
1738	0
1739	0
1740	0
1741	0
1742	0
1743	0
1744	0
1745	0
1746	-1
1747	0
1748	-1
1749	0
1750	-1
1751	0
1752	-1
1753	0
1754	-1
1755	0
1756	0
1757	0
1758	-1
1759	0
1760	-1
1761	0
1762	-1
1763	0
1764	-2
1765	0
1766	-1
1767	0
1768	-1
1769	0
1770	-1
1771	0
1772	0
1773	0
1774	0
1775	0
1776	-1
1777	0
1778	0
1779	0
1780	0
1781	0
1782	0
1783	1
1784	0
1785	0
1786	0
1787	0
1788	0
1789	0
1790	0
1791	0
1792	0
1793	0
1794	0
1795	0
1796	0
1797	1
1798	0
1799	0
1800	0
1801	0
1802	0
1803	0
1804	0
1805	0
1806	0
1807	0
1808	-1
1809	0
1810	-1
1811	0
1812	-1
1813	0
1814	-1
1815	0
1816	-1
1817	0
1818	-1
1819	0
1820	-1
1821	0
1822	0
1823	0
1824	-1
1825	0
1826	-1
1827	0
1828	-1
1829	0
1830	0
1831	0
1832	0
1833	0
1834	0
1835	0
1836	0
1837	0
1838	0
1839	0
1840	0
1841	0
1842	0
1843	0
1844	0
1845	0
1846	0
1847	0
1848	0
1849	0
1850	0
1851	0
1852	0
1853	0
1854	0
1855	0
1856	0
1857	0
1858	0
1859	1
1860	0
1861	0
1862	0
1863	0
1864	0
1865	0
1866	0
1867	0
1868	0
1869	0
1870	0
1871	0
1872	0
1873	0
1874	0
1875	0
1876	0
1877	0
1878	0
1879	0
1880	-1
1881	0
1882	0
1883	0
1884	0
1885	0
1886	0
1887	0
1888	-1
1889	0
1890	0
1891	0
1892	0
1893	0
1894	0
1895	0
1896	0
1897	0
1898	0
1899	0
1900	0
1901	0
1902	0
1903	0
1904	1
1905	1
1906	0
1907	1
1908	0
1909	2
1910	1
1911	2
1912	0
1913	2
1914	1
1915	3
1916	1
1917	2
1918	2
1919	2
1920	1
1921	3
1922	1
1923	3
1924	2
1925	3
1926	2
1927	3
1928	1
1929	3
1930	1
1931	4
1932	2
1933	2
1934	2
1935	2
1936	2
1937	2
1938	1
1939	2
1940	2
1941	3
1942	2
1943	3
1944	2
1945	2
1946	1
1947	2
1948	1
1949	3
1950	1
1951	3
1952	1
1953	2
1954	1
1955	2
1956	1
1957	3
1958	1
1959	2
1960	1
1961	2
1962	1
1963	1
1964	1
1965	1
1966	0
1967	1
1968	1
1969	1
1970	0
1971	1
1972	0
1973	2
1974	0
1975	1
1976	0
1977	1
1978	0
1979	0
1980	0
1981	0
1982	0
1983	0
1984	0
1985	0
1986	0
1987	0
1988	0
1989	0
1990	0
1991	0
1992	0
1993	0
1994	-1
1995	0
1996	0
1997	0
1998	0
1999	0
