0	0
1	2
2	0
3	2
4	0
5	1
6	0
7	0
8	0
9	0
10	0
11	0
12	0
13	0
14	0
15	0
16	0
17	0
18	0
19	0
20	0
21	0
22	0
23	0
24	-1
25	0
26	0
27	0
28	0
29	0
30	0
31	0
32	0
33	0
34	0
35	0
36	0
37	0
38	0
39	0
40	0
41	0
42	0
43	0
44	0
45	0
46	0
47	0
48	0
49	1
50	0
51	1
52	0
53	0
54	0
55	1
56	0
57	0
58	0
59	0
60	0
61	1
62	0
63	0
64	0
65	2
66	0
67	1
68	0
69	0
70	0
71	0
72	0
73	0
74	0
75	1
76	0
77	1
78	0
79	2
80	0
81	0
82	0
83	1
84	0
85	1
86	0
87	1
88	0
89	0
90	0
91	0
92	0
93	0
94	-1
95	1
96	0
97	0
98	-1
99	0
100	-1
101	0
102	-1
103	0
104	0
105	1
106	0
107	1
108	0
109	0
110	0
111	1
112	0
113	0
114	0
115	1
116	0
117	0
118	-1
119	0
120	0
121	0
122	0
123	1
124	0
125	0
126	0
127	0
128	0
129	0
130	0
131	1
132	0
133	1
134	0
135	0
136	0
137	1
138	0
139	0
140	0
141	0
142	0
143	0
144	0
145	0
146	-1
147	1
148	0
149	0
150	0
151	0
152	0
153	0
154	-1
155	0
156	0
157	0
158	0
159	0
160	0
161	0
162	0
163	1
164	0
165	0
166	0
167	1
168	0
169	2
170	0
171	1
172	0
173	1
174	0
175	1
176	0
177	1
178	0
179	1
180	0
181	0
182	0
183	0
184	0
185	0
186	0
187	0
188	0
189	1
190	0
191	1
192	0
193	1
194	0
195	1
196	0
197	2
198	0
199	1
200	0
201	2
202	0
203	1
204	0
205	1
206	0
207	0
208	0
209	0
210	0
211	0
212	0
213	1
214	0
215	0
216	0
217	0
218	0
219	0
220	0
221	0
222	0
223	0
224	0
225	0
226	0
227	0
228	0
229	0
230	0
231	0
232	0
233	0
234	0
235	0
236	0
237	0
238	-1
239	0
240	-1
241	0
242	-1
243	0
244	0
245	1
246	0
247	1
248	0
249	0
250	0
251	0
252	0
253	0
254	0
255	1
256	0
257	1
258	0
259	0
260	0
261	1
262	0
263	1
264	0
265	0
266	0
267	0
268	0
269	0
270	0
271	0
272	0
273	1
274	0
275	1
276	0
277	1
278	0
279	0
280	0
281	1
282	0
283	0
284	0
285	0
286	0
287	1
288	0
289	0
290	0
291	1
292	0
293	1
294	0
295	1
296	0
297	1
298	0
299	1
300	0
301	0
302	0
303	0
304	0
305	1
306	0
307	1
308	0
309	1
310	0
311	2
312	0
313	0
314	0
315	0
316	0
317	0
318	0
319	0
320	0
321	0
322	1
323	1
324	0
325	1
326	0
327	2
328	0
329	0
330	0
331	0
332	0
333	0
334	0
335	0
336	-1
337	0
338	0
339	0
340	0
341	1
342	0
343	0
344	0
345	0
346	0
347	0
348	0
349	0
350	-1
351	0
352	0
353	0
354	0
355	1
356	0
357	1
358	0
359	1
360	0
361	0
362	0
363	0
364	-1
365	0
366	-1
367	0
368	0
369	0
370	0
371	1
372	0
373	0
374	0
375	1
376	0
377	1
378	0
379	1
380	0
381	0
382	0
383	1
384	0
385	0
386	0
387	1
388	0
389	1
390	0
391	1
392	0
393	0
394	0
395	0
396	0
397	0
398	0
399	0
400	0
401	2
402	0
403	1
404	0
405	0
406	0
407	0
408	0
409	0
410	0
411	0
412	0
413	0
414	0
415	0
416	0
417	0
418	0
419	1
420	0
421	1
422	0
423	1
424	0
425	1
426	1
427	0
428	0
429	0
430	0
431	1
432	0
433	0
434	0
435	2
436	0
437	2
438	0
439	1
440	0
441	2
442	1
443	4
444	2
445	7
446	5
447	10
448	6
449	12
450	10
451	16
452	15
453	19
454	18
455	23
456	25
457	27
458	27
459	33
460	32
461	36
462	37
463	41
464	41
465	44
466	44
467	47
468	47
469	51
470	50
471	54
472	54
473	58
474	56
475	60
476	57
477	62
478	60
479	63
480	62
481	65
482	64
483	68
484	65
485	69
486	67
487	72
488	67
489	73
490	67
491	71
492	68
493	71
494	69
495	72
496	72
497	73
498	73
499	78
500	62
501	71
502	68
503	69
504	67
505	68
506	66
507	68
508	62
509	66
510	61
511	64
512	60
513	62
514	59
515	60
516	56
517	57
518	53
519	55
520	50
521	52
522	48
523	49
524	44
525	47
526	41
527	43
528	38
529	40
530	36
531	37
532	34
533	35
534	32
535	33
536	30
537	31
538	28
539	30
540	25
541	27
542	21
543	26
544	18
545	22
546	16
547	19
548	15
549	16
550	13
551	14
552	11
553	12
554	10
555	11
556	10
557	10
558	8
559	9
560	7
561	7
562	5
563	7
564	4
565	6
566	3
567	5
568	1
569	4
570	0
571	4
572	0
573	4
574	0
575	2
576	-3
577	0
578	-3
579	1
580	-2
581	0
582	-3
583	0
584	-1
585	0
586	-3
587	-1
588	-3
589	0
590	-1
591	-1
592	-3
593	-1
594	-2
595	0
596	-3
597	0
598	-3
599	-1
600	-4
601	0
602	-3
603	-1
604	-3
605	0
606	-3
607	0
608	-3
609	0
610	-4
611	0
612	-5
613	0
614	-4
615	-1
616	-4
617	0
618	-4
619	-1
620	-4
621	-2
622	-3
623	-1
624	-2
625	-1
626	-4
627	0
628	-4
629	-1
630	-3
631	0
632	-4
633	-2
634	-2
635	-1
636	-2
637	0
638	-3
639	0
640	-2
641	0
642	-3
643	0
644	-3
645	0
646	-2
647	0
648	-2
649	0
650	-2
651	0
652	-1
653	0
654	-1
655	0
656	-1
657	0
658	0
659	0
660	-1
661	0
662	-1
663	0
664	-1
665	0
666	-1
667	0
668	-2
669	0
670	-1
671	0
672	-1
673	0
674	0
675	0
676	0
677	0
678	0
679	0
680	0
681	0
682	0
683	0
684	0
685	0
686	0
687	0
688	0
689	0
690	0
691	0
692	0
693	0
694	0
695	0
696	0
697	0
698	0
699	0
700	-1
701	0
702	0
703	0
704	0
705	0
706	0
707	0
708	0
709	0
710	0
711	0
712	-2
713	0
714	0
715	0
716	-1
717	0
718	-2
719	0
720	-2
721	0
722	-2
723	0
724	-1
725	0
726	-2
727	0
728	-2
729	0
730	-1
731	0
732	-1
733	0
734	-2
735	0
736	-1
737	0
738	-1
739	0
740	-1
741	0
742	0
743	0
744	-1
745	0
746	0
747	0
748	-1
749	0
750	-1
751	0
752	0
753	0
754	0
755	0
756	-1
757	0
758	0
759	0
760	-1
761	0
762	-1
763	0
764	-1
765	0
766	0
767	0
768	-1
769	0
770	-1
771	0
772	-1
773	0
774	0
775	0
776	0
777	0
778	0
779	0
780	0
781	0
782	0
783	0
784	0
785	0
786	-1
787	0
788	0
789	0
790	-1
791	0
792	0
793	0
794	-1
795	0
796	-1
797	0
798	0
799	0
800	-1
801	0
802	0
803	0
804	-1
805	0
806	0
807	0
808	-1
809	0
810	0
811	0
812	0
813	0
814	0
815	0
816	-1
817	0
818	0
819	0
820	-1
821	0
822	-1
823	0
824	0
825	0
826	-2
827	0
828	-1
829	0
830	-1
831	0
832	-1
833	0
834	-1
835	0
836	-1
837	0
838	-2
839	0
840	-2
841	0
842	-1
843	0
844	-1
845	0
846	-2
847	0
848	-3
849	0
850	-2
851	0
852	-3
853	0
854	-3
855	0
856	-3
857	0
858	-2
859	0
860	-2
861	0
862	-3
863	0
864	-3
865	-1
866	-2
867	0
868	0
869	0
870	-1
871	0
872	-1
873	0
874	-1
875	0
876	-1
877	0
878	-1
879	0
880	-1
881	0
882	-1
883	0
884	-2
885	0
886	-1
887	0
888	-2
889	0
890	-1
891	0
892	-1
893	0
894	0
895	0
896	0
897	0
898	-2
899	0
900	0
901	0
902	-1
903	0
904	-2
905	0
906	-2
907	0
908	-1
909	0
910	-1
911	0
912	0
913	0
914	-1
915	0
916	-1
917	0
918	-1
919	0
920	0
921	0
922	-1
923	0
924	0
925	0
926	0
927	0
928	0
929	0
930	0
931	0
932	0
933	0
934	0
935	1
936	0
937	0
938	0
939	0
940	0
941	1
942	0
943	1
944	0
945	1
946	0
947	1
948	0
949	1
950	0
951	1
952	0
953	2
954	1
955	1
956	0
957	2
958	1
959	3
960	1
961	2
962	0
963	2
964	1
965	2
966	0
967	2
968	1
969	3
970	1
971	3
972	1
973	2
974	1
975	2
976	1
977	3
978	1
979	2
980	0
981	2
982	0
983	2
984	1
985	2
986	0
987	2
988	0
989	2
990	0
991	1
992	0
993	2
994	0
995	1
996	1
997	1
998	0
999	0
1000	0
1001	1
1002	0
1003	1
1004	0
1005	0
1006	0
1007	0
1008	0
1009	0
1010	0
1011	0
1012	0
1013	0
1014	-2
1015	0
1016	-1
1017	0
1018	-2
1019	0
1020	-1
1021	0
1022	0
1023	0
1024	-1
1025	0
1026	-1
1027	0
1028	-2
1029	0
1030	-1
1031	0
1032	-2
1033	0
1034	-1
1035	0
1036	-3
1037	0
1038	-1
1039	0
1040	-1
1041	0
1042	-3
1043	0
1044	-2
1045	0
1046	-1
1047	0
1048	-2
1049	0
1050	-1
1051	0
1052	-2
1053	0
1054	-1
1055	0
1056	-1
1057	0
1058	-1
1059	0
1060	-2
1061	0
1062	-2
1063	0
1064	-2
1065	0
1066	-3
1067	0
1068	-2
1069	0
1070	-3
1071	0
1072	-2
1073	0
1074	-3
1075	0
1076	-2
1077	0
1078	-2
1079	0
1080	-1
1081	0
1082	-2
1083	0
1084	-2
1085	0
1086	-2
1087	0
1088	-2
1089	0
1090	0
1091	0
1092	-1
1093	0
1094	-1
1095	0
1096	-1
1097	0
1098	0
1099	0
1100	-1
1101	0
1102	0
1103	0
1104	-1
1105	0
1106	-1
1107	0
1108	-2
1109	0
1110	-2
1111	0
1112	-2
1113	0
1114	-2
1115	0
1116	-3
1117	-1
1118	-3
1119	-1
1120	-1
1121	0
1122	-2
1123	0
1124	-4
1125	0
1126	-2
1127	-1
1128	-3
1129	-1
1130	-3
1131	0
1132	-3
1133	0
1134	-3
1135	0
1136	-1
1137	0
1138	-2
1139	-1
1140	-1
1141	-2
1142	-1
1143	-1
1144	-2
1145	0
1146	-2
1147	0
1148	-2
1149	0
1150	0
1151	0
1152	-1
1153	0
1154	-2
1155	-1
1156	-2
1157	0
1158	-3
1159	0
1160	-2
1161	0
1162	-2
1163	-1
1164	-1
1165	0
1166	-1
1167	0
1168	-2
1169	0
1170	-1
1171	0
1172	-2
1173	0
1174	-2
1175	0
1176	-2
1177	0
1178	-1
1179	0
1180	-2
1181	0
1182	-1
1183	0
1184	-1
1185	0
1186	0
1187	0
1188	-1
1189	0
1190	-1
1191	0
1192	-1
1193	0
1194	-1
1195	0
1196	-2
1197	-1
1198	-1
1199	-1
1200	-2
1201	0
1202	-4
1203	0
1204	-3
1205	0
1206	-1
1207	0
1208	-2
1209	-1
1210	-1
1211	-1
1212	-2
1213	0
1214	-1
1215	0
1216	-2
1217	0
1218	-2
1219	0
1220	-1
1221	0
1222	-1
1223	0
1224	-1
1225	0
1226	0
1227	0
1228	-1
1229	0
1230	-1
1231	0
1232	-1
1233	0
1234	-1
1235	0
1236	-1
1237	0
1238	-3
1239	0
1240	-2
1241	0
1242	-1
1243	0
1244	-1
1245	0
1246	-2
1247	0
1248	-2
1249	0
1250	-2
1251	0
1252	-2
1253	-1
1254	-2
1255	0
1256	-2
1257	0
1258	-2
1259	-1
1260	0
1261	0
1262	-1
1263	-1
1264	-3
1265	-1
1266	-1
1267	0
1268	-2
1269	0
1270	0
1271	0
1272	-1
1273	0
1274	0
1275	0
1276	0
1277	0
1278	-2
1279	1
1280	-1
1281	0
1282	-1
1283	0
1284	-1
1285	0
1286	-1
1287	0
1288	-2
1289	0
1290	0
1291	0
1292	-1
1293	0
1294	0
1295	0
1296	0
1297	0
1298	-1
1299	0
1300	-1
1301	0
1302	-1
1303	0
1304	-1
1305	0
1306	-1
1307	0
1308	-1
1309	0
1310	-1
1311	0
1312	-1
1313	0
1314	-1
1315	0
1316	-1
1317	0
1318	-1
1319	-1
1320	-1
1321	0
1322	-2
1323	0
1324	-1
1325	0
1326	-1
1327	0
1328	-1
1329	0
1330	-1
1331	0
1332	-2
1333	0
1334	-2
1335	0
1336	-1
1337	0
1338	0
1339	0
1340	-1
1341	0
1342	-2
1343	0
1344	0
1345	0
1346	-2
1347	0
1348	-1
1349	0
1350	0
1351	0
1352	0
1353	0
1354	0
1355	0
1356	-1
1357	0
1358	0
1359	0
1360	-1
1361	0
1362	0
1363	0
1364	0
1365	0
1366	-1
1367	0
1368	-1
1369	0
1370	-1
1371	0
1372	-2
1373	0
1374	-1
1375	0
1376	-1
1377	0
1378	-1
1379	0
1380	-1
1381	0
1382	-2
1383	0
1384	-2
1385	0
1386	-1
1387	0
1388	0
1389	0
1390	-2
1391	0
1392	0
1393	0
1394	-1
1395	0
1396	-1
1397	0
1398	-1
1399	0
1400	0
1401	0
1402	-2
1403	0
1404	0
1405	0
1406	-1
1407	-1
1408	0
1409	0
1410	-1
1411	0
1412	0
1413	0
1414	-1
1415	0
1416	-1
1417	0
1418	-2
1419	0
1420	-2
1421	0
1422	-1
1423	0
1424	-2
1425	0
1426	0
1427	0
1428	-1
1429	0
1430	-3
1431	0
1432	-2
1433	0
1434	-1
1435	0
1436	-2
1437	0
1438	-1
1439	0
1440	-2
1441	0
1442	-2
1443	0
1444	-2
1445	0
1446	0
1447	0
1448	-2
1449	0
1450	-2
1451	0
1452	-1
1453	0
1454	-1
1455	-1
1456	-1
1457	0
1458	-1
1459	0
1460	-2
1461	0
1462	-1
1463	0
1464	-1
1465	0
1466	-2
1467	0
1468	0
1469	0
1470	-1
1471	0
1472	-1
1473	0
1474	-2
1475	0
1476	-1
1477	0
1478	-1
1479	0
1480	-2
1481	0
1482	-1
1483	0
1484	-1
1485	0
1486	-2
1487	0
1488	-1
1489	0
1490	-2
1491	0
1492	0
1493	0
1494	-1
1495	0
1496	-2
1497	0
1498	-1
1499	0
1500	-1
1501	0
1502	-1
1503	0
1504	-2
1505	0
1506	-2
1507	0
1508	-1
1509	-1
1510	-2
1511	-1
1512	-1
1513	0
1514	-1
1515	0
1516	0
1517	0
1518	-2
1519	0
1520	0
1521	0
1522	-1
1523	0
1524	-1
1525	0
1526	-1
1527	0
1528	-1
1529	0
1530	0
1531	0
1532	-1
1533	0
1534	0
1535	0
1536	0
1537	0
1538	0
1539	0
1540	-1
1541	0
1542	0
1543	0
1544	0
1545	1
1546	0
1547	1
1548	0
1549	0
1550	-1
1551	0
1552	-1
1553	0
1554	0
1555	0
1556	0
1557	0
1558	0
1559	0
1560	-1
1561	0
1562	0
1563	0
1564	0
1565	0
1566	-1
1567	0
1568	-1
1569	0
1570	-1
1571	0
1572	-1
1573	0
1574	0
1575	0
1576	-1
1577	0
1578	-1
1579	0
1580	-2
1581	0
1582	-1
1583	0
1584	0
1585	0
1586	-1
1587	0
1588	-1
1589	0
1590	-1
1591	0
1592	-1
1593	0
1594	-1
1595	0
1596	0
1597	0
1598	-1
1599	0
1600	-1
1601	0
1602	0
1603	0
1604	-1
1605	0
1606	-1
1607	0
1608	0
1609	0
1610	-1
1611	0
1612	-1
1613	0
1614	0
1615	0
1616	-1
1617	0
1618	0
1619	0
1620	0
1621	0
1622	0
1623	0
1624	-1
1625	0
1626	-2
1627	0
1628	-1
1629	0
1630	-1
1631	0
1632	-1
1633	0
1634	-1
1635	0
1636	-2
1637	0
1638	-1
1639	0
1640	0
1641	0
1642	-1
1643	0
1644	-2
1645	0
1646	0
1647	0
1648	0
1649	0
1650	0
1651	0
1652	-1
1653	0
1654	0
1655	0
1656	-1
1657	0
1658	0
1659	0
1660	-2
1661	0
1662	-2
1663	0
1664	-1
1665	0
1666	-1
1667	0
1668	-1
1669	0
1670	0
1671	0
1672	0
1673	0
1674	0
1675	0
1676	0
1677	0
1678	0
1679	0
1680	-1
1681	0
1682	-2
1683	0
1684	0
1685	0
1686	0
1687	0
1688	0
1689	0
1690	0
1691	0
1692	-1
1693	0
1694	0
1695	0
1696	-1
1697	0
1698	0
1699	0
1700	0
1701	0
1702	0
1703	0
1704	0
1705	0
1706	0
1707	1
1708	0
1709	1
1710	0
1711	2
1712	0
1713	1
1714	0
1715	1
1716	0
1717	2
1718	1
1719	1
1720	0
1721	1
1722	0
1723	1
1724	0
1725	0
1726	0
1727	0
1728	0
1729	1
1730	0
1731	0
1732	0
1733	0
1734	0
1735	0
1736	0
1737	1
1738	0
1739	0
1740	0
1741	0
1742	0
1743	0
1744	0
1745	1
1746	0
1747	0
1748	0
1749	0
1750	0
1751	0
1752	0
1753	0
1754	0
1755	0
1756	0
1757	1
1758	0
1759	0
1760	0
1761	0
1762	0
1763	0
1764	0
1765	0
1766	-1
1767	0
1768	0
1769	0
1770	0
1771	0
1772	0
1773	0
1774	-1
1775	0
1776	-1
1777	0
1778	-1
1779	0
1780	0
1781	0
1782	0
1783	0
1784	0
1785	0
1786	-1
1787	0
1788	-1
1789	0
1790	-1
1791	0
1792	-1
1793	0
1794	-2
1795	0
1796	0
1797	0
1798	0
1799	0
1800	0
1801	0
1802	0
1803	0
1804	-1
1805	0
1806	0
1807	1
1808	-1
1809	0
1810	0
1811	0
1812	0
1813	0
1814	0
1815	0
1816	0
1817	0
1818	-1
1819	0
1820	-1
1821	0
1822	0
1823	0
1824	-1
1825	0
1826	0
1827	0
1828	-1
1829	0
1830	-2
1831	0
1832	-3
1833	0
1834	-1
1835	0
1836	-2
1837	0
1838	-3
1839	0
1840	-3
1841	0
1842	-2
1843	0
1844	-2
1845	0
1846	-1
1847	0
1848	-2
1849	0
1850	0
1851	0
1852	0
1853	0
1854	0
1855	0
1856	-1
1857	0
1858	-1
1859	0
1860	-1
1861	0
1862	-1
1863	0
1864	0
1865	0
1866	-1
1867	0
1868	-1
1869	0
1870	0
1871	0
1872	-2
1873	0
1874	-1
1875	0
1876	-1
1877	0
1878	-2
1879	0
1880	-2
1881	0
1882	-1
1883	0
1884	-1
1885	0
1886	-1
1887	0
1888	-1
1889	0
1890	-1
1891	0
1892	-1
1893	0
1894	-1
1895	0
1896	0
1897	0
1898	0
1899	0
1900	0
1901	0
1902	0
1903	0
1904	0
1905	0
1906	0
1907	0
1908	0
1909	0
1910	0
1911	0
1912	0
1913	0
1914	0
1915	0
1916	0
1917	0
1918	0
1919	0
1920	0
1921	0
1922	-1
1923	0
1924	-1
1925	0
1926	-1
1927	0
1928	0
1929	0
1930	0
1931	0
1932	0
1933	0
1934	-1
1935	0
1936	-1
1937	0
1938	0
1939	0
1940	0
1941	0
1942	-1
1943	0
1944	-1
1945	0
1946	0
1947	0
1948	0
1949	0
1950	0
1951	0
1952	0
1953	0
1954	0
1955	1
1956	0
1957	0
1958	0
1959	1
1960	0
1961	1
1962	0
1963	1
1964	0
1965	1
1966	0
1967	1
1968	0
1969	1
1970	0
1971	1
1972	1
1973	1
1974	0
1975	2
1976	0
1977	1
1978	0
1979	1
1980	1
1981	1
1982	1
1983	2
1984	0
1985	1
1986	0
1987	2
1988	0
1989	2
1990	1
1991	3
1992	0
1993	2
1994	0
1995	1
1996	0
1997	0
1998	0
1999	0
