0	0
1	0
2	0
3	1
4	0
5	1
6	0
7	0
8	0
9	0
10	-1
11	0
12	0
13	0
14	0
15	0
16	-1
17	1
18	-1
19	0
20	-1
21	0
22	0
23	0
24	0
25	0
26	0
27	1
28	0
29	0
30	0
31	0
32	0
33	1
34	0
35	0
36	0
37	0
38	0
39	1
40	0
41	1
42	0
43	0
44	0
45	1
46	0
47	0
48	0
49	0
50	0
51	0
52	0
53	0
54	0
55	0
56	0
57	0
58	0
59	0
60	0
61	0
62	0
63	0
64	0
65	0
66	0
67	1
68	0
69	1
70	0
71	0
72	0
73	0
74	0
75	0
76	0
77	0
78	0
79	0
80	0
81	0
82	0
83	0
84	0
85	1
86	0
87	0
88	0
89	0
90	0
91	0
92	0
93	0
94	0
95	0
96	0
97	0
98	0
99	0
100	0
101	0
102	0
103	0
104	0
105	1
106	0
107	1
108	0
109	0
110	0
111	0
112	0
113	1
114	0
115	0
116	0
117	0
118	0
119	0
120	0
121	0
122	0
123	0
124	0
125	1
126	0
127	1
128	0
129	0
130	0
131	0
132	0
133	0
134	0
135	0
136	0
137	0
138	0
139	0
140	0
141	1
142	0
143	0
144	0
145	1
146	0
147	1
148	0
149	1
150	0
151	1
152	0
153	1
154	0
155	1
156	0
157	2
158	0
159	0
160	0
161	0
162	-1
163	0
164	0
165	0
166	0
167	0
168	0
169	1
170	-1
171	0
172	-1
173	0
174	-1
175	0
176	-1
177	0
178	-1
179	0
180	0
181	0
182	0
183	0
184	0
185	0
186	0
187	0
188	0
189	0
190	0
191	0
192	0
193	0
194	0
195	0
196	0
197	1
198	0
199	0
200	0
201	0
202	0
203	1
204	0
205	0
206	0
207	0
208	0
209	0
210	0
211	0
212	0
213	0
214	-1
215	0
216	0
217	0
218	0
219	0
220	-1
221	0
222	0
223	0
224	0
225	0
226	0
227	0
228	0
229	0
230	0
231	0
232	0
233	0
234	0
235	0
236	0
237	0
238	0
239	1
240	0
241	1
242	0
243	0
244	0
245	0
246	0
247	1
248	0
249	0
250	0
251	1
252	0
253	1
254	0
255	0
256	0
257	0
258	0
259	0
260	0
261	0
262	0
263	1
264	0
265	1
266	0
267	0
268	0
269	0
270	0
271	0
272	0
273	0
274	0
275	0
276	0
277	1
278	-1
279	0
280	-1
281	1
282	0
283	0
284	-1
285	0
286	0
287	0
288	0
289	0
290	-1
291	0
292	0
293	0
294	0
295	0
296	0
297	1
298	0
299	0
300	0
301	2
302	0
303	1
304	0
305	1
306	0
307	0
308	0
309	0
310	0
311	0
312	0
313	1
314	0
315	1
316	0
317	1
318	0
319	1
320	0
321	1
322	0
323	1
324	0
325	2
326	0
327	1
328	0
329	0
330	0
331	1
332	0
333	1
334	0
335	0
336	0
337	1
338	0
339	0
340	0
341	0
342	0
343	0
344	0
345	0
346	0
347	0
348	0
349	0
350	0
351	0
352	-1
353	0
354	0
355	0
356	0
357	0
358	0
359	0
360	0
361	0
362	-1
363	0
364	0
365	0
366	-1
367	0
368	-1
369	0
370	-1
371	0
372	0
373	0
374	0
375	0
376	0
377	0
378	0
379	0
380	0
381	0
382	0
383	0
384	0
385	1
386	0
387	0
388	0
389	1
390	0
391	1
392	0
393	0
394	0
395	1
396	0
397	1
398	-1
399	1
400	0
401	0
402	0
403	0
404	0
405	0
406	0
407	0
408	-1
409	1
410	0
411	0
412	0
413	0
414	0
415	1
416	0
417	0
418	0
419	1
420	0
421	0
422	0
423	0
424	0
425	0
426	0
427	0
428	0
429	1
430	0
431	1
432	0
433	1
434	0
435	0
436	0
437	0
438	0
439	0
440	0
441	1
442	0
443	0
444	0
445	0
446	0
447	0
448	0
449	1
450	0
451	2
452	0
453	0
454	0
455	2
456	-1
457	2
458	0
459	2
460	0
461	1
462	0
463	3
464	0
465	3
466	2
467	6
468	3
469	9
470	8
471	11
472	10
473	19
474	15
475	23
476	21
477	27
478	27
479	33
480	31
481	39
482	38
483	45
484	42
485	50
486	48
487	56
488	53
489	60
490	57
491	62
492	60
493	64
494	62
495	65
496	65
497	66
498	67
499	78
500	62
501	72
502	67
503	70
504	66
505	70
506	64
507	69
508	63
509	66
510	61
511	64
512	60
513	63
514	58
515	61
516	57
517	56
518	53
519	55
520	50
521	54
522	45
523	49
524	42
525	45
526	40
527	44
528	38
529	39
530	35
531	37
532	30
533	34
534	28
535	31
536	26
537	28
538	24
539	27
540	22
541	24
542	20
543	22
544	18
545	21
546	16
547	19
548	14
549	17
550	11
551	16
552	9
553	14
554	11
555	13
556	9
557	12
558	7
559	10
560	5
561	9
562	3
563	7
564	3
565	6
566	0
567	5
568	0
569	5
570	0
571	3
572	0
573	0
574	0
575	1
576	0
577	0
578	0
579	0
580	0
581	0
582	0
583	0
584	0
585	0
586	0
587	0
588	-1
589	0
590	0
591	0
592	0
593	0
594	-1
595	0
596	-1
597	0
598	-2
599	0
600	-2
601	0
602	-3
603	0
604	-3
605	0
606	-2
607	0
608	-1
609	0
610	-4
611	0
612	-3
613	0
614	-2
615	0
616	-2
617	0
618	-2
619	0
620	-1
621	0
622	-2
623	0
624	-1
625	0
626	-1
627	0
628	-1
629	0
630	0
631	0
632	0
633	0
634	0
635	0
636	-1
637	1
638	-1
639	0
640	-1
641	0
642	0
643	0
644	0
645	0
646	0
647	1
648	0
649	0
650	0
651	0
652	0
653	0
654	0
655	1
656	0
657	0
658	0
659	0
660	0
661	1
662	0
663	0
664	0
665	1
666	0
667	1
668	0
669	1
670	0
671	0
672	0
673	0
674	0
675	0
676	0
677	1
678	0
679	1
680	0
681	1
682	0
683	1
684	0
685	1
686	0
687	1
688	0
689	0
690	0
691	0
692	0
693	0
694	0
695	0
696	0
697	0
698	0
699	1
700	0
701	0
702	0
703	0
704	-1
705	0
706	-1
707	0
708	0
709	0
710	0
711	0
712	0
713	0
714	0
715	0
716	0
717	0
718	0
719	1
720	0
721	0
722	0
723	1
724	0
725	1
726	0
727	0
728	0
729	0
730	0
731	1
732	0
733	0
734	0
735	0
736	0
737	0
738	0
739	0
740	0
741	0
742	0
743	0
744	0
745	0
746	0
747	0
748	-1
749	0
750	0
751	0
752	0
753	0
754	0
755	0
756	0
757	0
758	0
759	0
760	0
761	0
762	0
763	0
764	0
765	0
766	0
767	0
768	0
769	0
770	0
771	0
772	0
773	0
774	-1
775	0
776	0
777	0
778	-1
779	0
780	0
781	0
782	-1
783	0
784	0
785	0
786	-1
787	0
788	0
789	0
790	0
791	0
792	-1
793	0
794	0
795	0
796	-1
797	0
798	-1
799	0
800	-1
801	0
802	0
803	0
804	-1
805	0
806	-1
807	0
808	-1
809	0
810	-1
811	0
812	0
813	0
814	0
815	1
816	0
817	0
818	0
819	0
820	0
821	0
822	0
823	0
824	0
825	0
826	0
827	0
828	0
829	0
830	0
831	0
832	0
833	0
834	0
835	0
836	0
837	0
838	0
839	0
840	0
841	0
842	0
843	0
844	0
845	0
846	0
847	0
848	0
849	0
850	0
851	0
852	0
853	0
854	-1
855	0
856	-1
857	0
858	-2
859	0
860	-2
861	0
862	-2
863	0
864	-1
865	0
866	-1
867	0
868	0
869	0
870	0
871	0
872	0
873	0
874	0
875	0
876	-1
877	0
878	0
879	0
880	0
881	1
882	0
883	2
884	0
885	1
886	0
887	1
888	0
889	1
890	-1
891	0
892	0
893	1
894	-1
895	0
896	-1
897	1
898	0
899	1
900	-1
901	0
902	-1
903	0
904	-1
905	0
906	-1
907	0
908	-1
909	0
910	-1
911	0
912	-1
913	0
914	-1
915	0
916	-1
917	0
918	-1
919	0
920	0
921	0
922	0
923	0
924	-1
925	0
926	-1
927	0
928	-1
929	0
930	0
931	0
932	0
933	0
934	0
935	1
936	0
937	0
938	0
939	0
940	0
941	0
942	0
943	1
944	0
945	0
946	0
947	0
948	0
949	0
950	0
951	0
952	-1
953	0
954	0
955	0
956	-1
957	0
958	0
959	0
960	-1
961	0
962	0
963	0
964	-1
965	0
966	-1
967	0
968	-1
969	1
970	0
971	0
972	0
973	0
974	0
975	0
976	0
977	0
978	0
979	0
980	0
981	0
982	-1
983	0
984	-1
985	0
986	-2
987	1
988	-1
989	0
990	-2
991	0
992	-1
993	0
994	-1
995	0
996	-1
997	0
998	-1
999	0
1000	-2
1001	0
1002	-2
1003	0
1004	-1
1005	0
1006	-1
1007	0
1008	0
1009	0
1010	-1
1011	0
1012	0
1013	0
1014	-1
1015	0
1016	-1
1017	0
1018	-1
1019	0
1020	0
1021	0
1022	0
1023	0
1024	0
1025	0
1026	0
1027	0
1028	0
1029	0
1030	0
1031	0
1032	-1
1033	1
1034	0
1035	0
1036	0
1037	0
1038	-1
1039	1
1040	-1
1041	0
1042	0
1043	0
1044	0
1045	0
1046	-1
1047	0
1048	-2
1049	0
1050	-1
1051	0
1052	-2
1053	0
1054	-1
1055	0
1056	0
1057	0
1058	-1
1059	0
1060	-1
1061	0
1062	0
1063	0
1064	-1
1065	0
1066	-1
1067	0
1068	0
1069	0
1070	-2
1071	0
1072	-1
1073	0
1074	-1
1075	0
1076	-1
1077	0
1078	-1
1079	0
1080	-1
1081	0
1082	-1
1083	0
1084	-2
1085	0
1086	-2
1087	0
1088	-1
1089	0
1090	-1
1091	0
1092	-1
1093	0
1094	-1
1095	0
1096	-1
1097	0
1098	-1
1099	0
1100	0
1101	0
1102	-1
1103	0
1104	-1
1105	0
1106	0
1107	0
1108	0
1109	0
1110	0
1111	0
1112	0
1113	0
1114	-1
1115	0
1116	0
1117	0
1118	0
1119	0
1120	-1
1121	0
1122	0
1123	1
1124	-1
1125	1
1126	-2
1127	1
1128	-1
1129	0
1130	-1
1131	0
1132	0
1133	0
1134	0
1135	0
1136	-1
1137	0
1138	-2
1139	0
1140	-1
1141	0
1142	0
1143	0
1144	-1
1145	0
1146	-1
1147	0
1148	-1
1149	0
1150	0
1151	0
1152	-1
1153	0
1154	-1
1155	0
1156	-1
1157	0
1158	0
1159	0
1160	-1
1161	0
1162	0
1163	0
1164	-1
1165	0
1166	0
1167	0
1168	-1
1169	1
1170	0
1171	0
1172	-1
1173	0
1174	-2
1175	0
1176	-1
1177	0
1178	-1
1179	0
1180	-1
1181	0
1182	-1
1183	0
1184	-1
1185	0
1186	-1
1187	0
1188	-1
1189	0
1190	-1
1191	0
1192	0
1193	0
1194	0
1195	0
1196	0
1197	0
1198	-3
1199	0
1200	-1
1201	0
1202	-1
1203	0
1204	-1
1205	0
1206	-1
1207	0
1208	-1
1209	-1
1210	0
1211	0
1212	-1
1213	0
1214	-1
1215	0
1216	0
1217	0
1218	-1
1219	0
1220	-1
1221	0
1222	0
1223	1
1224	0
1225	0
1226	0
1227	0
1228	-1
1229	0
1230	0
1231	0
1232	0
1233	0
1234	0
1235	1
1236	-1
1237	0
1238	0
1239	0
1240	-1
1241	0
1242	0
1243	0
1244	0
1245	0
1246	0
1247	0
1248	0
1249	0
1250	-1
1251	0
1252	0
1253	0
1254	0
1255	0
1256	0
1257	0
1258	0
1259	0
1260	-1
1261	0
1262	0
1263	0
1264	0
1265	0
1266	0
1267	0
1268	-2
1269	0
1270	0
1271	0
1272	0
1273	0
1274	-1
1275	0
1276	-1
1277	0
1278	0
1279	0
1280	0
1281	0
1282	-1
1283	0
1284	0
1285	0
1286	0
1287	0
1288	0
1289	0
1290	0
1291	0
1292	0
1293	0
1294	-1
1295	0
1296	-1
1297	0
1298	-1
1299	0
1300	0
1301	0
1302	-1
1303	0
1304	0
1305	0
1306	0
1307	0
1308	-2
1309	0
1310	0
1311	1
1312	0
1313	0
1314	0
1315	0
1316	-1
1317	0
1318	0
1319	1
1320	-1
1321	0
1322	-2
1323	0
1324	-1
1325	0
1326	0
1327	0
1328	-1
1329	0
1330	-1
1331	0
1332	0
1333	0
1334	0
1335	0
1336	-1
1337	0
1338	-1
1339	0
1340	0
1341	0
1342	-1
1343	0
1344	-1
1345	0
1346	-1
1347	0
1348	-1
1349	0
1350	0
1351	0
1352	-2
1353	0
1354	0
1355	0
1356	-2
1357	0
1358	-1
1359	0
1360	0
1361	0
1362	0
1363	0
1364	0
1365	0
1366	0
1367	0
1368	0
1369	0
1370	0
1371	0
1372	0
1373	0
1374	0
1375	0
1376	0
1377	0
1378	0
1379	0
1380	0
1381	0
1382	-1
1383	0
1384	0
1385	0
1386	0
1387	0
1388	0
1389	0
1390	0
1391	0
1392	0
1393	0
1394	0
1395	0
1396	-2
1397	0
1398	0
1399	0
1400	0
1401	0
1402	0
1403	0
1404	0
1405	0
1406	0
1407	1
1408	0
1409	1
1410	0
1411	1
1412	0
1413	1
1414	0
1415	0
1416	0
1417	0
1418	0
1419	0
1420	0
1421	2
1422	0
1423	1
1424	0
1425	1
1426	0
1427	1
1428	0
1429	1
1430	0
1431	1
1432	0
1433	0
1434	0
1435	1
1436	0
1437	1
1438	1
1439	1
1440	1
1441	2
1442	0
1443	2
1444	0
1445	2
1446	0
1447	2
1448	1
1449	2
1450	0
1451	2
1452	1
1453	2
1454	1
1455	2
1456	0
1457	1
1458	0
1459	2
1460	0
1461	1
1462	0
1463	2
1464	0
1465	2
1466	0
1467	1
1468	0
1469	1
1470	0
1471	1
1472	0
1473	1
1474	0
1475	1
1476	0
1477	1
1478	0
1479	1
1480	0
1481	2
1482	0
1483	1
1484	0
1485	0
1486	0
1487	1
1488	0
1489	1
1490	0
1491	1
1492	0
1493	1
1494	0
1495	1
1496	0
1497	0
1498	0
1499	0
1500	0
1501	1
1502	0
1503	0
1504	0
1505	0
1506	0
1507	0
1508	-1
1509	0
1510	0
1511	0
1512	0
1513	0
1514	0
1515	0
1516	0
1517	0
1518	0
1519	1
1520	-1
1521	0
1522	-1
1523	0
1524	0
1525	0
1526	0
1527	0
1528	0
1529	0
1530	-1
1531	0
1532	0
1533	0
1534	0
1535	0
1536	-1
1537	0
1538	0
1539	0
1540	0
1541	0
1542	-1
1543	0
1544	-1
1545	0
1546	0
1547	0
1548	-1
1549	0
1550	-1
1551	0
1552	0
1553	0
1554	-1
1555	0
1556	-1
1557	0
1558	-1
1559	0
1560	-1
1561	0
1562	0
1563	0
1564	0
1565	0
1566	0
1567	0
1568	0
1569	0
1570	0
1571	0
1572	-1
1573	0
1574	0
1575	0
1576	-2
1577	0
1578	-1
1579	0
1580	-1
1581	0
1582	0
1583	0
1584	0
1585	0
1586	-1
1587	0
1588	-1
1589	0
1590	-1
1591	0
1592	-1
1593	0
1594	-1
1595	0
1596	-1
1597	0
1598	-1
1599	0
1600	-1
1601	0
1602	0
1603	0
1604	-2
1605	0
1606	-1
1607	0
1608	-2
1609	0
1610	0
1611	0
1612	0
1613	0
1614	0
1615	0
1616	-1
1617	0
1618	-1
1619	0
1620	-1
1621	0
1622	-1
1623	0
1624	0
1625	0
1626	0
1627	0
1628	0
1629	0
1630	0
1631	0
1632	-1
1633	0
1634	-1
1635	0
1636	0
1637	0
1638	0
1639	0
1640	0
1641	0
1642	-1
1643	0
1644	-1
1645	0
1646	0
1647	0
1648	0
1649	0
1650	0
1651	0
1652	0
1653	0
1654	0
1655	0
1656	0
1657	0
1658	0
1659	1
1660	0
1661	0
1662	0
1663	0
1664	0
1665	0
1666	0
1667	0
1668	0
1669	1
1670	0
1671	0
1672	0
1673	0
1674	0
1675	0
1676	0
1677	0
1678	0
1679	0
1680	0
1681	0
1682	0
1683	0
1684	-1
1685	0
1686	-1
1687	0
1688	-1
1689	0
1690	-1
1691	0
1692	0
1693	1
1694	0
1695	0
1696	-1
1697	0
1698	0
1699	0
1700	0
1701	0
1702	0
1703	0
1704	-1
1705	0
1706	0
1707	0
1708	0
1709	1
1710	0
1711	0
1712	0
1713	1
1714	0
1715	1
1716	0
1717	1
1718	0
1719	0
1720	0
1721	1
1722	0
1723	1
1724	0
1725	2
1726	0
1727	1
1728	0
1729	1
1730	0
1731	2
1732	0
1733	1
1734	0
1735	1
1736	0
1737	1
1738	-1
1739	1
1740	-1
1741	0
1742	0
1743	1
1744	0
1745	1
1746	0
1747	1
1748	0
1749	0
1750	0
1751	0
1752	0
1753	0
1754	0
1755	0
1756	0
1757	0
1758	0
1759	1
1760	-1
1761	1
1762	0
1763	0
1764	0
1765	0
1766	0
1767	0
1768	0
1769	0
1770	0
1771	0
1772	0
1773	0
1774	0
1775	0
1776	0
1777	0
1778	0
1779	0
1780	0
1781	0
1782	0
1783	0
1784	0
1785	0
1786	0
1787	0
1788	0
1789	0
1790	0
1791	0
1792	0
1793	0
1794	0
1795	0
1796	0
1797	0
1798	0
1799	0
1800	0
1801	0
1802	-1
1803	0
1804	0
1805	0
1806	0
1807	0
1808	0
1809	0
1810	0
1811	0
1812	0
1813	0
1814	0
1815	0
1816	0
1817	0
1818	-1
1819	0
1820	0
1821	0
1822	0
1823	0
1824	0
1825	0
1826	-1
1827	0
1828	0
1829	0
1830	0
1831	0
1832	0
1833	0
1834	0
1835	0
1836	0
1837	0
1838	-2
1839	0
1840	-1
1841	0
1842	0
1843	0
1844	-1
1845	0
1846	-2
1847	0
1848	-2
1849	0
1850	-1
1851	0
1852	-1
1853	0
1854	0
1855	0
1856	0
1857	0
1858	0
1859	0
1860	-1
1861	0
1862	0
1863	0
1864	0
1865	0
1866	-1
1867	0
1868	0
1869	0
1870	-1
1871	0
1872	0
1873	0
1874	0
1875	0
1876	0
1877	0
1878	0
1879	0
1880	-1
1881	0
1882	0
1883	0
1884	-1
1885	0
1886	0
1887	0
1888	-1
1889	0
1890	-1
1891	1
1892	-1
1893	1
1894	-1
1895	0
1896	-1
1897	0
1898	0
1899	0
1900	-1
1901	0
1902	0
1903	0
1904	0
1905	0
1906	0
1907	0
1908	0
1909	0
1910	-1
1911	0
1912	-1
1913	0
1914	-1
1915	0
1916	0
1917	0
1918	0
1919	0
1920	0
1921	0
1922	-1
1923	0
1924	0
1925	0
1926	-1
1927	0
1928	-1
1929	0
1930	0
1931	0
1932	0
1933	0
1934	0
1935	0
1936	0
1937	0
1938	0
1939	0
1940	-1
1941	0
1942	0
1943	0
1944	0
1945	0
1946	-1
1947	0
1948	-1
1949	0
1950	0
1951	0
1952	0
1953	0
1954	0
1955	0
1956	-1
1957	0
1958	0
1959	0
1960	0
1961	0
1962	0
1963	0
1964	0
1965	0
1966	0
1967	0
1968	-1
1969	0
1970	-1
1971	0
1972	0
1973	0
1974	-1
1975	0
1976	0
1977	0
1978	-1
1979	0
1980	0
1981	0
1982	0
1983	0
1984	0
1985	0
1986	0
1987	0
1988	0
1989	0
1990	0
1991	0
1992	0
1993	0
1994	-1
1995	0
1996	0
1997	0
1998	-1
1999	0
