0	-1
1	0
2	0
3	0
4	0
5	1
6	0
7	0
8	0
9	1
10	-1
11	0
12	0
13	1
14	0
15	1
16	-1
17	0
18	0
19	0
20	0
21	0
22	0
23	1
24	0
25	0
26	0
27	0
28	0
29	0
30	-1
31	0
32	0
33	0
34	0
35	0
36	0
37	0
38	0
39	0
40	0
41	0
42	0
43	0
44	0
45	0
46	0
47	1
48	0
49	1
50	0
51	1
52	0
53	2
54	0
55	0
56	0
57	0
58	0
59	0
60	0
61	0
62	0
63	0
64	0
65	1
66	0
67	1
68	0
69	1
70	0
71	0
72	0
73	0
74	0
75	0
76	0
77	0
78	0
79	0
80	1
81	1
82	0
83	1
84	0
85	1
86	1
87	1
88	0
89	1
90	1
91	1
92	0
93	0
94	0
95	1
96	0
97	1
98	0
99	1
100	0
101	0
102	0
103	0
104	0
105	1
106	0
107	1
108	0
109	1
110	0
111	1
112	0
113	0
114	0
115	1
116	0
117	0
118	0
119	1
120	0
121	0
122	0
123	0
124	0
125	0
126	-1
127	1
128	0
129	0
130	0
131	0
132	0
133	0
134	0
135	0
136	0
137	0
138	0
139	0
140	0
141	1
142	0
143	0
144	0
145	0
146	0
147	1
148	0
149	0
150	0
151	1
152	0
153	0
154	0
155	0
156	0
157	0
158	0
159	1
160	0
161	2
162	0
163	1
164	0
165	0
166	0
167	1
168	0
169	1
170	0
171	1
172	0
173	1
174	0
175	0
176	0
177	1
178	0
179	1
180	0
181	1
182	0
183	0
184	0
185	0
186	-1
187	1
188	0
189	1
190	0
191	0
192	0
193	1
194	0
195	1
196	0
197	1
198	0
199	0
200	0
201	2
202	0
203	1
204	0
205	1
206	1
207	0
208	0
209	1
210	0
211	1
212	0
213	1
214	0
215	1
216	0
217	0
218	0
219	1
220	0
221	1
222	0
223	2
224	0
225	0
226	0
227	0
228	0
229	0
230	0
231	1
232	0
233	1
234	0
235	1
236	0
237	1
238	0
239	0
240	0
241	0
242	0
243	0
244	0
245	0
246	0
247	0
248	0
249	0
250	0
251	0
252	0
253	0
254	0
255	0
256	0
257	0
258	0
259	0
260	0
261	0
262	0
263	0
264	0
265	2
266	0
267	1
268	0
269	2
270	0
271	1
272	0
273	1
274	0
275	1
276	0
277	0
278	0
279	0
280	0
281	0
282	0
283	0
284	0
285	0
286	0
287	0
288	0
289	0
290	0
291	0
292	-1
293	0
294	-1
295	0
296	-1
297	0
298	-1
299	0
300	0
301	0
302	0
303	1
304	0
305	0
306	0
307	0
308	0
309	0
310	0
311	1
312	0
313	0
314	0
315	1
316	0
317	2
318	0
319	2
320	0
321	0
322	0
323	1
324	0
325	1
326	0
327	1
328	0
329	2
330	0
331	2
332	0
333	1
334	0
335	2
336	0
337	2
338	0
339	2
340	0
341	2
342	-1
343	1
344	0
345	1
346	0
347	0
348	0
349	1
350	0
351	0
352	0
353	1
354	0
355	0
356	0
357	1
358	0
359	1
360	0
361	1
362	0
363	1
364	0
365	0
366	0
367	1
368	0
369	0
370	0
371	0
372	0
373	0
374	0
375	0
376	0
377	0
378	0
379	0
380	0
381	0
382	0
383	1
384	0
385	0
386	0
387	0
388	0
389	1
390	0
391	0
392	0
393	0
394	0
395	0
396	-1
397	0
398	0
399	0
400	0
401	0
402	0
403	1
404	0
405	1
406	0
407	0
408	0
409	1
410	0
411	0
412	0
413	0
414	0
415	0
416	0
417	0
418	0
419	0
420	0
421	1
422	0
423	1
424	0
425	0
426	0
427	1
428	0
429	1
430	0
431	1
432	0
433	0
434	0
435	1
436	0
437	1
438	0
439	1
440	1
441	5
442	3
443	8
444	5
445	11
446	11
447	18
448	16
449	20
450	21
451	27
452	28
453	32
454	33
455	37
456	39
457	46
458	45
459	51
460	52
461	56
462	57
463	62
464	62
465	67
466	68
467	71
468	70
469	74
470	74
471	78
472	77
473	81
474	80
475	83
476	81
477	85
478	82
479	85
480	84
481	84
482	84
483	86
484	83
485	85
486	83
487	83
488	83
489	83
490	80
491	83
492	76
493	79
494	75
495	76
496	75
497	75
498	75
499	78
500	62
501	71
502	65
503	66
504	64
505	64
506	60
507	62
508	56
509	57
510	53
511	55
512	52
513	51
514	47
515	49
516	42
517	45
518	40
519	41
520	38
521	39
522	35
523	37
524	31
525	32
526	28
527	31
528	25
529	28
530	24
531	24
532	19
533	23
534	17
535	20
536	13
537	16
538	11
539	14
540	10
541	12
542	9
543	10
544	6
545	8
546	5
547	6
548	4
549	5
550	3
551	4
552	1
553	4
554	0
555	2
556	0
557	0
558	-1
559	0
560	-3
561	0
562	-3
563	0
564	-3
565	0
566	-5
567	-1
568	-5
569	-2
570	-6
571	-3
572	-7
573	-4
574	-7
575	-5
576	-7
577	-4
578	-7
579	-5
580	-7
581	-4
582	-9
583	-5
584	-9
585	-5
586	-8
587	-5
588	-7
589	-4
590	-9
591	-5
592	-9
593	-5
594	-10
595	-6
596	-11
597	-6
598	-9
599	-7
600	-9
601	-7
602	-8
603	-4
604	-9
605	-4
606	-9
607	-5
608	-9
609	-4
610	-9
611	-6
612	-7
613	-5
614	-7
615	-4
616	-8
617	-4
618	-7
619	-4
620	-7
621	-4
622	-4
623	-3
624	-4
625	-4
626	-4
627	-3
628	-5
629	-2
630	-5
631	-2
632	-4
633	-1
634	-4
635	-2
636	-4
637	-2
638	-4
639	-1
640	-2
641	-2
642	-4
643	-1
644	-4
645	-1
646	-3
647	-1
648	-2
649	-1
650	-4
651	-1
652	-2
653	-1
654	-4
655	-1
656	-2
657	0
658	-2
659	0
660	-2
661	-1
662	-4
663	-1
664	-3
665	0
666	-2
667	0
668	-2
669	0
670	-2
671	0
672	-2
673	0
674	-1
675	0
676	-1
677	0
678	0
679	0
680	-1
681	0
682	-1
683	0
684	0
685	0
686	0
687	0
688	0
689	0
690	-1
691	1
692	0
693	0
694	0
695	0
696	-1
697	0
698	-1
699	0
700	-1
701	0
702	-2
703	0
704	0
705	0
706	0
707	0
708	0
709	0
710	-1
711	0
712	-2
713	0
714	-1
715	0
716	0
717	0
718	-2
719	0
720	-1
721	0
722	-2
723	0
724	0
725	0
726	-2
727	0
728	-1
729	0
730	-1
731	0
732	-1
733	0
734	-1
735	0
736	-1
737	0
738	-2
739	0
740	-1
741	-1
742	-1
743	0
744	-1
745	0
746	-1
747	0
748	-1
749	0
750	-1
751	0
752	-1
753	0
754	0
755	0
756	0
757	0
758	-1
759	0
760	0
761	0
762	-1
763	0
764	-1
765	0
766	-1
767	0
768	-1
769	0
770	-1
771	0
772	-1
773	0
774	0
775	0
776	-2
777	0
778	-1
779	0
780	-2
781	0
782	-1
783	0
784	0
785	0
786	0
787	0
788	0
789	0
790	0
791	0
792	0
793	0
794	0
795	0
796	0
797	0
798	0
799	0
800	-1
801	0
802	-1
803	0
804	-1
805	0
806	0
807	0
808	-2
809	0
810	-2
811	0
812	-1
813	0
814	-1
815	-1
816	-2
817	-1
818	-2
819	0
820	-2
821	0
822	-3
823	0
824	-3
825	0
826	-2
827	0
828	-1
829	0
830	0
831	0
832	-1
833	0
834	-1
835	0
836	-1
837	0
838	-2
839	0
840	-1
841	0
842	0
843	0
844	-1
845	0
846	-1
847	0
848	-1
849	0
850	0
851	0
852	0
853	0
854	0
855	0
856	-1
857	0
858	-1
859	0
860	-1
861	0
862	-2
863	0
864	-2
865	0
866	-1
867	0
868	-1
869	0
870	-1
871	0
872	-2
873	0
874	0
875	0
876	-1
877	0
878	0
879	0
880	0
881	0
882	0
883	0
884	0
885	0
886	0
887	0
888	0
889	0
890	0
891	0
892	0
893	0
894	-1
895	0
896	-1
897	0
898	-1
899	0
900	-1
901	0
902	0
903	0
904	-1
905	0
906	-1
907	0
908	-1
909	0
910	-2
911	0
912	-1
913	0
914	-2
915	-1
916	-1
917	0
918	-1
919	0
920	-1
921	0
922	-1
923	0
924	0
925	0
926	-1
927	0
928	0
929	0
930	-2
931	0
932	-1
933	0
934	-1
935	0
936	-1
937	0
938	0
939	0
940	-1
941	0
942	0
943	0
944	-1
945	0
946	0
947	1
948	0
949	1
950	0
951	1
952	0
953	1
954	0
955	1
956	0
957	1
958	0
959	0
960	0
961	0
962	0
963	1
964	0
965	1
966	0
967	1
968	0
969	1
970	0
971	0
972	0
973	0
974	0
975	0
976	0
977	1
978	0
979	1
980	0
981	1
982	0
983	1
984	0
985	1
986	0
987	1
988	0
989	1
990	0
991	0
992	0
993	1
994	0
995	0
996	0
997	0
998	0
999	0
1000	0
1001	0
1002	0
1003	0
1004	-1
1005	0
1006	0
1007	0
1008	0
1009	0
1010	0
1011	0
1012	0
1013	0
1014	0
1015	0
1016	0
1017	0
1018	-1
1019	0
1020	0
1021	0
1022	0
1023	0
1024	-1
1025	0
1026	-2
1027	-1
1028	-1
1029	0
1030	-1
1031	0
1032	0
1033	0
1034	-1
1035	-1
1036	-1
1037	-1
1038	-3
1039	0
1040	-3
1041	-1
1042	-4
1043	-1
1044	-3
1045	-1
1046	-3
1047	0
1048	-3
1049	0
1050	-1
1051	0
1052	-1
1053	0
1054	-1
1055	0
1056	-1
1057	0
1058	0
1059	0
1060	-1
1061	0
1062	0
1063	0
1064	0
1065	0
1066	-1
1067	0
1068	-1
1069	0
1070	-1
1071	0
1072	-1
1073	0
1074	-1
1075	0
1076	-2
1077	0
1078	-1
1079	-1
1080	-2
1081	-1
1082	-1
1083	0
1084	-2
1085	0
1086	-1
1087	-1
1088	-1
1089	-1
1090	-1
1091	0
1092	-2
1093	0
1094	-1
1095	0
1096	-1
1097	0
1098	-2
1099	-1
1100	-1
1101	0
1102	-2
1103	0
1104	-2
1105	0
1106	-1
1107	0
1108	-1
1109	0
1110	-1
1111	0
1112	-2
1113	0
1114	0
1115	0
1116	-1
1117	0
1118	-2
1119	0
1120	-1
1121	0
1122	-1
1123	0
1124	0
1125	0
1126	0
1127	0
1128	-1
1129	0
1130	-1
1131	0
1132	0
1133	0
1134	0
1135	0
1136	-1
1137	0
1138	-1
1139	0
1140	-1
1141	0
1142	-1
1143	0
1144	-1
1145	0
1146	-2
1147	0
1148	-1
1149	0
1150	-1
1151	0
1152	0
1153	0
1154	-2
1155	0
1156	0
1157	0
1158	-2
1159	0
1160	-2
1161	0
1162	-3
1163	0
1164	-2
1165	0
1166	-1
1167	0
1168	-2
1169	0
1170	-3
1171	0
1172	-2
1173	0
1174	-3
1175	-1
1176	-2
1177	-1
1178	-1
1179	0
1180	-2
1181	0
1182	-2
1183	0
1184	-2
1185	0
1186	-1
1187	1
1188	-1
1189	0
1190	0
1191	1
1192	0
1193	1
1194	0
1195	1
1196	1
1197	1
1198	0
1199	1
1200	0
1201	3
1202	0
1203	2
1204	0
1205	2
1206	0
1207	2
1208	1
1209	3
1210	1
1211	2
1212	1
1213	2
1214	1
1215	2
1216	1
1217	2
1218	1
1219	2
1220	1
1221	2
1222	2
1223	2
1224	1
1225	2
1226	1
1227	3
1228	1
1229	2
1230	1
1231	2
1232	1
1233	2
1234	1
1235	3
1236	1
1237	2
1238	1
1239	2
1240	1
1241	2
1242	1
1243	1
1244	0
1245	1
1246	1
1247	1
1248	0
1249	1
1250	0
1251	1
1252	0
1253	1
1254	0
1255	1
1256	0
1257	1
1258	0
1259	0
1260	0
1261	1
1262	0
1263	1
1264	0
1265	1
1266	0
1267	1
1268	0
1269	0
1270	0
1271	0
1272	0
1273	0
1274	0
1275	0
1276	0
1277	0
1278	0
1279	0
1280	0
1281	0
1282	-1
1283	0
1284	0
1285	0
1286	-1
1287	0
1288	-1
1289	0
1290	0
1291	0
1292	0
1293	0
1294	0
1295	0
1296	-1
1297	0
1298	-2
1299	0
1300	-2
1301	-1
1302	-1
1303	-1
1304	-1
1305	0
1306	-1
1307	-1
1308	-2
1309	0
1310	-1
1311	0
1312	-1
1313	0
1314	-2
1315	0
1316	-3
1317	0
1318	-1
1319	0
1320	-2
1321	0
1322	-1
1323	0
1324	-1
1325	0
1326	0
1327	0
1328	-1
1329	0
1330	0
1331	0
1332	0
1333	0
1334	-2
1335	0
1336	-1
1337	0
1338	0
1339	0
1340	-2
1341	0
1342	-1
1343	0
1344	0
1345	0
1346	0
1347	0
1348	-1
1349	-1
1350	-2
1351	-1
1352	-2
1353	-1
1354	-1
1355	0
1356	-2
1357	0
1358	-2
1359	0
1360	-1
1361	0
1362	-2
1363	0
1364	-1
1365	-1
1366	-2
1367	0
1368	-1
1369	0
1370	-1
1371	0
1372	-1
1373	0
1374	0
1375	0
1376	0
1377	0
1378	0
1379	0
1380	0
1381	0
1382	0
1383	0
1384	-1
1385	0
1386	-1
1387	0
1388	0
1389	0
1390	-2
1391	0
1392	0
1393	0
1394	0
1395	0
1396	0
1397	0
1398	-1
1399	0
1400	-2
1401	0
1402	0
1403	0
1404	0
1405	0
1406	-1
1407	0
1408	-1
1409	0
1410	0
1411	0
1412	0
1413	0
1414	0
1415	0
1416	-1
1417	0
1418	0
1419	0
1420	-1
1421	0
1422	0
1423	0
1424	-1
1425	0
1426	-1
1427	0
1428	0
1429	0
1430	-2
1431	0
1432	-1
1433	0
1434	0
1435	0
1436	-1
1437	0
1438	-1
1439	0
1440	-2
1441	0
1442	-1
1443	0
1444	-1
1445	0
1446	-2
1447	0
1448	-2
1449	0
1450	0
1451	0
1452	-1
1453	0
1454	0
1455	0
1456	0
1457	0
1458	-1
1459	0
1460	0
1461	0
1462	-1
1463	0
1464	-1
1465	0
1466	0
1467	0
1468	-1
1469	0
1470	-1
1471	0
1472	0
1473	0
1474	0
1475	0
1476	0
1477	0
1478	0
1479	0
1480	-1
1481	0
1482	0
1483	0
1484	0
1485	0
1486	-1
1487	0
1488	-1
1489	0
1490	-2
1491	0
1492	-1
1493	0
1494	-1
1495	0
1496	-1
1497	0
1498	-1
1499	0
1500	-2
1501	0
1502	-2
1503	0
1504	-1
1505	0
1506	-1
1507	0
1508	0
1509	0
1510	-1
1511	0
1512	-1
1513	0
1514	-2
1515	0
1516	-2
1517	0
1518	-1
1519	0
1520	0
1521	0
1522	-1
1523	0
1524	0
1525	0
1526	0
1527	0
1528	0
1529	0
1530	0
1531	0
1532	0
1533	0
1534	0
1535	0
1536	0
1537	0
1538	-1
1539	0
1540	0
1541	0
1542	0
1543	0
1544	-1
1545	0
1546	0
1547	0
1548	0
1549	0
1550	-1
1551	0
1552	-1
1553	0
1554	-1
1555	0
1556	-1
1557	0
1558	-2
1559	0
1560	-1
1561	0
1562	0
1563	0
1564	-2
1565	0
1566	0
1567	0
1568	-1
1569	0
1570	-1
1571	0
1572	-2
1573	0
1574	-1
1575	0
1576	0
1577	0
1578	0
1579	0
1580	0
1581	0
1582	0
1583	0
1584	-1
1585	0
1586	0
1587	0
1588	-1
1589	0
1590	-1
1591	0
1592	-1
1593	0
1594	0
1595	0
1596	0
1597	0
1598	-1
1599	0
1600	-1
1601	0
1602	-1
1603	0
1604	-1
1605	0
1606	0
1607	0
1608	-1
1609	0
1610	-1
1611	0
1612	-1
1613	0
1614	-1
1615	0
1616	0
1617	0
1618	-1
1619	0
1620	0
1621	0
1622	0
1623	0
1624	-1
1625	0
1626	0
1627	0
1628	0
1629	0
1630	0
1631	0
1632	-1
1633	0
1634	-1
1635	0
1636	0
1637	0
1638	0
1639	0
1640	-1
1641	0
1642	0
1643	0
1644	0
1645	0
1646	0
1647	0
1648	0
1649	0
1650	0
1651	0
1652	0
1653	0
1654	-1
1655	0
1656	0
1657	0
1658	0
1659	0
1660	-1
1661	0
1662	0
1663	0
1664	0
1665	0
1666	0
1667	0
1668	-1
1669	0
1670	0
1671	0
1672	0
1673	0
1674	-1
1675	0
1676	-1
1677	0
1678	0
1679	0
1680	0
1681	0
1682	-2
1683	0
1684	-1
1685	0
1686	-1
1687	0
1688	0
1689	0
1690	0
1691	0
1692	-1
1693	0
1694	0
1695	0
1696	0
1697	0
1698	0
1699	0
1700	0
1701	0
1702	0
1703	0
1704	0
1705	0
1706	0
1707	0
1708	0
1709	0
1710	0
1711	0
1712	-1
1713	0
1714	-1
1715	0
1716	-1
1717	0
1718	-1
1719	0
1720	0
1721	0
1722	-1
1723	0
1724	-2
1725	0
1726	-1
1727	0
1728	-1
1729	0
1730	0
1731	0
1732	-1
1733	0
1734	-1
1735	-1
1736	-1
1737	0
1738	-1
1739	0
1740	-1
1741	0
1742	0
1743	0
1744	0
1745	0
1746	-1
1747	0
1748	0
1749	0
1750	-2
1751	0
1752	-1
1753	0
1754	-1
1755	0
1756	-1
1757	0
1758	0
1759	0
1760	0
1761	0
1762	0
1763	0
1764	0
1765	0
1766	0
1767	0
1768	-1
1769	0
1770	-1
1771	0
1772	0
1773	0
1774	-1
1775	0
1776	0
1777	0
1778	-1
1779	-1
1780	-1
1781	0
1782	-1
1783	0
1784	-1
1785	0
1786	0
1787	0
1788	-1
1789	-1
1790	0
1791	0
1792	0
1793	0
1794	-1
1795	0
1796	0
1797	0
1798	0
1799	0
1800	0
1801	0
1802	0
1803	0
1804	0
1805	0
1806	0
1807	0
1808	0
1809	0
1810	-1
1811	0
1812	0
1813	0
1814	-1
1815	0
1816	-1
1817	0
1818	-1
1819	0
1820	-3
1821	0
1822	-1
1823	0
1824	-1
1825	0
1826	-1
1827	0
1828	-1
1829	0
1830	-2
1831	0
1832	-2
1833	0
1834	-1
1835	0
1836	-2
1837	0
1838	-1
1839	0
1840	0
1841	0
1842	-1
1843	0
1844	-1
1845	0
1846	-2
1847	0
1848	0
1849	0
1850	0
1851	0
1852	0
1853	0
1854	0
1855	0
1856	0
1857	0
1858	0
1859	0
1860	-1
1861	0
1862	0
1863	0
1864	-1
1865	0
1866	0
1867	0
1868	0
1869	0
1870	-1
1871	0
1872	-1
1873	0
1874	0
1875	0
1876	-1
1877	0
1878	-1
1879	0
1880	-1
1881	0
1882	-1
1883	0
1884	-1
1885	0
1886	-1
1887	0
1888	-1
1889	0
1890	-1
1891	0
1892	-1
1893	0
1894	0
1895	0
1896	0
1897	0
1898	0
1899	0
1900	0
1901	0
1902	0
1903	0
1904	0
1905	0
1906	0
1907	0
1908	0
1909	0
1910	-1
1911	0
1912	0
1913	0
1914	-1
1915	0
1916	-1
1917	0
1918	0
1919	0
1920	0
1921	0
1922	0
1923	0
1924	0
1925	0
1926	0
1927	0
1928	0
1929	0
1930	0
1931	0
1932	0
1933	0
1934	-1
1935	0
1936	-1
1937	0
1938	-1
1939	-1
1940	-2
1941	0
1942	-1
1943	0
1944	-1
1945	0
1946	-1
1947	0
1948	-1
1949	0
1950	0
1951	-1
1952	-2
1953	0
1954	0
1955	1
1956	0
1957	0
1958	0
1959	0
1960	0
1961	0
1962	0
1963	0
1964	-1
1965	0
1966	0
1967	0
1968	-1
1969	0
1970	-2
1971	0
1972	-1
1973	0
1974	-1
1975	0
1976	0
1977	-1
1978	0
1979	-1
1980	0
1981	0
1982	0
1983	0
1984	-1
1985	0
1986	0
1987	0
1988	-1
1989	0
1990	0
1991	0
1992	-1
1993	0
1994	0
1995	0
1996	0
1997	0
1998	-1
1999	0
