0	0
1	0
2	0
3	0
4	0
5	0
6	0
7	0
8	0
9	0
10	-1
11	1
12	0
13	0
14	0
15	1
16	0
17	0
18	0
19	1
20	0
21	0
22	0
23	0
24	0
25	0
26	0
27	1
28	0
29	0
30	0
31	1
32	0
33	1
34	-1
35	1
36	0
37	0
38	0
39	1
40	-1
41	1
42	0
43	0
44	-1
45	1
46	-1
47	0
48	-1
49	0
50	0
51	0
52	0
53	0
54	-1
55	1
56	0
57	0
58	0
59	0
60	0
61	0
62	0
63	0
64	0
65	0
66	0
67	1
68	0
69	1
70	0
71	1
72	0
73	2
74	0
75	1
76	0
77	1
78	0
79	1
80	0
81	1
82	0
83	1
84	0
85	1
86	0
87	2
88	0
89	0
90	0
91	0
92	0
93	0
94	0
95	1
96	0
97	0
98	0
99	0
100	0
101	0
102	0
103	1
104	0
105	0
106	-1
107	0
108	-1
109	1
110	-1
111	0
112	0
113	1
114	-1
115	0
116	0
117	0
118	-1
119	0
120	0
121	0
122	0
123	0
124	0
125	0
126	0
127	1
128	0
129	0
130	0
131	0
132	0
133	0
134	0
135	0
136	0
137	1
138	0
139	1
140	-1
141	1
142	0
143	1
144	0
145	1
146	0
147	1
148	0
149	1
150	0
151	0
152	0
153	1
154	0
155	1
156	0
157	2
158	0
159	1
160	0
161	2
162	0
163	1
164	0
165	2
166	0
167	0
168	0
169	1
170	0
171	1
172	0
173	1
174	0
175	0
176	0
177	0
178	0
179	0
180	0
181	0
182	0
183	0
184	0
185	0
186	0
187	1
188	0
189	1
190	0
191	0
192	0
193	0
194	-1
195	0
196	-1
197	0
198	0
199	0
200	0
201	0
202	0
203	0
204	0
205	0
206	0
207	1
208	-1
209	0
210	0
211	0
212	-1
213	0
214	0
215	0
216	0
217	1
218	0
219	1
220	0
221	1
222	0
223	0
224	-1
225	0
226	0
227	0
228	0
229	0
230	0
231	1
232	0
233	0
234	0
235	0
236	0
237	0
238	0
239	1
240	0
241	0
242	0
243	2
244	0
245	2
246	0
247	2
248	0
249	2
250	0
251	2
252	0
253	2
254	0
255	2
256	0
257	2
258	0
259	2
260	0
261	2
262	0
263	2
264	0
265	1
266	0
267	1
268	0
269	2
270	1
271	1
272	1
273	1
274	0
275	2
276	0
277	2
278	1
279	1
280	0
281	2
282	0
283	1
284	0
285	2
286	0
287	1
288	0
289	1
290	0
291	2
292	0
293	1
294	0
295	1
296	0
297	1
298	0
299	2
300	0
301	0
302	0
303	1
304	0
305	0
306	0
307	0
308	0
309	0
310	0
311	0
312	0
313	1
314	0
315	0
316	0
317	0
318	0
319	0
320	0
321	1
322	0
323	1
324	0
325	0
326	0
327	1
328	0
329	1
330	0
331	0
332	0
333	0
334	0
335	1
336	0
337	1
338	-1
339	0
340	0
341	1
342	0
343	0
344	0
345	0
346	0
347	1
348	0
349	1
350	0
351	0
352	0
353	1
354	0
355	0
356	0
357	1
358	0
359	0
360	0
361	0
362	0
363	0
364	0
365	0
366	0
367	1
368	0
369	0
370	0
371	0
372	0
373	0
374	0
375	1
376	0
377	1
378	0
379	0
380	0
381	0
382	0
383	0
384	0
385	0
386	0
387	0
388	0
389	0
390	0
391	0
392	0
393	0
394	0
395	0
396	0
397	0
398	0
399	0
400	0
401	1
402	0
403	1
404	0
405	0
406	0
407	0
408	0
409	1
410	0
411	0
412	0
413	1
414	0
415	0
416	0
417	0
418	0
419	0
420	0
421	0
422	0
423	1
424	0
425	1
426	0
427	0
428	0
429	0
430	0
431	0
432	0
433	0
434	0
435	1
436	0
437	1
438	0
439	0
440	0
441	0
442	0
443	1
444	0
445	0
446	0
447	0
448	0
449	0
450	0
451	0
452	0
453	1
454	0
455	1
456	0
457	3
458	0
459	4
460	2
461	6
462	3
463	7
464	5
465	9
466	7
467	12
468	9
469	14
470	12
471	17
472	16
473	22
474	19
475	27
476	26
477	32
478	30
479	37
480	34
481	43
482	41
483	47
484	46
485	54
486	50
487	57
488	55
489	60
490	58
491	64
492	62
493	67
494	65
495	67
496	68
497	69
498	70
499	78
500	62
501	74
502	68
503	72
504	68
505	71
506	67
507	70
508	66
509	68
510	64
511	66
512	63
513	64
514	60
515	62
516	57
517	59
518	55
519	57
520	51
521	53
522	48
523	52
524	45
525	48
526	43
527	45
528	39
529	42
530	37
531	40
532	33
533	35
534	31
535	33
536	28
537	32
538	25
539	28
540	22
541	27
542	21
543	24
544	17
545	22
546	15
547	20
548	13
549	16
550	11
551	16
552	11
553	13
554	8
555	12
556	7
557	12
558	5
559	9
560	5
561	9
562	4
563	8
564	3
565	6
566	1
567	5
568	1
569	4
570	0
571	3
572	0
573	2
574	0
575	1
576	0
577	1
578	0
579	0
580	-1
581	0
582	0
583	0
584	0
585	0
586	-2
587	0
588	-1
589	0
590	-2
591	0
592	-2
593	0
594	-2
595	0
596	-1
597	0
598	-2
599	0
600	-2
601	0
602	-3
603	0
604	-3
605	0
606	-2
607	0
608	-3
609	0
610	-2
611	0
612	-3
613	0
614	-3
615	0
616	-3
617	0
618	-2
619	0
620	-3
621	0
622	-3
623	0
624	-2
625	0
626	-3
627	0
628	-3
629	0
630	-2
631	0
632	-2
633	0
634	-3
635	0
636	-1
637	0
638	-2
639	0
640	-1
641	0
642	-1
643	0
644	-1
645	0
646	-1
647	0
648	-2
649	0
650	-1
651	0
652	-1
653	0
654	-2
655	0
656	-1
657	0
658	-2
659	0
660	-1
661	0
662	-1
663	0
664	-1
665	0
666	-1
667	0
668	0
669	0
670	0
671	0
672	-2
673	0
674	-1
675	0
676	-1
677	0
678	-2
679	0
680	0
681	0
682	0
683	0
684	-1
685	0
686	0
687	0
688	0
689	0
690	-1
691	0
692	-1
693	0
694	-1
695	0
696	0
697	0
698	0
699	0
700	-1
701	0
702	0
703	1
704	0
705	0
706	-1
707	1
708	0
709	0
710	0
711	0
712	0
713	1
714	0
715	1
716	0
717	0
718	0
719	1
720	0
721	0
722	0
723	0
724	0
725	1
726	-1
727	0
728	0
729	0
730	0
731	0
732	-1
733	0
734	-1
735	0
736	-1
737	0
738	0
739	0
740	-1
741	0
742	0
743	0
744	-1
745	0
746	0
747	0
748	0
749	0
750	0
751	0
752	0
753	0
754	0
755	0
756	-1
757	0
758	0
759	0
760	0
761	0
762	0
763	0
764	0
765	0
766	-1
767	0
768	-1
769	0
770	0
771	0
772	-1
773	0
774	0
775	0
776	0
777	0
778	0
779	0
780	0
781	0
782	0
783	0
784	0
785	0
786	-1
787	0
788	0
789	0
790	0
791	1
792	0
793	0
794	-1
795	0
796	0
797	0
798	-1
799	0
800	0
801	0
802	0
803	2
804	0
805	0
806	0
807	0
808	0
809	0
810	-1
811	0
812	0
813	1
814	0
815	1
816	0
817	0
818	0
819	1
820	0
821	1
822	0
823	1
824	0
825	0
826	0
827	1
828	0
829	1
830	0
831	0
832	0
833	0
834	0
835	0
836	0
837	0
838	0
839	0
840	0
841	0
842	0
843	0
844	-1
845	0
846	-1
847	0
848	0
849	0
850	-1
851	0
852	-1
853	0
854	-1
855	0
856	-1
857	0
858	0
859	0
860	-1
861	0
862	-1
863	0
864	-1
865	0
866	-2
867	0
868	-1
869	0
870	-3
871	0
872	-1
873	0
874	0
875	0
876	-1
877	0
878	-1
879	-1
880	-1
881	0
882	0
883	0
884	-1
885	0
886	-1
887	0
888	-1
889	0
890	-1
891	0
892	-1
893	0
894	0
895	0
896	0
897	0
898	0
899	0
900	0
901	0
902	-2
903	0
904	-1
905	0
906	0
907	0
908	0
909	1
910	-1
911	0
912	0
913	0
914	0
915	0
916	0
917	0
918	0
919	0
920	0
921	0
922	0
923	1
924	0
925	1
926	0
927	0
928	0
929	0
930	0
931	0
932	0
933	1
934	0
935	0
936	0
937	0
938	0
939	0
940	0
941	0
942	0
943	0
944	0
945	0
946	-1
947	0
948	0
949	0
950	0
951	0
952	0
953	0
954	-2
955	0
956	0
957	0
958	-1
959	0
960	0
961	0
962	0
963	0
964	-1
965	0
966	0
967	0
968	-1
969	0
970	-1
971	0
972	0
973	0
974	0
975	0
976	-1
977	0
978	-1
979	0
980	-1
981	0
982	-1
983	0
984	-1
985	0
986	-2
987	0
988	-1
989	0
990	0
991	0
992	-2
993	0
994	-1
995	0
996	-1
997	0
998	-1
999	0
1000	0
1001	0
1002	0
1003	0
1004	0
1005	0
1006	0
1007	0
1008	0
1009	0
1010	0
1011	0
1012	0
1013	0
1014	0
1015	0
1016	0
1017	0
1018	0
1019	0
1020	0
1021	0
1022	-1
1023	0
1024	0
1025	0
1026	0
1027	0
1028	-1
1029	0
1030	-1
1031	0
1032	-1
1033	0
1034	-2
1035	0
1036	-1
1037	0
1038	-1
1039	0
1040	0
1041	0
1042	-1
1043	0
1044	0
1045	0
1046	0
1047	0
1048	0
1049	0
1050	0
1051	0
1052	0
1053	0
1054	0
1055	0
1056	-2
1057	1
1058	0
1059	0
1060	0
1061	0
1062	0
1063	0
1064	-1
1065	0
1066	0
1067	0
1068	-1
1069	0
1070	-1
1071	0
1072	0
1073	0
1074	-2
1075	0
1076	-1
1077	0
1078	0
1079	0
1080	-1
1081	0
1082	0
1083	0
1084	0
1085	0
1086	0
1087	1
1088	0
1089	1
1090	0
1091	1
1092	0
1093	1
1094	0
1095	1
1096	0
1097	1
1098	0
1099	1
1100	0
1101	2
1102	0
1103	1
1104	0
1105	1
1106	1
1107	2
1108	0
1109	1
1110	0
1111	3
1112	0
1113	2
1114	0
1115	2
1116	0
1117	2
1118	0
1119	2
1120	0
1121	2
1122	0
1123	2
1124	0
1125	1
1126	0
1127	2
1128	0
1129	1
1130	0
1131	1
1132	0
1133	0
1134	0
1135	0
1136	0
1137	0
1138	-1
1139	1
1140	0
1141	0
1142	-1
1143	1
1144	0
1145	0
1146	0
1147	0
1148	0
1149	0
1150	0
1151	0
1152	0
1153	0
1154	0
1155	0
1156	0
1157	0
1158	0
1159	0
1160	0
1161	0
1162	0
1163	0
1164	-1
1165	0
1166	-1
1167	0
1168	-1
1169	0
1170	0
1171	0
1172	-1
1173	0
1174	0
1175	0
1176	-1
1177	0
1178	-1
1179	0
1180	-1
1181	0
1182	0
1183	0
1184	0
1185	0
1186	-2
1187	0
1188	0
1189	0
1190	-1
1191	0
1192	-1
1193	0
1194	0
1195	0
1196	0
1197	0
1198	0
1199	0
1200	-1
1201	0
1202	0
1203	0
1204	-1
1205	0
1206	-1
1207	0
1208	-2
1209	0
1210	-1
1211	0
1212	0
1213	0
1214	0
1215	0
1216	0
1217	0
1218	0
1219	0
1220	-1
1221	0
1222	0
1223	0
1224	-1
1225	1
1226	0
1227	0
1228	0
1229	0
1230	0
1231	0
1232	0
1233	0
1234	-1
1235	0
1236	0
1237	0
1238	-1
1239	0
1240	-2
1241	0
1242	-1
1243	0
1244	-1
1245	0
1246	-1
1247	0
1248	0
1249	0
1250	-1
1251	0
1252	-1
1253	0
1254	-1
1255	0
1256	-1
1257	0
1258	-1
1259	0
1260	-1
1261	0
1262	-1
1263	0
1264	-1
1265	0
1266	-1
1267	0
1268	-1
1269	0
1270	-1
1271	0
1272	-1
1273	0
1274	-1
1275	0
1276	-1
1277	0
1278	-1
1279	0
1280	-1
1281	0
1282	-1
1283	0
1284	-1
1285	0
1286	-2
1287	0
1288	-2
1289	1
1290	-1
1291	0
1292	-1
1293	0
1294	-1
1295	0
1296	-1
1297	0
1298	-2
1299	0
1300	-2
1301	0
1302	-1
1303	0
1304	-1
1305	0
1306	0
1307	0
1308	-1
1309	0
1310	0
1311	0
1312	-1
1313	0
1314	-1
1315	0
1316	-1
1317	0
1318	0
1319	0
1320	0
1321	0
1322	-1
1323	0
1324	-1
1325	0
1326	-1
1327	0
1328	-2
1329	0
1330	-1
1331	0
1332	0
1333	0
1334	0
1335	0
1336	0
1337	0
1338	-1
1339	0
1340	-1
1341	0
1342	0
1343	0
1344	-1
1345	1
1346	-2
1347	0
1348	-1
1349	0
1350	-2
1351	1
1352	-1
1353	0
1354	-2
1355	0
1356	0
1357	0
1358	0
1359	0
1360	0
1361	0
1362	-2
1363	0
1364	-1
1365	0
1366	-1
1367	0
1368	-1
1369	0
1370	-1
1371	0
1372	-1
1373	0
1374	-2
1375	0
1376	-1
1377	0
1378	0
1379	0
1380	0
1381	0
1382	-1
1383	0
1384	0
1385	0
1386	0
1387	0
1388	-1
1389	0
1390	-2
1391	-1
1392	-2
1393	0
1394	-1
1395	0
1396	-1
1397	0
1398	0
1399	0
1400	-1
1401	0
1402	-1
1403	0
1404	0
1405	0
1406	0
1407	1
1408	-1
1409	1
1410	0
1411	0
1412	0
1413	2
1414	0
1415	2
1416	0
1417	2
1418	0
1419	2
1420	0
1421	2
1422	0
1423	1
1424	1
1425	2
1426	1
1427	2
1428	1
1429	1
1430	0
1431	1
1432	0
1433	2
1434	0
1435	2
1436	1
1437	1
1438	0
1439	1
1440	0
1441	2
1442	0
1443	1
1444	0
1445	1
1446	0
1447	1
1448	0
1449	0
1450	0
1451	1
1452	0
1453	0
1454	0
1455	0
1456	-1
1457	0
1458	0
1459	0
1460	-1
1461	0
1462	0
1463	0
1464	0
1465	0
1466	0
1467	0
1468	0
1469	0
1470	0
1471	0
1472	0
1473	0
1474	0
1475	1
1476	0
1477	0
1478	0
1479	0
1480	0
1481	0
1482	0
1483	0
1484	0
1485	0
1486	0
1487	0
1488	-1
1489	0
1490	-1
1491	0
1492	0
1493	0
1494	-1
1495	0
1496	-1
1497	0
1498	-1
1499	0
1500	-1
1501	0
1502	-1
1503	0
1504	-1
1505	0
1506	0
1507	0
1508	-1
1509	0
1510	-1
1511	0
1512	-1
1513	0
1514	-1
1515	0
1516	-1
1517	0
1518	0
1519	0
1520	-1
1521	0
1522	0
1523	0
1524	-1
1525	0
1526	0
1527	0
1528	-1
1529	0
1530	-1
1531	0
1532	-2
1533	0
1534	-1
1535	0
1536	0
1537	0
1538	0
1539	0
1540	0
1541	1
1542	-1
1543	0
1544	-1
1545	0
1546	0
1547	0
1548	-1
1549	0
1550	0
1551	0
1552	0
1553	0
1554	0
1555	0
1556	0
1557	0
1558	-1
1559	0
1560	0
1561	0
1562	0
1563	0
1564	0
1565	0
1566	0
1567	0
1568	-1
1569	0
1570	0
1571	0
1572	0
1573	0
1574	-2
1575	0
1576	0
1577	1
1578	0
1579	0
1580	0
1581	0
1582	0
1583	0
1584	-1
1585	0
1586	0
1587	0
1588	0
1589	0
1590	0
1591	0
1592	0
1593	0
1594	0
1595	0
1596	0
1597	0
1598	0
1599	0
1600	0
1601	0
1602	0
1603	1
1604	0
1605	2
1606	0
1607	0
1608	0
1609	0
1610	0
1611	0
1612	0
1613	0
1614	0
1615	0
1616	0
1617	1
1618	0
1619	0
1620	0
1621	0
1622	-1
1623	0
1624	-1
1625	0
1626	0
1627	0
1628	0
1629	0
1630	-1
1631	0
1632	0
1633	0
1634	-1
1635	0
1636	-1
1637	0
1638	-1
1639	0
1640	-1
1641	0
1642	0
1643	0
1644	-1
1645	0
1646	-1
1647	0
1648	0
1649	0
1650	-1
1651	0
1652	0
1653	0
1654	-1
1655	0
1656	-1
1657	0
1658	0
1659	0
1660	-1
1661	0
1662	-1
1663	0
1664	-1
1665	0
1666	-1
1667	0
1668	0
1669	0
1670	0
1671	0
1672	0
1673	0
1674	0
1675	0
1676	0
1677	0
1678	0
1679	0
1680	0
1681	1
1682	-1
1683	0
1684	-1
1685	0
1686	-1
1687	0
1688	-1
1689	0
1690	-1
1691	0
1692	-1
1693	0
1694	-1
1695	0
1696	0
1697	0
1698	-1
1699	0
1700	0
1701	0
1702	0
1703	0
1704	0
1705	0
1706	0
1707	0
1708	0
1709	0
1710	0
1711	0
1712	0
1713	0
1714	0
1715	0
1716	0
1717	1
1718	0
1719	1
1720	0
1721	0
1722	0
1723	0
1724	0
1725	0
1726	0
1727	0
1728	0
1729	0
1730	0
1731	0
1732	0
1733	0
1734	-1
1735	0
1736	-1
1737	1
1738	0
1739	1
1740	0
1741	2
1742	0
1743	1
1744	0
1745	1
1746	0
1747	1
1748	0
1749	1
1750	0
1751	2
1752	0
1753	1
1754	0
1755	1
1756	0
1757	1
1758	0
1759	1
1760	0
1761	1
1762	0
1763	0
1764	0
1765	1
1766	0
1767	1
1768	0
1769	1
1770	0
1771	1
1772	0
1773	0
1774	0
1775	1
1776	0
1777	0
1778	0
1779	1
1780	0
1781	1
1782	0
1783	1
1784	0
1785	1
1786	0
1787	1
1788	0
1789	0
1790	0
1791	1
1792	-1
1793	0
1794	0
1795	0
1796	0
1797	0
1798	0
1799	1
1800	0
1801	0
1802	0
1803	0
1804	0
1805	0
1806	0
1807	0
1808	0
1809	0
1810	0
1811	0
1812	0
1813	0
1814	0
1815	0
1816	0
1817	1
1818	-1
1819	0
1820	0
1821	0
1822	-1
1823	0
1824	0
1825	0
1826	0
1827	0
1828	0
1829	0
1830	0
1831	0
1832	0
1833	0
1834	-1
1835	0
1836	-2
1837	0
1838	-1
1839	0
1840	0
1841	0
1842	0
1843	0
1844	0
1845	0
1846	0
1847	1
1848	0
1849	0
1850	0
1851	1
1852	0
1853	0
1854	0
1855	0
1856	0
1857	0
1858	0
1859	0
1860	0
1861	0
1862	0
1863	0
1864	0
1865	0
1866	0
1867	0
1868	0
1869	0
1870	0
1871	0
1872	0
1873	0
1874	0
1875	0
1876	0
1877	0
1878	0
1879	0
1880	0
1881	0
1882	0
1883	0
1884	0
1885	0
1886	0
1887	0
1888	0
1889	0
1890	0
1891	0
1892	0
1893	0
1894	-1
1895	0
1896	-1
1897	0
1898	0
1899	0
1900	0
1901	0
1902	-1
1903	0
1904	-1
1905	0
1906	0
1907	0
1908	-1
1909	0
1910	-1
1911	0
1912	-1
1913	0
1914	-1
1915	0
1916	0
1917	0
1918	0
1919	0
1920	0
1921	0
1922	-1
1923	0
1924	0
1925	0
1926	0
1927	0
1928	0
1929	0
1930	0
1931	0
1932	0
1933	0
1934	0
1935	0
1936	0
1937	0
1938	0
1939	0
1940	-1
1941	1
1942	0
1943	0
1944	0
1945	0
1946	0
1947	0
1948	0
1949	1
1950	0
1951	0
1952	-1
1953	0
1954	0
1955	0
1956	-1
1957	0
1958	0
1959	0
1960	0
1961	0
1962	-1
1963	0
1964	0
1965	0
1966	0
1967	0
1968	-2
1969	0
1970	-1
1971	0
1972	0
1973	0
1974	0
1975	0
1976	0
1977	0
1978	-1
1979	0
1980	-1
1981	0
1982	0
1983	0
1984	0
1985	0
1986	0
1987	0
1988	0
1989	1
1990	0
1991	0
1992	0
1993	0
1994	0
1995	1
1996	0
1997	0
1998	0
1999	0
