0	0
1	0
2	0
3	1
4	0
5	0
6	0
7	1
8	0
9	1
10	0
11	1
12	0
13	2
14	0
15	1
16	0
17	2
18	0
19	1
20	0
21	1
22	0
23	1
24	-1
25	1
26	0
27	0
28	0
29	0
30	-1
31	0
32	-1
33	1
34	0
35	0
36	-1
37	0
38	-1
39	1
40	-1
41	0
42	-1
43	0
44	-1
45	0
46	-1
47	0
48	-1
49	0
50	0
51	0
52	0
53	0
54	0
55	1
56	0
57	1
58	0
59	1
60	0
61	2
62	0
63	2
64	0
65	2
66	0
67	1
68	0
69	1
70	0
71	1
72	0
73	2
74	0
75	1
76	0
77	2
78	0
79	0
80	0
81	1
82	0
83	0
84	0
85	1
86	0
87	1
88	0
89	0
90	0
91	1
92	0
93	1
94	0
95	0
96	0
97	0
98	0
99	1
100	0
101	1
102	0
103	0
104	0
105	2
106	0
107	1
108	0
109	0
110	0
111	0
112	0
113	0
114	0
115	0
116	0
117	0
118	-1
119	1
120	0
121	0
122	-2
123	0
124	0
125	0
126	0
127	0
128	-1
129	0
130	0
131	1
132	0
133	0
134	0
135	0
136	0
137	1
138	0
139	1
140	0
141	1
142	0
143	2
144	0
145	1
146	0
147	1
148	0
149	0
150	0
151	2
152	0
153	1
154	0
155	1
156	0
157	1
158	0
159	0
160	0
161	1
162	0
163	2
164	0
165	1
166	0
167	1
168	0
169	2
170	0
171	1
172	0
173	1
174	0
175	1
176	0
177	1
178	0
179	0
180	0
181	1
182	0
183	1
184	0
185	0
186	0
187	1
188	0
189	0
190	0
191	1
192	0
193	1
194	0
195	1
196	0
197	0
198	0
199	0
200	0
201	2
202	0
203	0
204	-1
205	0
206	0
207	1
208	0
209	2
210	0
211	2
212	0
213	3
214	0
215	1
216	0
217	1
218	0
219	1
220	0
221	1
222	0
223	0
224	0
225	0
226	0
227	1
228	0
229	0
230	0
231	1
232	-2
233	1
234	-1
235	1
236	-1
237	0
238	-1
239	0
240	0
241	2
242	0
243	0
244	0
245	1
246	0
247	1
248	0
249	0
250	0
251	1
252	0
253	1
254	0
255	1
256	0
257	2
258	0
259	2
260	0
261	2
262	0
263	1
264	1
265	0
266	1
267	2
268	0
269	2
270	0
271	2
272	0
273	1
274	-1
275	1
276	0
277	2
278	0
279	1
280	-1
281	1
282	-1
283	2
284	0
285	0
286	0
287	2
288	-1
289	1
290	-1
291	2
292	-1
293	1
294	-1
295	0
296	-1
297	0
298	0
299	0
300	-1
301	0
302	-1
303	1
304	-1
305	1
306	-1
307	1
308	0
309	1
310	0
311	0
312	0
313	2
314	0
315	1
316	0
317	1
318	0
319	1
320	0
321	0
322	-1
323	1
324	0
325	0
326	0
327	1
328	0
329	1
330	0
331	2
332	-1
333	2
334	0
335	1
336	0
337	2
338	0
339	1
340	0
341	0
342	0
343	0
344	0
345	0
346	0
347	1
348	0
349	1
350	0
351	1
352	0
353	2
354	0
355	2
356	0
357	2
358	0
359	1
360	0
361	2
362	0
363	1
364	0
365	1
366	0
367	1
368	-1
369	1
370	0
371	1
372	0
373	0
374	0
375	0
376	0
377	1
378	0
379	0
380	0
381	0
382	0
383	0
384	0
385	0
386	0
387	0
388	-1
389	1
390	0
391	2
392	0
393	1
394	0
395	3
396	0
397	0
398	0
399	1
400	0
401	1
402	0
403	2
404	0
405	1
406	0
407	0
408	0
409	0
410	-1
411	0
412	0
413	0
414	0
415	0
416	-2
417	0
418	-1
419	0
420	-1
421	0
422	0
423	1
424	0
425	0
426	0
427	0
428	0
429	1
430	0
431	1
432	0
433	2
434	0
435	2
436	0
437	2
438	0
439	2
440	1
441	5
442	2
443	8
444	6
445	11
446	9
447	15
448	13
449	19
450	18
451	23
452	23
453	30
454	28
455	35
456	35
457	40
458	39
459	45
460	45
461	50
462	50
463	55
464	55
465	59
466	59
467	63
468	62
469	68
470	66
471	70
472	68
473	73
474	70
475	74
476	71
477	74
478	72
479	76
480	72
481	77
482	74
483	77
484	74
485	77
486	73
487	76
488	73
489	78
490	74
491	77
492	71
493	76
494	71
495	75
496	71
497	74
498	73
499	78
500	62
501	73
502	67
503	69
504	66
505	70
506	65
507	67
508	61
509	65
510	61
511	63
512	58
513	62
514	56
515	59
516	53
517	57
518	52
519	54
520	50
521	53
522	46
523	50
524	43
525	47
526	40
527	43
528	39
529	39
530	37
531	39
532	35
533	36
534	32
535	33
536	28
537	31
538	25
539	28
540	21
541	26
542	20
543	23
544	17
545	20
546	16
547	18
548	13
549	17
550	12
551	14
552	9
553	13
554	9
555	11
556	7
557	10
558	4
559	9
560	3
561	8
562	2
563	7
564	1
565	5
566	0
567	4
568	0
569	4
570	0
571	3
572	-1
573	3
574	-2
575	2
576	-4
577	1
578	-4
579	0
580	-5
581	0
582	-7
583	-1
584	-5
585	-2
586	-6
587	-2
588	-7
589	-2
590	-6
591	-3
592	-7
593	-3
594	-7
595	-3
596	-7
597	-2
598	-8
599	-2
600	-8
601	-3
602	-7
603	-3
604	-6
605	-1
606	-6
607	-2
608	-5
609	-3
610	-4
611	-1
612	-4
613	-1
614	-4
615	-1
616	-6
617	-1
618	-5
619	-1
620	-4
621	0
622	-4
623	-1
624	-4
625	0
626	-4
627	0
628	-4
629	0
630	-4
631	0
632	-3
633	0
634	-4
635	0
636	-5
637	0
638	-4
639	0
640	-3
641	-1
642	-4
643	-2
644	-3
645	-2
646	-4
647	-1
648	-3
649	0
650	-3
651	0
652	-4
653	-1
654	-4
655	0
656	-4
657	-1
658	-3
659	0
660	-3
661	-1
662	-2
663	0
664	-3
665	0
666	-3
667	0
668	-3
669	0
670	-3
671	0
672	-2
673	0
674	-2
675	0
676	-3
677	0
678	-2
679	0
680	-2
681	0
682	-2
683	0
684	-1
685	0
686	-2
687	0
688	-3
689	0
690	-3
691	0
692	-3
693	0
694	-3
695	0
696	-3
697	0
698	-3
699	-1
700	-4
701	-1
702	-4
703	0
704	-4
705	0
706	-3
707	-1
708	-3
709	0
710	-2
711	0
712	-4
713	0
714	-3
715	0
716	-3
717	0
718	-2
719	0
720	0
721	1
722	-1
723	0
724	-2
725	0
726	0
727	0
728	-2
729	0
730	-2
731	0
732	-2
733	0
734	-2
735	1
736	-1
737	0
738	-1
739	0
740	-1
741	0
742	-2
743	0
744	-1
745	0
746	-1
747	0
748	-1
749	0
750	0
751	1
752	-1
753	0
754	-1
755	0
756	-2
757	0
758	-2
759	0
760	-1
761	0
762	-1
763	0
764	-2
765	1
766	-2
767	1
768	-1
769	1
770	0
771	0
772	-1
773	0
774	-1
775	1
776	0
777	1
778	-1
779	0
780	-1
781	1
782	-3
783	1
784	-1
785	1
786	-2
787	1
788	-1
789	1
790	-2
791	0
792	-2
793	0
794	-1
795	0
796	-2
797	0
798	-1
799	0
800	-2
801	0
802	-3
803	0
804	-1
805	0
806	-1
807	0
808	-2
809	0
810	-3
811	0
812	-2
813	0
814	-2
815	0
816	-3
817	0
818	-4
819	0
820	-3
821	0
822	-1
823	0
824	-2
825	0
826	-3
827	0
828	-3
829	0
830	-4
831	0
832	-3
833	0
834	-4
835	0
836	-4
837	0
838	-4
839	0
840	-4
841	0
842	-4
843	0
844	-4
845	0
846	-3
847	0
848	-4
849	0
850	-3
851	0
852	-2
853	0
854	-3
855	0
856	-3
857	0
858	-3
859	0
860	-3
861	0
862	-4
863	0
864	-3
865	1
866	-2
867	0
868	-1
869	0
870	0
871	1
872	-1
873	0
874	0
875	0
876	-1
877	0
878	-2
879	0
880	-2
881	0
882	-2
883	0
884	-2
885	0
886	-1
887	0
888	-1
889	0
890	-1
891	0
892	0
893	0
894	0
895	1
896	-2
897	1
898	0
899	0
900	0
901	0
902	-1
903	0
904	-1
905	0
906	-1
907	1
908	0
909	1
910	0
911	0
912	-1
913	0
914	-2
915	0
916	0
917	1
918	-2
919	0
920	-2
921	2
922	-3
923	0
924	-3
925	1
926	-2
927	0
928	-4
929	0
930	-2
931	0
932	-3
933	0
934	-2
935	0
936	-3
937	0
938	-2
939	0
940	-2
941	0
942	-3
943	0
944	-5
945	0
946	-4
947	0
948	-4
949	0
950	-4
951	0
952	-3
953	0
954	-3
955	-1
956	-2
957	0
958	-3
959	0
960	-4
961	0
962	-2
963	0
964	-3
965	0
966	-3
967	0
968	-2
969	0
970	-1
971	0
972	-2
973	0
974	-2
975	0
976	-4
977	0
978	-4
979	0
980	-3
981	0
982	-3
983	0
984	-3
985	0
986	-2
987	0
988	-3
989	0
990	-3
991	0
992	-4
993	0
994	-4
995	0
996	-3
997	0
998	-2
999	-1
1000	-3
1001	-1
1002	-4
1003	0
1004	-4
1005	-1
1006	-4
1007	-1
1008	-3
1009	-1
1010	-3
1011	0
1012	-3
1013	0
1014	-3
1015	0
1016	-4
1017	0
1018	-4
1019	-1
1020	-3
1021	0
1022	-4
1023	-1
1024	-4
1025	0
1026	-4
1027	0
1028	-4
1029	0
1030	-5
1031	0
1032	-4
1033	0
1034	-5
1035	-1
1036	-3
1037	0
1038	-4
1039	0
1040	-4
1041	0
1042	-3
1043	-1
1044	-3
1045	0
1046	-3
1047	-1
1048	-3
1049	0
1050	-3
1051	0
1052	-4
1053	0
1054	-5
1055	0
1056	-3
1057	0
1058	-3
1059	0
1060	-3
1061	0
1062	-3
1063	0
1064	-3
1065	0
1066	-3
1067	0
1068	-2
1069	0
1070	-3
1071	0
1072	-2
1073	0
1074	-3
1075	0
1076	-1
1077	0
1078	0
1079	0
1080	-3
1081	0
1082	-2
1083	0
1084	-3
1085	0
1086	-3
1087	0
1088	-2
1089	0
1090	-4
1091	-1
1092	-3
1093	0
1094	-3
1095	-1
1096	-4
1097	-1
1098	-4
1099	0
1100	-5
1101	-1
1102	-4
1103	-1
1104	-4
1105	-1
1106	-4
1107	-1
1108	-5
1109	0
1110	-4
1111	-1
1112	-2
1113	0
1114	-3
1115	0
1116	-3
1117	0
1118	-2
1119	0
1120	-3
1121	0
1122	-3
1123	0
1124	-4
1125	0
1126	-3
1127	0
1128	-4
1129	0
1130	-4
1131	0
1132	-4
1133	-1
1134	-4
1135	-1
1136	-2
1137	-2
1138	-4
1139	0
1140	-3
1141	-1
1142	-2
1143	0
1144	-3
1145	0
1146	-2
1147	0
1148	-1
1149	0
1150	-3
1151	0
1152	-2
1153	0
1154	-3
1155	-1
1156	-1
1157	0
1158	-2
1159	0
1160	-3
1161	0
1162	-4
1163	-1
1164	-3
1165	0
1166	-3
1167	0
1168	-2
1169	0
1170	-3
1171	0
1172	-2
1173	0
1174	-3
1175	0
1176	-3
1177	-1
1178	-2
1179	0
1180	-4
1181	0
1182	-4
1183	0
1184	-4
1185	0
1186	-4
1187	-1
1188	-4
1189	0
1190	-3
1191	0
1192	-3
1193	0
1194	-2
1195	0
1196	-5
1197	-1
1198	-4
1199	0
1200	-4
1201	0
1202	-3
1203	0
1204	-1
1205	0
1206	-1
1207	0
1208	-2
1209	0
1210	-2
1211	0
1212	-1
1213	0
1214	-1
1215	0
1216	-3
1217	0
1218	-2
1219	0
1220	-3
1221	0
1222	-2
1223	0
1224	-2
1225	0
1226	-2
1227	0
1228	-3
1229	0
1230	-4
1231	0
1232	-3
1233	-1
1234	-4
1235	-1
1236	-4
1237	-1
1238	-2
1239	0
1240	-3
1241	0
1242	-2
1243	0
1244	-2
1245	0
1246	-3
1247	0
1248	-2
1249	-1
1250	-3
1251	0
1252	-4
1253	0
1254	-4
1255	0
1256	-3
1257	0
1258	-2
1259	0
1260	-2
1261	0
1262	-2
1263	0
1264	-2
1265	0
1266	-2
1267	0
1268	-1
1269	0
1270	-2
1271	0
1272	-3
1273	0
1274	-1
1275	0
1276	-3
1277	0
1278	-2
1279	0
1280	-3
1281	0
1282	-2
1283	0
1284	-4
1285	0
1286	-2
1287	0
1288	-3
1289	0
1290	-3
1291	0
1292	-3
1293	0
1294	-2
1295	0
1296	-4
1297	0
1298	-2
1299	0
1300	-1
1301	0
1302	-2
1303	0
1304	-3
1305	0
1306	-4
1307	0
1308	-2
1309	0
1310	-3
1311	-1
1312	-2
1313	0
1314	-2
1315	0
1316	-2
1317	0
1318	-2
1319	0
1320	-3
1321	-1
1322	-3
1323	-1
1324	-4
1325	-1
1326	-3
1327	0
1328	-4
1329	0
1330	-2
1331	-1
1332	-3
1333	0
1334	-2
1335	-1
1336	-2
1337	0
1338	-1
1339	0
1340	-2
1341	0
1342	-1
1343	0
1344	-2
1345	0
1346	-1
1347	0
1348	-2
1349	0
1350	-1
1351	0
1352	-3
1353	0
1354	-3
1355	0
1356	-2
1357	0
1358	-3
1359	0
1360	-3
1361	0
1362	-1
1363	0
1364	-2
1365	0
1366	-2
1367	0
1368	-2
1369	0
1370	-2
1371	-1
1372	-3
1373	0
1374	-3
1375	0
1376	-3
1377	0
1378	-4
1379	-1
1380	-2
1381	0
1382	-4
1383	0
1384	-4
1385	0
1386	-3
1387	0
1388	-3
1389	0
1390	-3
1391	0
1392	-3
1393	0
1394	-2
1395	-1
1396	-2
1397	0
1398	-2
1399	0
1400	-2
1401	0
1402	-2
1403	-1
1404	-3
1405	0
1406	-3
1407	0
1408	-4
1409	0
1410	-4
1411	0
1412	-3
1413	-1
1414	-2
1415	-1
1416	-3
1417	0
1418	-4
1419	0
1420	-2
1421	-1
1422	-3
1423	0
1424	-2
1425	0
1426	-4
1427	0
1428	-3
1429	0
1430	-2
1431	0
1432	-1
1433	0
1434	-1
1435	0
1436	-1
1437	0
1438	-1
1439	0
1440	-2
1441	0
1442	-1
1443	0
1444	-2
1445	0
1446	-4
1447	0
1448	-2
1449	0
1450	-2
1451	0
1452	-2
1453	0
1454	-3
1455	0
1456	-3
1457	0
1458	-3
1459	0
1460	-3
1461	0
1462	-3
1463	-1
1464	-3
1465	0
1466	-3
1467	-1
1468	-4
1469	0
1470	-4
1471	-1
1472	-4
1473	0
1474	-3
1475	0
1476	-3
1477	0
1478	-3
1479	-1
1480	-1
1481	0
1482	-1
1483	0
1484	-1
1485	0
1486	-1
1487	0
1488	-2
1489	-1
1490	-1
1491	0
1492	-3
1493	0
1494	-3
1495	0
1496	-1
1497	0
1498	-1
1499	0
1500	-1
1501	0
1502	-2
1503	0
1504	-3
1505	0
1506	-2
1507	0
1508	-2
1509	0
1510	-3
1511	0
1512	-3
1513	-1
1514	-3
1515	0
1516	-3
1517	0
1518	-2
1519	0
1520	-4
1521	0
1522	-4
1523	0
1524	-2
1525	0
1526	-1
1527	0
1528	-3
1529	0
1530	-3
1531	0
1532	-2
1533	0
1534	-3
1535	0
1536	-1
1537	0
1538	0
1539	0
1540	-1
1541	0
1542	-2
1543	0
1544	-3
1545	0
1546	-1
1547	0
1548	-2
1549	0
1550	-2
1551	0
1552	-2
1553	0
1554	-2
1555	0
1556	-2
1557	0
1558	-3
1559	0
1560	-2
1561	0
1562	-1
1563	0
1564	-1
1565	0
1566	-1
1567	0
1568	-1
1569	0
1570	-2
1571	0
1572	-2
1573	0
1574	-2
1575	0
1576	-2
1577	0
1578	-2
1579	0
1580	-1
1581	0
1582	-3
1583	0
1584	-3
1585	0
1586	-2
1587	0
1588	-1
1589	0
1590	-4
1591	0
1592	-2
1593	0
1594	-2
1595	-1
1596	-3
1597	0
1598	-2
1599	0
1600	-2
1601	-1
1602	-3
1603	0
1604	-4
1605	0
1606	-3
1607	0
1608	-2
1609	0
1610	-2
1611	0
1612	-1
1613	0
1614	0
1615	1
1616	-3
1617	0
1618	0
1619	0
1620	-1
1621	0
1622	0
1623	0
1624	-1
1625	0
1626	0
1627	1
1628	-1
1629	1
1630	0
1631	1
1632	0
1633	1
1634	0
1635	1
1636	0
1637	1
1638	0
1639	1
1640	0
1641	1
1642	0
1643	2
1644	0
1645	1
1646	0
1647	1
1648	0
1649	2
1650	0
1651	2
1652	0
1653	1
1654	-1
1655	1
1656	-1
1657	2
1658	-1
1659	1
1660	-1
1661	1
1662	0
1663	1
1664	-1
1665	1
1666	-1
1667	1
1668	-3
1669	1
1670	-2
1671	1
1672	0
1673	1
1674	0
1675	1
1676	-1
1677	0
1678	-1
1679	0
1680	0
1681	2
1682	-2
1683	0
1684	-1
1685	2
1686	-1
1687	0
1688	-1
1689	0
1690	0
1691	0
1692	-1
1693	1
1694	0
1695	0
1696	0
1697	0
1698	-1
1699	0
1700	-1
1701	0
1702	-2
1703	0
1704	-2
1705	0
1706	-2
1707	0
1708	-2
1709	0
1710	-2
1711	0
1712	-2
1713	0
1714	-1
1715	0
1716	-3
1717	0
1718	-2
1719	0
1720	-2
1721	0
1722	-2
1723	0
1724	-1
1725	0
1726	-2
1727	0
1728	-1
1729	0
1730	-1
1731	0
1732	-2
1733	0
1734	-2
1735	0
1736	-1
1737	0
1738	-1
1739	0
1740	-1
1741	0
1742	-1
1743	0
1744	-2
1745	0
1746	-1
1747	0
1748	-2
1749	0
1750	-2
1751	0
1752	-2
1753	0
1754	-2
1755	0
1756	-3
1757	0
1758	-3
1759	0
1760	-3
1761	0
1762	-5
1763	0
1764	-3
1765	0
1766	-2
1767	0
1768	-2
1769	-1
1770	-3
1771	0
1772	-3
1773	0
1774	-2
1775	0
1776	-1
1777	0
1778	-3
1779	0
1780	-2
1781	0
1782	-1
1783	0
1784	-1
1785	0
1786	-2
1787	0
1788	-2
1789	0
1790	-3
1791	0
1792	-2
1793	0
1794	-3
1795	0
1796	-3
1797	0
1798	-3
1799	0
1800	-3
1801	0
1802	-1
1803	0
1804	0
1805	0
1806	-2
1807	0
1808	-1
1809	0
1810	-1
1811	0
1812	-2
1813	0
1814	-1
1815	0
1816	-2
1817	0
1818	-2
1819	1
1820	-1
1821	0
1822	-1
1823	1
1824	0
1825	1
1826	-1
1827	0
1828	-1
1829	1
1830	-2
1831	1
1832	-3
1833	1
1834	-3
1835	0
1836	-2
1837	1
1838	-2
1839	0
1840	-2
1841	0
1842	-2
1843	0
1844	-2
1845	0
1846	-1
1847	0
1848	-2
1849	0
1850	-1
1851	0
1852	-1
1853	0
1854	-2
1855	0
1856	-2
1857	0
1858	-1
1859	0
1860	-1
1861	0
1862	-1
1863	0
1864	-1
1865	0
1866	-2
1867	0
1868	-2
1869	0
1870	-2
1871	0
1872	-2
1873	0
1874	-2
1875	0
1876	-2
1877	0
1878	-2
1879	0
1880	-1
1881	0
1882	-3
1883	0
1884	-2
1885	0
1886	-2
1887	0
1888	-2
1889	0
1890	-1
1891	0
1892	-2
1893	0
1894	-1
1895	0
1896	-1
1897	0
1898	-2
1899	0
1900	-1
1901	0
1902	-1
1903	0
1904	-1
1905	0
1906	-2
1907	0
1908	-2
1909	0
1910	-3
1911	0
1912	-2
1913	1
1914	-2
1915	0
1916	-1
1917	1
1918	0
1919	0
1920	0
1921	1
1922	0
1923	1
1924	0
1925	1
1926	-1
1927	0
1928	0
1929	0
1930	0
1931	1
1932	0
1933	1
1934	0
1935	0
1936	-1
1937	0
1938	-1
1939	1
1940	-2
1941	0
1942	-1
1943	0
1944	-1
1945	0
1946	-1
1947	0
1948	-1
1949	0
1950	-1
1951	0
1952	-1
1953	0
1954	-1
1955	0
1956	-2
1957	1
1958	-1
1959	0
1960	-1
1961	0
1962	0
1963	0
1964	-1
1965	0
1966	0
1967	0
1968	-1
1969	0
1970	-1
1971	0
1972	0
1973	0
1974	-1
1975	0
1976	-1
1977	0
1978	-2
1979	1
1980	-2
1981	0
1982	-1
1983	0
1984	-1
1985	0
1986	-1
1987	1
1988	-3
1989	0
1990	-1
1991	0
1992	-1
1993	0
1994	-3
1995	0
1996	-2
1997	0
1998	-1
1999	0
