0	0
1	0
2	0
3	0
4	0
5	1
6	0
7	1
8	0
9	1
10	0
11	0
12	0
13	0
14	0
15	0
16	0
17	0
18	0
19	0
20	0
21	0
22	0
23	0
24	0
25	0
26	0
27	0
28	0
29	0
30	0
31	1
32	0
33	1
34	0
35	1
36	0
37	1
38	0
39	1
40	0
41	1
42	0
43	0
44	0
45	1
46	0
47	1
48	0
49	0
50	0
51	0
52	-1
53	0
54	-1
55	1
56	-1
57	0
58	0
59	0
60	0
61	0
62	0
63	0
64	0
65	1
66	0
67	0
68	0
69	0
70	0
71	1
72	-1
73	0
74	0
75	0
76	0
77	1
78	0
79	1
80	0
81	0
82	0
83	1
84	0
85	1
86	0
87	0
88	0
89	0
90	0
91	0
92	0
93	0
94	0
95	0
96	0
97	0
98	0
99	0
100	0
101	0
102	0
103	1
104	0
105	1
106	0
107	0
108	0
109	0
110	0
111	0
112	0
113	1
114	0
115	0
116	0
117	0
118	0
119	0
120	0
121	2
122	0
123	1
124	0
125	0
126	0
127	0
128	0
129	0
130	0
131	1
132	0
133	1
134	0
135	1
136	0
137	2
138	0
139	2
140	0
141	1
142	0
143	0
144	0
145	1
146	0
147	2
148	0
149	0
150	0
151	0
152	0
153	1
154	0
155	1
156	0
157	0
158	0
159	0
160	0
161	1
162	0
163	1
164	0
165	1
166	0
167	1
168	0
169	1
170	0
171	1
172	0
173	1
174	0
175	1
176	0
177	1
178	0
179	1
180	0
181	0
182	0
183	0
184	0
185	0
186	0
187	0
188	0
189	0
190	1
191	0
192	0
193	1
194	1
195	0
196	1
197	1
198	0
199	1
200	0
201	1
202	0
203	1
204	0
205	1
206	0
207	1
208	0
209	1
210	0
211	1
212	0
213	1
214	0
215	1
216	0
217	1
218	0
219	1
220	0
221	1
222	0
223	0
224	0
225	0
226	0
227	0
228	0
229	0
230	0
231	0
232	0
233	0
234	0
235	0
236	0
237	0
238	0
239	0
240	0
241	0
242	0
243	0
244	0
245	0
246	0
247	0
248	0
249	1
250	0
251	1
252	0
253	0
254	0
255	0
256	0
257	0
258	0
259	1
260	0
261	0
262	0
263	1
264	0
265	0
266	0
267	0
268	0
269	1
270	0
271	0
272	0
273	0
274	0
275	0
276	0
277	1
278	0
279	0
280	0
281	0
282	0
283	0
284	0
285	0
286	0
287	0
288	0
289	0
290	0
291	0
292	0
293	0
294	0
295	0
296	0
297	0
298	0
299	1
300	0
301	1
302	0
303	1
304	0
305	0
306	0
307	0
308	0
309	1
310	0
311	1
312	0
313	0
314	0
315	0
316	0
317	0
318	0
319	1
320	0
321	0
322	0
323	0
324	0
325	0
326	0
327	0
328	0
329	0
330	0
331	0
332	0
333	0
334	0
335	0
336	0
337	0
338	0
339	0
340	0
341	0
342	0
343	1
344	0
345	1
346	0
347	0
348	0
349	0
350	0
351	0
352	0
353	1
354	0
355	1
356	0
357	0
358	0
359	0
360	0
361	0
362	0
363	1
364	0
365	1
366	0
367	0
368	0
369	1
370	0
371	0
372	0
373	0
374	0
375	0
376	0
377	0
378	0
379	0
380	0
381	1
382	0
383	0
384	0
385	0
386	0
387	0
388	0
389	0
390	0
391	0
392	0
393	0
394	0
395	0
396	0
397	0
398	0
399	1
400	0
401	0
402	0
403	1
404	0
405	2
406	1
407	1
408	0
409	1
410	0
411	1
412	0
413	1
414	0
415	0
416	0
417	1
418	1
419	1
420	0
421	1
422	0
423	1
424	0
425	0
426	0
427	1
428	0
429	0
430	0
431	0
432	0
433	0
434	0
435	0
436	0
437	0
438	0
439	0
440	0
441	1
442	0
443	1
444	0
445	3
446	2
447	5
448	4
449	6
450	6
451	9
452	9
453	13
454	13
455	17
456	18
457	22
458	21
459	26
460	27
461	30
462	29
463	35
464	35
465	38
466	38
467	41
468	41
469	47
470	46
471	50
472	49
473	51
474	51
475	55
476	54
477	59
478	57
479	61
480	61
481	62
482	62
483	65
484	65
485	67
486	67
487	70
488	68
489	71
490	68
491	71
492	67
493	70
494	70
495	73
496	72
497	73
498	73
499	78
500	62
501	72
502	68
503	69
504	68
505	68
506	66
507	67
508	64
509	63
510	61
511	62
512	59
513	60
514	58
515	59
516	54
517	54
518	50
519	51
520	49
521	48
522	46
523	46
524	45
525	45
526	40
527	41
528	39
529	39
530	35
531	36
532	32
533	33
534	31
535	31
536	29
537	30
538	26
539	26
540	23
541	24
542	20
543	22
544	19
545	19
546	16
547	16
548	13
549	14
550	13
551	12
552	10
553	11
554	10
555	9
556	8
557	8
558	7
559	7
560	4
561	6
562	4
563	3
564	3
565	3
566	2
567	3
568	1
569	4
570	0
571	3
572	-1
573	2
574	0
575	0
576	-2
577	0
578	-4
579	0
580	-3
581	0
582	-2
583	-1
584	-3
585	0
586	-4
587	-1
588	-6
589	-2
590	-4
591	-2
592	-3
593	-2
594	-4
595	-2
596	-4
597	-1
598	-4
599	-1
600	-4
601	-1
602	-3
603	0
604	-3
605	0
606	-3
607	0
608	-4
609	-1
610	-3
611	-1
612	-4
613	-1
614	-3
615	-2
616	-3
617	-1
618	-4
619	0
620	-3
621	0
622	-4
623	0
624	-3
625	0
626	-3
627	0
628	-2
629	0
630	-2
631	0
632	-3
633	-1
634	-2
635	0
636	-1
637	0
638	-3
639	-1
640	-3
641	-1
642	-2
643	0
644	-2
645	-1
646	-2
647	-1
648	-3
649	-1
650	-2
651	-1
652	-2
653	-1
654	-2
655	-1
656	-1
657	-2
658	-2
659	-1
660	-2
661	-2
662	-2
663	-1
664	-2
665	-1
666	-2
667	0
668	-2
669	-1
670	-2
671	0
672	-1
673	0
674	-1
675	-1
676	-1
677	0
678	-1
679	0
680	-1
681	0
682	0
683	0
684	-1
685	0
686	0
687	0
688	0
689	0
690	0
691	0
692	0
693	0
694	-1
695	0
696	-1
697	0
698	-1
699	0
700	0
701	0
702	0
703	0
704	-1
705	0
706	-1
707	0
708	-1
709	0
710	-1
711	0
712	0
713	0
714	0
715	0
716	0
717	0
718	0
719	0
720	0
721	0
722	0
723	0
724	0
725	0
726	0
727	0
728	0
729	0
730	0
731	0
732	0
733	0
734	0
735	0
736	0
737	0
738	0
739	0
740	0
741	0
742	0
743	0
744	0
745	0
746	0
747	0
748	0
749	0
750	0
751	0
752	0
753	0
754	0
755	0
756	0
757	0
758	0
759	0
760	0
761	0
762	0
763	0
764	0
765	0
766	0
767	0
768	0
769	0
770	-1
771	0
772	-2
773	0
774	0
775	0
776	0
777	0
778	-1
779	0
780	0
781	0
782	-1
783	0
784	-1
785	0
786	-2
787	0
788	-1
789	0
790	0
791	0
792	0
793	0
794	0
795	0
796	-1
797	0
798	-1
799	0
800	0
801	0
802	-1
803	0
804	-1
805	0
806	-1
807	0
808	-1
809	0
810	0
811	0
812	0
813	0
814	0
815	0
816	0
817	0
818	0
819	0
820	0
821	0
822	0
823	0
824	0
825	0
826	0
827	0
828	0
829	1
830	0
831	1
832	0
833	2
834	1
835	1
836	0
837	2
838	1
839	1
840	0
841	1
842	1
843	2
844	2
845	2
846	1
847	2
848	1
849	1
850	0
851	1
852	0
853	2
854	0
855	1
856	0
857	1
858	0
859	1
860	0
861	2
862	1
863	1
864	1
865	1
866	1
867	1
868	0
869	1
870	0
871	0
872	0
873	0
874	0
875	0
876	0
877	1
878	0
879	0
880	0
881	0
882	0
883	0
884	0
885	0
886	0
887	0
888	0
889	0
890	-1
891	0
892	0
893	0
894	0
895	0
896	0
897	0
898	0
899	0
900	-1
901	0
902	0
903	0
904	0
905	0
906	0
907	0
908	0
909	0
910	0
911	0
912	0
913	0
914	0
915	0
916	0
917	0
918	-2
919	0
920	-1
921	0
922	-1
923	0
924	-1
925	0
926	0
927	0
928	0
929	0
930	-1
931	0
932	0
933	0
934	0
935	0
936	0
937	0
938	-2
939	0
940	0
941	0
942	-1
943	0
944	0
945	0
946	-1
947	0
948	0
949	0
950	-1
951	0
952	0
953	0
954	-1
955	0
956	-1
957	0
958	-2
959	0
960	-2
961	0
962	-2
963	-1
964	-1
965	0
966	-1
967	0
968	-1
969	0
970	-1
971	-1
972	-2
973	0
974	-1
975	0
976	0
977	0
978	0
979	0
980	0
981	0
982	-1
983	-1
984	0
985	0
986	0
987	0
988	0
989	0
990	-1
991	0
992	-1
993	0
994	0
995	0
996	-1
997	0
998	0
999	0
1000	0
1001	0
1002	0
1003	0
1004	0
1005	1
1006	0
1007	1
1008	-1
1009	0
1010	0
1011	0
1012	0
1013	0
1014	0
1015	1
1016	0
1017	0
1018	0
1019	1
1020	0
1021	0
1022	0
1023	1
1024	0
1025	1
1026	0
1027	1
1028	0
1029	1
1030	0
1031	1
1032	0
1033	0
1034	0
1035	1
1036	0
1037	1
1038	1
1039	1
1040	0
1041	1
1042	0
1043	1
1044	1
1045	2
1046	0
1047	1
1048	0
1049	1
1050	0
1051	1
1052	1
1053	0
1054	0
1055	0
1056	0
1057	0
1058	0
1059	0
1060	0
1061	0
1062	0
1063	0
1064	0
1065	0
1066	0
1067	0
1068	0
1069	0
1070	0
1071	0
1072	0
1073	0
1074	0
1075	0
1076	0
1077	0
1078	0
1079	0
1080	0
1081	0
1082	0
1083	0
1084	0
1085	0
1086	0
1087	0
1088	0
1089	0
1090	0
1091	0
1092	0
1093	0
1094	0
1095	0
1096	0
1097	0
1098	0
1099	0
1100	-1
1101	0
1102	-1
1103	0
1104	-1
1105	0
1106	0
1107	0
1108	-1
1109	0
1110	-1
1111	0
1112	0
1113	0
1114	0
1115	0
1116	0
1117	0
1118	-1
1119	-1
1120	-1
1121	-1
1122	0
1123	0
1124	-1
1125	0
1126	0
1127	0
1128	0
1129	0
1130	-1
1131	0
1132	-1
1133	0
1134	0
1135	0
1136	0
1137	0
1138	0
1139	0
1140	-1
1141	0
1142	-1
1143	0
1144	-1
1145	0
1146	0
1147	0
1148	-1
1149	0
1150	-2
1151	0
1152	-1
1153	-1
1154	-1
1155	0
1156	-1
1157	0
1158	-1
1159	0
1160	-3
1161	0
1162	-1
1163	0
1164	0
1165	0
1166	0
1167	0
1168	0
1169	0
1170	-2
1171	0
1172	0
1173	0
1174	-1
1175	0
1176	0
1177	0
1178	0
1179	0
1180	0
1181	-1
1182	0
1183	0
1184	0
1185	0
1186	0
1187	0
1188	0
1189	0
1190	0
1191	0
1192	0
1193	0
1194	0
1195	0
1196	0
1197	0
1198	0
1199	0
1200	-1
1201	0
1202	0
1203	0
1204	0
1205	0
1206	0
1207	0
1208	-1
1209	0
1210	0
1211	0
1212	0
1213	0
1214	-1
1215	0
1216	-1
1217	0
1218	-1
1219	0
1220	0
1221	0
1222	-1
1223	0
1224	-1
1225	0
1226	-1
1227	0
1228	-1
1229	0
1230	-1
1231	0
1232	0
1233	0
1234	-1
1235	0
1236	0
1237	0
1238	-1
1239	0
1240	0
1241	0
1242	0
1243	0
1244	0
1245	0
1246	0
1247	0
1248	0
1249	0
1250	0
1251	0
1252	0
1253	0
1254	-1
1255	-1
1256	-1
1257	0
1258	0
1259	0
1260	-1
1261	0
1262	-1
1263	0
1264	-1
1265	0
1266	-1
1267	0
1268	-1
1269	0
1270	-1
1271	0
1272	-1
1273	-1
1274	-1
1275	0
1276	-2
1277	0
1278	-1
1279	0
1280	-1
1281	0
1282	-2
1283	0
1284	-1
1285	0
1286	-1
1287	0
1288	-1
1289	0
1290	0
1291	0
1292	0
1293	0
1294	-1
1295	0
1296	0
1297	0
1298	0
1299	0
1300	0
1301	0
1302	0
1303	0
1304	0
1305	0
1306	-1
1307	0
1308	-1
1309	0
1310	0
1311	0
1312	0
1313	0
1314	0
1315	0
1316	-2
1317	0
1318	-1
1319	0
1320	-1
1321	0
1322	0
1323	0
1324	-1
1325	0
1326	-2
1327	0
1328	-1
1329	0
1330	0
1331	0
1332	-1
1333	0
1334	0
1335	0
1336	0
1337	0
1338	0
1339	0
1340	0
1341	0
1342	0
1343	0
1344	0
1345	0
1346	0
1347	0
1348	0
1349	0
1350	0
1351	0
1352	0
1353	0
1354	0
1355	0
1356	0
1357	0
1358	0
1359	0
1360	0
1361	0
1362	0
1363	0
1364	0
1365	0
1366	0
1367	0
1368	0
1369	0
1370	0
1371	0
1372	0
1373	0
1374	0
1375	0
1376	-1
1377	0
1378	-3
1379	0
1380	-1
1381	0
1382	-1
1383	0
1384	0
1385	0
1386	-1
1387	0
1388	0
1389	0
1390	-1
1391	0
1392	0
1393	0
1394	0
1395	0
1396	0
1397	0
1398	0
1399	0
1400	0
1401	0
1402	0
1403	0
1404	-1
1405	0
1406	-1
1407	-1
1408	0
1409	0
1410	0
1411	0
1412	-2
1413	0
1414	-2
1415	0
1416	-2
1417	0
1418	0
1419	0
1420	-1
1421	0
1422	0
1423	0
1424	0
1425	0
1426	0
1427	0
1428	0
1429	0
1430	0
1431	0
1432	-1
1433	0
1434	0
1435	0
1436	0
1437	0
1438	0
1439	0
1440	0
1441	0
1442	0
1443	0
1444	0
1445	1
1446	0
1447	0
1448	0
1449	0
1450	0
1451	0
1452	0
1453	0
1454	0
1455	0
1456	0
1457	0
1458	0
1459	0
1460	0
1461	0
1462	0
1463	0
1464	-1
1465	0
1466	-1
1467	0
1468	-1
1469	0
1470	-1
1471	0
1472	0
1473	0
1474	-1
1475	0
1476	-1
1477	0
1478	-1
1479	0
1480	-1
1481	0
1482	-1
1483	0
1484	0
1485	0
1486	0
1487	0
1488	-1
1489	0
1490	0
1491	0
1492	0
1493	0
1494	-1
1495	0
1496	0
1497	0
1498	0
1499	0
1500	-1
1501	0
1502	0
1503	0
1504	0
1505	0
1506	-1
1507	0
1508	-1
1509	0
1510	-1
1511	0
1512	-1
1513	0
1514	-1
1515	-1
1516	-1
1517	0
1518	-1
1519	-1
1520	0
1521	0
1522	0
1523	-1
1524	0
1525	0
1526	-1
1527	0
1528	0
1529	0
1530	0
1531	0
1532	0
1533	0
1534	0
1535	0
1536	0
1537	0
1538	0
1539	0
1540	0
1541	0
1542	0
1543	0
1544	-1
1545	0
1546	0
1547	1
1548	0
1549	0
1550	0
1551	0
1552	0
1553	0
1554	-1
1555	0
1556	0
1557	0
1558	0
1559	0
1560	-1
1561	0
1562	0
1563	0
1564	-1
1565	0
1566	-1
1567	0
1568	0
1569	0
1570	-1
1571	0
1572	-1
1573	-1
1574	0
1575	0
1576	-2
1577	0
1578	0
1579	0
1580	-1
1581	0
1582	0
1583	0
1584	0
1585	0
1586	0
1587	0
1588	0
1589	0
1590	0
1591	0
1592	0
1593	0
1594	0
1595	0
1596	0
1597	0
1598	0
1599	0
1600	-1
1601	0
1602	-1
1603	0
1604	-1
1605	0
1606	0
1607	0
1608	0
1609	0
1610	-2
1611	0
1612	0
1613	0
1614	-1
1615	0
1616	0
1617	0
1618	-1
1619	0
1620	0
1621	0
1622	0
1623	0
1624	0
1625	0
1626	0
1627	0
1628	-1
1629	0
1630	0
1631	0
1632	0
1633	0
1634	-1
1635	0
1636	0
1637	0
1638	-1
1639	0
1640	0
1641	0
1642	0
1643	0
1644	0
1645	0
1646	0
1647	0
1648	0
1649	0
1650	0
1651	0
1652	1
1653	0
1654	0
1655	1
1656	1
1657	1
1658	1
1659	2
1660	2
1661	2
1662	1
1663	2
1664	1
1665	1
1666	2
1667	2
1668	2
1669	2
1670	2
1671	2
1672	1
1673	2
1674	1
1675	3
1676	2
1677	2
1678	1
1679	2
1680	2
1681	2
1682	2
1683	1
1684	1
1685	2
1686	1
1687	3
1688	2
1689	2
1690	2
1691	2
1692	1
1693	1
1694	1
1695	1
1696	2
1697	2
1698	1
1699	1
1700	1
1701	1
1702	0
1703	1
1704	1
1705	2
1706	1
1707	1
1708	0
1709	1
1710	0
1711	0
1712	0
1713	0
1714	0
1715	1
1716	0
1717	0
1718	0
1719	0
1720	0
1721	0
1722	0
1723	0
1724	0
1725	0
1726	0
1727	0
1728	0
1729	1
1730	0
1731	0
1732	0
1733	0
1734	-1
1735	0
1736	0
1737	0
1738	0
1739	0
1740	0
1741	0
1742	-1
1743	0
1744	0
1745	0
1746	0
1747	0
1748	0
1749	0
1750	-1
1751	0
1752	-1
1753	0
1754	-1
1755	0
1756	0
1757	0
1758	0
1759	0
1760	0
1761	0
1762	0
1763	0
1764	0
1765	0
1766	0
1767	0
1768	0
1769	0
1770	-1
1771	0
1772	-1
1773	0
1774	-1
1775	0
1776	0
1777	0
1778	-1
1779	0
1780	0
1781	0
1782	0
1783	0
1784	0
1785	0
1786	-1
1787	0
1788	0
1789	0
1790	-1
1791	0
1792	0
1793	0
1794	0
1795	0
1796	0
1797	0
1798	-1
1799	0
1800	0
1801	0
1802	0
1803	0
1804	0
1805	0
1806	0
1807	0
1808	-1
1809	-1
1810	-1
1811	-1
1812	-2
1813	-1
1814	0
1815	-1
1816	0
1817	0
1818	-1
1819	0
1820	-1
1821	0
1822	0
1823	-1
1824	-1
1825	-1
1826	0
1827	0
1828	-1
1829	0
1830	0
1831	0
1832	0
1833	0
1834	0
1835	0
1836	0
1837	0
1838	-1
1839	0
1840	0
1841	0
1842	-1
1843	0
1844	-1
1845	0
1846	-1
1847	0
1848	0
1849	0
1850	0
1851	0
1852	0
1853	0
1854	0
1855	0
1856	0
1857	0
1858	0
1859	0
1860	0
1861	0
1862	0
1863	0
1864	0
1865	0
1866	0
1867	0
1868	0
1869	0
1870	0
1871	0
1872	0
1873	0
1874	0
1875	0
1876	0
1877	0
1878	0
1879	0
1880	0
1881	0
1882	0
1883	0
1884	0
1885	0
1886	0
1887	0
1888	0
1889	0
1890	0
1891	0
1892	0
1893	0
1894	0
1895	0
1896	0
1897	0
1898	0
1899	0
1900	-1
1901	0
1902	0
1903	0
1904	0
1905	0
1906	0
1907	0
1908	0
1909	0
1910	0
1911	0
1912	0
1913	0
1914	0
1915	0
1916	-1
1917	0
1918	0
1919	0
1920	0
1921	0
1922	0
1923	0
1924	-1
1925	0
1926	0
1927	0
1928	0
1929	0
1930	0
1931	0
1932	0
1933	0
1934	-1
1935	0
1936	0
1937	0
1938	0
1939	0
1940	-1
1941	0
1942	0
1943	0
1944	0
1945	0
1946	0
1947	0
1948	0
1949	0
1950	0
1951	0
1952	0
1953	0
1954	0
1955	0
1956	0
1957	0
1958	0
1959	0
1960	-1
1961	0
1962	0
1963	0
1964	0
1965	0
1966	0
1967	0
1968	0
1969	0
1970	-1
1971	0
1972	0
1973	0
1974	0
1975	0
1976	0
1977	0
1978	0
1979	0
1980	0
1981	0
1982	0
1983	0
1984	-1
1985	0
1986	0
1987	0
1988	0
1989	0
1990	0
1991	0
1992	-1
1993	0
1994	-1
1995	0
1996	0
1997	0
1998	-1
1999	0
