0	0
1	0
2	0
3	0
4	0
5	1
6	0
7	0
8	0
9	0
10	0
11	0
12	0
13	0
14	0
15	0
16	0
17	1
18	0
19	1
20	0
21	2
22	1
23	2
24	1
25	2
26	0
27	2
28	1
29	4
30	0
31	2
32	1
33	1
34	2
35	1
36	1
37	2
38	1
39	2
40	1
41	3
42	2
43	3
44	2
45	3
46	3
47	3
48	3
49	3
50	2
51	2
52	2
53	2
54	2
55	1
56	2
57	2
58	2
59	2
60	1
61	2
62	1
63	1
64	1
65	3
66	1
67	2
68	1
69	2
70	1
71	2
72	1
73	2
74	1
75	1
76	1
77	1
78	1
79	2
80	0
81	0
82	0
83	1
84	0
85	1
86	0
87	1
88	0
89	1
90	0
91	1
92	0
93	0
94	0
95	1
96	0
97	0
98	1
99	0
100	0
101	1
102	0
103	0
104	0
105	0
106	1
107	0
108	0
109	0
110	0
111	0
112	0
113	1
114	0
115	0
116	0
117	0
118	0
119	0
120	0
121	0
122	0
123	0
124	0
125	0
126	0
127	0
128	0
129	0
130	0
131	0
132	0
133	0
134	0
135	0
136	0
137	1
138	0
139	1
140	0
141	0
142	0
143	0
144	0
145	1
146	0
147	1
148	0
149	1
150	0
151	1
152	0
153	1
154	0
155	0
156	0
157	0
158	0
159	0
160	0
161	0
162	-1
163	0
164	0
165	0
166	0
167	0
168	0
169	0
170	0
171	0
172	0
173	0
174	0
175	0
176	0
177	0
178	-1
179	1
180	0
181	0
182	0
183	0
184	0
185	1
186	0
187	1
188	0
189	1
190	0
191	0
192	0
193	0
194	0
195	0
196	0
197	0
198	0
199	0
200	0
201	0
202	0
203	0
204	-1
205	-1
206	-2
207	0
208	-2
209	0
210	-1
211	0
212	-1
213	-1
214	-1
215	0
216	0
217	0
218	0
219	0
220	0
221	0
222	0
223	0
224	0
225	0
226	0
227	0
228	0
229	0
230	0
231	0
232	0
233	1
234	0
235	1
236	0
237	2
238	0
239	1
240	0
241	0
242	0
243	0
244	0
245	0
246	0
247	0
248	0
249	0
250	0
251	0
252	0
253	0
254	0
255	0
256	0
257	0
258	0
259	1
260	0
261	1
262	0
263	0
264	0
265	2
266	1
267	1
268	1
269	1
270	0
271	2
272	1
273	1
274	0
275	1
276	1
277	1
278	0
279	1
280	1
281	0
282	0
283	0
284	0
285	0
286	0
287	0
288	0
289	0
290	-1
291	0
292	0
293	0
294	-1
295	0
296	0
297	0
298	0
299	0
300	0
301	-1
302	0
303	0
304	0
305	0
306	0
307	0
308	0
309	1
310	0
311	0
312	0
313	0
314	0
315	0
316	0
317	2
318	0
319	2
320	-1
321	1
322	-1
323	1
324	0
325	1
326	0
327	1
328	0
329	0
330	0
331	0
332	0
333	0
334	-1
335	0
336	0
337	0
338	0
339	0
340	0
341	0
342	0
343	0
344	0
345	0
346	0
347	0
348	0
349	0
350	0
351	0
352	0
353	1
354	0
355	2
356	1
357	1
358	1
359	2
360	1
361	1
362	1
363	3
364	0
365	1
366	0
367	1
368	0
369	0
370	0
371	1
372	0
373	2
374	0
375	0
376	0
377	0
378	-1
379	0
380	0
381	0
382	-1
383	0
384	0
385	0
386	0
387	0
388	-1
389	0
390	0
391	0
392	-1
393	0
394	-1
395	0
396	0
397	0
398	0
399	0
400	0
401	0
402	0
403	1
404	0
405	0
406	0
407	1
408	0
409	1
410	0
411	1
412	0
413	1
414	0
415	1
416	-1
417	0
418	0
419	0
420	0
421	0
422	0
423	0
424	0
425	0
426	0
427	0
428	0
429	0
430	0
431	0
432	0
433	1
434	2
435	4
436	5
437	8
438	11
439	15
440	16
441	22
442	23
443	28
444	31
445	37
446	38
447	46
448	49
449	55
450	57
451	64
452	67
453	73
454	76
455	83
456	84
457	90
458	92
459	97
460	100
461	105
462	107
463	110
464	112
465	115
466	116
467	119
468	118
469	121
470	123
471	124
472	123
473	123
474	123
475	126
476	122
477	124
478	120
479	120
480	118
481	117
482	113
483	115
484	110
485	109
486	106
487	107
488	101
489	101
490	96
491	94
492	91
493	90
494	86
495	83
496	77
497	78
498	77
499	78
500	62
501	65
502	62
503	62
504	57
505	56
506	51
507	51
508	47
509	47
510	41
511	40
512	37
513	38
514	34
515	33
516	28
517	28
518	25
519	25
520	21
521	20
522	17
523	19
524	14
525	14
526	11
527	9
528	7
529	7
530	5
531	4
532	1
533	2
534	-1
535	0
536	-4
537	-3
538	-5
539	-4
540	-6
541	-6
542	-7
543	-7
544	-9
545	-9
546	-10
547	-11
548	-12
549	-11
550	-12
551	-11
552	-13
553	-14
554	-15
555	-13
556	-17
557	-15
558	-18
559	-14
560	-18
561	-16
562	-18
563	-17
564	-20
565	-19
566	-21
567	-17
568	-22
569	-17
570	-20
571	-18
572	-20
573	-18
574	-20
575	-18
576	-20
577	-17
578	-19
579	-17
580	-19
581	-17
582	-18
583	-18
584	-17
585	-18
586	-17
587	-18
588	-17
589	-18
590	-18
591	-16
592	-17
593	-16
594	-16
595	-16
596	-17
597	-16
598	-16
599	-16
600	-17
601	-16
602	-16
603	-16
604	-17
605	-16
606	-16
607	-16
608	-16
609	-16
610	-16
611	-16
612	-16
613	-16
614	-15
615	-16
616	-15
617	-15
618	-15
619	-15
620	-15
621	-14
622	-14
623	-12
624	-13
625	-12
626	-14
627	-11
628	-13
629	-11
630	-12
631	-10
632	-12
633	-10
634	-11
635	-9
636	-11
637	-9
638	-12
639	-7
640	-10
641	-8
642	-11
643	-9
644	-11
645	-9
646	-10
647	-9
648	-11
649	-8
650	-9
651	-7
652	-9
653	-6
654	-8
655	-6
656	-8
657	-5
658	-7
659	-4
660	-6
661	-4
662	-5
663	-4
664	-6
665	-2
666	-7
667	-2
668	-4
669	-2
670	-4
671	-3
672	-4
673	-1
674	-5
675	-1
676	-3
677	-1
678	-5
679	-3
680	-3
681	-2
682	-4
683	-3
684	-5
685	-2
686	-5
687	-3
688	-4
689	-4
690	-5
691	-3
692	-4
693	-3
694	-4
695	-3
696	-2
697	-3
698	-4
699	-3
700	-3
701	-2
702	-2
703	-2
704	-3
705	-3
706	-2
707	-1
708	-3
709	-1
710	-2
711	0
712	-3
713	-1
714	-2
715	-2
716	-2
717	-1
718	-3
719	0
720	-2
721	0
722	-3
723	-1
724	-2
725	0
726	-2
727	0
728	-3
729	0
730	-3
731	0
732	-3
733	0
734	-1
735	-2
736	0
737	0
738	-1
739	0
740	0
741	0
742	0
743	1
744	0
745	1
746	0
747	0
748	0
749	0
750	0
751	1
752	0
753	1
754	0
755	0
756	0
757	1
758	0
759	1
760	1
761	1
762	0
763	0
764	0
765	0
766	0
767	1
768	0
769	1
770	0
771	0
772	0
773	1
774	0
775	0
776	0
777	1
778	0
779	1
780	0
781	1
782	0
783	1
784	-1
785	0
786	-1
787	0
788	-1
789	0
790	0
791	0
792	-1
793	0
794	-2
795	0
796	-1
797	0
798	-1
799	0
800	0
801	0
802	0
803	0
804	-1
805	0
806	-2
807	0
808	0
809	0
810	-2
811	-1
812	-1
813	0
814	-1
815	0
816	-1
817	0
818	-2
819	-1
820	-1
821	-1
822	-1
823	0
824	-1
825	-1
826	-2
827	0
828	-1
829	0
830	-2
831	0
832	-2
833	-1
834	-1
835	-1
836	-1
837	0
838	0
839	-1
840	0
841	0
842	-1
843	0
844	-1
845	0
846	-1
847	0
848	0
849	0
850	-1
851	-1
852	-1
853	0
854	-1
855	0
856	-2
857	-2
858	-3
859	-3
860	-2
861	-2
862	-4
863	-2
864	-4
865	-2
866	-4
867	-1
868	-3
869	-1
870	-3
871	-1
872	-2
873	-2
874	-1
875	-1
876	-2
877	-1
878	-2
879	0
880	-2
881	0
882	-2
883	0
884	-1
885	0
886	-1
887	-1
888	-2
889	0
890	-2
891	-1
892	-1
893	-1
894	-1
895	0
896	-2
897	0
898	-2
899	0
900	0
901	0
902	-1
903	0
904	-1
905	0
906	0
907	0
908	-2
909	0
910	-1
911	-1
912	-1
913	0
914	0
915	0
916	-2
917	0
918	-1
919	0
920	-1
921	0
922	-1
923	0
924	-2
925	-1
926	-1
927	-1
928	-1
929	-1
930	-2
931	0
932	-3
933	-1
934	-2
935	-1
936	-1
937	-1
938	-3
939	-1
940	-2
941	-1
942	-2
943	-1
944	-3
945	-1
946	-3
947	-1
948	-1
949	-1
950	-2
951	0
952	-3
953	0
954	0
955	0
956	-1
957	0
958	-2
959	0
960	-2
961	0
962	0
963	0
964	0
965	0
966	0
967	0
968	-1
969	0
970	-1
971	0
972	-2
973	0
974	-2
975	0
976	-2
977	-1
978	-3
979	-1
980	-1
981	-1
982	-2
983	-1
984	-2
985	-1
986	-2
987	-1
988	-2
989	-1
990	-1
991	-1
992	-2
993	0
994	-1
995	-1
996	0
997	0
998	-1
999	0
1000	0
1001	0
1002	-1
1003	-1
1004	-1
1005	0
1006	-1
1007	0
1008	-1
1009	0
1010	-1
1011	0
1012	-1
1013	0
1014	-1
1015	0
1016	-1
1017	0
1018	-2
1019	0
1020	-2
1021	0
1022	-1
1023	0
1024	-1
1025	0
1026	-1
1027	0
1028	-3
1029	0
1030	-3
1031	0
1032	-2
1033	-1
1034	-2
1035	0
1036	-2
1037	0
1038	-2
1039	0
1040	-2
1041	0
1042	-1
1043	0
1044	-1
1045	-1
1046	-2
1047	0
1048	-2
1049	0
1050	-2
1051	0
1052	-2
1053	0
1054	-1
1055	-1
1056	-3
1057	-1
1058	-1
1059	-2
1060	-2
1061	-2
1062	-2
1063	-1
1064	-3
1065	-2
1066	-3
1067	-1
1068	-3
1069	-1
1070	-3
1071	-2
1072	-3
1073	-1
1074	-3
1075	-2
1076	-2
1077	-1
1078	-2
1079	-1
1080	-2
1081	0
1082	-1
1083	-1
1084	-1
1085	0
1086	-1
1087	0
1088	-1
1089	0
1090	-1
1091	0
1092	0
1093	0
1094	0
1095	0
1096	0
1097	0
1098	0
1099	0
1100	0
1101	2
1102	0
1103	0
1104	0
1105	0
1106	0
1107	0
1108	0
1109	0
1110	0
1111	0
1112	-1
1113	-1
1114	-2
1115	-1
1116	-2
1117	0
1118	-3
1119	-1
1120	-2
1121	-2
1122	-2
1123	-1
1124	-2
1125	-2
1126	-2
1127	0
1128	-2
1129	-1
1130	-2
1131	0
1132	-2
1133	-1
1134	0
1135	0
1136	-1
1137	0
1138	-2
1139	0
1140	-2
1141	0
1142	-1
1143	0
1144	-1
1145	0
1146	0
1147	0
1148	0
1149	0
1150	-1
1151	0
1152	-1
1153	0
1154	-1
1155	-1
1156	-2
1157	0
1158	-2
1159	0
1160	-2
1161	0
1162	-1
1163	-1
1164	-1
1165	-1
1166	-3
1167	0
1168	-2
1169	-1
1170	-1
1171	-1
1172	-2
1173	-2
1174	-2
1175	0
1176	-2
1177	0
1178	-1
1179	0
1180	0
1181	0
1182	-1
1183	0
1184	0
1185	0
1186	-1
1187	0
1188	0
1189	0
1190	0
1191	0
1192	0
1193	0
1194	0
1195	-1
1196	0
1197	0
1198	0
1199	0
1200	-1
1201	0
1202	0
1203	0
1204	-1
1205	0
1206	-1
1207	0
1208	-1
1209	0
1210	-1
1211	-2
1212	-1
1213	0
1214	-2
1215	-1
1216	-2
1217	-1
1218	-1
1219	-1
1220	0
1221	-1
1222	-1
1223	0
1224	-1
1225	0
1226	0
1227	0
1228	-1
1229	0
1230	-1
1231	0
1232	-1
1233	0
1234	0
1235	0
1236	0
1237	0
1238	0
1239	0
1240	0
1241	0
1242	0
1243	0
1244	0
1245	0
1246	0
1247	0
1248	-1
1249	0
1250	-1
1251	0
1252	0
1253	0
1254	0
1255	0
1256	0
1257	1
1258	0
1259	1
1260	0
1261	1
1262	0
1263	2
1264	0
1265	1
1266	1
1267	2
1268	0
1269	3
1270	0
1271	1
1272	1
1273	1
1274	1
1275	1
1276	1
1277	2
1278	1
1279	1
1280	0
1281	1
1282	0
1283	1
1284	0
1285	2
1286	0
1287	2
1288	0
1289	1
1290	0
1291	0
1292	0
1293	0
1294	0
1295	0
1296	-1
1297	-1
1298	0
1299	0
1300	0
1301	0
1302	0
1303	0
1304	0
1305	0
1306	-1
1307	0
1308	0
1309	0
1310	0
1311	0
1312	0
1313	0
1314	0
1315	1
1316	0
1317	0
1318	0
1319	0
1320	0
1321	1
1322	-1
1323	0
1324	0
1325	0
1326	-1
1327	0
1328	-1
1329	0
1330	-1
1331	-1
1332	-3
1333	-1
1334	-2
1335	-1
1336	-2
1337	0
1338	-3
1339	-1
1340	-3
1341	-1
1342	-2
1343	-2
1344	-1
1345	0
1346	-1
1347	0
1348	-2
1349	0
1350	-1
1351	0
1352	-1
1353	0
1354	-1
1355	0
1356	0
1357	0
1358	-1
1359	0
1360	-1
1361	0
1362	-1
1363	0
1364	-1
1365	-1
1366	-1
1367	0
1368	-1
1369	0
1370	-1
1371	-1
1372	-1
1373	-1
1374	-1
1375	-1
1376	-1
1377	-2
1378	-1
1379	-2
1380	-2
1381	-1
1382	-2
1383	-1
1384	-3
1385	-1
1386	-2
1387	0
1388	-2
1389	0
1390	-1
1391	-1
1392	-1
1393	0
1394	-1
1395	0
1396	-2
1397	0
1398	-1
1399	0
1400	-1
1401	0
1402	-2
1403	0
1404	-2
1405	0
1406	-1
1407	-1
1408	-1
1409	-1
1410	-1
1411	-2
1412	-2
1413	-2
1414	-2
1415	-2
1416	-2
1417	-2
1418	-3
1419	-2
1420	-2
1421	-2
1422	-2
1423	-1
1424	-2
1425	-1
1426	-2
1427	-1
1428	-2
1429	-1
1430	-2
1431	-1
1432	-1
1433	-1
1434	-3
1435	0
1436	-2
1437	0
1438	0
1439	0
1440	-2
1441	0
1442	-1
1443	0
1444	0
1445	0
1446	0
1447	0
1448	-1
1449	0
1450	-1
1451	0
1452	0
1453	0
1454	0
1455	0
1456	-1
1457	0
1458	0
1459	0
1460	0
1461	0
1462	0
1463	0
1464	-1
1465	0
1466	-1
1467	0
1468	-2
1469	0
1470	0
1471	0
1472	0
1473	0
1474	-1
1475	-1
1476	-2
1477	0
1478	-2
1479	0
1480	0
1481	0
1482	-2
1483	0
1484	0
1485	0
1486	0
1487	0
1488	-1
1489	0
1490	0
1491	0
1492	-1
1493	0
1494	0
1495	0
1496	0
1497	0
1498	0
1499	0
1500	0
1501	-1
1502	-1
1503	-1
1504	-1
1505	0
1506	-1
1507	0
1508	0
1509	0
1510	-1
1511	0
1512	-1
1513	0
1514	-2
1515	0
1516	-1
1517	-1
1518	-1
1519	-1
1520	-1
1521	0
1522	0
1523	-1
1524	0
1525	-1
1526	-1
1527	0
1528	0
1529	0
1530	0
1531	0
1532	0
1533	-1
1534	0
1535	0
1536	-1
1537	0
1538	-1
1539	0
1540	-1
1541	0
1542	-1
1543	-1
1544	-1
1545	0
1546	-2
1547	-1
1548	-2
1549	-1
1550	-1
1551	0
1552	-1
1553	0
1554	-1
1555	0
1556	-1
1557	0
1558	0
1559	0
1560	0
1561	0
1562	0
1563	0
1564	-1
1565	0
1566	0
1567	0
1568	0
1569	0
1570	-1
1571	1
1572	-1
1573	1
1574	0
1575	1
1576	0
1577	0
1578	-1
1579	0
1580	0
1581	0
1582	0
1583	0
1584	0
1585	0
1586	-1
1587	0
1588	0
1589	1
1590	0
1591	0
1592	0
1593	0
1594	0
1595	0
1596	0
1597	1
1598	0
1599	0
1600	0
1601	0
1602	0
1603	1
1604	0
1605	0
1606	0
1607	0
1608	0
1609	1
1610	0
1611	0
1612	0
1613	1
1614	1
1615	2
1616	1
1617	1
1618	1
1619	1
1620	1
1621	2
1622	1
1623	1
1624	1
1625	2
1626	0
1627	2
1628	2
1629	2
1630	2
1631	3
1632	1
1633	2
1634	1
1635	2
1636	1
1637	3
1638	1
1639	1
1640	1
1641	2
1642	1
1643	2
1644	0
1645	1
1646	0
1647	2
1648	0
1649	1
1650	0
1651	1
1652	0
1653	1
1654	0
1655	1
1656	0
1657	1
1658	0
1659	0
1660	0
1661	0
1662	0
1663	0
1664	0
1665	0
1666	0
1667	0
1668	-1
1669	0
1670	-1
1671	0
1672	0
1673	0
1674	0
1675	0
1676	0
1677	0
1678	0
1679	0
1680	0
1681	-2
1682	-2
1683	0
1684	-1
1685	-1
1686	-1
1687	-1
1688	-1
1689	0
1690	-1
1691	0
1692	-1
1693	0
1694	-1
1695	-1
1696	-3
1697	-2
1698	-2
1699	-1
1700	-3
1701	-1
1702	-1
1703	-1
1704	-2
1705	-1
1706	-2
1707	0
1708	-2
1709	0
1710	-2
1711	-1
1712	-2
1713	0
1714	-1
1715	0
1716	0
1717	0
1718	-2
1719	0
1720	-1
1721	0
1722	-1
1723	0
1724	0
1725	0
1726	0
1727	0
1728	0
1729	0
1730	0
1731	0
1732	0
1733	0
1734	0
1735	0
1736	-1
1737	0
1738	0
1739	0
1740	0
1741	0
1742	-1
1743	0
1744	-1
1745	0
1746	-1
1747	-1
1748	-1
1749	-1
1750	-1
1751	0
1752	-2
1753	-1
1754	-2
1755	0
1756	-2
1757	0
1758	-2
1759	0
1760	-1
1761	0
1762	0
1763	0
1764	-1
1765	-1
1766	-1
1767	-1
1768	0
1769	0
1770	-1
1771	0
1772	0
1773	0
1774	0
1775	-1
1776	0
1777	0
1778	-1
1779	0
1780	-2
1781	0
1782	0
1783	0
1784	-1
1785	0
1786	-2
1787	0
1788	0
1789	0
1790	-1
1791	0
1792	-1
1793	0
1794	-2
1795	0
1796	-2
1797	0
1798	-2
1799	0
1800	-1
1801	0
1802	-1
1803	0
1804	0
1805	0
1806	-1
1807	0
1808	0
1809	0
1810	0
1811	0
1812	0
1813	1
1814	0
1815	0
1816	0
1817	0
1818	0
1819	0
1820	0
1821	0
1822	0
1823	1
1824	0
1825	0
1826	0
1827	0
1828	0
1829	0
1830	0
1831	0
1832	0
1833	0
1834	0
1835	0
1836	0
1837	0
1838	0
1839	0
1840	-1
1841	0
1842	-1
1843	0
1844	-1
1845	0
1846	-1
1847	0
1848	-1
1849	0
1850	-1
1851	0
1852	-1
1853	0
1854	-1
1855	0
1856	-1
1857	0
1858	-1
1859	0
1860	-1
1861	0
1862	-1
1863	0
1864	0
1865	-1
1866	0
1867	0
1868	0
1869	0
1870	0
1871	0
1872	-1
1873	0
1874	0
1875	0
1876	0
1877	0
1878	0
1879	0
1880	0
1881	0
1882	0
1883	0
1884	0
1885	0
1886	0
1887	0
1888	0
1889	0
1890	0
1891	0
1892	0
1893	0
1894	0
1895	-1
1896	-1
1897	0
1898	-1
1899	0
1900	-1
1901	0
1902	-2
1903	0
1904	0
1905	0
1906	0
1907	0
1908	-1
1909	0
1910	-1
1911	0
1912	0
1913	0
1914	0
1915	0
1916	-1
1917	0
1918	0
1919	0
1920	-1
1921	0
1922	0
1923	0
1924	0
1925	0
1926	-2
1927	0
1928	-1
1929	0
1930	-1
1931	0
1932	-1
1933	0
1934	-1
1935	0
1936	-1
1937	0
1938	0
1939	0
1940	-1
1941	0
1942	0
1943	0
1944	0
1945	0
1946	-1
1947	0
1948	0
1949	0
1950	0
1951	0
1952	0
1953	2
1954	0
1955	0
1956	0
1957	1
1958	0
1959	0
1960	0
1961	0
1962	0
1963	0
1964	0
1965	0
1966	0
1967	0
1968	0
1969	0
1970	0
1971	0
1972	-2
1973	0
1974	-1
1975	0
1976	-1
1977	0
1978	-1
1979	-1
1980	-1
1981	0
1982	-1
1983	0
1984	0
1985	0
1986	-1
1987	-1
1988	-1
1989	0
1990	-1
1991	0
1992	-1
1993	0
1994	0
1995	0
1996	-1
1997	0
1998	0
1999	0
