0	-2
1	0
2	-2
3	0
4	-1
5	1
6	-1
7	0
8	-1
9	0
10	0
11	0
12	-1
13	0
14	0
15	1
16	-1
17	1
18	0
19	3
20	-1
21	1
22	0
23	2
24	-1
25	1
26	0
27	2
28	0
29	2
30	0
31	0
32	0
33	2
34	0
35	2
36	0
37	0
38	0
39	1
40	0
41	1
42	0
43	2
44	0
45	0
46	0
47	1
48	0
49	1
50	-1
51	0
52	-1
53	1
54	-1
55	2
56	0
57	1
58	0
59	2
60	0
61	3
62	0
63	3
64	0
65	2
66	0
67	2
68	0
69	3
70	0
71	1
72	0
73	1
74	0
75	0
76	0
77	1
78	0
79	2
80	0
81	2
82	0
83	1
84	0
85	1
86	0
87	1
88	0
89	2
90	0
91	1
92	0
93	1
94	0
95	2
96	0
97	1
98	0
99	3
100	-1
101	3
102	0
103	2
104	0
105	2
106	0
107	2
108	0
109	1
110	0
111	1
112	0
113	1
114	0
115	0
116	0
117	2
118	0
119	1
120	0
121	1
122	0
123	2
124	0
125	1
126	0
127	1
128	0
129	1
130	0
131	1
132	0
133	1
134	0
135	1
136	0
137	0
138	0
139	0
140	0
141	1
142	0
143	0
144	0
145	0
146	-1
147	1
148	0
149	1
150	0
151	0
152	0
153	1
154	0
155	0
156	0
157	1
158	0
159	1
160	0
161	1
162	0
163	0
164	0
165	1
166	0
167	3
168	-1
169	2
170	-1
171	2
172	0
173	1
174	0
175	1
176	0
177	2
178	0
179	3
180	0
181	2
182	-1
183	1
184	0
185	0
186	-1
187	0
188	0
189	2
190	0
191	1
192	0
193	1
194	0
195	2
196	0
197	2
198	0
199	2
200	0
201	2
202	0
203	2
204	0
205	1
206	0
207	2
208	0
209	2
210	0
211	2
212	0
213	2
214	0
215	2
216	0
217	2
218	0
219	2
220	0
221	1
222	0
223	1
224	0
225	0
226	0
227	1
228	0
229	1
230	0
231	2
232	0
233	2
234	0
235	2
236	0
237	1
238	0
239	1
240	0
241	1
242	0
243	1
244	0
245	1
246	0
247	1
248	-1
249	0
250	0
251	0
252	-1
253	1
254	0
255	1
256	-1
257	0
258	0
259	2
260	0
261	1
262	0
263	2
264	0
265	1
266	0
267	1
268	0
269	1
270	0
271	3
272	0
273	2
274	0
275	3
276	1
277	3
278	0
279	3
280	0
281	1
282	0
283	1
284	0
285	1
286	0
287	1
288	0
289	1
290	0
291	2
292	-1
293	0
294	-1
295	0
296	-1
297	0
298	0
299	0
300	0
301	2
302	0
303	2
304	0
305	1
306	-1
307	1
308	0
309	1
310	0
311	2
312	0
313	1
314	0
315	1
316	0
317	1
318	0
319	2
320	0
321	3
322	0
323	2
324	0
325	1
326	0
327	1
328	0
329	3
330	0
331	2
332	0
333	1
334	0
335	2
336	0
337	2
338	0
339	2
340	0
341	2
342	0
343	2
344	0
345	1
346	0
347	1
348	0
349	1
350	0
351	0
352	0
353	2
354	0
355	1
356	0
357	0
358	0
359	2
360	0
361	1
362	0
363	1
364	0
365	1
366	0
367	1
368	0
369	1
370	0
371	1
372	0
373	0
374	0
375	1
376	0
377	0
378	0
379	1
380	0
381	0
382	0
383	0
384	0
385	1
386	0
387	0
388	0
389	1
390	0
391	0
392	0
393	1
394	0
395	1
396	0
397	2
398	0
399	1
400	0
401	1
402	0
403	2
404	0
405	1
406	0
407	2
408	0
409	1
410	0
411	2
412	0
413	0
414	0
415	1
416	-1
417	2
418	0
419	0
420	0
421	1
422	0
423	1
424	0
425	0
426	-1
427	1
428	-1
429	1
430	0
431	1
432	0
433	1
434	0
435	1
436	0
437	2
438	0
439	2
440	0
441	4
442	3
443	8
444	5
445	12
446	9
447	16
448	16
449	23
450	21
451	30
452	29
453	35
454	35
455	44
456	43
457	49
458	48
459	56
460	57
461	62
462	63
463	69
464	69
465	74
466	73
467	79
468	79
469	84
470	82
471	87
472	85
473	90
474	87
475	92
476	88
477	93
478	89
479	94
480	89
481	93
482	89
483	92
484	89
485	91
486	87
487	89
488	84
489	87
490	83
491	85
492	81
493	82
494	76
495	79
496	74
497	76
498	76
499	78
500	62
501	69
502	65
503	66
504	60
505	64
506	56
507	60
508	53
509	55
510	51
511	52
512	45
513	50
514	42
515	45
516	40
517	42
518	37
519	40
520	33
521	37
522	29
523	33
524	27
525	31
526	27
527	28
528	24
529	27
530	21
531	24
532	17
533	21
534	14
535	18
536	12
537	15
538	11
539	13
540	10
541	10
542	9
543	9
544	6
545	7
546	3
547	6
548	0
549	5
550	-1
551	4
552	-4
553	1
554	-5
555	1
556	-5
557	0
558	-6
559	-1
560	-7
561	-2
562	-9
563	-3
564	-8
565	-4
566	-9
567	-6
568	-9
569	-7
570	-10
571	-7
572	-10
573	-9
574	-11
575	-8
576	-11
577	-8
578	-11
579	-8
580	-11
581	-7
582	-12
583	-7
584	-12
585	-8
586	-12
587	-5
588	-12
589	-6
590	-11
591	-8
592	-11
593	-5
594	-11
595	-5
596	-12
597	-7
598	-12
599	-6
600	-12
601	-7
602	-13
603	-8
604	-14
605	-8
606	-12
607	-7
608	-11
609	-7
610	-12
611	-6
612	-11
613	-5
614	-11
615	-4
616	-11
617	-4
618	-8
619	-5
620	-9
621	-4
622	-10
623	-3
624	-7
625	-3
626	-9
627	-2
628	-7
629	-2
630	-10
631	-3
632	-7
633	-3
634	-7
635	-4
636	-5
637	-2
638	-6
639	-3
640	-6
641	-3
642	-8
643	-3
644	-6
645	-3
646	-7
647	-2
648	-6
649	-3
650	-6
651	-3
652	-5
653	-2
654	-6
655	-2
656	-6
657	-2
658	-7
659	-1
660	-5
661	0
662	-5
663	-1
664	-3
665	0
666	-2
667	0
668	-1
669	0
670	-3
671	0
672	-2
673	0
674	-4
675	1
676	-2
677	0
678	-3
679	1
680	-2
681	1
682	-2
683	0
684	-1
685	0
686	-2
687	0
688	-1
689	0
690	-3
691	0
692	-1
693	0
694	-2
695	-1
696	-1
697	0
698	-3
699	0
700	-2
701	0
702	-2
703	0
704	-3
705	0
706	-3
707	0
708	-2
709	0
710	-3
711	0
712	-2
713	0
714	-2
715	0
716	-2
717	0
718	-3
719	0
720	-2
721	0
722	-2
723	0
724	-4
725	-1
726	-3
727	0
728	-1
729	0
730	-3
731	0
732	-2
733	0
734	-1
735	0
736	-3
737	0
738	-2
739	0
740	-2
741	0
742	-3
743	0
744	-3
745	0
746	-2
747	0
748	-3
749	0
750	-2
751	0
752	-3
753	0
754	-2
755	0
756	-2
757	0
758	-2
759	0
760	-2
761	0
762	-1
763	0
764	-2
765	0
766	-3
767	0
768	-2
769	0
770	-2
771	0
772	-1
773	0
774	0
775	0
776	0
777	0
778	0
779	0
780	-1
781	0
782	-1
783	1
784	-1
785	1
786	0
787	1
788	-1
789	0
790	-1
791	1
792	-1
793	0
794	-1
795	1
796	0
797	1
798	0
799	1
800	0
801	1
802	-1
803	1
804	-1
805	2
806	-1
807	2
808	0
809	2
810	0
811	2
812	0
813	2
814	0
815	2
816	0
817	1
818	0
819	1
820	0
821	0
822	0
823	0
824	-1
825	0
826	-1
827	0
828	-1
829	0
830	-1
831	0
832	-2
833	0
834	-1
835	1
836	-3
837	0
838	-3
839	0
840	-2
841	0
842	-3
843	0
844	-2
845	0
846	0
847	0
848	-1
849	0
850	-2
851	0
852	-1
853	0
854	-2
855	0
856	-3
857	0
858	-1
859	0
860	-1
861	0
862	-2
863	0
864	-3
865	1
866	-4
867	0
868	-2
869	0
870	-1
871	0
872	-3
873	0
874	-2
875	0
876	-2
877	0
878	-2
879	0
880	-2
881	0
882	-2
883	0
884	-1
885	0
886	-1
887	0
888	-2
889	0
890	-2
891	0
892	-2
893	0
894	-1
895	0
896	0
897	0
898	-1
899	0
900	-1
901	0
902	0
903	0
904	-1
905	0
906	-1
907	0
908	-1
909	0
910	-2
911	0
912	-3
913	0
914	-2
915	0
916	-3
917	0
918	-3
919	0
920	-2
921	0
922	-2
923	-1
924	-3
925	-2
926	-3
927	-1
928	-3
929	-1
930	-2
931	-2
932	-3
933	-1
934	-2
935	-1
936	-2
937	-1
938	-1
939	-1
940	-2
941	0
942	-2
943	-1
944	-4
945	0
946	-3
947	0
948	-2
949	0
950	-3
951	0
952	-2
953	0
954	-2
955	0
956	-1
957	0
958	0
959	0
960	-3
961	0
962	-3
963	0
964	-2
965	-1
966	-2
967	0
968	-2
969	0
970	-2
971	0
972	-4
973	0
974	-2
975	0
976	-2
977	0
978	-3
979	-1
980	-3
981	-2
982	-3
983	0
984	-3
985	0
986	-2
987	-1
988	-3
989	0
990	-1
991	0
992	-2
993	0
994	-3
995	0
996	-1
997	0
998	-2
999	0
1000	-1
1001	0
1002	-2
1003	1
1004	0
1005	1
1006	-1
1007	1
1008	0
1009	0
1010	0
1011	1
1012	0
1013	1
1014	0
1015	1
1016	-1
1017	1
1018	0
1019	1
1020	-1
1021	1
1022	-1
1023	1
1024	0
1025	1
1026	0
1027	0
1028	-1
1029	0
1030	-1
1031	0
1032	0
1033	0
1034	-1
1035	0
1036	-2
1037	0
1038	-1
1039	0
1040	-1
1041	0
1042	-3
1043	0
1044	-3
1045	0
1046	-3
1047	0
1048	-3
1049	0
1050	-4
1051	0
1052	-4
1053	0
1054	-4
1055	0
1056	-2
1057	0
1058	-2
1059	-1
1060	-2
1061	0
1062	-3
1063	-1
1064	-4
1065	0
1066	-2
1067	0
1068	-2
1069	0
1070	-3
1071	-1
1072	-3
1073	-1
1074	-2
1075	0
1076	-3
1077	0
1078	-2
1079	0
1080	-3
1081	0
1082	-3
1083	0
1084	-3
1085	0
1086	-3
1087	0
1088	-2
1089	-1
1090	-1
1091	0
1092	-2
1093	0
1094	-2
1095	0
1096	-1
1097	0
1098	0
1099	0
1100	0
1101	0
1102	-1
1103	0
1104	-1
1105	0
1106	-1
1107	1
1108	0
1109	1
1110	-1
1111	0
1112	-1
1113	1
1114	0
1115	0
1116	-1
1117	0
1118	0
1119	0
1120	-1
1121	0
1122	-1
1123	0
1124	-2
1125	0
1126	-2
1127	0
1128	-2
1129	0
1130	-1
1131	0
1132	-1
1133	0
1134	-1
1135	0
1136	-1
1137	0
1138	-2
1139	0
1140	-2
1141	0
1142	-1
1143	0
1144	0
1145	0
1146	-1
1147	0
1148	-1
1149	1
1150	-2
1151	0
1152	-2
1153	0
1154	-1
1155	0
1156	0
1157	0
1158	0
1159	0
1160	-1
1161	0
1162	-2
1163	0
1164	-1
1165	0
1166	-2
1167	0
1168	-1
1169	0
1170	-2
1171	0
1172	-2
1173	0
1174	-2
1175	0
1176	-3
1177	-1
1178	-2
1179	0
1180	-3
1181	0
1182	-3
1183	0
1184	-2
1185	0
1186	-2
1187	0
1188	-2
1189	0
1190	-2
1191	0
1192	-3
1193	1
1194	-2
1195	0
1196	-2
1197	0
1198	-1
1199	0
1200	0
1201	1
1202	0
1203	1
1204	0
1205	1
1206	0
1207	1
1208	0
1209	2
1210	0
1211	2
1212	0
1213	1
1214	0
1215	2
1216	1
1217	2
1218	0
1219	1
1220	0
1221	2
1222	0
1223	2
1224	-1
1225	2
1226	-2
1227	1
1228	0
1229	2
1230	0
1231	2
1232	-1
1233	2
1234	-1
1235	2
1236	0
1237	2
1238	0
1239	2
1240	0
1241	2
1242	0
1243	2
1244	0
1245	2
1246	0
1247	2
1248	0
1249	3
1250	0
1251	0
1252	0
1253	0
1254	0
1255	1
1256	0
1257	1
1258	0
1259	1
1260	0
1261	0
1262	-1
1263	0
1264	-1
1265	0
1266	-2
1267	0
1268	-2
1269	0
1270	-2
1271	0
1272	-2
1273	0
1274	-2
1275	0
1276	-2
1277	0
1278	-2
1279	0
1280	-2
1281	0
1282	-2
1283	0
1284	-2
1285	0
1286	-1
1287	0
1288	-1
1289	0
1290	-1
1291	0
1292	-2
1293	0
1294	-1
1295	-1
1296	-1
1297	0
1298	-2
1299	-1
1300	-3
1301	0
1302	-2
1303	0
1304	-2
1305	0
1306	-2
1307	0
1308	-2
1309	-1
1310	-3
1311	0
1312	-2
1313	-1
1314	-3
1315	0
1316	-3
1317	0
1318	-3
1319	0
1320	-2
1321	0
1322	-1
1323	0
1324	-1
1325	0
1326	-1
1327	0
1328	-1
1329	0
1330	-1
1331	0
1332	-1
1333	0
1334	-2
1335	0
1336	-2
1337	0
1338	-1
1339	0
1340	-1
1341	0
1342	-1
1343	0
1344	-1
1345	0
1346	-1
1347	0
1348	-2
1349	0
1350	-1
1351	0
1352	-1
1353	0
1354	-1
1355	0
1356	-2
1357	0
1358	-2
1359	0
1360	-3
1361	0
1362	-2
1363	0
1364	-3
1365	0
1366	-2
1367	0
1368	-4
1369	0
1370	-3
1371	0
1372	-3
1373	0
1374	-1
1375	0
1376	-3
1377	0
1378	-1
1379	0
1380	-1
1381	0
1382	-1
1383	0
1384	-2
1385	0
1386	-1
1387	0
1388	-2
1389	0
1390	-2
1391	0
1392	-2
1393	0
1394	-2
1395	0
1396	-2
1397	0
1398	-2
1399	0
1400	-3
1401	0
1402	-2
1403	0
1404	-1
1405	0
1406	-2
1407	0
1408	-1
1409	0
1410	-2
1411	0
1412	-2
1413	0
1414	-1
1415	1
1416	-2
1417	1
1418	0
1419	1
1420	0
1421	2
1422	-1
1423	2
1424	0
1425	2
1426	0
1427	3
1428	1
1429	3
1430	0
1431	4
1432	0
1433	4
1434	1
1435	4
1436	0
1437	4
1438	2
1439	4
1440	0
1441	4
1442	1
1443	4
1444	2
1445	3
1446	0
1447	2
1448	1
1449	3
1450	1
1451	2
1452	0
1453	3
1454	0
1455	1
1456	0
1457	3
1458	-1
1459	1
1460	0
1461	0
1462	0
1463	2
1464	0
1465	0
1466	0
1467	0
1468	-1
1469	0
1470	0
1471	0
1472	-2
1473	0
1474	-1
1475	0
1476	-1
1477	0
1478	-1
1479	0
1480	-1
1481	0
1482	-2
1483	0
1484	-2
1485	0
1486	-2
1487	-1
1488	-2
1489	-1
1490	-2
1491	-1
1492	-3
1493	0
1494	-3
1495	0
1496	-2
1497	0
1498	-2
1499	0
1500	-1
1501	0
1502	-2
1503	0
1504	-1
1505	0
1506	-1
1507	0
1508	-2
1509	0
1510	-3
1511	0
1512	-1
1513	0
1514	-1
1515	0
1516	-2
1517	0
1518	-2
1519	0
1520	-1
1521	0
1522	0
1523	0
1524	-1
1525	0
1526	-2
1527	0
1528	-2
1529	0
1530	-1
1531	0
1532	-1
1533	0
1534	-1
1535	0
1536	-2
1537	0
1538	-1
1539	0
1540	-1
1541	0
1542	-1
1543	1
1544	-1
1545	0
1546	-1
1547	2
1548	-1
1549	1
1550	0
1551	1
1552	0
1553	0
1554	0
1555	1
1556	0
1557	0
1558	0
1559	2
1560	0
1561	2
1562	0
1563	2
1564	0
1565	2
1566	0
1567	1
1568	0
1569	1
1570	0
1571	1
1572	0
1573	2
1574	0
1575	2
1576	0
1577	1
1578	0
1579	2
1580	0
1581	1
1582	0
1583	1
1584	0
1585	3
1586	0
1587	3
1588	0
1589	0
1590	0
1591	2
1592	-1
1593	0
1594	0
1595	1
1596	-1
1597	0
1598	-1
1599	0
1600	-2
1601	0
1602	0
1603	0
1604	-2
1605	0
1606	-2
1607	0
1608	-1
1609	0
1610	0
1611	0
1612	-1
1613	0
1614	-2
1615	0
1616	-1
1617	0
1618	-2
1619	1
1620	-1
1621	0
1622	-2
1623	0
1624	-1
1625	0
1626	-1
1627	0
1628	0
1629	0
1630	-2
1631	1
1632	-2
1633	0
1634	-1
1635	0
1636	-2
1637	0
1638	-1
1639	0
1640	0
1641	0
1642	-2
1643	0
1644	-2
1645	0
1646	-1
1647	1
1648	0
1649	1
1650	-1
1651	0
1652	0
1653	1
1654	-1
1655	1
1656	-1
1657	0
1658	-1
1659	1
1660	-1
1661	0
1662	-1
1663	1
1664	-1
1665	0
1666	-1
1667	0
1668	-1
1669	0
1670	-1
1671	0
1672	-2
1673	0
1674	-1
1675	0
1676	-2
1677	0
1678	-1
1679	0
1680	0
1681	0
1682	-1
1683	0
1684	0
1685	0
1686	0
1687	0
1688	0
1689	0
1690	0
1691	1
1692	0
1693	1
1694	0
1695	2
1696	0
1697	1
1698	0
1699	0
1700	0
1701	2
1702	0
1703	1
1704	0
1705	2
1706	0
1707	2
1708	0
1709	3
1710	0
1711	3
1712	1
1713	3
1714	2
1715	3
1716	1
1717	3
1718	2
1719	4
1720	3
1721	3
1722	1
1723	4
1724	1
1725	4
1726	0
1727	3
1728	1
1729	4
1730	2
1731	3
1732	0
1733	4
1734	1
1735	4
1736	2
1737	4
1738	1
1739	4
1740	2
1741	4
1742	1
1743	3
1744	1
1745	3
1746	1
1747	3
1748	1
1749	2
1750	0
1751	2
1752	-1
1753	2
1754	0
1755	2
1756	0
1757	2
1758	0
1759	2
1760	0
1761	1
1762	0
1763	1
1764	0
1765	1
1766	0
1767	2
1768	0
1769	1
1770	0
1771	0
1772	-1
1773	0
1774	-1
1775	0
1776	-1
1777	0
1778	-2
1779	0
1780	-3
1781	0
1782	-2
1783	-1
1784	-3
1785	0
1786	-3
1787	0
1788	-3
1789	-1
1790	-2
1791	-1
1792	-2
1793	0
1794	-2
1795	-1
1796	-2
1797	0
1798	-3
1799	0
1800	-2
1801	0
1802	-1
1803	0
1804	-1
1805	0
1806	-1
1807	0
1808	-2
1809	0
1810	-1
1811	0
1812	0
1813	0
1814	0
1815	0
1816	0
1817	0
1818	-2
1819	0
1820	-2
1821	0
1822	-2
1823	0
1824	-1
1825	0
1826	-1
1827	0
1828	0
1829	0
1830	0
1831	0
1832	-2
1833	0
1834	-3
1835	0
1836	-1
1837	0
1838	-1
1839	0
1840	-1
1841	0
1842	-2
1843	0
1844	-1
1845	0
1846	-1
1847	0
1848	0
1849	0
1850	0
1851	0
1852	-1
1853	0
1854	-2
1855	0
1856	-1
1857	0
1858	-1
1859	0
1860	-1
1861	0
1862	-2
1863	0
1864	-1
1865	0
1866	-1
1867	0
1868	-1
1869	0
1870	-2
1871	0
1872	-1
1873	1
1874	0
1875	1
1876	-2
1877	0
1878	-1
1879	0
1880	-2
1881	0
1882	-2
1883	0
1884	-1
1885	0
1886	-2
1887	0
1888	-3
1889	0
1890	-3
1891	0
1892	-2
1893	0
1894	-3
1895	-1
1896	-4
1897	0
1898	-3
1899	0
1900	-3
1901	0
1902	-3
1903	0
1904	-2
1905	0
1906	-4
1907	0
1908	-2
1909	0
1910	-2
1911	0
1912	-3
1913	0
1914	-2
1915	0
1916	-2
1917	0
1918	0
1919	0
1920	-1
1921	0
1922	-1
1923	0
1924	0
1925	0
1926	-1
1927	0
1928	0
1929	0
1930	-1
1931	1
1932	0
1933	2
1934	-1
1935	0
1936	0
1937	1
1938	0
1939	2
1940	0
1941	1
1942	0
1943	1
1944	0
1945	0
1946	0
1947	0
1948	0
1949	0
1950	-1
1951	1
1952	-1
1953	0
1954	-2
1955	0
1956	-1
1957	0
1958	0
1959	0
1960	-1
1961	0
1962	0
1963	0
1964	0
1965	0
1966	-1
1967	0
1968	-2
1969	0
1970	-1
1971	0
1972	-1
1973	0
1974	-1
1975	0
1976	-1
1977	0
1978	-2
1979	0
1980	-2
1981	0
1982	-2
1983	0
1984	-2
1985	0
1986	-1
1987	0
1988	-1
1989	0
1990	-1
1991	0
1992	-1
1993	0
1994	-1
1995	0
1996	-1
1997	0
1998	0
1999	1
