0	0
1	2
2	0
3	2
4	0
5	2
6	0
7	2
8	0
9	1
10	0
11	1
12	0
13	1
14	0
15	2
16	0
17	1
18	0
19	0
20	0
21	0
22	-1
23	0
24	0
25	0
26	0
27	0
28	0
29	0
30	0
31	1
32	0
33	0
34	0
35	0
36	0
37	0
38	0
39	2
40	0
41	1
42	0
43	0
44	1
45	2
46	0
47	2
48	0
49	1
50	0
51	2
52	0
53	1
54	0
55	2
56	0
57	2
58	0
59	1
60	0
61	1
62	0
63	1
64	0
65	0
66	0
67	0
68	0
69	0
70	0
71	0
72	0
73	1
74	0
75	0
76	0
77	0
78	0
79	0
80	0
81	0
82	0
83	0
84	0
85	1
86	0
87	0
88	0
89	0
90	0
91	0
92	0
93	1
94	0
95	0
96	0
97	1
98	0
99	1
100	0
101	1
102	0
103	1
104	0
105	2
106	0
107	2
108	0
109	1
110	0
111	1
112	0
113	0
114	0
115	0
116	0
117	1
118	0
119	0
120	0
121	1
122	0
123	1
124	0
125	1
126	0
127	1
128	0
129	2
130	0
131	0
132	0
133	0
134	0
135	2
136	0
137	3
138	0
139	2
140	0
141	2
142	0
143	1
144	0
145	1
146	0
147	2
148	0
149	2
150	0
151	2
152	0
153	1
154	0
155	2
156	0
157	1
158	0
159	1
160	0
161	2
162	0
163	2
164	0
165	0
166	0
167	0
168	0
169	1
170	0
171	0
172	0
173	0
174	0
175	1
176	0
177	1
178	0
179	1
180	1
181	1
182	0
183	2
184	0
185	2
186	0
187	2
188	0
189	2
190	0
191	2
192	0
193	1
194	0
195	2
196	0
197	1
198	0
199	1
200	-1
201	1
202	0
203	1
204	0
205	0
206	0
207	0
208	-1
209	0
210	0
211	0
212	-1
213	0
214	-1
215	0
216	0
217	0
218	-1
219	0
220	-1
221	1
222	0
223	2
224	0
225	1
226	0
227	1
228	0
229	1
230	0
231	0
232	0
233	0
234	0
235	1
236	0
237	1
238	0
239	0
240	0
241	1
242	0
243	2
244	0
245	0
246	0
247	0
248	0
249	1
250	0
251	0
252	0
253	0
254	0
255	0
256	0
257	0
258	0
259	0
260	-1
261	0
262	0
263	1
264	0
265	1
266	0
267	1
268	0
269	1
270	0
271	2
272	0
273	2
274	0
275	2
276	0
277	3
278	1
279	3
280	0
281	2
282	1
283	4
284	0
285	4
286	0
287	4
288	0
289	3
290	0
291	4
292	0
293	3
294	0
295	2
296	0
297	1
298	1
299	3
300	0
301	2
302	0
303	1
304	0
305	2
306	0
307	1
308	0
309	1
310	0
311	1
312	0
313	0
314	0
315	2
316	0
317	1
318	0
319	1
320	0
321	1
322	0
323	1
324	0
325	1
326	-1
327	0
328	0
329	1
330	0
331	0
332	-1
333	2
334	0
335	2
336	0
337	0
338	0
339	0
340	0
341	1
342	0
343	1
344	-1
345	0
346	0
347	1
348	0
349	2
350	0
351	2
352	0
353	0
354	0
355	1
356	0
357	2
358	0
359	0
360	0
361	2
362	0
363	1
364	0
365	2
366	0
367	2
368	0
369	2
370	-1
371	1
372	0
373	1
374	0
375	1
376	-1
377	2
378	0
379	2
380	0
381	0
382	0
383	0
384	0
385	1
386	0
387	2
388	0
389	3
390	0
391	3
392	0
393	3
394	0
395	2
396	0
397	2
398	0
399	2
400	1
401	3
402	0
403	4
404	0
405	1
406	0
407	1
408	0
409	1
410	0
411	1
412	0
413	2
414	0
415	1
416	0
417	0
418	0
419	3
420	0
421	2
422	0
423	0
424	0
425	1
426	0
427	1
428	0
429	2
430	0
431	2
432	0
433	4
434	2
435	5
436	3
437	8
438	9
439	11
440	12
441	18
442	16
443	22
444	23
445	29
446	29
447	35
448	35
449	41
450	43
451	49
452	50
453	55
454	57
455	63
456	64
457	68
458	69
459	75
460	76
461	81
462	80
463	86
464	85
465	91
466	90
467	94
468	93
469	97
470	95
471	99
472	97
473	101
474	99
475	102
476	99
477	101
478	98
479	101
480	98
481	100
482	97
483	100
484	94
485	97
486	93
487	92
488	89
489	90
490	86
491	86
492	82
493	83
494	78
495	77
496	74
497	75
498	75
499	78
500	62
501	69
502	64
503	64
504	59
505	62
506	55
507	58
508	53
509	55
510	48
511	52
512	45
513	47
514	43
515	45
516	39
517	41
518	36
519	37
520	31
521	35
522	29
523	32
524	25
525	28
526	23
527	24
528	21
529	22
530	17
531	19
532	16
533	17
534	12
535	14
536	9
537	11
538	7
539	8
540	4
541	5
542	1
543	3
544	1
545	1
546	0
547	0
548	-1
549	0
550	-3
551	-1
552	-4
553	-3
554	-6
555	-3
556	-7
557	-5
558	-7
559	-5
560	-9
561	-5
562	-10
563	-8
564	-10
565	-9
566	-11
567	-9
568	-12
569	-10
570	-12
571	-9
572	-12
573	-11
574	-12
575	-11
576	-13
577	-11
578	-14
579	-12
580	-13
581	-13
582	-15
583	-13
584	-14
585	-14
586	-14
587	-13
588	-15
589	-13
590	-15
591	-13
592	-15
593	-14
594	-15
595	-14
596	-15
597	-13
598	-16
599	-14
600	-15
601	-15
602	-16
603	-14
604	-15
605	-13
606	-16
607	-13
608	-15
609	-14
610	-15
611	-12
612	-14
613	-12
614	-14
615	-11
616	-15
617	-11
618	-14
619	-10
620	-14
621	-11
622	-12
623	-11
624	-13
625	-11
626	-12
627	-11
628	-13
629	-10
630	-12
631	-9
632	-12
633	-10
634	-12
635	-9
636	-11
637	-9
638	-11
639	-7
640	-9
641	-6
642	-9
643	-6
644	-9
645	-5
646	-8
647	-5
648	-7
649	-4
650	-8
651	-4
652	-6
653	-4
654	-6
655	-3
656	-7
657	-4
658	-4
659	-2
660	-4
661	-3
662	-5
663	-4
664	-5
665	-3
666	-6
667	-2
668	-5
669	-2
670	-4
671	-1
672	-5
673	-2
674	-5
675	-2
676	-4
677	-3
678	-4
679	-1
680	-4
681	-1
682	-3
683	0
684	-4
685	-1
686	-4
687	-1
688	-3
689	-1
690	-3
691	0
692	-3
693	0
694	-2
695	0
696	-2
697	0
698	-3
699	0
700	0
701	0
702	-1
703	0
704	-1
705	0
706	-1
707	0
708	-1
709	0
710	-1
711	0
712	-1
713	0
714	-1
715	0
716	-2
717	0
718	-2
719	0
720	-2
721	-1
722	-2
723	-1
724	-2
725	-1
726	-3
727	-1
728	-2
729	0
730	-2
731	-1
732	-3
733	-1
734	-2
735	0
736	-2
737	0
738	-2
739	0
740	-2
741	0
742	-2
743	0
744	0
745	-1
746	-2
747	0
748	-3
749	0
750	-1
751	0
752	-1
753	0
754	-2
755	0
756	-3
757	0
758	-2
759	0
760	-2
761	-1
762	-2
763	-1
764	-4
765	0
766	-3
767	-1
768	-2
769	-1
770	-2
771	0
772	-1
773	0
774	-2
775	0
776	-3
777	0
778	-2
779	0
780	-2
781	0
782	-2
783	0
784	-1
785	0
786	-1
787	-1
788	-1
789	0
790	-2
791	0
792	-2
793	0
794	-2
795	0
796	-1
797	0
798	-2
799	0
800	-2
801	0
802	-2
803	0
804	-1
805	0
806	-3
807	0
808	-2
809	0
810	-1
811	0
812	-2
813	0
814	-1
815	0
816	-1
817	0
818	-2
819	0
820	-2
821	0
822	-2
823	0
824	-2
825	0
826	-1
827	0
828	-1
829	0
830	-1
831	0
832	-3
833	0
834	-1
835	0
836	-1
837	0
838	-2
839	0
840	-3
841	0
842	-3
843	0
844	-2
845	0
846	-2
847	0
848	-3
849	0
850	-1
851	0
852	-3
853	0
854	-3
855	0
856	-3
857	0
858	-2
859	0
860	-3
861	0
862	-2
863	0
864	-2
865	0
866	-3
867	0
868	-1
869	0
870	-2
871	0
872	-3
873	0
874	-1
875	0
876	-1
877	0
878	-2
879	0
880	-2
881	0
882	-3
883	0
884	-1
885	0
886	-1
887	0
888	-2
889	-1
890	-3
891	0
892	-2
893	-1
894	-2
895	-1
896	-3
897	-1
898	-3
899	0
900	0
901	0
902	-1
903	0
904	-2
905	0
906	-1
907	0
908	0
909	0
910	0
911	0
912	0
913	0
914	-2
915	0
916	-1
917	0
918	-1
919	0
920	-1
921	0
922	0
923	0
924	-1
925	0
926	0
927	0
928	-2
929	0
930	-2
931	0
932	-2
933	0
934	-3
935	0
936	-2
937	0
938	-2
939	0
940	-3
941	0
942	-1
943	0
944	-1
945	0
946	-1
947	0
948	-2
949	-1
950	-1
951	0
952	-2
953	-1
954	-2
955	0
956	-2
957	0
958	-3
959	0
960	-1
961	0
962	-2
963	0
964	-2
965	0
966	-2
967	0
968	-3
969	0
970	-2
971	-1
972	-4
973	-1
974	-3
975	0
976	-3
977	0
978	-4
979	0
980	-3
981	0
982	-3
983	0
984	-4
985	-1
986	-3
987	0
988	-2
989	0
990	-1
991	0
992	-1
993	0
994	0
995	0
996	0
997	0
998	0
999	0
1000	0
1001	2
1002	0
1003	3
1004	0
1005	1
1006	0
1007	2
1008	0
1009	2
1010	1
1011	2
1012	1
1013	3
1014	1
1015	3
1016	0
1017	3
1018	1
1019	3
1020	1
1021	3
1022	0
1023	1
1024	0
1025	2
1026	0
1027	2
1028	0
1029	2
1030	0
1031	2
1032	0
1033	2
1034	0
1035	2
1036	0
1037	1
1038	1
1039	1
1040	0
1041	2
1042	0
1043	1
1044	-1
1045	1
1046	0
1047	0
1048	-2
1049	1
1050	-2
1051	1
1052	-1
1053	0
1054	0
1055	0
1056	-2
1057	0
1058	-2
1059	0
1060	-2
1061	0
1062	-3
1063	-2
1064	-2
1065	0
1066	-2
1067	-1
1068	-4
1069	-1
1070	-2
1071	0
1072	-2
1073	0
1074	-2
1075	-1
1076	-3
1077	-1
1078	-3
1079	-1
1080	-3
1081	0
1082	-3
1083	0
1084	-2
1085	0
1086	-2
1087	0
1088	-1
1089	-1
1090	-2
1091	-1
1092	-1
1093	-1
1094	0
1095	-1
1096	-1
1097	0
1098	0
1099	0
1100	-2
1101	0
1102	-2
1103	0
1104	-3
1105	0
1106	-2
1107	0
1108	-1
1109	0
1110	-2
1111	0
1112	-2
1113	0
1114	-3
1115	0
1116	-2
1117	0
1118	-3
1119	0
1120	-3
1121	0
1122	-1
1123	0
1124	-2
1125	0
1126	-2
1127	0
1128	-2
1129	0
1130	-1
1131	0
1132	-2
1133	0
1134	-2
1135	0
1136	-3
1137	0
1138	-2
1139	2
1140	-1
1141	0
1142	-2
1143	0
1144	-2
1145	0
1146	-1
1147	0
1148	-2
1149	-1
1150	-1
1151	-1
1152	-2
1153	-1
1154	-2
1155	0
1156	-3
1157	-1
1158	-1
1159	-1
1160	-2
1161	0
1162	-2
1163	0
1164	-3
1165	0
1166	-2
1167	-1
1168	-2
1169	0
1170	-2
1171	0
1172	-2
1173	0
1174	-3
1175	0
1176	-2
1177	0
1178	-2
1179	0
1180	-2
1181	-1
1182	-2
1183	0
1184	-2
1185	0
1186	-2
1187	0
1188	-2
1189	0
1190	0
1191	0
1192	-1
1193	0
1194	0
1195	0
1196	0
1197	1
1198	0
1199	0
1200	0
1201	1
1202	0
1203	1
1204	0
1205	0
1206	0
1207	1
1208	0
1209	2
1210	0
1211	2
1212	0
1213	1
1214	0
1215	1
1216	0
1217	2
1218	0
1219	2
1220	0
1221	1
1222	0
1223	1
1224	0
1225	1
1226	0
1227	1
1228	1
1229	2
1230	0
1231	2
1232	0
1233	1
1234	0
1235	2
1236	0
1237	2
1238	0
1239	1
1240	0
1241	2
1242	-1
1243	1
1244	0
1245	1
1246	-1
1247	0
1248	-1
1249	0
1250	-1
1251	0
1252	-1
1253	0
1254	-3
1255	0
1256	-2
1257	-1
1258	0
1259	0
1260	-2
1261	0
1262	-1
1263	0
1264	-1
1265	0
1266	-2
1267	0
1268	-1
1269	0
1270	-2
1271	0
1272	-2
1273	0
1274	-1
1275	1
1276	-1
1277	0
1278	-2
1279	0
1280	-1
1281	0
1282	-1
1283	0
1284	-2
1285	0
1286	-1
1287	0
1288	-1
1289	0
1290	-3
1291	0
1292	-1
1293	0
1294	-1
1295	0
1296	-2
1297	0
1298	-1
1299	1
1300	-2
1301	0
1302	-1
1303	1
1304	-3
1305	0
1306	-2
1307	0
1308	-3
1309	0
1310	-2
1311	0
1312	0
1313	0
1314	-1
1315	-1
1316	-1
1317	0
1318	-2
1319	-1
1320	-1
1321	0
1322	-1
1323	-1
1324	-2
1325	-1
1326	-3
1327	-1
1328	-4
1329	-1
1330	-4
1331	0
1332	-3
1333	-1
1334	-4
1335	0
1336	-5
1337	-1
1338	-3
1339	-1
1340	-3
1341	-1
1342	-3
1343	-1
1344	-3
1345	-1
1346	-3
1347	-1
1348	-3
1349	-1
1350	-3
1351	0
1352	-2
1353	0
1354	-2
1355	0
1356	-2
1357	0
1358	-2
1359	0
1360	-1
1361	0
1362	-1
1363	0
1364	-1
1365	0
1366	-1
1367	0
1368	-1
1369	0
1370	-1
1371	0
1372	-1
1373	0
1374	-1
1375	0
1376	0
1377	0
1378	0
1379	0
1380	-1
1381	0
1382	0
1383	0
1384	0
1385	0
1386	0
1387	0
1388	-2
1389	0
1390	-2
1391	0
1392	-1
1393	0
1394	-1
1395	-1
1396	-1
1397	0
1398	-1
1399	-1
1400	-2
1401	0
1402	-2
1403	-1
1404	-2
1405	0
1406	-1
1407	-1
1408	-2
1409	0
1410	-2
1411	0
1412	-1
1413	0
1414	-1
1415	0
1416	-1
1417	0
1418	-1
1419	0
1420	-2
1421	0
1422	-1
1423	0
1424	-2
1425	0
1426	-1
1427	0
1428	-1
1429	0
1430	-2
1431	-1
1432	0
1433	0
1434	-1
1435	0
1436	-1
1437	0
1438	-1
1439	0
1440	-2
1441	0
1442	-1
1443	0
1444	0
1445	0
1446	-1
1447	0
1448	-2
1449	0
1450	-1
1451	0
1452	-1
1453	0
1454	-1
1455	0
1456	-1
1457	0
1458	-1
1459	0
1460	-1
1461	0
1462	-1
1463	0
1464	-1
1465	0
1466	-2
1467	0
1468	-2
1469	0
1470	-1
1471	0
1472	-1
1473	0
1474	0
1475	0
1476	-1
1477	0
1478	-1
1479	0
1480	-2
1481	0
1482	-1
1483	0
1484	-2
1485	-1
1486	-3
1487	0
1488	-2
1489	0
1490	-2
1491	0
1492	-2
1493	0
1494	-2
1495	0
1496	-2
1497	0
1498	-3
1499	0
1500	-1
1501	0
1502	-3
1503	0
1504	-1
1505	0
1506	-1
1507	0
1508	-1
1509	0
1510	0
1511	0
1512	-1
1513	0
1514	-1
1515	0
1516	0
1517	0
1518	0
1519	0
1520	0
1521	0
1522	0
1523	0
1524	0
1525	1
1526	0
1527	0
1528	0
1529	0
1530	-1
1531	1
1532	-1
1533	1
1534	0
1535	0
1536	0
1537	0
1538	-1
1539	0
1540	0
1541	0
1542	0
1543	0
1544	-1
1545	0
1546	-1
1547	1
1548	-1
1549	0
1550	-1
1551	0
1552	-1
1553	0
1554	-1
1555	0
1556	0
1557	0
1558	-1
1559	1
1560	-2
1561	0
1562	-1
1563	0
1564	-1
1565	0
1566	-1
1567	0
1568	-2
1569	0
1570	-2
1571	0
1572	-2
1573	0
1574	-2
1575	0
1576	-2
1577	0
1578	-1
1579	0
1580	-2
1581	0
1582	-1
1583	0
1584	-1
1585	0
1586	-1
1587	0
1588	-1
1589	0
1590	-1
1591	0
1592	-1
1593	0
1594	-1
1595	0
1596	-2
1597	0
1598	-2
1599	0
1600	-1
1601	0
1602	-2
1603	0
1604	-2
1605	0
1606	-1
1607	0
1608	-2
1609	0
1610	-2
1611	0
1612	-2
1613	0
1614	0
1615	0
1616	0
1617	0
1618	0
1619	0
1620	0
1621	1
1622	0
1623	1
1624	1
1625	1
1626	0
1627	1
1628	0
1629	2
1630	0
1631	1
1632	-1
1633	0
1634	0
1635	1
1636	0
1637	1
1638	0
1639	1
1640	0
1641	0
1642	-1
1643	0
1644	0
1645	0
1646	0
1647	1
1648	0
1649	0
1650	0
1651	0
1652	0
1653	0
1654	-1
1655	0
1656	-2
1657	0
1658	-2
1659	0
1660	-1
1661	0
1662	-1
1663	0
1664	-1
1665	0
1666	-1
1667	0
1668	-1
1669	0
1670	-1
1671	0
1672	-1
1673	0
1674	-1
1675	0
1676	-1
1677	0
1678	-1
1679	0
1680	-2
1681	0
1682	-2
1683	-1
1684	-1
1685	0
1686	-2
1687	0
1688	-2
1689	0
1690	-2
1691	0
1692	-3
1693	-1
1694	-2
1695	-2
1696	-3
1697	-2
1698	-4
1699	-1
1700	-2
1701	0
1702	-3
1703	-1
1704	-2
1705	-1
1706	-2
1707	0
1708	-1
1709	0
1710	-1
1711	0
1712	0
1713	0
1714	0
1715	0
1716	0
1717	0
1718	0
1719	1
1720	-1
1721	1
1722	0
1723	0
1724	0
1725	2
1726	0
1727	1
1728	0
1729	1
1730	0
1731	0
1732	0
1733	1
1734	-1
1735	1
1736	0
1737	0
1738	0
1739	1
1740	1
1741	1
1742	0
1743	0
1744	0
1745	0
1746	0
1747	0
1748	0
1749	0
1750	0
1751	0
1752	0
1753	0
1754	0
1755	1
1756	0
1757	1
1758	0
1759	0
1760	-1
1761	0
1762	0
1763	0
1764	0
1765	0
1766	-1
1767	0
1768	0
1769	0
1770	-1
1771	0
1772	-2
1773	-1
1774	-2
1775	0
1776	-1
1777	0
1778	-2
1779	0
1780	-2
1781	-1
1782	-1
1783	0
1784	-1
1785	0
1786	-1
1787	-1
1788	-1
1789	0
1790	0
1791	0
1792	-2
1793	0
1794	-2
1795	0
1796	0
1797	0
1798	-1
1799	0
1800	0
1801	0
1802	-1
1803	0
1804	-2
1805	0
1806	-2
1807	-1
1808	-2
1809	0
1810	-1
1811	0
1812	-2
1813	-1
1814	-1
1815	-1
1816	-2
1817	0
1818	-1
1819	-1
1820	-1
1821	0
1822	-2
1823	0
1824	-2
1825	0
1826	-1
1827	0
1828	-2
1829	0
1830	0
1831	0
1832	0
1833	0
1834	-1
1835	0
1836	-1
1837	0
1838	0
1839	0
1840	0
1841	1
1842	0
1843	1
1844	0
1845	0
1846	0
1847	2
1848	-1
1849	1
1850	-1
1851	1
1852	0
1853	1
1854	0
1855	1
1856	0
1857	1
1858	0
1859	1
1860	0
1861	1
1862	0
1863	1
1864	0
1865	1
1866	0
1867	2
1868	1
1869	1
1870	0
1871	2
1872	1
1873	2
1874	1
1875	2
1876	0
1877	3
1878	0
1879	2
1880	1
1881	3
1882	0
1883	3
1884	0
1885	3
1886	1
1887	2
1888	0
1889	3
1890	1
1891	1
1892	0
1893	2
1894	0
1895	2
1896	0
1897	0
1898	0
1899	0
1900	0
1901	1
1902	0
1903	1
1904	0
1905	0
1906	-1
1907	1
1908	-1
1909	0
1910	-1
1911	0
1912	-1
1913	0
1914	0
1915	1
1916	0
1917	0
1918	-1
1919	0
1920	-1
1921	0
1922	0
1923	1
1924	0
1925	0
1926	-1
1927	0
1928	0
1929	0
1930	-1
1931	0
1932	0
1933	0
1934	0
1935	0
1936	0
1937	0
1938	0
1939	0
1940	-1
1941	0
1942	0
1943	0
1944	0
1945	0
1946	0
1947	1
1948	0
1949	1
1950	0
1951	0
1952	0
1953	0
1954	-1
1955	0
1956	-1
1957	0
1958	-1
1959	0
1960	-1
1961	0
1962	-1
1963	0
1964	-1
1965	0
1966	-1
1967	0
1968	-1
1969	0
1970	-1
1971	0
1972	0
1973	0
1974	-2
1975	-1
1976	0
1977	0
1978	-1
1979	0
1980	0
1981	0
1982	0
1983	0
1984	-1
1985	0
1986	0
1987	0
1988	0
1989	1
1990	0
1991	0
1992	0
1993	0
1994	-2
1995	0
1996	0
1997	0
1998	0
1999	0
