0	0
1	0
2	-1
3	0
4	-1
5	1
6	-1
7	0
8	0
9	1
10	0
11	1
12	0
13	1
14	0
15	2
16	0
17	0
18	0
19	1
20	0
21	1
22	0
23	2
24	0
25	3
26	0
27	0
28	0
29	2
30	0
31	2
32	0
33	1
34	0
35	1
36	-1
37	2
38	0
39	2
40	0
41	1
42	0
43	2
44	0
45	1
46	0
47	1
48	0
49	1
50	0
51	2
52	0
53	1
54	0
55	2
56	0
57	2
58	0
59	3
60	1
61	2
62	0
63	2
64	0
65	3
66	0
67	4
68	0
69	4
70	0
71	6
72	0
73	4
74	0
75	4
76	0
77	4
78	0
79	1
80	0
81	1
82	0
83	1
84	0
85	2
86	0
87	1
88	0
89	1
90	0
91	0
92	-1
93	0
94	-1
95	0
96	-1
97	1
98	-1
99	0
100	0
101	0
102	0
103	0
104	0
105	1
106	-1
107	0
108	-1
109	0
110	-1
111	1
112	-1
113	1
114	-1
115	2
116	0
117	1
118	0
119	0
120	-1
121	2
122	0
123	0
124	-1
125	2
126	-2
127	1
128	0
129	0
130	0
131	0
132	0
133	0
134	0
135	0
136	-1
137	1
138	0
139	0
140	0
141	1
142	-1
143	1
144	0
145	2
146	0
147	2
148	0
149	3
150	0
151	3
152	0
153	4
154	0
155	4
156	0
157	4
158	0
159	4
160	0
161	2
162	0
163	2
164	-1
165	2
166	0
167	2
168	0
169	3
170	0
171	1
172	-1
173	1
174	0
175	1
176	0
177	2
178	0
179	2
180	-1
181	1
182	-1
183	2
184	-2
185	1
186	-1
187	1
188	-1
189	0
190	-2
191	0
192	0
193	0
194	-2
195	0
196	-1
197	0
198	-2
199	1
200	-1
201	1
202	-1
203	1
204	0
205	1
206	-2
207	1
208	-1
209	0
210	-1
211	1
212	-1
213	2
214	-1
215	1
216	-1
217	0
218	0
219	0
220	0
221	1
222	0
223	1
224	-1
225	2
226	0
227	1
228	0
229	2
230	0
231	1
232	0
233	3
234	0
235	3
236	1
237	2
238	0
239	4
240	1
241	3
242	0
243	4
244	1
245	4
246	2
247	4
248	1
249	3
250	0
251	3
252	0
253	3
254	0
255	2
256	0
257	1
258	0
259	1
260	0
261	0
262	0
263	1
264	-1
265	0
266	-1
267	0
268	-2
269	1
270	-1
271	0
272	-1
273	0
274	-1
275	0
276	-2
277	0
278	-1
279	0
280	0
281	1
282	0
283	1
284	0
285	1
286	-1
287	1
288	0
289	1
290	0
291	1
292	0
293	2
294	0
295	2
296	0
297	0
298	0
299	0
300	0
301	1
302	0
303	1
304	-1
305	0
306	-2
307	0
308	-2
309	0
310	-2
311	0
312	-1
313	0
314	-2
315	0
316	0
317	1
318	0
319	0
320	0
321	0
322	0
323	1
324	0
325	2
326	0
327	1
328	0
329	2
330	1
331	1
332	0
333	1
334	1
335	2
336	1
337	2
338	1
339	2
340	0
341	2
342	0
343	3
344	0
345	2
346	0
347	3
348	1
349	3
350	0
351	3
352	0
353	2
354	0
355	3
356	0
357	3
358	0
359	3
360	0
361	3
362	0
363	2
364	0
365	3
366	0
367	3
368	0
369	1
370	0
371	3
372	0
373	3
374	0
375	2
376	0
377	1
378	0
379	2
380	0
381	2
382	-1
383	1
384	-1
385	0
386	-1
387	0
388	0
389	0
390	0
391	2
392	0
393	2
394	-1
395	2
396	-1
397	2
398	0
399	1
400	0
401	3
402	0
403	2
404	1
405	3
406	0
407	3
408	1
409	3
410	0
411	3
412	0
413	4
414	1
415	3
416	1
417	4
418	0
419	3
420	0
421	2
422	0
423	3
424	0
425	4
426	0
427	3
428	0
429	4
430	1
431	4
432	3
433	7
434	4
435	10
436	8
437	14
438	14
439	19
440	17
441	26
442	26
443	32
444	34
445	41
446	41
447	49
448	50
449	57
450	59
451	67
452	68
453	75
454	76
455	84
456	84
457	92
458	91
459	100
460	99
461	105
462	107
463	112
464	112
465	117
466	114
467	122
468	122
469	125
470	123
471	128
472	125
473	128
474	124
475	130
476	124
477	128
478	120
479	125
480	119
481	120
482	115
483	118
484	111
485	111
486	106
487	107
488	101
489	102
490	95
491	97
492	91
493	91
494	85
495	85
496	78
497	80
498	75
499	78
500	62
501	67
502	62
503	63
504	56
505	58
506	52
507	52
508	45
509	48
510	43
511	42
512	36
513	38
514	31
515	33
516	27
517	28
518	24
519	24
520	19
521	22
522	15
523	17
524	11
525	14
526	9
527	11
528	8
529	8
530	4
531	5
532	-1
533	3
534	-4
535	0
536	-7
537	-1
538	-8
539	-6
540	-9
541	-7
542	-13
543	-9
544	-13
545	-10
546	-15
547	-14
548	-16
549	-14
550	-17
551	-16
552	-19
553	-17
554	-21
555	-18
556	-21
557	-19
558	-22
559	-20
560	-23
561	-21
562	-24
563	-22
564	-24
565	-22
566	-24
567	-23
568	-26
569	-22
570	-25
571	-24
572	-25
573	-23
574	-24
575	-22
576	-25
577	-22
578	-24
579	-22
580	-23
581	-22
582	-22
583	-20
584	-23
585	-18
586	-22
587	-17
588	-22
589	-17
590	-21
591	-16
592	-20
593	-16
594	-20
595	-16
596	-19
597	-16
598	-18
599	-15
600	-17
601	-15
602	-17
603	-15
604	-16
605	-13
606	-16
607	-12
608	-15
609	-13
610	-15
611	-12
612	-14
613	-11
614	-15
615	-12
616	-14
617	-11
618	-13
619	-9
620	-14
621	-9
622	-12
623	-7
624	-12
625	-8
626	-11
627	-7
628	-11
629	-6
630	-11
631	-5
632	-9
633	-5
634	-9
635	-5
636	-11
637	-4
638	-10
639	-6
640	-11
641	-6
642	-11
643	-6
644	-10
645	-5
646	-8
647	-4
648	-9
649	-4
650	-10
651	-5
652	-10
653	-4
654	-8
655	-3
656	-8
657	-3
658	-9
659	-4
660	-9
661	-3
662	-7
663	-4
664	-7
665	-4
666	-6
667	-2
668	-6
669	-2
670	-5
671	-1
672	-5
673	-1
674	-4
675	-1
676	-5
677	0
678	-4
679	-1
680	-4
681	0
682	-3
683	0
684	-5
685	0
686	-4
687	-1
688	-5
689	-1
690	-4
691	0
692	-5
693	-2
694	-6
695	-2
696	-6
697	-2
698	-6
699	-3
700	-6
701	-3
702	-5
703	-1
704	-6
705	-3
706	-7
707	-3
708	-5
709	-3
710	-5
711	-3
712	-4
713	-2
714	-4
715	-1
716	-4
717	0
718	-4
719	0
720	-4
721	0
722	-4
723	-1
724	-3
725	0
726	-3
727	0
728	-4
729	0
730	-3
731	0
732	-3
733	0
734	-3
735	0
736	-4
737	0
738	-2
739	0
740	-4
741	0
742	-3
743	0
744	-2
745	-1
746	-3
747	-1
748	-3
749	-1
750	-4
751	0
752	-3
753	-1
754	-3
755	0
756	-4
757	0
758	-4
759	0
760	-3
761	0
762	-3
763	0
764	-2
765	0
766	-3
767	0
768	-2
769	0
770	-2
771	0
772	-3
773	0
774	-2
775	0
776	-2
777	0
778	-2
779	0
780	-2
781	0
782	-4
783	0
784	-2
785	0
786	-4
787	-1
788	-3
789	-2
790	-4
791	0
792	-2
793	0
794	-4
795	-1
796	-2
797	-1
798	-3
799	-2
800	-4
801	0
802	-3
803	-1
804	-4
805	0
806	-3
807	0
808	-2
809	0
810	-3
811	0
812	-3
813	0
814	-2
815	0
816	-1
817	0
818	-1
819	0
820	-3
821	0
822	-2
823	0
824	-2
825	0
826	-2
827	0
828	-1
829	0
830	-4
831	0
832	-4
833	-2
834	-4
835	-2
836	-4
837	-1
838	-4
839	-2
840	-4
841	-1
842	-4
843	-2
844	-4
845	-2
846	-4
847	-1
848	-4
849	0
850	-5
851	-1
852	-4
853	-1
854	-4
855	-1
856	-5
857	-1
858	-3
859	0
860	-3
861	0
862	-3
863	0
864	-2
865	0
866	-3
867	0
868	-2
869	0
870	-1
871	0
872	-1
873	0
874	-2
875	0
876	-2
877	0
878	-3
879	0
880	-4
881	-1
882	-4
883	0
884	-4
885	-2
886	-3
887	-1
888	-3
889	-1
890	-3
891	-1
892	-4
893	-1
894	-4
895	0
896	-4
897	-1
898	-3
899	0
900	-3
901	0
902	-3
903	0
904	-2
905	0
906	-3
907	0
908	-1
909	0
910	-1
911	0
912	-3
913	0
914	-3
915	1
916	-2
917	1
918	-2
919	1
920	-1
921	0
922	-2
923	0
924	-2
925	0
926	-3
927	0
928	-2
929	0
930	-3
931	0
932	-5
933	0
934	-3
935	-1
936	-3
937	-1
938	-4
939	-1
940	-3
941	0
942	-3
943	0
944	-2
945	0
946	-2
947	0
948	-2
949	0
950	-3
951	0
952	-2
953	0
954	-3
955	0
956	-4
957	0
958	-2
959	0
960	-2
961	1
962	-2
963	0
964	-3
965	0
966	-3
967	0
968	-3
969	0
970	-4
971	-1
972	-4
973	-2
974	-4
975	-1
976	-4
977	0
978	-5
979	-1
980	-5
981	-2
982	-4
983	-1
984	-4
985	-1
986	-4
987	-2
988	-3
989	-2
990	-2
991	0
992	-2
993	-1
994	-2
995	0
996	-3
997	0
998	-3
999	0
1000	-2
1001	0
1002	-2
1003	0
1004	-3
1005	0
1006	-3
1007	0
1008	-2
1009	0
1010	-2
1011	0
1012	-2
1013	0
1014	-2
1015	0
1016	-3
1017	0
1018	-3
1019	0
1020	-3
1021	0
1022	-2
1023	0
1024	-1
1025	0
1026	-3
1027	0
1028	-2
1029	0
1030	-3
1031	0
1032	-2
1033	0
1034	-3
1035	0
1036	-2
1037	0
1038	-2
1039	0
1040	-2
1041	0
1042	-3
1043	0
1044	-3
1045	0
1046	-2
1047	0
1048	-3
1049	0
1050	-2
1051	0
1052	-4
1053	0
1054	-2
1055	0
1056	-3
1057	0
1058	-3
1059	0
1060	-3
1061	0
1062	-4
1063	-1
1064	-3
1065	0
1066	-3
1067	0
1068	-4
1069	0
1070	-3
1071	0
1072	-3
1073	0
1074	-2
1075	0
1076	-1
1077	0
1078	-3
1079	0
1080	-2
1081	0
1082	-2
1083	0
1084	-2
1085	0
1086	-3
1087	-1
1088	-3
1089	0
1090	-3
1091	0
1092	-4
1093	0
1094	-4
1095	-1
1096	-4
1097	0
1098	-4
1099	0
1100	-4
1101	-1
1102	-4
1103	-1
1104	-4
1105	0
1106	-4
1107	0
1108	-4
1109	-1
1110	-3
1111	-1
1112	-3
1113	0
1114	-3
1115	0
1116	-3
1117	0
1118	-2
1119	0
1120	-2
1121	1
1122	-2
1123	1
1124	-1
1125	1
1126	0
1127	2
1128	-1
1129	2
1130	0
1131	0
1132	0
1133	2
1134	-1
1135	2
1136	0
1137	2
1138	0
1139	2
1140	0
1141	3
1142	-2
1143	1
1144	0
1145	1
1146	0
1147	1
1148	0
1149	0
1150	-1
1151	1
1152	-1
1153	1
1154	-2
1155	1
1156	0
1157	3
1158	-1
1159	2
1160	0
1161	2
1162	-1
1163	3
1164	-1
1165	2
1166	0
1167	2
1168	-1
1169	3
1170	0
1171	3
1172	0
1173	3
1174	0
1175	2
1176	0
1177	1
1178	0
1179	2
1180	0
1181	1
1182	0
1183	1
1184	-1
1185	0
1186	-2
1187	0
1188	-2
1189	1
1190	-3
1191	0
1192	-3
1193	0
1194	-3
1195	0
1196	-3
1197	0
1198	-3
1199	0
1200	-4
1201	-1
1202	-4
1203	0
1204	-3
1205	0
1206	-3
1207	0
1208	-3
1209	0
1210	-2
1211	0
1212	-4
1213	0
1214	-3
1215	-1
1216	-4
1217	-1
1218	-4
1219	0
1220	-4
1221	-1
1222	-4
1223	-2
1224	-4
1225	-2
1226	-4
1227	-2
1228	-4
1229	-1
1230	-4
1231	-1
1232	-5
1233	-1
1234	-4
1235	-2
1236	-5
1237	-1
1238	-4
1239	-2
1240	-5
1241	-1
1242	-3
1243	-2
1244	-5
1245	-1
1246	-3
1247	-1
1248	-3
1249	-1
1250	-2
1251	0
1252	-3
1253	0
1254	-3
1255	0
1256	-3
1257	0
1258	-2
1259	0
1260	-2
1261	1
1262	-2
1263	0
1264	-1
1265	0
1266	-2
1267	-1
1268	-1
1269	0
1270	-3
1271	0
1272	-2
1273	0
1274	-2
1275	0
1276	-2
1277	0
1278	-2
1279	0
1280	-3
1281	0
1282	0
1283	0
1284	-2
1285	0
1286	-1
1287	1
1288	-2
1289	2
1290	-1
1291	0
1292	-2
1293	0
1294	-1
1295	0
1296	-1
1297	1
1298	-1
1299	0
1300	-2
1301	0
1302	-1
1303	0
1304	-2
1305	0
1306	-3
1307	0
1308	-3
1309	0
1310	-2
1311	0
1312	-4
1313	-1
1314	-5
1315	0
1316	-4
1317	-1
1318	-4
1319	-1
1320	-3
1321	0
1322	-4
1323	0
1324	-4
1325	0
1326	-3
1327	0
1328	-3
1329	0
1330	-4
1331	0
1332	-3
1333	0
1334	-3
1335	0
1336	-4
1337	0
1338	-3
1339	0
1340	-4
1341	0
1342	-4
1343	0
1344	-2
1345	-2
1346	-3
1347	-1
1348	-4
1349	0
1350	-3
1351	-1
1352	-2
1353	0
1354	-3
1355	-1
1356	-4
1357	0
1358	-3
1359	0
1360	-2
1361	0
1362	-3
1363	0
1364	-3
1365	0
1366	-3
1367	0
1368	-2
1369	0
1370	-2
1371	0
1372	-1
1373	0
1374	-2
1375	0
1376	-3
1377	0
1378	-3
1379	1
1380	-2
1381	0
1382	-2
1383	0
1384	-2
1385	1
1386	0
1387	1
1388	-1
1389	0
1390	-1
1391	0
1392	0
1393	0
1394	-3
1395	0
1396	-2
1397	1
1398	-2
1399	0
1400	-3
1401	0
1402	-2
1403	-1
1404	-2
1405	-1
1406	-1
1407	0
1408	-1
1409	0
1410	-2
1411	-1
1412	-2
1413	0
1414	-3
1415	-1
1416	-3
1417	0
1418	-2
1419	1
1420	-3
1421	0
1422	-3
1423	0
1424	-3
1425	0
1426	-2
1427	0
1428	-2
1429	0
1430	-2
1431	0
1432	-1
1433	0
1434	-2
1435	0
1436	-1
1437	0
1438	-2
1439	0
1440	-3
1441	0
1442	-3
1443	0
1444	-3
1445	0
1446	-3
1447	-1
1448	-2
1449	-2
1450	-4
1451	0
1452	-3
1453	0
1454	-2
1455	0
1456	-1
1457	0
1458	-2
1459	0
1460	-3
1461	0
1462	-3
1463	0
1464	-3
1465	0
1466	-3
1467	-1
1468	-3
1469	0
1470	-3
1471	0
1472	-2
1473	0
1474	-1
1475	0
1476	-2
1477	0
1478	-2
1479	0
1480	-3
1481	0
1482	-1
1483	0
1484	-2
1485	0
1486	-2
1487	-1
1488	-3
1489	0
1490	-4
1491	0
1492	-3
1493	0
1494	-1
1495	0
1496	-2
1497	0
1498	-2
1499	1
1500	-1
1501	1
1502	-1
1503	1
1504	-1
1505	1
1506	0
1507	2
1508	0
1509	1
1510	-1
1511	2
1512	0
1513	3
1514	0
1515	2
1516	0
1517	2
1518	-1
1519	2
1520	0
1521	3
1522	-2
1523	1
1524	-1
1525	0
1526	-2
1527	0
1528	-3
1529	0
1530	-3
1531	0
1532	-2
1533	0
1534	-1
1535	0
1536	-3
1537	-1
1538	-2
1539	-1
1540	-2
1541	0
1542	-3
1543	0
1544	-3
1545	0
1546	-3
1547	0
1548	-1
1549	0
1550	-2
1551	0
1552	-3
1553	0
1554	-3
1555	0
1556	-3
1557	0
1558	-3
1559	0
1560	-2
1561	1
1562	-2
1563	0
1564	-1
1565	0
1566	-2
1567	0
1568	-2
1569	1
1570	-2
1571	1
1572	-3
1573	0
1574	-1
1575	1
1576	-2
1577	0
1578	-2
1579	0
1580	-3
1581	0
1582	-2
1583	0
1584	-1
1585	0
1586	-2
1587	-1
1588	-4
1589	0
1590	-1
1591	0
1592	-1
1593	0
1594	-1
1595	0
1596	0
1597	0
1598	0
1599	0
1600	-1
1601	1
1602	-1
1603	1
1604	-2
1605	2
1606	-1
1607	1
1608	0
1609	0
1610	0
1611	1
1612	-1
1613	0
1614	-1
1615	0
1616	0
1617	1
1618	-1
1619	1
1620	-1
1621	1
1622	-2
1623	0
1624	0
1625	0
1626	-2
1627	0
1628	-2
1629	0
1630	-2
1631	0
1632	-1
1633	0
1634	-1
1635	0
1636	-2
1637	0
1638	-1
1639	0
1640	-1
1641	0
1642	-1
1643	0
1644	-1
1645	0
1646	-2
1647	0
1648	-1
1649	0
1650	-1
1651	0
1652	-1
1653	0
1654	-1
1655	0
1656	-1
1657	0
1658	-3
1659	0
1660	-3
1661	0
1662	-2
1663	0
1664	-1
1665	0
1666	0
1667	0
1668	-1
1669	0
1670	-3
1671	0
1672	-3
1673	0
1674	-2
1675	0
1676	-3
1677	0
1678	-1
1679	-1
1680	-2
1681	-1
1682	-3
1683	0
1684	-4
1685	0
1686	-2
1687	-1
1688	-2
1689	0
1690	-3
1691	0
1692	-2
1693	0
1694	-2
1695	0
1696	-1
1697	0
1698	-2
1699	0
1700	-2
1701	0
1702	-1
1703	0
1704	-2
1705	0
1706	-1
1707	0
1708	-1
1709	1
1710	-2
1711	1
1712	-1
1713	0
1714	-1
1715	0
1716	-3
1717	0
1718	-1
1719	1
1720	-1
1721	0
1722	0
1723	0
1724	0
1725	2
1726	-1
1727	0
1728	0
1729	1
1730	0
1731	2
1732	0
1733	0
1734	0
1735	1
1736	-1
1737	0
1738	0
1739	0
1740	-1
1741	1
1742	0
1743	1
1744	-1
1745	1
1746	-2
1747	1
1748	-1
1749	0
1750	-2
1751	0
1752	-2
1753	0
1754	-1
1755	0
1756	-2
1757	1
1758	-1
1759	0
1760	-2
1761	0
1762	-1
1763	0
1764	-2
1765	0
1766	-1
1767	0
1768	-1
1769	0
1770	0
1771	0
1772	-1
1773	0
1774	-1
1775	0
1776	0
1777	1
1778	-1
1779	1
1780	0
1781	0
1782	-1
1783	0
1784	-2
1785	0
1786	-2
1787	0
1788	-2
1789	0
1790	-1
1791	0
1792	-4
1793	0
1794	-2
1795	0
1796	-2
1797	0
1798	-2
1799	0
1800	-2
1801	0
1802	-2
1803	0
1804	-2
1805	1
1806	-2
1807	0
1808	-3
1809	0
1810	-3
1811	0
1812	0
1813	0
1814	-1
1815	0
1816	-1
1817	0
1818	-1
1819	0
1820	-1
1821	0
1822	0
1823	1
1824	0
1825	0
1826	0
1827	1
1828	-1
1829	0
1830	0
1831	0
1832	0
1833	0
1834	0
1835	1
1836	-1
1837	1
1838	-1
1839	1
1840	-1
1841	0
1842	-1
1843	0
1844	-1
1845	1
1846	-1
1847	1
1848	0
1849	1
1850	-1
1851	1
1852	-1
1853	1
1854	-3
1855	1
1856	-2
1857	1
1858	-2
1859	1
1860	-2
1861	0
1862	0
1863	1
1864	-1
1865	1
1866	0
1867	1
1868	0
1869	3
1870	0
1871	1
1872	0
1873	2
1874	0
1875	1
1876	0
1877	2
1878	0
1879	2
1880	-1
1881	0
1882	0
1883	1
1884	-2
1885	0
1886	-1
1887	0
1888	-2
1889	0
1890	-3
1891	0
1892	-3
1893	0
1894	-3
1895	-1
1896	-3
1897	0
1898	-3
1899	0
1900	-3
1901	-1
1902	-2
1903	-1
1904	-3
1905	-1
1906	-2
1907	0
1908	-2
1909	0
1910	-4
1911	0
1912	-2
1913	0
1914	-2
1915	0
1916	-1
1917	0
1918	-3
1919	0
1920	-2
1921	0
1922	-3
1923	0
1924	-2
1925	0
1926	-3
1927	0
1928	-2
1929	1
1930	-3
1931	0
1932	-2
1933	1
1934	-1
1935	0
1936	-2
1937	2
1938	-1
1939	0
1940	-1
1941	1
1942	-1
1943	1
1944	0
1945	1
1946	0
1947	1
1948	0
1949	2
1950	0
1951	3
1952	0
1953	1
1954	0
1955	2
1956	0
1957	2
1958	0
1959	3
1960	0
1961	2
1962	0
1963	1
1964	0
1965	2
1966	-1
1967	1
1968	-1
1969	0
1970	0
1971	0
1972	-1
1973	2
1974	-1
1975	0
1976	-2
1977	0
1978	-2
1979	0
1980	-2
1981	0
1982	-1
1983	0
1984	-2
1985	0
1986	-2
1987	0
1988	-1
1989	0
1990	0
1991	0
1992	-1
1993	0
1994	-1
1995	1
1996	-1
1997	0
1998	-1
1999	1
