0	0
1	0
2	0
3	1
4	0
5	0
6	0
7	0
8	0
9	0
10	0
11	0
12	0
13	0
14	0
15	0
16	0
17	0
18	0
19	0
20	0
21	0
22	0
23	0
24	0
25	1
26	0
27	1
28	0
29	0
30	0
31	1
32	0
33	1
34	0
35	1
36	0
37	1
38	0
39	1
40	0
41	1
42	0
43	1
44	0
45	1
46	0
47	1
48	0
49	1
50	0
51	0
52	0
53	0
54	-1
55	0
56	0
57	1
58	0
59	0
60	0
61	0
62	0
63	0
64	0
65	1
66	0
67	0
68	0
69	1
70	0
71	1
72	0
73	1
74	0
75	1
76	0
77	1
78	0
79	2
80	0
81	0
82	0
83	1
84	-1
85	0
86	0
87	1
88	0
89	0
90	0
91	1
92	0
93	1
94	0
95	1
96	0
97	2
98	0
99	1
100	0
101	0
102	0
103	0
104	0
105	0
106	0
107	0
108	0
109	1
110	0
111	0
112	0
113	2
114	0
115	1
116	0
117	2
118	0
119	2
120	0
121	0
122	0
123	1
124	0
125	1
126	0
127	1
128	0
129	0
130	0
131	0
132	0
133	1
134	-1
135	1
136	0
137	1
138	-1
139	1
140	0
141	0
142	0
143	0
144	0
145	0
146	0
147	0
148	0
149	0
150	0
151	0
152	0
153	0
154	0
155	1
156	-1
157	1
158	0
159	1
160	0
161	0
162	0
163	1
164	0
165	0
166	0
167	1
168	0
169	1
170	0
171	1
172	0
173	1
174	0
175	0
176	0
177	1
178	0
179	1
180	0
181	1
182	0
183	0
184	0
185	1
186	0
187	0
188	0
189	1
190	0
191	0
192	0
193	1
194	0
195	0
196	0
197	0
198	0
199	1
200	0
201	1
202	0
203	1
204	0
205	1
206	0
207	1
208	0
209	0
210	0
211	1
212	0
213	2
214	0
215	2
216	0
217	0
218	0
219	2
220	0
221	1
222	0
223	1
224	0
225	2
226	0
227	1
228	0
229	0
230	0
231	1
232	0
233	0
234	0
235	0
236	0
237	1
238	0
239	0
240	0
241	1
242	0
243	0
244	0
245	0
246	0
247	0
248	0
249	0
250	0
251	0
252	0
253	1
254	0
255	0
256	0
257	0
258	-1
259	0
260	0
261	2
262	0
263	1
264	0
265	1
266	0
267	0
268	0
269	0
270	0
271	0
272	0
273	0
274	0
275	0
276	0
277	0
278	0
279	0
280	0
281	0
282	0
283	0
284	0
285	0
286	0
287	0
288	0
289	1
290	0
291	1
292	0
293	1
294	0
295	0
296	0
297	0
298	0
299	1
300	0
301	1
302	0
303	1
304	0
305	1
306	0
307	0
308	0
309	1
310	0
311	0
312	0
313	0
314	0
315	1
316	0
317	1
318	0
319	1
320	0
321	1
322	0
323	1
324	0
325	1
326	0
327	0
328	0
329	1
330	0
331	1
332	0
333	0
334	0
335	1
336	0
337	0
338	0
339	1
340	0
341	1
342	0
343	0
344	0
345	1
346	0
347	0
348	0
349	0
350	0
351	1
352	0
353	0
354	0
355	0
356	0
357	2
358	0
359	0
360	0
361	0
362	0
363	1
364	0
365	0
366	0
367	0
368	0
369	0
370	0
371	1
372	0
373	0
374	0
375	2
376	0
377	1
378	0
379	1
380	0
381	0
382	0
383	1
384	0
385	0
386	0
387	2
388	0
389	0
390	0
391	1
392	0
393	1
394	0
395	0
396	0
397	1
398	0
399	1
400	0
401	0
402	0
403	0
404	0
405	0
406	0
407	1
408	0
409	0
410	0
411	0
412	0
413	0
414	0
415	1
416	0
417	0
418	0
419	0
420	0
421	0
422	0
423	0
424	0
425	0
426	0
427	0
428	0
429	0
430	0
431	1
432	0
433	0
434	0
435	0
436	0
437	1
438	0
439	1
440	0
441	2
442	0
443	2
444	0
445	2
446	0
447	2
448	0
449	4
450	1
451	6
452	3
453	7
454	5
455	11
456	9
457	12
458	11
459	15
460	14
461	18
462	17
463	21
464	20
465	26
466	24
467	29
468	27
469	31
470	30
471	36
472	34
473	40
474	39
475	42
476	42
477	47
478	46
479	52
480	50
481	55
482	52
483	59
484	56
485	61
486	60
487	64
488	62
489	65
490	65
491	68
492	67
493	69
494	68
495	70
496	70
497	70
498	71
499	78
500	62
501	73
502	68
503	72
504	68
505	70
506	68
507	68
508	66
509	69
510	62
511	67
512	59
513	64
514	59
515	62
516	57
517	60
518	56
519	57
520	52
521	54
522	48
523	52
524	46
525	48
526	44
527	45
528	41
529	45
530	39
531	42
532	34
533	37
534	32
535	35
536	29
537	32
538	28
539	30
540	25
541	28
542	23
543	24
544	21
545	24
546	20
547	22
548	18
549	20
550	14
551	20
552	13
553	17
554	10
555	16
556	9
557	15
558	8
559	13
560	7
561	11
562	7
563	11
564	6
565	9
566	6
567	9
568	5
569	8
570	2
571	8
572	1
573	5
574	2
575	5
576	2
577	5
578	0
579	4
580	0
581	1
582	0
583	3
584	0
585	1
586	0
587	1
588	-1
589	1
590	0
591	0
592	-1
593	0
594	-1
595	0
596	-2
597	0
598	-2
599	0
600	-1
601	-1
602	-2
603	0
604	-2
605	0
606	-1
607	0
608	-1
609	0
610	-1
611	0
612	-1
613	0
614	-1
615	0
616	-1
617	0
618	-1
619	0
620	0
621	0
622	-1
623	0
624	-1
625	0
626	0
627	0
628	-1
629	0
630	-2
631	0
632	-1
633	0
634	-2
635	0
636	0
637	0
638	0
639	0
640	-1
641	0
642	-1
643	0
644	-1
645	0
646	-1
647	0
648	-1
649	0
650	-1
651	0
652	0
653	0
654	0
655	0
656	0
657	0
658	-1
659	1
660	0
661	0
662	0
663	0
664	0
665	0
666	-1
667	1
668	0
669	1
670	0
671	0
672	0
673	0
674	-1
675	0
676	-1
677	0
678	0
679	0
680	0
681	0
682	0
683	1
684	0
685	0
686	0
687	0
688	0
689	0
690	0
691	0
692	0
693	0
694	0
695	0
696	0
697	0
698	0
699	0
700	0
701	0
702	0
703	0
704	0
705	0
706	0
707	0
708	0
709	0
710	0
711	0
712	0
713	0
714	0
715	0
716	0
717	0
718	0
719	0
720	0
721	0
722	-1
723	0
724	-1
725	0
726	-1
727	0
728	-1
729	0
730	-1
731	0
732	-1
733	-1
734	-1
735	0
736	-1
737	0
738	-1
739	0
740	0
741	0
742	0
743	0
744	0
745	0
746	0
747	0
748	0
749	0
750	0
751	0
752	0
753	1
754	-1
755	0
756	-1
757	1
758	0
759	0
760	0
761	0
762	-1
763	0
764	-1
765	0
766	-1
767	0
768	-1
769	0
770	-2
771	0
772	-1
773	1
774	0
775	0
776	-1
777	0
778	-1
779	0
780	0
781	0
782	0
783	0
784	0
785	0
786	0
787	1
788	0
789	0
790	0
791	0
792	0
793	0
794	0
795	0
796	-1
797	0
798	0
799	0
800	0
801	0
802	0
803	0
804	-1
805	0
806	0
807	0
808	-1
809	0
810	0
811	0
812	-1
813	0
814	-1
815	-1
816	-1
817	0
818	-1
819	0
820	-1
821	0
822	-1
823	0
824	0
825	0
826	-1
827	0
828	0
829	0
830	-1
831	0
832	-1
833	0
834	0
835	0
836	0
837	0
838	-1
839	0
840	0
841	0
842	-1
843	0
844	-1
845	0
846	-1
847	0
848	-1
849	0
850	-1
851	0
852	0
853	0
854	-1
855	0
856	-1
857	0
858	-2
859	0
860	-1
861	0
862	-1
863	0
864	-1
865	0
866	-1
867	0
868	0
869	0
870	-1
871	0
872	-1
873	0
874	-1
875	0
876	0
877	0
878	0
879	0
880	0
881	0
882	0
883	0
884	0
885	0
886	0
887	0
888	0
889	0
890	0
891	0
892	0
893	0
894	0
895	0
896	0
897	0
898	-1
899	0
900	0
901	0
902	-1
903	0
904	0
905	0
906	-1
907	0
908	0
909	0
910	-1
911	0
912	-1
913	0
914	-1
915	0
916	0
917	0
918	-1
919	0
920	-1
921	0
922	-1
923	0
924	-1
925	0
926	-2
927	0
928	-2
929	0
930	-1
931	0
932	-1
933	0
934	0
935	0
936	-1
937	0
938	-1
939	0
940	0
941	0
942	-1
943	0
944	-1
945	0
946	0
947	0
948	0
949	0
950	-1
951	0
952	0
953	0
954	0
955	0
956	-1
957	0
958	0
959	0
960	0
961	0
962	0
963	0
964	-1
965	0
966	0
967	0
968	-1
969	0
970	-1
971	0
972	-3
973	0
974	-1
975	0
976	0
977	0
978	0
979	0
980	0
981	0
982	0
983	0
984	0
985	0
986	-1
987	0
988	-1
989	0
990	0
991	0
992	-1
993	0
994	-1
995	0
996	0
997	0
998	-1
999	0
1000	-1
1001	0
1002	-1
1003	0
1004	-1
1005	0
1006	0
1007	0
1008	0
1009	0
1010	0
1011	0
1012	0
1013	0
1014	0
1015	0
1016	0
1017	0
1018	0
1019	0
1020	-1
1021	0
1022	0
1023	0
1024	0
1025	0
1026	-1
1027	0
1028	-1
1029	0
1030	-1
1031	0
1032	-2
1033	0
1034	-1
1035	0
1036	-1
1037	0
1038	-2
1039	0
1040	-2
1041	0
1042	-1
1043	0
1044	-1
1045	0
1046	-1
1047	0
1048	-1
1049	0
1050	-1
1051	0
1052	-1
1053	0
1054	-1
1055	0
1056	-1
1057	0
1058	-2
1059	0
1060	-1
1061	0
1062	-2
1063	0
1064	-1
1065	0
1066	-2
1067	0
1068	-2
1069	0
1070	-1
1071	0
1072	-2
1073	0
1074	-1
1075	0
1076	-1
1077	0
1078	-2
1079	0
1080	-2
1081	0
1082	0
1083	0
1084	0
1085	0
1086	0
1087	0
1088	-1
1089	0
1090	-1
1091	0
1092	-1
1093	0
1094	0
1095	0
1096	0
1097	0
1098	0
1099	0
1100	0
1101	0
1102	-1
1103	0
1104	0
1105	0
1106	-1
1107	0
1108	-1
1109	0
1110	-2
1111	0
1112	-1
1113	0
1114	-1
1115	0
1116	0
1117	0
1118	-1
1119	0
1120	-2
1121	0
1122	-2
1123	0
1124	0
1125	0
1126	-1
1127	0
1128	-1
1129	0
1130	0
1131	0
1132	0
1133	0
1134	0
1135	0
1136	-1
1137	0
1138	-1
1139	0
1140	0
1141	0
1142	-1
1143	0
1144	0
1145	0
1146	-2
1147	0
1148	-2
1149	0
1150	-1
1151	0
1152	-1
1153	0
1154	0
1155	0
1156	-1
1157	0
1158	-1
1159	0
1160	-1
1161	0
1162	-1
1163	0
1164	-1
1165	0
1166	-1
1167	0
1168	-1
1169	0
1170	0
1171	0
1172	0
1173	0
1174	-1
1175	0
1176	-1
1177	0
1178	-1
1179	0
1180	-1
1181	0
1182	-2
1183	0
1184	-1
1185	0
1186	-1
1187	0
1188	-1
1189	0
1190	-1
1191	0
1192	-1
1193	0
1194	-2
1195	0
1196	-1
1197	0
1198	-2
1199	0
1200	-1
1201	-1
1202	-1
1203	0
1204	-1
1205	0
1206	-1
1207	0
1208	-2
1209	0
1210	-1
1211	0
1212	0
1213	0
1214	-1
1215	0
1216	0
1217	0
1218	0
1219	0
1220	0
1221	0
1222	0
1223	1
1224	0
1225	1
1226	0
1227	0
1228	0
1229	0
1230	-1
1231	1
1232	-1
1233	0
1234	-1
1235	0
1236	0
1237	0
1238	0
1239	0
1240	0
1241	0
1242	-1
1243	0
1244	-2
1245	-1
1246	-2
1247	0
1248	-2
1249	0
1250	-2
1251	0
1252	-2
1253	0
1254	-1
1255	0
1256	-1
1257	0
1258	-1
1259	0
1260	-1
1261	0
1262	-1
1263	0
1264	-1
1265	0
1266	-1
1267	0
1268	-1
1269	0
1270	-2
1271	0
1272	0
1273	0
1274	0
1275	0
1276	-1
1277	0
1278	-1
1279	0
1280	-1
1281	0
1282	-1
1283	0
1284	-1
1285	0
1286	-1
1287	0
1288	-1
1289	0
1290	-1
1291	0
1292	-1
1293	0
1294	-1
1295	0
1296	-1
1297	0
1298	-1
1299	0
1300	-2
1301	0
1302	-1
1303	0
1304	-1
1305	0
1306	0
1307	0
1308	0
1309	0
1310	0
1311	0
1312	0
1313	0
1314	0
1315	1
1316	0
1317	1
1318	-1
1319	1
1320	0
1321	2
1322	0
1323	1
1324	0
1325	1
1326	0
1327	2
1328	0
1329	1
1330	0
1331	1
1332	0
1333	1
1334	0
1335	1
1336	0
1337	1
1338	0
1339	1
1340	0
1341	1
1342	0
1343	2
1344	0
1345	1
1346	0
1347	1
1348	0
1349	1
1350	0
1351	0
1352	0
1353	2
1354	0
1355	1
1356	0
1357	1
1358	-1
1359	1
1360	-1
1361	0
1362	0
1363	1
1364	-1
1365	1
1366	0
1367	0
1368	-1
1369	1
1370	-1
1371	0
1372	0
1373	1
1374	-2
1375	0
1376	0
1377	0
1378	0
1379	0
1380	-2
1381	0
1382	-1
1383	0
1384	-1
1385	0
1386	-1
1387	0
1388	0
1389	0
1390	-1
1391	0
1392	-1
1393	0
1394	-1
1395	0
1396	0
1397	0
1398	-1
1399	0
1400	-1
1401	0
1402	-1
1403	0
1404	-1
1405	0
1406	-1
1407	0
1408	0
1409	0
1410	0
1411	0
1412	0
1413	0
1414	-1
1415	0
1416	0
1417	0
1418	-1
1419	0
1420	-1
1421	0
1422	0
1423	0
1424	-1
1425	0
1426	0
1427	0
1428	0
1429	0
1430	0
1431	0
1432	0
1433	0
1434	-2
1435	0
1436	-1
1437	0
1438	-1
1439	0
1440	0
1441	-1
1442	0
1443	0
1444	-2
1445	0
1446	-1
1447	0
1448	-1
1449	0
1450	-1
1451	0
1452	-1
1453	0
1454	-1
1455	0
1456	-1
1457	0
1458	-1
1459	0
1460	-1
1461	0
1462	0
1463	0
1464	0
1465	1
1466	0
1467	1
1468	0
1469	1
1470	0
1471	1
1472	0
1473	1
1474	0
1475	2
1476	0
1477	1
1478	0
1479	1
1480	0
1481	1
1482	0
1483	1
1484	0
1485	1
1486	0
1487	1
1488	0
1489	1
1490	0
1491	0
1492	0
1493	0
1494	0
1495	1
1496	0
1497	0
1498	0
1499	0
1500	0
1501	0
1502	0
1503	0
1504	0
1505	0
1506	0
1507	0
1508	0
1509	0
1510	0
1511	1
1512	0
1513	0
1514	1
1515	0
1516	0
1517	1
1518	0
1519	1
1520	0
1521	1
1522	-1
1523	0
1524	0
1525	0
1526	0
1527	0
1528	0
1529	0
1530	-1
1531	0
1532	0
1533	0
1534	0
1535	0
1536	-1
1537	0
1538	-1
1539	0
1540	0
1541	0
1542	0
1543	0
1544	0
1545	0
1546	0
1547	0
1548	0
1549	0
1550	0
1551	0
1552	-1
1553	0
1554	0
1555	0
1556	-1
1557	0
1558	-2
1559	0
1560	-1
1561	0
1562	0
1563	0
1564	-1
1565	0
1566	-1
1567	0
1568	-1
1569	0
1570	0
1571	0
1572	0
1573	0
1574	-1
1575	0
1576	-1
1577	0
1578	-1
1579	0
1580	0
1581	0
1582	-1
1583	0
1584	-1
1585	0
1586	-1
1587	0
1588	-2
1589	0
1590	0
1591	0
1592	-1
1593	0
1594	-1
1595	0
1596	-1
1597	0
1598	-2
1599	0
1600	-2
1601	0
1602	0
1603	0
1604	-2
1605	0
1606	-1
1607	0
1608	-1
1609	0
1610	0
1611	0
1612	-1
1613	0
1614	0
1615	0
1616	0
1617	0
1618	0
1619	0
1620	0
1621	0
1622	-1
1623	0
1624	-1
1625	0
1626	0
1627	0
1628	0
1629	0
1630	-1
1631	0
1632	0
1633	0
1634	0
1635	0
1636	-1
1637	0
1638	-1
1639	0
1640	0
1641	0
1642	-1
1643	0
1644	-1
1645	0
1646	-2
1647	0
1648	0
1649	0
1650	0
1651	0
1652	0
1653	0
1654	-3
1655	0
1656	-2
1657	0
1658	0
1659	0
1660	0
1661	0
1662	0
1663	0
1664	0
1665	0
1666	0
1667	0
1668	-1
1669	0
1670	-1
1671	0
1672	0
1673	0
1674	-1
1675	0
1676	-1
1677	0
1678	-2
1679	0
1680	-2
1681	0
1682	0
1683	0
1684	0
1685	0
1686	-1
1687	0
1688	-1
1689	0
1690	0
1691	0
1692	-1
1693	0
1694	0
1695	0
1696	0
1697	0
1698	-1
1699	0
1700	0
1701	0
1702	-1
1703	0
1704	-1
1705	0
1706	0
1707	0
1708	-1
1709	0
1710	0
1711	0
1712	-1
1713	0
1714	-2
1715	0
1716	-2
1717	0
1718	-1
1719	0
1720	-1
1721	0
1722	-2
1723	0
1724	-2
1725	0
1726	0
1727	0
1728	-2
1729	0
1730	-1
1731	0
1732	-1
1733	0
1734	-1
1735	0
1736	-1
1737	1
1738	0
1739	0
1740	-1
1741	0
1742	0
1743	0
1744	0
1745	0
1746	0
1747	0
1748	0
1749	0
1750	0
1751	0
1752	0
1753	0
1754	-1
1755	0
1756	0
1757	0
1758	-1
1759	0
1760	0
1761	0
1762	0
1763	0
1764	-2
1765	0
1766	-1
1767	0
1768	-2
1769	0
1770	-1
1771	0
1772	-1
1773	1
1774	-1
1775	0
1776	-1
1777	0
1778	0
1779	0
1780	0
1781	0
1782	0
1783	0
1784	-1
1785	0
1786	-1
1787	0
1788	0
1789	0
1790	0
1791	0
1792	0
1793	0
1794	0
1795	0
1796	-2
1797	0
1798	-1
1799	0
1800	0
1801	0
1802	-1
1803	0
1804	-1
1805	0
1806	0
1807	0
1808	-2
1809	0
1810	-1
1811	0
1812	-2
1813	0
1814	-1
1815	0
1816	-1
1817	0
1818	-1
1819	0
1820	-1
1821	0
1822	0
1823	0
1824	-2
1825	0
1826	0
1827	0
1828	0
1829	0
1830	-1
1831	0
1832	0
1833	0
1834	0
1835	0
1836	-1
1837	0
1838	-1
1839	0
1840	0
1841	0
1842	-1
1843	0
1844	-2
1845	0
1846	-1
1847	0
1848	0
1849	0
1850	-1
1851	0
1852	-1
1853	0
1854	-1
1855	0
1856	-1
1857	0
1858	-1
1859	0
1860	0
1861	0
1862	-1
1863	1
1864	-1
1865	0
1866	-1
1867	0
1868	-1
1869	0
1870	-1
1871	0
1872	-1
1873	1
1874	0
1875	1
1876	0
1877	1
1878	0
1879	0
1880	0
1881	0
1882	0
1883	0
1884	0
1885	0
1886	0
1887	0
1888	0
1889	0
1890	0
1891	1
1892	0
1893	0
1894	0
1895	0
1896	-1
1897	0
1898	-1
1899	0
1900	-2
1901	0
1902	-1
1903	0
1904	-1
1905	0
1906	0
1907	0
1908	-1
1909	0
1910	0
1911	0
1912	0
1913	0
1914	-2
1915	0
1916	-1
1917	0
1918	-1
1919	0
1920	-1
1921	0
1922	-1
1923	0
1924	-1
1925	0
1926	0
1927	0
1928	-2
1929	0
1930	-1
1931	0
1932	0
1933	0
1934	-1
1935	0
1936	0
1937	0
1938	0
1939	0
1940	-1
1941	0
1942	0
1943	0
1944	0
1945	0
1946	0
1947	0
1948	-1
1949	0
1950	-1
1951	0
1952	0
1953	0
1954	0
1955	0
1956	0
1957	0
1958	0
1959	0
1960	0
1961	0
1962	0
1963	0
1964	0
1965	0
1966	0
1967	0
1968	0
1969	0
1970	0
1971	0
1972	0
1973	0
1974	0
1975	0
1976	0
1977	0
1978	-1
1979	0
1980	-2
1981	0
1982	0
1983	0
1984	0
1985	0
1986	0
1987	0
1988	0
1989	0
1990	0
1991	0
1992	0
1993	0
1994	-1
1995	0
1996	0
1997	0
1998	-1
1999	0
