0	0
1	1
2	1
3	1
4	1
5	0
6	1
7	0
8	1
9	0
10	1
11	1
12	0
13	0
14	1
15	1
16	0
17	0
18	0
19	0
20	0
21	0
22	0
23	0
24	0
25	0
26	0
27	1
28	0
29	1
30	0
31	0
32	0
33	0
34	0
35	0
36	0
37	0
38	0
39	0
40	0
41	0
42	-1
43	1
44	-1
45	0
46	0
47	1
48	0
49	1
50	0
51	1
52	0
53	0
54	1
55	0
56	0
57	1
58	1
59	1
60	0
61	2
62	0
63	1
64	0
65	1
66	0
67	1
68	0
69	1
70	1
71	1
72	0
73	0
74	0
75	1
76	0
77	0
78	0
79	0
80	0
81	0
82	-1
83	0
84	0
85	0
86	-1
87	0
88	0
89	0
90	-1
91	0
92	-2
93	0
94	-1
95	0
96	-2
97	0
98	-1
99	0
100	0
101	0
102	0
103	0
104	0
105	0
106	0
107	1
108	0
109	1
110	0
111	1
112	0
113	0
114	1
115	0
116	0
117	3
118	0
119	2
120	0
121	0
122	0
123	1
124	0
125	0
126	0
127	0
128	0
129	0
130	0
131	0
132	0
133	0
134	0
135	0
136	-1
137	0
138	-1
139	0
140	0
141	0
142	-1
143	0
144	0
145	0
146	1
147	0
148	0
149	1
150	0
151	1
152	0
153	0
154	0
155	1
156	0
157	1
158	0
159	1
160	1
161	1
162	0
163	1
164	0
165	1
166	0
167	2
168	0
169	1
170	0
171	2
172	0
173	1
174	0
175	0
176	0
177	1
178	0
179	0
180	0
181	0
182	0
183	0
184	0
185	0
186	-1
187	0
188	-2
189	0
190	-1
191	0
192	-1
193	0
194	-2
195	0
196	-2
197	0
198	-1
199	0
200	-1
201	0
202	-1
203	-1
204	-1
205	0
206	0
207	-1
208	0
209	0
210	-1
211	0
212	-1
213	0
214	-1
215	0
216	0
217	0
218	0
219	0
220	0
221	0
222	0
223	0
224	-1
225	0
226	0
227	0
228	0
229	0
230	0
231	0
232	0
233	0
234	0
235	1
236	0
237	0
238	0
239	0
240	0
241	1
242	1
243	1
244	0
245	1
246	1
247	2
248	0
249	2
250	0
251	1
252	0
253	2
254	0
255	1
256	0
257	1
258	0
259	0
260	0
261	0
262	0
263	0
264	0
265	0
266	0
267	0
268	0
269	0
270	0
271	0
272	0
273	0
274	0
275	0
276	0
277	1
278	0
279	1
280	0
281	0
282	0
283	1
284	0
285	1
286	0
287	2
288	0
289	2
290	0
291	2
292	0
293	0
294	0
295	0
296	-1
297	0
298	0
299	0
300	0
301	0
302	0
303	0
304	0
305	0
306	-1
307	0
308	0
309	0
310	0
311	0
312	0
313	0
314	0
315	0
316	-1
317	0
318	-1
319	0
320	-1
321	0
322	0
323	0
324	0
325	0
326	-1
327	0
328	-1
329	0
330	0
331	1
332	0
333	0
334	0
335	0
336	0
337	0
338	0
339	0
340	0
341	0
342	0
343	0
344	0
345	0
346	0
347	1
348	0
349	0
350	0
351	0
352	0
353	0
354	-1
355	0
356	0
357	1
358	-1
359	1
360	0
361	0
362	0
363	1
364	0
365	1
366	0
367	1
368	0
369	0
370	0
371	0
372	0
373	1
374	0
375	1
376	0
377	1
378	0
379	0
380	0
381	1
382	0
383	2
384	0
385	0
386	0
387	0
388	0
389	1
390	0
391	0
392	0
393	1
394	0
395	1
396	0
397	1
398	0
399	1
400	0
401	0
402	0
403	1
404	0
405	1
406	-1
407	1
408	0
409	0
410	0
411	0
412	0
413	0
414	-1
415	0
416	0
417	0
418	0
419	0
420	0
421	0
422	0
423	1
424	0
425	2
426	1
427	1
428	2
429	2
430	3
431	4
432	4
433	9
434	7
435	12
436	13
437	17
438	18
439	24
440	26
441	32
442	35
443	40
444	42
445	50
446	51
447	57
448	62
449	68
450	71
451	77
452	80
453	85
454	90
455	95
456	98
457	106
458	106
459	113
460	114
461	121
462	124
463	129
464	129
465	132
466	134
467	139
468	138
469	143
470	142
471	145
472	142
473	145
474	142
475	145
476	141
477	142
478	139
479	140
480	135
481	133
482	130
483	129
484	124
485	122
486	117
487	116
488	112
489	110
490	104
491	102
492	96
493	94
494	90
495	87
496	81
497	79
498	77
499	78
500	62
501	65
502	62
503	59
504	53
505	52
506	47
507	45
508	40
509	40
510	35
511	34
512	28
513	29
514	24
515	24
516	20
517	18
518	14
519	13
520	9
521	8
522	5
523	4
524	1
525	1
526	-1
527	-1
528	-4
529	-4
530	-7
531	-9
532	-11
533	-12
534	-13
535	-14
536	-17
537	-16
538	-19
539	-18
540	-22
541	-21
542	-24
543	-23
544	-24
545	-23
546	-26
547	-25
548	-27
549	-27
550	-29
551	-28
552	-30
553	-29
554	-30
555	-29
556	-32
557	-30
558	-33
559	-32
560	-33
561	-32
562	-33
563	-32
564	-32
565	-31
566	-32
567	-31
568	-32
569	-31
570	-31
571	-31
572	-32
573	-30
574	-31
575	-29
576	-31
577	-30
578	-30
579	-29
580	-29
581	-29
582	-30
583	-28
584	-30
585	-29
586	-30
587	-29
588	-29
589	-29
590	-29
591	-28
592	-29
593	-27
594	-29
595	-26
596	-27
597	-26
598	-26
599	-25
600	-26
601	-22
602	-24
603	-22
604	-23
605	-22
606	-22
607	-21
608	-22
609	-19
610	-21
611	-18
612	-19
613	-19
614	-19
615	-18
616	-19
617	-17
618	-18
619	-16
620	-16
621	-16
622	-16
623	-16
624	-16
625	-15
626	-16
627	-14
628	-16
629	-14
630	-16
631	-14
632	-16
633	-14
634	-15
635	-14
636	-14
637	-14
638	-14
639	-12
640	-12
641	-12
642	-12
643	-10
644	-12
645	-9
646	-11
647	-8
648	-12
649	-8
650	-11
651	-7
652	-10
653	-7
654	-10
655	-6
656	-9
657	-7
658	-8
659	-5
660	-8
661	-6
662	-6
663	-4
664	-6
665	-4
666	-6
667	-5
668	-5
669	-4
670	-4
671	-2
672	-5
673	-3
674	-4
675	-4
676	-5
677	-4
678	-4
679	-2
680	-4
681	-1
682	-3
683	-1
684	-4
685	-1
686	-4
687	-2
688	-4
689	-1
690	-3
691	-1
692	-2
693	-2
694	-2
695	0
696	-3
697	0
698	-4
699	0
700	-2
701	-1
702	-1
703	0
704	-3
705	0
706	-3
707	0
708	-2
709	-1
710	-3
711	-2
712	-3
713	-2
714	-3
715	-1
716	-3
717	0
718	-3
719	0
720	-3
721	-1
722	-3
723	-1
724	-3
725	-1
726	-3
727	-2
728	-4
729	-1
730	-2
731	-2
732	-2
733	-1
734	-2
735	-2
736	-3
737	-2
738	-3
739	-2
740	-4
741	-2
742	-3
743	-2
744	-2
745	-1
746	-3
747	-3
748	-3
749	-2
750	-4
751	-2
752	-3
753	-2
754	-2
755	-3
756	-3
757	-2
758	-4
759	-2
760	-3
761	-1
762	-3
763	0
764	-2
765	-1
766	-2
767	-2
768	-2
769	-1
770	-1
771	-2
772	-2
773	-2
774	-4
775	-1
776	-2
777	0
778	-2
779	-1
780	-3
781	0
782	-2
783	0
784	-3
785	-1
786	-4
787	-2
788	-2
789	-1
790	-3
791	-1
792	-2
793	0
794	-3
795	-1
796	-2
797	-2
798	-2
799	-1
800	-3
801	-1
802	-2
803	-1
804	-3
805	0
806	-3
807	-1
808	-2
809	0
810	-2
811	0
812	-2
813	0
814	0
815	0
816	-2
817	0
818	-1
819	0
820	-3
821	0
822	-3
823	-2
824	-1
825	-1
826	-1
827	0
828	-1
829	0
830	-2
831	0
832	-2
833	-1
834	0
835	0
836	-1
837	0
838	-1
839	0
840	-3
841	0
842	-1
843	-1
844	-1
845	-1
846	-2
847	0
848	-3
849	-1
850	-4
851	-3
852	-4
853	-3
854	-3
855	-3
856	-4
857	-2
858	-2
859	-1
860	-3
861	-1
862	-4
863	-2
864	-5
865	0
866	-4
867	-1
868	-4
869	-2
870	-4
871	-2
872	-3
873	-1
874	-2
875	-1
876	-3
877	-2
878	-2
879	-1
880	-3
881	-1
882	-2
883	0
884	-3
885	-1
886	-2
887	-2
888	-3
889	0
890	-2
891	0
892	-2
893	0
894	-1
895	0
896	-3
897	0
898	-3
899	0
900	-1
901	0
902	-1
903	0
904	-1
905	0
906	-1
907	1
908	0
909	0
910	0
911	1
912	0
913	1
914	0
915	1
916	0
917	3
918	0
919	2
920	2
921	3
922	1
923	2
924	1
925	3
926	1
927	4
928	1
929	3
930	1
931	3
932	1
933	2
934	1
935	1
936	0
937	0
938	0
939	1
940	0
941	1
942	0
943	0
944	-1
945	0
946	-1
947	1
948	0
949	0
950	-1
951	0
952	0
953	0
954	-2
955	-2
956	-2
957	-1
958	-1
959	-1
960	-2
961	-2
962	-2
963	-1
964	-3
965	-1
966	-2
967	0
968	-2
969	0
970	-1
971	0
972	-1
973	0
974	-1
975	0
976	0
977	0
978	-1
979	-1
980	-1
981	-1
982	-1
983	0
984	-1
985	0
986	-2
987	0
988	-1
989	-2
990	-1
991	-1
992	-3
993	-1
994	-3
995	-1
996	-2
997	0
998	-2
999	-2
1000	-3
1001	-1
1002	-3
1003	-2
1004	-4
1005	-2
1006	-4
1007	-3
1008	-4
1009	-2
1010	-3
1011	-2
1012	-4
1013	-2
1014	-4
1015	-4
1016	-3
1017	-2
1018	-3
1019	-2
1020	-3
1021	-2
1022	-3
1023	-2
1024	-2
1025	-1
1026	-3
1027	-2
1028	-4
1029	-2
1030	-2
1031	-1
1032	-2
1033	-1
1034	-1
1035	-2
1036	-3
1037	-2
1038	-3
1039	-2
1040	-3
1041	-2
1042	-3
1043	-1
1044	-2
1045	-1
1046	-3
1047	-1
1048	-4
1049	-2
1050	-4
1051	-2
1052	-3
1053	-2
1054	-3
1055	-2
1056	-2
1057	-2
1058	-3
1059	-3
1060	-3
1061	-2
1062	-4
1063	-2
1064	-2
1065	-1
1066	-2
1067	-2
1068	-4
1069	-2
1070	-3
1071	-1
1072	-2
1073	-2
1074	-3
1075	-1
1076	-2
1077	-2
1078	-4
1079	0
1080	-2
1081	0
1082	-1
1083	0
1084	-2
1085	0
1086	-1
1087	0
1088	0
1089	-1
1090	-1
1091	0
1092	0
1093	0
1094	-1
1095	0
1096	-1
1097	0
1098	-1
1099	0
1100	-1
1101	-1
1102	-1
1103	0
1104	-1
1105	0
1106	-1
1107	0
1108	-1
1109	0
1110	-1
1111	0
1112	-2
1113	0
1114	-3
1115	0
1116	-2
1117	-1
1118	-4
1119	-1
1120	-3
1121	-1
1122	-2
1123	0
1124	-3
1125	-1
1126	-3
1127	-1
1128	-2
1129	0
1130	-2
1131	0
1132	-2
1133	0
1134	-3
1135	-1
1136	-2
1137	-1
1138	-2
1139	-1
1140	-3
1141	0
1142	-2
1143	-1
1144	-1
1145	0
1146	-2
1147	-1
1148	-3
1149	0
1150	-1
1151	0
1152	-3
1153	0
1154	-3
1155	-1
1156	-2
1157	0
1158	-2
1159	0
1160	-3
1161	-1
1162	-4
1163	-1
1164	-4
1165	-2
1166	-3
1167	-1
1168	-3
1169	-1
1170	-3
1171	0
1172	-2
1173	0
1174	-2
1175	0
1176	-2
1177	0
1178	-1
1179	0
1180	0
1181	0
1182	-1
1183	0
1184	0
1185	0
1186	0
1187	0
1188	0
1189	0
1190	-1
1191	0
1192	0
1193	0
1194	0
1195	0
1196	0
1197	0
1198	0
1199	1
1200	0
1201	1
1202	0
1203	0
1204	0
1205	1
1206	1
1207	1
1208	0
1209	2
1210	0
1211	3
1212	2
1213	3
1214	1
1215	3
1216	1
1217	2
1218	3
1219	3
1220	3
1221	4
1222	2
1223	4
1224	3
1225	5
1226	2
1227	5
1228	3
1229	4
1230	4
1231	6
1232	4
1233	7
1234	5
1235	6
1236	5
1237	8
1238	5
1239	7
1240	6
1241	7
1242	6
1243	6
1244	7
1245	7
1246	5
1247	7
1248	5
1249	6
1250	6
1251	6
1252	4
1253	6
1254	4
1255	4
1256	4
1257	4
1258	3
1259	4
1260	1
1261	4
1262	2
1263	3
1264	2
1265	3
1266	0
1267	2
1268	1
1269	1
1270	0
1271	1
1272	0
1273	1
1274	0
1275	0
1276	-1
1277	0
1278	-2
1279	0
1280	0
1281	0
1282	-1
1283	0
1284	-1
1285	0
1286	-1
1287	0
1288	-2
1289	0
1290	-2
1291	-1
1292	-4
1293	-2
1294	-4
1295	-2
1296	-3
1297	-2
1298	-4
1299	-2
1300	-4
1301	-2
1302	-3
1303	-1
1304	-4
1305	-2
1306	-3
1307	-3
1308	-4
1309	-3
1310	-4
1311	-3
1312	-4
1313	-4
1314	-3
1315	-3
1316	-4
1317	-2
1318	-3
1319	-3
1320	-3
1321	-3
1322	-4
1323	-3
1324	-3
1325	-1
1326	-4
1327	-2
1328	-2
1329	0
1330	-3
1331	-1
1332	-2
1333	-1
1334	0
1335	0
1336	0
1337	0
1338	0
1339	0
1340	-1
1341	0
1342	-2
1343	-1
1344	0
1345	0
1346	-1
1347	1
1348	-1
1349	0
1350	-1
1351	0
1352	-1
1353	0
1354	-1
1355	0
1356	-1
1357	0
1358	-1
1359	0
1360	0
1361	0
1362	0
1363	0
1364	-1
1365	1
1366	-1
1367	1
1368	-2
1369	0
1370	-2
1371	0
1372	0
1373	0
1374	-1
1375	0
1376	0
1377	0
1378	-1
1379	0
1380	-2
1381	0
1382	-1
1383	-1
1384	-2
1385	-1
1386	-1
1387	0
1388	-2
1389	0
1390	-3
1391	-2
1392	-2
1393	-1
1394	-1
1395	0
1396	-1
1397	-1
1398	-1
1399	-1
1400	-2
1401	-1
1402	-1
1403	0
1404	-2
1405	-1
1406	-1
1407	0
1408	-1
1409	-1
1410	-1
1411	-1
1412	-1
1413	-1
1414	-2
1415	0
1416	-2
1417	0
1418	-1
1419	0
1420	-2
1421	-1
1422	-1
1423	-1
1424	-2
1425	0
1426	-3
1427	-1
1428	-1
1429	0
1430	-3
1431	-2
1432	-3
1433	-3
1434	-3
1435	-2
1436	-4
1437	-3
1438	-4
1439	-2
1440	-4
1441	-3
1442	-4
1443	-3
1444	-4
1445	-3
1446	-4
1447	-3
1448	-4
1449	-3
1450	-4
1451	-3
1452	-2
1453	-3
1454	-2
1455	-1
1456	-2
1457	-1
1458	-2
1459	-1
1460	-2
1461	-2
1462	-2
1463	-1
1464	-2
1465	0
1466	-1
1467	-1
1468	-1
1469	0
1470	-1
1471	-1
1472	-1
1473	-1
1474	-1
1475	0
1476	-1
1477	0
1478	-3
1479	-1
1480	-2
1481	0
1482	-2
1483	0
1484	0
1485	0
1486	-1
1487	0
1488	0
1489	0
1490	0
1491	1
1492	0
1493	1
1494	0
1495	3
1496	1
1497	3
1498	2
1499	2
1500	3
1501	3
1502	3
1503	4
1504	5
1505	5
1506	4
1507	5
1508	3
1509	6
1510	5
1511	7
1512	5
1513	7
1514	5
1515	7
1516	6
1517	7
1518	4
1519	6
1520	4
1521	6
1522	4
1523	4
1524	4
1525	4
1526	4
1527	4
1528	3
1529	4
1530	2
1531	4
1532	2
1533	4
1534	1
1535	1
1536	2
1537	0
1538	0
1539	1
1540	0
1541	2
1542	0
1543	2
1544	0
1545	0
1546	0
1547	0
1548	0
1549	1
1550	0
1551	0
1552	0
1553	1
1554	0
1555	0
1556	-1
1557	0
1558	-1
1559	0
1560	-1
1561	-1
1562	-2
1563	0
1564	-2
1565	-1
1566	-2
1567	-2
1568	-3
1569	-1
1570	-3
1571	0
1572	-2
1573	-2
1574	-3
1575	-1
1576	-2
1577	-2
1578	-4
1579	-1
1580	-4
1581	-2
1582	-4
1583	-1
1584	-3
1585	-1
1586	-4
1587	-2
1588	-3
1589	0
1590	-2
1591	0
1592	-1
1593	0
1594	0
1595	0
1596	-1
1597	0
1598	-1
1599	0
1600	-1
1601	0
1602	-1
1603	0
1604	-2
1605	-1
1606	-1
1607	-1
1608	-2
1609	-2
1610	-2
1611	-1
1612	-4
1613	-2
1614	-3
1615	-2
1616	-4
1617	-3
1618	-4
1619	-4
1620	-4
1621	-3
1622	-4
1623	-3
1624	-4
1625	-2
1626	-4
1627	-3
1628	-3
1629	-2
1630	-2
1631	-2
1632	-1
1633	-3
1634	-3
1635	-2
1636	-2
1637	-3
1638	-2
1639	-2
1640	-1
1641	-1
1642	-1
1643	-1
1644	-2
1645	-1
1646	-1
1647	0
1648	-2
1649	0
1650	-2
1651	0
1652	-1
1653	-1
1654	-1
1655	0
1656	-2
1657	-1
1658	-1
1659	0
1660	-1
1661	0
1662	-1
1663	-1
1664	-2
1665	0
1666	-1
1667	0
1668	-1
1669	-1
1670	-2
1671	-1
1672	-1
1673	-1
1674	-2
1675	-2
1676	-3
1677	-1
1678	-3
1679	-1
1680	-2
1681	0
1682	-2
1683	-1
1684	-2
1685	-1
1686	-1
1687	0
1688	-1
1689	-1
1690	-2
1691	0
1692	-1
1693	0
1694	-1
1695	0
1696	-1
1697	-1
1698	-1
1699	0
1700	-2
1701	0
1702	-1
1703	-1
1704	-2
1705	0
1706	0
1707	-1
1708	0
1709	-1
1710	-1
1711	-1
1712	-2
1713	-1
1714	-1
1715	-1
1716	-2
1717	-1
1718	0
1719	-1
1720	-1
1721	0
1722	0
1723	0
1724	0
1725	-1
1726	-1
1727	0
1728	-1
1729	0
1730	-1
1731	0
1732	-1
1733	0
1734	-1
1735	0
1736	-1
1737	0
1738	-1
1739	0
1740	-2
1741	0
1742	-1
1743	0
1744	-1
1745	0
1746	-1
1747	-1
1748	-1
1749	0
1750	-2
1751	0
1752	-2
1753	0
1754	-2
1755	-1
1756	-2
1757	0
1758	-2
1759	0
1760	-1
1761	0
1762	-2
1763	0
1764	-1
1765	-1
1766	-1
1767	0
1768	-2
1769	0
1770	-1
1771	0
1772	0
1773	0
1774	0
1775	0
1776	0
1777	0
1778	0
1779	0
1780	0
1781	1
1782	0
1783	0
1784	0
1785	0
1786	-1
1787	0
1788	-1
1789	0
1790	-1
1791	0
1792	-1
1793	0
1794	0
1795	-1
1796	-2
1797	0
1798	0
1799	0
1800	0
1801	0
1802	-2
1803	0
1804	-1
1805	0
1806	0
1807	0
1808	0
1809	1
1810	0
1811	1
1812	0
1813	0
1814	0
1815	0
1816	1
1817	0
1818	1
1819	2
1820	0
1821	3
1822	0
1823	1
1824	0
1825	2
1826	0
1827	2
1828	0
1829	2
1830	0
1831	3
1832	0
1833	2
1834	1
1835	2
1836	1
1837	2
1838	1
1839	2
1840	0
1841	1
1842	0
1843	2
1844	0
1845	1
1846	0
1847	2
1848	1
1849	2
1850	0
1851	1
1852	0
1853	2
1854	-1
1855	0
1856	0
1857	0
1858	0
1859	1
1860	0
1861	0
1862	0
1863	0
1864	0
1865	0
1866	-2
1867	0
1868	-1
1869	1
1870	0
1871	1
1872	0
1873	1
1874	0
1875	0
1876	0
1877	1
1878	-2
1879	0
1880	-1
1881	0
1882	0
1883	0
1884	-1
1885	0
1886	-1
1887	0
1888	-1
1889	0
1890	0
1891	1
1892	0
1893	0
1894	0
1895	0
1896	0
1897	1
1898	1
1899	2
1900	2
1901	2
1902	0
1903	1
1904	0
1905	2
1906	0
1907	2
1908	1
1909	2
1910	0
1911	2
1912	1
1913	2
1914	0
1915	1
1916	2
1917	1
1918	0
1919	0
1920	0
1921	0
1922	0
1923	0
1924	0
1925	0
1926	0
1927	0
1928	0
1929	0
1930	0
1931	0
1932	-1
1933	0
1934	-1
1935	0
1936	0
1937	0
1938	-1
1939	-1
1940	0
1941	0
1942	-2
1943	0
1944	-1
1945	0
1946	-1
1947	0
1948	-2
1949	0
1950	0
1951	0
1952	-1
1953	0
1954	-2
1955	0
1956	-2
1957	0
1958	-1
1959	0
1960	-1
1961	0
1962	-1
1963	0
1964	-2
1965	-1
1966	-2
1967	0
1968	-2
1969	0
1970	-1
1971	0
1972	-1
1973	0
1974	-2
1975	0
1976	-1
1977	-1
1978	-1
1979	-1
1980	-1
1981	-1
1982	-1
1983	-2
1984	-2
1985	0
1986	-2
1987	-1
1988	-2
1989	-1
1990	-2
1991	-1
1992	-2
1993	-1
1994	-2
1995	-1
1996	-2
1997	0
1998	-2
1999	-1
