0	0
1	1
2	0
3	0
4	0
5	0
6	0
7	0
8	0
9	0
10	0
11	0
12	0
13	0
14	0
15	0
16	0
17	2
18	0
19	0
20	0
21	1
22	0
23	0
24	0
25	1
26	0
27	2
28	0
29	1
30	0
31	1
32	0
33	0
34	0
35	0
36	0
37	1
38	0
39	1
40	0
41	1
42	0
43	1
44	0
45	1
46	0
47	1
48	0
49	1
50	0
51	1
52	0
53	0
54	0
55	0
56	0
57	0
58	0
59	1
60	0
61	1
62	0
63	2
64	0
65	1
66	0
67	0
68	0
69	1
70	0
71	0
72	0
73	0
74	0
75	0
76	0
77	1
78	0
79	1
80	0
81	0
82	0
83	1
84	0
85	1
86	0
87	1
88	0
89	2
90	0
91	1
92	0
93	1
94	0
95	2
96	0
97	1
98	0
99	1
100	0
101	0
102	0
103	0
104	-1
105	0
106	0
107	1
108	0
109	0
110	0
111	1
112	0
113	1
114	0
115	0
116	0
117	0
118	0
119	0
120	0
121	0
122	0
123	1
124	0
125	0
126	0
127	0
128	0
129	0
130	0
131	1
132	-1
133	1
134	0
135	0
136	0
137	1
138	0
139	0
140	0
141	1
142	0
143	0
144	0
145	0
146	0
147	2
148	0
149	2
150	0
151	1
152	0
153	2
154	0
155	1
156	0
157	1
158	0
159	0
160	0
161	0
162	0
163	1
164	0
165	1
166	0
167	1
168	0
169	0
170	0
171	1
172	0
173	0
174	0
175	0
176	0
177	0
178	0
179	1
180	0
181	1
182	0
183	1
184	0
185	2
186	0
187	1
188	0
189	2
190	0
191	0
192	0
193	1
194	0
195	0
196	0
197	0
198	0
199	0
200	0
201	0
202	0
203	0
204	0
205	0
206	0
207	0
208	0
209	1
210	0
211	0
212	0
213	0
214	0
215	1
216	0
217	1
218	0
219	1
220	0
221	0
222	0
223	1
224	0
225	0
226	0
227	0
228	0
229	0
230	0
231	0
232	0
233	0
234	0
235	0
236	0
237	0
238	0
239	0
240	-1
241	0
242	0
243	0
244	0
245	0
246	0
247	1
248	0
249	1
250	0
251	1
252	0
253	0
254	0
255	0
256	0
257	0
258	0
259	0
260	0
261	0
262	0
263	1
264	0
265	1
266	0
267	0
268	0
269	0
270	0
271	1
272	0
273	0
274	0
275	0
276	0
277	0
278	0
279	1
280	0
281	1
282	0
283	1
284	0
285	1
286	0
287	1
288	0
289	0
290	0
291	0
292	0
293	0
294	0
295	1
296	0
297	2
298	0
299	1
300	0
301	1
302	0
303	0
304	0
305	1
306	0
307	0
308	0
309	0
310	0
311	0
312	0
313	0
314	0
315	0
316	0
317	0
318	0
319	0
320	0
321	0
322	0
323	1
324	0
325	0
326	0
327	0
328	-1
329	0
330	0
331	0
332	0
333	1
334	-1
335	1
336	0
337	0
338	0
339	1
340	0
341	2
342	0
343	1
344	0
345	1
346	0
347	0
348	0
349	0
350	0
351	0
352	0
353	1
354	0
355	0
356	0
357	0
358	0
359	0
360	0
361	0
362	0
363	0
364	0
365	0
366	0
367	0
368	0
369	0
370	-1
371	0
372	0
373	0
374	0
375	0
376	0
377	0
378	0
379	0
380	0
381	0
382	0
383	1
384	0
385	1
386	0
387	0
388	0
389	1
390	0
391	1
392	0
393	1
394	0
395	1
396	0
397	0
398	0
399	0
400	0
401	0
402	0
403	0
404	0
405	0
406	0
407	0
408	0
409	0
410	0
411	0
412	0
413	1
414	0
415	0
416	0
417	0
418	0
419	1
420	0
421	0
422	0
423	0
424	0
425	1
426	0
427	2
428	0
429	2
430	0
431	1
432	0
433	1
434	0
435	1
436	0
437	1
438	0
439	0
440	0
441	0
442	0
443	1
444	0
445	1
446	0
447	1
448	0
449	1
450	0
451	2
452	1
453	2
454	2
455	4
456	4
457	5
458	5
459	7
460	8
461	10
462	10
463	14
464	13
465	17
466	16
467	19
468	20
469	24
470	23
471	26
472	26
473	32
474	29
475	36
476	33
477	40
478	38
479	44
480	43
481	48
482	47
483	53
484	52
485	56
486	56
487	61
488	56
489	64
490	60
491	65
492	63
493	68
494	66
495	70
496	69
497	70
498	71
499	78
500	62
501	74
502	67
503	73
504	68
505	71
506	68
507	71
508	67
509	69
510	64
511	66
512	62
513	64
514	60
515	62
516	58
517	61
518	54
519	56
520	53
521	53
522	49
523	51
524	46
525	49
526	44
527	46
528	41
529	43
530	38
531	39
532	35
533	35
534	32
535	34
536	29
537	31
538	26
539	30
540	24
541	27
542	22
543	25
544	21
545	24
546	19
547	23
548	16
549	20
550	14
551	17
552	11
553	17
554	11
555	14
556	9
557	13
558	8
559	11
560	7
561	11
562	6
563	8
564	4
565	8
566	5
567	7
568	4
569	6
570	3
571	7
572	2
573	4
574	1
575	6
576	1
577	3
578	1
579	2
580	0
581	1
582	0
583	1
584	0
585	0
586	0
587	1
588	0
589	1
590	0
591	0
592	0
593	0
594	0
595	0
596	0
597	0
598	0
599	0
600	-3
601	0
602	-1
603	0
604	-2
605	0
606	-2
607	0
608	0
609	0
610	0
611	0
612	0
613	0
614	-1
615	0
616	-1
617	0
618	0
619	0
620	-1
621	0
622	-1
623	0
624	-2
625	0
626	-1
627	0
628	-2
629	0
630	-2
631	0
632	-1
633	0
634	-1
635	0
636	0
637	0
638	-1
639	0
640	0
641	0
642	-1
643	0
644	-3
645	0
646	-1
647	0
648	-1
649	0
650	0
651	0
652	0
653	0
654	-1
655	0
656	0
657	0
658	0
659	0
660	0
661	0
662	0
663	0
664	0
665	0
666	0
667	0
668	0
669	0
670	0
671	0
672	0
673	0
674	0
675	0
676	-1
677	0
678	-1
679	0
680	0
681	0
682	-1
683	0
684	-1
685	0
686	0
687	0
688	0
689	0
690	0
691	0
692	0
693	0
694	0
695	0
696	-1
697	0
698	-1
699	0
700	-1
701	0
702	0
703	0
704	0
705	0
706	-1
707	0
708	0
709	0
710	0
711	1
712	0
713	0
714	0
715	0
716	0
717	1
718	-1
719	1
720	0
721	1
722	0
723	1
724	0
725	0
726	0
727	1
728	0
729	0
730	0
731	1
732	0
733	0
734	0
735	0
736	-1
737	0
738	0
739	0
740	0
741	0
742	0
743	0
744	-1
745	0
746	0
747	0
748	0
749	0
750	-1
751	0
752	-1
753	0
754	0
755	0
756	-1
757	0
758	0
759	0
760	-1
761	0
762	0
763	0
764	-1
765	0
766	0
767	0
768	-1
769	0
770	0
771	0
772	0
773	0
774	0
775	0
776	0
777	0
778	0
779	0
780	0
781	0
782	-1
783	0
784	0
785	0
786	-1
787	0
788	0
789	0
790	-1
791	0
792	-1
793	0
794	-1
795	0
796	-1
797	0
798	-1
799	0
800	-2
801	0
802	-1
803	0
804	0
805	1
806	0
807	1
808	-1
809	0
810	-1
811	0
812	0
813	0
814	0
815	0
816	0
817	0
818	0
819	0
820	-1
821	0
822	0
823	0
824	0
825	0
826	0
827	0
828	0
829	0
830	-1
831	0
832	-2
833	0
834	-2
835	0
836	-2
837	0
838	-1
839	0
840	-1
841	0
842	-1
843	0
844	-1
845	0
846	0
847	0
848	0
849	0
850	0
851	0
852	0
853	0
854	0
855	0
856	0
857	0
858	0
859	0
860	0
861	0
862	0
863	1
864	0
865	1
866	0
867	0
868	0
869	1
870	0
871	0
872	0
873	1
874	0
875	1
876	0
877	1
878	0
879	0
880	0
881	1
882	0
883	1
884	0
885	1
886	0
887	1
888	0
889	1
890	0
891	2
892	0
893	1
894	0
895	1
896	0
897	2
898	0
899	2
900	0
901	1
902	0
903	1
904	0
905	0
906	0
907	1
908	0
909	1
910	0
911	2
912	0
913	1
914	0
915	1
916	0
917	0
918	0
919	0
920	0
921	0
922	0
923	0
924	0
925	0
926	0
927	1
928	0
929	1
930	0
931	0
932	0
933	0
934	-1
935	0
936	-2
937	0
938	-1
939	1
940	0
941	0
942	-1
943	0
944	0
945	0
946	0
947	0
948	0
949	0
950	0
951	0
952	0
953	0
954	0
955	0
956	0
957	0
958	0
959	0
960	0
961	0
962	-1
963	0
964	-1
965	0
966	0
967	0
968	-1
969	0
970	-1
971	0
972	0
973	0
974	-2
975	0
976	-1
977	1
978	0
979	0
980	0
981	0
982	0
983	0
984	0
985	0
986	0
987	0
988	0
989	0
990	-1
991	0
992	0
993	0
994	0
995	0
996	0
997	0
998	0
999	0
1000	0
1001	0
1002	0
1003	0
1004	-1
1005	0
1006	0
1007	0
1008	0
1009	0
1010	-1
1011	0
1012	-1
1013	0
1014	0
1015	0
1016	-1
1017	0
1018	0
1019	0
1020	-1
1021	0
1022	-1
1023	0
1024	-1
1025	0
1026	-1
1027	0
1028	-1
1029	0
1030	-2
1031	0
1032	0
1033	0
1034	-1
1035	0
1036	-1
1037	0
1038	0
1039	0
1040	-1
1041	0
1042	0
1043	0
1044	-1
1045	0
1046	-1
1047	0
1048	-1
1049	0
1050	-1
1051	0
1052	0
1053	0
1054	-1
1055	0
1056	-1
1057	0
1058	-1
1059	0
1060	-1
1061	0
1062	-1
1063	0
1064	-1
1065	0
1066	-1
1067	0
1068	-1
1069	0
1070	0
1071	0
1072	-1
1073	0
1074	-1
1075	0
1076	0
1077	0
1078	0
1079	0
1080	0
1081	0
1082	-1
1083	0
1084	0
1085	0
1086	0
1087	1
1088	0
1089	0
1090	0
1091	0
1092	0
1093	0
1094	-1
1095	0
1096	0
1097	1
1098	0
1099	0
1100	-1
1101	0
1102	-1
1103	0
1104	-1
1105	0
1106	-2
1107	0
1108	0
1109	0
1110	-1
1111	0
1112	-1
1113	0
1114	0
1115	0
1116	-1
1117	0
1118	-1
1119	0
1120	-1
1121	0
1122	-1
1123	0
1124	0
1125	0
1126	-2
1127	0
1128	-2
1129	0
1130	-1
1131	0
1132	-1
1133	0
1134	0
1135	0
1136	-2
1137	0
1138	-1
1139	0
1140	-1
1141	0
1142	-1
1143	0
1144	-1
1145	0
1146	0
1147	0
1148	-2
1149	0
1150	-1
1151	0
1152	-1
1153	0
1154	-1
1155	0
1156	-1
1157	0
1158	-1
1159	0
1160	-1
1161	0
1162	-1
1163	0
1164	-2
1165	0
1166	-1
1167	0
1168	0
1169	0
1170	-1
1171	0
1172	-1
1173	0
1174	0
1175	0
1176	0
1177	0
1178	-1
1179	0
1180	0
1181	0
1182	0
1183	0
1184	0
1185	0
1186	0
1187	0
1188	-1
1189	0
1190	-1
1191	0
1192	-1
1193	0
1194	0
1195	0
1196	-1
1197	0
1198	-1
1199	0
1200	-1
1201	0
1202	-1
1203	0
1204	0
1205	0
1206	-1
1207	0
1208	-1
1209	0
1210	0
1211	0
1212	-1
1213	0
1214	-1
1215	0
1216	0
1217	0
1218	0
1219	0
1220	0
1221	0
1222	-1
1223	0
1224	0
1225	0
1226	0
1227	0
1228	0
1229	0
1230	-1
1231	0
1232	0
1233	0
1234	0
1235	0
1236	0
1237	0
1238	0
1239	0
1240	-1
1241	0
1242	-2
1243	0
1244	-1
1245	0
1246	-1
1247	0
1248	-2
1249	0
1250	0
1251	0
1252	0
1253	0
1254	-2
1255	0
1256	-1
1257	0
1258	-1
1259	0
1260	-1
1261	0
1262	-2
1263	0
1264	-1
1265	0
1266	-1
1267	0
1268	0
1269	0
1270	0
1271	0
1272	0
1273	0
1274	0
1275	0
1276	0
1277	0
1278	0
1279	0
1280	-1
1281	0
1282	0
1283	0
1284	-1
1285	0
1286	-1
1287	0
1288	0
1289	0
1290	-1
1291	0
1292	-1
1293	0
1294	-1
1295	0
1296	0
1297	0
1298	-1
1299	0
1300	-1
1301	0
1302	-1
1303	0
1304	-1
1305	0
1306	0
1307	0
1308	-1
1309	0
1310	-1
1311	1
1312	0
1313	0
1314	0
1315	1
1316	0
1317	1
1318	0
1319	1
1320	0
1321	1
1322	0
1323	1
1324	0
1325	1
1326	0
1327	2
1328	0
1329	2
1330	0
1331	1
1332	0
1333	2
1334	0
1335	1
1336	1
1337	1
1338	0
1339	1
1340	0
1341	1
1342	0
1343	1
1344	0
1345	1
1346	0
1347	1
1348	0
1349	0
1350	-1
1351	0
1352	0
1353	0
1354	-1
1355	0
1356	-1
1357	0
1358	0
1359	0
1360	-1
1361	1
1362	0
1363	0
1364	-1
1365	0
1366	0
1367	0
1368	0
1369	1
1370	0
1371	1
1372	0
1373	0
1374	0
1375	0
1376	0
1377	0
1378	0
1379	0
1380	0
1381	0
1382	0
1383	0
1384	-2
1385	0
1386	-2
1387	0
1388	-2
1389	0
1390	-3
1391	0
1392	-2
1393	0
1394	-2
1395	0
1396	-2
1397	0
1398	-3
1399	0
1400	0
1401	0
1402	-1
1403	0
1404	-1
1405	0
1406	0
1407	0
1408	-1
1409	0
1410	0
1411	0
1412	-1
1413	0
1414	-1
1415	0
1416	-1
1417	0
1418	-1
1419	0
1420	0
1421	0
1422	-1
1423	0
1424	0
1425	0
1426	-1
1427	0
1428	0
1429	0
1430	0
1431	0
1432	0
1433	0
1434	0
1435	0
1436	0
1437	0
1438	0
1439	0
1440	0
1441	0
1442	0
1443	0
1444	-1
1445	0
1446	-1
1447	0
1448	-1
1449	0
1450	-1
1451	0
1452	0
1453	0
1454	-1
1455	0
1456	-2
1457	0
1458	0
1459	0
1460	-1
1461	0
1462	-1
1463	0
1464	0
1465	0
1466	0
1467	0
1468	0
1469	0
1470	-1
1471	0
1472	0
1473	0
1474	0
1475	0
1476	-1
1477	0
1478	-2
1479	0
1480	-2
1481	1
1482	0
1483	0
1484	-1
1485	0
1486	0
1487	0
1488	0
1489	0
1490	-1
1491	0
1492	-2
1493	0
1494	0
1495	0
1496	0
1497	0
1498	0
1499	0
1500	0
1501	0
1502	-1
1503	0
1504	-1
1505	0
1506	-1
1507	0
1508	-1
1509	0
1510	-2
1511	0
1512	-3
1513	0
1514	-2
1515	0
1516	-2
1517	0
1518	-1
1519	0
1520	-2
1521	0
1522	-1
1523	0
1524	-1
1525	0
1526	-2
1527	0
1528	-1
1529	0
1530	-1
1531	0
1532	-1
1533	0
1534	-1
1535	0
1536	-1
1537	0
1538	-1
1539	0
1540	-1
1541	0
1542	-1
1543	0
1544	0
1545	0
1546	0
1547	0
1548	0
1549	0
1550	0
1551	0
1552	0
1553	0
1554	0
1555	0
1556	-1
1557	0
1558	0
1559	0
1560	0
1561	0
1562	0
1563	0
1564	0
1565	0
1566	-1
1567	0
1568	0
1569	0
1570	0
1571	0
1572	-1
1573	0
1574	0
1575	0
1576	-1
1577	0
1578	0
1579	0
1580	0
1581	0
1582	0
1583	0
1584	0
1585	0
1586	-1
1587	0
1588	-1
1589	0
1590	-1
1591	0
1592	0
1593	0
1594	-1
1595	0
1596	-1
1597	0
1598	-1
1599	0
1600	-1
1601	-1
1602	-1
1603	0
1604	-1
1605	-1
1606	-2
1607	-1
1608	-1
1609	0
1610	-1
1611	0
1612	0
1613	0
1614	0
1615	0
1616	-1
1617	0
1618	-1
1619	0
1620	0
1621	0
1622	0
1623	0
1624	0
1625	0
1626	0
1627	0
1628	0
1629	0
1630	0
1631	1
1632	0
1633	0
1634	0
1635	0
1636	0
1637	0
1638	-1
1639	0
1640	0
1641	0
1642	-2
1643	0
1644	0
1645	0
1646	0
1647	0
1648	-1
1649	0
1650	-2
1651	0
1652	-1
1653	0
1654	-1
1655	0
1656	-2
1657	0
1658	-1
1659	0
1660	-2
1661	0
1662	-1
1663	0
1664	-1
1665	0
1666	-1
1667	0
1668	-1
1669	0
1670	-1
1671	0
1672	-1
1673	0
1674	0
1675	0
1676	0
1677	0
1678	0
1679	0
1680	0
1681	0
1682	-1
1683	0
1684	-1
1685	0
1686	0
1687	0
1688	-1
1689	0
1690	-1
1691	0
1692	-1
1693	0
1694	-1
1695	0
1696	-1
1697	0
1698	-1
1699	0
1700	0
1701	0
1702	0
1703	0
1704	0
1705	0
1706	0
1707	0
1708	0
1709	0
1710	0
1711	0
1712	0
1713	0
1714	0
1715	0
1716	0
1717	0
1718	0
1719	0
1720	0
1721	0
1722	-1
1723	0
1724	0
1725	0
1726	0
1727	0
1728	-1
1729	0
1730	0
1731	0
1732	0
1733	0
1734	0
1735	0
1736	0
1737	0
1738	-1
1739	0
1740	0
1741	0
1742	-1
1743	0
1744	-1
1745	0
1746	0
1747	0
1748	-1
1749	0
1750	-1
1751	0
1752	0
1753	0
1754	0
1755	0
1756	0
1757	0
1758	0
1759	0
1760	0
1761	0
1762	0
1763	0
1764	0
1765	0
1766	-1
1767	0
1768	-1
1769	0
1770	-1
1771	0
1772	-1
1773	0
1774	-1
1775	0
1776	-1
1777	0
1778	-1
1779	0
1780	0
1781	0
1782	-1
1783	0
1784	0
1785	0
1786	-1
1787	0
1788	-1
1789	0
1790	-1
1791	0
1792	-1
1793	0
1794	-2
1795	0
1796	0
1797	0
1798	0
1799	0
1800	0
1801	0
1802	0
1803	0
1804	0
1805	0
1806	0
1807	0
1808	0
1809	1
1810	0
1811	1
1812	-1
1813	0
1814	0
1815	0
1816	0
1817	0
1818	-1
1819	1
1820	0
1821	0
1822	0
1823	0
1824	0
1825	0
1826	0
1827	1
1828	0
1829	0
1830	-1
1831	0
1832	-1
1833	0
1834	0
1835	0
1836	0
1837	0
1838	0
1839	0
1840	0
1841	0
1842	0
1843	0
1844	0
1845	0
1846	0
1847	0
1848	0
1849	0
1850	0
1851	0
1852	0
1853	0
1854	-1
1855	0
1856	0
1857	0
1858	-1
1859	0
1860	0
1861	0
1862	-1
1863	0
1864	0
1865	0
1866	-1
1867	0
1868	0
1869	0
1870	0
1871	0
1872	0
1873	0
1874	0
1875	0
1876	0
1877	0
1878	-1
1879	0
1880	0
1881	0
1882	0
1883	0
1884	-1
1885	0
1886	0
1887	0
1888	-1
1889	0
1890	-2
1891	0
1892	-2
1893	0
1894	-1
1895	0
1896	-1
1897	0
1898	0
1899	0
1900	-1
1901	0
1902	-1
1903	0
1904	0
1905	0
1906	0
1907	0
1908	0
1909	0
1910	-1
1911	0
1912	0
1913	0
1914	0
1915	0
1916	0
1917	0
1918	-1
1919	0
1920	0
1921	0
1922	0
1923	0
1924	0
1925	0
1926	0
1927	0
1928	0
1929	0
1930	0
1931	0
1932	0
1933	0
1934	0
1935	0
1936	0
1937	0
1938	-1
1939	0
1940	-1
1941	0
1942	0
1943	1
1944	0
1945	0
1946	0
1947	0
1948	0
1949	1
1950	0
1951	1
1952	0
1953	0
1954	0
1955	0
1956	0
1957	1
1958	0
1959	1
1960	0
1961	0
1962	0
1963	1
1964	0
1965	0
1966	0
1967	0
1968	0
1969	0
1970	0
1971	0
1972	0
1973	0
1974	-1
1975	0
1976	0
1977	0
1978	0
1979	0
1980	0
1981	0
1982	0
1983	0
1984	0
1985	0
1986	0
1987	0
1988	0
1989	0
1990	0
1991	1
1992	0
1993	0
1994	-1
1995	1
1996	0
1997	0
1998	0
1999	0
