0	0
1	1
2	0
3	0
4	0
5	0
6	0
7	0
8	0
9	0
10	0
11	0
12	0
13	0
14	0
15	0
16	0
17	1
18	0
19	0
20	0
21	0
22	0
23	0
24	0
25	1
26	0
27	0
28	0
29	0
30	0
31	0
32	0
33	0
34	0
35	0
36	0
37	1
38	0
39	1
40	0
41	0
42	0
43	0
44	0
45	0
46	0
47	0
48	0
49	0
50	0
51	0
52	0
53	0
54	0
55	0
56	0
57	0
58	0
59	0
60	0
61	0
62	0
63	0
64	0
65	0
66	0
67	0
68	0
69	1
70	0
71	0
72	0
73	0
74	0
75	1
76	0
77	1
78	0
79	0
80	0
81	0
82	0
83	0
84	0
85	0
86	0
87	0
88	-1
89	1
90	0
91	0
92	0
93	0
94	0
95	0
96	0
97	0
98	0
99	0
100	0
101	0
102	0
103	0
104	0
105	0
106	0
107	0
108	0
109	0
110	0
111	0
112	0
113	0
114	0
115	0
116	0
117	0
118	0
119	0
120	0
121	0
122	0
123	1
124	0
125	0
126	0
127	0
128	0
129	0
130	0
131	0
132	0
133	0
134	0
135	0
136	0
137	0
138	0
139	0
140	0
141	0
142	0
143	1
144	0
145	1
146	0
147	0
148	0
149	0
150	0
151	1
152	0
153	1
154	0
155	0
156	-1
157	1
158	-1
159	0
160	0
161	1
162	0
163	0
164	0
165	0
166	-1
167	0
168	-1
169	0
170	0
171	0
172	0
173	0
174	0
175	0
176	0
177	1
178	0
179	0
180	-1
181	0
182	0
183	0
184	0
185	1
186	0
187	0
188	0
189	2
190	0
191	1
192	0
193	2
194	0
195	1
196	0
197	3
198	0
199	1
200	0
201	0
202	0
203	1
204	0
205	0
206	0
207	0
208	0
209	0
210	0
211	1
212	0
213	1
214	0
215	0
216	0
217	1
218	0
219	1
220	-1
221	1
222	0
223	0
224	-1
225	0
226	0
227	0
228	-1
229	0
230	0
231	0
232	-1
233	1
234	-1
235	0
236	-1
237	0
238	-1
239	0
240	-1
241	0
242	0
243	0
244	0
245	0
246	-1
247	0
248	0
249	0
250	-1
251	0
252	-1
253	0
254	0
255	0
256	-1
257	0
258	0
259	1
260	0
261	0
262	0
263	1
264	-1
265	0
266	0
267	1
268	0
269	0
270	0
271	0
272	0
273	0
274	0
275	1
276	0
277	0
278	0
279	0
280	0
281	0
282	0
283	1
284	0
285	0
286	0
287	0
288	0
289	1
290	0
291	1
292	0
293	1
294	0
295	1
296	0
297	1
298	0
299	0
300	0
301	0
302	0
303	0
304	0
305	0
306	0
307	0
308	0
309	0
310	0
311	0
312	0
313	0
314	0
315	0
316	0
317	0
318	0
319	0
320	0
321	1
322	0
323	0
324	0
325	0
326	0
327	0
328	0
329	0
330	0
331	1
332	0
333	2
334	0
335	0
336	0
337	1
338	0
339	1
340	0
341	1
342	0
343	0
344	0
345	0
346	0
347	0
348	0
349	0
350	0
351	0
352	-1
353	0
354	0
355	0
356	0
357	0
358	0
359	0
360	0
361	0
362	-1
363	0
364	0
365	0
366	-1
367	0
368	-2
369	0
370	-1
371	0
372	0
373	0
374	0
375	0
376	0
377	0
378	0
379	0
380	0
381	0
382	0
383	0
384	0
385	1
386	0
387	1
388	0
389	1
390	0
391	1
392	0
393	1
394	0
395	1
396	0
397	1
398	0
399	0
400	0
401	0
402	0
403	1
404	0
405	1
406	0
407	0
408	-1
409	1
410	0
411	0
412	0
413	0
414	-1
415	0
416	0
417	0
418	0
419	0
420	-1
421	0
422	0
423	0
424	0
425	1
426	0
427	0
428	0
429	0
430	0
431	0
432	0
433	2
434	0
435	2
436	0
437	2
438	0
439	4
440	3
441	6
442	8
443	11
444	10
445	14
446	14
447	20
448	20
449	24
450	23
451	30
452	31
453	35
454	36
455	43
456	42
457	46
458	47
459	51
460	52
461	57
462	58
463	62
464	61
465	67
466	67
467	70
468	70
469	73
470	73
471	75
472	74
473	77
474	76
475	80
476	77
477	80
478	77
479	80
480	77
481	81
482	78
483	81
484	78
485	81
486	78
487	79
488	76
489	79
490	75
491	78
492	73
493	77
494	71
495	75
496	72
497	74
498	74
499	78
500	62
501	70
502	66
503	67
504	63
505	67
506	62
507	62
508	58
509	59
510	55
511	58
512	54
513	56
514	50
515	50
516	46
517	49
518	43
519	45
520	40
521	43
522	39
523	40
524	34
525	36
526	32
527	33
528	30
529	30
530	29
531	29
532	23
533	25
534	22
535	23
536	20
537	23
538	18
539	19
540	16
541	17
542	14
543	15
544	11
545	13
546	8
547	11
548	6
549	10
550	5
551	6
552	2
553	4
554	2
555	4
556	0
557	2
558	-2
559	0
560	-2
561	0
562	-3
563	-2
564	-4
565	-4
566	-5
567	-4
568	-6
569	-4
570	-8
571	-5
572	-9
573	-6
574	-10
575	-7
576	-11
577	-8
578	-11
579	-8
580	-10
581	-9
582	-11
583	-9
584	-11
585	-9
586	-12
587	-9
588	-11
589	-9
590	-12
591	-8
592	-12
593	-9
594	-13
595	-8
596	-12
597	-8
598	-13
599	-8
600	-12
601	-8
602	-11
603	-8
604	-12
605	-8
606	-13
607	-9
608	-12
609	-9
610	-12
611	-9
612	-11
613	-8
614	-13
615	-8
616	-12
617	-9
618	-12
619	-8
620	-11
621	-8
622	-9
623	-6
624	-9
625	-7
626	-11
627	-5
628	-9
629	-5
630	-9
631	-5
632	-8
633	-4
634	-7
635	-5
636	-7
637	-4
638	-7
639	-4
640	-8
641	-4
642	-7
643	-3
644	-8
645	-3
646	-8
647	-4
648	-7
649	-4
650	-6
651	-3
652	-6
653	-3
654	-7
655	-2
656	-6
657	-3
658	-6
659	-2
660	-6
661	-2
662	-6
663	-1
664	-6
665	-1
666	-5
667	-2
668	-5
669	-1
670	-4
671	-1
672	-5
673	-1
674	-4
675	-1
676	-5
677	-2
678	-4
679	-1
680	-3
681	-1
682	-4
683	0
684	-3
685	0
686	-5
687	0
688	-3
689	-1
690	-2
691	-1
692	-4
693	-2
694	-3
695	-1
696	-3
697	-1
698	-4
699	-1
700	-3
701	-1
702	-2
703	-1
704	-2
705	-1
706	-2
707	-1
708	-2
709	-1
710	-4
711	0
712	-2
713	0
714	-3
715	0
716	-3
717	-2
718	-2
719	0
720	-2
721	0
722	-2
723	0
724	-4
725	-1
726	-3
727	-1
728	-2
729	0
730	-1
731	0
732	-2
733	-1
734	-3
735	0
736	-1
737	-1
738	-1
739	-1
740	-3
741	0
742	-2
743	0
744	-2
745	0
746	-2
747	0
748	-1
749	0
750	0
751	0
752	0
753	0
754	-2
755	0
756	0
757	0
758	-2
759	0
760	-1
761	0
762	-1
763	-1
764	-1
765	0
766	0
767	0
768	0
769	0
770	-1
771	0
772	0
773	0
774	0
775	0
776	-1
777	0
778	-2
779	0
780	-1
781	-1
782	-1
783	-1
784	-1
785	-1
786	0
787	0
788	-2
789	0
790	-2
791	0
792	-1
793	0
794	-2
795	0
796	-1
797	-1
798	-2
799	0
800	0
801	0
802	0
803	0
804	-1
805	-1
806	-3
807	-1
808	-3
809	0
810	-2
811	0
812	-1
813	-1
814	-2
815	0
816	-2
817	-1
818	-3
819	-1
820	-2
821	0
822	-1
823	0
824	-1
825	0
826	-1
827	0
828	-1
829	0
830	-1
831	0
832	0
833	0
834	-1
835	0
836	-1
837	-1
838	-1
839	0
840	-1
841	-1
842	-2
843	0
844	-2
845	0
846	-2
847	0
848	0
849	0
850	-1
851	0
852	-1
853	0
854	-1
855	0
856	-2
857	0
858	-1
859	0
860	-1
861	0
862	-1
863	0
864	-1
865	0
866	0
867	0
868	0
869	0
870	-1
871	0
872	-1
873	0
874	-1
875	0
876	-1
877	0
878	-1
879	0
880	-1
881	0
882	-1
883	0
884	-1
885	0
886	-1
887	-1
888	-1
889	0
890	0
891	0
892	-1
893	0
894	-2
895	0
896	-2
897	-1
898	-2
899	0
900	-2
901	0
902	-2
903	0
904	-3
905	0
906	-2
907	-1
908	-1
909	0
910	-2
911	-1
912	-1
913	0
914	-1
915	0
916	-1
917	0
918	-1
919	0
920	-3
921	0
922	-2
923	0
924	-1
925	0
926	0
927	1
928	0
929	0
930	0
931	1
932	-1
933	0
934	0
935	1
936	0
937	1
938	0
939	1
940	0
941	2
942	0
943	1
944	0
945	1
946	0
947	1
948	0
949	2
950	0
951	1
952	0
953	2
954	0
955	0
956	0
957	2
958	1
959	2
960	1
961	2
962	0
963	1
964	1
965	2
966	1
967	1
968	0
969	1
970	0
971	1
972	0
973	0
974	-1
975	0
976	0
977	0
978	0
979	0
980	0
981	0
982	0
983	0
984	-1
985	0
986	-1
987	0
988	0
989	0
990	-3
991	0
992	-1
993	0
994	-1
995	0
996	-2
997	-1
998	-2
999	-1
1000	-2
1001	0
1002	-1
1003	-1
1004	-2
1005	0
1006	-2
1007	0
1008	-3
1009	-1
1010	-2
1011	-1
1012	-2
1013	-2
1014	-2
1015	-1
1016	-2
1017	-1
1018	-3
1019	0
1020	-2
1021	-2
1022	-3
1023	-1
1024	-2
1025	0
1026	-2
1027	-3
1028	-2
1029	-2
1030	-3
1031	-2
1032	-2
1033	-1
1034	-2
1035	-1
1036	-2
1037	-1
1038	-3
1039	-1
1040	-2
1041	0
1042	-1
1043	0
1044	-2
1045	0
1046	-2
1047	0
1048	-1
1049	0
1050	-1
1051	0
1052	-2
1053	0
1054	-2
1055	0
1056	0
1057	0
1058	-1
1059	0
1060	-1
1061	0
1062	0
1063	0
1064	-1
1065	0
1066	-1
1067	0
1068	-2
1069	-1
1070	-1
1071	0
1072	-2
1073	-1
1074	-3
1075	-1
1076	-3
1077	-1
1078	-2
1079	-1
1080	-2
1081	-1
1082	-3
1083	-1
1084	-2
1085	0
1086	-3
1087	-1
1088	-2
1089	-1
1090	-3
1091	0
1092	-2
1093	0
1094	-2
1095	0
1096	-4
1097	0
1098	-1
1099	0
1100	-1
1101	0
1102	-1
1103	0
1104	-1
1105	0
1106	-1
1107	0
1108	-2
1109	0
1110	-2
1111	0
1112	-1
1113	0
1114	-2
1115	0
1116	-2
1117	0
1118	-1
1119	0
1120	-1
1121	-1
1122	-1
1123	0
1124	-2
1125	0
1126	-2
1127	0
1128	-1
1129	0
1130	-1
1131	-1
1132	-2
1133	-2
1134	-2
1135	-1
1136	-2
1137	-1
1138	-2
1139	-2
1140	-3
1141	0
1142	-3
1143	0
1144	-2
1145	0
1146	-3
1147	0
1148	-2
1149	0
1150	-2
1151	0
1152	-1
1153	0
1154	-2
1155	0
1156	-2
1157	0
1158	-2
1159	0
1160	-1
1161	0
1162	-1
1163	0
1164	-1
1165	0
1166	-2
1167	0
1168	-1
1169	0
1170	0
1171	0
1172	-2
1173	0
1174	-1
1175	0
1176	-1
1177	0
1178	-1
1179	0
1180	0
1181	0
1182	-1
1183	0
1184	0
1185	0
1186	-2
1187	0
1188	-2
1189	0
1190	-2
1191	0
1192	-1
1193	0
1194	-2
1195	0
1196	-1
1197	0
1198	-1
1199	0
1200	-2
1201	0
1202	-1
1203	0
1204	-1
1205	0
1206	-1
1207	0
1208	-2
1209	0
1210	-1
1211	-1
1212	-1
1213	0
1214	-1
1215	0
1216	-1
1217	0
1218	0
1219	0
1220	-1
1221	0
1222	-2
1223	1
1224	0
1225	0
1226	0
1227	0
1228	0
1229	1
1230	0
1231	1
1232	0
1233	2
1234	0
1235	2
1236	0
1237	0
1238	0
1239	1
1240	0
1241	1
1242	0
1243	0
1244	0
1245	0
1246	-1
1247	0
1248	-1
1249	1
1250	0
1251	0
1252	-1
1253	0
1254	-1
1255	0
1256	-1
1257	0
1258	-2
1259	0
1260	-1
1261	-1
1262	-1
1263	0
1264	-1
1265	0
1266	-2
1267	0
1268	-1
1269	0
1270	0
1271	0
1272	-1
1273	0
1274	-1
1275	0
1276	0
1277	0
1278	-1
1279	0
1280	0
1281	0
1282	0
1283	0
1284	-2
1285	-1
1286	-1
1287	0
1288	-2
1289	0
1290	0
1291	0
1292	-1
1293	0
1294	-1
1295	0
1296	-2
1297	0
1298	-3
1299	-1
1300	-2
1301	0
1302	-2
1303	0
1304	-2
1305	0
1306	-2
1307	0
1308	-2
1309	0
1310	-1
1311	0
1312	-1
1313	0
1314	-2
1315	0
1316	-1
1317	0
1318	-1
1319	0
1320	-2
1321	0
1322	-1
1323	0
1324	0
1325	0
1326	-1
1327	0
1328	-2
1329	0
1330	-1
1331	-1
1332	-2
1333	0
1334	-2
1335	-1
1336	-4
1337	0
1338	-3
1339	0
1340	-2
1341	-1
1342	-4
1343	-1
1344	-4
1345	-1
1346	-3
1347	-1
1348	-3
1349	-1
1350	-2
1351	-1
1352	-2
1353	0
1354	-2
1355	0
1356	-2
1357	0
1358	-2
1359	0
1360	-2
1361	0
1362	-2
1363	0
1364	-3
1365	0
1366	-3
1367	0
1368	-2
1369	0
1370	-3
1371	0
1372	-2
1373	0
1374	-2
1375	0
1376	-1
1377	0
1378	-1
1379	0
1380	-2
1381	-1
1382	-1
1383	0
1384	-1
1385	0
1386	0
1387	0
1388	0
1389	0
1390	-1
1391	-1
1392	0
1393	0
1394	0
1395	0
1396	0
1397	-1
1398	-1
1399	0
1400	-1
1401	0
1402	-1
1403	0
1404	-1
1405	0
1406	-1
1407	0
1408	-1
1409	0
1410	-1
1411	0
1412	0
1413	0
1414	-2
1415	0
1416	-2
1417	0
1418	-2
1419	0
1420	-1
1421	-2
1422	-3
1423	-1
1424	-1
1425	-1
1426	-2
1427	0
1428	-2
1429	0
1430	-2
1431	0
1432	-1
1433	0
1434	-2
1435	0
1436	-1
1437	0
1438	-1
1439	0
1440	-1
1441	0
1442	0
1443	0
1444	0
1445	0
1446	0
1447	0
1448	0
1449	0
1450	-1
1451	0
1452	-1
1453	0
1454	-1
1455	0
1456	-1
1457	0
1458	-1
1459	-1
1460	-1
1461	0
1462	-2
1463	0
1464	-2
1465	-1
1466	-2
1467	0
1468	-3
1469	-1
1470	0
1471	0
1472	-1
1473	0
1474	0
1475	0
1476	-1
1477	0
1478	-2
1479	-1
1480	-2
1481	-1
1482	-1
1483	0
1484	-2
1485	0
1486	-2
1487	0
1488	-1
1489	0
1490	-2
1491	0
1492	-1
1493	0
1494	-1
1495	-1
1496	-2
1497	0
1498	-1
1499	0
1500	-2
1501	0
1502	-1
1503	0
1504	-1
1505	0
1506	-1
1507	0
1508	0
1509	0
1510	-1
1511	0
1512	-1
1513	0
1514	-1
1515	0
1516	0
1517	0
1518	-1
1519	0
1520	0
1521	0
1522	0
1523	0
1524	0
1525	0
1526	0
1527	0
1528	0
1529	0
1530	0
1531	0
1532	-1
1533	0
1534	0
1535	0
1536	0
1537	0
1538	0
1539	0
1540	0
1541	0
1542	-1
1543	0
1544	-1
1545	0
1546	-1
1547	0
1548	-1
1549	0
1550	-1
1551	0
1552	-2
1553	-1
1554	-2
1555	-1
1556	-2
1557	0
1558	-1
1559	0
1560	-2
1561	0
1562	-4
1563	0
1564	-3
1565	-1
1566	-2
1567	-1
1568	-2
1569	0
1570	-1
1571	-1
1572	-2
1573	-1
1574	-2
1575	0
1576	-2
1577	0
1578	-2
1579	0
1580	-2
1581	0
1582	-1
1583	0
1584	-1
1585	0
1586	-1
1587	0
1588	-1
1589	-1
1590	-1
1591	0
1592	-1
1593	0
1594	-1
1595	-1
1596	-1
1597	0
1598	-1
1599	0
1600	-1
1601	0
1602	-2
1603	0
1604	0
1605	0
1606	-1
1607	0
1608	-1
1609	0
1610	-1
1611	0
1612	0
1613	0
1614	-1
1615	0
1616	-1
1617	0
1618	-1
1619	0
1620	-1
1621	0
1622	-1
1623	0
1624	0
1625	0
1626	0
1627	0
1628	-2
1629	-1
1630	-2
1631	0
1632	-1
1633	0
1634	-1
1635	0
1636	-1
1637	-1
1638	-3
1639	0
1640	-2
1641	0
1642	-2
1643	0
1644	-1
1645	0
1646	-1
1647	0
1648	-2
1649	0
1650	-1
1651	0
1652	-1
1653	0
1654	-1
1655	0
1656	0
1657	0
1658	0
1659	0
1660	-1
1661	0
1662	0
1663	1
1664	0
1665	0
1666	0
1667	0
1668	0
1669	1
1670	-1
1671	1
1672	-1
1673	0
1674	-1
1675	1
1676	-1
1677	0
1678	-2
1679	0
1680	-1
1681	0
1682	-2
1683	0
1684	-3
1685	0
1686	-2
1687	0
1688	-3
1689	0
1690	-2
1691	0
1692	-4
1693	-1
1694	-2
1695	-1
1696	-2
1697	-1
1698	-3
1699	-1
1700	-2
1701	0
1702	-2
1703	0
1704	-1
1705	0
1706	0
1707	0
1708	-1
1709	0
1710	-1
1711	0
1712	-2
1713	0
1714	-1
1715	0
1716	-1
1717	0
1718	-2
1719	0
1720	-2
1721	0
1722	-1
1723	-1
1724	-1
1725	-1
1726	-1
1727	0
1728	-1
1729	0
1730	-2
1731	0
1732	0
1733	0
1734	-1
1735	0
1736	-1
1737	0
1738	-2
1739	0
1740	0
1741	0
1742	0
1743	0
1744	0
1745	0
1746	-1
1747	0
1748	0
1749	1
1750	0
1751	1
1752	0
1753	0
1754	0
1755	1
1756	0
1757	2
1758	1
1759	1
1760	0
1761	1
1762	0
1763	2
1764	0
1765	2
1766	1
1767	3
1768	0
1769	2
1770	0
1771	2
1772	0
1773	2
1774	0
1775	2
1776	0
1777	1
1778	0
1779	1
1780	0
1781	1
1782	0
1783	1
1784	0
1785	2
1786	0
1787	1
1788	0
1789	2
1790	0
1791	1
1792	0
1793	1
1794	0
1795	1
1796	0
1797	1
1798	0
1799	1
1800	-1
1801	0
1802	0
1803	0
1804	0
1805	1
1806	0
1807	0
1808	0
1809	0
1810	-1
1811	0
1812	0
1813	0
1814	-1
1815	0
1816	-2
1817	0
1818	-1
1819	0
1820	-1
1821	0
1822	-1
1823	0
1824	-2
1825	0
1826	-3
1827	0
1828	-1
1829	0
1830	0
1831	0
1832	-1
1833	0
1834	-1
1835	0
1836	-2
1837	0
1838	-2
1839	0
1840	-2
1841	0
1842	-2
1843	0
1844	-1
1845	-1
1846	-1
1847	0
1848	-2
1849	-1
1850	-2
1851	0
1852	-3
1853	0
1854	-2
1855	0
1856	-1
1857	0
1858	-1
1859	0
1860	-2
1861	0
1862	-3
1863	0
1864	-3
1865	0
1866	-2
1867	-1
1868	-2
1869	0
1870	-2
1871	0
1872	-2
1873	-1
1874	-2
1875	-1
1876	-1
1877	0
1878	-2
1879	0
1880	-1
1881	0
1882	-1
1883	0
1884	-2
1885	0
1886	-1
1887	-1
1888	-1
1889	0
1890	-2
1891	0
1892	-2
1893	0
1894	-2
1895	0
1896	-1
1897	0
1898	-2
1899	0
1900	-2
1901	0
1902	-1
1903	0
1904	-1
1905	0
1906	-1
1907	0
1908	0
1909	0
1910	0
1911	0
1912	-1
1913	0
1914	-2
1915	0
1916	-2
1917	0
1918	-1
1919	0
1920	-1
1921	0
1922	-1
1923	0
1924	-1
1925	0
1926	-1
1927	0
1928	0
1929	0
1930	0
1931	0
1932	0
1933	0
1934	0
1935	0
1936	0
1937	0
1938	0
1939	0
1940	-1
1941	0
1942	-1
1943	0
1944	-1
1945	0
1946	-2
1947	0
1948	0
1949	0
1950	-1
1951	0
1952	-2
1953	0
1954	0
1955	0
1956	0
1957	0
1958	0
1959	1
1960	0
1961	0
1962	0
1963	0
1964	-1
1965	1
1966	0
1967	0
1968	0
1969	0
1970	0
1971	0
1972	0
1973	0
1974	0
1975	0
1976	-2
1977	1
1978	-2
1979	0
1980	-2
1981	0
1982	-2
1983	0
1984	-2
1985	0
1986	-1
1987	0
1988	-2
1989	0
1990	-2
1991	0
1992	-1
1993	0
1994	0
1995	0
1996	-1
1997	0
1998	0
1999	0
