0	-1
1	1
2	0
3	0
4	-1
5	1
6	0
7	1
8	-1
9	1
10	0
11	2
12	0
13	2
14	0
15	1
16	0
17	0
18	0
19	2
20	0
21	1
22	0
23	0
24	0
25	1
26	-1
27	1
28	-1
29	0
30	-1
31	0
32	-1
33	0
34	-1
35	0
36	-2
37	0
38	-1
39	1
40	-1
41	0
42	-1
43	0
44	0
45	0
46	-1
47	1
48	0
49	0
50	0
51	0
52	0
53	0
54	-1
55	2
56	0
57	1
58	0
59	1
60	0
61	1
62	0
63	2
64	0
65	2
66	0
67	2
68	0
69	1
70	0
71	3
72	0
73	1
74	0
75	1
76	0
77	1
78	-1
79	2
80	0
81	0
82	-1
83	1
84	-1
85	0
86	-1
87	1
88	0
89	0
90	-1
91	0
92	-2
93	0
94	-2
95	0
96	-1
97	0
98	0
99	0
100	-1
101	0
102	-1
103	1
104	-1
105	2
106	0
107	0
108	0
109	0
110	0
111	0
112	-1
113	1
114	-1
115	1
116	0
117	1
118	-1
119	0
120	0
121	0
122	0
123	0
124	0
125	0
126	0
127	0
128	-1
129	0
130	-1
131	0
132	-1
133	0
134	-1
135	1
136	-1
137	0
138	-1
139	0
140	-1
141	0
142	0
143	0
144	-1
145	0
146	0
147	0
148	-1
149	1
150	0
151	0
152	0
153	1
154	0
155	2
156	0
157	1
158	0
159	2
160	0
161	0
162	0
163	1
164	0
165	2
166	0
167	1
168	0
169	0
170	-1
171	1
172	0
173	1
174	0
175	0
176	0
177	1
178	0
179	0
180	0
181	0
182	0
183	1
184	0
185	1
186	-1
187	1
188	0
189	0
190	0
191	0
192	-1
193	0
194	-1
195	0
196	-1
197	0
198	-1
199	0
200	-1
201	0
202	-1
203	1
204	-2
205	1
206	0
207	0
208	-1
209	0
210	0
211	0
212	0
213	0
214	-1
215	0
216	-1
217	0
218	-1
219	0
220	0
221	0
222	0
223	0
224	0
225	0
226	-1
227	0
228	-1
229	0
230	-1
231	0
232	0
233	0
234	0
235	2
236	0
237	2
238	0
239	2
240	0
241	1
242	0
243	1
244	0
245	1
246	0
247	1
248	0
249	0
250	0
251	1
252	0
253	1
254	0
255	1
256	0
257	0
258	0
259	0
260	0
261	1
262	0
263	0
264	0
265	0
266	0
267	0
268	0
269	0
270	0
271	0
272	0
273	1
274	-1
275	0
276	-1
277	1
278	0
279	2
280	0
281	2
282	0
283	1
284	0
285	3
286	0
287	1
288	0
289	1
290	0
291	1
292	0
293	3
294	0
295	2
296	0
297	2
298	-1
299	0
300	0
301	1
302	0
303	2
304	0
305	1
306	-1
307	1
308	0
309	1
310	0
311	0
312	-1
313	0
314	0
315	0
316	0
317	0
318	0
319	1
320	-1
321	1
322	0
323	0
324	0
325	0
326	0
327	1
328	-1
329	0
330	0
331	1
332	-1
333	1
334	-1
335	0
336	0
337	0
338	0
339	0
340	-1
341	0
342	-1
343	0
344	-1
345	0
346	0
347	1
348	0
349	0
350	0
351	0
352	0
353	0
354	0
355	1
356	0
357	0
358	-1
359	0
360	-1
361	0
362	0
363	0
364	0
365	0
366	0
367	1
368	0
369	0
370	0
371	0
372	0
373	1
374	0
375	0
376	0
377	0
378	0
379	0
380	0
381	0
382	0
383	1
384	0
385	2
386	0
387	1
388	0
389	1
390	0
391	0
392	0
393	0
394	0
395	0
396	0
397	0
398	0
399	1
400	0
401	1
402	0
403	2
404	0
405	2
406	0
407	1
408	0
409	0
410	0
411	1
412	0
413	1
414	0
415	1
416	0
417	1
418	0
419	1
420	0
421	0
422	0
423	1
424	0
425	1
426	0
427	0
428	0
429	1
430	0
431	1
432	0
433	1
434	0
435	0
436	0
437	1
438	0
439	0
440	0
441	1
442	-1
443	0
444	-1
445	0
446	0
447	1
448	0
449	1
450	-1
451	1
452	-1
453	1
454	-2
455	0
456	-1
457	0
458	0
459	1
460	0
461	1
462	-1
463	1
464	0
465	2
466	0
467	5
468	1
469	5
470	3
471	9
472	4
473	13
474	9
475	16
476	15
477	22
478	19
479	27
480	23
481	33
482	31
483	39
484	36
485	44
486	41
487	51
488	47
489	55
490	53
491	59
492	56
493	62
494	58
495	63
496	62
497	63
498	63
499	78
500	62
501	73
502	66
503	70
504	67
505	70
506	65
507	69
508	64
509	69
510	63
511	66
512	61
513	65
514	60
515	63
516	56
517	62
518	53
519	59
520	50
521	54
522	49
523	54
524	47
525	50
526	44
527	48
528	40
529	46
530	38
531	43
532	35
533	39
534	32
535	37
536	31
537	34
538	28
539	33
540	27
541	30
542	23
543	30
544	22
545	28
546	19
547	26
548	17
549	23
550	16
551	20
552	15
553	18
554	15
555	18
556	13
557	17
558	13
559	16
560	10
561	15
562	10
563	14
564	8
565	14
566	6
567	13
568	5
569	13
570	5
571	10
572	2
573	11
574	2
575	10
576	1
577	9
578	0
579	8
580	1
581	6
582	0
583	5
584	0
585	4
586	0
587	5
588	0
589	5
590	0
591	4
592	0
593	2
594	0
595	2
596	0
597	2
598	0
599	2
600	0
601	1
602	0
603	1
604	0
605	1
606	0
607	1
608	0
609	1
610	0
611	1
612	0
613	1
614	0
615	1
616	0
617	0
618	0
619	1
620	0
621	0
622	-1
623	0
624	0
625	0
626	0
627	0
628	0
629	1
630	0
631	1
632	0
633	1
634	0
635	0
636	0
637	0
638	0
639	0
640	0
641	1
642	0
643	1
644	0
645	0
646	0
647	1
648	0
649	0
650	0
651	0
652	0
653	0
654	0
655	0
656	0
657	0
658	0
659	0
660	-1
661	0
662	0
663	0
664	-1
665	0
666	0
667	0
668	0
669	0
670	0
671	0
672	-1
673	2
674	0
675	1
676	-1
677	0
678	-1
679	0
680	0
681	1
682	0
683	0
684	0
685	2
686	-1
687	2
688	0
689	2
690	0
691	2
692	0
693	1
694	0
695	1
696	0
697	2
698	0
699	1
700	0
701	0
702	-1
703	1
704	0
705	0
706	-1
707	0
708	0
709	1
710	0
711	0
712	0
713	0
714	-1
715	0
716	0
717	1
718	0
719	0
720	0
721	0
722	-1
723	0
724	0
725	0
726	0
727	2
728	-1
729	1
730	0
731	1
732	0
733	1
734	0
735	1
736	0
737	1
738	0
739	0
740	0
741	0
742	-1
743	0
744	-1
745	0
746	0
747	0
748	0
749	0
750	0
751	0
752	-1
753	0
754	0
755	0
756	0
757	0
758	-1
759	0
760	0
761	0
762	-1
763	1
764	0
765	0
766	0
767	0
768	0
769	0
770	0
771	0
772	0
773	0
774	0
775	0
776	0
777	0
778	0
779	1
780	-1
781	0
782	-1
783	0
784	0
785	0
786	0
787	0
788	0
789	0
790	-1
791	0
792	0
793	0
794	-1
795	0
796	-1
797	0
798	0
799	0
800	-1
801	0
802	-1
803	0
804	-1
805	0
806	-2
807	0
808	-1
809	1
810	0
811	0
812	0
813	0
814	-1
815	0
816	-1
817	0
818	-1
819	0
820	-1
821	1
822	-1
823	0
824	0
825	0
826	0
827	0
828	0
829	0
830	-1
831	1
832	0
833	0
834	-1
835	0
836	-1
837	0
838	0
839	0
840	0
841	0
842	0
843	0
844	-1
845	0
846	0
847	0
848	0
849	0
850	0
851	0
852	-1
853	0
854	-1
855	0
856	0
857	0
858	-2
859	0
860	-1
861	0
862	-2
863	0
864	-2
865	0
866	-2
867	0
868	-1
869	0
870	-2
871	0
872	-1
873	0
874	-2
875	0
876	-2
877	0
878	-1
879	0
880	-1
881	0
882	-2
883	0
884	-1
885	0
886	-2
887	0
888	-1
889	0
890	-1
891	0
892	-1
893	0
894	-1
895	0
896	-2
897	0
898	-2
899	0
900	-1
901	0
902	-1
903	0
904	0
905	0
906	0
907	0
908	0
909	0
910	-2
911	0
912	-1
913	0
914	0
915	0
916	0
917	0
918	-1
919	0
920	-1
921	0
922	-1
923	0
924	-1
925	0
926	-1
927	0
928	-1
929	0
930	0
931	0
932	0
933	0
934	0
935	0
936	-2
937	0
938	-1
939	1
940	-1
941	0
942	0
943	0
944	-1
945	0
946	-1
947	0
948	0
949	0
950	-1
951	0
952	-2
953	0
954	-1
955	0
956	-1
957	0
958	-2
959	0
960	-1
961	0
962	-1
963	0
964	-1
965	0
966	-3
967	0
968	-1
969	0
970	-2
971	0
972	-2
973	0
974	-2
975	0
976	-2
977	0
978	-2
979	0
980	-2
981	0
982	-3
983	0
984	-2
985	0
986	-2
987	0
988	-2
989	0
990	-2
991	0
992	-3
993	0
994	-2
995	0
996	-3
997	0
998	-2
999	0
1000	-1
1001	0
1002	-1
1003	0
1004	-2
1005	0
1006	-1
1007	0
1008	-1
1009	0
1010	0
1011	0
1012	-2
1013	0
1014	-2
1015	0
1016	-2
1017	0
1018	-1
1019	0
1020	-2
1021	0
1022	-1
1023	0
1024	0
1025	0
1026	0
1027	0
1028	-1
1029	0
1030	-1
1031	1
1032	-1
1033	1
1034	0
1035	0
1036	-1
1037	0
1038	-1
1039	0
1040	0
1041	1
1042	0
1043	1
1044	0
1045	1
1046	-1
1047	1
1048	0
1049	1
1050	0
1051	1
1052	0
1053	1
1054	0
1055	1
1056	0
1057	2
1058	0
1059	2
1060	0
1061	1
1062	0
1063	2
1064	0
1065	1
1066	0
1067	2
1068	0
1069	2
1070	0
1071	2
1072	0
1073	1
1074	0
1075	1
1076	0
1077	2
1078	0
1079	2
1080	-1
1081	0
1082	0
1083	1
1084	0
1085	0
1086	0
1087	1
1088	-1
1089	0
1090	-1
1091	0
1092	-1
1093	1
1094	-2
1095	0
1096	-2
1097	1
1098	-1
1099	0
1100	-2
1101	0
1102	-1
1103	0
1104	-1
1105	0
1106	-2
1107	1
1108	-2
1109	0
1110	-2
1111	0
1112	-2
1113	0
1114	-3
1115	0
1116	-1
1117	1
1118	-3
1119	0
1120	-1
1121	0
1122	-3
1123	0
1124	-2
1125	0
1126	0
1127	0
1128	-1
1129	1
1130	-1
1131	0
1132	-2
1133	0
1134	-1
1135	0
1136	-3
1137	0
1138	-3
1139	0
1140	-2
1141	0
1142	-2
1143	0
1144	-1
1145	0
1146	-2
1147	0
1148	-2
1149	0
1150	-2
1151	0
1152	-2
1153	0
1154	-1
1155	0
1156	-1
1157	0
1158	-1
1159	0
1160	0
1161	0
1162	-2
1163	1
1164	-1
1165	0
1166	-2
1167	0
1168	-1
1169	0
1170	-2
1171	0
1172	-1
1173	0
1174	-2
1175	0
1176	-1
1177	0
1178	-2
1179	0
1180	-2
1181	0
1182	-1
1183	0
1184	-3
1185	0
1186	-1
1187	0
1188	-2
1189	0
1190	-1
1191	0
1192	0
1193	0
1194	-1
1195	0
1196	-1
1197	0
1198	-2
1199	0
1200	-1
1201	0
1202	-2
1203	0
1204	0
1205	0
1206	-2
1207	0
1208	-1
1209	0
1210	0
1211	0
1212	-2
1213	0
1214	-2
1215	0
1216	-2
1217	0
1218	-1
1219	0
1220	-2
1221	0
1222	-2
1223	0
1224	-1
1225	0
1226	-3
1227	0
1228	-2
1229	0
1230	-3
1231	0
1232	-2
1233	0
1234	-1
1235	0
1236	-1
1237	0
1238	0
1239	0
1240	-2
1241	0
1242	-2
1243	0
1244	-3
1245	0
1246	-3
1247	0
1248	-3
1249	0
1250	-3
1251	0
1252	-1
1253	0
1254	-2
1255	0
1256	-2
1257	0
1258	-1
1259	0
1260	-1
1261	0
1262	-2
1263	0
1264	-1
1265	0
1266	-2
1267	0
1268	-1
1269	0
1270	-2
1271	0
1272	-1
1273	0
1274	-1
1275	1
1276	-1
1277	0
1278	-2
1279	1
1280	0
1281	1
1282	0
1283	1
1284	-1
1285	1
1286	-1
1287	1
1288	-1
1289	1
1290	-1
1291	2
1292	-2
1293	2
1294	0
1295	1
1296	-1
1297	1
1298	-1
1299	1
1300	-2
1301	1
1302	0
1303	1
1304	-2
1305	1
1306	-1
1307	0
1308	0
1309	0
1310	-1
1311	1
1312	-1
1313	0
1314	-1
1315	1
1316	-1
1317	0
1318	-2
1319	0
1320	-1
1321	0
1322	-2
1323	0
1324	-1
1325	0
1326	-2
1327	0
1328	-1
1329	0
1330	-2
1331	0
1332	-2
1333	0
1334	-1
1335	0
1336	-3
1337	0
1338	-2
1339	0
1340	-1
1341	0
1342	0
1343	1
1344	-1
1345	0
1346	-1
1347	1
1348	-1
1349	0
1350	-2
1351	0
1352	-1
1353	0
1354	-2
1355	0
1356	-3
1357	0
1358	-2
1359	0
1360	-3
1361	0
1362	-3
1363	0
1364	-3
1365	0
1366	-2
1367	0
1368	-1
1369	0
1370	-1
1371	0
1372	-1
1373	0
1374	-2
1375	0
1376	-2
1377	0
1378	-3
1379	0
1380	-2
1381	0
1382	-3
1383	0
1384	-2
1385	0
1386	-1
1387	0
1388	-2
1389	0
1390	-1
1391	1
1392	0
1393	1
1394	-2
1395	1
1396	-2
1397	0
1398	-1
1399	0
1400	-1
1401	0
1402	-1
1403	0
1404	-2
1405	0
1406	-3
1407	0
1408	-3
1409	0
1410	-2
1411	0
1412	-2
1413	0
1414	-3
1415	-1
1416	-4
1417	0
1418	-3
1419	0
1420	-3
1421	0
1422	-3
1423	0
1424	-2
1425	0
1426	-2
1427	0
1428	-2
1429	0
1430	-1
1431	1
1432	-1
1433	0
1434	-2
1435	1
1436	-1
1437	1
1438	0
1439	1
1440	-2
1441	1
1442	-2
1443	0
1444	-1
1445	0
1446	-2
1447	0
1448	-2
1449	0
1450	-4
1451	0
1452	-2
1453	0
1454	-2
1455	1
1456	-3
1457	0
1458	-3
1459	0
1460	-2
1461	0
1462	-2
1463	0
1464	-3
1465	0
1466	-2
1467	0
1468	-3
1469	0
1470	-3
1471	0
1472	-2
1473	0
1474	-1
1475	0
1476	-1
1477	0
1478	-3
1479	0
1480	-2
1481	0
1482	-3
1483	0
1484	-3
1485	0
1486	-3
1487	0
1488	-3
1489	0
1490	-2
1491	0
1492	-1
1493	0
1494	-1
1495	0
1496	-1
1497	0
1498	-1
1499	0
1500	-2
1501	0
1502	-2
1503	0
1504	-2
1505	0
1506	-2
1507	0
1508	-2
1509	0
1510	-2
1511	0
1512	-2
1513	0
1514	-1
1515	0
1516	-2
1517	0
1518	-3
1519	0
1520	-3
1521	0
1522	-3
1523	0
1524	-2
1525	0
1526	-2
1527	0
1528	-1
1529	0
1530	-1
1531	0
1532	-2
1533	0
1534	-1
1535	0
1536	0
1537	0
1538	-1
1539	0
1540	0
1541	0
1542	0
1543	0
1544	-1
1545	0
1546	-2
1547	0
1548	-2
1549	0
1550	-2
1551	0
1552	-2
1553	0
1554	-2
1555	0
1556	-2
1557	0
1558	-3
1559	0
1560	-1
1561	0
1562	-3
1563	0
1564	-1
1565	0
1566	-2
1567	0
1568	-1
1569	0
1570	-1
1571	0
1572	-1
1573	0
1574	-2
1575	0
1576	-2
1577	0
1578	-1
1579	0
1580	-1
1581	0
1582	-3
1583	0
1584	-2
1585	0
1586	-3
1587	0
1588	-2
1589	0
1590	-2
1591	0
1592	-2
1593	0
1594	-2
1595	0
1596	-3
1597	0
1598	-2
1599	0
1600	-3
1601	0
1602	-3
1603	0
1604	-2
1605	0
1606	-2
1607	0
1608	-1
1609	0
1610	0
1611	0
1612	0
1613	0
1614	-2
1615	0
1616	-1
1617	0
1618	-1
1619	0
1620	0
1621	0
1622	-1
1623	0
1624	0
1625	0
1626	-2
1627	0
1628	-1
1629	0
1630	-1
1631	0
1632	-1
1633	0
1634	-1
1635	0
1636	0
1637	0
1638	-1
1639	0
1640	-1
1641	1
1642	-1
1643	0
1644	-1
1645	0
1646	-1
1647	0
1648	-1
1649	0
1650	-1
1651	0
1652	-2
1653	0
1654	-1
1655	0
1656	-1
1657	0
1658	-2
1659	0
1660	-1
1661	0
1662	-1
1663	0
1664	-2
1665	0
1666	-2
1667	0
1668	-2
1669	0
1670	-3
1671	0
1672	-1
1673	0
1674	-3
1675	0
1676	-3
1677	0
1678	-2
1679	0
1680	-2
1681	0
1682	-1
1683	0
1684	-3
1685	0
1686	-2
1687	0
1688	-2
1689	0
1690	-1
1691	0
1692	-1
1693	1
1694	0
1695	0
1696	0
1697	0
1698	-1
1699	0
1700	-1
1701	0
1702	0
1703	0
1704	0
1705	0
1706	0
1707	0
1708	-1
1709	0
1710	-3
1711	0
1712	-3
1713	0
1714	-4
1715	0
1716	-1
1717	0
1718	-2
1719	0
1720	-2
1721	0
1722	-1
1723	0
1724	-2
1725	0
1726	0
1727	0
1728	0
1729	0
1730	-1
1731	0
1732	-1
1733	0
1734	0
1735	1
1736	-1
1737	0
1738	-2
1739	0
1740	-1
1741	0
1742	-1
1743	0
1744	-2
1745	1
1746	-1
1747	0
1748	-2
1749	0
1750	-1
1751	0
1752	-2
1753	0
1754	-2
1755	0
1756	-1
1757	0
1758	-2
1759	0
1760	-1
1761	0
1762	-1
1763	0
1764	0
1765	0
1766	0
1767	0
1768	-1
1769	0
1770	-1
1771	0
1772	-2
1773	0
1774	-1
1775	0
1776	-2
1777	0
1778	-1
1779	0
1780	-1
1781	0
1782	-1
1783	0
1784	-1
1785	0
1786	-1
1787	0
1788	-1
1789	0
1790	-1
1791	1
1792	-1
1793	0
1794	-2
1795	0
1796	-2
1797	0
1798	0
1799	0
1800	-2
1801	0
1802	-1
1803	0
1804	-2
1805	0
1806	-2
1807	0
1808	-2
1809	0
1810	-1
1811	0
1812	-2
1813	0
1814	-2
1815	0
1816	-2
1817	0
1818	-1
1819	0
1820	0
1821	1
1822	-1
1823	0
1824	0
1825	0
1826	0
1827	0
1828	0
1829	0
1830	0
1831	0
1832	-1
1833	0
1834	-2
1835	1
1836	-1
1837	1
1838	-1
1839	1
1840	-1
1841	0
1842	0
1843	0
1844	0
1845	0
1846	0
1847	1
1848	0
1849	1
1850	-1
1851	0
1852	0
1853	1
1854	0
1855	1
1856	0
1857	1
1858	0
1859	0
1860	0
1861	1
1862	0
1863	1
1864	0
1865	0
1866	0
1867	1
1868	-1
1869	0
1870	0
1871	1
1872	-1
1873	1
1874	-1
1875	1
1876	0
1877	1
1878	0
1879	1
1880	0
1881	1
1882	-1
1883	0
1884	-1
1885	0
1886	0
1887	0
1888	-1
1889	1
1890	-1
1891	0
1892	-1
1893	0
1894	-1
1895	0
1896	0
1897	0
1898	-1
1899	0
1900	-1
1901	0
1902	-2
1903	0
1904	-1
1905	0
1906	0
1907	0
1908	-1
1909	1
1910	-1
1911	0
1912	0
1913	0
1914	0
1915	0
1916	0
1917	1
1918	-1
1919	1
1920	-1
1921	0
1922	0
1923	0
1924	-1
1925	0
1926	0
1927	0
1928	-1
1929	0
1930	-1
1931	1
1932	-1
1933	0
1934	-1
1935	0
1936	-1
1937	0
1938	-2
1939	0
1940	-1
1941	0
1942	-1
1943	0
1944	-2
1945	0
1946	-1
1947	0
1948	0
1949	0
1950	-1
1951	0
1952	-2
1953	0
1954	-2
1955	0
1956	-2
1957	0
1958	-1
1959	0
1960	-1
1961	0
1962	-2
1963	0
1964	-1
1965	0
1966	0
1967	0
1968	-1
1969	0
1970	0
1971	0
1972	0
1973	0
1974	-2
1975	0
1976	-1
1977	0
1978	-1
1979	0
1980	-1
1981	1
1982	0
1983	1
1984	-1
1985	0
1986	0
1987	0
1988	-1
1989	0
1990	-1
1991	0
1992	-1
1993	0
1994	0
1995	0
1996	0
1997	0
1998	-3
1999	0
