0	0
1	0
2	0
3	0
4	0
5	0
6	0
7	0
8	0
9	1
10	0
11	0
12	-1
13	0
14	0
15	0
16	-1
17	0
18	0
19	-1
20	0
21	0
22	0
23	0
24	0
25	0
26	0
27	0
28	0
29	0
30	0
31	0
32	2
33	2
34	1
35	1
36	1
37	2
38	1
39	2
40	1
41	2
42	0
43	3
44	1
45	3
46	1
47	2
48	1
49	1
50	0
51	1
52	0
53	0
54	0
55	1
56	0
57	0
58	0
59	0
60	0
61	0
62	0
63	0
64	0
65	0
66	0
67	0
68	-1
69	0
70	-1
71	1
72	0
73	0
74	0
75	0
76	0
77	0
78	0
79	0
80	0
81	0
82	0
83	0
84	-1
85	1
86	0
87	0
88	0
89	0
90	0
91	1
92	0
93	1
94	0
95	1
96	0
97	1
98	0
99	0
100	0
101	1
102	0
103	2
104	0
105	0
106	1
107	1
108	0
109	2
110	0
111	1
112	0
113	2
114	2
115	1
116	1
117	1
118	1
119	1
120	1
121	2
122	0
123	2
124	1
125	1
126	2
127	1
128	1
129	1
130	0
131	1
132	0
133	0
134	0
135	0
136	0
137	0
138	0
139	0
140	0
141	0
142	-2
143	0
144	0
145	0
146	-1
147	0
148	-2
149	0
150	-1
151	0
152	-1
153	0
154	-2
155	0
156	-2
157	-1
158	-1
159	-1
160	-1
161	0
162	-2
163	0
164	0
165	0
166	0
167	0
168	0
169	1
170	1
171	1
172	1
173	1
174	0
175	1
176	0
177	3
178	0
179	2
180	0
181	2
182	0
183	2
184	0
185	1
186	1
187	1
188	1
189	0
190	0
191	0
192	0
193	1
194	0
195	0
196	0
197	1
198	0
199	0
200	0
201	0
202	0
203	1
204	0
205	1
206	0
207	0
208	0
209	1
210	1
211	0
212	1
213	1
214	1
215	1
216	0
217	2
218	1
219	2
220	0
221	2
222	0
223	3
224	0
225	2
226	1
227	1
228	0
229	0
230	0
231	0
232	0
233	1
234	0
235	0
236	0
237	0
238	0
239	0
240	0
241	0
242	-1
243	0
244	0
245	0
246	0
247	0
248	0
249	0
250	0
251	1
252	0
253	0
254	0
255	0
256	0
257	1
258	0
259	1
260	0
261	0
262	0
263	1
264	0
265	2
266	1
267	1
268	0
269	1
270	0
271	0
272	0
273	0
274	0
275	0
276	0
277	0
278	0
279	0
280	0
281	0
282	-1
283	0
284	-1
285	0
286	0
287	0
288	0
289	1
290	0
291	2
292	0
293	2
294	0
295	2
296	0
297	2
298	0
299	3
300	1
301	2
302	0
303	3
304	0
305	2
306	0
307	3
308	1
309	1
310	0
311	2
312	1
313	2
314	0
315	2
316	0
317	1
318	0
319	0
320	0
321	0
322	0
323	0
324	-1
325	0
326	0
327	0
328	0
329	-1
330	-1
331	0
332	-2
333	0
334	-1
335	0
336	0
337	0
338	0
339	1
340	0
341	1
342	0
343	0
344	0
345	1
346	0
347	2
348	1
349	2
350	0
351	2
352	0
353	1
354	1
355	2
356	2
357	2
358	1
359	1
360	1
361	2
362	1
363	0
364	0
365	1
366	-1
367	0
368	0
369	0
370	0
371	0
372	0
373	0
374	-1
375	1
376	-1
377	0
378	-2
379	0
380	-1
381	0
382	0
383	-1
384	0
385	0
386	-2
387	0
388	0
389	0
390	0
391	0
392	0
393	1
394	1
395	1
396	0
397	2
398	0
399	2
400	0
401	2
402	0
403	0
404	0
405	1
406	0
407	1
408	1
409	0
410	0
411	0
412	0
413	0
414	0
415	0
416	0
417	0
418	-1
419	-1
420	-1
421	-1
422	-1
423	-1
424	-1
425	-1
426	-1
427	0
428	0
429	0
430	0
431	3
432	2
433	6
434	7
435	11
436	13
437	18
438	21
439	25
440	29
441	34
442	37
443	44
444	47
445	54
446	58
447	65
448	68
449	74
450	77
451	85
452	88
453	96
454	99
455	104
456	110
457	114
458	116
459	123
460	125
461	133
462	135
463	140
464	142
465	146
466	148
467	150
468	152
469	155
470	154
471	156
472	156
473	157
474	155
475	156
476	154
477	154
478	151
479	150
480	145
481	145
482	140
483	139
484	134
485	130
486	125
487	123
488	119
489	118
490	111
491	109
492	102
493	98
494	93
495	91
496	84
497	81
498	78
499	78
500	62
501	63
502	60
503	59
504	49
505	48
506	44
507	42
508	35
509	33
510	29
511	27
512	22
513	20
514	17
515	13
516	9
517	8
518	3
519	5
520	0
521	-1
522	-5
523	-7
524	-10
525	-10
526	-12
527	-13
528	-16
529	-16
530	-20
531	-20
532	-22
533	-23
534	-25
535	-24
536	-27
537	-28
538	-29
539	-30
540	-31
541	-31
542	-31
543	-32
544	-32
545	-32
546	-34
547	-33
548	-35
549	-33
550	-35
551	-33
552	-36
553	-34
554	-36
555	-36
556	-36
557	-35
558	-35
559	-35
560	-36
561	-34
562	-34
563	-33
564	-35
565	-33
566	-34
567	-33
568	-33
569	-31
570	-33
571	-30
572	-33
573	-31
574	-33
575	-31
576	-32
577	-30
578	-31
579	-30
580	-30
581	-30
582	-29
583	-29
584	-29
585	-29
586	-30
587	-29
588	-29
589	-29
590	-28
591	-28
592	-28
593	-27
594	-27
595	-26
596	-28
597	-24
598	-27
599	-24
600	-25
601	-23
602	-23
603	-19
604	-22
605	-18
606	-20
607	-19
608	-18
609	-16
610	-18
611	-15
612	-17
613	-15
614	-16
615	-15
616	-16
617	-14
618	-15
619	-14
620	-15
621	-13
622	-15
623	-14
624	-13
625	-14
626	-13
627	-14
628	-13
629	-13
630	-13
631	-12
632	-13
633	-13
634	-12
635	-12
636	-11
637	-10
638	-11
639	-10
640	-10
641	-8
642	-11
643	-6
644	-10
645	-8
646	-9
647	-7
648	-9
649	-5
650	-6
651	-6
652	-7
653	-6
654	-5
655	-6
656	-5
657	-5
658	-6
659	-5
660	-5
661	-6
662	-5
663	-4
664	-6
665	-5
666	-5
667	-5
668	-5
669	-4
670	-5
671	-4
672	-5
673	-4
674	-5
675	-3
676	-4
677	-4
678	-4
679	-2
680	-4
681	-2
682	-3
683	-1
684	-4
685	-2
686	-2
687	-2
688	-4
689	-1
690	-1
691	-1
692	0
693	0
694	-2
695	0
696	-1
697	0
698	-1
699	0
700	-1
701	0
702	-2
703	0
704	-3
705	0
706	-3
707	-1
708	-2
709	0
710	-3
711	-1
712	-3
713	-2
714	-4
715	-2
716	-4
717	-3
718	-4
719	-2
720	-5
721	-4
722	-4
723	-4
724	-4
725	-2
726	-4
727	-1
728	-3
729	-2
730	-3
731	-1
732	-2
733	-1
734	-1
735	0
736	-1
737	0
738	0
739	0
740	-1
741	1
742	0
743	0
744	0
745	1
746	0
747	0
748	0
749	0
750	0
751	0
752	-1
753	0
754	-2
755	-1
756	-3
757	-1
758	-2
759	-1
760	-3
761	-2
762	-3
763	-2
764	-4
765	-3
766	-3
767	-2
768	-3
769	-2
770	-4
771	-3
772	-4
773	-2
774	-3
775	-2
776	-3
777	-2
778	-2
779	-1
780	-4
781	-1
782	-3
783	0
784	-1
785	0
786	-1
787	0
788	-1
789	0
790	-1
791	0
792	-1
793	0
794	-1
795	0
796	-1
797	-1
798	-2
799	0
800	-2
801	0
802	-2
803	-1
804	-2
805	-1
806	-3
807	-2
808	-3
809	-2
810	-4
811	-2
812	-2
813	-2
814	-4
815	-2
816	-4
817	-2
818	-3
819	-2
820	-3
821	-2
822	-4
823	-2
824	-3
825	-1
826	-2
827	-2
828	-2
829	-1
830	-2
831	0
832	-1
833	0
834	-1
835	0
836	-2
837	0
838	-2
839	0
840	-1
841	0
842	-2
843	-1
844	-2
845	0
846	-1
847	0
848	-1
849	0
850	-2
851	0
852	-2
853	0
854	-2
855	0
856	-2
857	0
858	-1
859	0
860	-3
861	0
862	-1
863	0
864	-2
865	-1
866	-2
867	-1
868	-2
869	-1
870	-2
871	0
872	-1
873	-1
874	-3
875	0
876	-3
877	0
878	-2
879	-1
880	-2
881	-1
882	-1
883	-1
884	-2
885	-1
886	-2
887	0
888	-1
889	-1
890	-3
891	-1
892	-2
893	-2
894	-2
895	-2
896	-3
897	-2
898	-1
899	-2
900	-2
901	0
902	-1
903	-1
904	-2
905	-1
906	-1
907	-1
908	-2
909	-1
910	-2
911	-1
912	-2
913	-1
914	-1
915	-1
916	-1
917	-1
918	-1
919	-1
920	-2
921	-1
922	-1
923	-1
924	-1
925	-1
926	-2
927	0
928	-2
929	-2
930	-1
931	-2
932	-1
933	-2
934	-1
935	-1
936	-2
937	-1
938	-2
939	-2
940	-1
941	-1
942	-2
943	-1
944	-1
945	-1
946	-1
947	0
948	-1
949	0
950	-1
951	0
952	-1
953	1
954	0
955	0
956	0
957	0
958	-1
959	0
960	0
961	0
962	0
963	1
964	0
965	1
966	0
967	2
968	0
969	2
970	0
971	2
972	0
973	3
974	0
975	2
976	2
977	2
978	1
979	3
980	2
981	3
982	2
983	2
984	2
985	3
986	2
987	3
988	2
989	4
990	2
991	2
992	1
993	2
994	1
995	1
996	0
997	0
998	0
999	0
1000	0
1001	0
1002	0
1003	0
1004	0
1005	0
1006	-1
1007	0
1008	-1
1009	-1
1010	-2
1011	0
1012	-3
1013	-1
1014	-2
1015	-2
1016	-1
1017	-2
1018	-2
1019	-2
1020	-3
1021	-1
1022	-3
1023	-3
1024	-4
1025	-1
1026	-3
1027	-2
1028	-4
1029	-2
1030	-4
1031	-2
1032	-2
1033	-2
1034	-3
1035	-1
1036	-2
1037	-1
1038	-2
1039	-1
1040	-3
1041	-1
1042	-3
1043	-2
1044	-4
1045	-1
1046	-4
1047	-2
1048	-2
1049	0
1050	-3
1051	-1
1052	-3
1053	-2
1054	-4
1055	-2
1056	-4
1057	-3
1058	-5
1059	-4
1060	-5
1061	-4
1062	-5
1063	-5
1064	-5
1065	-4
1066	-6
1067	-4
1068	-5
1069	-4
1070	-5
1071	-3
1072	-4
1073	-3
1074	-3
1075	-2
1076	-4
1077	-2
1078	-2
1079	-2
1080	-3
1081	-1
1082	-2
1083	0
1084	-1
1085	0
1086	0
1087	0
1088	1
1089	1
1090	0
1091	1
1092	-1
1093	1
1094	0
1095	1
1096	0
1097	1
1098	0
1099	0
1100	0
1101	0
1102	0
1103	1
1104	0
1105	0
1106	0
1107	0
1108	0
1109	0
1110	0
1111	-1
1112	-1
1113	-1
1114	-2
1115	-1
1116	-3
1117	-1
1118	-1
1119	-1
1120	-2
1121	-1
1122	-4
1123	-2
1124	-4
1125	-2
1126	-4
1127	-2
1128	-4
1129	-2
1130	-4
1131	-2
1132	-3
1133	-1
1134	-1
1135	-1
1136	-3
1137	-1
1138	-2
1139	-2
1140	-3
1141	-2
1142	-3
1143	-3
1144	-3
1145	-1
1146	-3
1147	-2
1148	-3
1149	-1
1150	-3
1151	-1
1152	-3
1153	-2
1154	-3
1155	-2
1156	-2
1157	-2
1158	-2
1159	-2
1160	-3
1161	-1
1162	-3
1163	-2
1164	-3
1165	-1
1166	-2
1167	-1
1168	-2
1169	0
1170	-2
1171	0
1172	0
1173	0
1174	0
1175	0
1176	0
1177	1
1178	0
1179	0
1180	1
1181	2
1182	2
1183	2
1184	2
1185	3
1186	1
1187	4
1188	2
1189	3
1190	2
1191	4
1192	3
1193	4
1194	2
1195	4
1196	3
1197	3
1198	2
1199	4
1200	3
1201	4
1202	3
1203	4
1204	1
1205	5
1206	2
1207	4
1208	3
1209	4
1210	2
1211	3
1212	1
1213	2
1214	0
1215	2
1216	0
1217	1
1218	0
1219	0
1220	0
1221	1
1222	0
1223	0
1224	0
1225	0
1226	-1
1227	0
1228	-1
1229	0
1230	-1
1231	-2
1232	-1
1233	0
1234	-1
1235	-1
1236	-1
1237	-1
1238	-2
1239	-1
1240	-3
1241	-1
1242	-2
1243	-1
1244	-3
1245	-1
1246	-1
1247	-2
1248	-3
1249	-1
1250	-3
1251	-2
1252	-3
1253	-2
1254	-4
1255	-1
1256	-2
1257	-2
1258	-2
1259	-2
1260	-2
1261	-2
1262	-3
1263	-2
1264	-2
1265	0
1266	-2
1267	0
1268	-2
1269	-1
1270	-2
1271	-1
1272	-2
1273	0
1274	-1
1275	-1
1276	-1
1277	0
1278	-1
1279	0
1280	-2
1281	0
1282	0
1283	0
1284	0
1285	0
1286	-1
1287	0
1288	0
1289	0
1290	0
1291	1
1292	0
1293	1
1294	0
1295	0
1296	-1
1297	1
1298	-1
1299	0
1300	0
1301	1
1302	0
1303	1
1304	-1
1305	1
1306	0
1307	0
1308	0
1309	0
1310	0
1311	0
1312	0
1313	0
1314	-1
1315	0
1316	0
1317	0
1318	-1
1319	1
1320	0
1321	1
1322	0
1323	1
1324	0
1325	1
1326	0
1327	1
1328	0
1329	0
1330	0
1331	1
1332	0
1333	1
1334	0
1335	2
1336	0
1337	1
1338	0
1339	0
1340	0
1341	0
1342	0
1343	0
1344	0
1345	0
1346	0
1347	0
1348	0
1349	0
1350	0
1351	0
1352	0
1353	0
1354	0
1355	0
1356	-1
1357	0
1358	0
1359	0
1360	0
1361	-1
1362	-1
1363	0
1364	-1
1365	-1
1366	-2
1367	0
1368	-2
1369	0
1370	-2
1371	0
1372	-1
1373	-1
1374	-1
1375	-2
1376	-2
1377	-1
1378	-2
1379	0
1380	-2
1381	-2
1382	-2
1383	-1
1384	-3
1385	0
1386	-3
1387	0
1388	-2
1389	0
1390	-2
1391	-1
1392	-2
1393	0
1394	-2
1395	0
1396	-1
1397	0
1398	0
1399	0
1400	0
1401	0
1402	0
1403	0
1404	0
1405	0
1406	0
1407	0
1408	0
1409	-1
1410	0
1411	0
1412	-1
1413	-1
1414	-1
1415	-1
1416	-2
1417	-1
1418	-1
1419	-1
1420	-3
1421	-2
1422	-2
1423	-2
1424	-2
1425	-2
1426	-3
1427	-3
1428	-2
1429	-1
1430	-2
1431	-2
1432	-2
1433	-2
1434	-2
1435	-1
1436	-1
1437	-1
1438	-2
1439	-1
1440	-1
1441	-1
1442	-1
1443	-1
1444	-1
1445	0
1446	-2
1447	0
1448	-2
1449	0
1450	-1
1451	0
1452	-1
1453	-1
1454	0
1455	0
1456	-1
1457	0
1458	-1
1459	0
1460	-1
1461	0
1462	-1
1463	0
1464	-1
1465	0
1466	-1
1467	0
1468	0
1469	0
1470	-2
1471	0
1472	-1
1473	-1
1474	-1
1475	0
1476	-2
1477	0
1478	-3
1479	0
1480	0
1481	0
1482	-1
1483	0
1484	-2
1485	0
1486	-3
1487	-1
1488	-1
1489	-1
1490	-3
1491	-1
1492	-1
1493	0
1494	-1
1495	-1
1496	-2
1497	-1
1498	-3
1499	-1
1500	-1
1501	-1
1502	-2
1503	-1
1504	-2
1505	-2
1506	-3
1507	0
1508	-2
1509	0
1510	-2
1511	0
1512	-2
1513	0
1514	-2
1515	0
1516	-2
1517	0
1518	-1
1519	0
1520	-1
1521	0
1522	-1
1523	0
1524	-1
1525	0
1526	-1
1527	0
1528	-1
1529	0
1530	-1
1531	-1
1532	-1
1533	0
1534	-1
1535	0
1536	0
1537	0
1538	0
1539	0
1540	0
1541	0
1542	-1
1543	0
1544	-1
1545	0
1546	-2
1547	0
1548	-1
1549	0
1550	0
1551	0
1552	-1
1553	0
1554	0
1555	1
1556	0
1557	1
1558	0
1559	2
1560	0
1561	1
1562	0
1563	2
1564	0
1565	2
1566	2
1567	2
1568	0
1569	2
1570	1
1571	1
1572	1
1573	2
1574	1
1575	3
1576	2
1577	1
1578	2
1579	3
1580	1
1581	2
1582	2
1583	3
1584	1
1585	3
1586	1
1587	3
1588	0
1589	1
1590	0
1591	2
1592	1
1593	0
1594	0
1595	0
1596	1
1597	1
1598	0
1599	1
1600	0
1601	1
1602	1
1603	1
1604	0
1605	1
1606	0
1607	1
1608	0
1609	0
1610	0
1611	2
1612	0
1613	2
1614	0
1615	2
1616	0
1617	1
1618	0
1619	1
1620	-1
1621	0
1622	0
1623	0
1624	0
1625	0
1626	-1
1627	0
1628	-1
1629	0
1630	-1
1631	0
1632	-1
1633	0
1634	-1
1635	0
1636	0
1637	0
1638	-2
1639	0
1640	0
1641	0
1642	0
1643	0
1644	0
1645	0
1646	0
1647	0
1648	-1
1649	0
1650	-1
1651	1
1652	-1
1653	0
1654	-1
1655	0
1656	0
1657	0
1658	-1
1659	1
1660	-1
1661	0
1662	-1
1663	0
1664	-2
1665	0
1666	-2
1667	0
1668	-2
1669	0
1670	-1
1671	0
1672	-1
1673	0
1674	-1
1675	0
1676	-2
1677	-1
1678	-2
1679	-2
1680	-2
1681	-1
1682	-3
1683	-1
1684	-2
1685	-1
1686	0
1687	-2
1688	-1
1689	-2
1690	-1
1691	-1
1692	-3
1693	-2
1694	-2
1695	-1
1696	-2
1697	-2
1698	-2
1699	-1
1700	-2
1701	-1
1702	-2
1703	0
1704	-2
1705	0
1706	-1
1707	0
1708	0
1709	0
1710	0
1711	0
1712	0
1713	1
1714	0
1715	1
1716	1
1717	1
1718	1
1719	2
1720	1
1721	3
1722	1
1723	3
1724	2
1725	2
1726	3
1727	3
1728	2
1729	3
1730	2
1731	3
1732	2
1733	3
1734	2
1735	4
1736	3
1737	3
1738	3
1739	3
1740	3
1741	3
1742	3
1743	2
1744	1
1745	2
1746	1
1747	2
1748	0
1749	1
1750	0
1751	0
1752	0
1753	0
1754	0
1755	0
1756	0
1757	0
1758	0
1759	1
1760	0
1761	0
1762	-1
1763	0
1764	0
1765	0
1766	0
1767	0
1768	-1
1769	0
1770	0
1771	0
1772	-1
1773	0
1774	0
1775	0
1776	-1
1777	0
1778	0
1779	0
1780	-1
1781	0
1782	0
1783	0
1784	-1
1785	0
1786	-1
1787	0
1788	-2
1789	0
1790	-1
1791	0
1792	-2
1793	-1
1794	-2
1795	0
1796	-2
1797	0
1798	-2
1799	-1
1800	-2
1801	0
1802	-2
1803	-1
1804	-2
1805	0
1806	-2
1807	-1
1808	-2
1809	0
1810	-1
1811	0
1812	0
1813	0
1814	-1
1815	0
1816	0
1817	0
1818	0
1819	0
1820	0
1821	2
1822	0
1823	2
1824	1
1825	2
1826	1
1827	2
1828	2
1829	3
1830	2
1831	3
1832	2
1833	2
1834	3
1835	3
1836	2
1837	3
1838	2
1839	3
1840	2
1841	3
1842	3
1843	2
1844	1
1845	3
1846	2
1847	3
1848	2
1849	2
1850	1
1851	0
1852	1
1853	2
1854	0
1855	2
1856	1
1857	3
1858	0
1859	2
1860	0
1861	1
1862	0
1863	2
1864	0
1865	1
1866	1
1867	1
1868	0
1869	2
1870	1
1871	2
1872	0
1873	2
1874	0
1875	1
1876	0
1877	2
1878	1
1879	1
1880	0
1881	1
1882	0
1883	1
1884	1
1885	2
1886	0
1887	4
1888	1
1889	2
1890	1
1891	3
1892	0
1893	4
1894	1
1895	3
1896	1
1897	2
1898	1
1899	3
1900	2
1901	2
1902	1
1903	2
1904	0
1905	3
1906	1
1907	3
1908	2
1909	3
1910	2
1911	3
1912	2
1913	3
1914	2
1915	3
1916	2
1917	2
1918	1
1919	4
1920	2
1921	4
1922	1
1923	3
1924	2
1925	4
1926	2
1927	3
1928	2
1929	3
1930	1
1931	3
1932	1
1933	2
1934	1
1935	2
1936	1
1937	2
1938	2
1939	1
1940	2
1941	2
1942	1
1943	2
1944	0
1945	1
1946	0
1947	1
1948	0
1949	0
1950	0
1951	0
1952	-1
1953	-1
1954	-1
1955	0
1956	-1
1957	0
1958	0
1959	-1
1960	-1
1961	-1
1962	-1
1963	-1
1964	-1
1965	0
1966	-1
1967	-1
1968	-3
1969	0
1970	-2
1971	0
1972	-2
1973	-1
1974	-2
1975	0
1976	-2
1977	-1
1978	-2
1979	0
1980	-2
1981	-1
1982	-1
1983	-1
1984	-2
1985	-1
1986	-2
1987	0
1988	-2
1989	-2
1990	-1
1991	0
1992	-1
1993	-1
1994	-1
1995	0
1996	-2
1997	0
1998	-1
1999	-1
