0	0
1	0
2	0
3	0
4	-1
5	0
6	0
7	0
8	-1
9	0
10	0
11	0
12	0
13	1
14	0
15	1
16	0
17	0
18	-1
19	0
20	0
21	0
22	0
23	0
24	0
25	0
26	0
27	0
28	0
29	0
30	0
31	0
32	0
33	1
34	0
35	1
36	0
37	0
38	0
39	1
40	0
41	1
42	0
43	1
44	0
45	3
46	0
47	2
48	0
49	1
50	0
51	2
52	0
53	1
54	0
55	1
56	0
57	2
58	0
59	2
60	0
61	1
62	0
63	1
64	0
65	2
66	0
67	2
68	0
69	1
70	0
71	1
72	0
73	0
74	0
75	1
76	0
77	0
78	0
79	2
80	0
81	2
82	0
83	1
84	0
85	2
86	0
87	1
88	1
89	0
90	0
91	1
92	0
93	1
94	0
95	0
96	0
97	0
98	0
99	0
100	0
101	0
102	0
103	0
104	0
105	0
106	0
107	0
108	0
109	0
110	0
111	0
112	0
113	0
114	0
115	0
116	0
117	0
118	0
119	0
120	-1
121	0
122	0
123	0
124	0
125	0
126	-1
127	0
128	-1
129	0
130	0
131	0
132	0
133	0
134	0
135	0
136	0
137	1
138	0
139	1
140	0
141	1
142	0
143	1
144	0
145	1
146	0
147	1
148	0
149	1
150	0
151	1
152	0
153	1
154	1
155	1
156	0
157	1
158	0
159	2
160	0
161	1
162	0
163	0
164	1
165	1
166	0
167	2
168	0
169	2
170	0
171	1
172	0
173	2
174	0
175	2
176	0
177	2
178	0
179	3
180	1
181	2
182	1
183	1
184	1
185	3
186	0
187	3
188	1
189	1
190	0
191	2
192	1
193	1
194	0
195	2
196	1
197	2
198	0
199	1
200	0
201	0
202	0
203	1
204	0
205	1
206	0
207	0
208	0
209	0
210	0
211	0
212	0
213	0
214	0
215	0
216	0
217	0
218	0
219	0
220	0
221	0
222	-1
223	0
224	0
225	0
226	0
227	0
228	0
229	0
230	0
231	0
232	0
233	0
234	0
235	0
236	0
237	0
238	0
239	0
240	0
241	0
242	0
243	0
244	0
245	0
246	0
247	0
248	0
249	0
250	0
251	0
252	0
253	0
254	0
255	0
256	0
257	0
258	0
259	1
260	0
261	1
262	0
263	0
264	0
265	1
266	0
267	1
268	0
269	0
270	0
271	1
272	0
273	2
274	0
275	1
276	0
277	1
278	0
279	1
280	0
281	2
282	0
283	1
284	0
285	1
286	0
287	2
288	0
289	2
290	0
291	1
292	0
293	0
294	0
295	0
296	0
297	0
298	0
299	0
300	0
301	1
302	0
303	0
304	0
305	0
306	0
307	0
308	0
309	0
310	0
311	0
312	0
313	0
314	0
315	1
316	0
317	1
318	0
319	0
320	0
321	0
322	0
323	0
324	0
325	0
326	0
327	0
328	0
329	0
330	0
331	1
332	0
333	0
334	0
335	0
336	0
337	0
338	0
339	0
340	0
341	0
342	0
343	0
344	0
345	0
346	0
347	0
348	0
349	0
350	0
351	0
352	-1
353	0
354	0
355	2
356	-1
357	1
358	-1
359	1
360	-1
361	0
362	0
363	1
364	0
365	1
366	0
367	1
368	0
369	0
370	0
371	0
372	0
373	1
374	0
375	1
376	0
377	1
378	0
379	0
380	0
381	1
382	0
383	2
384	0
385	1
386	0
387	1
388	1
389	2
390	0
391	1
392	0
393	1
394	0
395	1
396	0
397	1
398	0
399	2
400	0
401	1
402	0
403	0
404	0
405	0
406	0
407	2
408	0
409	1
410	0
411	1
412	0
413	1
414	0
415	0
416	-1
417	0
418	0
419	0
420	0
421	0
422	0
423	0
424	0
425	0
426	0
427	0
428	0
429	0
430	0
431	1
432	0
433	2
434	0
435	2
436	0
437	4
438	5
439	9
440	9
441	14
442	13
443	18
444	18
445	25
446	25
447	30
448	32
449	37
450	39
451	44
452	46
453	52
454	54
455	58
456	60
457	65
458	66
459	71
460	72
461	79
462	77
463	82
464	83
465	87
466	88
467	91
468	92
469	94
470	94
471	97
472	96
473	100
474	97
475	100
476	97
477	99
478	97
479	100
480	96
481	98
482	94
483	96
484	92
485	95
486	90
487	92
488	87
489	88
490	83
491	85
492	81
493	81
494	79
495	78
496	73
497	76
498	75
499	78
500	62
501	68
502	66
503	66
504	62
505	64
506	57
507	58
508	56
509	56
510	51
511	52
512	47
513	48
514	46
515	46
516	42
517	44
518	39
519	39
520	36
521	36
522	34
523	35
524	31
525	31
526	27
527	27
528	24
529	24
530	22
531	22
532	19
533	18
534	16
535	18
536	15
537	14
538	10
539	11
540	8
541	10
542	6
543	8
544	5
545	5
546	2
547	3
548	0
549	2
550	0
551	0
552	-2
553	-1
554	-3
555	-3
556	-5
557	-4
558	-6
559	-5
560	-7
561	-6
562	-8
563	-7
564	-10
565	-7
566	-10
567	-8
568	-10
569	-10
570	-11
571	-10
572	-11
573	-11
574	-11
575	-10
576	-11
577	-10
578	-12
579	-9
580	-12
581	-9
582	-12
583	-9
584	-12
585	-8
586	-13
587	-9
588	-11
589	-9
590	-10
591	-9
592	-10
593	-8
594	-11
595	-9
596	-11
597	-7
598	-9
599	-7
600	-8
601	-7
602	-11
603	-5
604	-10
605	-7
606	-10
607	-7
608	-10
609	-6
610	-10
611	-4
612	-9
613	-6
614	-7
615	-5
616	-7
617	-5
618	-8
619	-4
620	-6
621	-4
622	-6
623	-4
624	-6
625	-3
626	-5
627	-2
628	-6
629	-2
630	-5
631	-1
632	-3
633	-1
634	-3
635	0
636	-4
637	-1
638	-4
639	-1
640	-3
641	-2
642	-3
643	-1
644	-4
645	-1
646	-4
647	-1
648	-4
649	0
650	-4
651	-2
652	-4
653	0
654	-3
655	0
656	-2
657	-1
658	-2
659	-1
660	-3
661	-1
662	-2
663	0
664	-3
665	-1
666	-2
667	0
668	-2
669	0
670	-2
671	-1
672	-2
673	0
674	-2
675	0
676	-1
677	0
678	-1
679	-1
680	-2
681	0
682	-2
683	0
684	-1
685	0
686	-2
687	0
688	-3
689	0
690	-1
691	0
692	-2
693	0
694	-1
695	0
696	-1
697	-2
698	-1
699	-1
700	-2
701	0
702	-3
703	0
704	-2
705	0
706	-1
707	0
708	-2
709	0
710	-2
711	0
712	-2
713	0
714	-1
715	0
716	-2
717	0
718	0
719	0
720	-3
721	0
722	-2
723	0
724	-1
725	0
726	0
727	0
728	-1
729	0
730	0
731	0
732	0
733	0
734	0
735	0
736	0
737	0
738	0
739	0
740	0
741	0
742	0
743	1
744	0
745	1
746	-1
747	1
748	0
749	0
750	0
751	2
752	0
753	2
754	0
755	0
756	0
757	2
758	1
759	0
760	0
761	1
762	-1
763	0
764	0
765	1
766	0
767	0
768	0
769	0
770	-1
771	1
772	-2
773	1
774	-1
775	0
776	-2
777	-1
778	-2
779	0
780	-2
781	0
782	-2
783	0
784	-3
785	0
786	-3
787	0
788	-4
789	0
790	-3
791	0
792	-4
793	0
794	-2
795	-1
796	-3
797	-1
798	-3
799	-1
800	-3
801	0
802	-3
803	-1
804	-4
805	-1
806	-3
807	-1
808	-4
809	-1
810	-3
811	-1
812	-2
813	-1
814	-2
815	-1
816	-3
817	-1
818	-3
819	-1
820	-4
821	-1
822	-5
823	-2
824	-4
825	-1
826	-4
827	-2
828	-5
829	-3
830	-4
831	-2
832	-3
833	-2
834	-4
835	-1
836	-4
837	-2
838	-4
839	-1
840	-3
841	-1
842	-4
843	-1
844	-3
845	-1
846	-4
847	-1
848	-1
849	-1
850	-2
851	-1
852	-3
853	0
854	-3
855	-1
856	-2
857	-1
858	-2
859	0
860	-2
861	-1
862	-4
863	-1
864	-3
865	-1
866	-3
867	-1
868	-2
869	-2
870	-2
871	-1
872	-3
873	-2
874	-3
875	-1
876	-2
877	-1
878	-4
879	-1
880	-4
881	-1
882	-3
883	-2
884	-4
885	-3
886	-3
887	-2
888	-4
889	-2
890	-4
891	-1
892	-2
893	-1
894	-2
895	-1
896	-5
897	-1
898	-3
899	-1
900	-3
901	-1
902	-2
903	-1
904	-4
905	-1
906	-3
907	0
908	-3
909	0
910	-1
911	0
912	-2
913	0
914	-2
915	0
916	-2
917	0
918	-2
919	0
920	-3
921	0
922	-3
923	0
924	-1
925	-1
926	-1
927	-1
928	-1
929	0
930	-2
931	-1
932	-3
933	-1
934	-3
935	-1
936	-2
937	-1
938	-2
939	0
940	-2
941	-1
942	-2
943	-1
944	-3
945	-1
946	-2
947	-1
948	-3
949	-1
950	-4
951	-2
952	-1
953	0
954	-2
955	-1
956	-3
957	-1
958	-2
959	-1
960	-3
961	0
962	-1
963	-1
964	-2
965	-1
966	-1
967	0
968	-1
969	0
970	-1
971	-1
972	-2
973	-1
974	-2
975	0
976	-1
977	0
978	-2
979	0
980	-2
981	-1
982	-3
983	-1
984	-3
985	-1
986	-2
987	-1
988	-2
989	-2
990	-4
991	-2
992	-2
993	-1
994	-3
995	-1
996	-3
997	-2
998	-3
999	-1
1000	-3
1001	-1
1002	-4
1003	0
1004	-2
1005	0
1006	-2
1007	0
1008	-4
1009	0
1010	-3
1011	0
1012	-3
1013	0
1014	-2
1015	0
1016	-2
1017	0
1018	0
1019	-1
1020	0
1021	0
1022	-2
1023	0
1024	-1
1025	-1
1026	-2
1027	0
1028	-1
1029	-1
1030	-1
1031	-1
1032	-4
1033	-1
1034	-2
1035	-1
1036	-1
1037	-1
1038	-2
1039	-1
1040	-2
1041	0
1042	-3
1043	-1
1044	-3
1045	-1
1046	-2
1047	0
1048	-4
1049	-1
1050	-4
1051	-3
1052	-5
1053	-1
1054	-3
1055	-1
1056	-2
1057	-1
1058	-3
1059	-1
1060	-3
1061	-1
1062	-3
1063	-2
1064	-2
1065	-2
1066	-2
1067	-1
1068	-3
1069	-1
1070	-2
1071	-1
1072	-2
1073	-1
1074	-1
1075	-1
1076	-1
1077	-1
1078	-2
1079	0
1080	-1
1081	-1
1082	-2
1083	0
1084	-1
1085	0
1086	-3
1087	0
1088	-1
1089	0
1090	-1
1091	0
1092	-3
1093	0
1094	-2
1095	-1
1096	-2
1097	-1
1098	-2
1099	0
1100	-2
1101	-1
1102	-2
1103	-1
1104	-2
1105	-1
1106	-2
1107	0
1108	-3
1109	-1
1110	-2
1111	-1
1112	-2
1113	-1
1114	-1
1115	-1
1116	-1
1117	-1
1118	-1
1119	0
1120	-3
1121	0
1122	-2
1123	0
1124	-2
1125	0
1126	-2
1127	0
1128	-1
1129	0
1130	-2
1131	0
1132	-2
1133	0
1134	-2
1135	0
1136	-1
1137	0
1138	-3
1139	0
1140	-2
1141	0
1142	-1
1143	0
1144	-1
1145	0
1146	-1
1147	0
1148	0
1149	0
1150	-1
1151	0
1152	-1
1153	-1
1154	-1
1155	-1
1156	-2
1157	-1
1158	-1
1159	-1
1160	-3
1161	-2
1162	-3
1163	-1
1164	-3
1165	-1
1166	-3
1167	-1
1168	-4
1169	-2
1170	-3
1171	-2
1172	-3
1173	-2
1174	-4
1175	-2
1176	-3
1177	-3
1178	-3
1179	-2
1180	-3
1181	-2
1182	-1
1183	0
1184	-2
1185	0
1186	-2
1187	0
1188	0
1189	1
1190	0
1191	0
1192	-1
1193	0
1194	-1
1195	0
1196	0
1197	0
1198	0
1199	0
1200	0
1201	1
1202	0
1203	0
1204	0
1205	0
1206	0
1207	0
1208	-2
1209	0
1210	-1
1211	0
1212	-1
1213	0
1214	-2
1215	0
1216	-2
1217	-1
1218	-4
1219	-1
1220	-2
1221	0
1222	-4
1223	-1
1224	-3
1225	0
1226	-3
1227	-2
1228	-4
1229	-1
1230	-4
1231	-1
1232	-4
1233	-2
1234	-3
1235	-1
1236	-3
1237	-1
1238	-3
1239	-2
1240	-2
1241	-2
1242	-3
1243	-3
1244	-3
1245	-2
1246	-3
1247	-1
1248	-2
1249	-2
1250	-2
1251	-1
1252	-3
1253	-1
1254	-4
1255	0
1256	-3
1257	-1
1258	-2
1259	-1
1260	-3
1261	-1
1262	-2
1263	-2
1264	-3
1265	0
1266	-2
1267	-1
1268	-4
1269	-1
1270	-3
1271	0
1272	-1
1273	-2
1274	-2
1275	-1
1276	-3
1277	-1
1278	-2
1279	0
1280	-1
1281	0
1282	-1
1283	0
1284	-1
1285	0
1286	-1
1287	0
1288	0
1289	1
1290	-1
1291	1
1292	-1
1293	1
1294	0
1295	0
1296	-1
1297	0
1298	-2
1299	0
1300	-2
1301	0
1302	0
1303	0
1304	0
1305	0
1306	-1
1307	0
1308	-2
1309	-1
1310	-2
1311	0
1312	-1
1313	0
1314	-1
1315	-1
1316	-2
1317	-1
1318	-2
1319	0
1320	-3
1321	0
1322	-3
1323	0
1324	-2
1325	0
1326	-2
1327	0
1328	-2
1329	0
1330	-2
1331	0
1332	-2
1333	0
1334	-2
1335	-1
1336	-1
1337	0
1338	-2
1339	-1
1340	-2
1341	0
1342	-3
1343	0
1344	-2
1345	0
1346	-3
1347	0
1348	-3
1349	0
1350	-2
1351	-1
1352	-3
1353	0
1354	-4
1355	-2
1356	-4
1357	0
1358	-4
1359	0
1360	-4
1361	-1
1362	-5
1363	-2
1364	-4
1365	-1
1366	-4
1367	-2
1368	-4
1369	-2
1370	-5
1371	-2
1372	-4
1373	-2
1374	-2
1375	-1
1376	-2
1377	-1
1378	-3
1379	0
1380	-2
1381	-1
1382	-1
1383	0
1384	-1
1385	0
1386	-1
1387	0
1388	0
1389	0
1390	-1
1391	0
1392	-1
1393	0
1394	-1
1395	0
1396	-1
1397	0
1398	0
1399	0
1400	0
1401	0
1402	0
1403	0
1404	0
1405	0
1406	0
1407	0
1408	0
1409	0
1410	-1
1411	0
1412	-1
1413	0
1414	-1
1415	0
1416	0
1417	0
1418	-1
1419	0
1420	-1
1421	0
1422	0
1423	0
1424	-2
1425	0
1426	-2
1427	0
1428	-3
1429	0
1430	-2
1431	0
1432	-2
1433	0
1434	-2
1435	0
1436	-1
1437	0
1438	-1
1439	0
1440	-2
1441	0
1442	-1
1443	0
1444	-2
1445	-1
1446	-3
1447	-1
1448	-1
1449	-2
1450	-4
1451	-2
1452	-3
1453	0
1454	-3
1455	-1
1456	-3
1457	-2
1458	-2
1459	-1
1460	-2
1461	-1
1462	-2
1463	-1
1464	-2
1465	-1
1466	-3
1467	0
1468	-4
1469	-1
1470	-3
1471	0
1472	-4
1473	0
1474	-3
1475	0
1476	-2
1477	0
1478	-3
1479	0
1480	-2
1481	0
1482	-3
1483	0
1484	-1
1485	0
1486	-1
1487	0
1488	-1
1489	0
1490	-1
1491	0
1492	-3
1493	0
1494	-2
1495	-1
1496	-1
1497	0
1498	-1
1499	0
1500	-2
1501	0
1502	-1
1503	0
1504	-2
1505	0
1506	-1
1507	0
1508	0
1509	0
1510	-1
1511	0
1512	0
1513	0
1514	0
1515	0
1516	-1
1517	0
1518	-2
1519	0
1520	0
1521	0
1522	-2
1523	0
1524	-1
1525	0
1526	-1
1527	0
1528	-1
1529	0
1530	-2
1531	0
1532	-1
1533	0
1534	0
1535	0
1536	-1
1537	0
1538	-2
1539	0
1540	-1
1541	0
1542	-1
1543	0
1544	-1
1545	0
1546	-1
1547	0
1548	-1
1549	0
1550	-1
1551	0
1552	-2
1553	0
1554	-1
1555	0
1556	-2
1557	0
1558	-2
1559	0
1560	-1
1561	0
1562	-1
1563	0
1564	-2
1565	0
1566	-1
1567	0
1568	-1
1569	0
1570	-1
1571	0
1572	-2
1573	0
1574	-2
1575	0
1576	-1
1577	0
1578	-1
1579	-1
1580	-1
1581	0
1582	-3
1583	0
1584	-2
1585	0
1586	-3
1587	0
1588	-2
1589	0
1590	-1
1591	-1
1592	-2
1593	0
1594	0
1595	0
1596	-1
1597	0
1598	-3
1599	-1
1600	-2
1601	0
1602	-2
1603	0
1604	-2
1605	0
1606	-1
1607	0
1608	0
1609	0
1610	0
1611	0
1612	-1
1613	0
1614	-1
1615	0
1616	-1
1617	0
1618	-1
1619	0
1620	-1
1621	0
1622	0
1623	0
1624	-1
1625	0
1626	-2
1627	0
1628	-1
1629	0
1630	-2
1631	0
1632	0
1633	-1
1634	-1
1635	-1
1636	-2
1637	-1
1638	-2
1639	0
1640	-1
1641	0
1642	-2
1643	-1
1644	-2
1645	0
1646	-2
1647	0
1648	-1
1649	0
1650	-2
1651	0
1652	-1
1653	0
1654	-1
1655	0
1656	-1
1657	0
1658	-2
1659	0
1660	-1
1661	0
1662	0
1663	0
1664	0
1665	0
1666	0
1667	0
1668	0
1669	0
1670	-1
1671	0
1672	-2
1673	0
1674	0
1675	0
1676	-1
1677	0
1678	-2
1679	0
1680	-1
1681	0
1682	-1
1683	0
1684	0
1685	0
1686	-1
1687	-1
1688	-1
1689	0
1690	-2
1691	0
1692	-2
1693	0
1694	-1
1695	0
1696	0
1697	0
1698	0
1699	0
1700	0
1701	0
1702	-1
1703	0
1704	0
1705	0
1706	0
1707	0
1708	-1
1709	0
1710	0
1711	0
1712	-1
1713	0
1714	0
1715	0
1716	0
1717	0
1718	0
1719	0
1720	0
1721	0
1722	0
1723	0
1724	-1
1725	0
1726	-1
1727	0
1728	0
1729	0
1730	-1
1731	0
1732	-1
1733	0
1734	-1
1735	0
1736	0
1737	0
1738	-1
1739	0
1740	-1
1741	0
1742	-1
1743	0
1744	0
1745	0
1746	0
1747	0
1748	0
1749	0
1750	-1
1751	0
1752	0
1753	0
1754	-1
1755	0
1756	0
1757	0
1758	0
1759	0
1760	-1
1761	0
1762	0
1763	0
1764	-1
1765	0
1766	-1
1767	0
1768	-1
1769	0
1770	-1
1771	0
1772	-1
1773	0
1774	-2
1775	0
1776	0
1777	0
1778	-1
1779	0
1780	-1
1781	0
1782	-2
1783	0
1784	-1
1785	0
1786	0
1787	0
1788	-1
1789	0
1790	0
1791	0
1792	0
1793	0
1794	0
1795	0
1796	0
1797	0
1798	-1
1799	0
1800	0
1801	0
1802	0
1803	0
1804	-1
1805	0
1806	0
1807	0
1808	0
1809	0
1810	0
1811	0
1812	0
1813	0
1814	0
1815	0
1816	-1
1817	0
1818	0
1819	0
1820	-1
1821	0
1822	-1
1823	0
1824	-1
1825	0
1826	0
1827	0
1828	0
1829	0
1830	-1
1831	0
1832	0
1833	0
1834	0
1835	0
1836	0
1837	0
1838	0
1839	0
1840	0
1841	0
1842	0
1843	0
1844	0
1845	0
1846	0
1847	0
1848	-1
1849	0
1850	0
1851	0
1852	-1
1853	0
1854	-1
1855	0
1856	-1
1857	-2
1858	0
1859	0
1860	0
1861	0
1862	-1
1863	0
1864	0
1865	0
1866	0
1867	0
1868	-1
1869	0
1870	0
1871	0
1872	0
1873	0
1874	0
1875	0
1876	-1
1877	0
1878	-2
1879	0
1880	-1
1881	-1
1882	-2
1883	-1
1884	-1
1885	0
1886	0
1887	0
1888	-2
1889	-1
1890	-2
1891	-1
1892	-2
1893	0
1894	-1
1895	0
1896	-1
1897	0
1898	-2
1899	0
1900	-2
1901	0
1902	-1
1903	0
1904	-1
1905	0
1906	-1
1907	0
1908	-1
1909	0
1910	0
1911	0
1912	0
1913	0
1914	0
1915	1
1916	0
1917	1
1918	0
1919	0
1920	-1
1921	2
1922	-1
1923	1
1924	0
1925	0
1926	0
1927	2
1928	0
1929	1
1930	0
1931	2
1932	0
1933	1
1934	0
1935	1
1936	0
1937	0
1938	0
1939	1
1940	0
1941	0
1942	0
1943	0
1944	-1
1945	0
1946	-2
1947	0
1948	-2
1949	0
1950	-2
1951	0
1952	-1
1953	0
1954	-2
1955	0
1956	-2
1957	0
1958	-2
1959	0
1960	-2
1961	0
1962	-1
1963	0
1964	-2
1965	0
1966	-2
1967	0
1968	0
1969	0
1970	-2
1971	0
1972	-1
1973	0
1974	-2
1975	0
1976	-1
1977	0
1978	-2
1979	0
1980	0
1981	0
1982	-1
1983	-1
1984	-2
1985	0
1986	-2
1987	0
1988	-2
1989	0
1990	-1
1991	0
1992	-2
1993	0
1994	0
1995	0
1996	0
1997	0
1998	-1
1999	0
