0	0
1	2
2	-1
3	1
4	0
5	3
6	0
7	1
8	0
9	1
10	0
11	1
12	1
13	1
14	0
15	1
16	0
17	1
18	0
19	2
20	0
21	1
22	0
23	1
24	0
25	0
26	0
27	0
28	0
29	1
30	0
31	1
32	-1
33	0
34	-1
35	0
36	0
37	1
38	-1
39	0
40	0
41	1
42	0
43	1
44	-1
45	2
46	-1
47	1
48	0
49	0
50	-1
51	1
52	0
53	1
54	0
55	0
56	0
57	1
58	0
59	1
60	0
61	0
62	0
63	0
64	0
65	0
66	0
67	1
68	0
69	0
70	0
71	1
72	0
73	1
74	0
75	2
76	0
77	0
78	0
79	2
80	0
81	2
82	0
83	2
84	1
85	2
86	0
87	3
88	0
89	3
90	1
91	4
92	0
93	1
94	0
95	1
96	0
97	2
98	0
99	2
100	0
101	1
102	-1
103	1
104	0
105	1
106	0
107	3
108	0
109	2
110	0
111	1
112	-1
113	0
114	0
115	0
116	-2
117	1
118	0
119	0
120	0
121	0
122	-1
123	2
124	0
125	1
126	0
127	1
128	0
129	0
130	0
131	1
132	0
133	1
134	0
135	1
136	0
137	1
138	0
139	2
140	-1
141	0
142	0
143	0
144	0
145	0
146	0
147	0
148	0
149	1
150	0
151	1
152	0
153	2
154	0
155	2
156	0
157	2
158	0
159	1
160	0
161	2
162	0
163	1
164	0
165	1
166	0
167	0
168	0
169	1
170	0
171	1
172	-1
173	2
174	0
175	1
176	0
177	1
178	0
179	2
180	0
181	1
182	0
183	2
184	0
185	1
186	0
187	2
188	0
189	3
190	0
191	2
192	0
193	2
194	0
195	1
196	0
197	1
198	0
199	2
200	0
201	1
202	0
203	2
204	0
205	1
206	0
207	1
208	0
209	2
210	1
211	3
212	0
213	2
214	0
215	2
216	0
217	1
218	0
219	2
220	0
221	2
222	0
223	1
224	0
225	2
226	0
227	1
228	0
229	1
230	0
231	1
232	0
233	2
234	0
235	2
236	0
237	2
238	0
239	1
240	0
241	1
242	0
243	1
244	0
245	1
246	0
247	2
248	0
249	1
250	0
251	0
252	0
253	0
254	0
255	1
256	0
257	0
258	0
259	0
260	0
261	1
262	0
263	1
264	0
265	2
266	0
267	1
268	0
269	2
270	0
271	2
272	0
273	2
274	0
275	3
276	0
277	2
278	1
279	3
280	0
281	3
282	0
283	3
284	0
285	2
286	0
287	1
288	0
289	1
290	0
291	0
292	0
293	0
294	0
295	0
296	0
297	0
298	0
299	1
300	-1
301	0
302	0
303	0
304	-1
305	0
306	0
307	1
308	-1
309	0
310	0
311	0
312	0
313	1
314	0
315	1
316	0
317	1
318	0
319	2
320	0
321	2
322	0
323	1
324	0
325	1
326	0
327	2
328	0
329	2
330	0
331	1
332	0
333	1
334	0
335	3
336	0
337	1
338	0
339	2
340	0
341	3
342	0
343	2
344	0
345	3
346	0
347	1
348	0
349	2
350	0
351	1
352	0
353	2
354	0
355	1
356	0
357	1
358	0
359	0
360	0
361	1
362	0
363	0
364	0
365	0
366	0
367	1
368	0
369	1
370	0
371	1
372	0
373	1
374	0
375	1
376	0
377	1
378	-1
379	2
380	-1
381	1
382	0
383	0
384	0
385	1
386	0
387	1
388	0
389	0
390	0
391	0
392	0
393	1
394	0
395	1
396	0
397	1
398	0
399	0
400	0
401	1
402	0
403	1
404	0
405	3
406	0
407	1
408	0
409	2
410	0
411	0
412	0
413	1
414	0
415	3
416	0
417	2
418	0
419	3
420	0
421	1
422	0
423	0
424	0
425	0
426	0
427	1
428	0
429	1
430	0
431	1
432	0
433	1
434	0
435	1
436	0
437	5
438	2
439	10
440	8
441	13
442	11
443	17
444	19
445	24
446	25
447	30
448	32
449	38
450	40
451	45
452	47
453	51
454	55
455	61
456	60
457	67
458	67
459	74
460	73
461	82
462	81
463	87
464	86
465	91
466	90
467	96
468	94
469	100
470	97
471	100
472	99
473	102
474	100
475	104
476	101
477	103
478	99
479	104
480	98
481	102
482	98
483	100
484	96
485	97
486	95
487	95
488	91
489	91
490	85
491	86
492	83
493	85
494	79
495	80
496	76
497	75
498	75
499	78
500	62
501	69
502	64
503	66
504	58
505	60
506	55
507	55
508	52
509	54
510	47
511	48
512	44
513	45
514	40
515	43
516	36
517	37
518	32
519	33
520	29
521	32
522	27
523	29
524	22
525	28
526	19
527	24
528	17
529	20
530	14
531	15
532	12
533	14
534	10
535	12
536	6
537	8
538	4
539	7
540	2
541	5
542	0
543	2
544	-1
545	0
546	-2
547	-1
548	-4
549	-4
550	-5
551	-5
552	-7
553	-6
554	-8
555	-7
556	-9
557	-7
558	-10
559	-8
560	-10
561	-9
562	-11
563	-9
564	-12
565	-9
566	-12
567	-10
568	-13
569	-11
570	-13
571	-11
572	-12
573	-11
574	-13
575	-12
576	-13
577	-12
578	-14
579	-12
580	-15
581	-12
582	-15
583	-13
584	-15
585	-13
586	-15
587	-14
588	-14
589	-14
590	-15
591	-14
592	-15
593	-14
594	-16
595	-14
596	-16
597	-12
598	-16
599	-13
600	-14
601	-12
602	-15
603	-11
604	-15
605	-12
606	-14
607	-11
608	-14
609	-10
610	-15
611	-11
612	-14
613	-10
614	-13
615	-8
616	-12
617	-8
618	-12
619	-8
620	-12
621	-6
622	-13
623	-6
624	-11
625	-6
626	-11
627	-6
628	-9
629	-6
630	-10
631	-7
632	-8
633	-8
634	-7
635	-5
636	-9
637	-6
638	-9
639	-6
640	-8
641	-4
642	-8
643	-4
644	-8
645	-5
646	-7
647	-4
648	-5
649	-5
650	-5
651	-4
652	-7
653	-3
654	-7
655	-3
656	-7
657	-4
658	-7
659	-3
660	-5
661	-1
662	-5
663	-1
664	-3
665	-1
666	-3
667	0
668	-3
669	0
670	-3
671	0
672	-2
673	0
674	-2
675	0
676	-2
677	0
678	-1
679	0
680	0
681	0
682	-2
683	0
684	-3
685	-1
686	-4
687	0
688	-3
689	0
690	-4
691	0
692	-4
693	0
694	-3
695	0
696	-3
697	0
698	-2
699	0
700	-4
701	0
702	-2
703	0
704	-2
705	0
706	-3
707	-1
708	-2
709	-1
710	-2
711	-1
712	-2
713	0
714	-2
715	0
716	-2
717	0
718	-2
719	0
720	-2
721	0
722	-3
723	0
724	-3
725	0
726	-3
727	0
728	-3
729	0
730	-3
731	0
732	-3
733	0
734	-2
735	0
736	-4
737	0
738	-3
739	0
740	-1
741	0
742	-2
743	0
744	-2
745	0
746	-3
747	0
748	-2
749	0
750	0
751	0
752	-2
753	0
754	-2
755	0
756	-2
757	0
758	-1
759	0
760	-1
761	0
762	-2
763	0
764	-1
765	0
766	-1
767	0
768	-3
769	0
770	-1
771	0
772	-2
773	0
774	-1
775	0
776	-2
777	0
778	0
779	0
780	-1
781	0
782	-1
783	0
784	-1
785	0
786	0
787	-1
788	-1
789	0
790	-1
791	0
792	0
793	0
794	-1
795	0
796	0
797	0
798	-1
799	0
800	-1
801	0
802	0
803	0
804	-2
805	0
806	-2
807	0
808	-2
809	0
810	-2
811	0
812	-2
813	0
814	-2
815	0
816	-3
817	0
818	-2
819	0
820	-2
821	0
822	-2
823	0
824	-2
825	0
826	-2
827	0
828	0
829	0
830	-1
831	0
832	-1
833	0
834	-1
835	1
836	0
837	1
838	0
839	1
840	0
841	2
842	0
843	2
844	0
845	3
846	0
847	3
848	0
849	3
850	0
851	3
852	0
853	2
854	1
855	2
856	0
857	1
858	0
859	1
860	0
861	1
862	0
863	0
864	0
865	1
866	-2
867	1
868	0
869	1
870	-2
871	0
872	-2
873	0
874	-2
875	1
876	-1
877	0
878	-2
879	0
880	-2
881	0
882	0
883	0
884	0
885	0
886	0
887	0
888	0
889	2
890	0
891	2
892	0
893	1
894	0
895	2
896	0
897	1
898	0
899	1
900	0
901	1
902	-1
903	0
904	-1
905	0
906	-2
907	0
908	-3
909	-1
910	-2
911	0
912	-2
913	0
914	-2
915	0
916	-2
917	0
918	-2
919	0
920	-2
921	0
922	-2
923	0
924	-2
925	0
926	0
927	0
928	-1
929	0
930	-2
931	0
932	-1
933	1
934	-1
935	1
936	-1
937	0
938	0
939	1
940	0
941	0
942	0
943	1
944	0
945	1
946	0
947	1
948	0
949	1
950	0
951	1
952	0
953	2
954	0
955	2
956	-1
957	2
958	0
959	1
960	0
961	2
962	0
963	3
964	-1
965	2
966	0
967	2
968	0
969	1
970	0
971	2
972	0
973	2
974	-1
975	1
976	0
977	1
978	-1
979	0
980	-1
981	0
982	-2
983	0
984	-1
985	1
986	-1
987	0
988	-2
989	0
990	-2
991	0
992	-2
993	0
994	-1
995	0
996	-1
997	0
998	-1
999	0
1000	-2
1001	0
1002	-2
1003	0
1004	-1
1005	0
1006	-2
1007	0
1008	-2
1009	0
1010	-2
1011	0
1012	-3
1013	0
1014	-3
1015	0
1016	-2
1017	0
1018	-2
1019	0
1020	-2
1021	0
1022	-2
1023	0
1024	-1
1025	0
1026	-2
1027	0
1028	-3
1029	0
1030	-1
1031	1
1032	-2
1033	0
1034	-1
1035	0
1036	-2
1037	1
1038	-2
1039	1
1040	0
1041	2
1042	0
1043	1
1044	0
1045	1
1046	-1
1047	2
1048	0
1049	2
1050	0
1051	3
1052	0
1053	3
1054	0
1055	2
1056	0
1057	1
1058	0
1059	3
1060	0
1061	2
1062	0
1063	2
1064	0
1065	1
1066	0
1067	2
1068	0
1069	2
1070	0
1071	1
1072	-2
1073	1
1074	0
1075	1
1076	0
1077	1
1078	0
1079	0
1080	0
1081	0
1082	-1
1083	0
1084	-1
1085	1
1086	0
1087	0
1088	0
1089	1
1090	0
1091	0
1092	-1
1093	0
1094	-1
1095	1
1096	-2
1097	0
1098	-1
1099	0
1100	-1
1101	0
1102	-2
1103	0
1104	-3
1105	0
1106	-1
1107	0
1108	-1
1109	0
1110	-2
1111	0
1112	-2
1113	0
1114	-2
1115	0
1116	-2
1117	-1
1118	-2
1119	0
1120	-1
1121	0
1122	-3
1123	-1
1124	-2
1125	0
1126	-2
1127	0
1128	-2
1129	0
1130	-3
1131	0
1132	-2
1133	0
1134	-2
1135	0
1136	-3
1137	0
1138	-2
1139	0
1140	-2
1141	0
1142	-2
1143	0
1144	-2
1145	0
1146	-2
1147	0
1148	-2
1149	0
1150	-2
1151	0
1152	-2
1153	0
1154	-2
1155	0
1156	-3
1157	0
1158	-1
1159	0
1160	-1
1161	0
1162	-1
1163	0
1164	0
1165	0
1166	-1
1167	0
1168	0
1169	0
1170	-2
1171	0
1172	-1
1173	0
1174	-1
1175	0
1176	-2
1177	0
1178	0
1179	0
1180	-1
1181	0
1182	-2
1183	0
1184	-1
1185	0
1186	-2
1187	0
1188	-2
1189	0
1190	-2
1191	-1
1192	-1
1193	-1
1194	-2
1195	0
1196	-2
1197	-1
1198	-3
1199	-1
1200	-3
1201	-1
1202	-3
1203	0
1204	-4
1205	0
1206	-2
1207	-1
1208	-2
1209	0
1210	-2
1211	0
1212	-2
1213	-1
1214	-3
1215	0
1216	-3
1217	0
1218	-2
1219	0
1220	-2
1221	0
1222	-1
1223	0
1224	-1
1225	0
1226	-1
1227	0
1228	-1
1229	0
1230	-2
1231	0
1232	-2
1233	0
1234	-1
1235	0
1236	-2
1237	0
1238	-2
1239	0
1240	-1
1241	0
1242	-1
1243	-1
1244	-2
1245	-1
1246	-3
1247	0
1248	-3
1249	0
1250	-2
1251	0
1252	-1
1253	0
1254	-2
1255	0
1256	-2
1257	0
1258	-1
1259	0
1260	-1
1261	0
1262	-1
1263	0
1264	-2
1265	0
1266	-1
1267	0
1268	-2
1269	0
1270	-1
1271	0
1272	-3
1273	0
1274	-1
1275	0
1276	0
1277	0
1278	-1
1279	0
1280	-2
1281	0
1282	-3
1283	0
1284	-3
1285	0
1286	-2
1287	0
1288	-2
1289	0
1290	-2
1291	0
1292	-2
1293	0
1294	-2
1295	0
1296	-1
1297	0
1298	-2
1299	0
1300	0
1301	0
1302	0
1303	1
1304	-1
1305	0
1306	0
1307	1
1308	-1
1309	1
1310	-2
1311	0
1312	-2
1313	0
1314	-2
1315	0
1316	-1
1317	0
1318	-1
1319	0
1320	-1
1321	0
1322	0
1323	0
1324	-2
1325	0
1326	-4
1327	-1
1328	-4
1329	0
1330	-2
1331	-1
1332	-3
1333	0
1334	-4
1335	-1
1336	-4
1337	0
1338	-4
1339	-1
1340	-3
1341	0
1342	-3
1343	0
1344	-4
1345	0
1346	-3
1347	-1
1348	-3
1349	0
1350	-2
1351	0
1352	-2
1353	0
1354	-1
1355	0
1356	-1
1357	0
1358	-1
1359	1
1360	-1
1361	0
1362	-2
1363	1
1364	-1
1365	1
1366	-1
1367	1
1368	-3
1369	0
1370	-2
1371	0
1372	-1
1373	0
1374	-1
1375	0
1376	-2
1377	0
1378	-2
1379	0
1380	-4
1381	0
1382	-3
1383	0
1384	-2
1385	0
1386	-2
1387	0
1388	-2
1389	0
1390	-2
1391	0
1392	-2
1393	0
1394	-2
1395	0
1396	-3
1397	1
1398	-2
1399	0
1400	-2
1401	0
1402	-3
1403	0
1404	-2
1405	0
1406	-1
1407	1
1408	-1
1409	0
1410	-1
1411	2
1412	-1
1413	1
1414	-1
1415	1
1416	-1
1417	0
1418	-2
1419	0
1420	-2
1421	0
1422	-1
1423	0
1424	-1
1425	0
1426	-3
1427	0
1428	-3
1429	0
1430	-3
1431	0
1432	-2
1433	0
1434	-2
1435	0
1436	-2
1437	0
1438	-2
1439	0
1440	-3
1441	0
1442	-1
1443	0
1444	-2
1445	0
1446	-2
1447	0
1448	-1
1449	0
1450	-2
1451	0
1452	0
1453	1
1454	0
1455	1
1456	0
1457	0
1458	0
1459	2
1460	-1
1461	1
1462	0
1463	2
1464	0
1465	1
1466	0
1467	1
1468	0
1469	2
1470	0
1471	2
1472	0
1473	1
1474	0
1475	2
1476	0
1477	2
1478	0
1479	2
1480	-1
1481	2
1482	0
1483	1
1484	0
1485	2
1486	1
1487	1
1488	0
1489	2
1490	0
1491	2
1492	0
1493	1
1494	0
1495	0
1496	0
1497	2
1498	0
1499	1
1500	0
1501	1
1502	0
1503	1
1504	0
1505	2
1506	0
1507	1
1508	0
1509	0
1510	0
1511	1
1512	0
1513	1
1514	0
1515	1
1516	0
1517	1
1518	-1
1519	0
1520	0
1521	0
1522	0
1523	0
1524	-1
1525	0
1526	-2
1527	1
1528	-1
1529	1
1530	-1
1531	0
1532	-2
1533	0
1534	-2
1535	0
1536	-2
1537	0
1538	-2
1539	-1
1540	-3
1541	-1
1542	-3
1543	-1
1544	-3
1545	0
1546	-3
1547	-1
1548	-3
1549	0
1550	-1
1551	0
1552	-3
1553	0
1554	-3
1555	0
1556	-2
1557	0
1558	-4
1559	0
1560	-3
1561	0
1562	-3
1563	1
1564	-2
1565	1
1566	-1
1567	1
1568	0
1569	1
1570	-1
1571	2
1572	0
1573	0
1574	0
1575	0
1576	-1
1577	1
1578	-1
1579	1
1580	0
1581	1
1582	0
1583	1
1584	0
1585	1
1586	0
1587	1
1588	0
1589	1
1590	-1
1591	0
1592	0
1593	2
1594	0
1595	0
1596	0
1597	1
1598	0
1599	1
1600	0
1601	1
1602	0
1603	0
1604	-1
1605	2
1606	0
1607	1
1608	0
1609	1
1610	0
1611	1
1612	0
1613	1
1614	0
1615	1
1616	0
1617	2
1618	0
1619	1
1620	0
1621	1
1622	0
1623	2
1624	0
1625	2
1626	0
1627	3
1628	0
1629	3
1630	0
1631	1
1632	1
1633	2
1634	0
1635	1
1636	0
1637	2
1638	0
1639	2
1640	0
1641	2
1642	0
1643	2
1644	0
1645	1
1646	0
1647	0
1648	-1
1649	1
1650	-2
1651	2
1652	-3
1653	0
1654	0
1655	0
1656	-1
1657	0
1658	-1
1659	0
1660	-1
1661	0
1662	-2
1663	0
1664	-3
1665	0
1666	-4
1667	0
1668	-3
1669	0
1670	-2
1671	0
1672	-2
1673	-2
1674	-4
1675	0
1676	-3
1677	-2
1678	-3
1679	-1
1680	-2
1681	-1
1682	-3
1683	0
1684	-2
1685	0
1686	-1
1687	0
1688	-2
1689	0
1690	-1
1691	1
1692	-1
1693	0
1694	-1
1695	0
1696	-2
1697	0
1698	-2
1699	0
1700	-1
1701	0
1702	-1
1703	0
1704	-3
1705	0
1706	-2
1707	0
1708	-1
1709	0
1710	-1
1711	0
1712	-1
1713	0
1714	-1
1715	0
1716	-2
1717	0
1718	-1
1719	0
1720	-1
1721	-1
1722	-1
1723	0
1724	-2
1725	0
1726	-3
1727	0
1728	-2
1729	0
1730	-1
1731	0
1732	-2
1733	0
1734	-2
1735	0
1736	-2
1737	-1
1738	-2
1739	0
1740	-1
1741	0
1742	-1
1743	1
1744	-1
1745	0
1746	-2
1747	0
1748	-2
1749	0
1750	-2
1751	0
1752	-3
1753	0
1754	-2
1755	0
1756	-1
1757	0
1758	-1
1759	0
1760	-1
1761	0
1762	-2
1763	0
1764	-1
1765	0
1766	-3
1767	0
1768	-1
1769	0
1770	-2
1771	0
1772	-1
1773	0
1774	-2
1775	0
1776	-1
1777	0
1778	-1
1779	0
1780	-1
1781	0
1782	-1
1783	0
1784	-1
1785	0
1786	-1
1787	0
1788	-2
1789	0
1790	-1
1791	0
1792	-1
1793	0
1794	0
1795	0
1796	0
1797	0
1798	-1
1799	0
1800	-1
1801	0
1802	0
1803	0
1804	-1
1805	0
1806	0
1807	0
1808	-1
1809	0
1810	-1
1811	0
1812	-1
1813	0
1814	-2
1815	1
1816	-1
1817	0
1818	-1
1819	0
1820	-1
1821	0
1822	-1
1823	1
1824	-1
1825	2
1826	0
1827	0
1828	-1
1829	0
1830	0
1831	0
1832	-1
1833	0
1834	-1
1835	0
1836	0
1837	0
1838	0
1839	0
1840	-2
1841	-1
1842	-2
1843	0
1844	-3
1845	0
1846	-2
1847	0
1848	-2
1849	0
1850	-2
1851	0
1852	-3
1853	0
1854	-2
1855	0
1856	-2
1857	0
1858	-2
1859	0
1860	-2
1861	-1
1862	-2
1863	0
1864	-2
1865	0
1866	-1
1867	0
1868	-2
1869	0
1870	-2
1871	0
1872	-2
1873	0
1874	-2
1875	0
1876	0
1877	0
1878	-2
1879	0
1880	-1
1881	0
1882	-2
1883	0
1884	-1
1885	0
1886	-1
1887	0
1888	-3
1889	0
1890	-1
1891	1
1892	-1
1893	0
1894	0
1895	0
1896	0
1897	0
1898	0
1899	1
1900	0
1901	0
1902	0
1903	0
1904	0
1905	1
1906	0
1907	1
1908	-1
1909	0
1910	-1
1911	0
1912	0
1913	0
1914	0
1915	1
1916	-1
1917	1
1918	0
1919	1
1920	0
1921	1
1922	0
1923	1
1924	0
1925	1
1926	0
1927	1
1928	0
1929	1
1930	-1
1931	0
1932	-1
1933	1
1934	-1
1935	0
1936	-1
1937	0
1938	0
1939	0
1940	-2
1941	0
1942	-2
1943	0
1944	-2
1945	0
1946	-1
1947	0
1948	-2
1949	0
1950	-2
1951	0
1952	-2
1953	0
1954	-1
1955	-1
1956	-2
1957	0
1958	-2
1959	0
1960	-2
1961	0
1962	-2
1963	0
1964	-1
1965	1
1966	-1
1967	1
1968	-1
1969	0
1970	0
1971	0
1972	-1
1973	0
1974	0
1975	0
1976	0
1977	0
1978	-1
1979	1
1980	-2
1981	0
1982	-1
1983	0
1984	0
1985	0
1986	-1
1987	0
1988	0
1989	0
1990	0
1991	1
1992	0
1993	1
1994	0
1995	1
1996	0
1997	1
1998	0
1999	1
