0	0
1	1
2	0
3	0
4	0
5	0
6	0
7	0
8	0
9	1
10	0
11	1
12	0
13	0
14	0
15	1
16	0
17	1
18	0
19	1
20	0
21	1
22	0
23	1
24	0
25	2
26	0
27	0
28	0
29	0
30	0
31	2
32	0
33	1
34	0
35	0
36	0
37	0
38	0
39	0
40	0
41	0
42	0
43	0
44	0
45	0
46	0
47	0
48	0
49	0
50	0
51	1
52	0
53	1
54	0
55	0
56	0
57	1
58	0
59	0
60	0
61	1
62	0
63	1
64	1
65	0
66	1
67	0
68	0
69	0
70	0
71	0
72	0
73	1
74	0
75	2
76	0
77	2
78	0
79	1
80	0
81	1
82	0
83	0
84	0
85	0
86	0
87	1
88	0
89	1
90	0
91	1
92	0
93	2
94	0
95	2
96	0
97	2
98	1
99	2
100	0
101	2
102	0
103	2
104	0
105	1
106	0
107	1
108	0
109	2
110	0
111	1
112	0
113	3
114	0
115	1
116	0
117	0
118	0
119	1
120	0
121	1
122	0
123	0
124	0
125	2
126	0
127	1
128	0
129	1
130	-1
131	0
132	0
133	0
134	0
135	0
136	0
137	0
138	-1
139	1
140	0
141	0
142	0
143	0
144	0
145	0
146	-1
147	0
148	0
149	0
150	-1
151	0
152	-1
153	0
154	0
155	0
156	0
157	0
158	-1
159	0
160	-1
161	0
162	0
163	0
164	-1
165	0
166	0
167	0
168	0
169	0
170	0
171	1
172	0
173	0
174	0
175	1
176	0
177	0
178	0
179	1
180	0
181	1
182	0
183	0
184	0
185	1
186	1
187	1
188	0
189	1
190	0
191	2
192	0
193	1
194	0
195	2
196	0
197	2
198	0
199	2
200	0
201	1
202	0
203	1
204	0
205	1
206	0
207	1
208	0
209	1
210	0
211	0
212	0
213	0
214	0
215	0
216	0
217	0
218	0
219	0
220	-1
221	0
222	-2
223	0
224	-1
225	0
226	-1
227	0
228	0
229	0
230	0
231	1
232	0
233	2
234	0
235	0
236	0
237	1
238	0
239	2
240	0
241	2
242	0
243	1
244	0
245	2
246	0
247	1
248	0
249	0
250	0
251	1
252	0
253	2
254	0
255	0
256	0
257	0
258	0
259	0
260	0
261	0
262	0
263	0
264	0
265	0
266	0
267	0
268	0
269	0
270	-1
271	0
272	0
273	0
274	0
275	0
276	0
277	0
278	0
279	0
280	0
281	1
282	0
283	0
284	0
285	1
286	0
287	0
288	0
289	0
290	0
291	0
292	0
293	0
294	0
295	1
296	0
297	1
298	0
299	1
300	0
301	1
302	0
303	0
304	0
305	1
306	0
307	1
308	0
309	0
310	0
311	0
312	0
313	0
314	0
315	0
316	0
317	1
318	0
319	1
320	0
321	0
322	0
323	1
324	0
325	1
326	0
327	1
328	0
329	2
330	0
331	1
332	0
333	1
334	0
335	2
336	0
337	2
338	0
339	2
340	0
341	2
342	0
343	2
344	0
345	2
346	1
347	3
348	0
349	2
350	0
351	2
352	0
353	2
354	0
355	1
356	1
357	0
358	1
359	1
360	0
361	2
362	0
363	1
364	1
365	1
366	0
367	2
368	0
369	1
370	0
371	1
372	1
373	1
374	1
375	1
376	1
377	1
378	1
379	1
380	0
381	1
382	0
383	1
384	0
385	1
386	1
387	1
388	0
389	0
390	0
391	2
392	1
393	1
394	0
395	1
396	0
397	0
398	0
399	0
400	0
401	0
402	0
403	0
404	0
405	1
406	0
407	0
408	0
409	0
410	0
411	0
412	0
413	1
414	0
415	1
416	0
417	1
418	0
419	0
420	0
421	1
422	0
423	1
424	0
425	1
426	0
427	1
428	0
429	1
430	0
431	1
432	0
433	3
434	1
435	3
436	3
437	8
438	5
439	12
440	10
441	15
442	15
443	22
444	21
445	28
446	30
447	35
448	35
449	41
450	43
451	49
452	51
453	56
454	58
455	64
456	67
457	72
458	73
459	78
460	79
461	86
462	85
463	90
464	89
465	96
466	94
467	100
468	99
469	102
470	100
471	106
472	103
473	108
474	103
475	107
476	104
477	106
478	102
479	106
480	101
481	103
482	99
483	102
484	96
485	98
486	93
487	95
488	91
489	91
490	87
491	86
492	84
493	84
494	81
495	79
496	75
497	76
498	76
499	78
500	62
501	69
502	64
503	64
504	59
505	61
506	54
507	56
508	52
509	52
510	47
511	47
512	42
513	45
514	41
515	43
516	37
517	37
518	32
519	34
520	28
521	30
522	26
523	27
524	23
525	26
526	20
527	23
528	16
529	19
530	14
531	17
532	12
533	13
534	11
535	12
536	6
537	9
538	3
539	6
540	2
541	4
542	0
543	2
544	0
545	0
546	-2
547	-2
548	-4
549	-2
550	-4
551	-5
552	-6
553	-4
554	-6
555	-7
556	-6
557	-6
558	-8
559	-8
560	-9
561	-8
562	-9
563	-8
564	-10
565	-9
566	-10
567	-8
568	-10
569	-10
570	-10
571	-10
572	-10
573	-9
574	-11
575	-9
576	-11
577	-10
578	-11
579	-9
580	-11
581	-10
582	-11
583	-10
584	-11
585	-9
586	-12
587	-8
588	-12
589	-8
590	-13
591	-9
592	-11
593	-6
594	-12
595	-5
596	-11
597	-6
598	-10
599	-8
600	-8
601	-6
602	-10
603	-5
604	-8
605	-5
606	-7
607	-4
608	-8
609	-5
610	-7
611	-4
612	-6
613	-4
614	-9
615	-4
616	-8
617	-4
618	-7
619	-4
620	-5
621	-3
622	-4
623	-3
624	-4
625	-3
626	-4
627	-3
628	-5
629	-2
630	-4
631	-2
632	-4
633	0
634	-4
635	0
636	-5
637	-1
638	-3
639	-1
640	-4
641	-1
642	-4
643	-2
644	-4
645	0
646	-4
647	0
648	-3
649	-1
650	-3
651	-1
652	-3
653	0
654	-2
655	-1
656	-2
657	0
658	-2
659	-1
660	-2
661	0
662	-1
663	0
664	-2
665	0
666	-2
667	0
668	-2
669	0
670	-2
671	0
672	-2
673	0
674	-3
675	0
676	-1
677	-1
678	0
679	-1
680	-1
681	0
682	-2
683	0
684	-3
685	0
686	-2
687	0
688	-2
689	0
690	-1
691	0
692	-1
693	0
694	-2
695	0
696	-2
697	0
698	-2
699	0
700	-2
701	0
702	-2
703	-1
704	-3
705	-1
706	-2
707	-1
708	-2
709	-1
710	-3
711	-2
712	-3
713	-3
714	-3
715	-3
716	-4
717	-2
718	-4
719	-2
720	-4
721	-2
722	-4
723	-1
724	-3
725	-2
726	-3
727	-1
728	-3
729	0
730	-2
731	0
732	-3
733	-1
734	-2
735	-1
736	-2
737	0
738	-2
739	0
740	-2
741	0
742	-2
743	0
744	-2
745	0
746	-2
747	0
748	-2
749	-1
750	0
751	-1
752	-2
753	0
754	-2
755	0
756	-3
757	0
758	-3
759	-1
760	-3
761	0
762	-3
763	0
764	-4
765	0
766	-2
767	-1
768	-2
769	0
770	-2
771	0
772	-2
773	-1
774	-3
775	0
776	0
777	0
778	-2
779	0
780	-2
781	0
782	-2
783	0
784	-2
785	0
786	-3
787	0
788	-3
789	0
790	-3
791	0
792	-2
793	-1
794	-2
795	-2
796	-3
797	-1
798	-2
799	-1
800	-3
801	-1
802	-4
803	-2
804	-4
805	-1
806	-5
807	-1
808	-4
809	-2
810	-4
811	-1
812	-4
813	-2
814	-3
815	-2
816	-3
817	-1
818	-3
819	-1
820	-3
821	-2
822	-3
823	0
824	-3
825	-1
826	-3
827	-2
828	-3
829	-1
830	-3
831	-1
832	-3
833	-1
834	-2
835	0
836	0
837	0
838	-2
839	0
840	-3
841	0
842	-3
843	0
844	0
845	0
846	-1
847	0
848	-2
849	0
850	-1
851	0
852	-1
853	0
854	0
855	1
856	0
857	1
858	0
859	1
860	0
861	1
862	0
863	1
864	0
865	1
866	0
867	0
868	0
869	0
870	0
871	1
872	0
873	1
874	0
875	0
876	0
877	0
878	0
879	1
880	0
881	1
882	0
883	1
884	-1
885	2
886	-2
887	1
888	0
889	1
890	-1
891	0
892	-1
893	0
894	-1
895	0
896	-1
897	0
898	-2
899	0
900	-2
901	0
902	-2
903	0
904	-1
905	0
906	-4
907	0
908	-2
909	0
910	-2
911	0
912	-3
913	-1
914	-4
915	-1
916	-2
917	-1
918	-2
919	-2
920	-3
921	0
922	-4
923	0
924	-2
925	-1
926	-4
927	-2
928	-3
929	-2
930	-3
931	0
932	-4
933	-2
934	-3
935	-2
936	-4
937	-2
938	-4
939	0
940	-3
941	-1
942	-4
943	-1
944	-3
945	-1
946	-4
947	-1
948	-4
949	-1
950	-2
951	-1
952	-2
953	-1
954	-3
955	0
956	-2
957	-1
958	-3
959	-1
960	-4
961	-1
962	-2
963	0
964	-4
965	-1
966	-3
967	-1
968	-4
969	-1
970	-3
971	-2
972	-3
973	0
974	-4
975	-2
976	-4
977	-1
978	-4
979	-2
980	-4
981	0
982	-3
983	0
984	-3
985	0
986	-3
987	-1
988	-2
989	-1
990	-1
991	0
992	-3
993	0
994	-3
995	0
996	-3
997	0
998	-3
999	0
1000	-3
1001	0
1002	-3
1003	0
1004	-2
1005	0
1006	-2
1007	0
1008	-2
1009	0
1010	-2
1011	0
1012	-2
1013	0
1014	-3
1015	0
1016	-3
1017	0
1018	-4
1019	-2
1020	-4
1021	-1
1022	-2
1023	0
1024	-3
1025	-1
1026	-3
1027	-2
1028	-5
1029	-1
1030	-4
1031	-2
1032	-3
1033	-2
1034	-4
1035	-2
1036	-4
1037	-2
1038	-4
1039	-2
1040	-4
1041	-1
1042	-3
1043	-2
1044	-3
1045	-1
1046	-4
1047	-2
1048	-3
1049	-1
1050	-1
1051	-2
1052	-3
1053	-1
1054	-3
1055	-1
1056	-3
1057	-1
1058	-3
1059	-1
1060	-3
1061	-1
1062	-3
1063	0
1064	-2
1065	0
1066	-3
1067	0
1068	-2
1069	0
1070	-1
1071	0
1072	-3
1073	0
1074	-4
1075	0
1076	-3
1077	0
1078	-2
1079	0
1080	-3
1081	0
1082	-2
1083	0
1084	-4
1085	0
1086	-2
1087	0
1088	-4
1089	-1
1090	-4
1091	-2
1092	-4
1093	-2
1094	-3
1095	-2
1096	-3
1097	-1
1098	-2
1099	0
1100	-2
1101	0
1102	-1
1103	0
1104	-2
1105	0
1106	-2
1107	0
1108	-1
1109	0
1110	-1
1111	0
1112	-1
1113	0
1114	-1
1115	0
1116	-1
1117	0
1118	-1
1119	0
1120	-2
1121	0
1122	-2
1123	0
1124	-1
1125	0
1126	-2
1127	0
1128	-3
1129	-1
1130	-4
1131	-1
1132	-3
1133	-2
1134	-3
1135	-2
1136	-4
1137	-3
1138	-5
1139	-2
1140	-5
1141	-3
1142	-4
1143	-2
1144	-5
1145	-2
1146	-4
1147	-1
1148	-4
1149	-1
1150	-5
1151	-2
1152	-5
1153	-2
1154	-4
1155	-2
1156	-3
1157	-1
1158	-3
1159	-1
1160	-3
1161	-1
1162	-2
1163	-1
1164	-3
1165	-2
1166	-2
1167	-1
1168	-1
1169	-2
1170	-2
1171	-1
1172	-2
1173	0
1174	-2
1175	0
1176	-1
1177	0
1178	-2
1179	0
1180	-3
1181	0
1182	-2
1183	0
1184	-3
1185	0
1186	-3
1187	0
1188	-2
1189	0
1190	-2
1191	0
1192	-2
1193	0
1194	-1
1195	0
1196	-2
1197	0
1198	-1
1199	0
1200	-1
1201	0
1202	-2
1203	0
1204	-2
1205	0
1206	-1
1207	1
1208	-1
1209	0
1210	-1
1211	0
1212	-2
1213	1
1214	-2
1215	0
1216	-2
1217	0
1218	-2
1219	-1
1220	-3
1221	-1
1222	-3
1223	-1
1224	-3
1225	-1
1226	-1
1227	0
1228	-2
1229	-2
1230	-4
1231	-1
1232	-3
1233	-1
1234	-4
1235	-2
1236	-4
1237	-2
1238	-5
1239	-2
1240	-3
1241	-2
1242	-4
1243	-1
1244	-4
1245	-2
1246	-4
1247	-2
1248	-4
1249	-1
1250	-3
1251	-1
1252	-5
1253	0
1254	-2
1255	-1
1256	-2
1257	0
1258	-3
1259	0
1260	-2
1261	-1
1262	-2
1263	0
1264	-3
1265	-1
1266	-2
1267	-1
1268	-3
1269	-1
1270	-2
1271	0
1272	-2
1273	0
1274	-3
1275	0
1276	-3
1277	-1
1278	-2
1279	0
1280	-3
1281	0
1282	-2
1283	0
1284	-2
1285	0
1286	-2
1287	-1
1288	-2
1289	0
1290	-1
1291	0
1292	-1
1293	0
1294	-2
1295	0
1296	-1
1297	0
1298	-2
1299	0
1300	-1
1301	-1
1302	-2
1303	0
1304	-1
1305	0
1306	0
1307	0
1308	-1
1309	0
1310	-1
1311	0
1312	-1
1313	0
1314	-2
1315	0
1316	-1
1317	0
1318	-2
1319	-1
1320	-1
1321	0
1322	-2
1323	-1
1324	-2
1325	-1
1326	-3
1327	0
1328	-4
1329	0
1330	-1
1331	0
1332	-3
1333	-1
1334	-3
1335	0
1336	-3
1337	0
1338	-3
1339	0
1340	-3
1341	0
1342	-3
1343	0
1344	-3
1345	-1
1346	-3
1347	0
1348	-3
1349	0
1350	-3
1351	-1
1352	-2
1353	0
1354	-3
1355	-1
1356	-3
1357	0
1358	-3
1359	0
1360	-2
1361	0
1362	-3
1363	0
1364	-2
1365	0
1366	-1
1367	0
1368	-3
1369	0
1370	-2
1371	0
1372	-2
1373	0
1374	-2
1375	0
1376	-3
1377	0
1378	-3
1379	-1
1380	-1
1381	0
1382	-3
1383	0
1384	-2
1385	-1
1386	-1
1387	0
1388	-1
1389	0
1390	-2
1391	0
1392	-2
1393	0
1394	-2
1395	0
1396	-2
1397	0
1398	-2
1399	0
1400	-2
1401	0
1402	-2
1403	0
1404	0
1405	0
1406	-2
1407	-1
1408	-2
1409	-1
1410	-1
1411	0
1412	-1
1413	0
1414	-2
1415	0
1416	-2
1417	0
1418	-2
1419	-1
1420	-1
1421	0
1422	-2
1423	0
1424	-2
1425	0
1426	-1
1427	0
1428	-1
1429	0
1430	-1
1431	0
1432	-1
1433	-1
1434	-2
1435	0
1436	-1
1437	0
1438	-2
1439	0
1440	-2
1441	-1
1442	-3
1443	0
1444	-2
1445	0
1446	-2
1447	0
1448	-1
1449	-1
1450	-3
1451	0
1452	-2
1453	-1
1454	-3
1455	0
1456	-4
1457	-1
1458	-4
1459	-1
1460	-3
1461	0
1462	-3
1463	-1
1464	-2
1465	-1
1466	-2
1467	0
1468	-1
1469	0
1470	-2
1471	0
1472	-1
1473	0
1474	-2
1475	0
1476	-1
1477	0
1478	0
1479	0
1480	-1
1481	0
1482	0
1483	0
1484	-1
1485	0
1486	-1
1487	0
1488	0
1489	0
1490	-1
1491	0
1492	-1
1493	0
1494	-2
1495	0
1496	-1
1497	0
1498	0
1499	0
1500	-2
1501	-1
1502	-1
1503	0
1504	-1
1505	0
1506	-1
1507	0
1508	-2
1509	0
1510	-3
1511	0
1512	-3
1513	0
1514	-2
1515	-1
1516	-3
1517	0
1518	-1
1519	0
1520	-1
1521	0
1522	-1
1523	-1
1524	-1
1525	-1
1526	-1
1527	-1
1528	-2
1529	0
1530	0
1531	0
1532	-1
1533	0
1534	-2
1535	0
1536	-1
1537	0
1538	0
1539	0
1540	-1
1541	0
1542	-1
1543	0
1544	-2
1545	0
1546	-1
1547	0
1548	-1
1549	0
1550	-1
1551	0
1552	-2
1553	0
1554	-2
1555	0
1556	-2
1557	0
1558	-1
1559	0
1560	-2
1561	0
1562	-1
1563	-1
1564	-2
1565	0
1566	-2
1567	0
1568	-2
1569	0
1570	-1
1571	0
1572	-2
1573	0
1574	-1
1575	0
1576	-2
1577	0
1578	-2
1579	0
1580	-1
1581	0
1582	-2
1583	0
1584	-1
1585	0
1586	-2
1587	0
1588	-2
1589	0
1590	-2
1591	0
1592	-1
1593	0
1594	-2
1595	0
1596	0
1597	0
1598	-2
1599	0
1600	0
1601	0
1602	-1
1603	0
1604	0
1605	0
1606	-1
1607	0
1608	-1
1609	0
1610	-2
1611	0
1612	-2
1613	0
1614	-2
1615	0
1616	-1
1617	0
1618	-2
1619	0
1620	-1
1621	0
1622	-2
1623	0
1624	-1
1625	0
1626	-1
1627	0
1628	-2
1629	0
1630	-1
1631	0
1632	-2
1633	0
1634	-2
1635	0
1636	-1
1637	0
1638	0
1639	0
1640	-2
1641	0
1642	-1
1643	0
1644	-1
1645	0
1646	0
1647	0
1648	-2
1649	0
1650	-1
1651	0
1652	-1
1653	0
1654	-1
1655	1
1656	-2
1657	0
1658	-1
1659	0
1660	-1
1661	0
1662	-2
1663	0
1664	0
1665	0
1666	-1
1667	0
1668	0
1669	0
1670	0
1671	0
1672	0
1673	0
1674	0
1675	0
1676	-2
1677	0
1678	0
1679	0
1680	0
1681	0
1682	0
1683	0
1684	-1
1685	0
1686	-1
1687	0
1688	-1
1689	0
1690	-1
1691	0
1692	-2
1693	1
1694	-1
1695	0
1696	0
1697	0
1698	-1
1699	0
1700	-1
1701	0
1702	-1
1703	0
1704	0
1705	1
1706	-2
1707	0
1708	-2
1709	1
1710	-2
1711	1
1712	-1
1713	0
1714	-2
1715	0
1716	-1
1717	0
1718	-1
1719	0
1720	-1
1721	0
1722	-2
1723	0
1724	-2
1725	0
1726	-1
1727	-1
1728	-1
1729	-1
1730	-2
1731	0
1732	-3
1733	0
1734	-3
1735	0
1736	-3
1737	0
1738	-2
1739	0
1740	-1
1741	0
1742	-2
1743	0
1744	-1
1745	0
1746	-2
1747	0
1748	-2
1749	0
1750	-2
1751	0
1752	-1
1753	0
1754	-1
1755	1
1756	-1
1757	0
1758	-2
1759	1
1760	-1
1761	0
1762	0
1763	0
1764	0
1765	0
1766	-1
1767	0
1768	0
1769	0
1770	0
1771	0
1772	0
1773	1
1774	0
1775	1
1776	0
1777	0
1778	0
1779	0
1780	0
1781	0
1782	-1
1783	0
1784	-1
1785	0
1786	0
1787	0
1788	0
1789	0
1790	0
1791	0
1792	0
1793	0
1794	0
1795	0
1796	-1
1797	0
1798	-1
1799	0
1800	-1
1801	0
1802	-1
1803	0
1804	-1
1805	0
1806	-1
1807	0
1808	-2
1809	0
1810	-1
1811	0
1812	0
1813	0
1814	-1
1815	0
1816	0
1817	0
1818	-1
1819	0
1820	-2
1821	-1
1822	-2
1823	-1
1824	-1
1825	0
1826	-2
1827	0
1828	-2
1829	0
1830	-3
1831	-1
1832	-3
1833	0
1834	-2
1835	0
1836	-2
1837	0
1838	-2
1839	0
1840	-2
1841	-1
1842	0
1843	-1
1844	-2
1845	0
1846	-2
1847	0
1848	0
1849	0
1850	-1
1851	0
1852	-1
1853	0
1854	0
1855	0
1856	0
1857	0
1858	0
1859	0
1860	0
1861	0
1862	0
1863	0
1864	0
1865	0
1866	0
1867	0
1868	0
1869	0
1870	-1
1871	0
1872	0
1873	0
1874	0
1875	0
1876	0
1877	0
1878	-1
1879	0
1880	0
1881	0
1882	-1
1883	0
1884	0
1885	0
1886	-1
1887	0
1888	-1
1889	0
1890	0
1891	0
1892	-1
1893	0
1894	-1
1895	0
1896	0
1897	0
1898	-1
1899	0
1900	0
1901	0
1902	-1
1903	0
1904	-1
1905	0
1906	0
1907	0
1908	0
1909	0
1910	0
1911	1
1912	0
1913	0
1914	0
1915	0
1916	0
1917	0
1918	0
1919	0
1920	-1
1921	0
1922	-1
1923	0
1924	-1
1925	0
1926	-2
1927	0
1928	-1
1929	0
1930	-1
1931	0
1932	0
1933	0
1934	-1
1935	0
1936	-1
1937	0
1938	-1
1939	0
1940	-1
1941	0
1942	-2
1943	0
1944	0
1945	0
1946	-1
1947	0
1948	-1
1949	0
1950	-2
1951	0
1952	0
1953	0
1954	0
1955	-1
1956	0
1957	0
1958	-1
1959	0
1960	0
1961	0
1962	-1
1963	0
1964	-1
1965	0
1966	0
1967	0
1968	0
1969	0
1970	-1
1971	0
1972	-1
1973	0
1974	-1
1975	0
1976	-1
1977	0
1978	0
1979	0
1980	-1
1981	0
1982	0
1983	0
1984	-1
1985	0
1986	0
1987	0
1988	-1
1989	0
1990	0
1991	0
1992	-1
1993	0
1994	0
1995	0
1996	-1
1997	0
1998	0
1999	0
