0	-1
1	2
2	0
3	1
4	0
5	2
6	-1
7	2
8	-1
9	1
10	0
11	0
12	0
13	0
14	-1
15	1
16	-1
17	2
18	0
19	2
20	-1
21	0
22	0
23	0
24	0
25	1
26	-1
27	1
28	0
29	1
30	0
31	1
32	0
33	0
34	0
35	2
36	0
37	2
38	0
39	1
40	0
41	0
42	0
43	1
44	0
45	1
46	0
47	2
48	0
49	3
50	0
51	2
52	-1
53	2
54	0
55	2
56	0
57	3
58	0
59	2
60	0
61	4
62	0
63	2
64	0
65	4
66	0
67	3
68	0
69	4
70	1
71	4
72	0
73	3
74	0
75	3
76	0
77	4
78	0
79	3
80	0
81	3
82	1
83	3
84	2
85	4
86	2
87	3
88	1
89	4
90	1
91	3
92	1
93	5
94	1
95	3
96	0
97	3
98	0
99	1
100	0
101	2
102	-2
103	2
104	0
105	1
106	-2
107	1
108	0
109	0
110	-2
111	0
112	-3
113	0
114	-1
115	0
116	-1
117	0
118	-2
119	0
120	-3
121	0
122	-2
123	0
124	-2
125	0
126	-2
127	0
128	-1
129	0
130	-1
131	1
132	-1
133	2
134	-1
135	1
136	0
137	0
138	-1
139	1
140	0
141	1
142	-1
143	1
144	-1
145	2
146	0
147	1
148	0
149	0
150	-1
151	1
152	-2
153	1
154	0
155	2
156	0
157	2
158	-1
159	2
160	0
161	2
162	-1
163	1
164	0
165	1
166	0
167	2
168	0
169	2
170	0
171	2
172	0
173	2
174	0
175	1
176	0
177	1
178	0
179	2
180	0
181	1
182	0
183	2
184	0
185	3
186	0
187	2
188	0
189	3
190	0
191	3
192	0
193	2
194	0
195	1
196	0
197	2
198	0
199	1
200	0
201	1
202	0
203	2
204	0
205	1
206	0
207	2
208	0
209	2
210	0
211	2
212	1
213	3
214	0
215	2
216	0
217	1
218	0
219	2
220	1
221	4
222	1
223	3
224	1
225	3
226	1
227	3
228	0
229	2
230	0
231	2
232	0
233	3
234	0
235	0
236	0
237	0
238	0
239	0
240	-1
241	0
242	-1
243	0
244	-2
245	0
246	-1
247	0
248	-1
249	0
250	0
251	0
252	0
253	0
254	0
255	1
256	0
257	0
258	0
259	1
260	0
261	1
262	0
263	0
264	0
265	0
266	0
267	2
268	-1
269	2
270	0
271	2
272	0
273	2
274	0
275	1
276	0
277	3
278	0
279	2
280	0
281	1
282	0
283	2
284	0
285	2
286	0
287	2
288	-1
289	1
290	0
291	2
292	-1
293	1
294	0
295	2
296	0
297	2
298	-1
299	1
300	-1
301	2
302	0
303	1
304	-1
305	0
306	-2
307	2
308	-2
309	3
310	-1
311	2
312	0
313	3
314	0
315	3
316	0
317	3
318	0
319	3
320	0
321	3
322	0
323	4
324	0
325	2
326	0
327	2
328	0
329	4
330	0
331	2
332	0
333	3
334	0
335	1
336	0
337	1
338	0
339	2
340	0
341	1
342	0
343	2
344	0
345	3
346	0
347	3
348	0
349	1
350	0
351	1
352	0
353	1
354	-1
355	0
356	0
357	1
358	-1
359	1
360	-1
361	0
362	0
363	0
364	-1
365	0
366	-1
367	0
368	0
369	0
370	0
371	0
372	0
373	0
374	0
375	0
376	0
377	3
378	0
379	3
380	0
381	2
382	0
383	3
384	0
385	2
386	0
387	2
388	-1
389	2
390	0
391	2
392	0
393	3
394	0
395	3
396	-1
397	2
398	-1
399	2
400	0
401	3
402	0
403	3
404	0
405	2
406	-1
407	1
408	0
409	1
410	0
411	1
412	-1
413	2
414	-1
415	0
416	-2
417	1
418	-1
419	1
420	-2
421	2
422	-1
423	2
424	-1
425	1
426	-1
427	1
428	-1
429	1
430	0
431	4
432	1
433	7
434	4
435	11
436	9
437	16
438	14
439	22
440	20
441	28
442	28
443	36
444	36
445	44
446	45
447	53
448	53
449	61
450	62
451	69
452	70
453	77
454	76
455	86
456	88
457	95
458	94
459	102
460	101
461	110
462	108
463	116
464	113
465	121
466	119
467	127
468	124
469	129
470	127
471	131
472	126
473	132
474	127
475	131
476	126
477	131
478	125
479	128
480	122
481	123
482	118
483	121
484	114
485	115
486	109
487	110
488	105
489	105
490	98
491	99
492	94
493	93
494	86
495	86
496	79
497	79
498	76
499	78
500	62
501	67
502	62
503	63
504	54
505	57
506	50
507	50
508	43
509	47
510	41
511	43
512	35
513	36
514	30
515	33
516	28
517	28
518	24
519	24
520	19
521	21
522	15
523	17
524	11
525	13
526	7
527	11
528	4
529	8
530	1
531	4
532	0
533	0
534	-4
535	-2
536	-7
537	-4
538	-8
539	-5
540	-9
541	-6
542	-11
543	-7
544	-13
545	-9
546	-14
547	-12
548	-16
549	-14
550	-16
551	-14
552	-17
553	-16
554	-19
555	-16
556	-21
557	-17
558	-22
559	-19
560	-22
561	-19
562	-22
563	-20
564	-22
565	-19
566	-23
567	-22
568	-23
569	-20
570	-23
571	-21
572	-23
573	-21
574	-24
575	-22
576	-22
577	-21
578	-23
579	-21
580	-22
581	-20
582	-24
583	-20
584	-23
585	-19
586	-22
587	-19
588	-22
589	-19
590	-22
591	-17
592	-21
593	-16
594	-22
595	-17
596	-22
597	-16
598	-20
599	-17
600	-21
601	-16
602	-19
603	-17
604	-20
605	-16
606	-18
607	-17
608	-18
609	-17
610	-18
611	-16
612	-18
613	-16
614	-17
615	-15
616	-18
617	-13
618	-18
619	-13
620	-16
621	-12
622	-15
623	-12
624	-14
625	-11
626	-15
627	-11
628	-13
629	-11
630	-13
631	-11
632	-13
633	-8
634	-11
635	-7
636	-11
637	-8
638	-13
639	-7
640	-12
641	-5
642	-10
643	-7
644	-11
645	-6
646	-9
647	-6
648	-10
649	-5
650	-9
651	-5
652	-10
653	-4
654	-9
655	-5
656	-9
657	-5
658	-9
659	-4
660	-8
661	-4
662	-6
663	-4
664	-6
665	-3
666	-6
667	-3
668	-7
669	-3
670	-6
671	-2
672	-5
673	-2
674	-6
675	-2
676	-5
677	-2
678	-4
679	-3
680	-5
681	-1
682	-5
683	-1
684	-5
685	-2
686	-5
687	-2
688	-4
689	-2
690	-5
691	-1
692	-5
693	-1
694	-4
695	-1
696	-3
697	-2
698	-4
699	-2
700	-3
701	-1
702	-4
703	-1
704	-3
705	-2
706	-2
707	-1
708	-3
709	0
710	-3
711	0
712	-2
713	0
714	-2
715	0
716	-2
717	-1
718	-2
719	-1
720	-4
721	0
722	-3
723	0
724	-3
725	0
726	-3
727	0
728	-2
729	0
730	-2
731	0
732	-2
733	0
734	-1
735	0
736	-1
737	0
738	-1
739	0
740	-4
741	0
742	-3
743	0
744	-3
745	0
746	-3
747	0
748	-4
749	0
750	-3
751	0
752	-3
753	0
754	-3
755	0
756	-4
757	0
758	-3
759	0
760	-4
761	0
762	-5
763	0
764	-3
765	0
766	-3
767	0
768	-4
769	-1
770	-3
771	0
772	-3
773	0
774	-4
775	-1
776	-2
777	-1
778	-2
779	0
780	-3
781	-1
782	-2
783	-1
784	-2
785	0
786	-3
787	0
788	-3
789	0
790	-3
791	0
792	-4
793	-1
794	-4
795	-1
796	-4
797	0
798	-4
799	-1
800	-3
801	-1
802	-4
803	0
804	-3
805	0
806	-4
807	0
808	-4
809	0
810	-3
811	0
812	-3
813	0
814	-4
815	0
816	-2
817	0
818	-4
819	-1
820	-4
821	-1
822	-4
823	-1
824	-4
825	0
826	-3
827	-1
828	-4
829	0
830	-4
831	0
832	-3
833	-1
834	-3
835	0
836	-2
837	0
838	-2
839	0
840	-3
841	0
842	-3
843	0
844	-2
845	0
846	-2
847	0
848	-2
849	0
850	-1
851	0
852	-1
853	0
854	-1
855	0
856	-1
857	0
858	-1
859	0
860	-2
861	0
862	-3
863	0
864	-2
865	0
866	-1
867	0
868	-1
869	0
870	-4
871	0
872	-3
873	0
874	-3
875	0
876	-4
877	0
878	-3
879	0
880	-4
881	0
882	-4
883	0
884	-3
885	-1
886	-4
887	-1
888	-4
889	0
890	-4
891	0
892	-5
893	0
894	-3
895	-1
896	-4
897	-1
898	-3
899	0
900	-3
901	0
902	-4
903	0
904	-3
905	0
906	-3
907	0
908	-4
909	0
910	-2
911	0
912	-2
913	0
914	-2
915	0
916	-2
917	0
918	-2
919	0
920	-2
921	0
922	-3
923	0
924	-4
925	0
926	-3
927	0
928	-2
929	0
930	-1
931	0
932	-1
933	0
934	-2
935	0
936	-1
937	0
938	-2
939	0
940	-2
941	0
942	-3
943	0
944	-2
945	0
946	-3
947	0
948	-4
949	-2
950	-4
951	0
952	-5
953	0
954	-4
955	0
956	-4
957	0
958	-4
959	-1
960	-3
961	0
962	-2
963	0
964	-4
965	0
966	-2
967	0
968	-1
969	0
970	-2
971	-1
972	-3
973	-1
974	-1
975	-1
976	-1
977	-1
978	-1
979	0
980	-3
981	-1
982	-3
983	-1
984	-2
985	-1
986	-3
987	0
988	-3
989	-1
990	-3
991	-2
992	-4
993	-1
994	-4
995	-1
996	-4
997	-1
998	-4
999	-1
1000	-3
1001	0
1002	-4
1003	0
1004	-3
1005	-2
1006	-4
1007	-1
1008	-4
1009	-1
1010	-4
1011	0
1012	-4
1013	0
1014	-5
1015	0
1016	-5
1017	0
1018	-3
1019	0
1020	-4
1021	-1
1022	-4
1023	-1
1024	-4
1025	-1
1026	-2
1027	-1
1028	-3
1029	-1
1030	-4
1031	-1
1032	-4
1033	-1
1034	-2
1035	0
1036	-1
1037	0
1038	-1
1039	0
1040	-3
1041	0
1042	-2
1043	0
1044	-2
1045	1
1046	-2
1047	0
1048	-2
1049	0
1050	-3
1051	0
1052	-2
1053	0
1054	-3
1055	0
1056	-2
1057	0
1058	-4
1059	0
1060	-4
1061	0
1062	-4
1063	-1
1064	-2
1065	-1
1066	-2
1067	0
1068	-2
1069	0
1070	-3
1071	0
1072	-3
1073	0
1074	-3
1075	-1
1076	-4
1077	-1
1078	-4
1079	-1
1080	-4
1081	-1
1082	-3
1083	-1
1084	-4
1085	-1
1086	-3
1087	0
1088	-3
1089	0
1090	-3
1091	0
1092	-4
1093	-1
1094	-4
1095	0
1096	-4
1097	0
1098	-3
1099	0
1100	-4
1101	0
1102	0
1103	0
1104	-1
1105	0
1106	-4
1107	-1
1108	-2
1109	0
1110	-2
1111	0
1112	-2
1113	0
1114	-1
1115	0
1116	-2
1117	0
1118	-3
1119	0
1120	-4
1121	0
1122	-3
1123	0
1124	-3
1125	0
1126	-2
1127	0
1128	-2
1129	0
1130	-3
1131	0
1132	-3
1133	1
1134	-2
1135	0
1136	-1
1137	0
1138	-2
1139	0
1140	-2
1141	0
1142	-2
1143	-1
1144	-3
1145	0
1146	-3
1147	0
1148	-3
1149	0
1150	-3
1151	0
1152	-2
1153	0
1154	-3
1155	0
1156	-2
1157	0
1158	-3
1159	0
1160	-3
1161	0
1162	-2
1163	0
1164	-3
1165	0
1166	-3
1167	0
1168	-3
1169	0
1170	-4
1171	0
1172	-4
1173	0
1174	-4
1175	0
1176	-3
1177	0
1178	-4
1179	0
1180	-1
1181	0
1182	-2
1183	0
1184	-3
1185	0
1186	-2
1187	0
1188	-2
1189	-1
1190	-2
1191	-1
1192	-1
1193	0
1194	-2
1195	0
1196	-1
1197	0
1198	-2
1199	0
1200	-3
1201	0
1202	-2
1203	-1
1204	-3
1205	0
1206	-2
1207	0
1208	-1
1209	0
1210	-1
1211	0
1212	-1
1213	0
1214	-1
1215	0
1216	-2
1217	0
1218	-1
1219	0
1220	-2
1221	0
1222	-3
1223	0
1224	-3
1225	0
1226	-3
1227	0
1228	-4
1229	1
1230	-3
1231	0
1232	-2
1233	0
1234	-3
1235	0
1236	-3
1237	0
1238	-3
1239	0
1240	-2
1241	0
1242	-2
1243	0
1244	-2
1245	0
1246	-3
1247	0
1248	-3
1249	0
1250	-2
1251	0
1252	0
1253	0
1254	-2
1255	0
1256	-3
1257	0
1258	-2
1259	0
1260	-2
1261	0
1262	-4
1263	-1
1264	-3
1265	0
1266	-2
1267	-1
1268	-3
1269	-1
1270	-3
1271	0
1272	-1
1273	-1
1274	-2
1275	-1
1276	-3
1277	-1
1278	-2
1279	0
1280	-3
1281	-2
1282	-4
1283	-1
1284	-2
1285	-1
1286	-2
1287	-1
1288	-3
1289	-1
1290	-2
1291	-1
1292	-2
1293	0
1294	-2
1295	0
1296	-1
1297	0
1298	-1
1299	0
1300	-1
1301	0
1302	-2
1303	0
1304	-2
1305	1
1306	-2
1307	0
1308	0
1309	0
1310	-1
1311	1
1312	-3
1313	0
1314	-3
1315	0
1316	-3
1317	0
1318	-2
1319	0
1320	-3
1321	-1
1322	-2
1323	0
1324	-2
1325	0
1326	-2
1327	0
1328	-4
1329	0
1330	-3
1331	-1
1332	-3
1333	-1
1334	-2
1335	-1
1336	-3
1337	0
1338	-4
1339	-1
1340	-4
1341	0
1342	-3
1343	0
1344	-2
1345	0
1346	-2
1347	0
1348	-1
1349	0
1350	-2
1351	0
1352	-2
1353	0
1354	-1
1355	1
1356	-1
1357	0
1358	-2
1359	0
1360	-2
1361	0
1362	-2
1363	0
1364	-2
1365	0
1366	-1
1367	0
1368	-1
1369	0
1370	-3
1371	0
1372	-2
1373	0
1374	-1
1375	0
1376	-2
1377	0
1378	-2
1379	0
1380	-2
1381	0
1382	-1
1383	0
1384	-2
1385	0
1386	-2
1387	0
1388	-2
1389	0
1390	-3
1391	0
1392	-2
1393	0
1394	-1
1395	0
1396	-1
1397	0
1398	-1
1399	0
1400	-1
1401	0
1402	-1
1403	0
1404	-1
1405	0
1406	-1
1407	0
1408	-2
1409	0
1410	-2
1411	1
1412	-2
1413	1
1414	-1
1415	1
1416	-1
1417	1
1418	0
1419	2
1420	0
1421	1
1422	0
1423	3
1424	0
1425	3
1426	0
1427	3
1428	1
1429	3
1430	1
1431	4
1432	3
1433	5
1434	3
1435	6
1436	2
1437	6
1438	2
1439	5
1440	3
1441	5
1442	4
1443	5
1444	4
1445	5
1446	3
1447	5
1448	2
1449	5
1450	2
1451	5
1452	2
1453	5
1454	2
1455	4
1456	1
1457	4
1458	2
1459	5
1460	3
1461	4
1462	3
1463	4
1464	1
1465	3
1466	1
1467	4
1468	2
1469	3
1470	2
1471	3
1472	1
1473	3
1474	0
1475	3
1476	-1
1477	2
1478	0
1479	2
1480	0
1481	2
1482	0
1483	0
1484	0
1485	1
1486	-1
1487	0
1488	-1
1489	0
1490	0
1491	1
1492	-2
1493	0
1494	-2
1495	0
1496	-1
1497	0
1498	-2
1499	0
1500	-2
1501	0
1502	-3
1503	0
1504	-1
1505	0
1506	-2
1507	0
1508	-3
1509	0
1510	-3
1511	0
1512	-3
1513	-1
1514	-3
1515	0
1516	-4
1517	0
1518	-3
1519	-1
1520	-3
1521	-1
1522	-4
1523	0
1524	-3
1525	0
1526	-3
1527	0
1528	-4
1529	0
1530	-4
1531	0
1532	-4
1533	0
1534	-3
1535	-1
1536	-3
1537	-2
1538	-3
1539	-1
1540	-4
1541	-1
1542	-3
1543	-1
1544	-3
1545	-1
1546	-3
1547	0
1548	-2
1549	0
1550	-3
1551	0
1552	-2
1553	0
1554	-2
1555	0
1556	-2
1557	0
1558	-3
1559	-1
1560	-3
1561	-1
1562	-2
1563	-1
1564	-3
1565	-1
1566	-3
1567	0
1568	-4
1569	-2
1570	-4
1571	-2
1572	-4
1573	-1
1574	-4
1575	0
1576	-2
1577	0
1578	-3
1579	0
1580	-1
1581	-1
1582	-2
1583	0
1584	0
1585	0
1586	-1
1587	0
1588	0
1589	1
1590	0
1591	1
1592	0
1593	2
1594	0
1595	2
1596	0
1597	4
1598	1
1599	3
1600	1
1601	3
1602	1
1603	3
1604	0
1605	2
1606	2
1607	4
1608	0
1609	2
1610	1
1611	3
1612	1
1613	2
1614	1
1615	2
1616	0
1617	1
1618	0
1619	2
1620	0
1621	3
1622	0
1623	3
1624	0
1625	2
1626	1
1627	2
1628	0
1629	2
1630	0
1631	2
1632	0
1633	2
1634	1
1635	2
1636	1
1637	3
1638	1
1639	3
1640	1
1641	2
1642	0
1643	2
1644	0
1645	2
1646	0
1647	2
1648	0
1649	3
1650	-1
1651	2
1652	0
1653	2
1654	-1
1655	1
1656	0
1657	0
1658	0
1659	1
1660	-2
1661	0
1662	-2
1663	0
1664	-1
1665	0
1666	-2
1667	0
1668	-1
1669	0
1670	-1
1671	0
1672	-1
1673	0
1674	-2
1675	-1
1676	-2
1677	0
1678	-2
1679	0
1680	-1
1681	0
1682	-2
1683	0
1684	-3
1685	0
1686	-2
1687	0
1688	-3
1689	0
1690	-1
1691	0
1692	-2
1693	0
1694	-3
1695	0
1696	-2
1697	0
1698	-3
1699	1
1700	-2
1701	0
1702	-2
1703	0
1704	-2
1705	0
1706	-2
1707	0
1708	-2
1709	0
1710	-1
1711	0
1712	-2
1713	0
1714	-2
1715	0
1716	-2
1717	1
1718	-2
1719	0
1720	-1
1721	1
1722	0
1723	1
1724	0
1725	1
1726	0
1727	2
1728	0
1729	2
1730	0
1731	3
1732	0
1733	3
1734	0
1735	4
1736	0
1737	3
1738	0
1739	2
1740	0
1741	2
1742	1
1743	2
1744	0
1745	1
1746	0
1747	2
1748	0
1749	2
1750	0
1751	2
1752	0
1753	2
1754	-1
1755	1
1756	-2
1757	3
1758	-1
1759	1
1760	-2
1761	2
1762	-1
1763	2
1764	-1
1765	1
1766	-1
1767	1
1768	-1
1769	1
1770	0
1771	1
1772	0
1773	0
1774	0
1775	1
1776	0
1777	0
1778	-1
1779	0
1780	-2
1781	0
1782	0
1783	0
1784	-1
1785	0
1786	-1
1787	0
1788	-1
1789	0
1790	0
1791	1
1792	-1
1793	0
1794	0
1795	0
1796	0
1797	1
1798	0
1799	1
1800	0
1801	1
1802	0
1803	2
1804	0
1805	2
1806	0
1807	2
1808	-1
1809	3
1810	0
1811	2
1812	0
1813	2
1814	0
1815	3
1816	0
1817	3
1818	0
1819	3
1820	1
1821	2
1822	1
1823	4
1824	0
1825	4
1826	0
1827	4
1828	0
1829	3
1830	1
1831	2
1832	1
1833	2
1834	0
1835	3
1836	0
1837	2
1838	0
1839	3
1840	0
1841	2
1842	0
1843	2
1844	0
1845	1
1846	-1
1847	1
1848	-1
1849	1
1850	-1
1851	0
1852	-3
1853	0
1854	-2
1855	0
1856	-1
1857	1
1858	-2
1859	1
1860	-2
1861	1
1862	0
1863	1
1864	0
1865	1
1866	0
1867	1
1868	0
1869	2
1870	0
1871	4
1872	0
1873	3
1874	0
1875	3
1876	0
1877	3
1878	0
1879	1
1880	0
1881	3
1882	0
1883	2
1884	-1
1885	1
1886	0
1887	1
1888	-1
1889	0
1890	0
1891	1
1892	-1
1893	1
1894	-2
1895	1
1896	-2
1897	1
1898	-1
1899	1
1900	-1
1901	1
1902	-2
1903	0
1904	-2
1905	1
1906	-2
1907	0
1908	-2
1909	0
1910	-2
1911	0
1912	-3
1913	0
1914	-2
1915	0
1916	-4
1917	-1
1918	-2
1919	0
1920	-2
1921	0
1922	-4
1923	0
1924	-3
1925	0
1926	-2
1927	0
1928	-4
1929	0
1930	-2
1931	0
1932	-2
1933	0
1934	-3
1935	0
1936	-4
1937	0
1938	-3
1939	0
1940	-2
1941	0
1942	-2
1943	0
1944	-3
1945	0
1946	-1
1947	0
1948	-3
1949	0
1950	-3
1951	0
1952	-4
1953	0
1954	-3
1955	0
1956	-4
1957	0
1958	-2
1959	-1
1960	-2
1961	0
1962	-2
1963	0
1964	-3
1965	0
1966	-2
1967	0
1968	-4
1969	-1
1970	-3
1971	0
1972	-2
1973	0
1974	-4
1975	0
1976	-3
1977	0
1978	-3
1979	0
1980	-3
1981	0
1982	-2
1983	0
1984	-3
1985	-1
1986	-3
1987	0
1988	-2
1989	0
1990	-3
1991	0
1992	-3
1993	-1
1994	-2
1995	0
1996	-2
1997	0
1998	-3
1999	0
