0	0
1	1
2	0
3	1
4	0
5	1
6	0
7	1
8	0
9	2
10	0
11	3
12	0
13	2
14	0
15	1
16	0
17	2
18	0
19	1
20	0
21	3
22	0
23	1
24	-1
25	1
26	0
27	2
28	0
29	1
30	0
31	0
32	0
33	1
34	0
35	0
36	0
37	0
38	0
39	2
40	0
41	1
42	0
43	1
44	0
45	3
46	0
47	1
48	0
49	1
50	0
51	0
52	0
53	2
54	0
55	1
56	0
57	1
58	0
59	1
60	0
61	2
62	0
63	1
64	0
65	2
66	0
67	1
68	0
69	1
70	0
71	1
72	0
73	2
74	0
75	1
76	0
77	1
78	0
79	0
80	0
81	1
82	0
83	1
84	0
85	1
86	0
87	0
88	-1
89	0
90	0
91	0
92	0
93	1
94	0
95	0
96	0
97	0
98	0
99	0
100	0
101	1
102	0
103	0
104	0
105	0
106	0
107	1
108	0
109	0
110	0
111	1
112	0
113	0
114	0
115	2
116	0
117	1
118	0
119	2
120	0
121	1
122	0
123	1
124	0
125	1
126	0
127	0
128	0
129	0
130	0
131	0
132	0
133	0
134	0
135	1
136	0
137	2
138	0
139	0
140	0
141	1
142	0
143	1
144	0
145	1
146	0
147	2
148	0
149	2
150	0
151	2
152	0
153	2
154	0
155	2
156	0
157	2
158	0
159	2
160	0
161	3
162	0
163	3
164	0
165	2
166	0
167	2
168	0
169	3
170	1
171	2
172	0
173	1
174	0
175	2
176	0
177	2
178	0
179	1
180	0
181	1
182	0
183	2
184	0
185	1
186	0
187	2
188	0
189	1
190	0
191	1
192	-1
193	1
194	-1
195	1
196	0
197	0
198	0
199	0
200	-1
201	0
202	-1
203	1
204	0
205	0
206	0
207	0
208	0
209	1
210	0
211	1
212	0
213	0
214	0
215	1
216	-1
217	0
218	-1
219	1
220	-1
221	1
222	0
223	0
224	0
225	1
226	0
227	0
228	-1
229	0
230	0
231	1
232	0
233	1
234	0
235	1
236	-1
237	0
238	-1
239	0
240	0
241	0
242	-1
243	0
244	0
245	0
246	0
247	0
248	0
249	1
250	0
251	1
252	0
253	1
254	0
255	2
256	0
257	2
258	0
259	1
260	0
261	1
262	0
263	2
264	0
265	2
266	0
267	2
268	0
269	2
270	0
271	1
272	0
273	0
274	0
275	2
276	0
277	2
278	0
279	2
280	0
281	0
282	0
283	0
284	0
285	1
286	0
287	1
288	0
289	2
290	-1
291	2
292	0
293	0
294	0
295	0
296	0
297	0
298	0
299	1
300	0
301	1
302	0
303	1
304	0
305	0
306	0
307	0
308	0
309	0
310	0
311	1
312	0
313	1
314	0
315	1
316	0
317	0
318	0
319	1
320	-1
321	1
322	0
323	0
324	-1
325	1
326	0
327	0
328	0
329	0
330	-1
331	0
332	0
333	2
334	0
335	0
336	0
337	0
338	-1
339	1
340	0
341	0
342	-1
343	1
344	-1
345	0
346	-1
347	0
348	0
349	1
350	0
351	1
352	0
353	0
354	0
355	1
356	0
357	2
358	0
359	2
360	0
361	3
362	0
363	3
364	0
365	1
366	0
367	2
368	0
369	2
370	0
371	2
372	-1
373	2
374	0
375	2
376	0
377	1
378	0
379	2
380	0
381	0
382	0
383	1
384	0
385	1
386	0
387	1
388	0
389	1
390	0
391	1
392	0
393	1
394	0
395	2
396	0
397	1
398	0
399	2
400	0
401	1
402	0
403	1
404	0
405	1
406	0
407	0
408	0
409	1
410	0
411	1
412	0
413	1
414	-1
415	0
416	0
417	2
418	0
419	2
420	0
421	0
422	0
423	1
424	0
425	0
426	0
427	0
428	0
429	0
430	0
431	0
432	-1
433	2
434	0
435	1
436	0
437	1
438	0
439	1
440	0
441	2
442	0
443	4
444	0
445	4
446	3
447	8
448	5
449	9
450	8
451	14
452	11
453	17
454	14
455	20
456	18
457	23
458	22
459	27
460	26
461	31
462	30
463	37
464	34
465	40
466	38
467	41
468	40
469	44
470	43
471	47
472	45
473	50
474	48
475	50
476	49
477	51
478	50
479	56
480	53
481	57
482	56
483	60
484	58
485	62
486	58
487	65
488	61
489	67
490	63
491	68
492	65
493	69
494	66
495	71
496	67
497	72
498	71
499	78
500	62
501	74
502	68
503	71
504	69
505	72
506	68
507	72
508	65
509	73
510	65
511	70
512	63
513	67
514	62
515	65
516	60
517	63
518	58
519	60
520	55
521	57
522	53
523	55
524	49
525	53
526	46
527	50
528	44
529	47
530	41
531	45
532	40
533	41
534	36
535	39
536	32
537	35
538	29
539	33
540	27
541	30
542	22
543	27
544	20
545	24
546	18
547	21
548	16
549	19
550	13
551	17
552	12
553	15
554	9
555	12
556	9
557	11
558	7
559	10
560	5
561	7
562	2
563	7
564	1
565	5
566	0
567	4
568	-3
569	3
570	-3
571	1
572	-3
573	0
574	-4
575	-1
576	-5
577	0
578	-6
579	-2
580	-6
581	-2
582	-7
583	-3
584	-5
585	-3
586	-6
587	-2
588	-7
589	-3
590	-6
591	-4
592	-9
593	-2
594	-10
595	-3
596	-10
597	-4
598	-9
599	-4
600	-9
601	-3
602	-10
603	-3
604	-9
605	-4
606	-10
607	-3
608	-10
609	-5
610	-11
611	-4
612	-10
613	-4
614	-8
615	-3
616	-9
617	-2
618	-10
619	-2
620	-8
621	-4
622	-8
623	-4
624	-7
625	-3
626	-8
627	-2
628	-7
629	-2
630	-6
631	-2
632	-5
633	-2
634	-6
635	0
636	-6
637	-2
638	-6
639	-2
640	-6
641	-1
642	-6
643	-1
644	-6
645	-1
646	-5
647	-1
648	-5
649	0
650	-5
651	-1
652	-6
653	-1
654	-3
655	0
656	-5
657	-1
658	-3
659	-1
660	-4
661	-1
662	-5
663	0
664	-6
665	0
666	-4
667	0
668	-2
669	0
670	-4
671	-1
672	-4
673	-1
674	-2
675	0
676	-4
677	0
678	-4
679	-1
680	-3
681	0
682	-3
683	0
684	-3
685	0
686	-1
687	0
688	-1
689	0
690	-2
691	0
692	-1
693	0
694	0
695	0
696	-1
697	0
698	-1
699	0
700	-1
701	0
702	-2
703	0
704	-2
705	0
706	-2
707	0
708	-2
709	0
710	-1
711	0
712	-1
713	0
714	-2
715	0
716	-2
717	0
718	-1
719	0
720	-2
721	0
722	-1
723	0
724	0
725	0
726	-1
727	0
728	0
729	0
730	-1
731	0
732	-1
733	0
734	-1
735	0
736	-1
737	0
738	-1
739	0
740	-1
741	0
742	-1
743	0
744	0
745	0
746	-1
747	0
748	0
749	0
750	0
751	0
752	0
753	0
754	-1
755	0
756	-1
757	0
758	-2
759	0
760	-1
761	0
762	-1
763	0
764	-1
765	0
766	-1
767	0
768	-1
769	0
770	-2
771	0
772	-1
773	0
774	-2
775	0
776	-2
777	0
778	-1
779	0
780	-2
781	0
782	-1
783	0
784	-1
785	0
786	-1
787	0
788	-2
789	0
790	-2
791	0
792	-1
793	0
794	-1
795	0
796	-1
797	0
798	-1
799	0
800	-1
801	0
802	-2
803	0
804	-2
805	0
806	-2
807	0
808	-1
809	0
810	0
811	0
812	0
813	0
814	0
815	0
816	0
817	0
818	-1
819	0
820	0
821	0
822	0
823	0
824	0
825	0
826	-1
827	0
828	-1
829	0
830	-1
831	0
832	-1
833	0
834	-1
835	0
836	-1
837	0
838	-1
839	1
840	-1
841	0
842	-1
843	0
844	-2
845	0
846	-1
847	0
848	0
849	0
850	-2
851	0
852	0
853	0
854	0
855	0
856	0
857	0
858	0
859	0
860	-2
861	0
862	-1
863	0
864	-2
865	0
866	-1
867	0
868	-1
869	0
870	0
871	0
872	0
873	0
874	-1
875	0
876	-2
877	0
878	-3
879	0
880	-2
881	0
882	-1
883	0
884	-2
885	0
886	-2
887	0
888	-1
889	0
890	-1
891	0
892	0
893	0
894	-1
895	0
896	-1
897	0
898	-1
899	0
900	-1
901	0
902	-1
903	0
904	-1
905	0
906	-2
907	0
908	-1
909	0
910	-1
911	0
912	-1
913	0
914	-1
915	1
916	-1
917	0
918	-3
919	0
920	-2
921	0
922	-3
923	0
924	-3
925	0
926	-3
927	0
928	-2
929	0
930	-1
931	0
932	-1
933	0
934	-2
935	0
936	-1
937	0
938	0
939	0
940	0
941	0
942	0
943	0
944	0
945	0
946	-1
947	0
948	0
949	0
950	-1
951	0
952	0
953	0
954	-1
955	0
956	-1
957	0
958	0
959	0
960	0
961	0
962	0
963	0
964	-1
965	0
966	0
967	0
968	-1
969	0
970	0
971	0
972	-1
973	0
974	0
975	0
976	-1
977	0
978	-1
979	0
980	-1
981	0
982	-1
983	0
984	-1
985	0
986	-2
987	0
988	-1
989	0
990	-4
991	0
992	-3
993	0
994	-2
995	0
996	-1
997	0
998	-2
999	0
1000	0
1001	0
1002	-1
1003	0
1004	-1
1005	0
1006	-1
1007	0
1008	0
1009	0
1010	-1
1011	0
1012	-1
1013	0
1014	-1
1015	0
1016	-1
1017	0
1018	-2
1019	0
1020	-1
1021	0
1022	-2
1023	0
1024	-1
1025	0
1026	-1
1027	0
1028	-3
1029	0
1030	-1
1031	0
1032	-2
1033	0
1034	-2
1035	0
1036	0
1037	0
1038	-1
1039	0
1040	0
1041	1
1042	-1
1043	0
1044	-1
1045	0
1046	0
1047	0
1048	-1
1049	0
1050	-2
1051	0
1052	-1
1053	0
1054	-1
1055	0
1056	-1
1057	0
1058	0
1059	0
1060	-1
1061	0
1062	-2
1063	0
1064	-2
1065	0
1066	-1
1067	0
1068	0
1069	0
1070	-1
1071	0
1072	-1
1073	0
1074	-1
1075	0
1076	-1
1077	0
1078	-2
1079	0
1080	-1
1081	0
1082	0
1083	0
1084	-2
1085	0
1086	-2
1087	0
1088	-1
1089	0
1090	-1
1091	0
1092	-1
1093	0
1094	-3
1095	0
1096	-2
1097	0
1098	-2
1099	0
1100	-1
1101	0
1102	-2
1103	0
1104	-3
1105	0
1106	-2
1107	0
1108	-2
1109	0
1110	-2
1111	0
1112	-2
1113	-1
1114	-2
1115	0
1116	-2
1117	0
1118	-2
1119	0
1120	-1
1121	0
1122	-2
1123	0
1124	-2
1125	0
1126	-2
1127	0
1128	-2
1129	0
1130	-2
1131	0
1132	-2
1133	1
1134	0
1135	0
1136	0
1137	1
1138	0
1139	1
1140	-1
1141	1
1142	0
1143	2
1144	0
1145	1
1146	0
1147	0
1148	-1
1149	1
1150	-2
1151	0
1152	-1
1153	0
1154	-2
1155	0
1156	-1
1157	0
1158	-2
1159	0
1160	-2
1161	0
1162	-1
1163	0
1164	-1
1165	0
1166	-3
1167	0
1168	-1
1169	0
1170	-1
1171	0
1172	-1
1173	0
1174	-1
1175	0
1176	-1
1177	0
1178	-3
1179	0
1180	-1
1181	0
1182	-2
1183	0
1184	-1
1185	0
1186	0
1187	0
1188	-2
1189	0
1190	-2
1191	0
1192	-1
1193	0
1194	-1
1195	0
1196	-1
1197	0
1198	-1
1199	0
1200	-2
1201	0
1202	-3
1203	-1
1204	-2
1205	0
1206	-3
1207	0
1208	-2
1209	0
1210	-2
1211	0
1212	-1
1213	0
1214	-2
1215	0
1216	-1
1217	0
1218	-2
1219	0
1220	-1
1221	0
1222	-1
1223	0
1224	0
1225	0
1226	-1
1227	0
1228	0
1229	0
1230	0
1231	0
1232	0
1233	0
1234	0
1235	0
1236	0
1237	0
1238	0
1239	0
1240	0
1241	0
1242	0
1243	1
1244	0
1245	0
1246	0
1247	1
1248	0
1249	1
1250	0
1251	1
1252	0
1253	1
1254	0
1255	2
1256	0
1257	2
1258	0
1259	1
1260	0
1261	1
1262	0
1263	2
1264	0
1265	2
1266	0
1267	2
1268	0
1269	2
1270	0
1271	1
1272	0
1273	1
1274	0
1275	2
1276	0
1277	2
1278	0
1279	2
1280	0
1281	1
1282	0
1283	1
1284	0
1285	1
1286	0
1287	1
1288	-1
1289	0
1290	0
1291	0
1292	0
1293	0
1294	0
1295	0
1296	0
1297	0
1298	0
1299	0
1300	-1
1301	1
1302	0
1303	0
1304	-1
1305	0
1306	-1
1307	0
1308	0
1309	0
1310	-1
1311	0
1312	0
1313	1
1314	0
1315	0
1316	-1
1317	0
1318	-1
1319	0
1320	0
1321	0
1322	0
1323	0
1324	-1
1325	0
1326	-1
1327	0
1328	-1
1329	0
1330	0
1331	0
1332	0
1333	0
1334	-2
1335	0
1336	0
1337	0
1338	-1
1339	0
1340	-1
1341	0
1342	-1
1343	0
1344	-1
1345	0
1346	-2
1347	0
1348	-1
1349	0
1350	0
1351	0
1352	-1
1353	0
1354	0
1355	0
1356	0
1357	0
1358	0
1359	0
1360	0
1361	0
1362	-1
1363	0
1364	-1
1365	0
1366	-1
1367	0
1368	-1
1369	0
1370	-1
1371	0
1372	0
1373	0
1374	0
1375	0
1376	0
1377	0
1378	0
1379	0
1380	0
1381	0
1382	-1
1383	0
1384	-1
1385	0
1386	-1
1387	0
1388	-2
1389	0
1390	0
1391	0
1392	0
1393	0
1394	-1
1395	0
1396	-1
1397	0
1398	0
1399	0
1400	0
1401	0
1402	-2
1403	0
1404	-1
1405	0
1406	-1
1407	0
1408	0
1409	0
1410	-1
1411	0
1412	-1
1413	0
1414	-2
1415	0
1416	0
1417	0
1418	-1
1419	0
1420	-2
1421	0
1422	0
1423	0
1424	-1
1425	0
1426	-3
1427	0
1428	-1
1429	0
1430	-1
1431	1
1432	-2
1433	0
1434	-1
1435	0
1436	-1
1437	0
1438	-1
1439	0
1440	0
1441	0
1442	0
1443	1
1444	0
1445	0
1446	0
1447	0
1448	0
1449	1
1450	0
1451	0
1452	0
1453	1
1454	0
1455	1
1456	0
1457	1
1458	0
1459	1
1460	0
1461	1
1462	0
1463	0
1464	0
1465	0
1466	0
1467	0
1468	0
1469	0
1470	0
1471	1
1472	0
1473	0
1474	0
1475	1
1476	0
1477	0
1478	0
1479	0
1480	-1
1481	0
1482	0
1483	1
1484	-2
1485	0
1486	0
1487	0
1488	0
1489	0
1490	-1
1491	1
1492	-1
1493	0
1494	-1
1495	0
1496	-1
1497	0
1498	0
1499	0
1500	0
1501	0
1502	0
1503	0
1504	-1
1505	1
1506	-1
1507	1
1508	0
1509	1
1510	-2
1511	1
1512	0
1513	1
1514	-1
1515	0
1516	-1
1517	0
1518	0
1519	0
1520	0
1521	0
1522	-1
1523	0
1524	0
1525	0
1526	0
1527	0
1528	-1
1529	0
1530	-1
1531	0
1532	0
1533	0
1534	-1
1535	0
1536	-1
1537	0
1538	-1
1539	0
1540	0
1541	0
1542	0
1543	1
1544	-1
1545	2
1546	0
1547	0
1548	-1
1549	0
1550	-1
1551	0
1552	0
1553	0
1554	0
1555	0
1556	0
1557	0
1558	-1
1559	0
1560	-1
1561	0
1562	-2
1563	0
1564	-1
1565	0
1566	-2
1567	0
1568	-2
1569	0
1570	-2
1571	0
1572	-1
1573	0
1574	-2
1575	0
1576	-2
1577	0
1578	-1
1579	0
1580	0
1581	0
1582	-1
1583	0
1584	0
1585	0
1586	-1
1587	0
1588	-2
1589	0
1590	0
1591	0
1592	-1
1593	0
1594	-1
1595	0
1596	-1
1597	0
1598	-1
1599	0
1600	-1
1601	1
1602	0
1603	0
1604	-1
1605	0
1606	0
1607	0
1608	-1
1609	0
1610	-1
1611	1
1612	0
1613	1
1614	0
1615	0
1616	0
1617	0
1618	-1
1619	0
1620	-2
1621	0
1622	-1
1623	0
1624	-2
1625	0
1626	-1
1627	0
1628	-1
1629	0
1630	0
1631	0
1632	-1
1633	0
1634	0
1635	1
1636	0
1637	0
1638	0
1639	0
1640	-1
1641	1
1642	-1
1643	0
1644	-1
1645	0
1646	0
1647	0
1648	0
1649	0
1650	-1
1651	0
1652	0
1653	0
1654	0
1655	0
1656	0
1657	1
1658	-1
1659	0
1660	-1
1661	0
1662	-1
1663	1
1664	0
1665	1
1666	0
1667	0
1668	0
1669	1
1670	0
1671	1
1672	0
1673	2
1674	0
1675	1
1676	0
1677	2
1678	0
1679	2
1680	0
1681	2
1682	1
1683	2
1684	0
1685	1
1686	1
1687	2
1688	1
1689	2
1690	0
1691	2
1692	0
1693	1
1694	0
1695	2
1696	0
1697	1
1698	0
1699	1
1700	0
1701	0
1702	0
1703	1
1704	0
1705	1
1706	0
1707	1
1708	0
1709	1
1710	0
1711	1
1712	0
1713	1
1714	0
1715	1
1716	0
1717	1
1718	0
1719	1
1720	0
1721	2
1722	0
1723	1
1724	0
1725	1
1726	0
1727	1
1728	0
1729	2
1730	1
1731	2
1732	0
1733	1
1734	1
1735	2
1736	0
1737	2
1738	0
1739	3
1740	0
1741	2
1742	0
1743	2
1744	0
1745	2
1746	0
1747	2
1748	0
1749	2
1750	0
1751	3
1752	1
1753	2
1754	1
1755	2
1756	0
1757	1
1758	0
1759	2
1760	0
1761	2
1762	1
1763	3
1764	0
1765	2
1766	0
1767	1
1768	0
1769	1
1770	0
1771	1
1772	0
1773	1
1774	0
1775	0
1776	0
1777	0
1778	0
1779	0
1780	0
1781	1
1782	0
1783	0
1784	-1
1785	0
1786	-1
1787	1
1788	-1
1789	0
1790	0
1791	0
1792	-1
1793	0
1794	-2
1795	1
1796	-1
1797	0
1798	-1
1799	0
1800	0
1801	0
1802	0
1803	0
1804	-2
1805	0
1806	-1
1807	0
1808	-1
1809	0
1810	0
1811	0
1812	-1
1813	0
1814	-2
1815	0
1816	-1
1817	0
1818	-3
1819	0
1820	-1
1821	0
1822	-1
1823	1
1824	0
1825	0
1826	-1
1827	0
1828	-1
1829	0
1830	0
1831	0
1832	-1
1833	0
1834	-1
1835	0
1836	-1
1837	0
1838	0
1839	0
1840	-1
1841	0
1842	-1
1843	0
1844	-1
1845	0
1846	-1
1847	0
1848	-1
1849	0
1850	-1
1851	0
1852	-1
1853	0
1854	-1
1855	0
1856	-1
1857	0
1858	-1
1859	0
1860	0
1861	0
1862	0
1863	0
1864	0
1865	0
1866	-1
1867	0
1868	0
1869	1
1870	-2
1871	1
1872	-1
1873	0
1874	-1
1875	0
1876	-1
1877	0
1878	-1
1879	0
1880	0
1881	1
1882	0
1883	0
1884	-1
1885	0
1886	-1
1887	0
1888	-1
1889	0
1890	-1
1891	0
1892	-3
1893	0
1894	-2
1895	0
1896	-2
1897	1
1898	-2
1899	0
1900	-1
1901	0
1902	-1
1903	0
1904	0
1905	0
1906	-1
1907	0
1908	0
1909	1
1910	0
1911	1
1912	-1
1913	0
1914	0
1915	0
1916	0
1917	0
1918	-1
1919	0
1920	-1
1921	0
1922	0
1923	0
1924	-1
1925	0
1926	-1
1927	0
1928	-3
1929	0
1930	0
1931	0
1932	-1
1933	0
1934	-1
1935	0
1936	-2
1937	0
1938	0
1939	0
1940	0
1941	0
1942	-1
1943	0
1944	-1
1945	0
1946	0
1947	1
1948	0
1949	2
1950	-1
1951	1
1952	-1
1953	0
1954	0
1955	0
1956	0
1957	0
1958	0
1959	0
1960	-1
1961	0
1962	0
1963	0
1964	-1
1965	0
1966	-1
1967	0
1968	0
1969	0
1970	0
1971	0
1972	0
1973	1
1974	0
1975	0
1976	0
1977	0
1978	-1
1979	1
1980	0
1981	0
1982	0
1983	0
1984	0
1985	0
1986	-1
1987	0
1988	-1
1989	0
1990	-1
1991	0
1992	0
1993	1
1994	-1
1995	0
1996	-1
1997	0
1998	0
1999	0
