0	0
1	0
2	0
3	0
4	0
5	1
6	0
7	0
8	0
9	0
10	0
11	1
12	0
13	0
14	0
15	0
16	0
17	1
18	0
19	0
20	0
21	0
22	0
23	0
24	0
25	1
26	0
27	0
28	1
29	0
30	0
31	0
32	0
33	0
34	0
35	0
36	0
37	0
38	0
39	0
40	0
41	0
42	0
43	1
44	0
45	0
46	0
47	1
48	0
49	0
50	0
51	1
52	0
53	1
54	0
55	1
56	0
57	2
58	2
59	1
60	1
61	1
62	0
63	1
64	3
65	1
66	1
67	2
68	1
69	2
70	0
71	1
72	0
73	1
74	0
75	1
76	0
77	0
78	0
79	0
80	0
81	0
82	-1
83	0
84	0
85	0
86	-1
87	0
88	0
89	0
90	0
91	0
92	0
93	0
94	-1
95	0
96	0
97	0
98	0
99	0
100	-1
101	0
102	-1
103	0
104	0
105	1
106	0
107	1
108	0
109	0
110	0
111	0
112	0
113	0
114	0
115	0
116	0
117	0
118	0
119	1
120	0
121	1
122	0
123	1
124	0
125	1
126	0
127	2
128	1
129	1
130	0
131	0
132	0
133	0
134	0
135	0
136	0
137	0
138	0
139	0
140	0
141	0
142	0
143	0
144	0
145	0
146	0
147	0
148	-1
149	0
150	-1
151	1
152	0
153	1
154	0
155	1
156	1
157	2
158	1
159	1
160	1
161	1
162	0
163	2
164	1
165	2
166	1
167	1
168	1
169	2
170	0
171	2
172	1
173	2
174	0
175	1
176	0
177	1
178	0
179	0
180	0
181	0
182	0
183	0
184	-1
185	0
186	0
187	0
188	0
189	0
190	0
191	0
192	0
193	0
194	0
195	0
196	0
197	0
198	0
199	0
200	0
201	0
202	0
203	0
204	-1
205	0
206	0
207	0
208	0
209	0
210	0
211	0
212	-1
213	1
214	0
215	1
216	-1
217	0
218	0
219	0
220	0
221	0
222	0
223	0
224	0
225	0
226	0
227	0
228	0
229	1
230	0
231	1
232	0
233	1
234	0
235	2
236	0
237	1
238	0
239	1
240	1
241	2
242	1
243	1
244	0
245	1
246	0
247	1
248	1
249	1
250	1
251	1
252	1
253	2
254	1
255	2
256	1
257	2
258	1
259	2
260	1
261	2
262	1
263	2
264	0
265	1
266	1
267	0
268	1
269	2
270	0
271	0
272	1
273	1
274	1
275	1
276	0
277	2
278	0
279	0
280	0
281	1
282	0
283	2
284	1
285	2
286	1
287	2
288	2
289	2
290	2
291	3
292	3
293	2
294	4
295	3
296	3
297	3
298	3
299	4
300	3
301	4
302	4
303	4
304	4
305	4
306	3
307	5
308	3
309	4
310	2
311	4
312	3
313	5
314	2
315	4
316	3
317	3
318	3
319	4
320	2
321	4
322	1
323	3
324	2
325	3
326	1
327	1
328	0
329	1
330	0
331	1
332	0
333	1
334	0
335	0
336	0
337	0
338	0
339	0
340	0
341	1
342	0
343	0
344	0
345	0
346	0
347	1
348	0
349	1
350	0
351	1
352	0
353	2
354	0
355	1
356	0
357	1
358	0
359	1
360	1
361	2
362	0
363	2
364	0
365	2
366	0
367	3
368	0
369	0
370	0
371	2
372	0
373	2
374	0
375	1
376	0
377	0
378	0
379	0
380	0
381	1
382	0
383	1
384	0
385	0
386	0
387	0
388	0
389	-1
390	-1
391	0
392	0
393	0
394	-1
395	0
396	0
397	0
398	-1
399	0
400	-1
401	0
402	-1
403	-1
404	-2
405	0
406	-1
407	-2
408	-1
409	-2
410	-1
411	-1
412	-2
413	-1
414	-1
415	-1
416	-2
417	0
418	-1
419	-1
420	0
421	0
422	-1
423	0
424	0
425	-1
426	-2
427	0
428	0
429	0
430	1
431	4
432	5
433	7
434	11
435	14
436	15
437	21
438	22
439	27
440	31
441	37
442	39
443	47
444	50
445	56
446	60
447	66
448	69
449	76
450	79
451	86
452	91
453	96
454	100
455	106
456	110
457	114
458	118
459	125
460	128
461	133
462	136
463	142
464	142
465	148
466	149
467	151
468	153
469	155
470	155
471	159
472	157
473	157
474	157
475	156
476	155
477	155
478	152
479	149
480	147
481	145
482	141
483	139
484	134
485	134
486	127
487	125
488	119
489	117
490	112
491	108
492	102
493	99
494	93
495	91
496	85
497	79
498	78
499	78
500	62
501	64
502	60
503	58
504	52
505	48
506	44
507	41
508	35
509	33
510	29
511	26
512	22
513	20
514	15
515	14
516	9
517	7
518	3
519	2
520	-1
521	-3
522	-5
523	-7
524	-10
525	-10
526	-12
527	-13
528	-18
529	-16
530	-22
531	-20
532	-23
533	-24
534	-26
535	-25
536	-28
537	-28
538	-29
539	-30
540	-32
541	-31
542	-33
543	-33
544	-36
545	-34
546	-36
547	-34
548	-36
549	-36
550	-37
551	-36
552	-37
553	-37
554	-38
555	-37
556	-37
557	-39
558	-39
559	-39
560	-38
561	-36
562	-38
563	-36
564	-37
565	-36
566	-38
567	-35
568	-35
569	-34
570	-35
571	-34
572	-34
573	-31
574	-34
575	-33
576	-32
577	-32
578	-31
579	-31
580	-31
581	-29
582	-30
583	-30
584	-30
585	-29
586	-28
587	-28
588	-27
589	-28
590	-28
591	-27
592	-26
593	-25
594	-26
595	-24
596	-25
597	-23
598	-23
599	-22
600	-22
601	-20
602	-20
603	-17
604	-20
605	-17
606	-18
607	-16
608	-16
609	-15
610	-15
611	-15
612	-15
613	-12
614	-14
615	-12
616	-14
617	-12
618	-13
619	-12
620	-11
621	-12
622	-12
623	-11
624	-11
625	-10
626	-12
627	-10
628	-12
629	-11
630	-11
631	-10
632	-11
633	-10
634	-10
635	-9
636	-10
637	-9
638	-9
639	-9
640	-10
641	-8
642	-8
643	-8
644	-9
645	-6
646	-8
647	-7
648	-7
649	-8
650	-7
651	-7
652	-8
653	-7
654	-8
655	-7
656	-7
657	-7
658	-7
659	-6
660	-6
661	-5
662	-4
663	-6
664	-5
665	-5
666	-4
667	-4
668	-6
669	-4
670	-4
671	-3
672	-4
673	-3
674	-4
675	-4
676	-5
677	-4
678	-5
679	-3
680	-5
681	-4
682	-4
683	-5
684	-4
685	-4
686	-5
687	-4
688	-5
689	-3
690	-3
691	-2
692	-4
693	-2
694	-5
695	-2
696	-4
697	-2
698	-3
699	-2
700	-3
701	-2
702	-3
703	-2
704	-4
705	-3
706	-3
707	-3
708	-4
709	-3
710	-3
711	-2
712	-3
713	-3
714	-3
715	-3
716	-3
717	-3
718	-4
719	-4
720	-3
721	-2
722	-2
723	-1
724	-2
725	-2
726	-3
727	-1
728	-2
729	-1
730	-2
731	-1
732	-1
733	-1
734	-2
735	-2
736	-3
737	-3
738	-2
739	-2
740	-2
741	-1
742	-2
743	-2
744	-2
745	-1
746	-1
747	-2
748	-1
749	-1
750	-2
751	0
752	-3
753	0
754	-1
755	-1
756	-2
757	0
758	-2
759	-1
760	-1
761	0
762	-2
763	-1
764	-1
765	-1
766	-2
767	-1
768	-2
769	-2
770	-2
771	-3
772	-3
773	-1
774	-3
775	-1
776	-3
777	-2
778	-3
779	-2
780	-4
781	-3
782	-3
783	-2
784	-2
785	-2
786	-3
787	-1
788	-2
789	-1
790	-2
791	-1
792	-3
793	-1
794	-2
795	-2
796	-2
797	-1
798	-2
799	-1
800	-1
801	-1
802	-1
803	-2
804	0
805	-1
806	-3
807	-1
808	-4
809	-1
810	-2
811	-2
812	-3
813	-1
814	-2
815	-1
816	-2
817	0
818	-2
819	-1
820	-1
821	0
822	-2
823	0
824	-3
825	0
826	-2
827	-1
828	-1
829	-1
830	-2
831	-1
832	-1
833	0
834	-2
835	-2
836	-2
837	-3
838	-3
839	-2
840	-3
841	-2
842	-2
843	-2
844	-2
845	-1
846	-2
847	-1
848	-1
849	-1
850	-1
851	-1
852	-1
853	0
854	-1
855	0
856	0
857	0
858	-1
859	0
860	-1
861	0
862	-1
863	0
864	-1
865	0
866	-2
867	0
868	-1
869	0
870	-1
871	0
872	-1
873	0
874	-1
875	0
876	-1
877	-2
878	-3
879	-2
880	-3
881	-1
882	-2
883	-1
884	-3
885	-2
886	-4
887	-1
888	-3
889	-1
890	-4
891	-2
892	-2
893	-2
894	-2
895	-1
896	-3
897	-1
898	-1
899	-1
900	-1
901	-1
902	-1
903	0
904	-1
905	-1
906	-1
907	0
908	0
909	-1
910	0
911	0
912	-1
913	0
914	0
915	0
916	0
917	0
918	-1
919	0
920	-1
921	0
922	-1
923	-1
924	-1
925	-3
926	-4
927	-3
928	-4
929	-1
930	-4
931	-2
932	-3
933	-2
934	-3
935	-2
936	-3
937	-2
938	-3
939	-2
940	-2
941	-1
942	-2
943	-1
944	-2
945	-1
946	-1
947	0
948	-1
949	0
950	-2
951	0
952	-2
953	0
954	-1
955	-1
956	-1
957	0
958	-1
959	0
960	0
961	0
962	-1
963	0
964	-4
965	-1
966	-2
967	-2
968	-2
969	-2
970	-2
971	-1
972	-1
973	-1
974	-2
975	-2
976	-3
977	-2
978	-3
979	-2
980	-3
981	-1
982	-3
983	-2
984	-2
985	-2
986	-2
987	-1
988	-2
989	-1
990	-1
991	0
992	-1
993	-1
994	-1
995	0
996	-1
997	0
998	0
999	0
1000	0
1001	0
1002	0
1003	0
1004	0
1005	0
1006	0
1007	1
1008	0
1009	0
1010	0
1011	0
1012	0
1013	0
1014	-1
1015	0
1016	-1
1017	0
1018	-2
1019	-1
1020	-2
1021	-1
1022	-1
1023	0
1024	-2
1025	-1
1026	-2
1027	-1
1028	-3
1029	-1
1030	-2
1031	-1
1032	-2
1033	-1
1034	-1
1035	0
1036	-1
1037	0
1038	-2
1039	0
1040	0
1041	0
1042	0
1043	0
1044	-2
1045	0
1046	-2
1047	0
1048	-2
1049	0
1050	-1
1051	-1
1052	-2
1053	0
1054	-1
1055	0
1056	-3
1057	0
1058	-1
1059	0
1060	-1
1061	0
1062	-1
1063	-1
1064	-1
1065	0
1066	0
1067	0
1068	-1
1069	-1
1070	-1
1071	0
1072	-2
1073	0
1074	0
1075	0
1076	0
1077	0
1078	0
1079	0
1080	0
1081	1
1082	0
1083	0
1084	0
1085	1
1086	0
1087	2
1088	1
1089	2
1090	1
1091	0
1092	0
1093	1
1094	1
1095	0
1096	0
1097	1
1098	0
1099	2
1100	1
1101	0
1102	0
1103	1
1104	0
1105	0
1106	0
1107	0
1108	0
1109	1
1110	0
1111	0
1112	2
1113	1
1114	0
1115	1
1116	1
1117	2
1118	0
1119	1
1120	0
1121	0
1122	0
1123	1
1124	1
1125	0
1126	0
1127	0
1128	0
1129	0
1130	0
1131	0
1132	0
1133	0
1134	0
1135	0
1136	0
1137	0
1138	-2
1139	0
1140	-2
1141	-1
1142	-3
1143	-1
1144	-2
1145	-2
1146	-4
1147	-2
1148	-4
1149	-2
1150	-3
1151	-3
1152	-2
1153	-3
1154	-4
1155	-3
1156	-2
1157	-2
1158	-2
1159	0
1160	-2
1161	-1
1162	-2
1163	0
1164	-2
1165	-1
1166	-2
1167	-1
1168	-2
1169	-1
1170	-1
1171	0
1172	-2
1173	0
1174	-1
1175	-1
1176	-3
1177	-2
1178	-2
1179	-2
1180	-2
1181	-2
1182	-2
1183	-1
1184	-3
1185	-1
1186	-2
1187	0
1188	-3
1189	-1
1190	-2
1191	-2
1192	-2
1193	-2
1194	-1
1195	-1
1196	-2
1197	-1
1198	-2
1199	-1
1200	-2
1201	0
1202	-2
1203	-1
1204	-2
1205	-1
1206	-1
1207	-2
1208	-2
1209	-2
1210	-2
1211	-2
1212	-3
1213	-3
1214	-1
1215	-2
1216	-1
1217	-1
1218	-2
1219	-1
1220	-1
1221	-1
1222	-2
1223	0
1224	-1
1225	0
1226	-2
1227	0
1228	-2
1229	0
1230	-2
1231	0
1232	-1
1233	0
1234	-1
1235	0
1236	-1
1237	-1
1238	-2
1239	-1
1240	0
1241	-2
1242	0
1243	0
1244	-1
1245	0
1246	-1
1247	-1
1248	0
1249	-1
1250	0
1251	-1
1252	-2
1253	0
1254	-2
1255	-2
1256	-2
1257	0
1258	-1
1259	-1
1260	-2
1261	-2
1262	-2
1263	-2
1264	-2
1265	0
1266	-2
1267	-1
1268	-2
1269	-2
1270	-2
1271	0
1272	-3
1273	0
1274	-2
1275	-1
1276	-2
1277	0
1278	-1
1279	-1
1280	-2
1281	-1
1282	-1
1283	0
1284	-2
1285	-1
1286	-1
1287	-1
1288	-1
1289	-1
1290	0
1291	0
1292	0
1293	0
1294	-1
1295	-1
1296	0
1297	0
1298	-1
1299	0
1300	-1
1301	0
1302	-1
1303	0
1304	-1
1305	0
1306	-1
1307	0
1308	-1
1309	0
1310	-2
1311	-1
1312	-1
1313	-2
1314	-1
1315	-1
1316	-1
1317	0
1318	-1
1319	0
1320	-1
1321	0
1322	-1
1323	0
1324	0
1325	0
1326	-1
1327	0
1328	0
1329	0
1330	0
1331	0
1332	-1
1333	0
1334	-1
1335	0
1336	-1
1337	-1
1338	-1
1339	-1
1340	0
1341	-1
1342	-1
1343	0
1344	0
1345	0
1346	-1
1347	0
1348	0
1349	0
1350	0
1351	-1
1352	0
1353	0
1354	-1
1355	0
1356	-1
1357	-1
1358	0
1359	-1
1360	-2
1361	0
1362	-1
1363	0
1364	-1
1365	0
1366	-1
1367	0
1368	0
1369	0
1370	0
1371	0
1372	0
1373	0
1374	0
1375	0
1376	0
1377	0
1378	0
1379	1
1380	0
1381	2
1382	0
1383	1
1384	1
1385	2
1386	1
1387	2
1388	2
1389	3
1390	2
1391	4
1392	2
1393	3
1394	2
1395	3
1396	1
1397	3
1398	2
1399	3
1400	2
1401	3
1402	2
1403	1
1404	2
1405	2
1406	2
1407	1
1408	2
1409	1
1410	0
1411	2
1412	0
1413	0
1414	0
1415	0
1416	0
1417	0
1418	0
1419	0
1420	0
1421	0
1422	0
1423	0
1424	0
1425	0
1426	0
1427	0
1428	0
1429	0
1430	0
1431	1
1432	0
1433	0
1434	0
1435	0
1436	0
1437	0
1438	0
1439	0
1440	0
1441	0
1442	0
1443	0
1444	-1
1445	0
1446	-1
1447	-1
1448	-2
1449	0
1450	-2
1451	-1
1452	-1
1453	0
1454	-1
1455	0
1456	-1
1457	-1
1458	-1
1459	-1
1460	-1
1461	0
1462	-2
1463	0
1464	-1
1465	-2
1466	-2
1467	0
1468	-2
1469	-1
1470	-2
1471	-1
1472	-1
1473	-1
1474	-1
1475	-1
1476	-2
1477	-2
1478	-3
1479	-1
1480	-2
1481	-1
1482	-2
1483	0
1484	-1
1485	0
1486	-2
1487	0
1488	-1
1489	0
1490	-1
1491	0
1492	-1
1493	0
1494	0
1495	0
1496	0
1497	0
1498	0
1499	0
1500	0
1501	0
1502	-1
1503	0
1504	-1
1505	0
1506	-1
1507	-1
1508	-1
1509	-1
1510	-2
1511	-1
1512	-1
1513	-1
1514	-2
1515	-1
1516	-2
1517	-2
1518	-2
1519	-1
1520	0
1521	-1
1522	-1
1523	-2
1524	-2
1525	0
1526	0
1527	-1
1528	-2
1529	-1
1530	0
1531	-1
1532	-1
1533	-1
1534	-1
1535	0
1536	-1
1537	0
1538	-1
1539	0
1540	0
1541	0
1542	0
1543	0
1544	-1
1545	0
1546	0
1547	0
1548	-1
1549	0
1550	-1
1551	0
1552	0
1553	-1
1554	0
1555	0
1556	-1
1557	-1
1558	-1
1559	0
1560	0
1561	-1
1562	-1
1563	0
1564	-1
1565	0
1566	0
1567	0
1568	0
1569	0
1570	0
1571	0
1572	0
1573	0
1574	0
1575	1
1576	0
1577	2
1578	1
1579	1
1580	2
1581	2
1582	2
1583	2
1584	2
1585	3
1586	2
1587	3
1588	2
1589	3
1590	2
1591	3
1592	2
1593	3
1594	2
1595	4
1596	3
1597	3
1598	2
1599	3
1600	2
1601	3
1602	3
1603	3
1604	2
1605	2
1606	2
1607	3
1608	3
1609	2
1610	0
1611	2
1612	1
1613	2
1614	0
1615	1
1616	0
1617	1
1618	1
1619	1
1620	1
1621	1
1622	1
1623	1
1624	0
1625	1
1626	0
1627	0
1628	0
1629	0
1630	0
1631	0
1632	-1
1633	0
1634	-1
1635	0
1636	-1
1637	0
1638	-1
1639	0
1640	-1
1641	-1
1642	-1
1643	0
1644	-3
1645	0
1646	-1
1647	-1
1648	-1
1649	-1
1650	0
1651	-1
1652	-2
1653	-1
1654	-1
1655	-1
1656	-1
1657	-1
1658	-2
1659	-1
1660	-1
1661	-1
1662	-2
1663	0
1664	-2
1665	0
1666	-2
1667	-1
1668	-1
1669	-1
1670	-2
1671	-1
1672	-1
1673	0
1674	-1
1675	0
1676	0
1677	0
1678	0
1679	0
1680	0
1681	0
1682	0
1683	0
1684	-1
1685	0
1686	0
1687	0
1688	-1
1689	0
1690	-1
1691	0
1692	-2
1693	-1
1694	0
1695	0
1696	-1
1697	0
1698	0
1699	0
1700	-1
1701	-1
1702	0
1703	0
1704	-1
1705	0
1706	0
1707	-1
1708	0
1709	-1
1710	0
1711	0
1712	-1
1713	0
1714	0
1715	0
1716	-1
1717	-1
1718	-1
1719	-1
1720	-2
1721	0
1722	-2
1723	-1
1724	-2
1725	-1
1726	-2
1727	-1
1728	-2
1729	-1
1730	-2
1731	-1
1732	-2
1733	-1
1734	-2
1735	-2
1736	-1
1737	-1
1738	-1
1739	-1
1740	-1
1741	-1
1742	-1
1743	-2
1744	-2
1745	-1
1746	-3
1747	-1
1748	-2
1749	-1
1750	-2
1751	-1
1752	-2
1753	0
1754	-2
1755	0
1756	-1
1757	0
1758	-1
1759	0
1760	0
1761	0
1762	-1
1763	0
1764	0
1765	0
1766	-1
1767	1
1768	0
1769	1
1770	0
1771	0
1772	0
1773	0
1774	0
1775	0
1776	0
1777	0
1778	0
1779	0
1780	0
1781	0
1782	0
1783	0
1784	0
1785	0
1786	0
1787	0
1788	0
1789	0
1790	0
1791	0
1792	0
1793	0
1794	0
1795	0
1796	0
1797	0
1798	0
1799	0
1800	0
1801	0
1802	0
1803	0
1804	-1
1805	0
1806	0
1807	1
1808	-2
1809	0
1810	0
1811	0
1812	-1
1813	0
1814	-1
1815	0
1816	-1
1817	0
1818	0
1819	0
1820	0
1821	0
1822	0
1823	0
1824	-1
1825	0
1826	-1
1827	0
1828	0
1829	0
1830	-1
1831	0
1832	-1
1833	0
1834	-1
1835	0
1836	0
1837	0
1838	0
1839	0
1840	0
1841	0
1842	0
1843	0
1844	0
1845	0
1846	0
1847	0
1848	-1
1849	0
1850	-1
1851	0
1852	-1
1853	0
1854	-1
1855	0
1856	0
1857	0
1858	0
1859	0
1860	0
1861	-1
1862	-1
1863	0
1864	0
1865	0
1866	-1
1867	-1
1868	-1
1869	0
1870	0
1871	0
1872	0
1873	0
1874	-1
1875	0
1876	-1
1877	0
1878	-1
1879	0
1880	-1
1881	0
1882	0
1883	0
1884	-1
1885	0
1886	0
1887	0
1888	-1
1889	0
1890	-1
1891	0
1892	-1
1893	0
1894	0
1895	0
1896	-1
1897	0
1898	0
1899	0
1900	0
1901	0
1902	0
1903	0
1904	0
1905	-1
1906	0
1907	0
1908	0
1909	0
1910	0
1911	0
1912	0
1913	0
1914	0
1915	0
1916	0
1917	0
1918	0
1919	0
1920	0
1921	0
1922	0
1923	0
1924	0
1925	1
1926	0
1927	1
1928	0
1929	1
1930	0
1931	0
1932	0
1933	0
1934	0
1935	1
1936	0
1937	0
1938	0
1939	0
1940	0
1941	0
1942	0
1943	0
1944	0
1945	0
1946	-1
1947	0
1948	-1
1949	0
1950	-1
1951	-1
1952	-2
1953	0
1954	-2
1955	0
1956	-2
1957	0
1958	-1
1959	-1
1960	0
1961	-1
1962	-1
1963	0
1964	0
1965	0
1966	0
1967	0
1968	0
1969	0
1970	0
1971	0
1972	0
1973	0
1974	0
1975	0
1976	0
1977	0
1978	0
1979	0
1980	0
1981	0
1982	0
1983	0
1984	0
1985	0
1986	0
1987	0
1988	0
1989	1
1990	-1
1991	0
1992	0
1993	0
1994	0
1995	0
1996	0
1997	0
1998	-1
1999	0
