0	0
1	0
2	0
3	0
4	0
5	0
6	0
7	0
8	0
9	0
10	0
11	0
12	0
13	1
14	0
15	1
16	0
17	0
18	0
19	1
20	0
21	1
22	0
23	1
24	0
25	1
26	0
27	0
28	0
29	1
30	0
31	1
32	0
33	2
34	0
35	1
36	0
37	0
38	0
39	1
40	0
41	1
42	0
43	0
44	0
45	0
46	0
47	1
48	0
49	0
50	0
51	0
52	-1
53	0
54	0
55	0
56	-1
57	0
58	-1
59	0
60	-1
61	0
62	-1
63	0
64	-1
65	0
66	0
67	1
68	0
69	0
70	0
71	0
72	-1
73	0
74	0
75	0
76	-1
77	0
78	0
79	0
80	-1
81	0
82	-1
83	0
84	0
85	0
86	0
87	0
88	0
89	0
90	0
91	0
92	0
93	0
94	0
95	1
96	0
97	1
98	0
99	1
100	0
101	2
102	0
103	2
104	0
105	1
106	0
107	2
108	0
109	2
110	0
111	1
112	0
113	2
114	0
115	2
116	0
117	2
118	0
119	2
120	0
121	1
122	0
123	0
124	0
125	1
126	0
127	0
128	0
129	1
130	0
131	0
132	0
133	0
134	0
135	1
136	0
137	0
138	0
139	1
140	0
141	0
142	0
143	0
144	0
145	1
146	0
147	0
148	0
149	0
150	0
151	0
152	0
153	0
154	0
155	0
156	-1
157	0
158	-1
159	1
160	-1
161	0
162	-1
163	1
164	0
165	0
166	0
167	1
168	0
169	1
170	0
171	1
172	0
173	0
174	0
175	0
176	0
177	1
178	0
179	0
180	0
181	1
182	0
183	1
184	0
185	1
186	0
187	1
188	0
189	1
190	0
191	1
192	0
193	1
194	0
195	0
196	0
197	1
198	0
199	1
200	0
201	1
202	0
203	1
204	0
205	0
206	0
207	1
208	0
209	0
210	0
211	0
212	0
213	2
214	0
215	0
216	0
217	1
218	0
219	1
220	0
221	1
222	0
223	2
224	0
225	2
226	0
227	0
228	1
229	2
230	0
231	1
232	0
233	1
234	0
235	1
236	0
237	1
238	0
239	1
240	0
241	0
242	0
243	0
244	0
245	0
246	0
247	0
248	0
249	0
250	0
251	0
252	-1
253	1
254	0
255	0
256	0
257	0
258	0
259	0
260	0
261	0
262	-1
263	0
264	0
265	0
266	-1
267	0
268	0
269	0
270	0
271	0
272	0
273	0
274	0
275	2
276	0
277	1
278	0
279	0
280	-1
281	1
282	0
283	1
284	0
285	1
286	0
287	1
288	0
289	2
290	0
291	1
292	0
293	1
294	0
295	1
296	0
297	2
298	0
299	1
300	0
301	1
302	0
303	1
304	0
305	1
306	0
307	1
308	0
309	0
310	0
311	0
312	0
313	0
314	0
315	0
316	0
317	0
318	-1
319	0
320	0
321	0
322	-1
323	0
324	-1
325	0
326	0
327	0
328	0
329	1
330	0
331	0
332	0
333	0
334	0
335	1
336	0
337	0
338	0
339	1
340	0
341	0
342	1
343	0
344	0
345	0
346	0
347	0
348	0
349	1
350	0
351	1
352	0
353	1
354	0
355	1
356	0
357	1
358	0
359	0
360	0
361	0
362	0
363	0
364	-1
365	0
366	0
367	1
368	0
369	0
370	0
371	0
372	0
373	0
374	0
375	0
376	0
377	0
378	-1
379	1
380	0
381	1
382	0
383	1
384	0
385	1
386	0
387	1
388	0
389	1
390	0
391	2
392	0
393	1
394	0
395	1
396	0
397	1
398	0
399	2
400	0
401	2
402	0
403	3
404	0
405	1
406	0
407	0
408	0
409	2
410	0
411	1
412	1
413	0
414	0
415	0
416	0
417	1
418	0
419	0
420	0
421	0
422	0
423	0
424	0
425	0
426	0
427	0
428	0
429	0
430	0
431	0
432	0
433	1
434	0
435	3
436	2
437	4
438	3
439	7
440	7
441	12
442	11
443	17
444	17
445	24
446	23
447	26
448	27
449	33
450	35
451	39
452	41
453	46
454	47
455	53
456	55
457	59
458	61
459	65
460	65
461	71
462	70
463	74
464	74
465	81
466	78
467	83
468	82
469	86
470	84
471	87
472	86
473	89
474	88
475	89
476	88
477	90
478	89
479	91
480	88
481	90
482	88
483	89
484	85
485	88
486	85
487	85
488	83
489	85
490	79
491	81
492	79
493	79
494	75
495	77
496	72
497	74
498	74
499	78
500	62
501	68
502	66
503	67
504	64
505	65
506	59
507	61
508	57
509	58
510	52
511	56
512	50
513	53
514	48
515	49
516	46
517	45
518	43
519	42
520	39
521	39
522	34
523	38
524	33
525	34
526	31
527	33
528	25
529	28
530	21
531	24
532	19
533	22
534	17
535	19
536	14
537	17
538	11
539	14
540	7
541	12
542	4
543	7
544	4
545	4
546	0
547	3
548	0
549	0
550	-2
551	0
552	-4
553	-2
554	-4
555	-4
556	-5
557	-4
558	-7
559	-6
560	-8
561	-7
562	-7
563	-7
564	-9
565	-8
566	-10
567	-9
568	-11
569	-9
570	-11
571	-10
572	-12
573	-11
574	-12
575	-11
576	-13
577	-10
578	-13
579	-11
580	-13
581	-12
582	-13
583	-12
584	-13
585	-11
586	-13
587	-11
588	-13
589	-12
590	-13
591	-11
592	-14
593	-11
594	-15
595	-12
596	-14
597	-12
598	-15
599	-11
600	-12
601	-11
602	-13
603	-11
604	-12
605	-10
606	-12
607	-10
608	-11
609	-9
610	-11
611	-8
612	-11
613	-9
614	-10
615	-7
616	-9
617	-7
618	-11
619	-8
620	-9
621	-6
622	-10
623	-6
624	-10
625	-6
626	-9
627	-7
628	-8
629	-4
630	-7
631	-4
632	-7
633	-4
634	-6
635	-4
636	-8
637	-3
638	-7
639	-2
640	-5
641	-3
642	-6
643	-2
644	-5
645	-2
646	-4
647	-2
648	-4
649	-2
650	-3
651	-2
652	-4
653	-3
654	-4
655	-2
656	-2
657	-3
658	-4
659	-2
660	-4
661	-1
662	-3
663	-2
664	-4
665	-1
666	-4
667	-1
668	-4
669	-1
670	-2
671	-1
672	-3
673	-1
674	-3
675	-2
676	-2
677	-2
678	-2
679	-1
680	-4
681	-1
682	-4
683	-1
684	-3
685	-1
686	-3
687	-1
688	-2
689	-1
690	-2
691	0
692	-3
693	0
694	-3
695	0
696	-4
697	0
698	-2
699	0
700	-3
701	0
702	-2
703	0
704	-2
705	0
706	-3
707	-1
708	-1
709	0
710	-1
711	0
712	-1
713	-1
714	-1
715	-1
716	0
717	0
718	-1
719	0
720	-2
721	0
722	-2
723	0
724	-2
725	0
726	-2
727	0
728	-2
729	0
730	-2
731	0
732	-1
733	0
734	-1
735	0
736	-1
737	0
738	-2
739	0
740	-2
741	0
742	-1
743	0
744	-1
745	-1
746	-1
747	-1
748	-1
749	-1
750	-2
751	0
752	-2
753	-1
754	-3
755	0
756	-3
757	0
758	-2
759	0
760	-1
761	0
762	-2
763	-1
764	-2
765	0
766	-3
767	0
768	-3
769	0
770	-2
771	-1
772	-4
773	0
774	-2
775	0
776	-3
777	-1
778	-1
779	0
780	-2
781	0
782	-3
783	0
784	-3
785	0
786	-3
787	-1
788	-2
789	0
790	-3
791	0
792	-2
793	0
794	-2
795	0
796	-2
797	-1
798	-3
799	-1
800	-3
801	-1
802	-1
803	0
804	-1
805	0
806	-2
807	0
808	-2
809	0
810	-1
811	0
812	-1
813	0
814	-1
815	0
816	0
817	0
818	-3
819	0
820	-2
821	0
822	-1
823	0
824	-1
825	0
826	-1
827	0
828	-2
829	0
830	-1
831	0
832	-2
833	0
834	-1
835	0
836	-2
837	0
838	-2
839	0
840	-2
841	0
842	-1
843	0
844	-1
845	-1
846	-1
847	-1
848	-1
849	-1
850	-2
851	-1
852	-4
853	-1
854	-4
855	-1
856	-2
857	-2
858	-2
859	0
860	-4
861	0
862	-3
863	0
864	-3
865	0
866	-3
867	0
868	-2
869	-1
870	-3
871	-1
872	-4
873	0
874	-4
875	0
876	-3
877	0
878	-3
879	0
880	-3
881	-1
882	-4
883	0
884	-4
885	-1
886	-4
887	-1
888	-4
889	-2
890	-4
891	-2
892	-4
893	-1
894	-2
895	0
896	-3
897	-1
898	-3
899	-1
900	-3
901	-1
902	-2
903	0
904	-3
905	0
906	-2
907	0
908	-2
909	0
910	-2
911	0
912	-2
913	0
914	-1
915	0
916	0
917	0
918	-3
919	0
920	-2
921	0
922	-2
923	0
924	-1
925	0
926	-3
927	0
928	-2
929	0
930	-3
931	0
932	-1
933	-1
934	-2
935	0
936	-1
937	0
938	-2
939	0
940	-1
941	0
942	-2
943	0
944	-3
945	0
946	0
947	0
948	-2
949	0
950	-1
951	0
952	-1
953	0
954	-1
955	0
956	0
957	-1
958	-2
959	0
960	-2
961	-1
962	-2
963	0
964	-2
965	0
966	-2
967	0
968	-2
969	-1
970	-3
971	0
972	-4
973	-1
974	-3
975	-3
976	-3
977	-2
978	-2
979	-1
980	-3
981	-1
982	-4
983	-1
984	-3
985	-1
986	-2
987	-2
988	-1
989	-1
990	-2
991	0
992	-2
993	-1
994	-2
995	0
996	-3
997	0
998	-1
999	0
1000	-3
1001	0
1002	-2
1003	0
1004	-2
1005	0
1006	-3
1007	0
1008	-2
1009	0
1010	-3
1011	-1
1012	-3
1013	0
1014	-2
1015	0
1016	-3
1017	-1
1018	-1
1019	0
1020	-2
1021	0
1022	-1
1023	0
1024	-2
1025	-1
1026	-1
1027	0
1028	-1
1029	0
1030	-2
1031	0
1032	-1
1033	0
1034	0
1035	0
1036	-1
1037	1
1038	-1
1039	1
1040	0
1041	0
1042	-1
1043	0
1044	-1
1045	0
1046	-1
1047	0
1048	-1
1049	0
1050	-1
1051	0
1052	0
1053	0
1054	-1
1055	0
1056	-1
1057	0
1058	-1
1059	0
1060	-1
1061	0
1062	-1
1063	0
1064	-1
1065	0
1066	-1
1067	0
1068	-2
1069	0
1070	-2
1071	0
1072	-2
1073	0
1074	-1
1075	0
1076	-1
1077	0
1078	-1
1079	0
1080	0
1081	0
1082	-2
1083	0
1084	-3
1085	0
1086	-3
1087	0
1088	-3
1089	0
1090	-4
1091	-2
1092	-4
1093	-2
1094	-4
1095	-2
1096	-3
1097	-1
1098	-5
1099	-2
1100	-3
1101	-3
1102	-3
1103	-1
1104	-3
1105	0
1106	-2
1107	-2
1108	-2
1109	0
1110	-3
1111	-1
1112	-4
1113	-1
1114	-3
1115	0
1116	-3
1117	0
1118	-2
1119	-1
1120	-2
1121	0
1122	-2
1123	0
1124	-1
1125	0
1126	-1
1127	-1
1128	-2
1129	0
1130	-2
1131	0
1132	-2
1133	0
1134	-2
1135	0
1136	-2
1137	0
1138	-1
1139	0
1140	-2
1141	0
1142	-2
1143	0
1144	-1
1145	0
1146	-1
1147	0
1148	-2
1149	0
1150	-2
1151	0
1152	-1
1153	0
1154	0
1155	1
1156	-1
1157	1
1158	-1
1159	0
1160	-1
1161	0
1162	-2
1163	0
1164	-1
1165	0
1166	-1
1167	0
1168	0
1169	0
1170	-1
1171	0
1172	-2
1173	0
1174	-2
1175	-1
1176	-1
1177	-1
1178	-2
1179	-1
1180	-3
1181	0
1182	-2
1183	0
1184	-3
1185	0
1186	-3
1187	0
1188	-3
1189	0
1190	-2
1191	0
1192	-2
1193	0
1194	-3
1195	0
1196	-2
1197	0
1198	-3
1199	0
1200	-2
1201	0
1202	-3
1203	-1
1204	-1
1205	-2
1206	-2
1207	-1
1208	-1
1209	-1
1210	-2
1211	-2
1212	-3
1213	-2
1214	-4
1215	-1
1216	-3
1217	-2
1218	-4
1219	-2
1220	-2
1221	-1
1222	-3
1223	-1
1224	-3
1225	-1
1226	-2
1227	-1
1228	-2
1229	-1
1230	-3
1231	0
1232	-1
1233	0
1234	-1
1235	0
1236	-2
1237	0
1238	-1
1239	0
1240	-2
1241	0
1242	0
1243	0
1244	0
1245	0
1246	-1
1247	0
1248	-2
1249	0
1250	-1
1251	0
1252	-1
1253	0
1254	-1
1255	0
1256	0
1257	0
1258	-1
1259	0
1260	-2
1261	0
1262	-1
1263	0
1264	-1
1265	0
1266	-1
1267	0
1268	-2
1269	0
1270	-1
1271	0
1272	-1
1273	0
1274	-1
1275	0
1276	-1
1277	0
1278	-2
1279	0
1280	-1
1281	0
1282	-2
1283	0
1284	-1
1285	0
1286	0
1287	0
1288	0
1289	0
1290	-2
1291	0
1292	-2
1293	0
1294	-1
1295	0
1296	-1
1297	0
1298	0
1299	0
1300	-1
1301	0
1302	-2
1303	0
1304	-2
1305	0
1306	-3
1307	0
1308	-2
1309	0
1310	-1
1311	-1
1312	-3
1313	0
1314	-2
1315	-1
1316	-3
1317	0
1318	-4
1319	0
1320	-3
1321	-1
1322	-2
1323	-1
1324	-3
1325	-1
1326	-3
1327	-1
1328	-3
1329	-2
1330	0
1331	0
1332	0
1333	0
1334	-2
1335	-1
1336	-1
1337	0
1338	-2
1339	0
1340	0
1341	0
1342	-2
1343	0
1344	-2
1345	0
1346	-2
1347	-1
1348	-2
1349	0
1350	-1
1351	-1
1352	-3
1353	0
1354	-2
1355	0
1356	-2
1357	-1
1358	-1
1359	0
1360	-2
1361	0
1362	-2
1363	0
1364	-1
1365	0
1366	-1
1367	0
1368	-1
1369	0
1370	0
1371	0
1372	0
1373	1
1374	0
1375	1
1376	-1
1377	1
1378	-1
1379	2
1380	0
1381	1
1382	0
1383	1
1384	0
1385	2
1386	0
1387	2
1388	0
1389	3
1390	0
1391	2
1392	1
1393	2
1394	0
1395	2
1396	1
1397	2
1398	0
1399	2
1400	2
1401	2
1402	0
1403	2
1404	0
1405	2
1406	0
1407	2
1408	0
1409	1
1410	0
1411	0
1412	0
1413	1
1414	0
1415	0
1416	0
1417	1
1418	0
1419	0
1420	0
1421	0
1422	-1
1423	0
1424	0
1425	1
1426	0
1427	1
1428	-1
1429	1
1430	-1
1431	1
1432	0
1433	0
1434	-1
1435	0
1436	-1
1437	1
1438	-1
1439	0
1440	-1
1441	0
1442	0
1443	0
1444	-1
1445	0
1446	-2
1447	0
1448	-1
1449	0
1450	-1
1451	0
1452	-2
1453	0
1454	-2
1455	0
1456	-1
1457	0
1458	-1
1459	0
1460	-1
1461	0
1462	-1
1463	0
1464	-1
1465	0
1466	0
1467	0
1468	-1
1469	-1
1470	-1
1471	0
1472	-1
1473	0
1474	-2
1475	0
1476	-1
1477	0
1478	0
1479	0
1480	-2
1481	0
1482	-1
1483	0
1484	-1
1485	0
1486	-1
1487	0
1488	0
1489	0
1490	0
1491	0
1492	0
1493	0
1494	-2
1495	0
1496	-1
1497	0
1498	0
1499	1
1500	-1
1501	0
1502	-1
1503	0
1504	-1
1505	0
1506	-1
1507	0
1508	-1
1509	0
1510	-1
1511	0
1512	-1
1513	0
1514	-1
1515	0
1516	-1
1517	0
1518	-1
1519	-1
1520	-2
1521	-1
1522	-1
1523	-1
1524	-1
1525	-1
1526	-3
1527	-2
1528	-2
1529	-1
1530	-3
1531	0
1532	-2
1533	-1
1534	-1
1535	-1
1536	-1
1537	0
1538	-1
1539	1
1540	0
1541	0
1542	0
1543	0
1544	0
1545	1
1546	0
1547	0
1548	0
1549	0
1550	0
1551	0
1552	0
1553	1
1554	-1
1555	0
1556	0
1557	0
1558	0
1559	0
1560	-1
1561	0
1562	-1
1563	0
1564	-1
1565	-1
1566	-2
1567	0
1568	-2
1569	0
1570	-3
1571	0
1572	-2
1573	0
1574	-1
1575	0
1576	-2
1577	0
1578	-1
1579	0
1580	-1
1581	0
1582	-2
1583	0
1584	-1
1585	0
1586	0
1587	0
1588	-1
1589	0
1590	0
1591	1
1592	0
1593	1
1594	0
1595	1
1596	-1
1597	1
1598	0
1599	1
1600	0
1601	0
1602	-1
1603	0
1604	-1
1605	0
1606	0
1607	0
1608	-1
1609	0
1610	-1
1611	0
1612	-1
1613	0
1614	-1
1615	0
1616	-1
1617	0
1618	-2
1619	0
1620	-1
1621	0
1622	-1
1623	0
1624	-1
1625	0
1626	-1
1627	0
1628	0
1629	0
1630	-2
1631	0
1632	-1
1633	0
1634	-1
1635	0
1636	-1
1637	0
1638	-1
1639	0
1640	-1
1641	0
1642	-1
1643	0
1644	-2
1645	0
1646	-1
1647	0
1648	-2
1649	0
1650	-1
1651	0
1652	0
1653	0
1654	0
1655	0
1656	-1
1657	0
1658	-2
1659	0
1660	-2
1661	0
1662	-1
1663	0
1664	-2
1665	0
1666	-2
1667	0
1668	-2
1669	0
1670	-1
1671	0
1672	-3
1673	0
1674	-2
1675	0
1676	-1
1677	0
1678	-2
1679	0
1680	0
1681	0
1682	-2
1683	0
1684	-1
1685	0
1686	-2
1687	1
1688	-1
1689	0
1690	0
1691	0
1692	-1
1693	0
1694	-1
1695	0
1696	0
1697	0
1698	0
1699	0
1700	0
1701	1
1702	0
1703	1
1704	0
1705	1
1706	0
1707	1
1708	0
1709	2
1710	0
1711	1
1712	0
1713	2
1714	0
1715	2
1716	0
1717	2
1718	0
1719	2
1720	0
1721	2
1722	0
1723	2
1724	0
1725	1
1726	0
1727	2
1728	0
1729	1
1730	0
1731	1
1732	0
1733	1
1734	0
1735	2
1736	0
1737	1
1738	0
1739	1
1740	0
1741	0
1742	0
1743	0
1744	0
1745	1
1746	0
1747	0
1748	-1
1749	0
1750	0
1751	1
1752	0
1753	1
1754	0
1755	1
1756	0
1757	0
1758	0
1759	1
1760	0
1761	1
1762	0
1763	1
1764	0
1765	1
1766	0
1767	0
1768	0
1769	0
1770	-1
1771	0
1772	-1
1773	0
1774	-2
1775	0
1776	-2
1777	0
1778	-2
1779	0
1780	-1
1781	0
1782	-2
1783	0
1784	-2
1785	-1
1786	-3
1787	-1
1788	-3
1789	0
1790	-3
1791	0
1792	-2
1793	0
1794	-1
1795	0
1796	-1
1797	0
1798	0
1799	0
1800	0
1801	0
1802	0
1803	0
1804	-1
1805	0
1806	-1
1807	0
1808	0
1809	1
1810	0
1811	0
1812	-1
1813	1
1814	-1
1815	0
1816	-1
1817	0
1818	-2
1819	0
1820	-2
1821	0
1822	-1
1823	0
1824	-2
1825	0
1826	-1
1827	0
1828	-1
1829	0
1830	-1
1831	-1
1832	-1
1833	0
1834	-1
1835	-1
1836	-1
1837	-1
1838	-1
1839	0
1840	-2
1841	0
1842	-2
1843	-1
1844	-2
1845	0
1846	-1
1847	0
1848	-2
1849	0
1850	-1
1851	0
1852	-2
1853	0
1854	-2
1855	0
1856	-2
1857	0
1858	-1
1859	0
1860	-2
1861	0
1862	-1
1863	0
1864	-1
1865	0
1866	0
1867	0
1868	-1
1869	0
1870	0
1871	0
1872	0
1873	0
1874	0
1875	0
1876	0
1877	0
1878	0
1879	1
1880	0
1881	1
1882	0
1883	0
1884	0
1885	0
1886	0
1887	0
1888	0
1889	1
1890	0
1891	1
1892	0
1893	0
1894	0
1895	1
1896	0
1897	0
1898	0
1899	0
1900	0
1901	0
1902	-1
1903	0
1904	0
1905	0
1906	-1
1907	0
1908	-1
1909	0
1910	-1
1911	0
1912	-1
1913	0
1914	-1
1915	0
1916	-1
1917	0
1918	-2
1919	0
1920	-2
1921	0
1922	-1
1923	0
1924	-1
1925	0
1926	-1
1927	0
1928	0
1929	0
1930	0
1931	0
1932	-2
1933	0
1934	-2
1935	0
1936	-1
1937	0
1938	-1
1939	0
1940	-2
1941	0
1942	-1
1943	0
1944	-1
1945	0
1946	-2
1947	0
1948	-2
1949	0
1950	0
1951	0
1952	-2
1953	0
1954	-2
1955	0
1956	-1
1957	0
1958	-1
1959	0
1960	-1
1961	0
1962	-2
1963	0
1964	-1
1965	0
1966	-1
1967	0
1968	0
1969	0
1970	0
1971	0
1972	0
1973	0
1974	-1
1975	0
1976	0
1977	0
1978	0
1979	0
1980	0
1981	0
1982	0
1983	0
1984	0
1985	0
1986	-1
1987	0
1988	0
1989	0
1990	0
1991	0
1992	0
1993	0
1994	0
1995	0
1996	-1
1997	0
1998	-1
1999	0
