0	0
1	1
2	0
3	1
4	0
5	1
6	0
7	0
8	0
9	0
10	0
11	0
12	0
13	1
14	0
15	1
16	0
17	2
18	0
19	2
20	0
21	3
22	0
23	2
24	0
25	1
26	0
27	2
28	0
29	2
30	0
31	0
32	0
33	1
34	0
35	0
36	-1
37	1
38	-1
39	0
40	-1
41	1
42	0
43	1
44	0
45	0
46	-2
47	0
48	-1
49	0
50	0
51	0
52	0
53	0
54	-1
55	0
56	0
57	1
58	0
59	1
60	0
61	1
62	0
63	1
64	0
65	1
66	0
67	2
68	0
69	3
70	0
71	0
72	0
73	1
74	0
75	1
76	0
77	0
78	0
79	1
80	0
81	1
82	0
83	1
84	0
85	1
86	0
87	2
88	0
89	2
90	0
91	2
92	0
93	1
94	0
95	2
96	0
97	1
98	-1
99	2
100	0
101	3
102	0
103	3
104	0
105	3
106	0
107	1
108	0
109	1
110	0
111	1
112	0
113	2
114	0
115	2
116	0
117	3
118	0
119	2
120	0
121	1
122	0
123	1
124	0
125	2
126	0
127	2
128	0
129	1
130	0
131	1
132	0
133	3
134	0
135	2
136	0
137	2
138	-1
139	2
140	0
141	1
142	0
143	2
144	0
145	1
146	0
147	1
148	0
149	1
150	0
151	1
152	0
153	0
154	0
155	1
156	0
157	1
158	0
159	0
160	0
161	0
162	-1
163	0
164	0
165	1
166	0
167	1
168	0
169	1
170	0
171	0
172	-1
173	0
174	0
175	0
176	-1
177	1
178	0
179	1
180	0
181	1
182	0
183	1
184	0
185	1
186	0
187	1
188	0
189	1
190	0
191	1
192	0
193	2
194	0
195	3
196	0
197	1
198	0
199	1
200	0
201	1
202	0
203	2
204	0
205	1
206	-1
207	1
208	0
209	1
210	-1
211	0
212	-2
213	0
214	-1
215	0
216	-2
217	-1
218	-1
219	-1
220	-1
221	-1
222	-1
223	0
224	0
225	0
226	-1
227	1
228	0
229	1
230	0
231	0
232	0
233	1
234	0
235	2
236	1
237	3
238	0
239	2
240	0
241	2
242	0
243	2
244	0
245	2
246	0
247	3
248	0
249	2
250	0
251	2
252	0
253	1
254	1
255	1
256	0
257	1
258	0
259	0
260	0
261	1
262	0
263	1
264	0
265	2
266	0
267	1
268	0
269	1
270	0
271	2
272	0
273	1
274	0
275	1
276	0
277	1
278	0
279	1
280	0
281	0
282	0
283	2
284	0
285	2
286	0
287	3
288	0
289	3
290	0
291	3
292	0
293	2
294	0
295	2
296	0
297	3
298	0
299	3
300	0
301	4
302	0
303	1
304	0
305	1
306	0
307	1
308	0
309	2
310	-1
311	1
312	0
313	1
314	0
315	1
316	-1
317	0
318	0
319	1
320	0
321	1
322	0
323	0
324	0
325	1
326	0
327	1
328	0
329	2
330	0
331	1
332	0
333	0
334	0
335	0
336	0
337	0
338	0
339	1
340	-1
341	1
342	0
343	0
344	0
345	0
346	-1
347	0
348	0
349	1
350	0
351	1
352	0
353	0
354	0
355	0
356	0
357	1
358	0
359	1
360	0
361	1
362	0
363	1
364	0
365	1
366	0
367	1
368	0
369	2
370	0
371	3
372	0
373	1
374	-1
375	1
376	0
377	1
378	0
379	3
380	0
381	2
382	0
383	2
384	0
385	1
386	0
387	1
388	0
389	1
390	0
391	1
392	0
393	1
394	0
395	1
396	0
397	1
398	0
399	1
400	0
401	0
402	0
403	1
404	0
405	2
406	0
407	1
408	0
409	1
410	0
411	1
412	0
413	1
414	0
415	1
416	0
417	1
418	0
419	2
420	0
421	2
422	0
423	2
424	0
425	1
426	0
427	2
428	0
429	2
430	0
431	3
432	1
433	3
434	1
435	6
436	4
437	9
438	7
439	13
440	13
441	17
442	17
443	24
444	23
445	30
446	30
447	37
448	39
449	45
450	46
451	53
452	54
453	59
454	61
455	67
456	68
457	75
458	75
459	81
460	81
461	87
462	88
463	94
464	92
465	98
466	95
467	102
468	99
469	107
470	103
471	108
472	105
473	108
474	105
475	109
476	105
477	108
478	106
479	107
480	102
481	105
482	100
483	101
484	97
485	100
486	94
487	96
488	90
489	92
490	88
491	87
492	83
493	83
494	78
495	79
496	74
497	75
498	74
499	78
500	62
501	67
502	63
503	65
504	58
505	60
506	54
507	56
508	50
509	51
510	46
511	49
512	43
513	45
514	38
515	41
516	35
517	37
518	31
519	33
520	28
521	30
522	25
523	26
524	22
525	21
526	17
527	19
528	14
529	15
530	10
531	14
532	9
533	9
534	7
535	7
536	4
537	7
538	2
539	4
540	0
541	2
542	0
543	0
544	-3
545	-1
546	-5
547	-4
548	-8
549	-5
550	-9
551	-5
552	-9
553	-7
554	-11
555	-8
556	-13
557	-10
558	-13
559	-11
560	-16
561	-10
562	-16
563	-14
564	-16
565	-13
566	-17
567	-15
568	-18
569	-16
570	-19
571	-16
572	-19
573	-16
574	-18
575	-15
576	-19
577	-15
578	-19
579	-17
580	-18
581	-16
582	-17
583	-16
584	-17
585	-15
586	-16
587	-15
588	-17
589	-15
590	-17
591	-14
592	-16
593	-15
594	-15
595	-13
596	-15
597	-13
598	-16
599	-12
600	-14
601	-12
602	-15
603	-13
604	-15
605	-12
606	-14
607	-10
608	-13
609	-12
610	-13
611	-10
612	-12
613	-10
614	-13
615	-8
616	-12
617	-6
618	-12
619	-7
620	-11
621	-7
622	-11
623	-7
624	-11
625	-7
626	-8
627	-6
628	-11
629	-6
630	-9
631	-4
632	-7
633	-4
634	-8
635	-5
636	-7
637	-5
638	-6
639	-3
640	-6
641	-3
642	-5
643	-1
644	-6
645	-1
646	-5
647	0
648	-4
649	0
650	-3
651	-2
652	-2
653	0
654	-2
655	0
656	-2
657	0
658	-2
659	0
660	-3
661	0
662	-2
663	0
664	-2
665	0
666	-1
667	0
668	-1
669	0
670	0
671	0
672	0
673	2
674	-2
675	1
676	0
677	0
678	-1
679	1
680	0
681	1
682	-1
683	0
684	-1
685	0
686	-2
687	0
688	-2
689	1
690	-2
691	0
692	-2
693	0
694	-3
695	0
696	-2
697	0
698	-2
699	0
700	-1
701	0
702	0
703	0
704	-2
705	0
706	0
707	0
708	-2
709	0
710	-2
711	0
712	-2
713	0
714	-2
715	0
716	-2
717	0
718	-1
719	0
720	-1
721	0
722	-3
723	0
724	-3
725	0
726	-2
727	0
728	-1
729	0
730	-1
731	0
732	-1
733	0
734	0
735	0
736	0
737	0
738	-1
739	0
740	0
741	0
742	-1
743	0
744	-1
745	0
746	-2
747	0
748	-3
749	0
750	-4
751	-1
752	-2
753	0
754	-3
755	0
756	-3
757	-1
758	-3
759	-3
760	-4
761	-2
762	-4
763	-1
764	-4
765	-1
766	-4
767	-1
768	-4
769	-1
770	-4
771	-2
772	-5
773	-2
774	-3
775	-2
776	-4
777	-1
778	-3
779	0
780	-3
781	-1
782	-3
783	-1
784	-4
785	0
786	-4
787	-1
788	-4
789	-2
790	-3
791	-2
792	-3
793	-2
794	-4
795	-2
796	-4
797	-2
798	-3
799	0
800	-3
801	-1
802	-2
803	-2
804	-3
805	-1
806	-4
807	0
808	-4
809	-2
810	-3
811	-1
812	-4
813	0
814	-3
815	-1
816	-4
817	0
818	-4
819	0
820	-2
821	0
822	-1
823	0
824	-3
825	0
826	-3
827	0
828	-3
829	0
830	-2
831	0
832	-3
833	0
834	-2
835	0
836	-3
837	0
838	-1
839	0
840	-1
841	0
842	-2
843	0
844	-1
845	0
846	-2
847	-1
848	-3
849	0
850	-2
851	0
852	-2
853	0
854	-2
855	0
856	-3
857	0
858	-4
859	-1
860	-3
861	0
862	-4
863	-1
864	-3
865	-1
866	-4
867	-1
868	-2
869	-1
870	-2
871	-1
872	-2
873	0
874	-2
875	0
876	-1
877	0
878	-2
879	0
880	-1
881	0
882	-1
883	0
884	-1
885	0
886	-1
887	0
888	-2
889	0
890	-1
891	0
892	-3
893	0
894	-1
895	0
896	-2
897	0
898	-4
899	0
900	-3
901	0
902	-3
903	0
904	-3
905	-1
906	-4
907	-2
908	-4
909	-2
910	-3
911	-1
912	-4
913	-2
914	-4
915	-1
916	-4
917	-1
918	-4
919	-1
920	-4
921	0
922	-2
923	0
924	-2
925	-1
926	-3
927	0
928	-2
929	-1
930	-2
931	-1
932	-2
933	0
934	-2
935	0
936	-2
937	-1
938	-1
939	0
940	-2
941	-1
942	-3
943	-1
944	-2
945	-1
946	-2
947	0
948	-2
949	-1
950	-3
951	-1
952	-2
953	-1
954	-2
955	-1
956	-2
957	0
958	-3
959	0
960	-2
961	-1
962	-3
963	0
964	-2
965	0
966	-1
967	0
968	-1
969	0
970	0
971	0
972	-1
973	0
974	0
975	2
976	0
977	2
978	0
979	3
980	0
981	3
982	0
983	3
984	0
985	2
986	0
987	1
988	0
989	1
990	0
991	1
992	0
993	1
994	0
995	1
996	0
997	0
998	0
999	1
1000	-1
1001	0
1002	-2
1003	0
1004	-1
1005	0
1006	-2
1007	0
1008	-2
1009	1
1010	-1
1011	0
1012	-1
1013	0
1014	-1
1015	0
1016	-2
1017	0
1018	-2
1019	0
1020	-3
1021	0
1022	-2
1023	-1
1024	-1
1025	0
1026	-3
1027	0
1028	-3
1029	-1
1030	-2
1031	-1
1032	-2
1033	-1
1034	-3
1035	0
1036	-3
1037	-1
1038	-4
1039	-1
1040	-3
1041	-1
1042	-4
1043	0
1044	-4
1045	-1
1046	-3
1047	0
1048	-4
1049	0
1050	-3
1051	0
1052	-2
1053	0
1054	-2
1055	0
1056	-2
1057	0
1058	-3
1059	0
1060	-2
1061	-1
1062	-2
1063	0
1064	-3
1065	0
1066	-2
1067	0
1068	-2
1069	0
1070	-2
1071	0
1072	-2
1073	0
1074	-2
1075	0
1076	-3
1077	0
1078	-2
1079	0
1080	-3
1081	0
1082	-3
1083	0
1084	-3
1085	0
1086	-3
1087	0
1088	-3
1089	-2
1090	-3
1091	0
1092	-4
1093	0
1094	-3
1095	0
1096	-4
1097	-2
1098	-3
1099	0
1100	-3
1101	0
1102	-4
1103	0
1104	-3
1105	0
1106	-3
1107	0
1108	-2
1109	0
1110	-3
1111	-1
1112	-3
1113	-1
1114	-3
1115	0
1116	-2
1117	-1
1118	-4
1119	-1
1120	-2
1121	0
1122	-4
1123	-1
1124	-3
1125	-1
1126	-2
1127	-2
1128	-4
1129	-2
1130	-4
1131	-2
1132	-4
1133	-2
1134	-4
1135	-2
1136	-3
1137	-1
1138	-3
1139	-1
1140	-2
1141	-3
1142	-3
1143	-2
1144	-3
1145	-1
1146	-3
1147	0
1148	-3
1149	-1
1150	-4
1151	0
1152	-3
1153	0
1154	-3
1155	0
1156	-3
1157	0
1158	-3
1159	0
1160	-2
1161	0
1162	-2
1163	0
1164	-2
1165	0
1166	-2
1167	1
1168	0
1169	0
1170	-1
1171	0
1172	-2
1173	0
1174	0
1175	0
1176	-1
1177	0
1178	-3
1179	0
1180	-2
1181	0
1182	-3
1183	0
1184	-3
1185	0
1186	-3
1187	0
1188	-3
1189	0
1190	-3
1191	0
1192	-4
1193	0
1194	-3
1195	0
1196	-2
1197	0
1198	-4
1199	-2
1200	-4
1201	-1
1202	-3
1203	-1
1204	-3
1205	-2
1206	-3
1207	0
1208	-4
1209	0
1210	-4
1211	0
1212	-4
1213	-1
1214	-4
1215	0
1216	-3
1217	0
1218	-4
1219	0
1220	-3
1221	0
1222	-3
1223	0
1224	-2
1225	0
1226	-2
1227	0
1228	-2
1229	0
1230	-2
1231	0
1232	-2
1233	0
1234	-2
1235	0
1236	-2
1237	0
1238	-2
1239	0
1240	-3
1241	0
1242	-2
1243	0
1244	-1
1245	0
1246	-1
1247	0
1248	-2
1249	0
1250	-2
1251	0
1252	-2
1253	0
1254	-2
1255	0
1256	-3
1257	0
1258	-2
1259	0
1260	-2
1261	0
1262	-3
1263	-1
1264	-2
1265	-1
1266	-2
1267	0
1268	-2
1269	0
1270	-3
1271	0
1272	-2
1273	0
1274	-3
1275	0
1276	-1
1277	0
1278	-2
1279	1
1280	-1
1281	0
1282	-1
1283	0
1284	-1
1285	0
1286	-3
1287	0
1288	-1
1289	0
1290	0
1291	0
1292	0
1293	0
1294	-1
1295	0
1296	-2
1297	0
1298	-1
1299	0
1300	-2
1301	-1
1302	-2
1303	0
1304	-1
1305	0
1306	-1
1307	0
1308	-2
1309	0
1310	-4
1311	0
1312	-2
1313	-1
1314	-2
1315	0
1316	-2
1317	0
1318	-3
1319	0
1320	-3
1321	0
1322	-3
1323	-1
1324	-4
1325	-1
1326	-3
1327	-1
1328	-3
1329	-2
1330	-4
1331	-2
1332	-3
1333	-1
1334	-3
1335	-2
1336	-3
1337	-2
1338	-4
1339	-2
1340	-4
1341	-1
1342	-3
1343	0
1344	-2
1345	0
1346	-1
1347	0
1348	-1
1349	0
1350	-1
1351	0
1352	0
1353	0
1354	0
1355	1
1356	0
1357	2
1358	-1
1359	1
1360	0
1361	1
1362	0
1363	1
1364	-1
1365	0
1366	-1
1367	0
1368	-2
1369	0
1370	-2
1371	1
1372	-1
1373	0
1374	-2
1375	0
1376	-2
1377	-1
1378	-1
1379	0
1380	-1
1381	0
1382	0
1383	0
1384	-2
1385	0
1386	-1
1387	0
1388	-2
1389	-1
1390	-2
1391	0
1392	-3
1393	0
1394	-2
1395	0
1396	-2
1397	0
1398	0
1399	0
1400	0
1401	0
1402	0
1403	0
1404	0
1405	1
1406	0
1407	1
1408	-1
1409	1
1410	-1
1411	0
1412	-1
1413	0
1414	-2
1415	0
1416	-2
1417	0
1418	-2
1419	-1
1420	-3
1421	0
1422	-3
1423	-1
1424	-4
1425	-2
1426	-3
1427	-2
1428	-4
1429	-1
1430	-4
1431	-2
1432	-3
1433	-1
1434	-3
1435	-2
1436	-2
1437	-1
1438	-2
1439	0
1440	-2
1441	0
1442	-1
1443	-1
1444	-2
1445	0
1446	0
1447	0
1448	0
1449	0
1450	-1
1451	1
1452	0
1453	0
1454	-1
1455	1
1456	-2
1457	2
1458	-1
1459	0
1460	-1
1461	0
1462	-1
1463	0
1464	-1
1465	0
1466	-1
1467	0
1468	0
1469	0
1470	-1
1471	0
1472	-2
1473	0
1474	-3
1475	0
1476	-2
1477	0
1478	-4
1479	0
1480	-3
1481	0
1482	-1
1483	-1
1484	-2
1485	0
1486	-2
1487	-1
1488	-1
1489	-1
1490	-2
1491	0
1492	-2
1493	0
1494	-1
1495	0
1496	-1
1497	0
1498	-2
1499	0
1500	-1
1501	0
1502	-3
1503	0
1504	-2
1505	0
1506	-1
1507	0
1508	-2
1509	0
1510	-3
1511	-1
1512	-2
1513	0
1514	-2
1515	0
1516	-1
1517	0
1518	-2
1519	0
1520	-1
1521	-1
1522	-1
1523	0
1524	-1
1525	0
1526	-1
1527	0
1528	-1
1529	0
1530	-2
1531	1
1532	-1
1533	0
1534	-2
1535	0
1536	-1
1537	0
1538	-1
1539	0
1540	0
1541	0
1542	-2
1543	0
1544	-3
1545	0
1546	-2
1547	0
1548	-2
1549	0
1550	-1
1551	0
1552	-3
1553	0
1554	-4
1555	0
1556	-2
1557	0
1558	-2
1559	-1
1560	-3
1561	0
1562	-1
1563	0
1564	-2
1565	0
1566	-2
1567	0
1568	-2
1569	0
1570	-1
1571	0
1572	-1
1573	0
1574	0
1575	0
1576	0
1577	0
1578	-1
1579	0
1580	0
1581	0
1582	0
1583	0
1584	0
1585	0
1586	-1
1587	0
1588	0
1589	0
1590	-1
1591	0
1592	-1
1593	0
1594	0
1595	0
1596	-1
1597	0
1598	-1
1599	0
1600	-1
1601	0
1602	-2
1603	0
1604	-2
1605	0
1606	-2
1607	0
1608	-2
1609	0
1610	-1
1611	0
1612	-1
1613	0
1614	-1
1615	0
1616	-1
1617	0
1618	-2
1619	0
1620	-3
1621	0
1622	-2
1623	0
1624	-2
1625	0
1626	-4
1627	0
1628	-2
1629	0
1630	-1
1631	0
1632	-2
1633	0
1634	-2
1635	0
1636	-2
1637	0
1638	-1
1639	0
1640	0
1641	0
1642	-2
1643	0
1644	-1
1645	1
1646	-1
1647	0
1648	-1
1649	0
1650	-2
1651	0
1652	-1
1653	0
1654	0
1655	0
1656	-1
1657	0
1658	-1
1659	1
1660	-1
1661	0
1662	-1
1663	0
1664	-2
1665	0
1666	-2
1667	0
1668	-2
1669	0
1670	-1
1671	0
1672	-2
1673	0
1674	-1
1675	0
1676	-1
1677	0
1678	-1
1679	0
1680	0
1681	0
1682	-2
1683	0
1684	-2
1685	0
1686	-1
1687	0
1688	-1
1689	0
1690	-3
1691	0
1692	0
1693	1
1694	-1
1695	0
1696	-1
1697	0
1698	0
1699	0
1700	-1
1701	1
1702	0
1703	0
1704	-1
1705	2
1706	0
1707	0
1708	0
1709	0
1710	0
1711	0
1712	0
1713	0
1714	-1
1715	0
1716	0
1717	0
1718	-1
1719	0
1720	-1
1721	0
1722	-1
1723	0
1724	-1
1725	0
1726	-1
1727	0
1728	-2
1729	0
1730	-1
1731	0
1732	-1
1733	0
1734	-1
1735	0
1736	-1
1737	1
1738	0
1739	0
1740	-1
1741	0
1742	-1
1743	0
1744	-1
1745	0
1746	0
1747	0
1748	0
1749	0
1750	-1
1751	0
1752	-1
1753	0
1754	-3
1755	0
1756	-2
1757	0
1758	-2
1759	0
1760	-2
1761	0
1762	-2
1763	0
1764	-2
1765	0
1766	-3
1767	0
1768	-2
1769	0
1770	-2
1771	0
1772	-2
1773	0
1774	-3
1775	0
1776	-2
1777	0
1778	-1
1779	0
1780	-2
1781	0
1782	-1
1783	0
1784	-1
1785	0
1786	-1
1787	0
1788	-1
1789	0
1790	0
1791	1
1792	0
1793	2
1794	-1
1795	1
1796	0
1797	1
1798	0
1799	2
1800	0
1801	1
1802	0
1803	2
1804	0
1805	1
1806	-1
1807	1
1808	0
1809	0
1810	-1
1811	1
1812	-2
1813	0
1814	-1
1815	0
1816	-1
1817	0
1818	0
1819	0
1820	0
1821	0
1822	0
1823	0
1824	-1
1825	0
1826	-1
1827	0
1828	0
1829	0
1830	0
1831	1
1832	0
1833	0
1834	0
1835	1
1836	0
1837	1
1838	0
1839	1
1840	0
1841	1
1842	0
1843	1
1844	0
1845	0
1846	0
1847	1
1848	0
1849	1
1850	0
1851	2
1852	0
1853	2
1854	0
1855	1
1856	1
1857	2
1858	0
1859	2
1860	1
1861	2
1862	1
1863	2
1864	1
1865	2
1866	1
1867	3
1868	2
1869	3
1870	2
1871	2
1872	2
1873	3
1874	1
1875	3
1876	1
1877	2
1878	0
1879	3
1880	2
1881	2
1882	1
1883	2
1884	1
1885	2
1886	0
1887	2
1888	0
1889	3
1890	0
1891	2
1892	0
1893	1
1894	0
1895	1
1896	0
1897	1
1898	0
1899	0
1900	0
1901	0
1902	-1
1903	0
1904	0
1905	1
1906	0
1907	0
1908	0
1909	0
1910	-1
1911	0
1912	-1
1913	0
1914	-1
1915	0
1916	-1
1917	0
1918	0
1919	0
1920	-1
1921	0
1922	-1
1923	0
1924	-1
1925	0
1926	-1
1927	0
1928	-1
1929	0
1930	-2
1931	1
1932	-1
1933	0
1934	-1
1935	0
1936	0
1937	1
1938	0
1939	0
1940	0
1941	0
1942	0
1943	0
1944	0
1945	0
1946	0
1947	1
1948	0
1949	2
1950	0
1951	2
1952	0
1953	2
1954	1
1955	2
1956	1
1957	2
1958	0
1959	2
1960	1
1961	1
1962	1
1963	2
1964	0
1965	3
1966	1
1967	2
1968	1
1969	3
1970	0
1971	2
1972	0
1973	2
1974	0
1975	2
1976	0
1977	2
1978	0
1979	1
1980	0
1981	1
1982	0
1983	0
1984	0
1985	2
1986	0
1987	2
1988	0
1989	2
1990	0
1991	3
1992	0
1993	3
1994	0
1995	2
1996	0
1997	2
1998	0
1999	2
