0	0
1	2
2	2
3	1
4	0
5	0
6	0
7	0
8	-1
9	0
10	0
11	0
12	0
13	0
14	-1
15	0
16	-1
17	0
18	-1
19	0
20	-1
21	0
22	0
23	0
24	0
25	0
26	0
27	0
28	0
29	0
30	0
31	0
32	0
33	1
34	0
35	1
36	0
37	1
38	1
39	1
40	0
41	1
42	0
43	1
44	0
45	1
46	0
47	0
48	0
49	2
50	0
51	1
52	0
53	1
54	0
55	1
56	0
57	2
58	0
59	1
60	0
61	1
62	0
63	1
64	0
65	0
66	0
67	1
68	0
69	0
70	0
71	0
72	0
73	0
74	0
75	0
76	0
77	0
78	0
79	0
80	-1
81	0
82	-1
83	0
84	0
85	0
86	0
87	0
88	0
89	1
90	0
91	2
92	0
93	1
94	0
95	1
96	0
97	2
98	0
99	1
100	0
101	1
102	0
103	0
104	-1
105	0
106	0
107	1
108	-1
109	0
110	0
111	0
112	-1
113	0
114	-1
115	0
116	0
117	0
118	0
119	0
120	0
121	0
122	-1
123	0
124	-1
125	1
126	0
127	0
128	-1
129	1
130	0
131	1
132	0
133	1
134	0
135	2
136	0
137	1
138	1
139	2
140	1
141	3
142	0
143	4
144	2
145	3
146	1
147	4
148	1
149	3
150	2
151	2
152	2
153	3
154	1
155	1
156	1
157	2
158	0
159	1
160	0
161	1
162	0
163	2
164	0
165	1
166	1
167	1
168	0
169	1
170	0
171	1
172	0
173	1
174	0
175	1
176	0
177	0
178	0
179	0
180	1
181	0
182	0
183	0
184	0
185	1
186	0
187	0
188	-2
189	0
190	-1
191	0
192	-2
193	0
194	0
195	0
196	-1
197	0
198	-1
199	0
200	-1
201	-1
202	-2
203	0
204	0
205	0
206	0
207	0
208	0
209	0
210	0
211	0
212	0
213	0
214	0
215	0
216	0
217	0
218	0
219	1
220	1
221	1
222	0
223	1
224	0
225	1
226	0
227	2
228	0
229	2
230	0
231	1
232	0
233	1
234	0
235	0
236	0
237	1
238	0
239	1
240	0
241	0
242	0
243	0
244	0
245	0
246	0
247	0
248	0
249	1
250	0
251	0
252	0
253	0
254	0
255	0
256	0
257	0
258	1
259	0
260	0
261	0
262	0
263	0
264	0
265	1
266	0
267	1
268	0
269	1
270	0
271	1
272	1
273	3
274	0
275	2
276	0
277	1
278	0
279	2
280	0
281	1
282	-1
283	1
284	0
285	0
286	0
287	0
288	0
289	0
290	0
291	1
292	0
293	0
294	0
295	0
296	-1
297	0
298	-1
299	0
300	0
301	0
302	-1
303	1
304	0
305	0
306	0
307	0
308	0
309	1
310	-1
311	1
312	0
313	0
314	0
315	1
316	0
317	0
318	0
319	1
320	0
321	2
322	0
323	0
324	0
325	1
326	0
327	0
328	0
329	0
330	0
331	1
332	0
333	2
334	0
335	0
336	0
337	0
338	0
339	1
340	0
341	2
342	0
343	0
344	0
345	0
346	0
347	1
348	0
349	1
350	0
351	0
352	0
353	0
354	0
355	0
356	-1
357	0
358	-1
359	0
360	-1
361	1
362	-1
363	0
364	-1
365	1
366	0
367	0
368	0
369	0
370	0
371	1
372	0
373	1
374	0
375	1
376	0
377	1
378	0
379	1
380	0
381	3
382	0
383	2
384	1
385	1
386	2
387	2
388	2
389	4
390	1
391	3
392	1
393	2
394	0
395	1
396	0
397	1
398	0
399	0
400	0
401	0
402	0
403	0
404	0
405	0
406	0
407	0
408	0
409	0
410	0
411	0
412	-1
413	0
414	0
415	0
416	-1
417	2
418	0
419	1
420	0
421	1
422	0
423	2
424	0
425	1
426	0
427	1
428	0
429	1
430	1
431	3
432	3
433	8
434	7
435	12
436	12
437	16
438	18
439	26
440	26
441	33
442	35
443	43
444	47
445	53
446	55
447	61
448	66
449	72
450	76
451	81
452	85
453	91
454	95
455	101
456	104
457	111
458	113
459	120
460	122
461	128
462	129
463	135
464	136
465	140
466	140
467	143
468	144
469	148
470	147
471	148
472	146
473	148
474	147
475	147
476	145
477	145
478	141
479	140
480	138
481	138
482	131
483	130
484	125
485	125
486	120
487	117
488	110
489	109
490	104
491	103
492	97
493	93
494	89
495	88
496	82
497	80
498	77
499	78
500	62
501	66
502	62
503	59
504	54
505	53
506	49
507	49
508	42
509	39
510	36
511	35
512	30
513	30
514	25
515	25
516	20
517	21
518	16
519	15
520	11
521	10
522	6
523	6
524	1
525	1
526	0
527	-1
528	-5
529	-5
530	-9
531	-8
532	-11
533	-11
534	-15
535	-16
536	-16
537	-18
538	-20
539	-19
540	-20
541	-22
542	-22
543	-23
544	-24
545	-25
546	-27
547	-27
548	-28
549	-27
550	-29
551	-27
552	-29
553	-28
554	-30
555	-29
556	-30
557	-29
558	-31
559	-29
560	-31
561	-30
562	-30
563	-30
564	-32
565	-31
566	-32
567	-30
568	-31
569	-30
570	-31
571	-30
572	-30
573	-28
574	-30
575	-29
576	-31
577	-29
578	-31
579	-30
580	-31
581	-28
582	-31
583	-30
584	-31
585	-29
586	-30
587	-29
588	-29
589	-29
590	-30
591	-28
592	-29
593	-27
594	-28
595	-25
596	-27
597	-23
598	-27
599	-23
600	-26
601	-22
602	-23
603	-21
604	-23
605	-21
606	-21
607	-20
608	-21
609	-20
610	-21
611	-19
612	-20
613	-18
614	-18
615	-17
616	-18
617	-17
618	-18
619	-17
620	-17
621	-17
622	-17
623	-15
624	-18
625	-16
626	-16
627	-16
628	-16
629	-15
630	-15
631	-15
632	-15
633	-14
634	-15
635	-13
636	-14
637	-14
638	-14
639	-12
640	-13
641	-11
642	-13
643	-8
644	-12
645	-8
646	-11
647	-6
648	-9
649	-6
650	-10
651	-6
652	-8
653	-4
654	-7
655	-4
656	-6
657	-4
658	-5
659	-4
660	-6
661	-5
662	-6
663	-4
664	-5
665	-3
666	-4
667	-4
668	-4
669	-3
670	-4
671	-3
672	-5
673	-4
674	-7
675	-5
676	-5
677	-4
678	-7
679	-4
680	-5
681	-3
682	-4
683	-2
684	-4
685	-4
686	-4
687	-2
688	-4
689	-2
690	-5
691	-2
692	-4
693	-3
694	-5
695	-1
696	-4
697	-1
698	-2
699	-1
700	-1
701	-1
702	-3
703	-1
704	-2
705	-1
706	-3
707	-1
708	-3
709	-1
710	-2
711	0
712	-2
713	0
714	-3
715	0
716	-2
717	0
718	-2
719	-1
720	-2
721	-1
722	-4
723	-1
724	-3
725	-1
726	-4
727	-2
728	-4
729	-3
730	-4
731	-2
732	-3
733	-2
734	-4
735	-1
736	-4
737	-1
738	-3
739	-2
740	-2
741	-2
742	-3
743	-2
744	-2
745	0
746	-3
747	-1
748	-1
749	-1
750	-3
751	-2
752	-2
753	-1
754	-2
755	-1
756	-3
757	0
758	-4
759	0
760	-4
761	0
762	-4
763	-1
764	-2
765	-1
766	-1
767	0
768	-2
769	0
770	-2
771	0
772	-2
773	0
774	-2
775	-1
776	-1
777	0
778	0
779	0
780	-2
781	0
782	-3
783	0
784	-2
785	-1
786	-2
787	-1
788	-2
789	-1
790	-3
791	0
792	-2
793	-1
794	-3
795	-1
796	-3
797	-2
798	-3
799	-2
800	-3
801	-1
802	-2
803	-1
804	-2
805	0
806	-4
807	-1
808	-3
809	0
810	-3
811	0
812	-2
813	0
814	-2
815	0
816	-1
817	0
818	0
819	0
820	-1
821	0
822	-1
823	0
824	0
825	0
826	0
827	0
828	0
829	0
830	-1
831	0
832	-2
833	0
834	-2
835	-2
836	-2
837	-1
838	-2
839	0
840	-2
841	-1
842	-4
843	-2
844	-3
845	-2
846	-4
847	-2
848	-3
849	-1
850	-3
851	0
852	-3
853	-1
854	-2
855	0
856	-1
857	0
858	-2
859	0
860	-1
861	0
862	0
863	0
864	0
865	0
866	0
867	0
868	-2
869	0
870	0
871	1
872	-1
873	1
874	0
875	0
876	-1
877	1
878	-1
879	0
880	0
881	0
882	-1
883	0
884	0
885	0
886	-2
887	0
888	-1
889	0
890	-1
891	0
892	-4
893	-1
894	-3
895	-1
896	-4
897	-1
898	-4
899	-2
900	-4
901	-2
902	-4
903	-2
904	-5
905	-2
906	-3
907	-1
908	-3
909	-1
910	-3
911	-2
912	-3
913	-1
914	-3
915	-1
916	-2
917	-1
918	-3
919	-1
920	-2
921	-2
922	-2
923	-1
924	-1
925	0
926	-1
927	0
928	-1
929	-1
930	-1
931	-1
932	-1
933	0
934	-2
935	0
936	-1
937	0
938	-1
939	-1
940	-1
941	0
942	-2
943	0
944	-1
945	0
946	-3
947	-1
948	-2
949	0
950	-1
951	-1
952	-1
953	0
954	-2
955	0
956	-2
957	0
958	-1
959	-1
960	-1
961	-1
962	-2
963	-1
964	-2
965	0
966	-2
967	0
968	-2
969	-2
970	-2
971	-1
972	-3
973	0
974	-3
975	-1
976	-2
977	-1
978	-2
979	0
980	-1
981	0
982	-1
983	-1
984	-1
985	-1
986	-2
987	0
988	-1
989	0
990	-1
991	0
992	0
993	0
994	0
995	0
996	0
997	0
998	0
999	0
1000	-2
1001	-1
1002	-2
1003	0
1004	-2
1005	-1
1006	-2
1007	-1
1008	-2
1009	0
1010	-4
1011	0
1012	-3
1013	-1
1014	-3
1015	-1
1016	-2
1017	-1
1018	-3
1019	-1
1020	-1
1021	-1
1022	-3
1023	-2
1024	-2
1025	0
1026	-1
1027	-2
1028	-3
1029	-1
1030	-1
1031	0
1032	0
1033	0
1034	-1
1035	-1
1036	-1
1037	0
1038	-1
1039	0
1040	-1
1041	0
1042	0
1043	0
1044	0
1045	0
1046	0
1047	0
1048	0
1049	0
1050	0
1051	0
1052	-1
1053	0
1054	-1
1055	0
1056	-2
1057	0
1058	-1
1059	-1
1060	-3
1061	-1
1062	-2
1063	0
1064	-2
1065	-1
1066	-2
1067	-1
1068	-2
1069	-1
1070	-2
1071	-1
1072	-2
1073	-1
1074	-2
1075	-1
1076	-2
1077	0
1078	-1
1079	-1
1080	0
1081	0
1082	0
1083	0
1084	-1
1085	1
1086	0
1087	1
1088	0
1089	0
1090	0
1091	1
1092	0
1093	1
1094	0
1095	1
1096	0
1097	0
1098	0
1099	0
1100	0
1101	0
1102	0
1103	0
1104	0
1105	0
1106	-1
1107	0
1108	-2
1109	0
1110	0
1111	-1
1112	-1
1113	0
1114	-1
1115	-1
1116	-1
1117	-1
1118	0
1119	0
1120	0
1121	-1
1122	-1
1123	-1
1124	0
1125	0
1126	0
1127	0
1128	-1
1129	0
1130	0
1131	0
1132	-1
1133	0
1134	0
1135	0
1136	0
1137	0
1138	0
1139	0
1140	0
1141	0
1142	-1
1143	0
1144	-1
1145	0
1146	-1
1147	0
1148	0
1149	0
1150	-1
1151	0
1152	0
1153	0
1154	0
1155	0
1156	0
1157	0
1158	-2
1159	0
1160	-1
1161	0
1162	-1
1163	0
1164	-2
1165	0
1166	0
1167	0
1168	-1
1169	0
1170	-1
1171	0
1172	-2
1173	0
1174	-1
1175	0
1176	-1
1177	0
1178	-2
1179	0
1180	-1
1181	0
1182	-1
1183	-1
1184	-1
1185	0
1186	-2
1187	0
1188	-1
1189	-1
1190	-3
1191	0
1192	-3
1193	0
1194	-1
1195	-2
1196	-4
1197	-2
1198	-4
1199	-1
1200	-2
1201	0
1202	-1
1203	-1
1204	0
1205	-1
1206	-1
1207	0
1208	0
1209	0
1210	-1
1211	-1
1212	-1
1213	0
1214	-2
1215	-1
1216	-1
1217	-1
1218	-1
1219	0
1220	-1
1221	0
1222	0
1223	2
1224	-2
1225	0
1226	-1
1227	0
1228	0
1229	0
1230	0
1231	1
1232	0
1233	1
1234	0
1235	1
1236	1
1237	1
1238	1
1239	1
1240	0
1241	2
1242	0
1243	1
1244	1
1245	2
1246	0
1247	1
1248	1
1249	1
1250	1
1251	0
1252	0
1253	1
1254	0
1255	0
1256	0
1257	0
1258	0
1259	0
1260	1
1261	1
1262	1
1263	2
1264	0
1265	2
1266	0
1267	1
1268	0
1269	2
1270	0
1271	3
1272	0
1273	1
1274	1
1275	1
1276	1
1277	0
1278	0
1279	1
1280	0
1281	0
1282	0
1283	0
1284	-1
1285	0
1286	-1
1287	-1
1288	-1
1289	-1
1290	-1
1291	-2
1292	-2
1293	-1
1294	-2
1295	0
1296	0
1297	-1
1298	-2
1299	0
1300	-2
1301	0
1302	-1
1303	0
1304	-1
1305	0
1306	-3
1307	0
1308	-1
1309	0
1310	0
1311	0
1312	-2
1313	0
1314	-2
1315	0
1316	-2
1317	0
1318	-1
1319	0
1320	-2
1321	-1
1322	-1
1323	-1
1324	-1
1325	-2
1326	-3
1327	-2
1328	-2
1329	-1
1330	-4
1331	-2
1332	-3
1333	-3
1334	-3
1335	-2
1336	-3
1337	-3
1338	-3
1339	-2
1340	-3
1341	-2
1342	-3
1343	-2
1344	-2
1345	-2
1346	-3
1347	-3
1348	-1
1349	-2
1350	-2
1351	0
1352	-1
1353	-1
1354	-1
1355	0
1356	-1
1357	0
1358	0
1359	0
1360	-1
1361	0
1362	0
1363	0
1364	0
1365	0
1366	0
1367	0
1368	0
1369	0
1370	0
1371	0
1372	-2
1373	0
1374	-1
1375	0
1376	-1
1377	0
1378	-1
1379	0
1380	-2
1381	0
1382	-2
1383	-1
1384	-2
1385	-2
1386	-2
1387	-2
1388	-2
1389	-2
1390	-3
1391	-2
1392	-3
1393	-2
1394	-3
1395	-2
1396	-3
1397	-2
1398	-3
1399	-2
1400	-3
1401	0
1402	-2
1403	-1
1404	-2
1405	-2
1406	-2
1407	-3
1408	-1
1409	-1
1410	-1
1411	-2
1412	-1
1413	0
1414	-1
1415	-1
1416	-1
1417	0
1418	-1
1419	0
1420	-1
1421	-1
1422	-2
1423	0
1424	-2
1425	-1
1426	-2
1427	0
1428	-2
1429	0
1430	-2
1431	0
1432	0
1433	0
1434	-1
1435	0
1436	-2
1437	0
1438	0
1439	0
1440	0
1441	0
1442	0
1443	0
1444	0
1445	0
1446	-1
1447	0
1448	0
1449	0
1450	0
1451	0
1452	0
1453	0
1454	0
1455	1
1456	0
1457	1
1458	0
1459	1
1460	0
1461	0
1462	0
1463	0
1464	0
1465	0
1466	0
1467	0
1468	-2
1469	0
1470	-1
1471	-1
1472	-1
1473	0
1474	-1
1475	0
1476	-1
1477	-1
1478	-2
1479	-2
1480	-2
1481	-2
1482	-3
1483	-1
1484	-3
1485	-1
1486	-3
1487	-2
1488	-3
1489	-1
1490	-4
1491	-1
1492	-2
1493	-1
1494	-2
1495	-2
1496	-2
1497	-1
1498	-1
1499	-1
1500	-1
1501	0
1502	0
1503	0
1504	-2
1505	0
1506	0
1507	0
1508	-1
1509	0
1510	0
1511	0
1512	0
1513	0
1514	0
1515	0
1516	0
1517	0
1518	-1
1519	0
1520	0
1521	0
1522	-1
1523	-1
1524	-2
1525	0
1526	-1
1527	0
1528	-2
1529	0
1530	0
1531	0
1532	0
1533	0
1534	-1
1535	0
1536	-1
1537	-1
1538	0
1539	0
1540	-2
1541	0
1542	-1
1543	0
1544	0
1545	0
1546	-1
1547	0
1548	-2
1549	0
1550	-2
1551	0
1552	-1
1553	0
1554	-1
1555	1
1556	0
1557	0
1558	0
1559	0
1560	0
1561	0
1562	0
1563	0
1564	0
1565	1
1566	0
1567	1
1568	0
1569	1
1570	1
1571	1
1572	0
1573	1
1574	2
1575	3
1576	1
1577	3
1578	1
1579	2
1580	1
1581	3
1582	2
1583	3
1584	2
1585	3
1586	2
1587	4
1588	1
1589	3
1590	2
1591	4
1592	2
1593	4
1594	2
1595	3
1596	2
1597	3
1598	0
1599	4
1600	1
1601	3
1602	3
1603	3
1604	2
1605	3
1606	2
1607	3
1608	2
1609	4
1610	2
1611	4
1612	1
1613	3
1614	2
1615	3
1616	3
1617	2
1618	2
1619	4
1620	2
1621	3
1622	2
1623	3
1624	2
1625	4
1626	2
1627	4
1628	3
1629	5
1630	3
1631	5
1632	2
1633	5
1634	2
1635	4
1636	2
1637	4
1638	2
1639	4
1640	1
1641	3
1642	1
1643	2
1644	1
1645	2
1646	0
1647	2
1648	0
1649	0
1650	0
1651	0
1652	0
1653	0
1654	-1
1655	0
1656	-2
1657	0
1658	-1
1659	0
1660	-2
1661	-1
1662	-3
1663	-2
1664	-3
1665	-1
1666	-3
1667	-2
1668	-4
1669	-2
1670	-4
1671	-4
1672	-4
1673	-3
1674	-3
1675	-2
1676	-4
1677	-2
1678	-4
1679	-1
1680	-2
1681	0
1682	-2
1683	0
1684	-1
1685	0
1686	-2
1687	0
1688	-1
1689	-1
1690	0
1691	0
1692	-1
1693	-1
1694	0
1695	-1
1696	-1
1697	0
1698	-2
1699	-1
1700	-1
1701	-1
1702	-3
1703	-1
1704	-3
1705	-2
1706	-3
1707	-2
1708	-3
1709	-3
1710	-2
1711	-2
1712	-2
1713	-2
1714	-3
1715	-2
1716	-4
1717	-2
1718	-4
1719	-1
1720	-2
1721	-1
1722	-3
1723	-1
1724	-2
1725	0
1726	-2
1727	0
1728	0
1729	0
1730	0
1731	0
1732	-2
1733	1
1734	-2
1735	0
1736	-2
1737	0
1738	-1
1739	0
1740	-2
1741	0
1742	-2
1743	0
1744	-2
1745	0
1746	-1
1747	0
1748	-2
1749	0
1750	-2
1751	0
1752	-1
1753	-1
1754	-3
1755	-1
1756	-3
1757	-2
1758	-2
1759	-1
1760	-1
1761	0
1762	-2
1763	-2
1764	-2
1765	-2
1766	-1
1767	-2
1768	-1
1769	-1
1770	-1
1771	0
1772	0
1773	0
1774	0
1775	0
1776	0
1777	0
1778	0
1779	0
1780	-1
1781	0
1782	-1
1783	0
1784	-1
1785	0
1786	0
1787	0
1788	0
1789	0
1790	0
1791	0
1792	-1
1793	0
1794	0
1795	0
1796	0
1797	0
1798	-1
1799	1
1800	0
1801	1
1802	0
1803	2
1804	0
1805	0
1806	0
1807	1
1808	0
1809	1
1810	-1
1811	1
1812	0
1813	1
1814	0
1815	1
1816	0
1817	1
1818	0
1819	1
1820	0
1821	2
1822	0
1823	1
1824	0
1825	2
1826	1
1827	2
1828	0
1829	2
1830	1
1831	3
1832	2
1833	2
1834	3
1835	3
1836	3
1837	5
1838	3
1839	5
1840	3
1841	4
1842	4
1843	5
1844	4
1845	5
1846	4
1847	5
1848	4
1849	4
1850	4
1851	5
1852	3
1853	5
1854	3
1855	4
1856	4
1857	4
1858	3
1859	4
1860	3
1861	5
1862	4
1863	3
1864	2
1865	4
1866	2
1867	3
1868	3
1869	2
1870	1
1871	1
1872	1
1873	2
1874	1
1875	2
1876	1
1877	0
1878	0
1879	0
1880	0
1881	0
1882	-1
1883	0
1884	-2
1885	0
1886	-1
1887	0
1888	-1
1889	0
1890	-2
1891	-2
1892	-2
1893	0
1894	-1
1895	0
1896	-3
1897	0
1898	-1
1899	0
1900	-1
1901	0
1902	0
1903	0
1904	-1
1905	0
1906	0
1907	0
1908	0
1909	-1
1910	0
1911	0
1912	0
1913	-1
1914	-1
1915	0
1916	-1
1917	0
1918	-1
1919	0
1920	-1
1921	0
1922	0
1923	0
1924	-2
1925	0
1926	-2
1927	0
1928	-3
1929	-1
1930	-3
1931	-1
1932	-2
1933	-1
1934	-2
1935	-1
1936	-3
1937	-1
1938	-3
1939	-2
1940	-3
1941	-1
1942	-4
1943	-2
1944	-3
1945	-2
1946	-2
1947	-1
1948	-3
1949	-1
1950	-2
1951	-1
1952	-1
1953	-1
1954	-2
1955	-1
1956	-2
1957	-2
1958	-2
1959	0
1960	-1
1961	0
1962	-1
1963	0
1964	-1
1965	0
1966	-1
1967	0
1968	-1
1969	0
1970	-2
1971	0
1972	-2
1973	0
1974	-1
1975	0
1976	0
1977	0
1978	-2
1979	1
1980	-1
1981	0
1982	-1
1983	0
1984	-2
1985	0
1986	-1
1987	-1
1988	0
1989	0
1990	-2
1991	0
1992	0
1993	0
1994	0
1995	1
1996	0
1997	2
1998	0
1999	1
