0	0
1	1
2	0
3	1
4	0
5	0
6	0
7	1
8	0
9	1
10	0
11	0
12	0
13	0
14	0
15	0
16	0
17	1
18	0
19	2
20	0
21	0
22	0
23	1
24	0
25	0
26	0
27	0
28	0
29	0
30	0
31	1
32	0
33	0
34	0
35	1
36	0
37	2
38	0
39	0
40	0
41	0
42	0
43	1
44	0
45	0
46	0
47	0
48	0
49	1
50	0
51	0
52	0
53	0
54	0
55	2
56	0
57	0
58	0
59	1
60	0
61	1
62	0
63	1
64	0
65	0
66	0
67	0
68	0
69	0
70	0
71	0
72	0
73	0
74	0
75	0
76	0
77	0
78	-1
79	0
80	0
81	0
82	0
83	0
84	-1
85	0
86	0
87	1
88	0
89	0
90	0
91	0
92	0
93	1
94	0
95	0
96	0
97	1
98	0
99	1
100	0
101	0
102	0
103	1
104	0
105	1
106	0
107	1
108	0
109	1
110	0
111	1
112	0
113	1
114	0
115	2
116	0
117	1
118	0
119	1
120	0
121	1
122	0
123	3
124	0
125	2
126	0
127	1
128	0
129	1
130	0
131	0
132	0
133	0
134	0
135	1
136	0
137	1
138	0
139	1
140	0
141	1
142	0
143	1
144	0
145	0
146	0
147	1
148	0
149	1
150	0
151	0
152	0
153	0
154	0
155	0
156	0
157	0
158	0
159	1
160	0
161	1
162	0
163	1
164	0
165	1
166	0
167	1
168	0
169	1
170	0
171	0
172	0
173	0
174	0
175	0
176	0
177	0
178	0
179	1
180	0
181	0
182	0
183	1
184	0
185	1
186	0
187	1
188	0
189	0
190	-1
191	0
192	0
193	0
194	0
195	0
196	0
197	0
198	0
199	1
200	0
201	1
202	0
203	1
204	0
205	0
206	0
207	1
208	0
209	1
210	0
211	2
212	0
213	1
214	0
215	1
216	0
217	1
218	1
219	0
220	0
221	1
222	0
223	1
224	0
225	1
226	0
227	0
228	0
229	0
230	0
231	0
232	0
233	1
234	0
235	0
236	0
237	0
238	0
239	0
240	0
241	1
242	0
243	0
244	0
245	1
246	0
247	0
248	0
249	0
250	0
251	0
252	0
253	0
254	0
255	0
256	0
257	0
258	0
259	0
260	0
261	0
262	0
263	0
264	0
265	0
266	0
267	1
268	0
269	0
270	0
271	0
272	0
273	0
274	0
275	0
276	0
277	0
278	0
279	0
280	0
281	0
282	0
283	0
284	0
285	0
286	0
287	0
288	0
289	1
290	0
291	0
292	0
293	1
294	0
295	0
296	-1
297	1
298	0
299	0
300	0
301	2
302	0
303	1
304	0
305	1
306	0
307	1
308	0
309	1
310	0
311	1
312	0
313	2
314	0
315	1
316	0
317	1
318	-1
319	1
320	0
321	0
322	0
323	0
324	0
325	0
326	0
327	0
328	0
329	0
330	0
331	0
332	0
333	0
334	0
335	0
336	0
337	1
338	0
339	1
340	0
341	0
342	0
343	1
344	0
345	1
346	0
347	0
348	0
349	1
350	0
351	2
352	0
353	1
354	0
355	2
356	1
357	2
358	0
359	1
360	0
361	1
362	0
363	1
364	0
365	2
366	0
367	1
368	0
369	0
370	0
371	1
372	0
373	1
374	0
375	1
376	0
377	0
378	0
379	0
380	0
381	1
382	0
383	0
384	0
385	1
386	0
387	0
388	0
389	1
390	0
391	1
392	0
393	1
394	0
395	0
396	0
397	0
398	0
399	1
400	0
401	0
402	0
403	2
404	0
405	0
406	0
407	0
408	0
409	0
410	0
411	0
412	0
413	0
414	0
415	1
416	0
417	0
418	0
419	0
420	0
421	0
422	-1
423	0
424	0
425	0
426	-1
427	0
428	0
429	0
430	0
431	1
432	0
433	0
434	0
435	1
436	0
437	3
438	1
439	5
440	4
441	10
442	7
443	13
444	13
445	17
446	18
447	24
448	23
449	29
450	29
451	37
452	36
453	42
454	44
455	49
456	49
457	55
458	57
459	62
460	62
461	67
462	67
463	71
464	71
465	79
466	76
467	81
468	80
469	84
470	83
471	88
472	85
473	90
474	87
475	90
476	90
477	92
478	90
479	93
480	90
481	91
482	89
483	91
484	87
485	88
486	85
487	86
488	83
489	85
490	81
491	85
492	80
493	81
494	76
495	78
496	75
497	76
498	76
499	78
500	62
501	68
502	66
503	66
504	63
505	63
506	59
507	59
508	55
509	56
510	53
511	53
512	52
513	51
514	45
515	46
516	42
517	42
518	39
519	39
520	36
521	37
522	33
523	34
524	29
525	31
526	26
527	28
528	24
529	27
530	22
531	23
532	19
533	21
534	18
535	18
536	13
537	18
538	10
539	15
540	10
541	12
542	9
543	10
544	8
545	8
546	5
547	7
548	4
549	5
550	3
551	4
552	1
553	3
554	-2
555	0
556	-1
557	0
558	-2
559	0
560	-4
561	0
562	-4
563	-1
564	-5
565	-3
566	-5
567	-5
568	-7
569	-4
570	-5
571	-4
572	-6
573	-4
574	-8
575	-4
576	-7
577	-6
578	-6
579	-6
580	-8
581	-5
582	-8
583	-4
584	-7
585	-4
586	-7
587	-3
588	-6
589	-4
590	-8
591	-2
592	-7
593	-4
594	-5
595	-2
596	-6
597	-3
598	-6
599	-3
600	-5
601	-3
602	-7
603	-2
604	-7
605	-2
606	-6
607	-4
608	-5
609	-3
610	-7
611	-3
612	-5
613	-2
614	-6
615	-2
616	-6
617	-1
618	-4
619	-2
620	-5
621	-2
622	-5
623	-2
624	-5
625	-1
626	-4
627	-3
628	-2
629	-2
630	-3
631	-2
632	-5
633	-1
634	-4
635	0
636	-4
637	-1
638	-3
639	0
640	-3
641	0
642	-4
643	-1
644	-4
645	0
646	-2
647	-1
648	-3
649	-1
650	-3
651	-1
652	-3
653	0
654	-3
655	-1
656	-3
657	-1
658	-2
659	0
660	-1
661	0
662	-2
663	0
664	-2
665	0
666	-2
667	0
668	-1
669	0
670	-1
671	0
672	-1
673	0
674	0
675	0
676	0
677	0
678	-1
679	1
680	-1
681	0
682	-2
683	0
684	-2
685	0
686	-2
687	0
688	-2
689	0
690	-2
691	0
692	-2
693	0
694	-2
695	0
696	-1
697	0
698	-1
699	0
700	-1
701	0
702	-1
703	0
704	-2
705	0
706	-1
707	0
708	0
709	0
710	0
711	0
712	0
713	0
714	0
715	0
716	0
717	0
718	0
719	0
720	0
721	0
722	0
723	0
724	0
725	0
726	0
727	0
728	0
729	0
730	0
731	0
732	-1
733	0
734	-1
735	-1
736	0
737	-1
738	-1
739	-1
740	-1
741	-1
742	-1
743	-1
744	-1
745	0
746	-3
747	0
748	-2
749	0
750	-2
751	0
752	-1
753	0
754	-1
755	0
756	-1
757	0
758	-1
759	0
760	0
761	0
762	0
763	0
764	-1
765	0
766	0
767	0
768	0
769	0
770	0
771	0
772	0
773	0
774	0
775	0
776	0
777	1
778	0
779	0
780	0
781	1
782	-1
783	1
784	-1
785	1
786	0
787	1
788	0
789	1
790	-1
791	0
792	-1
793	0
794	0
795	1
796	0
797	0
798	0
799	0
800	0
801	0
802	0
803	0
804	0
805	0
806	0
807	0
808	0
809	0
810	0
811	0
812	-1
813	1
814	0
815	0
816	0
817	1
818	0
819	1
820	-1
821	0
822	-1
823	0
824	-1
825	0
826	-1
827	-1
828	-1
829	0
830	-1
831	0
832	0
833	0
834	-1
835	0
836	0
837	0
838	-1
839	0
840	-2
841	0
842	-2
843	0
844	-2
845	0
846	-2
847	0
848	-1
849	0
850	-2
851	0
852	-1
853	0
854	-3
855	0
856	-2
857	0
858	-1
859	-1
860	-1
861	-1
862	-3
863	-2
864	-1
865	-1
866	-3
867	-1
868	-2
869	0
870	-2
871	-1
872	-2
873	-2
874	-2
875	-1
876	-2
877	-1
878	-2
879	-1
880	-3
881	0
882	-2
883	-2
884	-2
885	-1
886	-2
887	-2
888	-3
889	-1
890	-3
891	0
892	-2
893	-1
894	-3
895	-1
896	-2
897	-1
898	-1
899	0
900	-3
901	-1
902	-3
903	0
904	-3
905	0
906	-2
907	0
908	0
909	-1
910	-1
911	0
912	-2
913	0
914	-1
915	0
916	-1
917	-1
918	-1
919	0
920	-1
921	-1
922	-1
923	-1
924	-2
925	-1
926	-4
927	0
928	-2
929	-1
930	-2
931	-1
932	-3
933	-1
934	-3
935	-1
936	-1
937	-1
938	-3
939	-1
940	-1
941	0
942	-2
943	0
944	-1
945	-1
946	0
947	0
948	0
949	0
950	-1
951	0
952	-2
953	0
954	-1
955	0
956	-1
957	0
958	0
959	0
960	-1
961	0
962	0
963	0
964	0
965	0
966	-1
967	0
968	-1
969	0
970	0
971	0
972	-1
973	0
974	-2
975	1
976	0
977	0
978	0
979	0
980	-1
981	0
982	-1
983	1
984	0
985	1
986	0
987	0
988	0
989	0
990	0
991	0
992	0
993	0
994	0
995	1
996	0
997	1
998	0
999	0
1000	0
1001	1
1002	-1
1003	1
1004	-1
1005	0
1006	0
1007	1
1008	-2
1009	0
1010	-1
1011	1
1012	0
1013	0
1014	0
1015	0
1016	0
1017	0
1018	0
1019	0
1020	-1
1021	0
1022	0
1023	0
1024	0
1025	0
1026	0
1027	0
1028	-2
1029	0
1030	-1
1031	0
1032	-1
1033	0
1034	-3
1035	0
1036	-1
1037	-1
1038	-2
1039	-1
1040	-3
1041	-1
1042	-3
1043	-1
1044	-2
1045	0
1046	-2
1047	0
1048	-1
1049	-1
1050	-1
1051	-1
1052	-2
1053	0
1054	-3
1055	0
1056	-4
1057	-1
1058	-2
1059	-1
1060	-2
1061	-1
1062	-2
1063	-2
1064	-3
1065	-1
1066	-2
1067	-2
1068	-2
1069	-2
1070	-2
1071	-1
1072	-1
1073	-1
1074	-3
1075	0
1076	-2
1077	0
1078	-2
1079	-1
1080	-1
1081	-1
1082	-2
1083	-1
1084	-2
1085	-1
1086	-2
1087	0
1088	-1
1089	0
1090	-1
1091	0
1092	-2
1093	0
1094	0
1095	-1
1096	-1
1097	0
1098	0
1099	-1
1100	-1
1101	0
1102	-1
1103	0
1104	-1
1105	0
1106	-2
1107	0
1108	-2
1109	0
1110	-1
1111	-1
1112	-2
1113	-1
1114	-2
1115	-1
1116	-2
1117	-2
1118	-2
1119	-1
1120	-3
1121	-1
1122	-2
1123	-1
1124	-2
1125	0
1126	-3
1127	-1
1128	-1
1129	0
1130	-2
1131	-1
1132	-1
1133	0
1134	-1
1135	0
1136	-2
1137	0
1138	-1
1139	0
1140	-1
1141	0
1142	-1
1143	0
1144	-1
1145	0
1146	0
1147	0
1148	-1
1149	0
1150	-2
1151	0
1152	0
1153	0
1154	-2
1155	0
1156	-1
1157	-1
1158	-3
1159	-1
1160	-2
1161	-1
1162	-3
1163	-1
1164	-1
1165	-1
1166	-2
1167	-1
1168	-2
1169	-2
1170	-2
1171	-1
1172	-3
1173	-1
1174	-3
1175	-1
1176	-2
1177	0
1178	-1
1179	0
1180	-1
1181	-1
1182	-2
1183	-1
1184	-2
1185	0
1186	0
1187	-1
1188	-1
1189	0
1190	-2
1191	0
1192	-2
1193	0
1194	-2
1195	0
1196	-2
1197	-1
1198	-2
1199	0
1200	-1
1201	0
1202	-3
1203	-1
1204	-2
1205	0
1206	-2
1207	-1
1208	-2
1209	-1
1210	-3
1211	-1
1212	-2
1213	-1
1214	-4
1215	-1
1216	-3
1217	-1
1218	-4
1219	-1
1220	-3
1221	-2
1222	-3
1223	-1
1224	-3
1225	0
1226	-4
1227	-1
1228	-2
1229	-1
1230	-3
1231	0
1232	-2
1233	0
1234	-3
1235	0
1236	-1
1237	0
1238	-2
1239	0
1240	0
1241	0
1242	0
1243	0
1244	-1
1245	0
1246	0
1247	0
1248	0
1249	0
1250	-1
1251	0
1252	-1
1253	0
1254	-2
1255	0
1256	-1
1257	0
1258	-1
1259	0
1260	-1
1261	0
1262	-2
1263	0
1264	-2
1265	0
1266	-2
1267	0
1268	-2
1269	-1
1270	-1
1271	-1
1272	-3
1273	-1
1274	-3
1275	0
1276	-2
1277	0
1278	-1
1279	-1
1280	-1
1281	0
1282	-1
1283	0
1284	-1
1285	-1
1286	-2
1287	0
1288	-1
1289	0
1290	-1
1291	0
1292	-1
1293	0
1294	-2
1295	0
1296	-2
1297	0
1298	-3
1299	0
1300	-1
1301	0
1302	-2
1303	0
1304	-2
1305	0
1306	-2
1307	0
1308	-2
1309	0
1310	-2
1311	0
1312	-2
1313	-1
1314	-2
1315	0
1316	-2
1317	0
1318	-2
1319	0
1320	-2
1321	0
1322	-1
1323	0
1324	-2
1325	0
1326	-1
1327	0
1328	-2
1329	0
1330	-1
1331	0
1332	-1
1333	0
1334	-2
1335	-1
1336	-1
1337	0
1338	-2
1339	0
1340	-3
1341	0
1342	0
1343	0
1344	0
1345	0
1346	0
1347	0
1348	-2
1349	-1
1350	-2
1351	0
1352	-1
1353	0
1354	-2
1355	-1
1356	-1
1357	0
1358	-2
1359	-1
1360	-2
1361	0
1362	-1
1363	0
1364	-1
1365	-1
1366	-2
1367	0
1368	-1
1369	0
1370	-1
1371	0
1372	-1
1373	0
1374	-1
1375	0
1376	-1
1377	0
1378	-2
1379	-1
1380	-3
1381	0
1382	-2
1383	0
1384	-3
1385	0
1386	-2
1387	0
1388	-3
1389	0
1390	-2
1391	0
1392	-2
1393	-1
1394	-2
1395	-1
1396	-1
1397	0
1398	-2
1399	0
1400	-1
1401	0
1402	-2
1403	-1
1404	-2
1405	0
1406	-1
1407	0
1408	-1
1409	0
1410	-1
1411	0
1412	0
1413	0
1414	0
1415	1
1416	0
1417	0
1418	0
1419	0
1420	0
1421	0
1422	0
1423	0
1424	0
1425	1
1426	0
1427	1
1428	0
1429	0
1430	-1
1431	0
1432	0
1433	0
1434	0
1435	0
1436	0
1437	0
1438	0
1439	0
1440	0
1441	0
1442	0
1443	0
1444	-1
1445	1
1446	0
1447	1
1448	0
1449	0
1450	0
1451	0
1452	-1
1453	0
1454	0
1455	1
1456	0
1457	0
1458	0
1459	0
1460	0
1461	1
1462	0
1463	1
1464	0
1465	0
1466	0
1467	1
1468	0
1469	1
1470	0
1471	1
1472	0
1473	1
1474	0
1475	0
1476	-1
1477	0
1478	0
1479	0
1480	0
1481	0
1482	0
1483	0
1484	0
1485	0
1486	-1
1487	0
1488	0
1489	0
1490	-1
1491	0
1492	0
1493	0
1494	0
1495	0
1496	-1
1497	0
1498	0
1499	0
1500	-1
1501	0
1502	-1
1503	0
1504	-1
1505	0
1506	-2
1507	0
1508	-2
1509	0
1510	-1
1511	0
1512	-2
1513	-2
1514	0
1515	-1
1516	-2
1517	0
1518	-1
1519	-1
1520	-3
1521	-1
1522	-1
1523	0
1524	-2
1525	0
1526	-2
1527	0
1528	0
1529	0
1530	-1
1531	0
1532	-2
1533	-1
1534	-3
1535	0
1536	-2
1537	0
1538	-3
1539	0
1540	-2
1541	-1
1542	-2
1543	0
1544	-1
1545	-1
1546	-1
1547	-1
1548	-1
1549	-1
1550	-1
1551	-1
1552	-1
1553	-1
1554	-1
1555	-1
1556	-2
1557	-1
1558	-2
1559	0
1560	-1
1561	0
1562	-2
1563	0
1564	-2
1565	0
1566	-2
1567	-1
1568	-1
1569	0
1570	0
1571	0
1572	-2
1573	0
1574	-1
1575	0
1576	-1
1577	0
1578	0
1579	0
1580	0
1581	0
1582	0
1583	0
1584	0
1585	0
1586	0
1587	0
1588	0
1589	0
1590	-1
1591	0
1592	0
1593	1
1594	0
1595	1
1596	0
1597	0
1598	0
1599	1
1600	0
1601	1
1602	0
1603	1
1604	0
1605	0
1606	-1
1607	0
1608	-1
1609	0
1610	0
1611	0
1612	0
1613	0
1614	-1
1615	1
1616	0
1617	1
1618	0
1619	0
1620	0
1621	0
1622	0
1623	0
1624	0
1625	0
1626	-1
1627	0
1628	-1
1629	0
1630	-2
1631	0
1632	0
1633	0
1634	0
1635	1
1636	0
1637	0
1638	0
1639	0
1640	0
1641	1
1642	0
1643	1
1644	-1
1645	0
1646	0
1647	0
1648	0
1649	0
1650	0
1651	0
1652	-1
1653	0
1654	-1
1655	0
1656	-2
1657	0
1658	-1
1659	0
1660	-2
1661	0
1662	-2
1663	0
1664	-1
1665	0
1666	-1
1667	0
1668	0
1669	0
1670	-1
1671	0
1672	-1
1673	0
1674	-1
1675	0
1676	0
1677	0
1678	0
1679	0
1680	-1
1681	0
1682	0
1683	0
1684	-1
1685	0
1686	0
1687	1
1688	0
1689	1
1690	0
1691	0
1692	0
1693	0
1694	0
1695	0
1696	-1
1697	1
1698	-1
1699	0
1700	-1
1701	0
1702	-1
1703	0
1704	-1
1705	0
1706	-2
1707	0
1708	-2
1709	0
1710	-1
1711	0
1712	0
1713	0
1714	-1
1715	0
1716	-2
1717	0
1718	-1
1719	0
1720	0
1721	0
1722	0
1723	0
1724	-1
1725	0
1726	-1
1727	0
1728	0
1729	0
1730	-1
1731	0
1732	-2
1733	0
1734	-1
1735	0
1736	0
1737	0
1738	-1
1739	0
1740	-1
1741	0
1742	-2
1743	-1
1744	-1
1745	0
1746	-1
1747	0
1748	-1
1749	0
1750	-2
1751	-1
1752	-2
1753	0
1754	-2
1755	0
1756	-1
1757	0
1758	0
1759	-1
1760	-1
1761	0
1762	-1
1763	0
1764	-1
1765	-1
1766	-1
1767	0
1768	-1
1769	0
1770	-1
1771	0
1772	-1
1773	0
1774	-1
1775	0
1776	0
1777	0
1778	-1
1779	0
1780	-2
1781	0
1782	-1
1783	0
1784	0
1785	0
1786	-1
1787	0
1788	-1
1789	0
1790	-1
1791	0
1792	0
1793	0
1794	0
1795	0
1796	-1
1797	0
1798	0
1799	0
1800	0
1801	0
1802	0
1803	0
1804	0
1805	0
1806	0
1807	0
1808	-1
1809	0
1810	-1
1811	0
1812	0
1813	0
1814	-2
1815	0
1816	0
1817	0
1818	-1
1819	0
1820	0
1821	0
1822	-1
1823	0
1824	0
1825	0
1826	-1
1827	0
1828	-1
1829	0
1830	-1
1831	0
1832	-2
1833	0
1834	-1
1835	0
1836	-1
1837	0
1838	-1
1839	0
1840	0
1841	0
1842	0
1843	0
1844	-1
1845	0
1846	-1
1847	0
1848	-1
1849	0
1850	0
1851	0
1852	-1
1853	0
1854	-1
1855	0
1856	0
1857	0
1858	-1
1859	0
1860	-1
1861	0
1862	0
1863	0
1864	0
1865	0
1866	-1
1867	0
1868	0
1869	0
1870	0
1871	0
1872	-1
1873	0
1874	0
1875	0
1876	0
1877	0
1878	0
1879	0
1880	0
1881	0
1882	-1
1883	0
1884	0
1885	-1
1886	-1
1887	0
1888	-1
1889	0
1890	-1
1891	0
1892	-1
1893	0
1894	0
1895	0
1896	0
1897	0
1898	-1
1899	0
1900	0
1901	0
1902	-1
1903	0
1904	0
1905	0
1906	0
1907	0
1908	0
1909	0
1910	0
1911	0
1912	0
1913	0
1914	-1
1915	0
1916	0
1917	-1
1918	0
1919	0
1920	0
1921	0
1922	-1
1923	0
1924	-1
1925	-1
1926	-2
1927	0
1928	-1
1929	0
1930	-1
1931	-1
1932	-2
1933	0
1934	-2
1935	0
1936	-1
1937	0
1938	-2
1939	0
1940	-1
1941	0
1942	-2
1943	0
1944	-2
1945	0
1946	0
1947	0
1948	-1
1949	0
1950	-1
1951	0
1952	-2
1953	0
1954	0
1955	0
1956	0
1957	0
1958	0
1959	0
1960	0
1961	0
1962	-1
1963	0
1964	-1
1965	0
1966	-1
1967	0
1968	0
1969	0
1970	0
1971	0
1972	0
1973	-1
1974	0
1975	0
1976	0
1977	0
1978	-1
1979	0
1980	-1
1981	0
1982	0
1983	0
1984	0
1985	0
1986	0
1987	0
1988	0
1989	0
1990	0
1991	0
1992	0
1993	0
1994	0
1995	0
1996	0
1997	0
1998	0
1999	0
