0	0
1	0
2	0
3	0
4	0
5	0
6	0
7	0
8	-2
9	0
10	0
11	0
12	0
13	0
14	0
15	2
16	0
17	1
18	0
19	1
20	0
21	2
22	0
23	2
24	1
25	3
26	0
27	3
28	0
29	3
30	0
31	3
32	0
33	2
34	0
35	2
36	0
37	1
38	0
39	1
40	0
41	0
42	0
43	0
44	0
45	0
46	0
47	0
48	-1
49	0
50	0
51	0
52	0
53	0
54	-1
55	1
56	0
57	1
58	0
59	0
60	-1
61	1
62	0
63	0
64	0
65	0
66	-1
67	0
68	0
69	0
70	0
71	1
72	0
73	1
74	0
75	1
76	0
77	2
78	0
79	1
80	0
81	0
82	0
83	1
84	-1
85	3
86	0
87	1
88	0
89	0
90	0
91	1
92	0
93	0
94	0
95	1
96	0
97	1
98	-1
99	0
100	0
101	0
102	0
103	2
104	0
105	0
106	0
107	0
108	0
109	0
110	0
111	0
112	0
113	1
114	-1
115	0
116	0
117	1
118	0
119	0
120	0
121	0
122	0
123	0
124	0
125	0
126	0
127	1
128	0
129	1
130	0
131	0
132	0
133	0
134	0
135	1
136	-1
137	2
138	0
139	1
140	0
141	1
142	0
143	1
144	-1
145	0
146	0
147	0
148	0
149	1
150	0
151	2
152	0
153	1
154	0
155	1
156	0
157	0
158	0
159	0
160	0
161	2
162	0
163	1
164	0
165	1
166	0
167	1
168	-1
169	1
170	0
171	1
172	0
173	0
174	0
175	1
176	0
177	1
178	0
179	1
180	0
181	0
182	0
183	0
184	0
185	1
186	0
187	0
188	0
189	1
190	0
191	1
192	0
193	0
194	0
195	1
196	0
197	1
198	0
199	1
200	0
201	1
202	0
203	0
204	0
205	0
206	0
207	0
208	0
209	0
210	0
211	0
212	0
213	1
214	0
215	0
216	0
217	0
218	0
219	0
220	0
221	0
222	0
223	0
224	0
225	0
226	-1
227	1
228	0
229	1
230	0
231	1
232	0
233	1
234	0
235	0
236	0
237	0
238	0
239	1
240	0
241	1
242	0
243	2
244	0
245	2
246	0
247	1
248	0
249	0
250	0
251	1
252	0
253	2
254	0
255	2
256	0
257	1
258	0
259	2
260	0
261	1
262	0
263	0
264	0
265	1
266	-1
267	1
268	0
269	1
270	0
271	0
272	-1
273	0
274	-1
275	1
276	0
277	1
278	0
279	2
280	0
281	0
282	0
283	1
284	-1
285	0
286	0
287	1
288	0
289	2
290	0
291	1
292	-1
293	1
294	0
295	0
296	0
297	1
298	0
299	1
300	-1
301	0
302	0
303	0
304	0
305	0
306	0
307	0
308	0
309	1
310	-1
311	0
312	0
313	1
314	-1
315	1
316	-1
317	2
318	0
319	1
320	0
321	0
322	0
323	1
324	0
325	0
326	0
327	1
328	0
329	0
330	0
331	0
332	0
333	0
334	0
335	2
336	0
337	0
338	-1
339	0
340	0
341	1
342	-1
343	0
344	0
345	1
346	0
347	1
348	0
349	0
350	0
351	1
352	0
353	2
354	0
355	1
356	0
357	1
358	0
359	1
360	0
361	2
362	0
363	2
364	0
365	1
366	0
367	1
368	0
369	2
370	0
371	2
372	0
373	1
374	0
375	1
376	-1
377	1
378	0
379	1
380	0
381	1
382	0
383	0
384	0
385	1
386	0
387	1
388	0
389	1
390	-1
391	1
392	0
393	2
394	0
395	0
396	0
397	1
398	-1
399	0
400	0
401	0
402	-1
403	1
404	-1
405	0
406	-1
407	0
408	-1
409	0
410	-1
411	0
412	-1
413	1
414	-1
415	1
416	0
417	1
418	-1
419	2
420	-1
421	1
422	0
423	1
424	0
425	2
426	0
427	2
428	0
429	1
430	0
431	0
432	0
433	1
434	0
435	1
436	0
437	2
438	0
439	3
440	1
441	5
442	4
443	9
444	9
445	14
446	13
447	20
448	17
449	25
450	24
451	31
452	30
453	39
454	39
455	44
456	45
457	52
458	50
459	57
460	56
461	62
462	62
463	67
464	67
465	73
466	71
467	76
468	76
469	80
470	79
471	84
472	81
473	85
474	82
475	84
476	83
477	85
478	84
479	85
480	82
481	85
482	81
483	86
484	80
485	84
486	79
487	82
488	78
489	81
490	77
491	80
492	75
493	79
494	73
495	74
496	72
497	75
498	74
499	78
500	62
501	71
502	66
503	68
504	64
505	67
506	60
507	64
508	57
509	59
510	56
511	57
512	54
513	56
514	50
515	54
516	47
517	50
518	45
519	48
520	41
521	45
522	37
523	41
524	34
525	36
526	31
527	34
528	30
529	32
530	26
531	30
532	23
533	26
534	20
535	21
536	17
537	18
538	13
539	15
540	11
541	15
542	9
543	13
544	7
545	9
546	4
547	8
548	2
549	5
550	0
551	3
552	-1
553	1
554	-3
555	0
556	-3
557	0
558	-4
559	-1
560	-5
561	-3
562	-6
563	-4
564	-6
565	-5
566	-7
567	-5
568	-7
569	-6
570	-9
571	-6
572	-9
573	-7
574	-11
575	-6
576	-11
577	-7
578	-11
579	-10
580	-11
581	-10
582	-12
583	-9
584	-12
585	-10
586	-13
587	-11
588	-13
589	-11
590	-13
591	-11
592	-12
593	-11
594	-13
595	-11
596	-13
597	-12
598	-13
599	-11
600	-13
601	-9
602	-12
603	-11
604	-12
605	-8
606	-12
607	-8
608	-13
609	-6
610	-10
611	-7
612	-11
613	-6
614	-11
615	-6
616	-11
617	-5
618	-10
619	-4
620	-8
621	-6
622	-9
623	-5
624	-9
625	-6
626	-8
627	-4
628	-7
629	-4
630	-8
631	-3
632	-8
633	-3
634	-8
635	-2
636	-7
637	-2
638	-7
639	-3
640	-6
641	-2
642	-7
643	-3
644	-6
645	-2
646	-7
647	-3
648	-8
649	-3
650	-7
651	-2
652	-8
653	-3
654	-8
655	-3
656	-7
657	-3
658	-7
659	-2
660	-8
661	-2
662	-8
663	0
664	-6
665	-1
666	-5
667	0
668	-6
669	0
670	-5
671	-2
672	-5
673	-2
674	-5
675	-1
676	-4
677	0
678	-4
679	0
680	-4
681	-1
682	-4
683	-2
684	-3
685	-1
686	-1
687	-1
688	-3
689	0
690	-4
691	0
692	-3
693	0
694	-2
695	-1
696	-2
697	0
698	-2
699	0
700	-3
701	0
702	-3
703	0
704	-2
705	0
706	-3
707	0
708	-3
709	0
710	-2
711	0
712	-2
713	0
714	-3
715	0
716	-2
717	0
718	-2
719	0
720	-2
721	0
722	-2
723	0
724	-2
725	0
726	-1
727	0
728	-2
729	0
730	-2
731	0
732	-1
733	0
734	-1
735	0
736	-2
737	0
738	-2
739	0
740	-2
741	0
742	-3
743	0
744	-3
745	0
746	-2
747	0
748	-2
749	0
750	-1
751	0
752	-2
753	0
754	-2
755	0
756	-3
757	0
758	-1
759	0
760	-1
761	0
762	-2
763	0
764	-1
765	0
766	-2
767	0
768	-1
769	0
770	-1
771	0
772	0
773	0
774	-2
775	0
776	-3
777	0
778	-1
779	1
780	-1
781	0
782	-2
783	0
784	-3
785	0
786	-2
787	0
788	0
789	1
790	-1
791	0
792	-1
793	0
794	-1
795	0
796	-1
797	0
798	-1
799	1
800	0
801	0
802	0
803	0
804	0
805	1
806	0
807	1
808	0
809	0
810	0
811	1
812	0
813	1
814	-1
815	1
816	0
817	1
818	0
819	1
820	0
821	0
822	0
823	1
824	0
825	1
826	0
827	2
828	0
829	1
830	0
831	1
832	0
833	2
834	0
835	1
836	0
837	1
838	0
839	2
840	0
841	2
842	0
843	1
844	0
845	0
846	-1
847	0
848	-1
849	0
850	-1
851	0
852	0
853	0
854	-2
855	0
856	-2
857	0
858	-2
859	0
860	-2
861	0
862	-1
863	0
864	0
865	0
866	0
867	0
868	0
869	0
870	-2
871	0
872	-1
873	0
874	-2
875	0
876	-1
877	0
878	-4
879	0
880	-3
881	0
882	-2
883	0
884	-2
885	0
886	-3
887	-1
888	-3
889	0
890	-2
891	0
892	-2
893	0
894	-3
895	0
896	-3
897	-2
898	-3
899	0
900	-2
901	0
902	-3
903	0
904	-2
905	0
906	-2
907	0
908	-3
909	0
910	-1
911	0
912	-2
913	0
914	-1
915	0
916	-1
917	0
918	-2
919	0
920	-2
921	0
922	-1
923	0
924	0
925	0
926	-1
927	0
928	0
929	0
930	-1
931	0
932	-1
933	0
934	-3
935	0
936	-1
937	0
938	-1
939	0
940	-1
941	0
942	-2
943	0
944	0
945	0
946	-1
947	0
948	-1
949	0
950	-2
951	-1
952	-1
953	0
954	-2
955	0
956	-2
957	0
958	-1
959	0
960	-3
961	0
962	-3
963	0
964	-2
965	0
966	-2
967	0
968	-3
969	0
970	-2
971	0
972	-3
973	0
974	-2
975	0
976	-2
977	0
978	-2
979	0
980	0
981	0
982	-3
983	0
984	-2
985	0
986	-2
987	0
988	-2
989	-1
990	-2
991	-1
992	-2
993	-1
994	-3
995	-1
996	-3
997	0
998	-4
999	-1
1000	-4
1001	-1
1002	-3
1003	0
1004	-3
1005	0
1006	-2
1007	0
1008	-2
1009	0
1010	-1
1011	0
1012	-1
1013	0
1014	-2
1015	0
1016	-1
1017	0
1018	0
1019	0
1020	-2
1021	0
1022	0
1023	0
1024	-1
1025	0
1026	-1
1027	0
1028	-3
1029	0
1030	-3
1031	0
1032	-1
1033	0
1034	-2
1035	0
1036	-3
1037	0
1038	-2
1039	0
1040	-2
1041	0
1042	-3
1043	0
1044	-3
1045	0
1046	-2
1047	0
1048	-3
1049	0
1050	-3
1051	0
1052	-2
1053	0
1054	-3
1055	0
1056	-3
1057	0
1058	-1
1059	0
1060	-2
1061	0
1062	-1
1063	0
1064	-2
1065	0
1066	-2
1067	0
1068	-1
1069	0
1070	-1
1071	0
1072	-2
1073	0
1074	-1
1075	0
1076	-2
1077	0
1078	-1
1079	0
1080	-1
1081	0
1082	-2
1083	0
1084	-1
1085	0
1086	-1
1087	0
1088	-3
1089	0
1090	-2
1091	0
1092	-2
1093	0
1094	-1
1095	0
1096	-2
1097	0
1098	-3
1099	0
1100	-2
1101	0
1102	-2
1103	0
1104	-2
1105	0
1106	-2
1107	0
1108	-1
1109	0
1110	-1
1111	-1
1112	-2
1113	-1
1114	-2
1115	-2
1116	-3
1117	-1
1118	-4
1119	-1
1120	-2
1121	-1
1122	-3
1123	-1
1124	-3
1125	-1
1126	-4
1127	-1
1128	-3
1129	-1
1130	-3
1131	0
1132	-2
1133	-1
1134	-2
1135	0
1136	-1
1137	0
1138	-1
1139	0
1140	-1
1141	0
1142	0
1143	0
1144	0
1145	0
1146	-1
1147	0
1148	-1
1149	0
1150	-1
1151	0
1152	-1
1153	0
1154	-1
1155	0
1156	0
1157	0
1158	-1
1159	0
1160	-1
1161	-1
1162	-1
1163	0
1164	-2
1165	0
1166	-2
1167	0
1168	-1
1169	0
1170	-1
1171	0
1172	-1
1173	0
1174	-4
1175	0
1176	-2
1177	0
1178	-1
1179	0
1180	-1
1181	0
1182	-1
1183	0
1184	-2
1185	0
1186	-2
1187	0
1188	-1
1189	0
1190	-1
1191	0
1192	-2
1193	0
1194	-3
1195	0
1196	-2
1197	0
1198	-2
1199	0
1200	-1
1201	0
1202	-1
1203	0
1204	-3
1205	0
1206	-3
1207	-1
1208	-4
1209	-1
1210	-3
1211	0
1212	-2
1213	-1
1214	-2
1215	0
1216	-2
1217	-1
1218	-2
1219	0
1220	-2
1221	0
1222	-3
1223	0
1224	-2
1225	0
1226	-2
1227	0
1228	-2
1229	0
1230	-1
1231	0
1232	-1
1233	0
1234	-1
1235	0
1236	-2
1237	1
1238	-1
1239	0
1240	-1
1241	2
1242	-1
1243	1
1244	0
1245	2
1246	0
1247	0
1248	0
1249	1
1250	0
1251	2
1252	0
1253	2
1254	0
1255	2
1256	0
1257	2
1258	0
1259	2
1260	0
1261	2
1262	1
1263	2
1264	0
1265	2
1266	0
1267	3
1268	1
1269	3
1270	0
1271	2
1272	1
1273	2
1274	0
1275	1
1276	0
1277	2
1278	0
1279	2
1280	0
1281	2
1282	0
1283	2
1284	0
1285	1
1286	0
1287	0
1288	0
1289	0
1290	0
1291	0
1292	-1
1293	0
1294	-1
1295	0
1296	-1
1297	0
1298	-1
1299	0
1300	-2
1301	0
1302	-1
1303	0
1304	-1
1305	0
1306	0
1307	2
1308	-1
1309	1
1310	0
1311	1
1312	-2
1313	0
1314	-1
1315	0
1316	-1
1317	0
1318	-2
1319	2
1320	-1
1321	1
1322	-1
1323	1
1324	0
1325	1
1326	-1
1327	1
1328	-1
1329	1
1330	-2
1331	1
1332	0
1333	0
1334	0
1335	0
1336	-1
1337	0
1338	-2
1339	0
1340	-2
1341	0
1342	0
1343	0
1344	-1
1345	0
1346	0
1347	1
1348	-1
1349	1
1350	-1
1351	2
1352	-2
1353	0
1354	0
1355	1
1356	0
1357	1
1358	0
1359	2
1360	0
1361	1
1362	-1
1363	1
1364	-1
1365	1
1366	0
1367	1
1368	0
1369	2
1370	0
1371	1
1372	0
1373	1
1374	-1
1375	0
1376	-2
1377	0
1378	-1
1379	0
1380	-1
1381	0
1382	-1
1383	0
1384	-2
1385	0
1386	-1
1387	0
1388	-1
1389	0
1390	-2
1391	0
1392	-2
1393	0
1394	-1
1395	1
1396	-1
1397	2
1398	-2
1399	1
1400	-3
1401	0
1402	-1
1403	0
1404	-1
1405	0
1406	-1
1407	1
1408	-2
1409	0
1410	-2
1411	0
1412	-1
1413	0
1414	-1
1415	0
1416	-2
1417	-1
1418	-2
1419	0
1420	-3
1421	0
1422	-3
1423	-1
1424	-3
1425	0
1426	-3
1427	-1
1428	-2
1429	0
1430	-3
1431	-1
1432	-3
1433	0
1434	-3
1435	0
1436	-4
1437	0
1438	-3
1439	0
1440	-3
1441	0
1442	-2
1443	0
1444	-2
1445	0
1446	-2
1447	0
1448	-2
1449	0
1450	-1
1451	0
1452	-1
1453	1
1454	-1
1455	0
1456	-2
1457	0
1458	-2
1459	1
1460	-1
1461	0
1462	0
1463	0
1464	-1
1465	0
1466	-1
1467	1
1468	0
1469	0
1470	0
1471	0
1472	-1
1473	1
1474	0
1475	0
1476	0
1477	0
1478	0
1479	1
1480	0
1481	1
1482	0
1483	1
1484	0
1485	1
1486	0
1487	2
1488	0
1489	2
1490	0
1491	2
1492	0
1493	2
1494	0
1495	2
1496	0
1497	1
1498	0
1499	1
1500	0
1501	1
1502	0
1503	0
1504	-1
1505	1
1506	-2
1507	2
1508	-1
1509	0
1510	-1
1511	0
1512	-1
1513	0
1514	0
1515	1
1516	-1
1517	0
1518	0
1519	0
1520	-2
1521	0
1522	-1
1523	0
1524	-2
1525	0
1526	-1
1527	0
1528	-1
1529	0
1530	-2
1531	0
1532	-2
1533	0
1534	-3
1535	1
1536	-2
1537	0
1538	-1
1539	1
1540	-1
1541	0
1542	-2
1543	0
1544	0
1545	0
1546	-1
1547	0
1548	-1
1549	0
1550	-2
1551	0
1552	-1
1553	0
1554	-1
1555	-1
1556	-2
1557	-1
1558	-3
1559	0
1560	-2
1561	0
1562	-2
1563	0
1564	-2
1565	0
1566	-2
1567	-1
1568	-3
1569	0
1570	-2
1571	0
1572	-2
1573	0
1574	-1
1575	0
1576	-2
1577	0
1578	-1
1579	0
1580	-1
1581	0
1582	-2
1583	0
1584	-1
1585	0
1586	-1
1587	0
1588	-1
1589	0
1590	-1
1591	0
1592	-1
1593	0
1594	-3
1595	0
1596	-1
1597	0
1598	-3
1599	0
1600	-3
1601	0
1602	-2
1603	0
1604	-2
1605	0
1606	-4
1607	0
1608	-1
1609	0
1610	-3
1611	-1
1612	-3
1613	0
1614	-3
1615	0
1616	-2
1617	0
1618	-1
1619	0
1620	-1
1621	0
1622	-2
1623	0
1624	-1
1625	0
1626	-1
1627	0
1628	-1
1629	0
1630	-1
1631	0
1632	-1
1633	0
1634	0
1635	0
1636	-1
1637	0
1638	-1
1639	0
1640	0
1641	0
1642	0
1643	0
1644	-1
1645	0
1646	-2
1647	0
1648	-2
1649	0
1650	-2
1651	0
1652	-3
1653	0
1654	-1
1655	0
1656	-2
1657	0
1658	-2
1659	0
1660	-1
1661	0
1662	-1
1663	0
1664	0
1665	0
1666	-1
1667	1
1668	-1
1669	0
1670	-2
1671	1
1672	0
1673	0
1674	0
1675	0
1676	0
1677	0
1678	-2
1679	0
1680	-1
1681	0
1682	-2
1683	0
1684	-1
1685	0
1686	-4
1687	-1
1688	-4
1689	0
1690	-2
1691	0
1692	-3
1693	0
1694	-1
1695	0
1696	-2
1697	0
1698	-2
1699	0
1700	-3
1701	0
1702	-2
1703	0
1704	-1
1705	0
1706	-2
1707	0
1708	-1
1709	0
1710	-1
1711	0
1712	-1
1713	0
1714	-2
1715	0
1716	-3
1717	0
1718	-2
1719	0
1720	-2
1721	0
1722	-2
1723	0
1724	-2
1725	0
1726	-3
1727	0
1728	-4
1729	0
1730	-4
1731	0
1732	-3
1733	0
1734	-3
1735	0
1736	-3
1737	-1
1738	-3
1739	0
1740	-3
1741	-1
1742	-2
1743	0
1744	-3
1745	0
1746	-2
1747	0
1748	-2
1749	0
1750	-2
1751	0
1752	-1
1753	0
1754	-1
1755	0
1756	-1
1757	1
1758	0
1759	1
1760	0
1761	2
1762	0
1763	1
1764	0
1765	1
1766	0
1767	2
1768	-1
1769	1
1770	0
1771	2
1772	0
1773	1
1774	-2
1775	1
1776	-2
1777	1
1778	0
1779	0
1780	-1
1781	0
1782	-1
1783	0
1784	-1
1785	1
1786	0
1787	1
1788	-2
1789	0
1790	-1
1791	0
1792	-2
1793	0
1794	-1
1795	0
1796	-1
1797	0
1798	-1
1799	0
1800	-1
1801	0
1802	-2
1803	0
1804	-2
1805	0
1806	-1
1807	0
1808	-2
1809	-1
1810	-2
1811	-1
1812	-2
1813	0
1814	-2
1815	0
1816	-2
1817	0
1818	-1
1819	-1
1820	-2
1821	-1
1822	-1
1823	-1
1824	-2
1825	0
1826	-3
1827	-1
1828	-1
1829	0
1830	-2
1831	-1
1832	-2
1833	-1
1834	-1
1835	0
1836	-2
1837	-1
1838	-2
1839	0
1840	-2
1841	0
1842	-1
1843	0
1844	-2
1845	0
1846	-2
1847	0
1848	-2
1849	0
1850	-1
1851	0
1852	0
1853	0
1854	0
1855	0
1856	0
1857	0
1858	0
1859	1
1860	0
1861	0
1862	-1
1863	0
1864	-1
1865	0
1866	-1
1867	2
1868	0
1869	1
1870	0
1871	0
1872	0
1873	0
1874	-1
1875	1
1876	0
1877	1
1878	-1
1879	1
1880	0
1881	0
1882	-2
1883	0
1884	0
1885	0
1886	0
1887	1
1888	0
1889	1
1890	0
1891	0
1892	0
1893	0
1894	0
1895	0
1896	0
1897	1
1898	0
1899	1
1900	0
1901	1
1902	0
1903	2
1904	0
1905	1
1906	0
1907	1
1908	0
1909	1
1910	0
1911	1
1912	0
1913	1
1914	0
1915	1
1916	0
1917	1
1918	0
1919	1
1920	1
1921	0
1922	0
1923	0
1924	0
1925	1
1926	0
1927	0
1928	0
1929	1
1930	0
1931	1
1932	-1
1933	0
1934	-2
1935	0
1936	-2
1937	0
1938	-1
1939	0
1940	-2
1941	0
1942	-2
1943	0
1944	-1
1945	0
1946	-1
1947	0
1948	-1
1949	0
1950	-2
1951	0
1952	-2
1953	0
1954	-2
1955	0
1956	-2
1957	0
1958	-1
1959	0
1960	-1
1961	0
1962	-2
1963	0
1964	-1
1965	0
1966	0
1967	0
1968	-1
1969	0
1970	-1
1971	0
1972	-2
1973	0
1974	0
1975	0
1976	-1
1977	0
1978	0
1979	0
1980	-1
1981	0
1982	0
1983	1
1984	-1
1985	0
1986	-1
1987	0
1988	0
1989	0
1990	-1
1991	0
1992	0
1993	0
1994	0
1995	0
1996	-2
1997	0
1998	-1
1999	0
