0	-1
1	1
2	-1
3	0
4	0
5	1
6	0
7	0
8	0
9	1
10	0
11	0
12	0
13	1
14	-3
15	0
16	-2
17	1
18	-2
19	0
20	-1
21	0
22	-1
23	0
24	-1
25	0
26	0
27	1
28	-1
29	1
30	0
31	1
32	0
33	1
34	-1
35	0
36	0
37	0
38	0
39	2
40	0
41	1
42	0
43	3
44	0
45	1
46	0
47	1
48	0
49	2
50	0
51	2
52	0
53	1
54	0
55	2
56	1
57	2
58	0
59	3
60	0
61	2
62	0
63	3
64	0
65	3
66	0
67	3
68	0
69	2
70	0
71	2
72	0
73	1
74	-1
75	2
76	0
77	0
78	0
79	1
80	0
81	2
82	0
83	2
84	0
85	1
86	0
87	0
88	0
89	1
90	0
91	2
92	-1
93	1
94	0
95	0
96	0
97	0
98	0
99	1
100	0
101	1
102	0
103	2
104	0
105	2
106	0
107	3
108	-1
109	1
110	0
111	3
112	0
113	1
114	0
115	1
116	0
117	0
118	0
119	2
120	0
121	1
122	0
123	1
124	0
125	0
126	0
127	1
128	0
129	0
130	-1
131	0
132	-2
133	0
134	0
135	1
136	0
137	0
138	0
139	0
140	0
141	0
142	-1
143	0
144	-1
145	2
146	-1
147	0
148	-1
149	0
150	0
151	0
152	0
153	1
154	0
155	0
156	0
157	2
158	0
159	3
160	0
161	2
162	0
163	3
164	0
165	3
166	0
167	3
168	0
169	3
170	1
171	3
172	0
173	3
174	0
175	1
176	0
177	1
178	0
179	1
180	0
181	2
182	0
183	1
184	0
185	0
186	0
187	0
188	0
189	1
190	0
191	0
192	0
193	1
194	0
195	1
196	0
197	1
198	0
199	1
200	0
201	0
202	0
203	0
204	0
205	1
206	0
207	1
208	0
209	0
210	0
211	1
212	0
213	1
214	-1
215	1
216	0
217	1
218	-1
219	1
220	-2
221	1
222	-1
223	0
224	-1
225	1
226	-1
227	0
228	-1
229	0
230	-2
231	0
232	-2
233	0
234	-1
235	0
236	0
237	1
238	0
239	1
240	-1
241	0
242	0
243	0
244	0
245	2
246	-1
247	2
248	0
249	1
250	0
251	0
252	0
253	0
254	0
255	1
256	0
257	1
258	-1
259	0
260	0
261	1
262	0
263	1
264	-1
265	2
266	-1
267	1
268	-1
269	2
270	0
271	0
272	-1
273	0
274	0
275	0
276	-1
277	0
278	-1
279	0
280	-1
281	2
282	-1
283	0
284	-2
285	1
286	-1
287	0
288	0
289	0
290	0
291	2
292	0
293	2
294	0
295	3
296	0
297	1
298	0
299	3
300	0
301	3
302	0
303	2
304	0
305	3
306	1
307	3
308	0
309	2
310	0
311	2
312	0
313	2
314	0
315	1
316	0
317	1
318	0
319	1
320	-1
321	0
322	0
323	1
324	-1
325	1
326	-1
327	1
328	-1
329	0
330	0
331	1
332	-1
333	1
334	-1
335	0
336	0
337	0
338	-1
339	1
340	0
341	0
342	-1
343	0
344	0
345	1
346	-2
347	1
348	-1
349	1
350	-1
351	0
352	0
353	0
354	-2
355	0
356	0
357	0
358	0
359	0
360	0
361	1
362	0
363	1
364	0
365	0
366	0
367	1
368	0
369	0
370	0
371	1
372	-1
373	1
374	0
375	2
376	0
377	2
378	-1
379	2
380	0
381	1
382	0
383	0
384	-1
385	2
386	0
387	0
388	0
389	0
390	0
391	0
392	-1
393	1
394	-1
395	0
396	-1
397	1
398	0
399	0
400	0
401	0
402	0
403	0
404	-1
405	2
406	-1
407	0
408	-1
409	0
410	0
411	0
412	0
413	0
414	-1
415	0
416	-1
417	0
418	0
419	2
420	0
421	1
422	0
423	0
424	0
425	2
426	0
427	2
428	0
429	3
430	0
431	4
432	2
433	7
434	4
435	11
436	8
437	14
438	13
439	20
440	19
441	25
442	26
443	32
444	33
445	39
446	39
447	48
448	47
449	56
450	56
451	63
452	63
453	70
454	72
455	79
456	79
457	86
458	87
459	93
460	95
461	99
462	100
463	106
464	106
465	111
466	110
467	116
468	114
469	118
470	117
471	121
472	119
473	123
474	118
475	120
476	119
477	120
478	117
479	118
480	113
481	117
482	111
483	112
484	106
485	106
486	102
487	103
488	96
489	100
490	92
491	94
492	86
493	86
494	81
495	83
496	75
497	78
498	75
499	78
500	62
501	67
502	62
503	64
504	58
505	58
506	55
507	55
508	49
509	50
510	45
511	45
512	42
513	44
514	38
515	41
516	34
517	35
518	31
519	32
520	28
521	29
522	24
523	26
524	22
525	24
526	19
527	20
528	16
529	18
530	11
531	14
532	9
533	10
534	7
535	8
536	2
537	5
538	0
539	2
540	-1
541	0
542	-3
543	-3
544	-7
545	-6
546	-9
547	-7
548	-13
549	-8
550	-13
551	-10
552	-15
553	-13
554	-17
555	-14
556	-17
557	-16
558	-19
559	-17
560	-19
561	-17
562	-21
563	-19
564	-22
565	-20
566	-22
567	-21
568	-23
569	-20
570	-23
571	-22
572	-24
573	-23
574	-25
575	-23
576	-25
577	-24
578	-25
579	-23
580	-27
581	-23
582	-27
583	-24
584	-26
585	-22
586	-26
587	-23
588	-25
589	-22
590	-25
591	-20
592	-25
593	-21
594	-24
595	-21
596	-24
597	-21
598	-22
599	-21
600	-22
601	-20
602	-22
603	-20
604	-22
605	-19
606	-21
607	-19
608	-22
609	-19
610	-21
611	-17
612	-20
613	-17
614	-19
615	-16
616	-19
617	-16
618	-19
619	-16
620	-18
621	-14
622	-17
623	-14
624	-18
625	-14
626	-17
627	-13
628	-17
629	-13
630	-16
631	-11
632	-16
633	-11
634	-14
635	-10
636	-14
637	-10
638	-15
639	-9
640	-14
641	-9
642	-11
643	-9
644	-11
645	-8
646	-10
647	-7
648	-10
649	-6
650	-10
651	-6
652	-9
653	-5
654	-10
655	-4
656	-8
657	-5
658	-8
659	-4
660	-7
661	-4
662	-8
663	-3
664	-8
665	-4
666	-7
667	-4
668	-8
669	-4
670	-7
671	-4
672	-7
673	-2
674	-7
675	-3
676	-6
677	-2
678	-6
679	-3
680	-6
681	-3
682	-6
683	-1
684	-6
685	-1
686	-4
687	-1
688	-4
689	-1
690	-4
691	0
692	-4
693	0
694	-4
695	0
696	-4
697	0
698	-3
699	0
700	-3
701	0
702	-2
703	0
704	-2
705	0
706	-3
707	0
708	-3
709	0
710	-1
711	0
712	-2
713	0
714	-2
715	0
716	-3
717	0
718	-2
719	0
720	-2
721	0
722	-3
723	0
724	-2
725	-1
726	-2
727	-1
728	-1
729	0
730	-2
731	0
732	-4
733	0
734	-4
735	0
736	-2
737	0
738	-2
739	-1
740	-3
741	0
742	-3
743	-1
744	-4
745	-1
746	-3
747	-1
748	-4
749	-1
750	-3
751	-1
752	-3
753	0
754	-3
755	0
756	-3
757	-1
758	-3
759	-1
760	-5
761	0
762	-4
763	-1
764	-4
765	-2
766	-4
767	-2
768	-4
769	-2
770	-4
771	-1
772	-5
773	-2
774	-5
775	-1
776	-4
777	-1
778	-4
779	-2
780	-4
781	-1
782	-3
783	-1
784	-4
785	0
786	-4
787	0
788	-3
789	0
790	-2
791	-1
792	-2
793	0
794	-2
795	0
796	-3
797	0
798	-2
799	0
800	-1
801	0
802	-3
803	0
804	-4
805	0
806	-2
807	0
808	-3
809	-1
810	-4
811	-1
812	-2
813	0
814	-3
815	0
816	-3
817	-1
818	-3
819	0
820	-3
821	-1
822	-4
823	-1
824	-4
825	-1
826	-4
827	-1
828	-5
829	-3
830	-4
831	-2
832	-4
833	-2
834	-4
835	-2
836	-4
837	-2
838	-3
839	-1
840	-3
841	0
842	-3
843	0
844	-3
845	0
846	-3
847	0
848	-3
849	0
850	-1
851	1
852	0
853	0
854	-1
855	0
856	-3
857	0
858	-1
859	0
860	-1
861	0
862	-1
863	0
864	-1
865	0
866	0
867	0
868	-2
869	1
870	-3
871	0
872	-3
873	0
874	-3
875	-2
876	-3
877	-1
878	-4
879	-2
880	-4
881	-2
882	-5
883	-2
884	-5
885	-2
886	-5
887	-3
888	-5
889	-2
890	-5
891	-1
892	-5
893	-1
894	-4
895	0
896	-4
897	-1
898	-4
899	-1
900	-4
901	-1
902	-2
903	0
904	-3
905	0
906	-3
907	0
908	-2
909	0
910	-2
911	0
912	-2
913	0
914	-4
915	0
916	-5
917	0
918	-4
919	-2
920	-4
921	-1
922	-5
923	-2
924	-4
925	-3
926	-4
927	-3
928	-4
929	-2
930	-5
931	-3
932	-5
933	-3
934	-5
935	-2
936	-5
937	-2
938	-5
939	-1
940	-4
941	-1
942	-4
943	0
944	-4
945	-1
946	-3
947	0
948	-2
949	0
950	-3
951	0
952	-2
953	0
954	-2
955	0
956	-3
957	0
958	-3
959	0
960	-2
961	0
962	-3
963	-1
964	-4
965	0
966	-2
967	0
968	-3
969	-1
970	-3
971	0
972	-2
973	0
974	-2
975	0
976	-3
977	-1
978	-4
979	0
980	-4
981	2
982	-3
983	1
984	-1
985	1
986	-2
987	2
988	-1
989	1
990	0
991	2
992	-1
993	1
994	-3
995	2
996	-2
997	1
998	-1
999	0
1000	-2
1001	0
1002	-4
1003	0
1004	-4
1005	-1
1006	-4
1007	-3
1008	-5
1009	-2
1010	-6
1011	-3
1012	-5
1013	-3
1014	-7
1015	-4
1016	-9
1017	-4
1018	-8
1019	-3
1020	-7
1021	-4
1022	-6
1023	-4
1024	-5
1025	-3
1026	-5
1027	-2
1028	-3
1029	-2
1030	-3
1031	0
1032	-3
1033	0
1034	-3
1035	0
1036	-2
1037	2
1038	0
1039	2
1040	0
1041	2
1042	0
1043	2
1044	-1
1045	4
1046	0
1047	3
1048	0
1049	4
1050	0
1051	2
1052	-1
1053	3
1054	0
1055	3
1056	0
1057	4
1058	0
1059	3
1060	0
1061	4
1062	0
1063	4
1064	0
1065	4
1066	0
1067	4
1068	0
1069	4
1070	0
1071	4
1072	0
1073	4
1074	0
1075	4
1076	0
1077	4
1078	0
1079	4
1080	1
1081	4
1082	0
1083	4
1084	0
1085	4
1086	0
1087	4
1088	0
1089	3
1090	0
1091	3
1092	1
1093	3
1094	0
1095	2
1096	0
1097	3
1098	0
1099	2
1100	0
1101	1
1102	0
1103	1
1104	-1
1105	1
1106	-2
1107	0
1108	-3
1109	0
1110	-2
1111	0
1112	-3
1113	0
1114	-2
1115	0
1116	-4
1117	0
1118	-4
1119	0
1120	-4
1121	-1
1122	-3
1123	-1
1124	-4
1125	-1
1126	-3
1127	-1
1128	-5
1129	0
1130	-4
1131	-2
1132	-7
1133	-1
1134	-5
1135	-3
1136	-5
1137	-3
1138	-5
1139	-3
1140	-7
1141	-3
1142	-6
1143	-2
1144	-7
1145	-2
1146	-7
1147	-2
1148	-7
1149	-3
1150	-6
1151	-2
1152	-6
1153	-2
1154	-5
1155	-2
1156	-5
1157	-2
1158	-4
1159	-2
1160	-3
1161	-3
1162	-4
1163	-1
1164	-3
1165	0
1166	-3
1167	0
1168	-2
1169	-1
1170	-1
1171	-1
1172	-3
1173	-1
1174	-2
1175	-1
1176	-2
1177	0
1178	-3
1179	0
1180	-3
1181	0
1182	-1
1183	0
1184	-2
1185	0
1186	-1
1187	0
1188	-2
1189	0
1190	-2
1191	0
1192	-1
1193	0
1194	-1
1195	0
1196	-3
1197	0
1198	-2
1199	0
1200	-2
1201	0
1202	-2
1203	0
1204	-1
1205	0
1206	-1
1207	0
1208	-3
1209	0
1210	-1
1211	0
1212	-2
1213	0
1214	-2
1215	0
1216	-2
1217	0
1218	-3
1219	0
1220	-3
1221	0
1222	-4
1223	0
1224	-3
1225	0
1226	-3
1227	0
1228	-2
1229	0
1230	-4
1231	0
1232	-4
1233	0
1234	-3
1235	0
1236	-3
1237	0
1238	-1
1239	-1
1240	-3
1241	-1
1242	-2
1243	-1
1244	-2
1245	0
1246	-3
1247	-1
1248	-3
1249	0
1250	-3
1251	0
1252	-3
1253	0
1254	-3
1255	-1
1256	-3
1257	-2
1258	-3
1259	-1
1260	-4
1261	0
1262	-4
1263	-1
1264	-2
1265	-1
1266	-4
1267	-1
1268	-4
1269	-1
1270	-5
1271	-1
1272	-4
1273	0
1274	-3
1275	-1
1276	-4
1277	-1
1278	-3
1279	-1
1280	-4
1281	0
1282	-4
1283	0
1284	-2
1285	0
1286	-1
1287	0
1288	-1
1289	0
1290	-2
1291	0
1292	-1
1293	0
1294	-2
1295	0
1296	-1
1297	0
1298	-1
1299	0
1300	-1
1301	0
1302	-1
1303	0
1304	0
1305	0
1306	-3
1307	0
1308	-3
1309	0
1310	-2
1311	0
1312	-2
1313	0
1314	-1
1315	0
1316	-3
1317	0
1318	-2
1319	0
1320	-1
1321	0
1322	-3
1323	0
1324	-3
1325	0
1326	-3
1327	-1
1328	-2
1329	0
1330	-2
1331	0
1332	-2
1333	0
1334	-2
1335	0
1336	-3
1337	0
1338	-2
1339	1
1340	-3
1341	0
1342	-2
1343	0
1344	-2
1345	0
1346	-2
1347	0
1348	-2
1349	0
1350	-2
1351	0
1352	-3
1353	0
1354	-2
1355	0
1356	-3
1357	0
1358	-2
1359	0
1360	-5
1361	0
1362	-4
1363	0
1364	-3
1365	0
1366	-4
1367	-2
1368	-4
1369	0
1370	-4
1371	0
1372	-4
1373	-1
1374	-3
1375	-1
1376	-2
1377	-2
1378	-4
1379	-1
1380	-4
1381	-1
1382	-2
1383	0
1384	-2
1385	0
1386	-2
1387	-1
1388	-1
1389	0
1390	-2
1391	0
1392	-1
1393	0
1394	-2
1395	0
1396	-2
1397	0
1398	-1
1399	0
1400	-2
1401	0
1402	-2
1403	0
1404	-1
1405	0
1406	-3
1407	0
1408	-3
1409	0
1410	-2
1411	0
1412	-1
1413	-1
1414	-2
1415	0
1416	-2
1417	0
1418	-3
1419	0
1420	-1
1421	0
1422	-2
1423	0
1424	-2
1425	0
1426	-2
1427	0
1428	-2
1429	0
1430	-2
1431	1
1432	-2
1433	0
1434	-2
1435	0
1436	-2
1437	0
1438	-2
1439	0
1440	-3
1441	0
1442	-2
1443	0
1444	-3
1445	0
1446	-4
1447	0
1448	-2
1449	0
1450	-2
1451	0
1452	-2
1453	0
1454	-2
1455	0
1456	-2
1457	0
1458	-1
1459	-1
1460	-2
1461	-1
1462	-3
1463	0
1464	-4
1465	-1
1466	-2
1467	-1
1468	-3
1469	0
1470	-2
1471	-1
1472	-3
1473	-2
1474	-2
1475	0
1476	-3
1477	0
1478	-4
1479	-1
1480	-3
1481	-1
1482	-3
1483	0
1484	-3
1485	0
1486	-3
1487	0
1488	-2
1489	0
1490	-3
1491	0
1492	-4
1493	0
1494	-2
1495	0
1496	-2
1497	0
1498	-3
1499	0
1500	-1
1501	0
1502	-2
1503	0
1504	-3
1505	0
1506	-3
1507	0
1508	-1
1509	0
1510	-3
1511	0
1512	-3
1513	0
1514	-2
1515	0
1516	-1
1517	0
1518	-1
1519	0
1520	-3
1521	0
1522	-1
1523	0
1524	0
1525	0
1526	-1
1527	0
1528	-1
1529	0
1530	-1
1531	0
1532	0
1533	0
1534	-2
1535	0
1536	-1
1537	0
1538	-1
1539	0
1540	-1
1541	1
1542	-2
1543	0
1544	-2
1545	0
1546	-2
1547	0
1548	-2
1549	0
1550	-2
1551	0
1552	-2
1553	0
1554	-1
1555	0
1556	-2
1557	0
1558	-2
1559	0
1560	-1
1561	0
1562	-1
1563	0
1564	-3
1565	0
1566	-3
1567	0
1568	-2
1569	0
1570	-2
1571	0
1572	-2
1573	-1
1574	-4
1575	0
1576	-4
1577	0
1578	-3
1579	0
1580	-4
1581	0
1582	-3
1583	0
1584	-3
1585	0
1586	-3
1587	0
1588	-3
1589	0
1590	-2
1591	0
1592	-2
1593	0
1594	-2
1595	-1
1596	-3
1597	0
1598	-2
1599	0
1600	-2
1601	0
1602	-3
1603	0
1604	-1
1605	-1
1606	-3
1607	0
1608	-2
1609	0
1610	-2
1611	0
1612	-1
1613	0
1614	-1
1615	0
1616	-1
1617	0
1618	-2
1619	0
1620	-2
1621	0
1622	-2
1623	1
1624	-1
1625	1
1626	-1
1627	0
1628	0
1629	1
1630	0
1631	1
1632	-1
1633	1
1634	-2
1635	0
1636	-1
1637	1
1638	-1
1639	0
1640	-1
1641	0
1642	-2
1643	2
1644	-2
1645	1
1646	-3
1647	0
1648	-2
1649	1
1650	-2
1651	0
1652	-2
1653	0
1654	-2
1655	0
1656	-2
1657	0
1658	-1
1659	0
1660	-1
1661	0
1662	-2
1663	0
1664	-1
1665	1
1666	-1
1667	0
1668	-1
1669	0
1670	-1
1671	0
1672	0
1673	0
1674	0
1675	0
1676	0
1677	0
1678	-1
1679	0
1680	-1
1681	0
1682	0
1683	0
1684	-1
1685	0
1686	-2
1687	0
1688	-2
1689	0
1690	-2
1691	0
1692	-1
1693	0
1694	-2
1695	-1
1696	-2
1697	-1
1698	-2
1699	0
1700	-3
1701	-1
1702	-2
1703	0
1704	-2
1705	0
1706	-3
1707	0
1708	-3
1709	0
1710	-3
1711	0
1712	-2
1713	1
1714	-2
1715	0
1716	-1
1717	0
1718	-2
1719	0
1720	-1
1721	0
1722	0
1723	0
1724	-1
1725	0
1726	-2
1727	0
1728	-2
1729	0
1730	-1
1731	0
1732	-1
1733	0
1734	-2
1735	0
1736	-1
1737	0
1738	-2
1739	0
1740	-1
1741	0
1742	-2
1743	0
1744	-3
1745	0
1746	-2
1747	0
1748	-1
1749	0
1750	-1
1751	0
1752	-3
1753	0
1754	-2
1755	1
1756	-2
1757	1
1758	-1
1759	0
1760	-1
1761	0
1762	0
1763	0
1764	-1
1765	0
1766	-1
1767	1
1768	-1
1769	1
1770	0
1771	0
1772	0
1773	0
1774	-1
1775	0
1776	-1
1777	0
1778	-1
1779	1
1780	-1
1781	0
1782	-2
1783	0
1784	-2
1785	0
1786	-3
1787	0
1788	-3
1789	0
1790	-3
1791	0
1792	-3
1793	-1
1794	-3
1795	0
1796	-3
1797	0
1798	-2
1799	0
1800	-4
1801	0
1802	-2
1803	0
1804	-2
1805	0
1806	-2
1807	1
1808	-2
1809	0
1810	-2
1811	0
1812	-3
1813	0
1814	-2
1815	0
1816	-4
1817	0
1818	-2
1819	0
1820	-3
1821	0
1822	-2
1823	0
1824	-3
1825	0
1826	-2
1827	0
1828	-2
1829	-1
1830	-4
1831	0
1832	-3
1833	0
1834	-4
1835	0
1836	-3
1837	0
1838	-1
1839	0
1840	0
1841	0
1842	-2
1843	0
1844	-2
1845	0
1846	-3
1847	0
1848	-3
1849	0
1850	-1
1851	0
1852	-2
1853	1
1854	-2
1855	1
1856	0
1857	1
1858	0
1859	1
1860	-1
1861	0
1862	-2
1863	1
1864	0
1865	1
1866	0
1867	1
1868	-1
1869	1
1870	0
1871	2
1872	-1
1873	1
1874	0
1875	2
1876	0
1877	2
1878	-2
1879	1
1880	-2
1881	3
1882	-1
1883	3
1884	-2
1885	1
1886	-1
1887	1
1888	-1
1889	0
1890	-2
1891	0
1892	-2
1893	1
1894	-1
1895	2
1896	-1
1897	2
1898	-1
1899	0
1900	-2
1901	0
1902	-2
1903	0
1904	-3
1905	0
1906	-3
1907	0
1908	-1
1909	0
1910	-2
1911	1
1912	-3
1913	0
1914	0
1915	0
1916	-1
1917	0
1918	0
1919	0
1920	-1
1921	0
1922	-1
1923	0
1924	-1
1925	0
1926	-1
1927	0
1928	-2
1929	0
1930	-3
1931	0
1932	-2
1933	0
1934	-2
1935	0
1936	-2
1937	0
1938	-2
1939	0
1940	-2
1941	0
1942	-2
1943	1
1944	-2
1945	0
1946	-1
1947	0
1948	-1
1949	0
1950	-1
1951	0
1952	0
1953	0
1954	-2
1955	1
1956	-1
1957	0
1958	0
1959	0
1960	0
1961	0
1962	0
1963	0
1964	-1
1965	0
1966	-1
1967	0
1968	-1
1969	0
1970	-2
1971	0
1972	-1
1973	0
1974	0
1975	0
1976	-2
1977	1
1978	-1
1979	0
1980	0
1981	1
1982	0
1983	2
1984	0
1985	1
1986	1
1987	1
1988	1
1989	4
1990	1
1991	4
1992	1
1993	3
1994	2
1995	4
1996	2
1997	4
1998	2
1999	4
