0	0
1	0
2	-1
3	0
4	-1
5	0
6	0
7	1
8	0
9	1
10	0
11	1
12	0
13	0
14	0
15	0
16	0
17	0
18	0
19	0
20	0
21	0
22	0
23	0
24	0
25	0
26	0
27	1
28	0
29	0
30	0
31	0
32	0
33	0
34	0
35	0
36	0
37	0
38	0
39	0
40	0
41	0
42	0
43	0
44	0
45	0
46	0
47	0
48	0
49	0
50	0
51	0
52	0
53	0
54	0
55	1
56	0
57	0
58	0
59	0
60	0
61	0
62	0
63	1
64	-1
65	0
66	-1
67	0
68	-1
69	0
70	0
71	0
72	0
73	0
74	0
75	0
76	0
77	0
78	0
79	0
80	-1
81	0
82	-1
83	1
84	0
85	0
86	-1
87	0
88	0
89	1
90	0
91	0
92	-1
93	1
94	0
95	1
96	0
97	1
98	0
99	1
100	0
101	0
102	0
103	1
104	0
105	1
106	0
107	0
108	0
109	0
110	0
111	0
112	0
113	0
114	0
115	1
116	0
117	1
118	0
119	1
120	0
121	0
122	0
123	0
124	0
125	0
126	0
127	0
128	0
129	1
130	0
131	1
132	0
133	2
134	0
135	2
136	0
137	2
138	0
139	1
140	0
141	1
142	1
143	3
144	0
145	2
146	2
147	2
148	1
149	1
150	1
151	1
152	1
153	2
154	0
155	2
156	0
157	2
158	1
159	1
160	1
161	1
162	1
163	1
164	0
165	0
166	0
167	0
168	0
169	0
170	-1
171	0
172	-1
173	0
174	0
175	0
176	-1
177	0
178	-1
179	-1
180	0
181	0
182	0
183	0
184	0
185	0
186	-1
187	0
188	0
189	1
190	0
191	0
192	0
193	1
194	0
195	2
196	0
197	1
198	0
199	1
200	0
201	1
202	0
203	0
204	0
205	0
206	0
207	0
208	0
209	0
210	0
211	0
212	-1
213	-1
214	-1
215	-1
216	-1
217	0
218	-2
219	-1
220	-2
221	0
222	-1
223	0
224	-1
225	0
226	0
227	0
228	0
229	0
230	0
231	0
232	0
233	1
234	0
235	2
236	0
237	2
238	0
239	1
240	0
241	2
242	0
243	1
244	0
245	2
246	0
247	1
248	0
249	0
250	0
251	1
252	0
253	0
254	0
255	1
256	0
257	0
258	0
259	0
260	0
261	1
262	0
263	1
264	0
265	0
266	0
267	0
268	0
269	1
270	0
271	2
272	0
273	0
274	0
275	0
276	0
277	2
278	0
279	1
280	0
281	2
282	1
283	2
284	0
285	2
286	0
287	3
288	0
289	2
290	0
291	1
292	1
293	1
294	1
295	1
296	0
297	1
298	0
299	1
300	0
301	1
302	0
303	1
304	-1
305	0
306	0
307	0
308	0
309	0
310	-1
311	1
312	-1
313	0
314	-1
315	0
316	0
317	1
318	0
319	1
320	0
321	1
322	0
323	2
324	0
325	3
326	0
327	2
328	0
329	2
330	0
331	3
332	0
333	1
334	0
335	0
336	0
337	1
338	-1
339	1
340	-1
341	1
342	-1
343	0
344	-1
345	0
346	-1
347	0
348	-1
349	0
350	-1
351	0
352	-1
353	0
354	0
355	0
356	0
357	0
358	0
359	0
360	0
361	0
362	-1
363	0
364	0
365	0
366	-1
367	0
368	0
369	0
370	0
371	0
372	0
373	0
374	0
375	0
376	0
377	1
378	0
379	1
380	1
381	2
382	0
383	2
384	1
385	2
386	1
387	3
388	1
389	3
390	0
391	2
392	0
393	2
394	0
395	3
396	1
397	3
398	2
399	2
400	1
401	2
402	0
403	2
404	1
405	1
406	1
407	2
408	1
409	3
410	1
411	3
412	0
413	3
414	1
415	4
416	2
417	3
418	1
419	3
420	2
421	3
422	2
423	4
424	2
425	4
426	3
427	3
428	2
429	4
430	2
431	6
432	4
433	7
434	5
435	9
436	10
437	12
438	13
439	17
440	19
441	24
442	27
443	31
444	31
445	39
446	41
447	47
448	50
449	57
450	58
451	65
452	67
453	74
454	75
455	81
456	84
457	90
458	94
459	99
460	101
461	107
462	108
463	113
464	115
465	119
466	119
467	123
468	122
469	128
470	126
471	130
472	130
473	130
474	130
475	130
476	129
477	131
478	127
479	128
480	124
481	124
482	119
483	119
484	114
485	114
486	110
487	111
488	105
489	104
490	99
491	97
492	91
493	90
494	87
495	84
496	78
497	78
498	77
499	78
500	62
501	65
502	62
503	62
504	55
505	54
506	50
507	49
508	44
509	44
510	38
511	39
512	33
513	33
514	30
515	29
516	24
517	24
518	21
519	20
520	17
521	17
522	13
523	13
524	10
525	8
526	5
527	4
528	2
529	2
530	0
531	0
532	-2
533	-3
534	-5
535	-4
536	-9
537	-6
538	-10
539	-10
540	-12
541	-12
542	-14
543	-14
544	-16
545	-15
546	-18
547	-17
548	-18
549	-18
550	-20
551	-19
552	-22
553	-20
554	-23
555	-21
556	-23
557	-22
558	-23
559	-22
560	-24
561	-22
562	-24
563	-22
564	-25
565	-24
566	-24
567	-24
568	-26
569	-22
570	-26
571	-23
572	-26
573	-23
574	-25
575	-23
576	-23
577	-23
578	-24
579	-21
580	-22
581	-20
582	-22
583	-20
584	-21
585	-19
586	-21
587	-19
588	-21
589	-18
590	-21
591	-17
592	-18
593	-17
594	-18
595	-16
596	-18
597	-16
598	-18
599	-16
600	-17
601	-16
602	-17
603	-15
604	-17
605	-15
606	-16
607	-16
608	-16
609	-15
610	-16
611	-14
612	-16
613	-12
614	-13
615	-14
616	-15
617	-13
618	-14
619	-12
620	-13
621	-10
622	-13
623	-8
624	-12
625	-9
626	-11
627	-7
628	-11
629	-8
630	-9
631	-8
632	-9
633	-6
634	-8
635	-6
636	-7
637	-6
638	-8
639	-8
640	-7
641	-4
642	-7
643	-4
644	-6
645	-5
646	-5
647	-4
648	-5
649	-4
650	-5
651	-4
652	-6
653	-4
654	-6
655	-3
656	-5
657	-3
658	-4
659	-3
660	-4
661	-3
662	-4
663	-2
664	-4
665	-2
666	-4
667	-2
668	-4
669	-2
670	-4
671	-2
672	-3
673	-3
674	-3
675	-1
676	-2
677	-1
678	-3
679	0
680	-4
681	-1
682	-4
683	-1
684	-3
685	-1
686	-3
687	-1
688	-2
689	0
690	-1
691	0
692	0
693	0
694	-1
695	0
696	-1
697	0
698	-1
699	0
700	-1
701	0
702	-1
703	0
704	0
705	0
706	0
707	0
708	0
709	0
710	-1
711	0
712	-1
713	0
714	-2
715	0
716	-1
717	0
718	-1
719	0
720	-2
721	0
722	-2
723	-1
724	-3
725	-1
726	-2
727	-1
728	-4
729	-1
730	-3
731	-1
732	-3
733	-1
734	-4
735	0
736	-3
737	0
738	-4
739	-1
740	-3
741	-1
742	-3
743	-1
744	-3
745	-1
746	-2
747	-2
748	-4
749	-2
750	-2
751	-1
752	-2
753	-1
754	-2
755	-1
756	-1
757	0
758	-1
759	-1
760	-1
761	0
762	-2
763	-2
764	-1
765	0
766	-1
767	0
768	-1
769	0
770	-1
771	0
772	0
773	0
774	-2
775	0
776	-2
777	-1
778	0
779	-1
780	-1
781	0
782	-2
783	0
784	-3
785	0
786	-1
787	0
788	-1
789	0
790	0
791	0
792	-2
793	0
794	-2
795	-1
796	-1
797	-1
798	-1
799	-1
800	-1
801	-1
802	-1
803	-2
804	-2
805	-1
806	-3
807	-1
808	-3
809	0
810	-2
811	-2
812	-3
813	-1
814	-3
815	-2
816	-2
817	-1
818	-3
819	-1
820	-3
821	-2
822	-2
823	-2
824	-3
825	-2
826	-3
827	-2
828	-3
829	-2
830	-5
831	-2
832	-4
833	-2
834	-4
835	-2
836	-5
837	-2
838	-4
839	-2
840	-4
841	-2
842	-3
843	-1
844	-2
845	-2
846	-3
847	-2
848	-1
849	-1
850	-3
851	-1
852	-2
853	-2
854	-3
855	-1
856	-1
857	0
858	-2
859	-1
860	-1
861	0
862	-1
863	-1
864	-1
865	0
866	-1
867	0
868	-1
869	0
870	-1
871	0
872	0
873	0
874	-1
875	0
876	-1
877	0
878	0
879	-1
880	-2
881	0
882	-2
883	-1
884	-2
885	0
886	-3
887	0
888	-3
889	-3
890	-4
891	-2
892	-4
893	-2
894	-4
895	-3
896	-4
897	-2
898	-4
899	-2
900	-3
901	-4
902	-4
903	-1
904	-5
905	-2
906	-4
907	-3
908	-4
909	-3
910	-5
911	-2
912	-4
913	-2
914	-3
915	-2
916	-4
917	-2
918	-3
919	-1
920	-2
921	-1
922	-3
923	-1
924	-2
925	0
926	-1
927	0
928	-1
929	0
930	-2
931	0
932	-1
933	0
934	-1
935	0
936	-1
937	0
938	-1
939	-1
940	-1
941	0
942	-1
943	0
944	-2
945	-1
946	0
947	-1
948	-2
949	-1
950	-2
951	-1
952	-4
953	-2
954	-4
955	-1
956	-4
957	-3
958	-3
959	-4
960	-4
961	-3
962	-3
963	-2
964	-3
965	-2
966	-2
967	-1
968	-3
969	-1
970	-4
971	-1
972	-2
973	0
974	-3
975	-2
976	-2
977	0
978	-3
979	0
980	-3
981	0
982	-2
983	-1
984	-2
985	0
986	-1
987	-1
988	-3
989	-1
990	-2
991	-1
992	-3
993	-1
994	-2
995	-2
996	-3
997	-3
998	-3
999	-2
1000	-3
1001	-2
1002	-2
1003	-2
1004	-3
1005	-2
1006	-3
1007	-2
1008	-4
1009	-1
1010	-3
1011	-2
1012	-4
1013	-2
1014	-3
1015	-1
1016	-4
1017	-1
1018	-1
1019	-1
1020	-4
1021	-1
1022	-4
1023	-2
1024	-4
1025	-2
1026	-4
1027	-2
1028	-2
1029	-2
1030	-4
1031	-2
1032	-2
1033	0
1034	-2
1035	0
1036	-1
1037	-1
1038	-1
1039	0
1040	-1
1041	0
1042	-1
1043	0
1044	0
1045	0
1046	0
1047	0
1048	0
1049	0
1050	0
1051	0
1052	0
1053	0
1054	-1
1055	0
1056	0
1057	0
1058	-1
1059	0
1060	-1
1061	0
1062	0
1063	0
1064	-3
1065	0
1066	-3
1067	0
1068	-3
1069	-1
1070	-2
1071	0
1072	-2
1073	0
1074	-2
1075	-1
1076	-3
1077	-1
1078	-2
1079	-2
1080	-3
1081	-1
1082	-3
1083	-2
1084	-3
1085	-2
1086	-3
1087	-2
1088	-4
1089	-3
1090	-4
1091	-2
1092	-3
1093	-3
1094	-5
1095	-3
1096	-4
1097	-4
1098	-5
1099	-4
1100	-4
1101	-3
1102	-4
1103	-3
1104	-3
1105	-2
1106	-3
1107	-2
1108	-3
1109	-1
1110	-2
1111	0
1112	-2
1113	0
1114	-1
1115	0
1116	0
1117	0
1118	0
1119	1
1120	0
1121	1
1122	1
1123	2
1124	0
1125	1
1126	0
1127	4
1128	2
1129	3
1130	1
1131	4
1132	4
1133	4
1134	4
1135	6
1136	4
1137	6
1138	3
1139	7
1140	5
1141	7
1142	6
1143	6
1144	7
1145	8
1146	7
1147	9
1148	6
1149	8
1150	7
1151	8
1152	5
1153	8
1154	5
1155	8
1156	5
1157	8
1158	5
1159	6
1160	6
1161	7
1162	4
1163	7
1164	4
1165	6
1166	4
1167	5
1168	5
1169	6
1170	5
1171	6
1172	4
1173	5
1174	4
1175	5
1176	4
1177	5
1178	5
1179	6
1180	4
1181	5
1182	4
1183	4
1184	3
1185	4
1186	3
1187	3
1188	1
1189	2
1190	0
1191	3
1192	1
1193	1
1194	0
1195	0
1196	-1
1197	0
1198	0
1199	0
1200	-1
1201	-1
1202	-1
1203	-1
1204	-1
1205	-1
1206	-3
1207	-1
1208	-3
1209	-2
1210	-3
1211	-1
1212	-4
1213	-1
1214	-4
1215	-2
1216	-5
1217	-3
1218	-4
1219	-4
1220	-4
1221	-3
1222	-4
1223	-2
1224	-5
1225	-3
1226	-4
1227	-3
1228	-3
1229	-3
1230	-4
1231	-3
1232	-4
1233	-2
1234	-4
1235	-2
1236	-4
1237	-2
1238	-3
1239	-3
1240	-3
1241	-2
1242	-3
1243	-3
1244	-3
1245	-2
1246	-3
1247	-3
1248	-4
1249	-3
1250	-3
1251	-3
1252	-4
1253	-3
1254	-5
1255	-3
1256	-4
1257	-3
1258	-5
1259	-2
1260	-4
1261	-2
1262	-3
1263	-3
1264	-2
1265	-2
1266	-3
1267	-1
1268	-2
1269	-1
1270	-3
1271	-2
1272	-2
1273	-2
1274	-4
1275	-1
1276	-3
1277	-1
1278	-4
1279	-2
1280	-4
1281	-1
1282	-4
1283	-3
1284	-3
1285	-2
1286	-3
1287	-1
1288	-2
1289	-1
1290	-3
1291	-3
1292	-3
1293	-2
1294	-2
1295	-2
1296	-2
1297	0
1298	-2
1299	-2
1300	-3
1301	-2
1302	-4
1303	-3
1304	-4
1305	-3
1306	-4
1307	-2
1308	-3
1309	-3
1310	-4
1311	-3
1312	-4
1313	-2
1314	-1
1315	-1
1316	-2
1317	-2
1318	-3
1319	-2
1320	-3
1321	-3
1322	-1
1323	-1
1324	-2
1325	-2
1326	-2
1327	-1
1328	-1
1329	0
1330	-1
1331	-1
1332	-1
1333	-3
1334	-2
1335	-1
1336	-2
1337	-1
1338	-1
1339	-1
1340	-1
1341	-1
1342	-1
1343	-1
1344	-1
1345	-1
1346	-2
1347	-1
1348	-2
1349	-1
1350	-2
1351	-1
1352	-1
1353	0
1354	-2
1355	0
1356	-1
1357	0
1358	-1
1359	0
1360	-1
1361	0
1362	-1
1363	0
1364	-2
1365	0
1366	-1
1367	0
1368	0
1369	0
1370	0
1371	0
1372	0
1373	0
1374	-1
1375	0
1376	-2
1377	0
1378	-1
1379	-1
1380	-1
1381	-1
1382	-2
1383	-1
1384	-2
1385	-2
1386	-3
1387	0
1388	-3
1389	-1
1390	-2
1391	-1
1392	-3
1393	-1
1394	-2
1395	-1
1396	0
1397	-1
1398	-1
1399	-1
1400	-1
1401	-1
1402	-1
1403	-1
1404	-1
1405	0
1406	0
1407	0
1408	-1
1409	0
1410	0
1411	0
1412	0
1413	0
1414	-1
1415	0
1416	-1
1417	0
1418	-2
1419	0
1420	-1
1421	-1
1422	-1
1423	0
1424	-2
1425	0
1426	-1
1427	-1
1428	-1
1429	-2
1430	-2
1431	-1
1432	-2
1433	-1
1434	-2
1435	-1
1436	-1
1437	-1
1438	-3
1439	-1
1440	-1
1441	-1
1442	-2
1443	-1
1444	-1
1445	0
1446	-2
1447	0
1448	-2
1449	-1
1450	0
1451	0
1452	-1
1453	-1
1454	-1
1455	-1
1456	-1
1457	0
1458	0
1459	0
1460	-1
1461	0
1462	-1
1463	0
1464	0
1465	0
1466	-1
1467	0
1468	-1
1469	0
1470	-1
1471	0
1472	-1
1473	0
1474	-1
1475	0
1476	-2
1477	0
1478	-1
1479	0
1480	-1
1481	0
1482	-2
1483	0
1484	-1
1485	0
1486	0
1487	0
1488	0
1489	0
1490	0
1491	0
1492	0
1493	1
1494	0
1495	0
1496	0
1497	0
1498	0
1499	0
1500	1
1501	0
1502	0
1503	0
1504	0
1505	0
1506	0
1507	0
1508	-1
1509	1
1510	0
1511	0
1512	0
1513	0
1514	-1
1515	0
1516	0
1517	0
1518	-1
1519	0
1520	-1
1521	0
1522	0
1523	0
1524	0
1525	0
1526	0
1527	1
1528	0
1529	0
1530	0
1531	0
1532	0
1533	0
1534	0
1535	0
1536	0
1537	0
1538	0
1539	0
1540	0
1541	0
1542	0
1543	0
1544	-1
1545	0
1546	0
1547	0
1548	0
1549	0
1550	-1
1551	0
1552	-1
1553	0
1554	0
1555	0
1556	0
1557	0
1558	0
1559	0
1560	0
1561	0
1562	0
1563	0
1564	0
1565	0
1566	0
1567	0
1568	0
1569	0
1570	0
1571	0
1572	0
1573	0
1574	-1
1575	0
1576	0
1577	1
1578	0
1579	0
1580	0
1581	0
1582	0
1583	1
1584	0
1585	0
1586	-1
1587	0
1588	-2
1589	0
1590	-1
1591	0
1592	-2
1593	0
1594	-2
1595	0
1596	-2
1597	-1
1598	-1
1599	-2
1600	-1
1601	0
1602	-1
1603	0
1604	-1
1605	-1
1606	-2
1607	-1
1608	-3
1609	-1
1610	-2
1611	-2
1612	-3
1613	-1
1614	-2
1615	-1
1616	-3
1617	0
1618	-3
1619	0
1620	-3
1621	0
1622	-2
1623	-1
1624	-2
1625	-1
1626	-1
1627	0
1628	-1
1629	0
1630	-1
1631	0
1632	-1
1633	0
1634	0
1635	0
1636	0
1637	0
1638	0
1639	1
1640	1
1641	1
1642	1
1643	0
1644	1
1645	2
1646	1
1647	2
1648	2
1649	2
1650	2
1651	3
1652	3
1653	4
1654	3
1655	3
1656	2
1657	4
1658	3
1659	4
1660	2
1661	3
1662	3
1663	4
1664	2
1665	3
1666	2
1667	2
1668	3
1669	3
1670	2
1671	3
1672	2
1673	3
1674	1
1675	2
1676	1
1677	2
1678	1
1679	2
1680	1
1681	1
1682	0
1683	2
1684	0
1685	2
1686	0
1687	2
1688	0
1689	2
1690	0
1691	1
1692	0
1693	2
1694	1
1695	2
1696	0
1697	0
1698	1
1699	0
1700	0
1701	0
1702	0
1703	0
1704	0
1705	0
1706	0
1707	0
1708	-1
1709	0
1710	-1
1711	0
1712	0
1713	-2
1714	-2
1715	-1
1716	-3
1717	0
1718	-3
1719	-1
1720	-1
1721	0
1722	-2
1723	-1
1724	-4
1725	-1
1726	-2
1727	0
1728	-2
1729	0
1730	-2
1731	0
1732	-3
1733	-1
1734	-2
1735	0
1736	-2
1737	-1
1738	-2
1739	0
1740	-2
1741	-1
1742	-2
1743	-2
1744	-3
1745	-1
1746	-2
1747	0
1748	-3
1749	-1
1750	-3
1751	-2
1752	-2
1753	-1
1754	-2
1755	0
1756	-3
1757	-1
1758	-1
1759	0
1760	-1
1761	0
1762	-2
1763	0
1764	-3
1765	-2
1766	-2
1767	0
1768	-2
1769	-1
1770	-2
1771	-1
1772	-2
1773	-2
1774	-2
1775	-2
1776	-1
1777	0
1778	-2
1779	-2
1780	-4
1781	-1
1782	-2
1783	-1
1784	-3
1785	-1
1786	-3
1787	-1
1788	-2
1789	-1
1790	-2
1791	-1
1792	-2
1793	-2
1794	-1
1795	0
1796	-2
1797	0
1798	-2
1799	0
1800	-1
1801	0
1802	0
1803	0
1804	-1
1805	0
1806	-1
1807	0
1808	-1
1809	0
1810	0
1811	0
1812	0
1813	0
1814	-1
1815	0
1816	0
1817	0
1818	-1
1819	0
1820	-1
1821	0
1822	-1
1823	0
1824	-1
1825	0
1826	-2
1827	0
1828	-1
1829	-1
1830	-1
1831	0
1832	-1
1833	0
1834	-1
1835	-1
1836	-1
1837	0
1838	0
1839	0
1840	0
1841	0
1842	0
1843	0
1844	0
1845	0
1846	0
1847	0
1848	0
1849	0
1850	0
1851	0
1852	0
1853	0
1854	-1
1855	0
1856	-2
1857	0
1858	-1
1859	0
1860	-1
1861	0
1862	0
1863	-1
1864	-2
1865	-1
1866	-2
1867	-1
1868	-2
1869	-1
1870	-2
1871	0
1872	-3
1873	-1
1874	-3
1875	0
1876	-2
1877	-1
1878	-2
1879	-2
1880	-3
1881	-1
1882	-3
1883	0
1884	-1
1885	0
1886	-1
1887	-1
1888	-1
1889	0
1890	-1
1891	-1
1892	-2
1893	0
1894	-2
1895	0
1896	-2
1897	-1
1898	-2
1899	-1
1900	-3
1901	0
1902	-2
1903	0
1904	-1
1905	0
1906	-1
1907	0
1908	0
1909	0
1910	-1
1911	0
1912	-1
1913	0
1914	-1
1915	0
1916	-1
1917	0
1918	-1
1919	0
1920	0
1921	0
1922	-1
1923	0
1924	0
1925	0
1926	0
1927	0
1928	0
1929	0
1930	-1
1931	0
1932	-1
1933	0
1934	-1
1935	0
1936	-1
1937	0
1938	0
1939	0
1940	-1
1941	-1
1942	-1
1943	0
1944	-1
1945	0
1946	-1
1947	0
1948	0
1949	0
1950	0
1951	0
1952	-1
1953	0
1954	-1
1955	0
1956	0
1957	0
1958	0
1959	0
1960	0
1961	0
1962	0
1963	0
1964	0
1965	0
1966	0
1967	0
1968	0
1969	0
1970	0
1971	0
1972	-1
1973	0
1974	-1
1975	0
1976	0
1977	0
1978	0
1979	0
1980	-1
1981	0
1982	0
1983	0
1984	0
1985	0
1986	-1
1987	0
1988	-1
1989	0
1990	-2
1991	0
1992	-1
1993	0
1994	-1
1995	0
1996	-1
1997	-1
1998	-2
1999	-1
