0	0
1	0
2	-1
3	0
4	0
5	0
6	0
7	0
8	0
9	-1
10	-1
11	0
12	0
13	0
14	0
15	0
16	0
17	0
18	0
19	0
20	-1
21	0
22	0
23	0
24	0
25	0
26	0
27	0
28	0
29	0
30	0
31	0
32	0
33	0
34	0
35	0
36	0
37	1
38	0
39	0
40	0
41	0
42	0
43	0
44	0
45	0
46	0
47	0
48	0
49	0
50	0
51	0
52	0
53	0
54	0
55	0
56	0
57	0
58	0
59	0
60	0
61	0
62	0
63	0
64	0
65	0
66	0
67	0
68	0
69	0
70	0
71	0
72	0
73	0
74	0
75	0
76	0
77	1
78	0
79	1
80	1
81	1
82	0
83	2
84	0
85	0
86	1
87	0
88	0
89	1
90	0
91	1
92	0
93	2
94	0
95	0
96	0
97	0
98	0
99	0
100	0
101	0
102	0
103	0
104	0
105	0
106	0
107	0
108	0
109	0
110	0
111	0
112	0
113	0
114	-1
115	0
116	0
117	0
118	0
119	0
120	0
121	0
122	0
123	0
124	-1
125	0
126	0
127	0
128	0
129	0
130	0
131	0
132	0
133	0
134	0
135	1
136	0
137	1
138	0
139	1
140	0
141	1
142	0
143	1
144	0
145	1
146	0
147	1
148	0
149	2
150	1
151	1
152	0
153	1
154	0
155	0
156	0
157	0
158	0
159	0
160	0
161	0
162	0
163	0
164	0
165	0
166	0
167	0
168	-1
169	-1
170	-1
171	0
172	-1
173	0
174	0
175	0
176	-1
177	0
178	0
179	0
180	0
181	0
182	0
183	0
184	0
185	0
186	0
187	0
188	0
189	0
190	0
191	0
192	0
193	1
194	0
195	1
196	1
197	1
198	0
199	2
200	0
201	1
202	0
203	0
204	1
205	1
206	0
207	0
208	0
209	0
210	0
211	0
212	0
213	0
214	0
215	0
216	0
217	0
218	0
219	0
220	0
221	0
222	0
223	1
224	0
225	0
226	0
227	0
228	0
229	0
230	0
231	0
232	0
233	0
234	0
235	0
236	0
237	0
238	0
239	0
240	0
241	0
242	0
243	0
244	0
245	1
246	0
247	0
248	0
249	0
250	0
251	1
252	0
253	1
254	0
255	1
256	0
257	1
258	0
259	0
260	0
261	0
262	0
263	0
264	0
265	0
266	0
267	0
268	0
269	1
270	0
271	0
272	0
273	0
274	0
275	0
276	0
277	0
278	0
279	0
280	0
281	0
282	0
283	1
284	0
285	0
286	0
287	0
288	0
289	0
290	0
291	0
292	0
293	0
294	0
295	0
296	0
297	0
298	0
299	0
300	0
301	0
302	0
303	0
304	0
305	0
306	0
307	0
308	-1
309	0
310	0
311	0
312	0
313	1
314	0
315	0
316	0
317	1
318	0
319	1
320	0
321	0
322	0
323	1
324	0
325	1
326	0
327	1
328	0
329	0
330	0
331	0
332	0
333	0
334	0
335	0
336	0
337	0
338	0
339	0
340	0
341	0
342	0
343	1
344	0
345	1
346	1
347	1
348	0
349	0
350	1
351	2
352	0
353	1
354	0
355	0
356	0
357	0
358	0
359	0
360	0
361	0
362	0
363	0
364	0
365	1
366	1
367	0
368	0
369	0
370	0
371	0
372	0
373	0
374	0
375	1
376	0
377	1
378	0
379	0
380	1
381	2
382	1
383	1
384	1
385	1
386	0
387	1
388	1
389	1
390	0
391	2
392	1
393	2
394	0
395	0
396	0
397	1
398	0
399	2
400	0
401	0
402	0
403	0
404	0
405	0
406	0
407	0
408	0
409	0
410	0
411	0
412	0
413	0
414	0
415	0
416	0
417	0
418	0
419	0
420	0
421	0
422	0
423	1
424	0
425	1
426	0
427	0
428	1
429	1
430	1
431	2
432	2
433	4
434	5
435	8
436	9
437	12
438	15
439	17
440	18
441	23
442	25
443	30
444	33
445	37
446	39
447	44
448	48
449	52
450	55
451	61
452	64
453	67
454	71
455	75
456	79
457	80
458	85
459	89
460	90
461	93
462	96
463	101
464	101
465	105
466	104
467	108
468	110
469	111
470	111
471	113
472	112
473	114
474	113
475	114
476	113
477	113
478	112
479	110
480	108
481	108
482	105
483	107
484	105
485	102
486	100
487	99
488	96
489	95
490	92
491	90
492	88
493	86
494	83
495	81
496	77
497	77
498	76
499	78
500	62
501	67
502	63
503	63
504	59
505	57
506	54
507	55
508	49
509	48
510	43
511	44
512	40
513	39
514	36
515	35
516	32
517	31
518	28
519	28
520	24
521	25
522	19
523	19
524	16
525	15
526	13
527	13
528	10
529	10
530	6
531	6
532	4
533	3
534	0
535	1
536	0
537	0
538	-1
539	-2
540	-2
541	-3
542	-3
543	-4
544	-4
545	-4
546	-4
547	-5
548	-7
549	-6
550	-8
551	-7
552	-8
553	-9
554	-11
555	-10
556	-11
557	-11
558	-12
559	-13
560	-14
561	-13
562	-14
563	-13
564	-15
565	-14
566	-16
567	-14
568	-17
569	-17
570	-17
571	-17
572	-18
573	-17
574	-18
575	-18
576	-19
577	-19
578	-18
579	-19
580	-19
581	-17
582	-17
583	-15
584	-17
585	-16
586	-19
587	-17
588	-17
589	-15
590	-16
591	-15
592	-16
593	-13
594	-16
595	-13
596	-15
597	-14
598	-14
599	-14
600	-15
601	-14
602	-15
603	-14
604	-16
605	-14
606	-14
607	-13
608	-15
609	-13
610	-14
611	-13
612	-15
613	-13
614	-15
615	-13
616	-15
617	-13
618	-15
619	-14
620	-15
621	-15
622	-15
623	-14
624	-15
625	-14
626	-15
627	-14
628	-14
629	-13
630	-14
631	-13
632	-15
633	-12
634	-14
635	-12
636	-14
637	-11
638	-13
639	-12
640	-12
641	-11
642	-12
643	-12
644	-12
645	-12
646	-10
647	-11
648	-11
649	-10
650	-11
651	-9
652	-11
653	-9
654	-11
655	-10
656	-11
657	-8
658	-10
659	-7
660	-10
661	-7
662	-10
663	-8
664	-9
665	-8
666	-9
667	-8
668	-8
669	-7
670	-7
671	-6
672	-6
673	-5
674	-6
675	-4
676	-7
677	-4
678	-5
679	-4
680	-5
681	-4
682	-6
683	-3
684	-6
685	-4
686	-6
687	-4
688	-4
689	-4
690	-5
691	-2
692	-5
693	-4
694	-4
695	-4
696	-4
697	-2
698	-5
699	-3
700	-3
701	-4
702	-5
703	-4
704	-5
705	-3
706	-4
707	-2
708	-4
709	-3
710	-4
711	-3
712	-4
713	-2
714	-3
715	-2
716	-4
717	-4
718	-5
719	-2
720	-3
721	-2
722	-3
723	-2
724	-3
725	-1
726	-3
727	-1
728	-2
729	-2
730	-2
731	-2
732	-2
733	-2
734	-2
735	-2
736	-2
737	0
738	-2
739	0
740	-2
741	0
742	-1
743	0
744	-1
745	-1
746	-1
747	0
748	-1
749	-2
750	-3
751	0
752	-2
753	0
754	-2
755	0
756	-2
757	-1
758	-3
759	-1
760	-3
761	-1
762	-2
763	0
764	-1
765	0
766	-1
767	-1
768	-2
769	-1
770	-2
771	-2
772	-3
773	-2
774	-3
775	-3
776	-2
777	-2
778	-3
779	-2
780	-3
781	-2
782	-4
783	-3
784	-4
785	-3
786	-4
787	-3
788	-5
789	-3
790	-4
791	-3
792	-4
793	-3
794	-5
795	-3
796	-4
797	-3
798	-4
799	-3
800	-4
801	-1
802	-4
803	-3
804	-4
805	-1
806	-2
807	-1
808	-2
809	-1
810	-3
811	-1
812	-3
813	-1
814	-3
815	0
816	-2
817	-1
818	-1
819	0
820	-2
821	0
822	-2
823	-1
824	-2
825	-1
826	-3
827	-1
828	-2
829	0
830	-1
831	-1
832	0
833	0
834	-2
835	0
836	-1
837	0
838	-1
839	0
840	0
841	0
842	0
843	0
844	-1
845	1
846	0
847	0
848	0
849	0
850	-1
851	0
852	0
853	0
854	-1
855	0
856	-2
857	-1
858	-1
859	0
860	-1
861	-2
862	-1
863	-1
864	-1
865	-2
866	-2
867	0
868	-2
869	-2
870	-3
871	-1
872	-3
873	-1
874	-3
875	-1
876	-2
877	-2
878	-2
879	-1
880	-2
881	-1
882	-2
883	0
884	-4
885	-1
886	-2
887	-2
888	-2
889	-1
890	-2
891	-1
892	-1
893	-1
894	-2
895	0
896	-1
897	-1
898	-4
899	-1
900	-2
901	-1
902	-2
903	-1
904	-2
905	-2
906	-2
907	-1
908	-2
909	-1
910	-1
911	-1
912	-2
913	0
914	-1
915	-1
916	-2
917	-1
918	-1
919	0
920	-2
921	0
922	-1
923	0
924	-2
925	0
926	-1
927	0
928	0
929	0
930	-2
931	0
932	-1
933	0
934	-1
935	-1
936	-1
937	-1
938	-1
939	-1
940	-2
941	-1
942	-2
943	0
944	-2
945	0
946	-1
947	-1
948	-2
949	-1
950	-2
951	-1
952	-1
953	-1
954	-2
955	-1
956	-1
957	-2
958	-2
959	-1
960	-2
961	-1
962	-2
963	-2
964	-1
965	-1
966	-2
967	-1
968	-1
969	0
970	-2
971	-1
972	-1
973	0
974	-2
975	-1
976	-3
977	0
978	0
979	0
980	-2
981	0
982	-2
983	0
984	-1
985	0
986	-1
987	0
988	-3
989	-1
990	-1
991	0
992	-1
993	0
994	-2
995	-1
996	-1
997	0
998	-1
999	-1
1000	-2
1001	-1
1002	-1
1003	0
1004	-2
1005	-1
1006	-3
1007	0
1008	-2
1009	-1
1010	-2
1011	-1
1012	-1
1013	-1
1014	-2
1015	0
1016	-2
1017	-1
1018	-1
1019	0
1020	-2
1021	0
1022	-2
1023	0
1024	-1
1025	-1
1026	-1
1027	0
1028	-1
1029	0
1030	-1
1031	0
1032	0
1033	0
1034	-1
1035	0
1036	0
1037	0
1038	0
1039	0
1040	-1
1041	0
1042	-1
1043	0
1044	0
1045	0
1046	-1
1047	0
1048	0
1049	0
1050	0
1051	0
1052	0
1053	0
1054	-1
1055	0
1056	-2
1057	-1
1058	-1
1059	-1
1060	-2
1061	0
1062	-2
1063	-2
1064	-1
1065	-1
1066	-1
1067	0
1068	-2
1069	0
1070	-3
1071	0
1072	-2
1073	0
1074	-2
1075	-1
1076	-1
1077	-1
1078	-2
1079	0
1080	-3
1081	-1
1082	-1
1083	-1
1084	0
1085	-1
1086	0
1087	-1
1088	-1
1089	-1
1090	0
1091	0
1092	-1
1093	0
1094	-1
1095	0
1096	-2
1097	0
1098	-2
1099	0
1100	-1
1101	0
1102	-2
1103	0
1104	-1
1105	-1
1106	-1
1107	-1
1108	-1
1109	0
1110	-1
1111	-1
1112	-2
1113	0
1114	-2
1115	0
1116	-1
1117	0
1118	-3
1119	-1
1120	-2
1121	-1
1122	-2
1123	-1
1124	-1
1125	-2
1126	-2
1127	0
1128	-1
1129	0
1130	-1
1131	0
1132	-1
1133	0
1134	-1
1135	0
1136	0
1137	0
1138	0
1139	1
1140	0
1141	1
1142	0
1143	0
1144	0
1145	0
1146	0
1147	0
1148	0
1149	1
1150	0
1151	0
1152	-1
1153	0
1154	0
1155	0
1156	-1
1157	0
1158	0
1159	0
1160	-1
1161	0
1162	-2
1163	0
1164	-1
1165	-1
1166	-2
1167	0
1168	-3
1169	-1
1170	-2
1171	-1
1172	-2
1173	-2
1174	0
1175	-1
1176	-2
1177	-1
1178	-1
1179	-1
1180	-1
1181	-1
1182	0
1183	-2
1184	-1
1185	-1
1186	-1
1187	0
1188	-2
1189	0
1190	-1
1191	-2
1192	-2
1193	-1
1194	-3
1195	-1
1196	-1
1197	0
1198	0
1199	0
1200	-1
1201	0
1202	-2
1203	0
1204	-2
1205	0
1206	-2
1207	0
1208	-2
1209	0
1210	-1
1211	-1
1212	-2
1213	-1
1214	-1
1215	-1
1216	-1
1217	-1
1218	0
1219	0
1220	-1
1221	0
1222	0
1223	0
1224	-1
1225	0
1226	-1
1227	0
1228	0
1229	0
1230	1
1231	0
1232	0
1233	1
1234	0
1235	1
1236	1
1237	1
1238	1
1239	2
1240	2
1241	3
1242	2
1243	3
1244	2
1245	2
1246	2
1247	2
1248	1
1249	2
1250	1
1251	3
1252	3
1253	2
1254	2
1255	3
1256	1
1257	1
1258	1
1259	2
1260	0
1261	1
1262	0
1263	1
1264	0
1265	0
1266	0
1267	0
1268	0
1269	1
1270	0
1271	0
1272	1
1273	1
1274	0
1275	0
1276	0
1277	0
1278	0
1279	0
1280	-1
1281	0
1282	0
1283	0
1284	-1
1285	0
1286	-1
1287	0
1288	-1
1289	-2
1290	-1
1291	0
1292	-2
1293	-1
1294	-1
1295	-2
1296	-2
1297	-2
1298	-3
1299	-2
1300	-3
1301	-1
1302	-2
1303	-2
1304	-3
1305	-3
1306	-2
1307	-1
1308	-3
1309	-2
1310	-4
1311	-2
1312	-2
1313	-2
1314	-3
1315	-1
1316	-2
1317	-1
1318	-2
1319	-1
1320	-2
1321	-1
1322	-1
1323	-2
1324	-2
1325	0
1326	-2
1327	0
1328	-1
1329	0
1330	-1
1331	0
1332	-2
1333	0
1334	-2
1335	0
1336	-1
1337	0
1338	-1
1339	0
1340	0
1341	0
1342	-1
1343	0
1344	-2
1345	-1
1346	-1
1347	0
1348	-2
1349	0
1350	-3
1351	0
1352	0
1353	-1
1354	-1
1355	0
1356	-1
1357	0
1358	-1
1359	0
1360	-1
1361	0
1362	-2
1363	-1
1364	-2
1365	0
1366	-1
1367	0
1368	-1
1369	0
1370	-1
1371	0
1372	0
1373	0
1374	0
1375	0
1376	0
1377	0
1378	0
1379	0
1380	0
1381	0
1382	0
1383	0
1384	0
1385	0
1386	0
1387	0
1388	-1
1389	0
1390	-1
1391	0
1392	-1
1393	-1
1394	-1
1395	0
1396	-1
1397	-1
1398	-1
1399	0
1400	-1
1401	0
1402	0
1403	0
1404	-1
1405	0
1406	-1
1407	0
1408	-1
1409	0
1410	0
1411	0
1412	0
1413	0
1414	1
1415	1
1416	0
1417	0
1418	0
1419	0
1420	0
1421	1
1422	0
1423	1
1424	0
1425	0
1426	0
1427	0
1428	-1
1429	0
1430	-1
1431	0
1432	-1
1433	0
1434	-1
1435	0
1436	-1
1437	0
1438	-1
1439	0
1440	-2
1441	-1
1442	-2
1443	0
1444	-2
1445	-1
1446	-1
1447	-1
1448	0
1449	-1
1450	-1
1451	0
1452	0
1453	0
1454	-1
1455	0
1456	-1
1457	-1
1458	-1
1459	0
1460	0
1461	-1
1462	0
1463	-1
1464	0
1465	0
1466	0
1467	0
1468	0
1469	0
1470	0
1471	0
1472	0
1473	0
1474	-1
1475	0
1476	0
1477	0
1478	0
1479	0
1480	0
1481	-1
1482	-1
1483	-2
1484	0
1485	-1
1486	-1
1487	-1
1488	-2
1489	-1
1490	-2
1491	-1
1492	-2
1493	-1
1494	-2
1495	-1
1496	-2
1497	-2
1498	-2
1499	-2
1500	-1
1501	-1
1502	-2
1503	0
1504	-1
1505	-1
1506	-1
1507	0
1508	-1
1509	0
1510	-1
1511	0
1512	0
1513	0
1514	0
1515	0
1516	0
1517	0
1518	0
1519	0
1520	0
1521	0
1522	0
1523	0
1524	0
1525	0
1526	-1
1527	0
1528	-1
1529	0
1530	0
1531	0
1532	0
1533	0
1534	-1
1535	0
1536	-1
1537	0
1538	-1
1539	0
1540	-1
1541	-1
1542	-2
1543	-2
1544	-2
1545	-1
1546	-2
1547	-1
1548	-2
1549	-1
1550	-2
1551	0
1552	-2
1553	-1
1554	-2
1555	-1
1556	-2
1557	-1
1558	-1
1559	-1
1560	0
1561	0
1562	-2
1563	0
1564	0
1565	0
1566	-1
1567	0
1568	-1
1569	-1
1570	0
1571	0
1572	0
1573	0
1574	-1
1575	0
1576	0
1577	0
1578	0
1579	0
1580	0
1581	-1
1582	0
1583	0
1584	0
1585	0
1586	-2
1587	-1
1588	0
1589	-1
1590	-1
1591	-2
1592	-1
1593	-1
1594	-2
1595	-2
1596	-2
1597	-1
1598	-2
1599	-1
1600	-3
1601	-1
1602	-2
1603	-2
1604	-1
1605	-1
1606	-2
1607	-1
1608	-1
1609	-1
1610	-1
1611	0
1612	0
1613	0
1614	0
1615	0
1616	0
1617	0
1618	0
1619	0
1620	0
1621	0
1622	0
1623	1
1624	0
1625	0
1626	0
1627	0
1628	0
1629	0
1630	0
1631	0
1632	0
1633	0
1634	-1
1635	-1
1636	-1
1637	-1
1638	-1
1639	-1
1640	-1
1641	-1
1642	-1
1643	-2
1644	-1
1645	-1
1646	-2
1647	-2
1648	-1
1649	0
1650	-2
1651	-1
1652	-2
1653	0
1654	0
1655	0
1656	-1
1657	0
1658	0
1659	0
1660	0
1661	0
1662	0
1663	0
1664	-1
1665	0
1666	0
1667	0
1668	0
1669	0
1670	0
1671	-1
1672	-1
1673	-1
1674	-1
1675	0
1676	-1
1677	0
1678	0
1679	0
1680	0
1681	0
1682	0
1683	-1
1684	-2
1685	-1
1686	0
1687	-1
1688	-1
1689	0
1690	-1
1691	-1
1692	-2
1693	-1
1694	-1
1695	0
1696	0
1697	0
1698	0
1699	0
1700	0
1701	0
1702	0
1703	0
1704	0
1705	0
1706	0
1707	0
1708	-1
1709	0
1710	0
1711	0
1712	0
1713	0
1714	0
1715	0
1716	0
1717	0
1718	-1
1719	1
1720	0
1721	0
1722	0
1723	0
1724	-1
1725	0
1726	-1
1727	-1
1728	0
1729	-1
1730	-1
1731	0
1732	-2
1733	0
1734	-1
1735	0
1736	-1
1737	0
1738	-1
1739	0
1740	-1
1741	0
1742	-1
1743	0
1744	-1
1745	0
1746	0
1747	-1
1748	0
1749	0
1750	0
1751	0
1752	-2
1753	0
1754	-1
1755	0
1756	0
1757	0
1758	0
1759	0
1760	0
1761	-1
1762	0
1763	0
1764	0
1765	0
1766	-1
1767	0
1768	-1
1769	0
1770	0
1771	0
1772	0
1773	0
1774	-1
1775	0
1776	-1
1777	0
1778	0
1779	0
1780	0
1781	0
1782	0
1783	0
1784	0
1785	0
1786	-1
1787	0
1788	0
1789	0
1790	-1
1791	0
1792	-1
1793	0
1794	0
1795	0
1796	0
1797	0
1798	-1
1799	0
1800	0
1801	0
1802	0
1803	1
1804	0
1805	0
1806	0
1807	0
1808	0
1809	0
1810	0
1811	0
1812	-1
1813	0
1814	-1
1815	0
1816	0
1817	0
1818	-1
1819	0
1820	-1
1821	0
1822	-1
1823	0
1824	-1
1825	0
1826	-1
1827	0
1828	-1
1829	0
1830	-2
1831	-1
1832	-1
1833	-1
1834	-1
1835	0
1836	-1
1837	0
1838	0
1839	0
1840	0
1841	0
1842	0
1843	0
1844	0
1845	0
1846	0
1847	0
1848	0
1849	0
1850	0
1851	0
1852	0
1853	1
1854	0
1855	2
1856	1
1857	1
1858	1
1859	2
1860	1
1861	2
1862	2
1863	1
1864	1
1865	2
1866	2
1867	3
1868	2
1869	2
1870	1
1871	3
1872	1
1873	3
1874	2
1875	2
1876	2
1877	2
1878	2
1879	2
1880	3
1881	2
1882	2
1883	2
1884	1
1885	1
1886	1
1887	2
1888	0
1889	1
1890	1
1891	2
1892	0
1893	0
1894	1
1895	1
1896	0
1897	0
1898	0
1899	1
1900	0
1901	1
1902	0
1903	0
1904	0
1905	0
1906	0
1907	-1
1908	0
1909	0
1910	0
1911	0
1912	0
1913	0
1914	0
1915	0
1916	0
1917	0
1918	0
1919	0
1920	0
1921	0
1922	0
1923	0
1924	0
1925	0
1926	-1
1927	-1
1928	0
1929	-1
1930	-1
1931	0
1932	-1
1933	0
1934	-1
1935	0
1936	-1
1937	0
1938	-1
1939	-1
1940	-1
1941	-2
1942	-2
1943	0
1944	-1
1945	-1
1946	-1
1947	-1
1948	-1
1949	-1
1950	-2
1951	0
1952	-1
1953	0
1954	-1
1955	0
1956	-1
1957	0
1958	-1
1959	0
1960	0
1961	0
1962	0
1963	0
1964	0
1965	0
1966	0
1967	0
1968	0
1969	0
1970	0
1971	0
1972	0
1973	0
1974	0
1975	0
1976	0
1977	0
1978	0
1979	0
1980	0
1981	1
1982	0
1983	0
1984	-1
1985	0
1986	-1
1987	0
1988	-1
1989	0
1990	0
1991	0
1992	-1
1993	0
1994	0
1995	0
1996	-1
1997	0
1998	-1
1999	-1
