0	0
1	1
2	0
3	1
4	0
5	0
6	0
7	1
8	0
9	1
10	0
11	0
12	0
13	0
14	0
15	0
16	-1
17	0
18	0
19	0
20	-1
21	0
22	-1
23	0
24	-1
25	0
26	-2
27	0
28	-1
29	-1
30	-1
31	0
32	-1
33	0
34	-1
35	-1
36	-1
37	0
38	0
39	0
40	0
41	0
42	-1
43	0
44	0
45	0
46	0
47	0
48	-1
49	0
50	0
51	0
52	-1
53	0
54	0
55	1
56	0
57	1
58	0
59	0
60	0
61	0
62	0
63	0
64	0
65	1
66	0
67	1
68	0
69	0
70	0
71	0
72	-1
73	0
74	0
75	0
76	0
77	0
78	-1
79	0
80	-1
81	0
82	-1
83	0
84	0
85	0
86	0
87	0
88	0
89	0
90	0
91	1
92	0
93	1
94	0
95	1
96	0
97	1
98	0
99	1
100	0
101	1
102	0
103	1
104	0
105	3
106	0
107	2
108	0
109	1
110	1
111	0
112	1
113	1
114	0
115	0
116	0
117	1
118	0
119	0
120	0
121	1
122	0
123	1
124	0
125	0
126	0
127	0
128	0
129	0
130	0
131	0
132	-1
133	0
134	0
135	0
136	-1
137	1
138	0
139	1
140	-1
141	0
142	0
143	1
144	0
145	0
146	-1
147	0
148	0
149	0
150	0
151	0
152	0
153	1
154	0
155	1
156	0
157	1
158	0
159	1
160	0
161	1
162	0
163	1
164	0
165	1
166	0
167	1
168	0
169	0
170	-1
171	0
172	0
173	0
174	-1
175	0
176	-1
177	0
178	-1
179	0
180	0
181	0
182	0
183	0
184	-2
185	0
186	-2
187	-1
188	-2
189	0
190	-1
191	-1
192	-1
193	0
194	-1
195	0
196	0
197	0
198	0
199	0
200	0
201	0
202	0
203	0
204	0
205	1
206	0
207	1
208	0
209	1
210	0
211	1
212	0
213	1
214	0
215	1
216	0
217	1
218	0
219	0
220	0
221	0
222	0
223	0
224	0
225	0
226	-1
227	1
228	0
229	1
230	0
231	1
232	0
233	1
234	0
235	1
236	0
237	1
238	0
239	2
240	0
241	1
242	0
243	1
244	1
245	2
246	1
247	2
248	0
249	2
250	0
251	2
252	1
253	2
254	1
255	1
256	1
257	1
258	0
259	1
260	0
261	2
262	0
263	1
264	0
265	2
266	0
267	1
268	0
269	0
270	0
271	0
272	0
273	0
274	0
275	1
276	-1
277	0
278	0
279	0
280	0
281	0
282	-1
283	0
284	-1
285	0
286	-2
287	0
288	-2
289	0
290	-1
291	0
292	-1
293	0
294	-1
295	0
296	0
297	0
298	-1
299	0
300	-1
301	0
302	0
303	0
304	-1
305	0
306	-1
307	0
308	-2
309	0
310	0
311	0
312	0
313	0
314	-1
315	0
316	-1
317	0
318	-1
319	0
320	-1
321	0
322	-1
323	0
324	-1
325	1
326	-1
327	0
328	0
329	0
330	0
331	0
332	0
333	0
334	0
335	1
336	0
337	1
338	0
339	0
340	0
341	0
342	0
343	0
344	0
345	1
346	0
347	1
348	0
349	1
350	0
351	2
352	0
353	3
354	0
355	3
356	1
357	3
358	0
359	3
360	0
361	2
362	1
363	2
364	1
365	4
366	0
367	3
368	0
369	1
370	0
371	2
372	0
373	2
374	0
375	2
376	0
377	2
378	0
379	1
380	0
381	2
382	0
383	0
384	0
385	0
386	0
387	0
388	0
389	0
390	0
391	0
392	-1
393	0
394	0
395	0
396	-1
397	0
398	-1
399	-1
400	0
401	0
402	-1
403	0
404	-2
405	-1
406	-1
407	0
408	-1
409	0
410	-1
411	0
412	0
413	-1
414	-1
415	-1
416	-2
417	0
418	-1
419	0
420	-1
421	0
422	0
423	0
424	0
425	0
426	0
427	0
428	0
429	0
430	0
431	0
432	1
433	2
434	2
435	4
436	5
437	7
438	8
439	15
440	14
441	19
442	21
443	27
444	27
445	34
446	35
447	41
448	44
449	50
450	52
451	57
452	59
453	66
454	69
455	75
456	77
457	84
458	85
459	92
460	92
461	98
462	99
463	103
464	106
465	110
466	112
467	117
468	116
469	120
470	120
471	123
472	122
473	126
474	123
475	125
476	122
477	125
478	120
479	122
480	119
481	120
482	117
483	116
484	111
485	112
486	108
487	108
488	102
489	103
490	98
491	96
492	92
493	90
494	87
495	85
496	79
497	79
498	77
499	78
500	62
501	65
502	62
503	62
504	55
505	55
506	50
507	49
508	45
509	44
510	39
511	39
512	35
513	33
514	29
515	28
516	25
517	23
518	20
519	19
520	14
521	16
522	11
523	10
524	8
525	8
526	4
527	3
528	0
529	0
530	-2
531	-1
532	-5
533	-5
534	-6
535	-7
536	-11
537	-9
538	-12
539	-13
540	-14
541	-15
542	-16
543	-16
544	-18
545	-18
546	-19
547	-19
548	-21
549	-21
550	-21
551	-21
552	-22
553	-22
554	-23
555	-23
556	-23
557	-22
558	-25
559	-24
560	-25
561	-23
562	-25
563	-23
564	-26
565	-24
566	-25
567	-24
568	-25
569	-24
570	-25
571	-23
572	-25
573	-22
574	-24
575	-22
576	-23
577	-22
578	-23
579	-21
580	-22
581	-20
582	-21
583	-18
584	-20
585	-17
586	-18
587	-17
588	-19
589	-16
590	-17
591	-16
592	-17
593	-17
594	-16
595	-16
596	-16
597	-16
598	-16
599	-16
600	-16
601	-15
602	-16
603	-15
604	-16
605	-15
606	-15
607	-15
608	-15
609	-15
610	-15
611	-15
612	-15
613	-13
614	-14
615	-12
616	-14
617	-12
618	-13
619	-11
620	-13
621	-12
622	-13
623	-11
624	-12
625	-11
626	-10
627	-9
628	-11
629	-8
630	-11
631	-8
632	-11
633	-7
634	-11
635	-8
636	-11
637	-6
638	-9
639	-8
640	-8
641	-7
642	-8
643	-6
644	-6
645	-5
646	-6
647	-6
648	-7
649	-4
650	-6
651	-5
652	-8
653	-5
654	-7
655	-4
656	-4
657	-4
658	-5
659	-4
660	-5
661	-4
662	-4
663	-3
664	-4
665	-2
666	-5
667	-2
668	-3
669	-1
670	-3
671	-1
672	-4
673	-1
674	-2
675	0
676	-1
677	0
678	-2
679	0
680	-1
681	0
682	-1
683	0
684	0
685	0
686	-1
687	0
688	-2
689	0
690	-2
691	0
692	-1
693	0
694	-1
695	0
696	-2
697	0
698	-2
699	0
700	-3
701	0
702	-2
703	-1
704	-2
705	-1
706	-2
707	-2
708	-2
709	-2
710	-1
711	0
712	-2
713	-1
714	-2
715	0
716	-2
717	0
718	-2
719	0
720	-2
721	0
722	-2
723	0
724	0
725	0
726	-2
727	-1
728	-2
729	0
730	-1
731	0
732	0
733	0
734	-1
735	0
736	-2
737	0
738	-2
739	-1
740	-2
741	-1
742	-2
743	-2
744	-2
745	-2
746	-3
747	-2
748	-4
749	-1
750	-4
751	-2
752	-4
753	-2
754	-4
755	-1
756	-4
757	-2
758	-3
759	-2
760	-3
761	-4
762	-3
763	-2
764	-3
765	-3
766	-4
767	-3
768	-4
769	-3
770	-5
771	-2
772	-3
773	-2
774	-3
775	-2
776	-2
777	-1
778	-4
779	-3
780	-3
781	-1
782	-2
783	-1
784	-1
785	0
786	-3
787	-1
788	-2
789	0
790	-2
791	0
792	-2
793	0
794	-1
795	0
796	-1
797	0
798	-1
799	0
800	-2
801	0
802	0
803	0
804	-1
805	0
806	-2
807	0
808	-2
809	0
810	-1
811	0
812	-2
813	0
814	-1
815	0
816	-1
817	0
818	-2
819	0
820	-2
821	0
822	-2
823	-1
824	-2
825	-2
826	-2
827	-1
828	-4
829	-2
830	-3
831	-1
832	-4
833	-2
834	-3
835	-3
836	-4
837	-2
838	-4
839	-2
840	-3
841	-4
842	-4
843	-3
844	-4
845	-3
846	-4
847	-5
848	-3
849	-3
850	-3
851	-3
852	-4
853	-4
854	-4
855	-3
856	-4
857	-4
858	-4
859	-3
860	-4
861	-3
862	-3
863	-2
864	-4
865	-2
866	-3
867	-3
868	-2
869	0
870	-2
871	-2
872	-2
873	0
874	-3
875	0
876	-2
877	-1
878	-1
879	0
880	0
881	0
882	-2
883	-1
884	-2
885	0
886	-2
887	0
888	-2
889	0
890	-1
891	-1
892	-3
893	-1
894	-3
895	-1
896	-3
897	0
898	-4
899	-1
900	-4
901	0
902	-4
903	-3
904	-4
905	-3
906	-2
907	-1
908	-4
909	-1
910	-4
911	-2
912	-3
913	-2
914	-2
915	-1
916	-2
917	-1
918	-1
919	-2
920	-2
921	0
922	0
923	0
924	0
925	0
926	-1
927	0
928	0
929	0
930	0
931	0
932	-2
933	0
934	0
935	-1
936	-3
937	0
938	-2
939	0
940	-4
941	-1
942	-3
943	0
944	-3
945	-1
946	-2
947	-2
948	-3
949	-1
950	-2
951	-1
952	-4
953	-2
954	-3
955	-1
956	-2
957	-2
958	-3
959	0
960	-4
961	-2
962	-3
963	-2
964	-3
965	-1
966	-3
967	-1
968	-3
969	-1
970	-4
971	-2
972	-4
973	-1
974	-2
975	-2
976	-3
977	-2
978	-4
979	-2
980	-5
981	-2
982	-4
983	-3
984	-5
985	-2
986	-5
987	-1
988	-4
989	-2
990	-4
991	-1
992	-4
993	-2
994	-5
995	-1
996	-3
997	-1
998	-4
999	-1
1000	-3
1001	-1
1002	-2
1003	-1
1004	-2
1005	0
1006	-1
1007	0
1008	-3
1009	0
1010	-4
1011	0
1012	-2
1013	0
1014	-1
1015	0
1016	-1
1017	0
1018	-1
1019	-1
1020	-1
1021	0
1022	0
1023	0
1024	-1
1025	0
1026	0
1027	0
1028	-1
1029	0
1030	-2
1031	0
1032	-1
1033	0
1034	-1
1035	0
1036	-1
1037	-1
1038	-2
1039	-1
1040	-1
1041	-1
1042	-2
1043	0
1044	-3
1045	-2
1046	-2
1047	-1
1048	-2
1049	-1
1050	-3
1051	-1
1052	-2
1053	0
1054	-2
1055	0
1056	-2
1057	0
1058	-2
1059	-1
1060	-3
1061	0
1062	-1
1063	-1
1064	-2
1065	-2
1066	-2
1067	-1
1068	-3
1069	-2
1070	-2
1071	-1
1072	-2
1073	-2
1074	-3
1075	-1
1076	-2
1077	0
1078	-3
1079	0
1080	-2
1081	0
1082	-4
1083	0
1084	-3
1085	-2
1086	-3
1087	0
1088	-2
1089	-1
1090	-3
1091	-1
1092	-3
1093	-1
1094	-2
1095	-1
1096	-3
1097	0
1098	-2
1099	0
1100	-2
1101	0
1102	-1
1103	0
1104	-2
1105	0
1106	-1
1107	0
1108	-1
1109	0
1110	-1
1111	0
1112	-1
1113	0
1114	0
1115	0
1116	0
1117	0
1118	0
1119	0
1120	-1
1121	0
1122	0
1123	-1
1124	-1
1125	-1
1126	-2
1127	-1
1128	-1
1129	0
1130	-2
1131	-1
1132	-2
1133	0
1134	-2
1135	0
1136	-3
1137	-1
1138	-3
1139	-2
1140	-3
1141	-2
1142	-3
1143	-2
1144	-4
1145	-1
1146	-2
1147	-1
1148	-2
1149	-1
1150	-2
1151	-1
1152	-2
1153	-1
1154	-2
1155	0
1156	-1
1157	0
1158	-2
1159	-1
1160	-1
1161	0
1162	0
1163	0
1164	-1
1165	0
1166	-1
1167	0
1168	-1
1169	0
1170	-1
1171	0
1172	-1
1173	-1
1174	-2
1175	0
1176	-1
1177	0
1178	-3
1179	0
1180	-2
1181	-1
1182	-2
1183	-1
1184	-1
1185	-1
1186	-4
1187	-1
1188	-2
1189	-2
1190	-4
1191	-1
1192	-1
1193	-2
1194	-2
1195	-1
1196	-1
1197	-1
1198	-1
1199	0
1200	-3
1201	-1
1202	-2
1203	0
1204	-2
1205	0
1206	-2
1207	0
1208	-2
1209	0
1210	-3
1211	-1
1212	-2
1213	-1
1214	-2
1215	0
1216	-1
1217	0
1218	0
1219	-2
1220	-1
1221	-1
1222	-1
1223	-1
1224	-2
1225	0
1226	-1
1227	0
1228	-1
1229	-1
1230	-1
1231	-1
1232	-2
1233	-1
1234	-3
1235	-1
1236	-1
1237	-1
1238	-2
1239	-1
1240	-3
1241	-1
1242	-2
1243	0
1244	-2
1245	0
1246	-3
1247	0
1248	-2
1249	0
1250	-2
1251	0
1252	-3
1253	0
1254	-3
1255	0
1256	-2
1257	0
1258	-2
1259	-1
1260	-1
1261	-1
1262	-2
1263	0
1264	-2
1265	-1
1266	-4
1267	-2
1268	-1
1269	-1
1270	-1
1271	-1
1272	-3
1273	-1
1274	-3
1275	-1
1276	-3
1277	-1
1278	-2
1279	0
1280	-3
1281	-1
1282	-1
1283	-1
1284	-1
1285	-1
1286	-1
1287	0
1288	-2
1289	-2
1290	-2
1291	-1
1292	-2
1293	0
1294	-2
1295	-2
1296	-2
1297	-1
1298	-1
1299	-1
1300	0
1301	0
1302	-3
1303	-1
1304	-2
1305	0
1306	-1
1307	0
1308	-1
1309	0
1310	-1
1311	-1
1312	-1
1313	0
1314	-1
1315	0
1316	-2
1317	0
1318	-2
1319	-1
1320	-2
1321	0
1322	-2
1323	-1
1324	-1
1325	-1
1326	-2
1327	-1
1328	-1
1329	0
1330	-3
1331	-1
1332	-2
1333	-1
1334	-2
1335	-1
1336	-2
1337	-2
1338	-3
1339	-2
1340	-2
1341	0
1342	-2
1343	0
1344	-2
1345	-1
1346	-1
1347	-1
1348	-1
1349	0
1350	-2
1351	-1
1352	-1
1353	-1
1354	-2
1355	0
1356	0
1357	0
1358	0
1359	0
1360	-1
1361	0
1362	-1
1363	0
1364	-1
1365	0
1366	0
1367	0
1368	0
1369	-1
1370	-2
1371	-2
1372	-2
1373	-2
1374	-2
1375	-1
1376	-2
1377	-1
1378	-3
1379	-1
1380	-2
1381	-2
1382	-3
1383	-2
1384	-2
1385	-1
1386	-3
1387	-1
1388	-2
1389	-1
1390	-2
1391	-1
1392	-2
1393	-1
1394	-3
1395	-1
1396	-3
1397	-1
1398	-4
1399	-2
1400	-3
1401	-2
1402	-2
1403	-1
1404	-3
1405	-3
1406	-3
1407	-2
1408	-3
1409	-2
1410	-2
1411	-2
1412	-3
1413	-1
1414	-2
1415	-1
1416	-2
1417	-1
1418	-2
1419	-1
1420	-1
1421	-1
1422	-2
1423	-1
1424	-1
1425	0
1426	-2
1427	0
1428	-2
1429	0
1430	-1
1431	-1
1432	-1
1433	0
1434	-2
1435	0
1436	-1
1437	0
1438	-1
1439	0
1440	-2
1441	0
1442	-1
1443	0
1444	-1
1445	0
1446	-1
1447	-1
1448	-1
1449	0
1450	-1
1451	-1
1452	-2
1453	0
1454	0
1455	0
1456	-2
1457	0
1458	-1
1459	0
1460	-2
1461	0
1462	0
1463	0
1464	0
1465	0
1466	0
1467	0
1468	-1
1469	0
1470	-2
1471	0
1472	-2
1473	0
1474	-2
1475	0
1476	-1
1477	0
1478	-2
1479	-2
1480	-1
1481	0
1482	-1
1483	0
1484	-2
1485	-1
1486	-1
1487	-1
1488	-2
1489	-1
1490	-2
1491	-1
1492	-2
1493	-2
1494	-2
1495	-1
1496	-2
1497	0
1498	0
1499	0
1500	-1
1501	-1
1502	-2
1503	0
1504	-1
1505	0
1506	-2
1507	0
1508	-1
1509	-1
1510	-1
1511	0
1512	-2
1513	-1
1514	-2
1515	-2
1516	-2
1517	-1
1518	-1
1519	-1
1520	-2
1521	0
1522	-2
1523	-1
1524	-4
1525	-1
1526	-1
1527	0
1528	-3
1529	-1
1530	-2
1531	0
1532	-1
1533	-1
1534	-3
1535	0
1536	-1
1537	0
1538	-1
1539	0
1540	-1
1541	0
1542	-1
1543	-1
1544	0
1545	-1
1546	-1
1547	0
1548	-1
1549	0
1550	-1
1551	0
1552	0
1553	0
1554	-1
1555	0
1556	-1
1557	0
1558	-1
1559	0
1560	-2
1561	0
1562	-1
1563	0
1564	-1
1565	0
1566	-2
1567	0
1568	0
1569	0
1570	0
1571	0
1572	0
1573	0
1574	0
1575	0
1576	0
1577	0
1578	-1
1579	0
1580	0
1581	-1
1582	-1
1583	0
1584	-1
1585	0
1586	0
1587	-1
1588	0
1589	0
1590	-1
1591	0
1592	-1
1593	0
1594	-1
1595	0
1596	0
1597	0
1598	-1
1599	0
1600	-2
1601	0
1602	0
1603	0
1604	-1
1605	0
1606	-2
1607	0
1608	-1
1609	0
1610	-2
1611	-1
1612	-2
1613	-2
1614	0
1615	-1
1616	-1
1617	-1
1618	-2
1619	0
1620	0
1621	-1
1622	-2
1623	0
1624	0
1625	0
1626	-1
1627	0
1628	-1
1629	0
1630	-1
1631	0
1632	-1
1633	0
1634	-1
1635	-1
1636	0
1637	0
1638	0
1639	0
1640	0
1641	0
1642	0
1643	0
1644	-1
1645	0
1646	-1
1647	0
1648	-1
1649	-1
1650	0
1651	-1
1652	-1
1653	0
1654	-1
1655	0
1656	-1
1657	0
1658	-1
1659	0
1660	-1
1661	-1
1662	-1
1663	0
1664	-2
1665	-1
1666	-1
1667	0
1668	-1
1669	0
1670	-1
1671	0
1672	-1
1673	0
1674	-2
1675	0
1676	0
1677	0
1678	-1
1679	0
1680	0
1681	0
1682	-1
1683	0
1684	-1
1685	0
1686	-1
1687	0
1688	0
1689	0
1690	-1
1691	0
1692	0
1693	0
1694	0
1695	0
1696	0
1697	-1
1698	0
1699	-1
1700	-1
1701	0
1702	-2
1703	0
1704	-2
1705	0
1706	-2
1707	0
1708	-1
1709	0
1710	-1
1711	-1
1712	-1
1713	0
1714	-1
1715	-1
1716	-2
1717	-1
1718	-1
1719	0
1720	-2
1721	0
1722	-1
1723	0
1724	0
1725	0
1726	-1
1727	0
1728	0
1729	0
1730	-1
1731	0
1732	0
1733	0
1734	-1
1735	0
1736	0
1737	0
1738	0
1739	1
1740	0
1741	0
1742	0
1743	1
1744	0
1745	1
1746	0
1747	1
1748	-1
1749	1
1750	0
1751	0
1752	0
1753	0
1754	0
1755	0
1756	0
1757	0
1758	0
1759	0
1760	-1
1761	0
1762	0
1763	0
1764	-1
1765	0
1766	0
1767	0
1768	0
1769	-2
1770	-1
1771	0
1772	-1
1773	0
1774	-1
1775	-1
1776	-1
1777	0
1778	-2
1779	-1
1780	-2
1781	-1
1782	-1
1783	-1
1784	-1
1785	0
1786	0
1787	0
1788	-1
1789	0
1790	-1
1791	0
1792	-1
1793	0
1794	-3
1795	0
1796	-1
1797	-1
1798	-2
1799	-1
1800	-2
1801	0
1802	-2
1803	0
1804	-3
1805	0
1806	-2
1807	0
1808	-3
1809	0
1810	-1
1811	-1
1812	-1
1813	-1
1814	-1
1815	0
1816	-1
1817	0
1818	-1
1819	0
1820	-3
1821	0
1822	-1
1823	0
1824	0
1825	-1
1826	-1
1827	0
1828	-1
1829	0
1830	-1
1831	-1
1832	-2
1833	0
1834	-1
1835	0
1836	-2
1837	0
1838	0
1839	0
1840	0
1841	0
1842	-1
1843	0
1844	-2
1845	0
1846	-1
1847	0
1848	-1
1849	0
1850	-2
1851	-1
1852	-2
1853	0
1854	-2
1855	0
1856	-2
1857	0
1858	-1
1859	0
1860	-1
1861	0
1862	0
1863	0
1864	0
1865	0
1866	0
1867	0
1868	-1
1869	0
1870	0
1871	0
1872	0
1873	0
1874	-1
1875	0
1876	-1
1877	0
1878	0
1879	0
1880	-1
1881	0
1882	0
1883	-1
1884	0
1885	0
1886	-1
1887	0
1888	-2
1889	0
1890	-2
1891	0
1892	-1
1893	-1
1894	-1
1895	0
1896	-2
1897	0
1898	-2
1899	0
1900	-1
1901	0
1902	-2
1903	0
1904	-1
1905	0
1906	-1
1907	0
1908	-1
1909	0
1910	-1
1911	0
1912	-1
1913	0
1914	-1
1915	0
1916	0
1917	0
1918	0
1919	0
1920	-1
1921	0
1922	0
1923	0
1924	0
1925	0
1926	-1
1927	0
1928	0
1929	1
1930	0
1931	1
1932	-1
1933	0
1934	-1
1935	0
1936	-2
1937	0
1938	0
1939	0
1940	0
1941	0
1942	0
1943	0
1944	-2
1945	-1
1946	-1
1947	-1
1948	-1
1949	0
1950	-1
1951	0
1952	-2
1953	0
1954	-2
1955	0
1956	0
1957	0
1958	-1
1959	0
1960	-2
1961	0
1962	-2
1963	0
1964	-1
1965	-1
1966	-2
1967	0
1968	-2
1969	0
1970	-1
1971	0
1972	-1
1973	0
1974	-1
1975	0
1976	-2
1977	0
1978	-2
1979	0
1980	-2
1981	0
1982	-2
1983	0
1984	-2
1985	0
1986	-1
1987	0
1988	-1
1989	-1
1990	-2
1991	0
1992	-1
1993	-1
1994	-1
1995	0
1996	0
1997	0
1998	-1
1999	0
