0	-1
1	0
2	0
3	0
4	0
5	1
6	0
7	0
8	0
9	0
10	0
11	0
12	0
13	0
14	0
15	0
16	0
17	1
18	0
19	1
20	0
21	0
22	0
23	1
24	0
25	1
26	1
27	1
28	0
29	1
30	1
31	1
32	0
33	1
34	0
35	1
36	1
37	0
38	0
39	0
40	0
41	0
42	0
43	0
44	0
45	0
46	0
47	0
48	0
49	0
50	0
51	0
52	0
53	0
54	0
55	0
56	-1
57	0
58	0
59	-1
60	0
61	0
62	0
63	0
64	0
65	0
66	0
67	0
68	0
69	0
70	0
71	0
72	0
73	0
74	0
75	0
76	0
77	0
78	0
79	0
80	0
81	0
82	0
83	0
84	0
85	0
86	0
87	0
88	0
89	0
90	0
91	0
92	-1
93	0
94	0
95	0
96	0
97	0
98	0
99	0
100	0
101	0
102	0
103	0
104	0
105	0
106	0
107	0
108	0
109	0
110	0
111	0
112	0
113	0
114	0
115	0
116	0
117	0
118	0
119	0
120	0
121	0
122	0
123	0
124	0
125	0
126	0
127	1
128	0
129	0
130	0
131	0
132	0
133	0
134	0
135	0
136	0
137	0
138	0
139	0
140	0
141	0
142	0
143	0
144	0
145	0
146	0
147	0
148	0
149	0
150	0
151	0
152	0
153	0
154	0
155	0
156	0
157	0
158	0
159	0
160	0
161	0
162	0
163	0
164	0
165	0
166	0
167	0
168	0
169	0
170	0
171	0
172	0
173	0
174	0
175	0
176	-1
177	0
178	0
179	0
180	0
181	0
182	0
183	0
184	0
185	0
186	0
187	0
188	0
189	0
190	-1
191	0
192	0
193	0
194	0
195	0
196	0
197	1
198	0
199	1
200	1
201	1
202	1
203	1
204	0
205	1
206	0
207	1
208	1
209	1
210	0
211	2
212	0
213	0
214	0
215	0
216	0
217	0
218	0
219	1
220	0
221	0
222	0
223	0
224	0
225	0
226	0
227	0
228	0
229	0
230	0
231	0
232	0
233	0
234	0
235	0
236	0
237	0
238	0
239	0
240	0
241	0
242	0
243	0
244	0
245	0
246	0
247	0
248	0
249	0
250	0
251	0
252	0
253	0
254	0
255	0
256	0
257	0
258	0
259	0
260	0
261	0
262	0
263	0
264	0
265	0
266	0
267	1
268	0
269	0
270	0
271	0
272	0
273	0
274	0
275	0
276	0
277	0
278	0
279	0
280	0
281	0
282	-1
283	0
284	-1
285	0
286	0
287	0
288	0
289	0
290	0
291	0
292	-1
293	0
294	-1
295	0
296	-1
297	0
298	0
299	0
300	0
301	-1
302	0
303	0
304	0
305	0
306	0
307	1
308	0
309	0
310	0
311	1
312	0
313	1
314	0
315	1
316	0
317	1
318	0
319	1
320	0
321	1
322	0
323	1
324	0
325	1
326	1
327	0
328	0
329	0
330	0
331	1
332	0
333	1
334	0
335	0
336	0
337	0
338	0
339	0
340	0
341	0
342	0
343	0
344	0
345	0
346	-1
347	0
348	0
349	0
350	0
351	0
352	0
353	0
354	0
355	-1
356	0
357	0
358	0
359	0
360	0
361	0
362	0
363	0
364	0
365	0
366	0
367	0
368	0
369	0
370	0
371	0
372	0
373	0
374	0
375	0
376	0
377	0
378	0
379	0
380	0
381	0
382	0
383	0
384	0
385	0
386	-1
387	0
388	0
389	0
390	0
391	0
392	0
393	0
394	0
395	0
396	0
397	0
398	0
399	0
400	0
401	0
402	0
403	0
404	0
405	0
406	0
407	1
408	0
409	0
410	0
411	0
412	0
413	0
414	0
415	0
416	0
417	0
418	0
419	0
420	0
421	0
422	0
423	0
424	0
425	0
426	0
427	0
428	0
429	0
430	0
431	0
432	0
433	0
434	0
435	0
436	0
437	0
438	0
439	0
440	0
441	2
442	3
443	4
444	6
445	7
446	10
447	12
448	15
449	19
450	21
451	24
452	26
453	29
454	33
455	36
456	40
457	44
458	46
459	49
460	51
461	56
462	56
463	62
464	63
465	66
466	68
467	70
468	74
469	74
470	76
471	77
472	79
473	81
474	81
475	83
476	82
477	85
478	83
479	85
480	83
481	87
482	85
483	86
484	84
485	84
486	83
487	83
488	82
489	82
490	82
491	79
492	79
493	79
494	75
495	76
496	75
497	76
498	76
499	78
500	62
501	68
502	67
503	65
504	64
505	64
506	62
507	59
508	57
509	57
510	54
511	54
512	53
513	51
514	49
515	48
516	45
517	44
518	42
519	41
520	40
521	39
522	35
523	36
524	33
525	31
526	29
527	30
528	27
529	27
530	25
531	25
532	23
533	22
534	22
535	21
536	18
537	16
538	15
539	13
540	12
541	12
542	11
543	11
544	9
545	10
546	8
547	8
548	6
549	6
550	4
551	4
552	1
553	2
554	0
555	2
556	0
557	0
558	-2
559	-2
560	-4
561	-3
562	-4
563	-6
564	-7
565	-7
566	-6
567	-7
568	-7
569	-8
570	-9
571	-7
572	-10
573	-8
574	-10
575	-9
576	-12
577	-10
578	-11
579	-11
580	-11
581	-11
582	-11
583	-10
584	-12
585	-11
586	-11
587	-11
588	-11
589	-10
590	-12
591	-11
592	-12
593	-10
594	-12
595	-11
596	-12
597	-10
598	-12
599	-12
600	-12
601	-12
602	-13
603	-11
604	-13
605	-11
606	-12
607	-11
608	-12
609	-12
610	-13
611	-11
612	-12
613	-11
614	-13
615	-11
616	-12
617	-9
618	-11
619	-8
620	-10
621	-9
622	-10
623	-10
624	-9
625	-9
626	-9
627	-7
628	-8
629	-9
630	-10
631	-8
632	-8
633	-8
634	-7
635	-7
636	-8
637	-7
638	-7
639	-6
640	-7
641	-4
642	-7
643	-7
644	-8
645	-5
646	-8
647	-6
648	-6
649	-6
650	-7
651	-6
652	-6
653	-5
654	-6
655	-4
656	-5
657	-6
658	-7
659	-5
660	-5
661	-3
662	-5
663	-4
664	-3
665	-3
666	-5
667	-3
668	-3
669	-1
670	-2
671	-2
672	-3
673	-3
674	-4
675	-3
676	-4
677	-2
678	-4
679	-2
680	-4
681	-3
682	-4
683	-3
684	-3
685	-2
686	-4
687	-2
688	-3
689	-4
690	-4
691	-3
692	-4
693	-3
694	-2
695	-3
696	-2
697	-2
698	-2
699	-2
700	-2
701	-1
702	-2
703	-1
704	-1
705	0
706	-2
707	-1
708	-1
709	-1
710	-1
711	-1
712	-2
713	0
714	-1
715	-1
716	-1
717	-1
718	-2
719	0
720	-1
721	0
722	-2
723	0
724	-1
725	0
726	-1
727	-1
728	-1
729	-1
730	-1
731	-1
732	-1
733	0
734	-1
735	-1
736	-2
737	-1
738	-2
739	-1
740	-1
741	-1
742	-2
743	-1
744	-2
745	-1
746	-1
747	-1
748	-3
749	-2
750	-2
751	0
752	-1
753	-1
754	-1
755	-1
756	-1
757	0
758	-2
759	-2
760	-1
761	0
762	-2
763	-1
764	-2
765	-1
766	-2
767	-1
768	-1
769	0
770	-2
771	-2
772	-2
773	-1
774	-2
775	-1
776	-2
777	-2
778	-2
779	-1
780	-2
781	-1
782	0
783	-1
784	-1
785	-1
786	-1
787	-1
788	-1
789	-1
790	-1
791	-1
792	-1
793	-1
794	-2
795	0
796	-1
797	-1
798	-1
799	0
800	-1
801	-1
802	-1
803	0
804	-1
805	0
806	0
807	0
808	0
809	0
810	0
811	0
812	0
813	0
814	0
815	0
816	-2
817	0
818	-1
819	0
820	-1
821	-1
822	-1
823	-1
824	-1
825	-2
826	-2
827	-1
828	-2
829	-1
830	-1
831	-1
832	-2
833	-2
834	-2
835	-2
836	-1
837	-1
838	0
839	-1
840	-2
841	-1
842	-1
843	-2
844	-1
845	-2
846	-1
847	-1
848	-1
849	-1
850	0
851	0
852	0
853	0
854	0
855	0
856	0
857	0
858	0
859	0
860	0
861	0
862	0
863	0
864	0
865	0
866	0
867	0
868	-2
869	0
870	-1
871	-1
872	-1
873	0
874	-1
875	0
876	-1
877	0
878	0
879	-1
880	0
881	0
882	0
883	0
884	0
885	0
886	0
887	0
888	0
889	0
890	0
891	0
892	0
893	1
894	0
895	0
896	1
897	0
898	0
899	0
900	0
901	0
902	1
903	0
904	0
905	0
906	1
907	0
908	0
909	0
910	0
911	1
912	0
913	0
914	0
915	0
916	0
917	0
918	0
919	0
920	0
921	0
922	0
923	0
924	0
925	0
926	0
927	1
928	-1
929	0
930	-1
931	0
932	-2
933	0
934	-1
935	-1
936	-1
937	-1
938	-1
939	0
940	0
941	-1
942	-2
943	0
944	0
945	0
946	-1
947	-1
948	-1
949	0
950	0
951	0
952	0
953	-1
954	0
955	-1
956	0
957	0
958	0
959	0
960	0
961	0
962	0
963	0
964	-1
965	0
966	-1
967	0
968	0
969	0
970	-1
971	0
972	0
973	0
974	-1
975	-1
976	-1
977	-1
978	0
979	-1
980	-1
981	-1
982	-1
983	-1
984	0
985	-1
986	-1
987	0
988	-1
989	0
990	-1
991	-1
992	-1
993	0
994	-1
995	-1
996	-1
997	-1
998	0
999	0
1000	-1
1001	0
1002	-1
1003	-1
1004	-2
1005	-1
1006	-1
1007	-1
1008	-1
1009	-3
1010	-1
1011	-2
1012	-2
1013	-2
1014	-2
1015	-2
1016	-2
1017	-2
1018	-3
1019	-2
1020	-1
1021	-1
1022	-1
1023	-2
1024	-2
1025	-2
1026	-1
1027	-1
1028	-1
1029	-1
1030	-1
1031	-2
1032	0
1033	-1
1034	-1
1035	-2
1036	-1
1037	-1
1038	-2
1039	-1
1040	0
1041	0
1042	-1
1043	0
1044	-1
1045	0
1046	-2
1047	-1
1048	-1
1049	-1
1050	-1
1051	-2
1052	-1
1053	-1
1054	-1
1055	0
1056	-1
1057	-1
1058	-1
1059	-1
1060	-1
1061	0
1062	-2
1063	-1
1064	0
1065	-1
1066	-1
1067	-1
1068	-2
1069	0
1070	-1
1071	-1
1072	-2
1073	0
1074	-1
1075	0
1076	-1
1077	-1
1078	0
1079	0
1080	0
1081	0
1082	0
1083	0
1084	0
1085	0
1086	0
1087	-1
1088	0
1089	0
1090	0
1091	-1
1092	-1
1093	0
1094	-1
1095	-1
1096	-1
1097	0
1098	-1
1099	0
1100	-1
1101	0
1102	-2
1103	-1
1104	-1
1105	-1
1106	-2
1107	-1
1108	-1
1109	-1
1110	-1
1111	-1
1112	-1
1113	0
1114	0
1115	0
1116	0
1117	0
1118	0
1119	0
1120	-1
1121	0
1122	-1
1123	0
1124	-1
1125	-1
1126	-1
1127	0
1128	-1
1129	0
1130	0
1131	-1
1132	-1
1133	-1
1134	-1
1135	0
1136	0
1137	0
1138	0
1139	0
1140	0
1141	-2
1142	-1
1143	-1
1144	-1
1145	-2
1146	0
1147	-1
1148	-2
1149	-1
1150	-1
1151	-2
1152	-1
1153	-2
1154	-1
1155	-2
1156	-1
1157	-2
1158	-1
1159	-1
1160	0
1161	-1
1162	0
1163	-1
1164	-1
1165	-1
1166	0
1167	-1
1168	-2
1169	-1
1170	-1
1171	0
1172	-1
1173	-1
1174	-1
1175	-1
1176	-1
1177	0
1178	-2
1179	0
1180	0
1181	-1
1182	-1
1183	-1
1184	-1
1185	-2
1186	-1
1187	0
1188	-2
1189	-1
1190	-2
1191	0
1192	-2
1193	-1
1194	-2
1195	0
1196	-1
1197	-1
1198	0
1199	-1
1200	-1
1201	0
1202	-1
1203	0
1204	-2
1205	0
1206	0
1207	0
1208	0
1209	0
1210	0
1211	0
1212	0
1213	-1
1214	-1
1215	0
1216	-1
1217	0
1218	0
1219	0
1220	0
1221	0
1222	-3
1223	-1
1224	-1
1225	-1
1226	-2
1227	0
1228	-1
1229	-1
1230	-2
1231	-1
1232	0
1233	0
1234	0
1235	0
1236	-1
1237	0
1238	-1
1239	0
1240	0
1241	0
1242	0
1243	0
1244	0
1245	0
1246	0
1247	0
1248	-1
1249	0
1250	-1
1251	-1
1252	0
1253	0
1254	0
1255	0
1256	-2
1257	-1
1258	0
1259	0
1260	0
1261	0
1262	0
1263	0
1264	0
1265	-1
1266	-1
1267	-1
1268	0
1269	0
1270	-1
1271	-1
1272	0
1273	0
1274	0
1275	-1
1276	0
1277	0
1278	0
1279	0
1280	0
1281	-1
1282	-1
1283	0
1284	0
1285	0
1286	0
1287	0
1288	0
1289	0
1290	0
1291	0
1292	0
1293	-1
1294	-1
1295	0
1296	0
1297	0
1298	-1
1299	0
1300	-1
1301	-1
1302	-1
1303	-3
1304	-2
1305	-1
1306	-2
1307	-2
1308	0
1309	-1
1310	-1
1311	-1
1312	-1
1313	-1
1314	0
1315	-1
1316	-2
1317	-1
1318	-3
1319	0
1320	-1
1321	-1
1322	-2
1323	-1
1324	-1
1325	0
1326	-1
1327	0
1328	-1
1329	-1
1330	-1
1331	0
1332	-1
1333	0
1334	0
1335	0
1336	-1
1337	-1
1338	0
1339	-1
1340	-1
1341	0
1342	0
1343	-2
1344	0
1345	-2
1346	0
1347	-1
1348	-3
1349	-3
1350	-1
1351	-2
1352	-1
1353	-1
1354	-2
1355	-2
1356	-1
1357	-2
1358	-2
1359	0
1360	-2
1361	0
1362	-1
1363	-1
1364	-1
1365	-1
1366	0
1367	0
1368	0
1369	0
1370	0
1371	0
1372	0
1373	0
1374	0
1375	0
1376	0
1377	0
1378	0
1379	0
1380	0
1381	-1
1382	0
1383	0
1384	-1
1385	0
1386	-2
1387	0
1388	-2
1389	-1
1390	-1
1391	0
1392	-1
1393	-1
1394	-1
1395	-1
1396	-1
1397	0
1398	-1
1399	-1
1400	-1
1401	-1
1402	0
1403	-2
1404	-1
1405	-1
1406	-1
1407	-1
1408	-1
1409	0
1410	0
1411	-2
1412	-1
1413	0
1414	0
1415	0
1416	0
1417	0
1418	-1
1419	-1
1420	-1
1421	0
1422	0
1423	0
1424	0
1425	0
1426	0
1427	0
1428	0
1429	-1
1430	0
1431	-1
1432	-1
1433	-1
1434	-2
1435	-1
1436	-1
1437	-1
1438	-2
1439	-1
1440	-2
1441	-1
1442	-2
1443	-1
1444	-3
1445	-1
1446	-2
1447	-1
1448	-1
1449	-1
1450	0
1451	-1
1452	0
1453	0
1454	-1
1455	0
1456	-1
1457	0
1458	0
1459	0
1460	0
1461	0
1462	0
1463	0
1464	0
1465	0
1466	0
1467	0
1468	0
1469	0
1470	0
1471	0
1472	0
1473	0
1474	0
1475	0
1476	0
1477	0
1478	0
1479	0
1480	-1
1481	0
1482	-2
1483	-1
1484	-2
1485	0
1486	-2
1487	-1
1488	-1
1489	-1
1490	-1
1491	0
1492	-1
1493	0
1494	0
1495	-1
1496	0
1497	0
1498	0
1499	0
1500	0
1501	0
1502	0
1503	0
1504	0
1505	0
1506	0
1507	0
1508	0
1509	0
1510	0
1511	0
1512	0
1513	0
1514	0
1515	0
1516	0
1517	0
1518	1
1519	0
1520	0
1521	0
1522	0
1523	0
1524	0
1525	0
1526	0
1527	0
1528	0
1529	1
1530	0
1531	0
1532	0
1533	0
1534	0
1535	0
1536	0
1537	0
1538	0
1539	0
1540	0
1541	0
1542	0
1543	1
1544	1
1545	0
1546	0
1547	0
1548	0
1549	1
1550	0
1551	0
1552	-1
1553	0
1554	0
1555	0
1556	0
1557	0
1558	0
1559	0
1560	0
1561	0
1562	0
1563	0
1564	0
1565	0
1566	0
1567	0
1568	0
1569	-1
1570	0
1571	0
1572	0
1573	-1
1574	0
1575	0
1576	0
1577	0
1578	-1
1579	-1
1580	-1
1581	0
1582	0
1583	0
1584	-1
1585	0
1586	-1
1587	0
1588	0
1589	-1
1590	0
1591	0
1592	0
1593	0
1594	-1
1595	0
1596	-1
1597	-2
1598	0
1599	-1
1600	0
1601	-1
1602	-2
1603	0
1604	-2
1605	0
1606	-2
1607	-1
1608	-1
1609	-1
1610	-1
1611	-1
1612	0
1613	-1
1614	-1
1615	-2
1616	-1
1617	-2
1618	-2
1619	-2
1620	-2
1621	-1
1622	-2
1623	-1
1624	-2
1625	-1
1626	-2
1627	-1
1628	-1
1629	-1
1630	-1
1631	0
1632	0
1633	0
1634	0
1635	0
1636	0
1637	0
1638	0
1639	0
1640	0
1641	0
1642	0
1643	1
1644	0
1645	0
1646	1
1647	1
1648	1
1649	2
1650	1
1651	2
1652	1
1653	2
1654	1
1655	1
1656	1
1657	0
1658	0
1659	1
1660	0
1661	0
1662	0
1663	0
1664	0
1665	0
1666	0
1667	0
1668	0
1669	0
1670	0
1671	0
1672	0
1673	0
1674	0
1675	0
1676	0
1677	0
1678	0
1679	0
1680	0
1681	0
1682	0
1683	0
1684	0
1685	0
1686	0
1687	0
1688	0
1689	0
1690	0
1691	0
1692	0
1693	0
1694	0
1695	0
1696	0
1697	0
1698	0
1699	0
1700	0
1701	0
1702	0
1703	0
1704	0
1705	0
1706	0
1707	0
1708	0
1709	0
1710	-1
1711	0
1712	0
1713	0
1714	0
1715	0
1716	0
1717	0
1718	0
1719	0
1720	0
1721	0
1722	0
1723	0
1724	0
1725	0
1726	0
1727	0
1728	0
1729	0
1730	0
1731	0
1732	0
1733	1
1734	0
1735	1
1736	0
1737	0
1738	0
1739	1
1740	1
1741	1
1742	0
1743	1
1744	1
1745	1
1746	1
1747	1
1748	1
1749	0
1750	0
1751	1
1752	1
1753	0
1754	0
1755	0
1756	0
1757	0
1758	0
1759	0
1760	0
1761	0
1762	0
1763	0
1764	0
1765	0
1766	0
1767	0
1768	0
1769	0
1770	0
1771	0
1772	-1
1773	0
1774	-1
1775	0
1776	-1
1777	0
1778	-2
1779	0
1780	0
1781	-1
1782	-1
1783	-1
1784	0
1785	0
1786	0
1787	0
1788	0
1789	-1
1790	-1
1791	0
1792	-1
1793	0
1794	-2
1795	-1
1796	-2
1797	-1
1798	-1
1799	-1
1800	0
1801	-1
1802	-1
1803	-1
1804	-2
1805	-1
1806	-1
1807	-1
1808	-1
1809	-1
1810	-1
1811	-1
1812	-1
1813	-1
1814	-2
1815	-2
1816	-2
1817	-1
1818	-3
1819	-1
1820	-1
1821	-1
1822	-1
1823	-1
1824	-1
1825	0
1826	-1
1827	0
1828	-1
1829	0
1830	-1
1831	0
1832	-2
1833	0
1834	-1
1835	0
1836	-1
1837	0
1838	-1
1839	0
1840	0
1841	0
1842	0
1843	0
1844	0
1845	0
1846	-2
1847	0
1848	-1
1849	0
1850	-1
1851	-1
1852	-2
1853	0
1854	-2
1855	-1
1856	-1
1857	-1
1858	-1
1859	-1
1860	0
1861	-1
1862	-2
1863	0
1864	-1
1865	-1
1866	0
1867	-1
1868	0
1869	-2
1870	-1
1871	-1
1872	0
1873	0
1874	0
1875	-1
1876	0
1877	0
1878	-1
1879	0
1880	0
1881	-1
1882	0
1883	0
1884	0
1885	0
1886	-1
1887	0
1888	0
1889	-1
1890	-1
1891	0
1892	-1
1893	0
1894	0
1895	0
1896	0
1897	-1
1898	-1
1899	0
1900	-1
1901	-1
1902	0
1903	0
1904	0
1905	0
1906	0
1907	0
1908	-1
1909	-1
1910	0
1911	0
1912	0
1913	0
1914	0
1915	0
1916	0
1917	0
1918	0
1919	0
1920	0
1921	0
1922	-1
1923	-1
1924	0
1925	0
1926	0
1927	0
1928	0
1929	0
1930	0
1931	-1
1932	0
1933	0
1934	0
1935	0
1936	0
1937	-1
1938	0
1939	0
1940	0
1941	-1
1942	0
1943	-1
1944	0
1945	-1
1946	-1
1947	0
1948	-1
1949	-1
1950	-1
1951	0
1952	0
1953	0
1954	-1
1955	-1
1956	-1
1957	0
1958	0
1959	0
1960	0
1961	0
1962	0
1963	-1
1964	-2
1965	0
1966	-1
1967	0
1968	-1
1969	0
1970	0
1971	0
1972	0
1973	-1
1974	-1
1975	0
1976	0
1977	0
1978	0
1979	0
1980	0
1981	-1
1982	-1
1983	-1
1984	-1
1985	0
1986	0
1987	-1
1988	0
1989	-1
1990	-2
1991	-2
1992	-1
1993	0
1994	-1
1995	0
1996	-1
1997	0
1998	-1
1999	0
