0	0
1	0
2	0
3	0
4	0
5	0
6	0
7	0
8	0
9	0
10	0
11	0
12	0
13	1
14	0
15	2
16	0
17	2
18	0
19	2
20	0
21	2
22	0
23	2
24	0
25	1
26	0
27	3
28	0
29	0
30	0
31	1
32	0
33	1
34	0
35	0
36	-1
37	0
38	0
39	0
40	0
41	1
42	-1
43	0
44	-1
45	1
46	-1
47	0
48	-1
49	0
50	0
51	1
52	0
53	0
54	0
55	1
56	0
57	1
58	0
59	0
60	0
61	0
62	0
63	0
64	0
65	0
66	0
67	0
68	0
69	0
70	0
71	2
72	0
73	1
74	0
75	0
76	0
77	1
78	0
79	0
80	0
81	1
82	0
83	0
84	0
85	1
86	0
87	2
88	0
89	1
90	0
91	1
92	0
93	0
94	1
95	0
96	0
97	1
98	0
99	1
100	1
101	1
102	0
103	2
104	1
105	0
106	0
107	1
108	0
109	0
110	0
111	0
112	0
113	0
114	0
115	0
116	0
117	0
118	-1
119	0
120	-1
121	1
122	0
123	0
124	-1
125	0
126	-1
127	0
128	-1
129	0
130	-1
131	0
132	-2
133	0
134	-1
135	0
136	-1
137	0
138	-1
139	0
140	-1
141	0
142	0
143	0
144	-1
145	0
146	0
147	0
148	0
149	1
150	0
151	0
152	0
153	1
154	0
155	1
156	0
157	0
158	0
159	1
160	0
161	0
162	0
163	0
164	0
165	0
166	0
167	0
168	0
169	0
170	0
171	0
172	-1
173	0
174	-2
175	0
176	0
177	0
178	0
179	0
180	0
181	0
182	-1
183	1
184	0
185	0
186	0
187	0
188	0
189	0
190	0
191	0
192	0
193	1
194	0
195	1
196	0
197	1
198	0
199	0
200	0
201	1
202	0
203	0
204	0
205	0
206	1
207	1
208	0
209	1
210	0
211	0
212	0
213	0
214	0
215	0
216	0
217	1
218	0
219	0
220	0
221	0
222	0
223	0
224	0
225	0
226	0
227	0
228	0
229	0
230	0
231	0
232	0
233	0
234	0
235	0
236	0
237	1
238	0
239	0
240	0
241	1
242	0
243	1
244	0
245	1
246	0
247	0
248	0
249	1
250	0
251	1
252	0
253	1
254	0
255	0
256	0
257	0
258	0
259	0
260	0
261	0
262	0
263	0
264	0
265	0
266	0
267	1
268	0
269	0
270	-1
271	0
272	-1
273	0
274	-1
275	0
276	0
277	0
278	0
279	0
280	-1
281	0
282	0
283	1
284	0
285	2
286	0
287	1
288	0
289	0
290	0
291	0
292	0
293	0
294	0
295	0
296	0
297	0
298	0
299	0
300	0
301	0
302	0
303	0
304	-1
305	0
306	-1
307	1
308	-1
309	0
310	0
311	0
312	-1
313	0
314	0
315	1
316	-1
317	0
318	0
319	1
320	0
321	2
322	0
323	0
324	0
325	0
326	0
327	1
328	0
329	1
330	1
331	2
332	0
333	1
334	0
335	1
336	0
337	1
338	1
339	1
340	0
341	1
342	0
343	2
344	0
345	0
346	0
347	0
348	0
349	0
350	0
351	1
352	0
353	0
354	0
355	0
356	0
357	0
358	0
359	0
360	0
361	0
362	0
363	0
364	0
365	0
366	0
367	1
368	0
369	0
370	0
371	1
372	0
373	1
374	0
375	2
376	0
377	1
378	0
379	2
380	0
381	2
382	0
383	1
384	0
385	1
386	0
387	1
388	0
389	0
390	0
391	0
392	-1
393	0
394	-1
395	0
396	0
397	0
398	-1
399	0
400	0
401	0
402	-1
403	0
404	-2
405	0
406	-1
407	0
408	-2
409	0
410	-1
411	0
412	0
413	0
414	0
415	0
416	0
417	0
418	-1
419	0
420	0
421	0
422	0
423	0
424	0
425	0
426	0
427	0
428	0
429	1
430	0
431	0
432	0
433	2
434	1
435	4
436	2
437	9
438	7
439	11
440	11
441	17
442	15
443	22
444	21
445	28
446	28
447	34
448	35
449	42
450	43
451	50
452	51
453	56
454	58
455	63
456	64
457	68
458	70
459	75
460	77
461	81
462	81
463	87
464	85
465	91
466	90
467	95
468	93
469	98
470	97
471	101
472	99
473	101
474	100
475	103
476	100
477	103
478	99
479	103
480	99
481	101
482	96
483	99
484	95
485	97
486	93
487	94
488	89
489	91
490	85
491	87
492	83
493	84
494	79
495	79
496	74
497	76
498	75
499	78
500	62
501	69
502	64
503	64
504	60
505	61
506	56
507	56
508	53
509	53
510	47
511	48
512	42
513	44
514	39
515	41
516	33
517	37
518	30
519	31
520	28
521	29
522	24
523	25
524	19
525	24
526	16
527	18
528	13
529	16
530	12
531	13
532	9
533	10
534	6
535	9
536	5
537	7
538	2
539	3
540	0
541	0
542	0
543	0
544	-3
545	-1
546	-4
547	-3
548	-5
549	-4
550	-6
551	-4
552	-8
553	-5
554	-8
555	-6
556	-10
557	-7
558	-11
559	-9
560	-12
561	-9
562	-13
563	-11
564	-13
565	-11
566	-13
567	-11
568	-13
569	-12
570	-14
571	-12
572	-14
573	-13
574	-16
575	-13
576	-15
577	-14
578	-15
579	-14
580	-15
581	-14
582	-16
583	-14
584	-15
585	-15
586	-15
587	-15
588	-16
589	-15
590	-16
591	-14
592	-16
593	-14
594	-15
595	-13
596	-15
597	-13
598	-15
599	-14
600	-15
601	-15
602	-15
603	-14
604	-16
605	-14
606	-16
607	-12
608	-14
609	-13
610	-15
611	-13
612	-15
613	-12
614	-14
615	-10
616	-13
617	-9
618	-13
619	-9
620	-12
621	-10
622	-12
623	-8
624	-12
625	-6
626	-11
627	-6
628	-11
629	-4
630	-9
631	-5
632	-8
633	-4
634	-7
635	-3
636	-7
637	-3
638	-7
639	-1
640	-6
641	-2
642	-7
643	-3
644	-7
645	-2
646	-6
647	-3
648	-6
649	-3
650	-7
651	-4
652	-5
653	-4
654	-7
655	-4
656	-7
657	-2
658	-4
659	-4
660	-6
661	-3
662	-6
663	-1
664	-5
665	-3
666	-3
667	-2
668	-3
669	-2
670	-3
671	-1
672	-3
673	-3
674	-3
675	-1
676	-3
677	-1
678	-2
679	0
680	0
681	0
682	-1
683	-1
684	-2
685	0
686	-3
687	0
688	-2
689	0
690	-3
691	0
692	-2
693	0
694	-2
695	0
696	0
697	0
698	-2
699	0
700	-2
701	0
702	-3
703	0
704	-1
705	-1
706	-3
707	-1
708	-2
709	0
710	-2
711	-1
712	-2
713	0
714	-2
715	0
716	-2
717	0
718	-2
719	0
720	-2
721	0
722	-3
723	0
724	-2
725	0
726	-1
727	0
728	0
729	0
730	-2
731	-1
732	-1
733	0
734	-1
735	0
736	-1
737	0
738	-1
739	0
740	-2
741	0
742	-1
743	0
744	-2
745	0
746	-2
747	0
748	-1
749	0
750	-2
751	0
752	-1
753	-1
754	-1
755	0
756	-2
757	0
758	-1
759	0
760	-2
761	0
762	-1
763	0
764	-1
765	0
766	-1
767	0
768	-2
769	0
770	-1
771	0
772	-1
773	0
774	-1
775	0
776	-3
777	0
778	-2
779	0
780	0
781	0
782	-2
783	0
784	-1
785	0
786	-1
787	0
788	-2
789	0
790	-2
791	0
792	-1
793	0
794	-1
795	0
796	-1
797	0
798	-1
799	0
800	-2
801	0
802	-1
803	0
804	-1
805	0
806	0
807	0
808	0
809	1
810	0
811	0
812	0
813	1
814	0
815	1
816	0
817	1
818	0
819	1
820	0
821	1
822	0
823	1
824	0
825	1
826	0
827	1
828	0
829	1
830	0
831	2
832	0
833	1
834	0
835	1
836	0
837	1
838	1
839	1
840	0
841	1
842	0
843	1
844	0
845	1
846	0
847	2
848	0
849	0
850	0
851	1
852	-1
853	0
854	-1
855	0
856	0
857	0
858	0
859	0
860	-1
861	0
862	-2
863	0
864	-2
865	0
866	-2
867	0
868	-1
869	0
870	-1
871	0
872	-2
873	0
874	-1
875	1
876	-1
877	0
878	0
879	0
880	0
881	1
882	0
883	1
884	0
885	1
886	0
887	1
888	0
889	2
890	0
891	2
892	0
893	3
894	2
895	2
896	2
897	2
898	2
899	2
900	1
901	2
902	1
903	3
904	2
905	3
906	2
907	3
908	0
909	2
910	0
911	3
912	0
913	2
914	0
915	2
916	0
917	2
918	0
919	1
920	-1
921	1
922	0
923	1
924	0
925	1
926	0
927	1
928	0
929	0
930	0
931	2
932	0
933	2
934	0
935	2
936	0
937	2
938	0
939	0
940	0
941	2
942	0
943	1
944	-1
945	0
946	-1
947	1
948	-1
949	0
950	-1
951	0
952	-2
953	0
954	-2
955	0
956	-2
957	0
958	-2
959	0
960	-2
961	0
962	-3
963	0
964	-2
965	-1
966	-2
967	-2
968	-3
969	-2
970	-3
971	-1
972	-4
973	-1
974	-4
975	-1
976	-5
977	-1
978	-4
979	-1
980	-4
981	-1
982	-3
983	-2
984	-3
985	-2
986	-2
987	-2
988	-4
989	-1
990	-3
991	0
992	-2
993	0
994	-2
995	-1
996	-3
997	0
998	-2
999	0
1000	-3
1001	0
1002	-2
1003	0
1004	-2
1005	0
1006	-3
1007	-1
1008	-2
1009	0
1010	-3
1011	0
1012	-3
1013	-2
1014	-3
1015	-1
1016	-4
1017	-1
1018	-3
1019	-1
1020	-3
1021	-1
1022	-4
1023	-1
1024	-2
1025	0
1026	-2
1027	-1
1028	-3
1029	0
1030	-3
1031	0
1032	-2
1033	-1
1034	-2
1035	-1
1036	-2
1037	-1
1038	-2
1039	0
1040	-3
1041	-1
1042	-3
1043	0
1044	-3
1045	0
1046	-3
1047	0
1048	-2
1049	-1
1050	-2
1051	-3
1052	-2
1053	-2
1054	-2
1055	-1
1056	-2
1057	-1
1058	-2
1059	-1
1060	-2
1061	-1
1062	-2
1063	-1
1064	-2
1065	0
1066	-2
1067	-1
1068	-4
1069	-2
1070	-3
1071	-1
1072	-2
1073	0
1074	-2
1075	-1
1076	-4
1077	0
1078	-3
1079	0
1080	-3
1081	-1
1082	-3
1083	-1
1084	-4
1085	-1
1086	-3
1087	-1
1088	-3
1089	-1
1090	-3
1091	0
1092	-3
1093	-1
1094	-3
1095	-1
1096	-4
1097	-1
1098	-3
1099	-1
1100	-4
1101	0
1102	-2
1103	0
1104	-3
1105	0
1106	-3
1107	0
1108	-1
1109	0
1110	-2
1111	0
1112	-1
1113	0
1114	-1
1115	0
1116	-1
1117	0
1118	-2
1119	0
1120	-1
1121	-1
1122	-3
1123	-1
1124	-3
1125	-1
1126	-3
1127	-1
1128	-2
1129	-1
1130	-3
1131	-1
1132	-2
1133	0
1134	-3
1135	-1
1136	-3
1137	0
1138	-4
1139	0
1140	-4
1141	-2
1142	-3
1143	0
1144	-3
1145	-1
1146	-2
1147	0
1148	-4
1149	-1
1150	-2
1151	0
1152	-2
1153	0
1154	-1
1155	0
1156	-1
1157	0
1158	-1
1159	1
1160	-1
1161	0
1162	0
1163	0
1164	-2
1165	0
1166	-1
1167	0
1168	-2
1169	0
1170	0
1171	0
1172	-1
1173	0
1174	-2
1175	0
1176	-2
1177	0
1178	-1
1179	0
1180	-2
1181	0
1182	-2
1183	0
1184	-2
1185	0
1186	-2
1187	0
1188	-3
1189	0
1190	-2
1191	0
1192	-2
1193	-1
1194	-2
1195	0
1196	-2
1197	0
1198	-2
1199	0
1200	-3
1201	-1
1202	-2
1203	-1
1204	-3
1205	-1
1206	-3
1207	-1
1208	-3
1209	-1
1210	-3
1211	-1
1212	-3
1213	-1
1214	-2
1215	-1
1216	-3
1217	0
1218	-2
1219	0
1220	-2
1221	0
1222	-3
1223	0
1224	-3
1225	0
1226	-2
1227	0
1228	0
1229	0
1230	-1
1231	0
1232	0
1233	0
1234	-2
1235	0
1236	-2
1237	0
1238	-2
1239	0
1240	-2
1241	0
1242	-1
1243	0
1244	-1
1245	0
1246	0
1247	0
1248	-2
1249	0
1250	-1
1251	0
1252	-1
1253	0
1254	-2
1255	0
1256	-1
1257	0
1258	-1
1259	-1
1260	-1
1261	0
1262	-2
1263	-1
1264	-4
1265	0
1266	-3
1267	0
1268	-3
1269	-1
1270	-3
1271	0
1272	-3
1273	0
1274	-2
1275	0
1276	-2
1277	-1
1278	-2
1279	0
1280	-2
1281	0
1282	-2
1283	0
1284	-3
1285	0
1286	-3
1287	-1
1288	-1
1289	-1
1290	-2
1291	0
1292	-2
1293	0
1294	0
1295	0
1296	-1
1297	0
1298	-1
1299	0
1300	-1
1301	0
1302	-2
1303	0
1304	-2
1305	0
1306	-2
1307	0
1308	-3
1309	0
1310	-2
1311	0
1312	-3
1313	0
1314	-2
1315	0
1316	-1
1317	0
1318	-2
1319	0
1320	-3
1321	0
1322	-3
1323	-1
1324	-3
1325	0
1326	-2
1327	0
1328	-3
1329	-1
1330	-2
1331	0
1332	-2
1333	0
1334	-3
1335	0
1336	-3
1337	0
1338	-2
1339	0
1340	-3
1341	0
1342	-3
1343	0
1344	-2
1345	-1
1346	-1
1347	0
1348	-3
1349	0
1350	-1
1351	0
1352	-3
1353	0
1354	-1
1355	0
1356	-3
1357	-1
1358	-2
1359	0
1360	-3
1361	0
1362	-2
1363	-1
1364	-1
1365	-1
1366	-1
1367	0
1368	-1
1369	0
1370	-1
1371	0
1372	-1
1373	0
1374	-2
1375	0
1376	-2
1377	0
1378	-1
1379	0
1380	-1
1381	0
1382	-1
1383	0
1384	-1
1385	0
1386	-1
1387	0
1388	-1
1389	0
1390	-1
1391	0
1392	-1
1393	0
1394	-1
1395	0
1396	-2
1397	0
1398	-1
1399	0
1400	-2
1401	0
1402	-2
1403	0
1404	-2
1405	0
1406	-1
1407	0
1408	-2
1409	0
1410	-1
1411	0
1412	-2
1413	0
1414	-2
1415	0
1416	0
1417	0
1418	-1
1419	0
1420	-1
1421	0
1422	0
1423	0
1424	0
1425	1
1426	0
1427	0
1428	0
1429	3
1430	0
1431	1
1432	0
1433	2
1434	-1
1435	2
1436	0
1437	1
1438	0
1439	2
1440	0
1441	3
1442	0
1443	3
1444	1
1445	2
1446	0
1447	2
1448	0
1449	2
1450	0
1451	1
1452	0
1453	1
1454	0
1455	2
1456	0
1457	1
1458	0
1459	1
1460	0
1461	1
1462	0
1463	1
1464	0
1465	0
1466	-1
1467	0
1468	0
1469	0
1470	0
1471	0
1472	0
1473	0
1474	0
1475	0
1476	-1
1477	0
1478	-1
1479	0
1480	-1
1481	0
1482	-1
1483	0
1484	-1
1485	0
1486	-2
1487	-1
1488	-1
1489	-1
1490	-3
1491	-1
1492	-2
1493	0
1494	-4
1495	-1
1496	-3
1497	-1
1498	-2
1499	-1
1500	-3
1501	0
1502	-2
1503	0
1504	-2
1505	-2
1506	-3
1507	-1
1508	-2
1509	-1
1510	-2
1511	0
1512	-1
1513	0
1514	-2
1515	0
1516	-1
1517	0
1518	-2
1519	0
1520	-1
1521	0
1522	-2
1523	0
1524	-1
1525	0
1526	-2
1527	0
1528	-2
1529	0
1530	-2
1531	0
1532	-2
1533	0
1534	-1
1535	0
1536	-2
1537	0
1538	-1
1539	0
1540	-1
1541	0
1542	-1
1543	0
1544	-1
1545	0
1546	-1
1547	-1
1548	-1
1549	0
1550	-2
1551	0
1552	-2
1553	0
1554	-1
1555	-1
1556	-2
1557	0
1558	-2
1559	-1
1560	-1
1561	0
1562	-2
1563	-1
1564	-2
1565	0
1566	-1
1567	0
1568	-2
1569	0
1570	-2
1571	-1
1572	-2
1573	0
1574	0
1575	0
1576	-2
1577	0
1578	-2
1579	0
1580	-2
1581	0
1582	-1
1583	0
1584	-2
1585	0
1586	-1
1587	0
1588	-1
1589	0
1590	0
1591	1
1592	-1
1593	0
1594	-1
1595	1
1596	0
1597	0
1598	0
1599	1
1600	0
1601	1
1602	-1
1603	0
1604	-2
1605	0
1606	-2
1607	0
1608	-3
1609	-1
1610	-3
1611	-2
1612	-2
1613	-1
1614	-4
1615	-1
1616	-3
1617	-1
1618	-2
1619	0
1620	-3
1621	-1
1622	-3
1623	0
1624	-2
1625	0
1626	-2
1627	-1
1628	-4
1629	0
1630	-1
1631	0
1632	-2
1633	0
1634	-1
1635	0
1636	-1
1637	0
1638	-1
1639	0
1640	-1
1641	0
1642	-1
1643	0
1644	-1
1645	0
1646	-1
1647	0
1648	-2
1649	-1
1650	-2
1651	0
1652	-2
1653	0
1654	-3
1655	0
1656	-2
1657	0
1658	-3
1659	0
1660	-3
1661	0
1662	-2
1663	-1
1664	-2
1665	-1
1666	-3
1667	-1
1668	-1
1669	-1
1670	-1
1671	0
1672	-2
1673	-1
1674	-3
1675	-1
1676	-2
1677	-1
1678	-1
1679	-1
1680	-1
1681	0
1682	-1
1683	0
1684	-1
1685	0
1686	-1
1687	0
1688	-1
1689	0
1690	-1
1691	0
1692	-1
1693	0
1694	-1
1695	0
1696	-1
1697	0
1698	-1
1699	0
1700	-1
1701	0
1702	-1
1703	0
1704	-1
1705	0
1706	-1
1707	0
1708	0
1709	0
1710	-1
1711	0
1712	0
1713	0
1714	-1
1715	0
1716	-1
1717	0
1718	-1
1719	1
1720	0
1721	0
1722	0
1723	1
1724	0
1725	1
1726	0
1727	1
1728	0
1729	0
1730	-1
1731	-1
1732	-1
1733	0
1734	-1
1735	0
1736	-2
1737	0
1738	-2
1739	0
1740	-1
1741	-1
1742	-1
1743	0
1744	-2
1745	0
1746	-2
1747	0
1748	-2
1749	-1
1750	-2
1751	-1
1752	-1
1753	0
1754	-2
1755	-1
1756	-1
1757	0
1758	-2
1759	-1
1760	-2
1761	0
1762	-2
1763	0
1764	-3
1765	0
1766	-2
1767	-1
1768	-2
1769	-1
1770	-3
1771	-1
1772	-2
1773	-1
1774	-2
1775	0
1776	-2
1777	0
1778	-2
1779	-1
1780	-2
1781	0
1782	-2
1783	0
1784	-2
1785	0
1786	-2
1787	0
1788	-1
1789	-1
1790	-1
1791	0
1792	-1
1793	0
1794	0
1795	0
1796	-1
1797	0
1798	0
1799	0
1800	0
1801	0
1802	0
1803	0
1804	0
1805	0
1806	0
1807	1
1808	0
1809	1
1810	0
1811	1
1812	0
1813	1
1814	0
1815	0
1816	0
1817	1
1818	0
1819	2
1820	1
1821	1
1822	0
1823	1
1824	-1
1825	0
1826	0
1827	1
1828	0
1829	0
1830	0
1831	0
1832	0
1833	0
1834	0
1835	0
1836	-2
1837	0
1838	-2
1839	0
1840	-2
1841	0
1842	-2
1843	-1
1844	-2
1845	-1
1846	-3
1847	-1
1848	-1
1849	0
1850	-1
1851	-1
1852	-1
1853	0
1854	-2
1855	0
1856	-1
1857	0
1858	-1
1859	0
1860	-1
1861	0
1862	-1
1863	0
1864	0
1865	0
1866	0
1867	0
1868	-1
1869	-1
1870	-2
1871	0
1872	-1
1873	0
1874	-1
1875	-1
1876	-1
1877	-1
1878	-2
1879	0
1880	-1
1881	-1
1882	-1
1883	-1
1884	-2
1885	0
1886	-2
1887	0
1888	-3
1889	0
1890	-3
1891	-1
1892	-3
1893	0
1894	-1
1895	-1
1896	-2
1897	-1
1898	-2
1899	0
1900	-2
1901	0
1902	-1
1903	0
1904	-1
1905	0
1906	0
1907	0
1908	0
1909	0
1910	-1
1911	0
1912	0
1913	0
1914	0
1915	0
1916	0
1917	0
1918	0
1919	1
1920	0
1921	0
1922	0
1923	0
1924	-1
1925	0
1926	0
1927	1
1928	0
1929	0
1930	0
1931	1
1932	0
1933	1
1934	0
1935	0
1936	-1
1937	0
1938	-1
1939	0
1940	-1
1941	0
1942	0
1943	0
1944	0
1945	0
1946	-2
1947	0
1948	-1
1949	0
1950	-1
1951	0
1952	-1
1953	0
1954	0
1955	0
1956	-2
1957	-1
1958	-1
1959	-1
1960	-1
1961	0
1962	0
1963	0
1964	-1
1965	0
1966	-1
1967	0
1968	-1
1969	0
1970	0
1971	0
1972	-1
1973	0
1974	-1
1975	0
1976	-2
1977	0
1978	-2
1979	0
1980	-2
1981	0
1982	-1
1983	-1
1984	-1
1985	0
1986	-2
1987	0
1988	-3
1989	-1
1990	-2
1991	0
1992	-2
1993	0
1994	-2
1995	0
1996	-2
1997	0
1998	0
1999	0
