0	-1
1	0
2	0
3	0
4	0
5	0
6	-1
7	0
8	0
9	0
10	0
11	0
12	0
13	0
14	0
15	0
16	0
17	0
18	0
19	0
20	0
21	0
22	0
23	0
24	0
25	0
26	0
27	0
28	0
29	0
30	0
31	0
32	0
33	0
34	0
35	0
36	0
37	0
38	0
39	0
40	-1
41	0
42	0
43	0
44	0
45	0
46	0
47	0
48	0
49	0
50	0
51	0
52	0
53	0
54	0
55	0
56	0
57	0
58	0
59	0
60	0
61	0
62	-1
63	0
64	0
65	0
66	0
67	0
68	0
69	0
70	0
71	1
72	0
73	0
74	0
75	0
76	0
77	0
78	0
79	0
80	0
81	0
82	0
83	0
84	0
85	0
86	0
87	0
88	0
89	0
90	0
91	0
92	0
93	0
94	0
95	0
96	0
97	0
98	0
99	0
100	0
101	0
102	0
103	0
104	0
105	0
106	0
107	0
108	0
109	0
110	0
111	0
112	0
113	0
114	0
115	0
116	0
117	0
118	-1
119	0
120	0
121	0
122	0
123	0
124	-1
125	0
126	0
127	0
128	0
129	0
130	-1
131	0
132	0
133	0
134	0
135	0
136	0
137	0
138	0
139	0
140	0
141	1
142	0
143	1
144	0
145	0
146	0
147	0
148	0
149	1
150	0
151	1
152	0
153	1
154	0
155	0
156	0
157	0
158	0
159	0
160	0
161	1
162	0
163	0
164	0
165	0
166	0
167	0
168	0
169	0
170	0
171	0
172	0
173	0
174	0
175	1
176	0
177	0
178	0
179	1
180	0
181	1
182	0
183	1
184	0
185	1
186	1
187	2
188	0
189	1
190	0
191	1
192	0
193	2
194	1
195	2
196	1
197	2
198	1
199	2
200	1
201	1
202	1
203	1
204	0
205	1
206	0
207	1
208	0
209	0
210	0
211	0
212	0
213	0
214	0
215	1
216	0
217	0
218	0
219	0
220	0
221	0
222	0
223	0
224	0
225	0
226	0
227	0
228	0
229	1
230	0
231	0
232	0
233	0
234	0
235	0
236	0
237	0
238	0
239	0
240	0
241	0
242	0
243	0
244	0
245	0
246	0
247	0
248	0
249	0
250	0
251	0
252	0
253	1
254	0
255	0
256	0
257	0
258	0
259	0
260	0
261	0
262	-1
263	0
264	0
265	0
266	0
267	1
268	0
269	0
270	-1
271	0
272	0
273	0
274	0
275	0
276	0
277	0
278	0
279	0
280	0
281	0
282	0
283	0
284	0
285	0
286	0
287	0
288	0
289	0
290	0
291	1
292	0
293	0
294	0
295	0
296	0
297	0
298	0
299	0
300	-1
301	0
302	-1
303	0
304	-1
305	0
306	-2
307	0
308	0
309	0
310	-1
311	0
312	-1
313	0
314	0
315	0
316	0
317	0
318	0
319	0
320	0
321	1
322	0
323	0
324	-1
325	0
326	0
327	1
328	0
329	1
330	0
331	0
332	0
333	0
334	0
335	1
336	0
337	0
338	0
339	0
340	0
341	0
342	0
343	0
344	0
345	0
346	0
347	0
348	0
349	0
350	-1
351	0
352	0
353	0
354	-1
355	0
356	0
357	0
358	0
359	0
360	0
361	0
362	-1
363	0
364	0
365	0
366	0
367	0
368	0
369	0
370	0
371	0
372	0
373	0
374	0
375	0
376	0
377	0
378	0
379	1
380	0
381	0
382	0
383	0
384	0
385	0
386	-1
387	0
388	0
389	0
390	0
391	0
392	-1
393	0
394	0
395	0
396	0
397	0
398	0
399	0
400	0
401	0
402	0
403	0
404	0
405	0
406	0
407	0
408	0
409	0
410	0
411	0
412	0
413	0
414	0
415	0
416	0
417	0
418	0
419	0
420	0
421	0
422	0
423	0
424	0
425	0
426	0
427	0
428	0
429	0
430	0
431	0
432	0
433	0
434	0
435	1
436	0
437	0
438	0
439	1
440	0
441	1
442	0
443	2
444	0
445	4
446	3
447	5
448	5
449	7
450	8
451	11
452	12
453	15
454	15
455	20
456	19
457	22
458	23
459	27
460	27
461	31
462	31
463	35
464	35
465	39
466	39
467	41
468	42
469	45
470	45
471	47
472	47
473	49
474	49
475	52
476	53
477	57
478	55
479	59
480	56
481	62
482	59
483	63
484	62
485	66
486	63
487	67
488	65
489	70
490	67
491	68
492	67
493	69
494	67
495	72
496	71
497	73
498	73
499	78
500	62
501	71
502	68
503	69
504	68
505	69
506	66
507	69
508	63
509	66
510	62
511	64
512	60
513	61
514	58
515	60
516	56
517	57
518	52
519	54
520	49
521	51
522	47
523	49
524	44
525	47
526	40
527	43
528	39
529	40
530	36
531	38
532	34
533	36
534	31
535	33
536	28
537	31
538	27
539	27
540	23
541	24
542	20
543	21
544	17
545	18
546	15
547	16
548	14
549	15
550	11
551	13
552	9
553	10
554	7
555	9
556	5
557	7
558	5
559	5
560	3
561	4
562	2
563	3
564	0
565	3
566	-1
567	2
568	-1
569	2
570	-4
571	0
572	-2
573	1
574	-4
575	-2
576	-4
577	-1
578	-4
579	-3
580	-5
581	-3
582	-4
583	-4
584	-6
585	-4
586	-6
587	-3
588	-6
589	-4
590	-6
591	-4
592	-7
593	-4
594	-8
595	-4
596	-9
597	-5
598	-6
599	-5
600	-10
601	-6
602	-9
603	-5
604	-10
605	-6
606	-11
607	-5
608	-8
609	-5
610	-9
611	-5
612	-10
613	-5
614	-10
615	-5
616	-9
617	-5
618	-9
619	-4
620	-8
621	-3
622	-7
623	-5
624	-7
625	-3
626	-7
627	-4
628	-8
629	-4
630	-5
631	-5
632	-6
633	-3
634	-7
635	-4
636	-7
637	-4
638	-7
639	-2
640	-7
641	-3
642	-6
643	-2
644	-7
645	-3
646	-6
647	-2
648	-6
649	-3
650	-5
651	-3
652	-5
653	-2
654	-3
655	-2
656	-6
657	-1
658	-6
659	-1
660	-4
661	-1
662	-3
663	0
664	-4
665	0
666	-4
667	0
668	-2
669	0
670	-3
671	0
672	-3
673	0
674	-1
675	0
676	-1
677	0
678	-1
679	0
680	-2
681	0
682	-3
683	0
684	-2
685	0
686	-2
687	0
688	-2
689	0
690	-1
691	0
692	-1
693	0
694	-2
695	0
696	-1
697	0
698	0
699	0
700	-1
701	0
702	-2
703	0
704	-1
705	0
706	-1
707	0
708	-2
709	0
710	-1
711	0
712	-2
713	0
714	-1
715	0
716	-2
717	0
718	-1
719	0
720	-2
721	0
722	-1
723	0
724	0
725	0
726	-2
727	0
728	-1
729	0
730	-1
731	0
732	-2
733	-1
734	0
735	0
736	0
737	0
738	-1
739	-1
740	-1
741	0
742	-2
743	0
744	0
745	0
746	-1
747	0
748	-1
749	0
750	-1
751	0
752	-1
753	0
754	0
755	0
756	0
757	0
758	0
759	0
760	1
761	0
762	0
763	1
764	0
765	1
766	0
767	0
768	0
769	1
770	0
771	1
772	0
773	1
774	0
775	1
776	0
777	0
778	0
779	0
780	0
781	0
782	0
783	0
784	0
785	0
786	0
787	0
788	0
789	1
790	0
791	1
792	0
793	0
794	0
795	0
796	0
797	0
798	0
799	0
800	0
801	0
802	0
803	0
804	0
805	1
806	0
807	0
808	0
809	0
810	0
811	0
812	-1
813	0
814	-1
815	0
816	0
817	0
818	0
819	0
820	-1
821	0
822	-2
823	0
824	-3
825	-1
826	-2
827	-1
828	-1
829	-1
830	-2
831	-1
832	-1
833	-1
834	-1
835	0
836	-3
837	0
838	-1
839	0
840	-2
841	0
842	-1
843	0
844	0
845	0
846	-1
847	0
848	0
849	0
850	0
851	0
852	0
853	0
854	-1
855	0
856	-1
857	0
858	0
859	0
860	0
861	0
862	-1
863	0
864	0
865	0
866	-1
867	0
868	-1
869	0
870	-1
871	0
872	-3
873	0
874	-2
875	0
876	-2
877	-1
878	-2
879	-1
880	-2
881	-1
882	-3
883	-1
884	-2
885	-1
886	-2
887	0
888	-2
889	0
890	-1
891	0
892	-2
893	-1
894	-1
895	0
896	-2
897	-1
898	-1
899	-1
900	-2
901	0
902	-2
903	-1
904	-2
905	0
906	-1
907	0
908	-1
909	-1
910	-2
911	-1
912	-4
913	-1
914	-1
915	0
916	-2
917	0
918	-1
919	0
920	-2
921	0
922	-2
923	0
924	-2
925	0
926	-1
927	0
928	-1
929	0
930	0
931	0
932	0
933	1
934	0
935	1
936	0
937	1
938	0
939	1
940	0
941	1
942	0
943	2
944	1
945	2
946	1
947	1
948	0
949	1
950	0
951	1
952	0
953	1
954	0
955	0
956	0
957	1
958	0
959	1
960	0
961	0
962	0
963	0
964	0
965	0
966	-1
967	1
968	-1
969	0
970	0
971	0
972	0
973	0
974	-1
975	0
976	-2
977	0
978	-1
979	0
980	-1
981	0
982	-2
983	0
984	-1
985	0
986	-1
987	0
988	-1
989	0
990	-1
991	0
992	-2
993	-1
994	-2
995	0
996	-2
997	0
998	-1
999	0
1000	-2
1001	0
1002	-2
1003	-1
1004	-1
1005	-1
1006	-2
1007	-1
1008	-2
1009	-1
1010	-2
1011	0
1012	-3
1013	-1
1014	-1
1015	-1
1016	-2
1017	-1
1018	-3
1019	-1
1020	-2
1021	-1
1022	-1
1023	0
1024	-2
1025	-1
1026	-1
1027	0
1028	-1
1029	0
1030	-1
1031	0
1032	-2
1033	-1
1034	-1
1035	0
1036	-2
1037	0
1038	-2
1039	0
1040	-2
1041	0
1042	-1
1043	0
1044	-1
1045	0
1046	-3
1047	0
1048	-1
1049	0
1050	-1
1051	0
1052	-1
1053	0
1054	-1
1055	0
1056	-2
1057	0
1058	-2
1059	0
1060	-2
1061	0
1062	-2
1063	0
1064	-1
1065	-1
1066	-1
1067	0
1068	-2
1069	0
1070	0
1071	-1
1072	-2
1073	0
1074	-1
1075	0
1076	-1
1077	0
1078	-2
1079	0
1080	-1
1081	-1
1082	-2
1083	0
1084	-1
1085	0
1086	-3
1087	0
1088	-3
1089	0
1090	-1
1091	0
1092	-2
1093	0
1094	-2
1095	0
1096	-2
1097	0
1098	-1
1099	0
1100	-2
1101	0
1102	-1
1103	0
1104	-1
1105	0
1106	-1
1107	0
1108	0
1109	1
1110	0
1111	1
1112	0
1113	0
1114	-1
1115	1
1116	0
1117	0
1118	0
1119	0
1120	0
1121	0
1122	-1
1123	0
1124	0
1125	0
1126	-1
1127	0
1128	0
1129	0
1130	-1
1131	1
1132	0
1133	0
1134	0
1135	0
1136	0
1137	0
1138	0
1139	0
1140	0
1141	0
1142	0
1143	0
1144	0
1145	0
1146	0
1147	0
1148	0
1149	0
1150	0
1151	0
1152	0
1153	1
1154	-1
1155	0
1156	0
1157	0
1158	0
1159	0
1160	-1
1161	0
1162	-2
1163	0
1164	-1
1165	0
1166	-2
1167	-1
1168	0
1169	0
1170	-1
1171	-1
1172	0
1173	-1
1174	-1
1175	0
1176	-1
1177	0
1178	-1
1179	-1
1180	-1
1181	0
1182	-1
1183	-1
1184	-2
1185	0
1186	-2
1187	0
1188	-2
1189	0
1190	-2
1191	-2
1192	-3
1193	-1
1194	-1
1195	-1
1196	-1
1197	-1
1198	-1
1199	-1
1200	-2
1201	0
1202	-3
1203	-1
1204	-2
1205	-1
1206	-2
1207	-1
1208	-2
1209	-1
1210	-3
1211	0
1212	-3
1213	-1
1214	-3
1215	-1
1216	-2
1217	0
1218	-2
1219	-1
1220	-2
1221	0
1222	-1
1223	0
1224	-2
1225	0
1226	-3
1227	0
1228	-2
1229	0
1230	-1
1231	0
1232	-1
1233	0
1234	-2
1235	0
1236	-2
1237	0
1238	0
1239	0
1240	-2
1241	0
1242	-1
1243	0
1244	-1
1245	0
1246	-1
1247	0
1248	-1
1249	0
1250	-1
1251	0
1252	-2
1253	-1
1254	-2
1255	-1
1256	-2
1257	-1
1258	-3
1259	0
1260	-3
1261	-1
1262	-2
1263	-1
1264	-2
1265	0
1266	-1
1267	0
1268	-1
1269	0
1270	-1
1271	0
1272	-2
1273	0
1274	-2
1275	0
1276	-3
1277	0
1278	-2
1279	0
1280	-2
1281	0
1282	-1
1283	0
1284	-1
1285	0
1286	-2
1287	0
1288	-1
1289	0
1290	-1
1291	0
1292	-1
1293	0
1294	-1
1295	0
1296	-2
1297	0
1298	-1
1299	0
1300	-1
1301	0
1302	-1
1303	-1
1304	-3
1305	-1
1306	-1
1307	-1
1308	-1
1309	-1
1310	-1
1311	0
1312	-3
1313	-1
1314	-2
1315	0
1316	-1
1317	0
1318	0
1319	0
1320	-2
1321	0
1322	0
1323	0
1324	-2
1325	0
1326	-2
1327	0
1328	-1
1329	0
1330	-2
1331	0
1332	-2
1333	0
1334	-2
1335	0
1336	-1
1337	0
1338	-1
1339	-1
1340	-3
1341	0
1342	-4
1343	0
1344	-3
1345	-1
1346	-3
1347	0
1348	-2
1349	0
1350	-2
1351	-1
1352	-2
1353	0
1354	-2
1355	0
1356	-1
1357	0
1358	0
1359	0
1360	0
1361	0
1362	0
1363	0
1364	-1
1365	0
1366	-1
1367	0
1368	0
1369	0
1370	0
1371	0
1372	-1
1373	0
1374	0
1375	0
1376	0
1377	0
1378	0
1379	0
1380	-1
1381	0
1382	0
1383	0
1384	-1
1385	0
1386	0
1387	0
1388	-1
1389	0
1390	0
1391	0
1392	0
1393	0
1394	-1
1395	0
1396	0
1397	1
1398	-1
1399	1
1400	0
1401	0
1402	0
1403	0
1404	0
1405	0
1406	0
1407	0
1408	0
1409	0
1410	0
1411	1
1412	0
1413	1
1414	-2
1415	1
1416	-2
1417	0
1418	0
1419	0
1420	-1
1421	0
1422	-1
1423	0
1424	0
1425	0
1426	0
1427	0
1428	-1
1429	0
1430	-1
1431	0
1432	-1
1433	0
1434	0
1435	0
1436	0
1437	0
1438	-1
1439	0
1440	-1
1441	0
1442	-2
1443	0
1444	-3
1445	0
1446	-2
1447	0
1448	-1
1449	0
1450	-1
1451	0
1452	-2
1453	0
1454	-2
1455	0
1456	-3
1457	0
1458	-2
1459	0
1460	-2
1461	0
1462	-2
1463	0
1464	-2
1465	0
1466	-2
1467	0
1468	-2
1469	0
1470	-2
1471	0
1472	-2
1473	0
1474	-1
1475	0
1476	-1
1477	0
1478	-3
1479	0
1480	-2
1481	0
1482	-1
1483	0
1484	-1
1485	0
1486	-1
1487	0
1488	-2
1489	0
1490	0
1491	0
1492	-2
1493	0
1494	-2
1495	0
1496	-2
1497	0
1498	-1
1499	0
1500	0
1501	0
1502	-2
1503	0
1504	-1
1505	0
1506	-2
1507	0
1508	-2
1509	0
1510	-1
1511	0
1512	-1
1513	0
1514	-1
1515	0
1516	-1
1517	0
1518	-2
1519	0
1520	-3
1521	0
1522	-2
1523	0
1524	-1
1525	0
1526	-2
1527	0
1528	-1
1529	0
1530	-2
1531	0
1532	-2
1533	0
1534	-1
1535	0
1536	-1
1537	-1
1538	-1
1539	0
1540	-3
1541	0
1542	-1
1543	0
1544	-1
1545	0
1546	-1
1547	0
1548	-2
1549	0
1550	-1
1551	0
1552	-3
1553	0
1554	-2
1555	-1
1556	-2
1557	0
1558	-2
1559	0
1560	-1
1561	-1
1562	-1
1563	0
1564	-1
1565	0
1566	-1
1567	0
1568	-3
1569	0
1570	-2
1571	0
1572	-3
1573	0
1574	-1
1575	0
1576	-2
1577	0
1578	-2
1579	-1
1580	-1
1581	0
1582	-1
1583	0
1584	-1
1585	0
1586	-1
1587	0
1588	-2
1589	0
1590	-1
1591	0
1592	-1
1593	0
1594	-1
1595	0
1596	-1
1597	0
1598	-1
1599	0
1600	-1
1601	0
1602	0
1603	0
1604	-1
1605	0
1606	-1
1607	0
1608	0
1609	0
1610	-1
1611	0
1612	-1
1613	0
1614	-1
1615	0
1616	-2
1617	0
1618	-2
1619	0
1620	0
1621	0
1622	-1
1623	0
1624	-2
1625	0
1626	-1
1627	0
1628	-2
1629	-1
1630	-2
1631	0
1632	-2
1633	0
1634	0
1635	0
1636	-1
1637	0
1638	-1
1639	0
1640	-1
1641	0
1642	-2
1643	0
1644	-1
1645	0
1646	0
1647	0
1648	-2
1649	0
1650	-2
1651	0
1652	-2
1653	0
1654	-2
1655	-1
1656	-2
1657	0
1658	-2
1659	-1
1660	-2
1661	0
1662	-3
1663	-1
1664	-1
1665	0
1666	-2
1667	0
1668	-2
1669	0
1670	-1
1671	-1
1672	-2
1673	0
1674	-2
1675	0
1676	-1
1677	0
1678	-1
1679	0
1680	-3
1681	0
1682	-1
1683	0
1684	-2
1685	0
1686	0
1687	0
1688	0
1689	0
1690	0
1691	0
1692	-1
1693	0
1694	0
1695	0
1696	-1
1697	0
1698	0
1699	0
1700	-1
1701	0
1702	-1
1703	0
1704	-2
1705	0
1706	-2
1707	0
1708	-2
1709	0
1710	-1
1711	0
1712	-1
1713	0
1714	-1
1715	0
1716	-1
1717	0
1718	-1
1719	0
1720	-2
1721	0
1722	-1
1723	0
1724	-2
1725	0
1726	-1
1727	0
1728	-1
1729	0
1730	-1
1731	0
1732	-1
1733	0
1734	-1
1735	0
1736	0
1737	0
1738	-1
1739	0
1740	0
1741	0
1742	-1
1743	0
1744	-1
1745	0
1746	-1
1747	0
1748	-2
1749	0
1750	0
1751	0
1752	-1
1753	0
1754	-2
1755	0
1756	-1
1757	-1
1758	0
1759	0
1760	-1
1761	-1
1762	-2
1763	0
1764	-2
1765	0
1766	-1
1767	0
1768	-2
1769	0
1770	-1
1771	0
1772	-1
1773	0
1774	-2
1775	0
1776	-1
1777	0
1778	-1
1779	0
1780	-2
1781	0
1782	0
1783	0
1784	-1
1785	0
1786	-1
1787	0
1788	-1
1789	0
1790	-1
1791	0
1792	-2
1793	0
1794	-1
1795	0
1796	0
1797	0
1798	-1
1799	0
1800	-1
1801	0
1802	-2
1803	0
1804	-1
1805	0
1806	-1
1807	0
1808	-1
1809	0
1810	-2
1811	0
1812	0
1813	0
1814	-2
1815	0
1816	-2
1817	0
1818	-1
1819	0
1820	-1
1821	0
1822	0
1823	0
1824	-1
1825	0
1826	0
1827	0
1828	0
1829	0
1830	-1
1831	0
1832	-1
1833	0
1834	-1
1835	0
1836	-1
1837	0
1838	-1
1839	0
1840	0
1841	0
1842	-1
1843	0
1844	-1
1845	0
1846	-1
1847	0
1848	-1
1849	0
1850	-1
1851	0
1852	-1
1853	0
1854	-1
1855	0
1856	-2
1857	0
1858	-2
1859	0
1860	-2
1861	0
1862	-2
1863	-1
1864	-2
1865	0
1866	-1
1867	0
1868	-2
1869	0
1870	-1
1871	0
1872	-1
1873	0
1874	0
1875	0
1876	-1
1877	0
1878	-2
1879	0
1880	-1
1881	0
1882	0
1883	0
1884	-1
1885	0
1886	-1
1887	0
1888	0
1889	0
1890	-1
1891	0
1892	-1
1893	0
1894	-1
1895	-1
1896	-2
1897	0
1898	-2
1899	0
1900	-3
1901	-1
1902	-3
1903	0
1904	-1
1905	0
1906	-1
1907	0
1908	-1
1909	0
1910	-1
1911	0
1912	-1
1913	0
1914	0
1915	0
1916	0
1917	0
1918	-1
1919	0
1920	-1
1921	0
1922	-1
1923	0
1924	0
1925	0
1926	0
1927	0
1928	0
1929	0
1930	0
1931	0
1932	-1
1933	0
1934	-1
1935	0
1936	-2
1937	0
1938	-1
1939	0
1940	-1
1941	0
1942	-1
1943	0
1944	-1
1945	0
1946	-1
1947	0
1948	-1
1949	0
1950	-2
1951	0
1952	-2
1953	0
1954	-2
1955	0
1956	-2
1957	0
1958	0
1959	0
1960	-1
1961	0
1962	-1
1963	0
1964	0
1965	0
1966	-2
1967	0
1968	-2
1969	0
1970	0
1971	0
1972	-1
1973	0
1974	0
1975	0
1976	-1
1977	0
1978	0
1979	0
1980	0
1981	0
1982	0
1983	0
1984	0
1985	0
1986	0
1987	0
1988	0
1989	0
1990	-1
1991	0
1992	0
1993	0
1994	-1
1995	0
1996	0
1997	0
1998	0
1999	0
