0	0
1	0
2	0
3	1
4	0
5	1
6	0
7	1
8	0
9	1
10	0
11	2
12	0
13	0
14	0
15	1
16	0
17	1
18	0
19	1
20	0
21	1
22	0
23	0
24	0
25	0
26	0
27	1
28	0
29	0
30	0
31	1
32	0
33	0
34	0
35	1
36	0
37	1
38	0
39	0
40	0
41	0
42	0
43	1
44	0
45	0
46	0
47	0
48	0
49	0
50	0
51	0
52	0
53	0
54	0
55	1
56	0
57	0
58	0
59	1
60	0
61	1
62	0
63	1
64	0
65	1
66	0
67	0
68	0
69	0
70	0
71	0
72	0
73	0
74	0
75	1
76	0
77	0
78	0
79	1
80	0
81	0
82	0
83	0
84	0
85	0
86	0
87	0
88	0
89	0
90	0
91	0
92	0
93	0
94	0
95	0
96	0
97	0
98	0
99	0
100	0
101	0
102	0
103	0
104	0
105	0
106	0
107	0
108	0
109	0
110	0
111	0
112	0
113	0
114	0
115	0
116	0
117	0
118	0
119	0
120	0
121	0
122	0
123	0
124	0
125	0
126	0
127	0
128	0
129	0
130	0
131	0
132	0
133	0
134	0
135	0
136	0
137	0
138	0
139	0
140	0
141	0
142	0
143	0
144	0
145	0
146	0
147	0
148	0
149	0
150	0
151	0
152	0
153	0
154	0
155	0
156	0
157	0
158	0
159	0
160	0
161	0
162	0
163	0
164	0
165	0
166	0
167	0
168	0
169	0
170	0
171	0
172	0
173	0
174	0
175	0
176	0
177	0
178	0
179	0
180	0
181	0
182	0
183	0
184	0
185	0
186	0
187	0
188	0
189	0
190	0
191	0
192	0
193	0
194	0
195	0
196	0
197	0
198	0
199	0
200	0
201	0
202	0
203	0
204	0
205	0
206	0
207	0
208	0
209	0
210	0
211	0
212	0
213	0
214	0
215	0
216	0
217	0
218	0
219	0
220	0
221	0
222	0
223	1
224	0
225	1
226	0
227	0
228	0
229	0
230	0
231	0
232	0
233	0
234	0
235	0
236	0
237	0
238	0
239	0
240	-1
241	0
242	0
243	0
244	-1
245	0
246	0
247	0
248	0
249	0
250	0
251	0
252	0
253	0
254	0
255	0
256	0
257	0
258	0
259	0
260	0
261	0
262	0
263	0
264	0
265	0
266	0
267	0
268	0
269	1
270	0
271	1
272	0
273	0
274	0
275	0
276	0
277	0
278	0
279	0
280	0
281	0
282	0
283	0
284	0
285	0
286	0
287	0
288	0
289	0
290	0
291	0
292	0
293	0
294	0
295	0
296	0
297	0
298	0
299	0
300	0
301	0
302	0
303	0
304	0
305	0
306	0
307	1
308	0
309	0
310	0
311	0
312	0
313	0
314	0
315	0
316	0
317	0
318	0
319	0
320	0
321	0
322	0
323	0
324	0
325	0
326	0
327	0
328	0
329	1
330	0
331	0
332	0
333	0
334	0
335	1
336	0
337	0
338	0
339	1
340	0
341	0
342	0
343	0
344	0
345	1
346	0
347	0
348	0
349	0
350	0
351	0
352	0
353	0
354	-1
355	0
356	0
357	0
358	0
359	0
360	-1
361	0
362	-1
363	0
364	0
365	1
366	-1
367	0
368	0
369	0
370	0
371	0
372	0
373	0
374	0
375	0
376	0
377	0
378	0
379	0
380	0
381	0
382	0
383	0
384	0
385	0
386	0
387	0
388	0
389	0
390	0
391	0
392	0
393	0
394	0
395	0
396	0
397	0
398	0
399	0
400	0
401	0
402	0
403	0
404	0
405	0
406	0
407	0
408	0
409	0
410	0
411	0
412	0
413	0
414	0
415	0
416	0
417	0
418	0
419	0
420	0
421	0
422	0
423	0
424	0
425	0
426	0
427	0
428	0
429	0
430	0
431	0
432	0
433	1
434	0
435	1
436	0
437	2
438	1
439	4
440	3
441	6
442	7
443	10
444	10
445	14
446	15
447	18
448	19
449	25
450	25
451	29
452	31
453	35
454	36
455	42
456	44
457	49
458	49
459	54
460	56
461	59
462	61
463	65
464	67
465	68
466	71
467	74
468	74
469	77
470	77
471	81
472	80
473	84
474	82
475	84
476	85
477	85
478	86
479	86
480	86
481	86
482	85
483	87
484	85
485	86
486	83
487	85
488	84
489	85
490	84
491	83
492	79
493	80
494	76
495	76
496	75
497	76
498	76
499	78
500	62
501	71
502	66
503	67
504	64
505	65
506	61
507	62
508	56
509	59
510	53
511	54
512	51
513	51
514	47
515	47
516	43
517	43
518	40
519	41
520	37
521	38
522	33
523	33
524	31
525	31
526	27
527	28
528	26
529	25
530	23
531	24
532	20
533	21
534	16
535	19
536	14
537	16
538	12
539	13
540	9
541	12
542	9
543	10
544	7
545	8
546	5
547	6
548	4
549	6
550	2
551	3
552	1
553	1
554	0
555	0
556	-3
557	-2
558	-5
559	-2
560	-5
561	-4
562	-8
563	-5
564	-10
565	-7
566	-10
567	-8
568	-11
569	-8
570	-11
571	-9
572	-11
573	-8
574	-13
575	-11
576	-12
577	-10
578	-13
579	-10
580	-11
581	-10
582	-11
583	-11
584	-13
585	-11
586	-12
587	-11
588	-13
589	-12
590	-13
591	-13
592	-13
593	-11
594	-14
595	-11
596	-14
597	-11
598	-14
599	-12
600	-14
601	-11
602	-13
603	-11
604	-13
605	-12
606	-13
607	-11
608	-12
609	-11
610	-13
611	-11
612	-13
613	-11
614	-14
615	-10
616	-14
617	-9
618	-12
619	-9
620	-11
621	-9
622	-11
623	-9
624	-10
625	-8
626	-9
627	-8
628	-10
629	-6
630	-9
631	-8
632	-9
633	-7
634	-10
635	-8
636	-8
637	-5
638	-7
639	-5
640	-8
641	-6
642	-8
643	-4
644	-8
645	-5
646	-8
647	-5
648	-8
649	-5
650	-8
651	-2
652	-6
653	-3
654	-7
655	-2
656	-6
657	-2
658	-4
659	-2
660	-4
661	-1
662	-5
663	0
664	-4
665	-2
666	-3
667	-1
668	-3
669	-2
670	-3
671	-1
672	-3
673	-2
674	-4
675	-2
676	-3
677	-2
678	-4
679	-1
680	-4
681	-2
682	-5
683	-1
684	-4
685	-2
686	-4
687	-2
688	-3
689	-1
690	-4
691	-2
692	-3
693	-1
694	-3
695	-1
696	-3
697	-1
698	-3
699	-1
700	-3
701	-1
702	-3
703	0
704	-1
705	0
706	0
707	0
708	-1
709	0
710	-1
711	0
712	-2
713	0
714	-2
715	0
716	-1
717	0
718	-2
719	-1
720	-1
721	0
722	-1
723	0
724	-1
725	0
726	-1
727	-1
728	-1
729	-1
730	-1
731	-1
732	-1
733	-1
734	-1
735	-1
736	-2
737	-2
738	-2
739	-1
740	-3
741	-1
742	-1
743	-1
744	-1
745	-1
746	-2
747	-1
748	-2
749	0
750	-2
751	0
752	-2
753	0
754	0
755	0
756	0
757	0
758	0
759	0
760	0
761	0
762	0
763	0
764	0
765	0
766	0
767	2
768	0
769	1
770	0
771	1
772	0
773	1
774	0
775	1
776	0
777	0
778	0
779	1
780	0
781	0
782	0
783	0
784	0
785	0
786	0
787	0
788	0
789	1
790	0
791	0
792	0
793	0
794	0
795	0
796	0
797	0
798	0
799	0
800	0
801	0
802	0
803	0
804	0
805	0
806	0
807	0
808	-1
809	0
810	0
811	0
812	0
813	0
814	0
815	0
816	0
817	0
818	0
819	0
820	0
821	0
822	0
823	0
824	0
825	0
826	-1
827	0
828	0
829	0
830	-1
831	0
832	0
833	0
834	0
835	0
836	0
837	0
838	0
839	0
840	0
841	0
842	0
843	0
844	0
845	0
846	0
847	0
848	0
849	0
850	0
851	0
852	-1
853	0
854	0
855	0
856	0
857	0
858	0
859	0
860	0
861	0
862	0
863	0
864	0
865	0
866	0
867	0
868	0
869	0
870	0
871	0
872	-1
873	0
874	0
875	0
876	0
877	0
878	0
879	0
880	0
881	1
882	0
883	2
884	1
885	2
886	1
887	1
888	1
889	2
890	2
891	3
892	1
893	2
894	2
895	4
896	2
897	3
898	3
899	3
900	1
901	2
902	2
903	2
904	1
905	1
906	2
907	2
908	2
909	1
910	1
911	2
912	1
913	1
914	0
915	1
916	0
917	1
918	0
919	2
920	0
921	1
922	0
923	0
924	0
925	0
926	0
927	0
928	0
929	0
930	0
931	0
932	0
933	0
934	0
935	0
936	0
937	0
938	-1
939	0
940	-1
941	0
942	0
943	0
944	-1
945	0
946	0
947	0
948	0
949	0
950	-1
951	0
952	0
953	0
954	0
955	-1
956	-1
957	0
958	-1
959	0
960	-3
961	0
962	-3
963	-1
964	-2
965	-1
966	-2
967	0
968	-2
969	0
970	-2
971	-1
972	-2
973	0
974	-1
975	0
976	0
977	0
978	0
979	0
980	-1
981	0
982	-1
983	0
984	0
985	1
986	0
987	1
988	0
989	1
990	0
991	1
992	0
993	1
994	0
995	0
996	0
997	1
998	0
999	0
1000	0
1001	0
1002	0
1003	0
1004	-1
1005	1
1006	0
1007	0
1008	0
1009	0
1010	-2
1011	0
1012	-2
1013	0
1014	-1
1015	0
1016	-1
1017	0
1018	-1
1019	0
1020	0
1021	0
1022	-1
1023	0
1024	0
1025	0
1026	-1
1027	0
1028	0
1029	0
1030	0
1031	0
1032	0
1033	0
1034	0
1035	0
1036	0
1037	0
1038	-1
1039	0
1040	-1
1041	0
1042	-2
1043	0
1044	-2
1045	0
1046	-2
1047	0
1048	-2
1049	0
1050	-1
1051	0
1052	-1
1053	-1
1054	-1
1055	0
1056	-1
1057	0
1058	-1
1059	0
1060	-2
1061	0
1062	-2
1063	-1
1064	-2
1065	0
1066	-2
1067	-1
1068	-2
1069	0
1070	-1
1071	0
1072	-2
1073	0
1074	-2
1075	-1
1076	-2
1077	-1
1078	0
1079	0
1080	-2
1081	0
1082	-2
1083	-1
1084	-2
1085	0
1086	-1
1087	0
1088	-2
1089	0
1090	-2
1091	-1
1092	-2
1093	-1
1094	-2
1095	-2
1096	-2
1097	-1
1098	-2
1099	-1
1100	-1
1101	0
1102	-2
1103	0
1104	-2
1105	-1
1106	-2
1107	0
1108	-1
1109	0
1110	-1
1111	0
1112	-1
1113	-1
1114	-2
1115	0
1116	-1
1117	-1
1118	-2
1119	-1
1120	-1
1121	-1
1122	-2
1123	-1
1124	-2
1125	0
1126	-2
1127	-1
1128	-1
1129	0
1130	0
1131	0
1132	-1
1133	0
1134	-1
1135	0
1136	-1
1137	0
1138	0
1139	0
1140	-1
1141	0
1142	0
1143	0
1144	-1
1145	0
1146	0
1147	0
1148	0
1149	0
1150	0
1151	0
1152	0
1153	0
1154	-1
1155	0
1156	-1
1157	0
1158	-1
1159	0
1160	-1
1161	0
1162	0
1163	-1
1164	-1
1165	-1
1166	-1
1167	0
1168	-1
1169	0
1170	-1
1171	-1
1172	-2
1173	-1
1174	-2
1175	-2
1176	-2
1177	0
1178	-1
1179	0
1180	-2
1181	0
1182	0
1183	0
1184	-1
1185	0
1186	0
1187	0
1188	0
1189	0
1190	-1
1191	0
1192	0
1193	0
1194	0
1195	0
1196	0
1197	-1
1198	-1
1199	0
1200	-1
1201	0
1202	-1
1203	0
1204	-2
1205	-1
1206	-1
1207	0
1208	-1
1209	0
1210	-1
1211	-1
1212	-1
1213	0
1214	-1
1215	0
1216	0
1217	0
1218	-1
1219	0
1220	-1
1221	0
1222	-1
1223	0
1224	-1
1225	0
1226	-1
1227	0
1228	0
1229	-1
1230	0
1231	0
1232	0
1233	0
1234	0
1235	-1
1236	-1
1237	0
1238	0
1239	0
1240	0
1241	0
1242	-1
1243	0
1244	-1
1245	0
1246	0
1247	0
1248	-1
1249	0
1250	0
1251	0
1252	0
1253	0
1254	0
1255	0
1256	0
1257	0
1258	0
1259	0
1260	0
1261	0
1262	0
1263	0
1264	0
1265	0
1266	-1
1267	0
1268	-2
1269	0
1270	-1
1271	0
1272	-1
1273	-1
1274	-1
1275	-1
1276	0
1277	-1
1278	-1
1279	-1
1280	-1
1281	0
1282	-1
1283	0
1284	-1
1285	0
1286	-1
1287	0
1288	0
1289	0
1290	-1
1291	0
1292	-2
1293	-1
1294	-1
1295	0
1296	-1
1297	0
1298	-2
1299	-1
1300	-1
1301	-1
1302	-1
1303	0
1304	-1
1305	0
1306	0
1307	0
1308	-1
1309	0
1310	-2
1311	0
1312	-1
1313	0
1314	-2
1315	-1
1316	-1
1317	0
1318	-1
1319	0
1320	0
1321	0
1322	0
1323	-1
1324	-1
1325	0
1326	0
1327	0
1328	-1
1329	0
1330	0
1331	0
1332	0
1333	0
1334	0
1335	0
1336	-1
1337	0
1338	0
1339	0
1340	0
1341	0
1342	-1
1343	-1
1344	0
1345	0
1346	0
1347	0
1348	-1
1349	0
1350	-1
1351	0
1352	-2
1353	0
1354	-2
1355	0
1356	-1
1357	0
1358	-1
1359	0
1360	-1
1361	-1
1362	-2
1363	0
1364	0
1365	0
1366	0
1367	0
1368	-1
1369	0
1370	0
1371	0
1372	0
1373	0
1374	-1
1375	0
1376	-1
1377	0
1378	0
1379	0
1380	0
1381	0
1382	0
1383	0
1384	-1
1385	0
1386	0
1387	1
1388	-1
1389	0
1390	-1
1391	0
1392	-1
1393	0
1394	-1
1395	0
1396	-1
1397	-1
1398	-2
1399	-1
1400	-2
1401	-2
1402	-2
1403	-1
1404	-2
1405	-1
1406	-1
1407	-1
1408	-1
1409	-1
1410	-2
1411	0
1412	-1
1413	0
1414	-2
1415	0
1416	-1
1417	0
1418	-1
1419	0
1420	-1
1421	0
1422	0
1423	0
1424	-1
1425	0
1426	0
1427	0
1428	0
1429	0
1430	0
1431	0
1432	0
1433	0
1434	0
1435	0
1436	0
1437	0
1438	0
1439	0
1440	0
1441	0
1442	0
1443	0
1444	0
1445	0
1446	-1
1447	0
1448	-2
1449	0
1450	-1
1451	0
1452	-1
1453	0
1454	-1
1455	-1
1456	-2
1457	0
1458	-1
1459	0
1460	-1
1461	0
1462	-2
1463	0
1464	-2
1465	-1
1466	0
1467	-1
1468	-2
1469	-1
1470	-2
1471	-1
1472	-1
1473	0
1474	0
1475	0
1476	-1
1477	0
1478	-1
1479	0
1480	-1
1481	0
1482	-1
1483	0
1484	-1
1485	0
1486	-1
1487	0
1488	0
1489	0
1490	0
1491	0
1492	0
1493	0
1494	0
1495	0
1496	0
1497	0
1498	0
1499	0
1500	0
1501	0
1502	0
1503	0
1504	0
1505	0
1506	0
1507	1
1508	-1
1509	0
1510	0
1511	1
1512	0
1513	2
1514	0
1515	2
1516	0
1517	2
1518	0
1519	1
1520	1
1521	2
1522	2
1523	3
1524	1
1525	3
1526	2
1527	4
1528	0
1529	3
1530	2
1531	4
1532	3
1533	3
1534	2
1535	3
1536	1
1537	3
1538	2
1539	3
1540	2
1541	2
1542	1
1543	3
1544	2
1545	3
1546	1
1547	3
1548	2
1549	3
1550	1
1551	2
1552	2
1553	2
1554	2
1555	2
1556	2
1557	2
1558	3
1559	2
1560	1
1561	2
1562	1
1563	2
1564	2
1565	3
1566	1
1567	2
1568	1
1569	1
1570	1
1571	2
1572	2
1573	3
1574	1
1575	2
1576	1
1577	2
1578	1
1579	2
1580	1
1581	2
1582	1
1583	1
1584	1
1585	1
1586	0
1587	2
1588	0
1589	1
1590	0
1591	2
1592	1
1593	1
1594	1
1595	1
1596	0
1597	1
1598	0
1599	2
1600	0
1601	0
1602	0
1603	1
1604	1
1605	1
1606	0
1607	1
1608	0
1609	0
1610	0
1611	0
1612	0
1613	0
1614	-1
1615	0
1616	0
1617	0
1618	0
1619	0
1620	-1
1621	0
1622	0
1623	0
1624	0
1625	0
1626	0
1627	0
1628	0
1629	0
1630	0
1631	0
1632	0
1633	0
1634	0
1635	0
1636	0
1637	0
1638	0
1639	0
1640	0
1641	0
1642	-1
1643	0
1644	0
1645	0
1646	-1
1647	0
1648	-1
1649	0
1650	0
1651	0
1652	-2
1653	0
1654	-3
1655	0
1656	-2
1657	-1
1658	-1
1659	-2
1660	-1
1661	-2
1662	-1
1663	-1
1664	-2
1665	-1
1666	-2
1667	-1
1668	-1
1669	0
1670	-2
1671	0
1672	-1
1673	0
1674	-1
1675	-1
1676	-1
1677	-1
1678	-1
1679	0
1680	-2
1681	0
1682	-1
1683	0
1684	-1
1685	0
1686	-1
1687	0
1688	-1
1689	0
1690	-1
1691	0
1692	-1
1693	0
1694	-1
1695	0
1696	-1
1697	0
1698	-1
1699	0
1700	-1
1701	0
1702	-2
1703	0
1704	-2
1705	-1
1706	-2
1707	-1
1708	-2
1709	0
1710	-2
1711	0
1712	-3
1713	-1
1714	-2
1715	-1
1716	-2
1717	-1
1718	-2
1719	-1
1720	-3
1721	-1
1722	-2
1723	-1
1724	-2
1725	-1
1726	-2
1727	0
1728	-2
1729	-1
1730	-1
1731	0
1732	-1
1733	0
1734	-1
1735	0
1736	-1
1737	0
1738	0
1739	0
1740	-2
1741	0
1742	-1
1743	0
1744	-1
1745	0
1746	-1
1747	-1
1748	-1
1749	0
1750	0
1751	0
1752	0
1753	0
1754	0
1755	0
1756	-1
1757	0
1758	0
1759	0
1760	-1
1761	0
1762	0
1763	0
1764	0
1765	0
1766	-1
1767	0
1768	0
1769	0
1770	0
1771	0
1772	0
1773	0
1774	-1
1775	0
1776	-1
1777	0
1778	-2
1779	0
1780	-1
1781	-1
1782	-2
1783	-1
1784	-2
1785	-1
1786	-2
1787	0
1788	0
1789	0
1790	-1
1791	0
1792	-1
1793	0
1794	-1
1795	0
1796	0
1797	0
1798	0
1799	0
1800	0
1801	0
1802	-1
1803	0
1804	-1
1805	0
1806	0
1807	0
1808	0
1809	0
1810	0
1811	0
1812	0
1813	0
1814	0
1815	0
1816	0
1817	0
1818	0
1819	0
1820	0
1821	1
1822	0
1823	0
1824	-1
1825	0
1826	-1
1827	0
1828	0
1829	0
1830	0
1831	0
1832	-1
1833	0
1834	-1
1835	0
1836	0
1837	0
1838	-1
1839	0
1840	-1
1841	0
1842	-1
1843	-1
1844	-2
1845	0
1846	0
1847	0
1848	-1
1849	-1
1850	-1
1851	-1
1852	-2
1853	-1
1854	-1
1855	0
1856	-2
1857	-1
1858	-2
1859	0
1860	-1
1861	0
1862	-1
1863	0
1864	-1
1865	0
1866	-1
1867	-1
1868	-1
1869	0
1870	-1
1871	0
1872	-1
1873	0
1874	-1
1875	0
1876	0
1877	0
1878	0
1879	0
1880	-1
1881	0
1882	-1
1883	0
1884	0
1885	0
1886	0
1887	0
1888	-1
1889	0
1890	-1
1891	0
1892	-1
1893	0
1894	-1
1895	0
1896	-1
1897	0
1898	-2
1899	-1
1900	-1
1901	0
1902	-1
1903	0
1904	-3
1905	0
1906	0
1907	0
1908	-1
1909	0
1910	-1
1911	0
1912	-1
1913	0
1914	-1
1915	0
1916	0
1917	0
1918	0
1919	0
1920	0
1921	0
1922	0
1923	1
1924	0
1925	0
1926	1
1927	2
1928	2
1929	2
1930	2
1931	2
1932	2
1933	2
1934	2
1935	3
1936	3
1937	3
1938	3
1939	3
1940	2
1941	4
1942	3
1943	2
1944	2
1945	3
1946	2
1947	3
1948	1
1949	2
1950	2
1951	2
1952	1
1953	2
1954	2
1955	2
1956	2
1957	1
1958	0
1959	2
1960	1
1961	2
1962	2
1963	2
1964	0
1965	2
1966	0
1967	3
1968	1
1969	2
1970	0
1971	1
1972	1
1973	2
1974	0
1975	2
1976	0
1977	1
1978	0
1979	0
1980	2
1981	1
1982	0
1983	2
1984	0
1985	0
1986	0
1987	0
1988	1
1989	1
1990	0
1991	0
1992	0
1993	0
1994	0
1995	0
1996	0
1997	0
1998	0
1999	0
