0	0
1	1
2	0
3	1
4	0
5	2
6	0
7	1
8	0
9	1
10	-1
11	1
12	0
13	0
14	-1
15	1
16	0
17	0
18	0
19	0
20	0
21	0
22	0
23	0
24	0
25	0
26	0
27	0
28	0
29	0
30	0
31	1
32	0
33	1
34	0
35	1
36	0
37	1
38	1
39	1
40	0
41	0
42	0
43	1
44	0
45	1
46	0
47	1
48	0
49	2
50	0
51	3
52	0
53	2
54	0
55	1
56	0
57	1
58	0
59	3
60	0
61	2
62	0
63	2
64	0
65	2
66	0
67	2
68	0
69	2
70	0
71	0
72	0
73	0
74	0
75	0
76	0
77	0
78	-1
79	0
80	0
81	0
82	0
83	0
84	0
85	1
86	0
87	0
88	0
89	1
90	0
91	1
92	0
93	1
94	0
95	1
96	0
97	1
98	0
99	2
100	0
101	1
102	0
103	1
104	0
105	0
106	0
107	0
108	0
109	0
110	0
111	2
112	0
113	1
114	0
115	2
116	0
117	1
118	0
119	1
120	0
121	0
122	0
123	0
124	0
125	0
126	0
127	0
128	0
129	0
130	0
131	0
132	0
133	0
134	0
135	0
136	0
137	1
138	0
139	1
140	0
141	2
142	0
143	2
144	0
145	1
146	0
147	1
148	0
149	2
150	0
151	1
152	0
153	2
154	0
155	0
156	0
157	1
158	-1
159	1
160	0
161	1
162	0
163	0
164	0
165	2
166	0
167	0
168	0
169	1
170	-1
171	1
172	0
173	1
174	0
175	1
176	0
177	1
178	0
179	2
180	0
181	2
182	0
183	2
184	0
185	2
186	0
187	2
188	0
189	1
190	0
191	2
192	0
193	1
194	0
195	1
196	0
197	0
198	0
199	1
200	0
201	0
202	-1
203	0
204	-1
205	2
206	0
207	1
208	0
209	0
210	0
211	1
212	0
213	0
214	0
215	0
216	0
217	2
218	0
219	0
220	0
221	1
222	0
223	2
224	0
225	1
226	0
227	1
228	0
229	2
230	0
231	1
232	0
233	1
234	0
235	1
236	1
237	1
238	0
239	1
240	0
241	1
242	0
243	1
244	0
245	1
246	0
247	1
248	0
249	0
250	0
251	1
252	0
253	1
254	0
255	0
256	0
257	0
258	-1
259	0
260	-1
261	1
262	0
263	0
264	-1
265	2
266	0
267	0
268	0
269	1
270	0
271	2
272	0
273	2
274	0
275	2
276	0
277	3
278	0
279	2
280	0
281	2
282	0
283	3
284	0
285	3
286	0
287	0
288	0
289	2
290	0
291	2
292	0
293	2
294	0
295	2
296	0
297	2
298	0
299	1
300	0
301	2
302	0
303	1
304	0
305	0
306	0
307	2
308	1
309	1
310	0
311	1
312	0
313	2
314	0
315	0
316	0
317	0
318	0
319	1
320	0
321	1
322	0
323	2
324	0
325	0
326	0
327	1
328	0
329	1
330	0
331	1
332	0
333	0
334	0
335	0
336	-1
337	1
338	0
339	0
340	-1
341	-1
342	0
343	-1
344	0
345	0
346	0
347	0
348	0
349	0
350	0
351	0
352	0
353	0
354	0
355	0
356	0
357	0
358	0
359	1
360	0
361	0
362	0
363	0
364	1
365	0
366	0
367	1
368	0
369	0
370	0
371	0
372	0
373	0
374	0
375	0
376	0
377	0
378	0
379	1
380	0
381	0
382	-1
383	0
384	0
385	0
386	0
387	1
388	0
389	1
390	0
391	0
392	0
393	1
394	0
395	0
396	0
397	1
398	1
399	1
400	0
401	2
402	0
403	1
404	0
405	2
406	0
407	1
408	1
409	1
410	0
411	1
412	1
413	1
414	0
415	1
416	0
417	0
418	0
419	1
420	0
421	1
422	0
423	1
424	0
425	1
426	0
427	2
428	1
429	3
430	3
431	6
432	5
433	10
434	10
435	14
436	14
437	19
438	22
439	28
440	30
441	36
442	39
443	46
444	47
445	55
446	57
447	64
448	68
449	75
450	78
451	85
452	87
453	95
454	97
455	103
456	105
457	113
458	115
459	122
460	123
461	130
462	131
463	137
464	138
465	142
466	142
467	146
468	147
469	149
470	149
471	153
472	150
473	152
474	149
475	151
476	148
477	150
478	146
479	145
480	141
481	140
482	134
483	135
484	127
485	128
486	121
487	119
488	115
489	113
490	107
491	105
492	100
493	96
494	91
495	90
496	81
497	81
498	77
499	78
500	62
501	66
502	60
503	58
504	51
505	50
506	46
507	44
508	37
509	36
510	32
511	31
512	24
513	23
514	18
515	17
516	12
517	12
518	6
519	6
520	3
521	1
522	-3
523	-1
524	-7
525	-8
526	-9
527	-10
528	-12
529	-12
530	-16
531	-15
532	-18
533	-18
534	-22
535	-22
536	-25
537	-24
538	-26
539	-25
540	-27
541	-26
542	-29
543	-27
544	-29
545	-29
546	-31
547	-29
548	-33
549	-31
550	-33
551	-32
552	-33
553	-32
554	-34
555	-32
556	-33
557	-31
558	-35
559	-31
560	-33
561	-33
562	-34
563	-33
564	-35
565	-31
566	-33
567	-31
568	-32
569	-30
570	-32
571	-31
572	-32
573	-31
574	-31
575	-30
576	-32
577	-29
578	-30
579	-28
580	-31
581	-29
582	-30
583	-29
584	-28
585	-27
586	-28
587	-27
588	-28
589	-27
590	-28
591	-26
592	-26
593	-25
594	-26
595	-22
596	-26
597	-22
598	-23
599	-21
600	-22
601	-19
602	-22
603	-18
604	-19
605	-17
606	-19
607	-17
608	-19
609	-17
610	-18
611	-16
612	-17
613	-16
614	-17
615	-16
616	-16
617	-16
618	-16
619	-16
620	-16
621	-15
622	-16
623	-14
624	-15
625	-12
626	-14
627	-13
628	-15
629	-12
630	-14
631	-11
632	-12
633	-9
634	-13
635	-9
636	-11
637	-9
638	-11
639	-7
640	-10
641	-7
642	-9
643	-6
644	-7
645	-5
646	-8
647	-4
648	-7
649	-3
650	-6
651	-4
652	-4
653	-1
654	-3
655	-4
656	-5
657	-2
658	-3
659	-1
660	-4
661	-1
662	-4
663	-2
664	-4
665	-3
666	-3
667	-2
668	-4
669	-2
670	-3
671	-1
672	-4
673	0
674	-4
675	0
676	-2
677	-1
678	-2
679	-1
680	-3
681	0
682	-3
683	-1
684	-1
685	0
686	-3
687	0
688	-2
689	-1
690	-2
691	0
692	-2
693	-2
694	-2
695	-2
696	-1
697	-1
698	-2
699	-2
700	-2
701	-2
702	-3
703	-1
704	-2
705	-1
706	-2
707	-1
708	-2
709	-1
710	-2
711	-1
712	-2
713	-2
714	-3
715	-1
716	-2
717	-1
718	-2
719	-1
720	-2
721	-1
722	-3
723	-2
724	-3
725	-1
726	-3
727	0
728	-2
729	-1
730	-2
731	0
732	-2
733	0
734	-2
735	0
736	-1
737	0
738	-2
739	0
740	0
741	0
742	0
743	0
744	-1
745	0
746	-1
747	0
748	-1
749	0
750	0
751	0
752	-1
753	0
754	-2
755	0
756	-1
757	0
758	-1
759	0
760	-1
761	-1
762	-2
763	0
764	0
765	0
766	-1
767	0
768	-1
769	0
770	-2
771	0
772	-1
773	0
774	0
775	0
776	-1
777	0
778	0
779	-1
780	-1
781	-2
782	-1
783	-1
784	-2
785	0
786	-3
787	-1
788	-2
789	-1
790	-2
791	-1
792	-2
793	-1
794	-2
795	-1
796	-4
797	-1
798	-3
799	-1
800	-2
801	-1
802	-1
803	0
804	-3
805	-1
806	-2
807	-1
808	0
809	-1
810	-1
811	-1
812	-2
813	0
814	-1
815	0
816	-1
817	0
818	-1
819	-1
820	-2
821	0
822	-1
823	0
824	-1
825	0
826	-1
827	0
828	-1
829	0
830	0
831	0
832	-2
833	0
834	0
835	0
836	0
837	0
838	-1
839	0
840	0
841	0
842	0
843	0
844	-3
845	0
846	-2
847	0
848	-1
849	0
850	0
851	0
852	0
853	-1
854	-1
855	0
856	0
857	0
858	-2
859	-1
860	-2
861	-1
862	-1
863	-1
864	0
865	-2
866	-1
867	-3
868	-1
869	-2
870	-2
871	-2
872	-2
873	-2
874	-2
875	-1
876	-3
877	-1
878	-3
879	-1
880	-1
881	-1
882	-2
883	-1
884	-1
885	-1
886	-1
887	0
888	0
889	0
890	0
891	0
892	-1
893	0
894	0
895	0
896	0
897	0
898	0
899	0
900	0
901	0
902	-1
903	0
904	-1
905	0
906	-2
907	0
908	-1
909	0
910	0
911	0
912	-1
913	0
914	-2
915	-1
916	-2
917	-2
918	-2
919	-1
920	-2
921	-1
922	-2
923	-1
924	-1
925	-1
926	-1
927	-1
928	-1
929	-1
930	0
931	-1
932	-1
933	-1
934	0
935	-1
936	-1
937	-1
938	-1
939	0
940	-1
941	0
942	-1
943	0
944	-1
945	0
946	-1
947	0
948	-1
949	0
950	-2
951	0
952	-1
953	-1
954	-2
955	0
956	-4
957	0
958	-2
959	0
960	-2
961	-1
962	-3
963	-1
964	-2
965	-2
966	-1
967	0
968	-2
969	0
970	-1
971	0
972	-3
973	0
974	-3
975	0
976	-2
977	0
978	-1
979	0
980	-1
981	-1
982	0
983	-1
984	-2
985	0
986	-1
987	0
988	-2
989	0
990	-1
991	0
992	-1
993	-1
994	-1
995	0
996	-1
997	0
998	-1
999	0
1000	-1
1001	0
1002	-1
1003	0
1004	0
1005	1
1006	-1
1007	1
1008	0
1009	0
1010	0
1011	1
1012	0
1013	1
1014	1
1015	1
1016	0
1017	1
1018	0
1019	1
1020	0
1021	1
1022	0
1023	2
1024	1
1025	2
1026	0
1027	2
1028	0
1029	1
1030	0
1031	1
1032	0
1033	1
1034	0
1035	1
1036	0
1037	2
1038	1
1039	2
1040	0
1041	2
1042	0
1043	1
1044	0
1045	2
1046	0
1047	2
1048	0
1049	1
1050	0
1051	2
1052	0
1053	1
1054	0
1055	1
1056	0
1057	0
1058	-2
1059	0
1060	-1
1061	0
1062	0
1063	0
1064	-1
1065	0
1066	-1
1067	0
1068	0
1069	0
1070	-1
1071	0
1072	-3
1073	0
1074	-2
1075	0
1076	-2
1077	-1
1078	-4
1079	0
1080	-2
1081	0
1082	-2
1083	-1
1084	-3
1085	-1
1086	-2
1087	0
1088	-2
1089	0
1090	-3
1091	0
1092	-1
1093	0
1094	-2
1095	0
1096	-2
1097	0
1098	-1
1099	0
1100	-2
1101	0
1102	0
1103	0
1104	-1
1105	0
1106	-1
1107	0
1108	0
1109	0
1110	0
1111	0
1112	-1
1113	0
1114	-1
1115	0
1116	-3
1117	0
1118	-1
1119	0
1120	0
1121	0
1122	-1
1123	0
1124	-1
1125	0
1126	-1
1127	0
1128	0
1129	0
1130	-1
1131	0
1132	-1
1133	0
1134	-1
1135	0
1136	0
1137	0
1138	-1
1139	0
1140	-2
1141	-1
1142	-2
1143	0
1144	-3
1145	-1
1146	-3
1147	-1
1148	-2
1149	0
1150	-1
1151	-1
1152	-3
1153	0
1154	-3
1155	-1
1156	-2
1157	-1
1158	-4
1159	-1
1160	-2
1161	-2
1162	-3
1163	-1
1164	-3
1165	-2
1166	-3
1167	-1
1168	-4
1169	0
1170	-3
1171	-1
1172	-3
1173	0
1174	-4
1175	-1
1176	-4
1177	0
1178	-3
1179	0
1180	-3
1181	-1
1182	-3
1183	0
1184	-2
1185	-1
1186	-2
1187	0
1188	-2
1189	0
1190	-1
1191	0
1192	-2
1193	-1
1194	-2
1195	0
1196	-2
1197	0
1198	-1
1199	0
1200	-1
1201	0
1202	-2
1203	0
1204	-3
1205	0
1206	-2
1207	0
1208	-1
1209	0
1210	-1
1211	0
1212	-1
1213	-1
1214	-3
1215	0
1216	-1
1217	0
1218	-2
1219	-1
1220	-1
1221	-1
1222	-1
1223	0
1224	-1
1225	0
1226	-1
1227	0
1228	0
1229	0
1230	0
1231	1
1232	0
1233	1
1234	1
1235	0
1236	0
1237	1
1238	0
1239	3
1240	0
1241	1
1242	0
1243	2
1244	0
1245	0
1246	-1
1247	0
1248	-1
1249	0
1250	-1
1251	0
1252	-1
1253	0
1254	-2
1255	-1
1256	-2
1257	-1
1258	-3
1259	0
1260	-3
1261	-1
1262	-4
1263	-1
1264	-2
1265	-1
1266	-2
1267	-2
1268	-2
1269	-2
1270	-3
1271	-3
1272	-4
1273	-2
1274	-2
1275	-1
1276	-3
1277	-2
1278	-2
1279	0
1280	-2
1281	0
1282	-3
1283	-1
1284	-2
1285	-1
1286	-3
1287	-1
1288	-2
1289	-1
1290	-2
1291	0
1292	-3
1293	-1
1294	-1
1295	0
1296	-2
1297	0
1298	-2
1299	0
1300	-2
1301	0
1302	-2
1303	0
1304	-1
1305	0
1306	-1
1307	0
1308	-2
1309	0
1310	-1
1311	0
1312	0
1313	0
1314	0
1315	0
1316	-2
1317	0
1318	-1
1319	0
1320	-1
1321	0
1322	-2
1323	0
1324	0
1325	0
1326	-1
1327	0
1328	-1
1329	0
1330	-1
1331	0
1332	-1
1333	0
1334	0
1335	0
1336	0
1337	0
1338	0
1339	0
1340	0
1341	0
1342	-1
1343	0
1344	-1
1345	0
1346	-1
1347	0
1348	-2
1349	0
1350	-1
1351	0
1352	-1
1353	0
1354	-2
1355	-1
1356	-1
1357	-1
1358	-1
1359	0
1360	0
1361	-1
1362	0
1363	0
1364	-1
1365	0
1366	-2
1367	0
1368	-1
1369	0
1370	0
1371	0
1372	0
1373	1
1374	-1
1375	0
1376	-1
1377	0
1378	-1
1379	1
1380	0
1381	1
1382	0
1383	0
1384	0
1385	0
1386	0
1387	0
1388	0
1389	1
1390	0
1391	0
1392	-1
1393	0
1394	0
1395	0
1396	0
1397	0
1398	-2
1399	0
1400	-1
1401	0
1402	-2
1403	0
1404	-2
1405	0
1406	-1
1407	0
1408	-2
1409	0
1410	-2
1411	-1
1412	-2
1413	0
1414	-2
1415	-1
1416	-2
1417	-1
1418	-2
1419	-1
1420	-3
1421	-1
1422	-2
1423	-1
1424	-2
1425	0
1426	-1
1427	0
1428	-1
1429	0
1430	-1
1431	0
1432	-2
1433	0
1434	-1
1435	0
1436	-1
1437	1
1438	-1
1439	1
1440	0
1441	0
1442	0
1443	0
1444	-1
1445	0
1446	0
1447	0
1448	0
1449	1
1450	0
1451	0
1452	0
1453	0
1454	0
1455	0
1456	0
1457	0
1458	0
1459	0
1460	0
1461	0
1462	0
1463	0
1464	0
1465	0
1466	-2
1467	-1
1468	-2
1469	0
1470	-1
1471	0
1472	-1
1473	0
1474	0
1475	0
1476	-1
1477	0
1478	-1
1479	0
1480	0
1481	0
1482	0
1483	0
1484	-1
1485	0
1486	-1
1487	1
1488	-1
1489	0
1490	0
1491	0
1492	0
1493	0
1494	-1
1495	0
1496	-1
1497	0
1498	-1
1499	0
1500	0
1501	0
1502	-1
1503	0
1504	-1
1505	0
1506	-1
1507	-1
1508	-2
1509	-1
1510	-1
1511	0
1512	-1
1513	0
1514	0
1515	0
1516	0
1517	0
1518	0
1519	0
1520	-1
1521	0
1522	0
1523	0
1524	0
1525	0
1526	-1
1527	0
1528	-1
1529	0
1530	-1
1531	0
1532	-1
1533	0
1534	0
1535	0
1536	0
1537	0
1538	-1
1539	0
1540	-2
1541	0
1542	-1
1543	-1
1544	-1
1545	-1
1546	-1
1547	0
1548	-1
1549	0
1550	-1
1551	0
1552	-1
1553	0
1554	-1
1555	0
1556	-2
1557	-1
1558	-2
1559	0
1560	0
1561	0
1562	-1
1563	0
1564	-1
1565	0
1566	0
1567	0
1568	-1
1569	-1
1570	0
1571	0
1572	-2
1573	0
1574	0
1575	0
1576	-1
1577	-1
1578	-1
1579	0
1580	-1
1581	0
1582	-1
1583	1
1584	0
1585	0
1586	0
1587	0
1588	-1
1589	0
1590	0
1591	0
1592	0
1593	0
1594	0
1595	0
1596	0
1597	0
1598	0
1599	0
1600	0
1601	0
1602	0
1603	0
1604	0
1605	0
1606	0
1607	0
1608	-1
1609	0
1610	0
1611	0
1612	0
1613	0
1614	-1
1615	0
1616	0
1617	0
1618	-1
1619	0
1620	0
1621	0
1622	-1
1623	0
1624	0
1625	0
1626	-1
1627	0
1628	-1
1629	0
1630	0
1631	0
1632	-1
1633	-1
1634	0
1635	0
1636	-1
1637	0
1638	0
1639	0
1640	-1
1641	0
1642	-1
1643	1
1644	-2
1645	0
1646	0
1647	0
1648	0
1649	0
1650	0
1651	0
1652	0
1653	0
1654	0
1655	1
1656	0
1657	0
1658	0
1659	0
1660	0
1661	0
1662	-1
1663	-1
1664	-1
1665	0
1666	-2
1667	0
1668	-2
1669	-1
1670	-2
1671	-1
1672	-2
1673	0
1674	-1
1675	0
1676	-2
1677	0
1678	-2
1679	0
1680	-1
1681	0
1682	-1
1683	0
1684	-1
1685	0
1686	-1
1687	0
1688	0
1689	0
1690	0
1691	0
1692	0
1693	0
1694	0
1695	1
1696	0
1697	1
1698	0
1699	1
1700	0
1701	0
1702	0
1703	1
1704	0
1705	1
1706	0
1707	0
1708	0
1709	0
1710	0
1711	0
1712	0
1713	1
1714	-2
1715	0
1716	-1
1717	0
1718	-1
1719	0
1720	-1
1721	0
1722	-1
1723	0
1724	-1
1725	0
1726	-1
1727	0
1728	-1
1729	0
1730	-2
1731	0
1732	0
1733	0
1734	0
1735	0
1736	0
1737	0
1738	0
1739	1
1740	-1
1741	0
1742	0
1743	0
1744	-1
1745	0
1746	0
1747	0
1748	0
1749	0
1750	0
1751	0
1752	0
1753	0
1754	0
1755	0
1756	-1
1757	-1
1758	0
1759	0
1760	-1
1761	0
1762	-1
1763	0
1764	0
1765	0
1766	-1
1767	0
1768	-1
1769	0
1770	-2
1771	0
1772	-1
1773	0
1774	-1
1775	0
1776	0
1777	0
1778	0
1779	0
1780	0
1781	0
1782	0
1783	1
1784	-1
1785	0
1786	0
1787	1
1788	0
1789	1
1790	0
1791	0
1792	1
1793	2
1794	1
1795	2
1796	0
1797	2
1798	0
1799	0
1800	0
1801	1
1802	0
1803	1
1804	0
1805	1
1806	0
1807	1
1808	0
1809	2
1810	-1
1811	1
1812	-1
1813	0
1814	0
1815	0
1816	0
1817	0
1818	0
1819	0
1820	-1
1821	0
1822	-1
1823	0
1824	-1
1825	0
1826	-2
1827	0
1828	-1
1829	0
1830	-2
1831	0
1832	-2
1833	-1
1834	-1
1835	-1
1836	-1
1837	-1
1838	-1
1839	0
1840	0
1841	0
1842	-1
1843	0
1844	0
1845	-1
1846	-1
1847	0
1848	-2
1849	0
1850	-2
1851	0
1852	0
1853	0
1854	-1
1855	0
1856	0
1857	0
1858	-1
1859	0
1860	0
1861	0
1862	0
1863	0
1864	-1
1865	0
1866	0
1867	0
1868	0
1869	0
1870	0
1871	0
1872	-1
1873	0
1874	0
1875	0
1876	0
1877	1
1878	0
1879	0
1880	0
1881	0
1882	0
1883	0
1884	0
1885	1
1886	0
1887	0
1888	0
1889	1
1890	0
1891	1
1892	0
1893	1
1894	-1
1895	1
1896	-1
1897	1
1898	0
1899	1
1900	0
1901	1
1902	0
1903	0
1904	0
1905	0
1906	0
1907	0
1908	-1
1909	0
1910	0
1911	0
1912	0
1913	0
1914	-1
1915	0
1916	0
1917	0
1918	-1
1919	0
1920	-2
1921	0
1922	-1
1923	0
1924	-1
1925	0
1926	-1
1927	0
1928	0
1929	0
1930	-1
1931	0
1932	-1
1933	-1
1934	-1
1935	-1
1936	-2
1937	-1
1938	-2
1939	-1
1940	-1
1941	0
1942	-2
1943	-1
1944	-2
1945	0
1946	-1
1947	0
1948	-1
1949	0
1950	-1
1951	0
1952	-1
1953	0
1954	0
1955	0
1956	0
1957	0
1958	0
1959	0
1960	0
1961	0
1962	0
1963	0
1964	0
1965	1
1966	0
1967	2
1968	0
1969	2
1970	1
1971	1
1972	0
1973	3
1974	1
1975	4
1976	2
1977	2
1978	1
1979	4
1980	1
1981	4
1982	2
1983	4
1984	1
1985	4
1986	2
1987	5
1988	2
1989	6
1990	2
1991	4
1992	3
1993	4
1994	2
1995	5
1996	3
1997	4
1998	3
1999	5
