0	0
1	0
2	0
3	0
4	0
5	0
6	0
7	0
8	0
9	0
10	0
11	0
12	0
13	0
14	0
15	0
16	0
17	0
18	0
19	0
20	-1
21	0
22	0
23	0
24	0
25	0
26	-1
27	1
28	0
29	1
30	0
31	1
32	0
33	2
34	0
35	2
36	0
37	1
38	0
39	1
40	0
41	1
42	0
43	1
44	0
45	1
46	0
47	0
48	0
49	3
50	0
51	1
52	0
53	0
54	0
55	1
56	0
57	1
58	0
59	1
60	0
61	0
62	0
63	0
64	0
65	0
66	0
67	0
68	0
69	0
70	-1
71	0
72	0
73	0
74	0
75	0
76	0
77	0
78	-1
79	0
80	0
81	0
82	0
83	0
84	0
85	0
86	-1
87	0
88	-1
89	1
90	0
91	0
92	-1
93	1
94	0
95	0
96	0
97	0
98	0
99	0
100	-1
101	0
102	0
103	0
104	0
105	1
106	0
107	1
108	0
109	0
110	0
111	0
112	0
113	0
114	0
115	0
116	0
117	0
118	0
119	0
120	0
121	0
122	0
123	0
124	0
125	0
126	0
127	0
128	0
129	0
130	0
131	0
132	0
133	0
134	0
135	0
136	0
137	1
138	0
139	1
140	0
141	1
142	0
143	1
144	0
145	1
146	0
147	1
148	0
149	1
150	0
151	2
152	0
153	2
154	0
155	1
156	0
157	0
158	0
159	0
160	0
161	0
162	0
163	1
164	0
165	0
166	0
167	0
168	0
169	0
170	0
171	0
172	0
173	0
174	0
175	0
176	0
177	0
178	0
179	1
180	0
181	0
182	0
183	0
184	0
185	0
186	0
187	0
188	0
189	0
190	0
191	0
192	0
193	0
194	0
195	0
196	0
197	1
198	0
199	1
200	0
201	0
202	0
203	1
204	0
205	0
206	0
207	0
208	0
209	0
210	0
211	0
212	0
213	0
214	0
215	0
216	0
217	0
218	0
219	0
220	0
221	0
222	0
223	0
224	-1
225	0
226	-1
227	0
228	0
229	0
230	0
231	0
232	0
233	0
234	-1
235	0
236	0
237	0
238	0
239	0
240	0
241	0
242	0
243	0
244	0
245	1
246	0
247	0
248	0
249	1
250	0
251	0
252	0
253	0
254	0
255	0
256	0
257	1
258	0
259	0
260	0
261	0
262	-1
263	0
264	-1
265	1
266	0
267	0
268	-1
269	0
270	-1
271	0
272	0
273	0
274	0
275	0
276	0
277	0
278	0
279	1
280	0
281	0
282	0
283	1
284	0
285	0
286	0
287	0
288	0
289	0
290	0
291	1
292	0
293	0
294	0
295	1
296	0
297	0
298	0
299	1
300	0
301	0
302	0
303	1
304	0
305	1
306	0
307	1
308	0
309	0
310	0
311	1
312	0
313	0
314	0
315	0
316	0
317	0
318	0
319	0
320	0
321	0
322	0
323	0
324	-1
325	0
326	0
327	0
328	0
329	0
330	0
331	0
332	0
333	-1
334	-1
335	0
336	-1
337	0
338	-1
339	0
340	0
341	0
342	-1
343	0
344	0
345	0
346	0
347	0
348	0
349	0
350	0
351	0
352	0
353	0
354	0
355	0
356	0
357	0
358	0
359	0
360	0
361	0
362	0
363	0
364	0
365	0
366	0
367	0
368	-1
369	0
370	0
371	0
372	0
373	0
374	0
375	0
376	0
377	0
378	0
379	1
380	0
381	1
382	0
383	1
384	0
385	1
386	0
387	1
388	0
389	2
390	1
391	2
392	0
393	2
394	0
395	2
396	0
397	1
398	0
399	1
400	0
401	1
402	0
403	0
404	0
405	0
406	0
407	0
408	0
409	0
410	0
411	0
412	0
413	0
414	-1
415	0
416	0
417	0
418	0
419	0
420	0
421	0
422	0
423	0
424	-1
425	0
426	0
427	0
428	0
429	0
430	0
431	0
432	0
433	0
434	0
435	0
436	0
437	0
438	0
439	0
440	0
441	0
442	0
443	2
444	0
445	3
446	2
447	5
448	4
449	9
450	7
451	13
452	12
453	17
454	16
455	22
456	22
457	27
458	27
459	33
460	33
461	37
462	38
463	44
464	43
465	49
466	49
467	53
468	53
469	57
470	57
471	61
472	61
473	63
474	64
475	68
476	67
477	71
478	68
479	72
480	72
481	74
482	72
483	75
484	73
485	78
486	74
487	78
488	74
489	78
490	74
491	76
492	74
493	75
494	73
495	74
496	74
497	74
498	74
499	78
500	62
501	69
502	67
503	67
504	65
505	65
506	62
507	63
508	58
509	61
510	56
511	57
512	55
513	56
514	52
515	54
516	49
517	50
518	45
519	46
520	43
521	45
522	41
523	42
524	38
525	40
526	35
527	37
528	32
529	33
530	30
531	31
532	28
533	28
534	27
535	27
536	24
537	23
538	19
539	22
540	16
541	20
542	14
543	17
544	12
545	14
546	11
547	11
548	9
549	9
550	8
551	8
552	6
553	6
554	5
555	7
556	4
557	5
558	2
559	4
560	2
561	4
562	1
563	3
564	0
565	3
566	0
567	3
568	-2
569	2
570	-4
571	1
572	-2
573	0
574	-3
575	0
576	-3
577	1
578	-3
579	0
580	-4
581	0
582	-4
583	0
584	-4
585	0
586	-2
587	0
588	-2
589	-1
590	-3
591	0
592	-4
593	-1
594	-1
595	-1
596	-4
597	-2
598	-2
599	-1
600	-2
601	0
602	-1
603	-1
604	-3
605	0
606	-4
607	0
608	-2
609	1
610	-2
611	1
612	-1
613	0
614	0
615	0
616	0
617	0
618	-2
619	1
620	0
621	1
622	0
623	1
624	0
625	0
626	0
627	0
628	-1
629	0
630	0
631	0
632	-1
633	1
634	0
635	0
636	-1
637	1
638	-1
639	0
640	-1
641	1
642	0
643	0
644	-1
645	0
646	-1
647	0
648	-1
649	0
650	-1
651	0
652	-1
653	0
654	0
655	0
656	0
657	0
658	0
659	0
660	0
661	0
662	-1
663	0
664	-1
665	0
666	-1
667	0
668	-2
669	0
670	0
671	0
672	-1
673	0
674	-1
675	0
676	-1
677	0
678	0
679	0
680	-1
681	0
682	-1
683	0
684	-1
685	0
686	0
687	0
688	-1
689	0
690	-1
691	0
692	0
693	0
694	0
695	0
696	-1
697	0
698	-1
699	0
700	0
701	0
702	0
703	0
704	0
705	0
706	0
707	0
708	0
709	0
710	-1
711	0
712	0
713	0
714	-1
715	0
716	-1
717	0
718	-1
719	0
720	-1
721	0
722	-2
723	0
724	-1
725	0
726	0
727	0
728	-2
729	0
730	-2
731	0
732	-1
733	0
734	0
735	0
736	0
737	0
738	-1
739	0
740	0
741	0
742	-1
743	0
744	-2
745	0
746	-1
747	0
748	-1
749	0
750	-1
751	0
752	-1
753	0
754	-1
755	0
756	0
757	0
758	-1
759	0
760	0
761	0
762	-1
763	0
764	-1
765	0
766	-1
767	0
768	-1
769	0
770	-1
771	0
772	0
773	1
774	0
775	0
776	-2
777	1
778	0
779	1
780	0
781	1
782	1
783	2
784	0
785	2
786	0
787	2
788	0
789	2
790	1
791	2
792	1
793	2
794	2
795	2
796	1
797	3
798	1
799	2
800	2
801	3
802	1
803	3
804	1
805	2
806	1
807	2
808	1
809	2
810	1
811	2
812	1
813	2
814	0
815	1
816	1
817	2
818	0
819	1
820	1
821	1
822	0
823	1
824	0
825	0
826	0
827	1
828	0
829	1
830	0
831	2
832	0
833	1
834	0
835	2
836	0
837	0
838	0
839	1
840	0
841	1
842	0
843	1
844	0
845	2
846	0
847	2
848	0
849	1
850	0
851	0
852	0
853	0
854	0
855	0
856	0
857	0
858	-2
859	0
860	0
861	0
862	-2
863	0
864	-1
865	0
866	-2
867	0
868	-1
869	-1
870	-3
871	-1
872	-2
873	-1
874	-1
875	0
876	-1
877	0
878	-2
879	0
880	-2
881	0
882	-2
883	0
884	-2
885	0
886	-3
887	0
888	-3
889	0
890	-1
891	0
892	-1
893	0
894	-3
895	0
896	-2
897	0
898	-2
899	0
900	-2
901	0
902	-1
903	0
904	-2
905	0
906	-2
907	0
908	-1
909	0
910	-2
911	0
912	-2
913	-1
914	-1
915	0
916	-1
917	-1
918	-1
919	-1
920	-3
921	-1
922	-2
923	0
924	-3
925	-1
926	-1
927	0
928	-1
929	0
930	-2
931	0
932	-2
933	0
934	-1
935	0
936	-1
937	0
938	-2
939	0
940	-1
941	0
942	0
943	0
944	0
945	0
946	-2
947	0
948	-1
949	0
950	0
951	0
952	0
953	0
954	-1
955	0
956	-1
957	0
958	-1
959	0
960	-2
961	0
962	0
963	0
964	-1
965	0
966	-1
967	0
968	-2
969	0
970	-2
971	0
972	-3
973	0
974	-2
975	-1
976	-1
977	-1
978	-1
979	0
980	-1
981	0
982	-2
983	0
984	-3
985	0
986	-2
987	0
988	-1
989	-1
990	-3
991	-1
992	-1
993	0
994	-1
995	0
996	-1
997	0
998	-1
999	0
1000	-1
1001	0
1002	-2
1003	0
1004	-3
1005	0
1006	-3
1007	-1
1008	-2
1009	0
1010	-1
1011	0
1012	-3
1013	-1
1014	-3
1015	0
1016	-3
1017	0
1018	-2
1019	-1
1020	-2
1021	0
1022	-1
1023	0
1024	-3
1025	0
1026	-3
1027	0
1028	-2
1029	0
1030	-2
1031	0
1032	-2
1033	-1
1034	-1
1035	0
1036	-1
1037	0
1038	-2
1039	0
1040	-1
1041	0
1042	-1
1043	0
1044	-1
1045	0
1046	-1
1047	0
1048	-1
1049	0
1050	-2
1051	0
1052	-2
1053	0
1054	-2
1055	0
1056	-1
1057	0
1058	-1
1059	0
1060	-1
1061	0
1062	-2
1063	0
1064	-2
1065	-1
1066	-1
1067	0
1068	-3
1069	-1
1070	-3
1071	-1
1072	-3
1073	-1
1074	-2
1075	0
1076	-3
1077	-1
1078	-2
1079	0
1080	-1
1081	0
1082	-2
1083	0
1084	-2
1085	0
1086	-1
1087	0
1088	-2
1089	0
1090	-2
1091	0
1092	-1
1093	0
1094	-1
1095	0
1096	-1
1097	0
1098	0
1099	0
1100	0
1101	0
1102	-1
1103	0
1104	-2
1105	0
1106	-1
1107	0
1108	-2
1109	-1
1110	-1
1111	0
1112	-1
1113	0
1114	-1
1115	0
1116	-3
1117	-1
1118	-1
1119	0
1120	-1
1121	0
1122	-2
1123	-1
1124	-3
1125	0
1126	-2
1127	0
1128	-2
1129	0
1130	-1
1131	0
1132	-1
1133	0
1134	-1
1135	0
1136	-2
1137	0
1138	-2
1139	0
1140	-2
1141	0
1142	-1
1143	0
1144	-2
1145	0
1146	-2
1147	0
1148	-1
1149	0
1150	-2
1151	0
1152	-3
1153	0
1154	-1
1155	-1
1156	-2
1157	0
1158	-2
1159	0
1160	-2
1161	-1
1162	-2
1163	-1
1164	-1
1165	0
1166	-1
1167	-1
1168	-2
1169	0
1170	-2
1171	0
1172	0
1173	0
1174	-2
1175	0
1176	-1
1177	1
1178	0
1179	0
1180	0
1181	0
1182	0
1183	0
1184	-1
1185	0
1186	0
1187	0
1188	-1
1189	0
1190	-1
1191	0
1192	-1
1193	0
1194	-1
1195	0
1196	-1
1197	0
1198	-2
1199	-1
1200	-2
1201	-1
1202	-2
1203	-1
1204	-3
1205	-1
1206	-1
1207	-1
1208	-3
1209	-1
1210	-1
1211	-1
1212	-2
1213	-1
1214	-3
1215	0
1216	-1
1217	0
1218	-1
1219	0
1220	-1
1221	0
1222	-1
1223	0
1224	-1
1225	0
1226	-1
1227	0
1228	-2
1229	0
1230	-1
1231	0
1232	-2
1233	0
1234	-1
1235	0
1236	-2
1237	0
1238	-1
1239	0
1240	-1
1241	0
1242	-1
1243	0
1244	-1
1245	0
1246	0
1247	-1
1248	-2
1249	0
1250	-1
1251	0
1252	-1
1253	0
1254	0
1255	0
1256	-1
1257	-1
1258	-2
1259	-1
1260	-3
1261	0
1262	-2
1263	-1
1264	-3
1265	0
1266	-2
1267	0
1268	-3
1269	0
1270	-2
1271	0
1272	-1
1273	0
1274	-2
1275	0
1276	-2
1277	0
1278	-2
1279	0
1280	-2
1281	0
1282	-1
1283	0
1284	0
1285	1
1286	0
1287	1
1288	0
1289	1
1290	0
1291	1
1292	0
1293	1
1294	0
1295	0
1296	0
1297	1
1298	0
1299	0
1300	0
1301	2
1302	0
1303	1
1304	0
1305	1
1306	0
1307	1
1308	0
1309	1
1310	1
1311	1
1312	0
1313	1
1314	0
1315	1
1316	0
1317	1
1318	0
1319	1
1320	0
1321	0
1322	0
1323	0
1324	-1
1325	0
1326	0
1327	0
1328	0
1329	0
1330	-1
1331	0
1332	-1
1333	-1
1334	-3
1335	0
1336	-2
1337	-1
1338	-3
1339	0
1340	-2
1341	0
1342	-2
1343	0
1344	-1
1345	0
1346	-1
1347	1
1348	0
1349	1
1350	0
1351	1
1352	0
1353	2
1354	0
1355	2
1356	1
1357	1
1358	0
1359	2
1360	1
1361	1
1362	0
1363	1
1364	0
1365	1
1366	0
1367	1
1368	0
1369	2
1370	0
1371	1
1372	0
1373	1
1374	0
1375	0
1376	0
1377	1
1378	-1
1379	0
1380	-1
1381	0
1382	-1
1383	0
1384	-2
1385	0
1386	-1
1387	0
1388	-2
1389	1
1390	0
1391	0
1392	0
1393	1
1394	0
1395	0
1396	-1
1397	0
1398	-1
1399	0
1400	0
1401	1
1402	0
1403	0
1404	0
1405	0
1406	-1
1407	0
1408	-1
1409	0
1410	-2
1411	0
1412	0
1413	0
1414	-1
1415	0
1416	0
1417	0
1418	-2
1419	0
1420	-1
1421	0
1422	0
1423	0
1424	0
1425	0
1426	-2
1427	0
1428	-1
1429	0
1430	0
1431	0
1432	0
1433	0
1434	-2
1435	0
1436	-1
1437	0
1438	-1
1439	-1
1440	-3
1441	0
1442	-1
1443	0
1444	-1
1445	0
1446	0
1447	0
1448	0
1449	0
1450	0
1451	0
1452	-1
1453	0
1454	-1
1455	0
1456	-1
1457	0
1458	0
1459	0
1460	-1
1461	0
1462	0
1463	-1
1464	-1
1465	0
1466	-1
1467	0
1468	-2
1469	-1
1470	-1
1471	0
1472	-1
1473	0
1474	-2
1475	0
1476	-3
1477	0
1478	-2
1479	-1
1480	-2
1481	-1
1482	-2
1483	-1
1484	-1
1485	-1
1486	-1
1487	0
1488	-3
1489	-1
1490	-2
1491	-1
1492	-2
1493	0
1494	-2
1495	0
1496	-1
1497	0
1498	-2
1499	0
1500	-2
1501	-1
1502	-1
1503	0
1504	-1
1505	0
1506	-2
1507	0
1508	0
1509	0
1510	-3
1511	0
1512	-2
1513	0
1514	-1
1515	0
1516	-1
1517	0
1518	-2
1519	0
1520	-1
1521	0
1522	0
1523	0
1524	-1
1525	-1
1526	-1
1527	0
1528	-1
1529	-1
1530	-1
1531	0
1532	-2
1533	0
1534	-1
1535	-1
1536	-1
1537	-1
1538	-1
1539	0
1540	-1
1541	0
1542	-2
1543	-1
1544	-1
1545	0
1546	-1
1547	0
1548	-1
1549	0
1550	-1
1551	0
1552	-1
1553	0
1554	-1
1555	-1
1556	-1
1557	0
1558	-2
1559	0
1560	-1
1561	0
1562	-1
1563	0
1564	-1
1565	0
1566	-1
1567	0
1568	0
1569	0
1570	0
1571	0
1572	-1
1573	0
1574	0
1575	0
1576	-1
1577	0
1578	0
1579	0
1580	0
1581	0
1582	0
1583	0
1584	0
1585	0
1586	-2
1587	0
1588	-3
1589	0
1590	-2
1591	0
1592	-2
1593	0
1594	-2
1595	0
1596	-1
1597	0
1598	-2
1599	0
1600	-2
1601	-1
1602	-2
1603	0
1604	-1
1605	0
1606	-1
1607	0
1608	-1
1609	0
1610	0
1611	0
1612	-1
1613	0
1614	-1
1615	0
1616	-1
1617	0
1618	-1
1619	0
1620	-1
1621	0
1622	-1
1623	-1
1624	-2
1625	-1
1626	-2
1627	0
1628	-1
1629	0
1630	-2
1631	-1
1632	-1
1633	0
1634	-1
1635	0
1636	-1
1637	0
1638	-1
1639	0
1640	-1
1641	-1
1642	-2
1643	-1
1644	-1
1645	0
1646	-1
1647	0
1648	-2
1649	0
1650	-3
1651	-1
1652	-1
1653	0
1654	-1
1655	0
1656	0
1657	0
1658	0
1659	0
1660	-1
1661	0
1662	0
1663	0
1664	0
1665	0
1666	0
1667	0
1668	0
1669	0
1670	0
1671	0
1672	0
1673	0
1674	0
1675	0
1676	0
1677	0
1678	0
1679	0
1680	-1
1681	0
1682	-1
1683	0
1684	-1
1685	0
1686	-1
1687	0
1688	-1
1689	0
1690	-1
1691	0
1692	-1
1693	0
1694	-1
1695	-1
1696	-1
1697	0
1698	0
1699	0
1700	-1
1701	0
1702	0
1703	0
1704	0
1705	0
1706	0
1707	0
1708	0
1709	0
1710	-1
1711	0
1712	-1
1713	0
1714	-1
1715	0
1716	-1
1717	0
1718	-1
1719	0
1720	-1
1721	0
1722	0
1723	0
1724	-1
1725	0
1726	-1
1727	0
1728	-1
1729	-1
1730	-2
1731	-1
1732	-1
1733	-1
1734	-1
1735	-1
1736	0
1737	-1
1738	-1
1739	0
1740	-1
1741	0
1742	0
1743	0
1744	0
1745	0
1746	0
1747	0
1748	0
1749	0
1750	0
1751	0
1752	0
1753	0
1754	0
1755	0
1756	-1
1757	0
1758	-1
1759	0
1760	-1
1761	0
1762	0
1763	0
1764	0
1765	0
1766	0
1767	0
1768	-1
1769	0
1770	0
1771	0
1772	-1
1773	-1
1774	0
1775	0
1776	0
1777	0
1778	0
1779	0
1780	0
1781	0
1782	0
1783	0
1784	-1
1785	0
1786	0
1787	0
1788	0
1789	0
1790	0
1791	0
1792	0
1793	0
1794	0
1795	0
1796	-1
1797	0
1798	0
1799	0
1800	-2
1801	0
1802	-1
1803	0
1804	-2
1805	0
1806	-2
1807	0
1808	-1
1809	0
1810	-2
1811	-1
1812	-1
1813	-1
1814	-3
1815	-1
1816	-2
1817	-1
1818	-3
1819	-1
1820	-2
1821	-1
1822	-2
1823	-1
1824	-2
1825	0
1826	-1
1827	-1
1828	0
1829	0
1830	-1
1831	0
1832	-2
1833	0
1834	0
1835	0
1836	-1
1837	0
1838	-1
1839	0
1840	0
1841	0
1842	-1
1843	0
1844	0
1845	0
1846	0
1847	0
1848	0
1849	0
1850	-1
1851	0
1852	0
1853	0
1854	0
1855	0
1856	-1
1857	0
1858	0
1859	0
1860	0
1861	0
1862	0
1863	0
1864	0
1865	0
1866	-1
1867	0
1868	0
1869	0
1870	0
1871	0
1872	0
1873	0
1874	0
1875	0
1876	0
1877	0
1878	0
1879	-1
1880	-1
1881	0
1882	-1
1883	0
1884	-1
1885	0
1886	-1
1887	0
1888	-1
1889	0
1890	-1
1891	0
1892	-2
1893	-1
1894	-1
1895	0
1896	0
1897	-1
1898	-2
1899	0
1900	-1
1901	0
1902	-1
1903	0
1904	-1
1905	0
1906	-2
1907	0
1908	-1
1909	0
1910	0
1911	0
1912	-2
1913	0
1914	0
1915	0
1916	0
1917	0
1918	0
1919	0
1920	0
1921	0
1922	-2
1923	0
1924	0
1925	0
1926	0
1927	0
1928	0
1929	0
1930	-1
1931	0
1932	-1
1933	0
1934	-1
1935	0
1936	0
1937	0
1938	0
1939	0
1940	-1
1941	-1
1942	0
1943	0
1944	0
1945	0
1946	-1
1947	0
1948	0
1949	0
1950	0
1951	0
1952	-2
1953	-1
1954	-1
1955	0
1956	-1
1957	0
1958	-1
1959	0
1960	-1
1961	0
1962	-1
1963	0
1964	0
1965	0
1966	-1
1967	0
1968	0
1969	0
1970	0
1971	0
1972	0
1973	0
1974	0
1975	0
1976	0
1977	0
1978	-1
1979	0
1980	-1
1981	0
1982	0
1983	0
1984	-1
1985	0
1986	-1
1987	0
1988	-1
1989	-1
1990	-2
1991	0
1992	0
1993	0
1994	0
1995	0
1996	-1
1997	0
1998	-1
1999	0
