0	-1
1	0
2	-2
3	0
4	-1
5	0
6	-1
7	0
8	-1
9	0
10	0
11	0
12	0
13	0
14	0
15	0
16	0
17	1
18	0
19	2
20	0
21	1
22	0
23	2
24	0
25	1
26	0
27	1
28	0
29	1
30	0
31	0
32	0
33	0
34	0
35	0
36	0
37	0
38	0
39	0
40	0
41	0
42	0
43	0
44	0
45	0
46	-1
47	0
48	0
49	0
50	0
51	0
52	0
53	0
54	0
55	0
56	0
57	0
58	0
59	0
60	0
61	0
62	0
63	0
64	0
65	0
66	0
67	0
68	0
69	0
70	0
71	0
72	-1
73	0
74	0
75	0
76	0
77	0
78	0
79	0
80	0
81	0
82	0
83	1
84	0
85	0
86	-1
87	0
88	-1
89	0
90	-1
91	0
92	0
93	1
94	0
95	0
96	-1
97	0
98	0
99	0
100	-1
101	0
102	0
103	0
104	-1
105	0
106	0
107	0
108	0
109	0
110	-1
111	0
112	-1
113	0
114	0
115	1
116	0
117	0
118	0
119	0
120	-1
121	0
122	0
123	0
124	0
125	0
126	0
127	0
128	0
129	0
130	0
131	0
132	0
133	0
134	0
135	0
136	0
137	0
138	0
139	0
140	0
141	0
142	0
143	0
144	0
145	1
146	0
147	0
148	0
149	0
150	0
151	0
152	0
153	0
154	0
155	0
156	0
157	0
158	0
159	1
160	0
161	0
162	0
163	1
164	0
165	0
166	0
167	0
168	0
169	0
170	0
171	0
172	0
173	0
174	0
175	0
176	0
177	0
178	0
179	0
180	0
181	0
182	0
183	0
184	0
185	0
186	-1
187	0
188	0
189	0
190	-1
191	0
192	-1
193	0
194	-1
195	0
196	0
197	0
198	0
199	0
200	-1
201	1
202	0
203	0
204	0
205	0
206	0
207	0
208	0
209	0
210	-1
211	0
212	0
213	1
214	0
215	1
216	0
217	0
218	0
219	0
220	0
221	1
222	0
223	0
224	0
225	0
226	0
227	1
228	0
229	0
230	0
231	0
232	0
233	0
234	0
235	0
236	0
237	0
238	0
239	0
240	0
241	0
242	0
243	0
244	0
245	0
246	0
247	0
248	0
249	0
250	-1
251	0
252	-1
253	0
254	0
255	0
256	0
257	0
258	0
259	0
260	0
261	0
262	0
263	0
264	0
265	0
266	0
267	0
268	0
269	0
270	-1
271	0
272	0
273	0
274	0
275	0
276	0
277	0
278	0
279	0
280	0
281	1
282	0
283	0
284	0
285	0
286	0
287	0
288	0
289	1
290	0
291	1
292	0
293	1
294	0
295	0
296	0
297	0
298	0
299	0
300	0
301	1
302	0
303	0
304	0
305	0
306	0
307	0
308	-1
309	0
310	0
311	0
312	0
313	0
314	0
315	0
316	0
317	0
318	0
319	0
320	0
321	0
322	0
323	0
324	0
325	0
326	0
327	0
328	0
329	0
330	0
331	1
332	0
333	1
334	-1
335	0
336	0
337	1
338	0
339	0
340	0
341	0
342	0
343	0
344	0
345	0
346	-1
347	0
348	0
349	0
350	0
351	0
352	0
353	0
354	0
355	0
356	0
357	0
358	0
359	0
360	-1
361	0
362	0
363	1
364	0
365	1
366	0
367	1
368	0
369	0
370	0
371	1
372	0
373	1
374	0
375	1
376	0
377	0
378	0
379	1
380	-1
381	0
382	0
383	0
384	0
385	1
386	0
387	0
388	0
389	0
390	0
391	0
392	0
393	0
394	0
395	0
396	0
397	0
398	-1
399	0
400	0
401	0
402	0
403	0
404	0
405	0
406	0
407	0
408	0
409	0
410	0
411	0
412	-1
413	0
414	-1
415	0
416	0
417	0
418	0
419	0
420	0
421	0
422	0
423	0
424	0
425	0
426	0
427	0
428	0
429	1
430	0
431	0
432	0
433	0
434	0
435	0
436	0
437	0
438	0
439	0
440	0
441	0
442	0
443	1
444	0
445	0
446	0
447	4
448	2
449	6
450	4
451	7
452	6
453	11
454	11
455	15
456	15
457	19
458	20
459	24
460	24
461	29
462	30
463	34
464	35
465	39
466	41
467	44
468	45
469	47
470	47
471	51
472	51
473	55
474	53
475	58
476	57
477	60
478	59
479	62
480	62
481	65
482	63
483	67
484	66
485	69
486	68
487	71
488	68
489	72
490	68
491	72
492	68
493	70
494	69
495	72
496	71
497	73
498	73
499	78
500	62
501	72
502	68
503	69
504	66
505	68
506	65
507	68
508	63
509	64
510	62
511	62
512	60
513	60
514	56
515	57
516	53
517	53
518	49
519	51
520	47
521	49
522	44
523	45
524	41
525	43
526	37
527	39
528	35
529	36
530	31
531	32
532	29
533	30
534	27
535	28
536	24
537	27
538	21
539	24
540	18
541	20
542	16
543	19
544	13
545	17
546	12
547	14
548	10
549	11
550	9
551	10
552	6
553	9
554	6
555	8
556	5
557	7
558	3
559	4
560	2
561	4
562	2
563	4
564	0
565	2
566	-1
567	2
568	-1
569	0
570	-2
571	-1
572	-3
573	0
574	-4
575	-1
576	-4
577	-2
578	-4
579	-2
580	-4
581	-3
582	-5
583	-3
584	-6
585	-3
586	-6
587	-2
588	-7
589	-4
590	-8
591	-4
592	-8
593	-6
594	-7
595	-4
596	-8
597	-4
598	-9
599	-4
600	-8
601	-4
602	-8
603	-4
604	-7
605	-4
606	-7
607	-4
608	-6
609	-1
610	-5
611	-2
612	-6
613	-2
614	-6
615	-3
616	-7
617	-2
618	-6
619	-2
620	-7
621	-4
622	-5
623	-2
624	-6
625	-1
626	-5
627	-3
628	-6
629	-3
630	-5
631	-2
632	-4
633	-2
634	-5
635	-2
636	-6
637	-1
638	-4
639	-2
640	-5
641	-1
642	-6
643	-2
644	-6
645	-2
646	-6
647	-1
648	-5
649	-1
650	-5
651	0
652	-5
653	0
654	-3
655	0
656	-3
657	0
658	-4
659	0
660	-2
661	0
662	-3
663	0
664	-4
665	0
666	-4
667	0
668	-1
669	0
670	-3
671	-1
672	-2
673	-1
674	-2
675	-1
676	-3
677	-1
678	-3
679	-1
680	-3
681	-1
682	-2
683	0
684	-3
685	-2
686	-1
687	-2
688	-2
689	-1
690	-3
691	0
692	-4
693	0
694	-2
695	0
696	-3
697	0
698	-1
699	0
700	-2
701	0
702	-2
703	0
704	-2
705	0
706	-1
707	0
708	-1
709	0
710	-2
711	0
712	-3
713	-1
714	-2
715	0
716	-1
717	0
718	0
719	0
720	0
721	0
722	-1
723	0
724	-1
725	0
726	0
727	0
728	-1
729	0
730	-1
731	0
732	-1
733	0
734	-1
735	0
736	-1
737	0
738	-1
739	0
740	-1
741	0
742	0
743	0
744	-2
745	0
746	-1
747	0
748	0
749	0
750	-1
751	0
752	-2
753	0
754	-2
755	0
756	-2
757	0
758	-1
759	0
760	-1
761	-1
762	-3
763	0
764	-2
765	0
766	-1
767	0
768	-1
769	0
770	-2
771	0
772	-3
773	0
774	-1
775	-1
776	-3
777	0
778	-1
779	0
780	-2
781	0
782	-3
783	0
784	-2
785	0
786	-2
787	0
788	-2
789	0
790	-2
791	-1
792	-2
793	0
794	-1
795	0
796	-2
797	0
798	-1
799	0
800	-1
801	-1
802	-1
803	0
804	-1
805	-1
806	-1
807	0
808	0
809	0
810	0
811	0
812	-1
813	-1
814	-2
815	0
816	-1
817	-1
818	-2
819	-1
820	-2
821	0
822	0
823	0
824	-1
825	0
826	0
827	0
828	-1
829	0
830	-1
831	0
832	-2
833	0
834	-2
835	0
836	-2
837	0
838	-1
839	-1
840	-2
841	-1
842	-2
843	0
844	-2
845	-1
846	-1
847	0
848	-2
849	0
850	-1
851	0
852	-1
853	0
854	-1
855	0
856	-1
857	0
858	0
859	0
860	-1
861	0
862	-2
863	0
864	-2
865	-1
866	-2
867	0
868	-2
869	-1
870	-2
871	0
872	-2
873	0
874	-4
875	0
876	-2
877	0
878	-1
879	0
880	-1
881	0
882	-2
883	0
884	-2
885	0
886	-1
887	-1
888	-1
889	0
890	-2
891	-2
892	-2
893	-1
894	-1
895	-1
896	-2
897	-1
898	-2
899	-2
900	-2
901	-1
902	-1
903	-1
904	-1
905	-1
906	-3
907	0
908	-1
909	-1
910	0
911	0
912	-1
913	0
914	-1
915	0
916	-1
917	0
918	-2
919	0
920	-1
921	0
922	-1
923	0
924	-1
925	0
926	-1
927	0
928	0
929	0
930	0
931	0
932	-1
933	0
934	-1
935	0
936	-1
937	0
938	-1
939	0
940	-1
941	0
942	-2
943	0
944	-2
945	0
946	-3
947	0
948	-3
949	0
950	-2
951	0
952	-2
953	-1
954	-2
955	0
956	-1
957	0
958	-2
959	0
960	0
961	0
962	-1
963	0
964	-1
965	0
966	-1
967	0
968	-2
969	0
970	-1
971	0
972	-2
973	0
974	-2
975	0
976	-1
977	0
978	-1
979	0
980	0
981	0
982	-1
983	0
984	-3
985	0
986	-2
987	-1
988	-2
989	-1
990	-2
991	0
992	-3
993	0
994	-3
995	0
996	-2
997	-1
998	-2
999	0
1000	-3
1001	0
1002	-1
1003	0
1004	-2
1005	0
1006	-1
1007	0
1008	-2
1009	0
1010	-1
1011	0
1012	-1
1013	0
1014	-2
1015	0
1016	-1
1017	0
1018	-1
1019	0
1020	0
1021	0
1022	0
1023	0
1024	-1
1025	0
1026	-1
1027	0
1028	-1
1029	0
1030	-1
1031	0
1032	-2
1033	0
1034	-3
1035	0
1036	-2
1037	0
1038	-2
1039	0
1040	-1
1041	0
1042	-1
1043	-1
1044	-2
1045	0
1046	-2
1047	0
1048	-3
1049	-1
1050	-2
1051	0
1052	-2
1053	-1
1054	-3
1055	-1
1056	-3
1057	0
1058	-1
1059	0
1060	0
1061	0
1062	0
1063	0
1064	-1
1065	0
1066	-2
1067	0
1068	-3
1069	0
1070	-3
1071	0
1072	-1
1073	0
1074	-3
1075	0
1076	-2
1077	0
1078	-2
1079	0
1080	-2
1081	0
1082	-2
1083	0
1084	-3
1085	0
1086	-1
1087	0
1088	-1
1089	0
1090	-2
1091	0
1092	-2
1093	0
1094	0
1095	0
1096	0
1097	0
1098	0
1099	0
1100	0
1101	1
1102	0
1103	2
1104	0
1105	1
1106	1
1107	2
1108	1
1109	1
1110	2
1111	2
1112	2
1113	2
1114	1
1115	2
1116	0
1117	2
1118	0
1119	3
1120	2
1121	2
1122	1
1123	3
1124	0
1125	2
1126	2
1127	2
1128	1
1129	3
1130	0
1131	3
1132	1
1133	2
1134	1
1135	2
1136	0
1137	2
1138	0
1139	1
1140	0
1141	1
1142	0
1143	0
1144	0
1145	1
1146	0
1147	1
1148	0
1149	0
1150	0
1151	0
1152	0
1153	0
1154	0
1155	0
1156	-1
1157	0
1158	0
1159	0
1160	0
1161	0
1162	0
1163	0
1164	0
1165	0
1166	-1
1167	1
1168	-1
1169	0
1170	-1
1171	0
1172	-1
1173	0
1174	-1
1175	0
1176	-1
1177	0
1178	-3
1179	0
1180	-3
1181	0
1182	-2
1183	0
1184	-1
1185	0
1186	-2
1187	-1
1188	-2
1189	0
1190	-2
1191	0
1192	-3
1193	0
1194	-2
1195	-1
1196	-2
1197	0
1198	-2
1199	0
1200	-3
1201	0
1202	-2
1203	0
1204	-2
1205	0
1206	-2
1207	0
1208	-2
1209	0
1210	-2
1211	0
1212	-1
1213	0
1214	-2
1215	0
1216	-2
1217	0
1218	-1
1219	0
1220	-3
1221	-1
1222	-1
1223	0
1224	-2
1225	0
1226	-2
1227	0
1228	-1
1229	0
1230	-2
1231	0
1232	-2
1233	0
1234	-1
1235	0
1236	-2
1237	0
1238	-1
1239	-1
1240	-1
1241	0
1242	-3
1243	-1
1244	-2
1245	-1
1246	-2
1247	0
1248	-2
1249	0
1250	-2
1251	-1
1252	-2
1253	0
1254	-1
1255	0
1256	0
1257	0
1258	-1
1259	0
1260	0
1261	0
1262	0
1263	0
1264	0
1265	0
1266	-2
1267	1
1268	-2
1269	1
1270	-1
1271	1
1272	0
1273	1
1274	-1
1275	0
1276	0
1277	1
1278	-2
1279	1
1280	-2
1281	0
1282	0
1283	1
1284	-1
1285	0
1286	-1
1287	0
1288	-1
1289	1
1290	0
1291	0
1292	-1
1293	0
1294	-1
1295	0
1296	-1
1297	0
1298	-1
1299	0
1300	-3
1301	0
1302	0
1303	0
1304	0
1305	0
1306	0
1307	0
1308	-1
1309	0
1310	-2
1311	1
1312	-1
1313	0
1314	0
1315	0
1316	0
1317	0
1318	-1
1319	0
1320	0
1321	0
1322	-1
1323	0
1324	-1
1325	0
1326	-1
1327	0
1328	0
1329	0
1330	0
1331	0
1332	-1
1333	0
1334	-1
1335	0
1336	-1
1337	0
1338	-1
1339	0
1340	-1
1341	0
1342	-1
1343	0
1344	-1
1345	0
1346	-1
1347	0
1348	-2
1349	0
1350	-2
1351	0
1352	-3
1353	0
1354	-2
1355	0
1356	-3
1357	0
1358	-2
1359	0
1360	-2
1361	-1
1362	-2
1363	-1
1364	-2
1365	-1
1366	-3
1367	-1
1368	-2
1369	0
1370	-2
1371	0
1372	-3
1373	0
1374	-3
1375	0
1376	-2
1377	0
1378	-2
1379	0
1380	-2
1381	0
1382	-1
1383	0
1384	-1
1385	0
1386	-2
1387	0
1388	-2
1389	0
1390	-1
1391	0
1392	-1
1393	0
1394	-1
1395	1
1396	0
1397	1
1398	0
1399	0
1400	0
1401	0
1402	0
1403	1
1404	0
1405	1
1406	0
1407	1
1408	0
1409	0
1410	0
1411	0
1412	-1
1413	0
1414	0
1415	1
1416	0
1417	1
1418	0
1419	0
1420	-1
1421	0
1422	-1
1423	0
1424	0
1425	0
1426	0
1427	0
1428	-1
1429	0
1430	-1
1431	0
1432	0
1433	0
1434	-2
1435	0
1436	-1
1437	0
1438	-1
1439	0
1440	-1
1441	0
1442	-2
1443	0
1444	-1
1445	0
1446	-1
1447	0
1448	0
1449	0
1450	0
1451	0
1452	0
1453	0
1454	-2
1455	0
1456	-1
1457	0
1458	-2
1459	0
1460	-1
1461	-1
1462	-3
1463	-2
1464	-3
1465	-1
1466	-3
1467	-1
1468	-3
1469	0
1470	-3
1471	0
1472	-3
1473	0
1474	-1
1475	0
1476	-3
1477	-1
1478	-2
1479	-1
1480	-1
1481	0
1482	-1
1483	0
1484	-2
1485	0
1486	-3
1487	-1
1488	-2
1489	0
1490	-1
1491	0
1492	-3
1493	-1
1494	-2
1495	-1
1496	-2
1497	0
1498	-2
1499	0
1500	-1
1501	0
1502	-3
1503	0
1504	-2
1505	0
1506	-3
1507	0
1508	-3
1509	0
1510	-2
1511	0
1512	0
1513	0
1514	-1
1515	0
1516	-2
1517	0
1518	-1
1519	0
1520	-1
1521	0
1522	-3
1523	0
1524	0
1525	0
1526	-1
1527	0
1528	-2
1529	0
1530	-1
1531	0
1532	-1
1533	0
1534	-1
1535	0
1536	0
1537	-1
1538	-2
1539	-1
1540	-1
1541	-1
1542	-1
1543	0
1544	-3
1545	-1
1546	-2
1547	0
1548	-2
1549	0
1550	-2
1551	0
1552	-2
1553	0
1554	-2
1555	-1
1556	-2
1557	0
1558	-2
1559	0
1560	-1
1561	0
1562	-1
1563	0
1564	-1
1565	0
1566	-2
1567	0
1568	-2
1569	0
1570	-2
1571	0
1572	-2
1573	0
1574	-2
1575	0
1576	-1
1577	0
1578	-2
1579	-1
1580	-2
1581	0
1582	-2
1583	0
1584	-2
1585	0
1586	-2
1587	0
1588	-2
1589	-1
1590	-2
1591	0
1592	-2
1593	0
1594	-3
1595	0
1596	-2
1597	0
1598	-1
1599	0
1600	-1
1601	0
1602	-1
1603	0
1604	-3
1605	0
1606	-3
1607	0
1608	0
1609	0
1610	-1
1611	0
1612	-1
1613	0
1614	0
1615	0
1616	-1
1617	0
1618	0
1619	0
1620	0
1621	0
1622	-1
1623	0
1624	-1
1625	-1
1626	-2
1627	0
1628	-2
1629	0
1630	-1
1631	0
1632	-2
1633	0
1634	-1
1635	0
1636	-2
1637	0
1638	-3
1639	-1
1640	-2
1641	-1
1642	-2
1643	0
1644	-2
1645	0
1646	-2
1647	0
1648	-3
1649	0
1650	-1
1651	0
1652	-2
1653	0
1654	-1
1655	0
1656	-2
1657	0
1658	-2
1659	0
1660	-1
1661	0
1662	-1
1663	0
1664	-2
1665	0
1666	-1
1667	0
1668	-1
1669	0
1670	-2
1671	0
1672	-2
1673	0
1674	-1
1675	0
1676	-2
1677	0
1678	-2
1679	0
1680	-3
1681	-1
1682	-3
1683	-2
1684	-3
1685	-1
1686	-4
1687	0
1688	-3
1689	0
1690	-1
1691	0
1692	-1
1693	0
1694	-3
1695	0
1696	-1
1697	0
1698	-2
1699	0
1700	-1
1701	0
1702	0
1703	0
1704	-1
1705	0
1706	-2
1707	0
1708	-1
1709	0
1710	-1
1711	0
1712	0
1713	0
1714	0
1715	0
1716	-1
1717	0
1718	-1
1719	0
1720	-1
1721	0
1722	-2
1723	0
1724	-1
1725	0
1726	-1
1727	0
1728	-2
1729	0
1730	-2
1731	0
1732	-2
1733	0
1734	-2
1735	0
1736	-2
1737	0
1738	-1
1739	0
1740	-1
1741	0
1742	-3
1743	0
1744	-2
1745	0
1746	0
1747	0
1748	-1
1749	0
1750	-2
1751	0
1752	-2
1753	0
1754	-1
1755	-1
1756	-2
1757	0
1758	-1
1759	0
1760	-1
1761	0
1762	-2
1763	0
1764	-1
1765	0
1766	-2
1767	0
1768	-2
1769	0
1770	-2
1771	0
1772	-3
1773	0
1774	-1
1775	0
1776	-3
1777	0
1778	-1
1779	0
1780	-1
1781	0
1782	0
1783	0
1784	0
1785	0
1786	-1
1787	0
1788	-1
1789	0
1790	0
1791	0
1792	-1
1793	0
1794	-1
1795	0
1796	-1
1797	0
1798	-1
1799	0
1800	-1
1801	0
1802	-1
1803	0
1804	-1
1805	0
1806	-1
1807	0
1808	-1
1809	-1
1810	-2
1811	-1
1812	-2
1813	-1
1814	-3
1815	-1
1816	-2
1817	-1
1818	-1
1819	0
1820	-2
1821	0
1822	-2
1823	0
1824	-3
1825	-1
1826	-3
1827	0
1828	-2
1829	0
1830	-1
1831	0
1832	0
1833	0
1834	-1
1835	0
1836	-2
1837	0
1838	-1
1839	0
1840	-1
1841	0
1842	-1
1843	0
1844	-1
1845	0
1846	-2
1847	0
1848	-2
1849	0
1850	-2
1851	-1
1852	-2
1853	-1
1854	-1
1855	0
1856	-1
1857	0
1858	-1
1859	-1
1860	-1
1861	-1
1862	-2
1863	0
1864	-1
1865	0
1866	0
1867	-1
1868	-2
1869	0
1870	-3
1871	0
1872	0
1873	0
1874	-2
1875	0
1876	-2
1877	0
1878	-1
1879	0
1880	0
1881	0
1882	0
1883	0
1884	-2
1885	0
1886	-1
1887	0
1888	-1
1889	0
1890	-1
1891	0
1892	0
1893	0
1894	-1
1895	0
1896	-2
1897	0
1898	-2
1899	0
1900	-2
1901	-1
1902	-2
1903	0
1904	-1
1905	0
1906	-2
1907	0
1908	-2
1909	-1
1910	-2
1911	-1
1912	0
1913	0
1914	-2
1915	0
1916	-2
1917	0
1918	-1
1919	0
1920	-1
1921	0
1922	-1
1923	0
1924	-1
1925	0
1926	-1
1927	0
1928	-1
1929	0
1930	-1
1931	0
1932	-1
1933	0
1934	-2
1935	0
1936	-1
1937	0
1938	-1
1939	1
1940	-1
1941	0
1942	-1
1943	0
1944	-1
1945	0
1946	-1
1947	0
1948	-2
1949	0
1950	-2
1951	0
1952	-1
1953	-1
1954	-3
1955	0
1956	-2
1957	0
1958	-2
1959	0
1960	-2
1961	0
1962	-1
1963	0
1964	-1
1965	0
1966	-3
1967	0
1968	-1
1969	0
1970	-1
1971	0
1972	-1
1973	0
1974	0
1975	0
1976	0
1977	0
1978	0
1979	0
1980	0
1981	0
1982	0
1983	0
1984	0
1985	0
1986	0
1987	1
1988	0
1989	1
1990	0
1991	1
1992	0
1993	2
1994	0
1995	2
1996	0
1997	1
1998	0
1999	2
