0	-1
1	0
2	0
3	0
4	0
5	0
6	0
7	0
8	0
9	0
10	-1
11	1
12	0
13	0
14	0
15	0
16	-1
17	1
18	0
19	1
20	0
21	1
22	0
23	0
24	0
25	1
26	0
27	0
28	0
29	1
30	0
31	1
32	0
33	0
34	0
35	0
36	0
37	1
38	0
39	1
40	0
41	0
42	0
43	0
44	0
45	0
46	0
47	1
48	0
49	1
50	0
51	0
52	0
53	1
54	0
55	1
56	0
57	1
58	0
59	1
60	0
61	2
62	0
63	1
64	0
65	1
66	0
67	2
68	0
69	1
70	0
71	1
72	0
73	0
74	0
75	1
76	0
77	1
78	-1
79	0
80	-1
81	0
82	0
83	0
84	-1
85	0
86	-1
87	0
88	0
89	1
90	-1
91	0
92	-1
93	0
94	0
95	0
96	0
97	0
98	-1
99	0
100	-1
101	0
102	-1
103	0
104	-1
105	0
106	0
107	0
108	-1
109	0
110	0
111	0
112	0
113	1
114	0
115	0
116	0
117	0
118	0
119	0
120	0
121	1
122	0
123	0
124	0
125	0
126	0
127	0
128	-1
129	0
130	-1
131	0
132	-1
133	1
134	0
135	0
136	-1
137	0
138	0
139	1
140	0
141	0
142	0
143	1
144	0
145	2
146	0
147	1
148	-1
149	1
150	0
151	1
152	0
153	1
154	0
155	2
156	0
157	2
158	0
159	2
160	0
161	1
162	0
163	1
164	0
165	1
166	0
167	1
168	0
169	1
170	1
171	2
172	0
173	1
174	0
175	1
176	0
177	1
178	0
179	1
180	0
181	0
182	0
183	0
184	0
185	0
186	0
187	0
188	0
189	0
190	0
191	0
192	-1
193	0
194	0
195	0
196	-1
197	0
198	-1
199	0
200	-1
201	0
202	0
203	2
204	0
205	1
206	0
207	1
208	0
209	0
210	0
211	0
212	0
213	1
214	0
215	1
216	0
217	1
218	0
219	1
220	0
221	0
222	0
223	0
224	0
225	0
226	-1
227	0
228	0
229	0
230	-1
231	1
232	-1
233	0
234	0
235	1
236	0
237	1
238	0
239	1
240	0
241	0
242	0
243	0
244	0
245	0
246	0
247	0
248	-1
249	0
250	-1
251	1
252	-1
253	0
254	0
255	0
256	-1
257	0
258	0
259	1
260	0
261	0
262	0
263	2
264	0
265	1
266	0
267	1
268	0
269	1
270	0
271	1
272	0
273	0
274	0
275	2
276	0
277	1
278	0
279	1
280	0
281	0
282	0
283	1
284	1
285	0
286	0
287	0
288	0
289	1
290	0
291	0
292	0
293	0
294	0
295	0
296	0
297	1
298	0
299	1
300	0
301	0
302	0
303	0
304	0
305	0
306	0
307	0
308	0
309	0
310	0
311	0
312	0
313	1
314	-1
315	0
316	-1
317	0
318	-1
319	0
320	0
321	0
322	0
323	1
324	0
325	0
326	0
327	0
328	-1
329	1
330	0
331	0
332	0
333	0
334	0
335	0
336	0
337	1
338	0
339	1
340	0
341	1
342	-1
343	0
344	-1
345	0
346	0
347	1
348	0
349	1
350	0
351	0
352	-1
353	0
354	0
355	0
356	0
357	1
358	0
359	0
360	0
361	0
362	0
363	1
364	0
365	1
366	0
367	0
368	0
369	1
370	0
371	2
372	0
373	2
374	0
375	0
376	0
377	0
378	0
379	2
380	0
381	0
382	0
383	0
384	0
385	0
386	0
387	0
388	0
389	0
390	0
391	1
392	0
393	2
394	0
395	1
396	0
397	0
398	0
399	2
400	0
401	2
402	0
403	2
404	0
405	2
406	0
407	2
408	0
409	0
410	0
411	1
412	0
413	1
414	0
415	0
416	0
417	1
418	0
419	1
420	0
421	2
422	0
423	1
424	0
425	1
426	0
427	1
428	0
429	1
430	0
431	3
432	0
433	3
434	2
435	6
436	7
437	10
438	11
439	16
440	16
441	21
442	22
443	28
444	29
445	34
446	36
447	42
448	44
449	51
450	52
451	59
452	60
453	67
454	69
455	76
456	77
457	83
458	85
459	90
460	92
461	97
462	96
463	102
464	103
465	108
466	108
467	113
468	111
469	115
470	113
471	117
472	114
473	118
474	116
475	118
476	115
477	117
478	113
479	116
480	112
481	113
482	110
483	111
484	105
485	106
486	101
487	101
488	98
489	99
490	92
491	91
492	88
493	87
494	81
495	82
496	76
497	78
498	77
499	78
500	62
501	67
502	63
503	63
504	59
505	58
506	52
507	52
508	48
509	49
510	44
511	43
512	38
513	40
514	35
515	36
516	32
517	32
518	26
519	27
520	23
521	25
522	20
523	19
524	16
525	15
526	12
527	14
528	9
529	10
530	6
531	7
532	3
533	3
534	0
535	2
536	0
537	0
538	-4
539	-3
540	-5
541	-5
542	-7
543	-7
544	-10
545	-8
546	-11
547	-9
548	-11
549	-10
550	-12
551	-11
552	-14
553	-12
554	-16
555	-14
556	-16
557	-14
558	-16
559	-15
560	-19
561	-15
562	-19
563	-16
564	-18
565	-15
566	-20
567	-16
568	-18
569	-18
570	-20
571	-15
572	-19
573	-17
574	-20
575	-16
576	-18
577	-17
578	-18
579	-16
580	-19
581	-16
582	-19
583	-16
584	-19
585	-16
586	-17
587	-15
588	-19
589	-17
590	-18
591	-16
592	-19
593	-15
594	-18
595	-16
596	-18
597	-15
598	-17
599	-16
600	-17
601	-16
602	-16
603	-15
604	-16
605	-16
606	-16
607	-15
608	-16
609	-14
610	-16
611	-15
612	-16
613	-15
614	-16
615	-13
616	-15
617	-13
618	-14
619	-12
620	-14
621	-12
622	-15
623	-11
624	-14
625	-11
626	-13
627	-11
628	-12
629	-10
630	-12
631	-9
632	-13
633	-9
634	-11
635	-8
636	-11
637	-8
638	-11
639	-9
640	-11
641	-8
642	-9
643	-7
644	-9
645	-5
646	-8
647	-6
648	-7
649	-4
650	-7
651	-5
652	-5
653	-4
654	-6
655	-4
656	-5
657	-3
658	-6
659	-3
660	-4
661	-3
662	-5
663	-2
664	-5
665	-1
666	-4
667	-1
668	-3
669	-1
670	-4
671	-1
672	-4
673	-1
674	-6
675	-1
676	-3
677	-2
678	-3
679	-2
680	-3
681	-2
682	-4
683	-1
684	-3
685	0
686	-3
687	-1
688	-2
689	-1
690	-3
691	0
692	-4
693	-1
694	-3
695	0
696	-2
697	0
698	-2
699	-1
700	-3
701	-2
702	-4
703	-2
704	-2
705	-1
706	-2
707	-1
708	-3
709	0
710	-2
711	0
712	-2
713	0
714	-3
715	0
716	-3
717	0
718	-3
719	-2
720	-3
721	-1
722	-3
723	-1
724	-4
725	0
726	-3
727	-3
728	-2
729	-2
730	-4
731	-3
732	-4
733	-2
734	-3
735	-2
736	-3
737	0
738	-2
739	-1
740	-3
741	-2
742	-2
743	-1
744	-4
745	0
746	-1
747	0
748	-2
749	-1
750	-1
751	-1
752	-2
753	0
754	-2
755	-1
756	-1
757	0
758	-1
759	0
760	-1
761	0
762	-1
763	0
764	0
765	0
766	-1
767	0
768	-1
769	0
770	0
771	0
772	-2
773	0
774	0
775	0
776	0
777	0
778	0
779	0
780	-1
781	0
782	-1
783	1
784	-1
785	1
786	0
787	0
788	0
789	0
790	0
791	1
792	-1
793	1
794	0
795	0
796	0
797	0
798	0
799	0
800	-1
801	0
802	-1
803	0
804	-2
805	1
806	-1
807	0
808	-2
809	0
810	-1
811	0
812	0
813	0
814	-2
815	0
816	-2
817	0
818	-2
819	0
820	-1
821	0
822	-1
823	0
824	-2
825	0
826	-2
827	0
828	-2
829	0
830	-3
831	0
832	-2
833	0
834	-2
835	-1
836	-2
837	0
838	-3
839	-1
840	-2
841	0
842	-3
843	-1
844	-3
845	0
846	-3
847	-1
848	-2
849	-1
850	-3
851	0
852	-1
853	0
854	-1
855	0
856	-1
857	0
858	-1
859	0
860	-3
861	0
862	-2
863	0
864	-1
865	0
866	-1
867	0
868	0
869	0
870	-2
871	0
872	-2
873	0
874	-1
875	0
876	-1
877	-1
878	-2
879	0
880	0
881	0
882	0
883	0
884	-1
885	0
886	-2
887	-1
888	-2
889	0
890	-2
891	0
892	-1
893	0
894	-2
895	0
896	-1
897	0
898	-2
899	0
900	-1
901	0
902	-2
903	0
904	-1
905	0
906	-1
907	0
908	-1
909	0
910	-2
911	0
912	-1
913	0
914	-1
915	0
916	0
917	0
918	0
919	0
920	-2
921	0
922	-2
923	0
924	-1
925	0
926	-2
927	-1
928	-4
929	-1
930	-3
931	-2
932	-3
933	-1
934	-3
935	-2
936	-5
937	-1
938	-4
939	-2
940	-4
941	-2
942	-4
943	-2
944	-4
945	-1
946	-4
947	-1
948	-3
949	-1
950	-5
951	0
952	-3
953	-1
954	-2
955	-1
956	-3
957	-1
958	-3
959	-1
960	-4
961	0
962	-3
963	-1
964	-2
965	-1
966	-3
967	0
968	-2
969	0
970	-3
971	-1
972	-3
973	0
974	-4
975	0
976	-3
977	0
978	-4
979	0
980	-4
981	0
982	-4
983	-1
984	-3
985	-1
986	-2
987	-1
988	-3
989	-1
990	-3
991	0
992	-3
993	-1
994	-4
995	-1
996	-3
997	0
998	-3
999	0
1000	-2
1001	0
1002	-2
1003	0
1004	-2
1005	0
1006	-1
1007	-1
1008	-1
1009	0
1010	-2
1011	0
1012	-2
1013	0
1014	-3
1015	0
1016	-1
1017	0
1018	-2
1019	0
1020	-2
1021	0
1022	-2
1023	-2
1024	-2
1025	0
1026	-2
1027	0
1028	-1
1029	-2
1030	-2
1031	-1
1032	-2
1033	-1
1034	-1
1035	-1
1036	-3
1037	-1
1038	-1
1039	0
1040	-1
1041	-1
1042	-1
1043	0
1044	-1
1045	0
1046	-2
1047	0
1048	-1
1049	0
1050	-2
1051	0
1052	-1
1053	0
1054	-1
1055	0
1056	-1
1057	0
1058	-1
1059	0
1060	-2
1061	0
1062	-1
1063	0
1064	-1
1065	0
1066	0
1067	0
1068	0
1069	0
1070	-2
1071	0
1072	-3
1073	0
1074	-2
1075	0
1076	-3
1077	-1
1078	-3
1079	0
1080	-3
1081	0
1082	-2
1083	0
1084	-4
1085	0
1086	-3
1087	0
1088	-2
1089	-1
1090	-2
1091	-2
1092	-4
1093	-1
1094	-3
1095	0
1096	-3
1097	-1
1098	-2
1099	-1
1100	-3
1101	-1
1102	-2
1103	0
1104	-3
1105	0
1106	-1
1107	0
1108	-2
1109	0
1110	-2
1111	0
1112	-2
1113	0
1114	-2
1115	0
1116	-2
1117	0
1118	-3
1119	0
1120	-2
1121	-1
1122	-2
1123	0
1124	-2
1125	0
1126	-3
1127	-1
1128	-2
1129	-1
1130	0
1131	0
1132	-1
1133	-1
1134	0
1135	0
1136	0
1137	0
1138	0
1139	0
1140	0
1141	1
1142	0
1143	1
1144	0
1145	2
1146	0
1147	1
1148	1
1149	1
1150	1
1151	2
1152	0
1153	2
1154	2
1155	1
1156	0
1157	3
1158	0
1159	2
1160	0
1161	2
1162	1
1163	2
1164	1
1165	2
1166	0
1167	2
1168	0
1169	2
1170	0
1171	2
1172	0
1173	2
1174	1
1175	2
1176	1
1177	2
1178	0
1179	2
1180	1
1181	2
1182	1
1183	2
1184	1
1185	1
1186	0
1187	1
1188	0
1189	1
1190	0
1191	1
1192	0
1193	1
1194	0
1195	1
1196	-1
1197	1
1198	0
1199	0
1200	-1
1201	1
1202	1
1203	0
1204	0
1205	0
1206	0
1207	0
1208	0
1209	1
1210	0
1211	0
1212	0
1213	1
1214	0
1215	1
1216	0
1217	0
1218	0
1219	1
1220	0
1221	1
1222	0
1223	2
1224	0
1225	2
1226	0
1227	2
1228	0
1229	1
1230	0
1231	1
1232	0
1233	1
1234	0
1235	1
1236	0
1237	1
1238	0
1239	1
1240	0
1241	1
1242	0
1243	0
1244	0
1245	1
1246	0
1247	0
1248	0
1249	0
1250	0
1251	0
1252	0
1253	0
1254	-1
1255	0
1256	-1
1257	0
1258	-1
1259	0
1260	-1
1261	0
1262	-1
1263	0
1264	-1
1265	0
1266	0
1267	0
1268	-1
1269	0
1270	-1
1271	0
1272	-2
1273	0
1274	-1
1275	0
1276	-1
1277	0
1278	0
1279	-1
1280	-1
1281	0
1282	-1
1283	0
1284	-1
1285	0
1286	-1
1287	0
1288	-1
1289	0
1290	-1
1291	0
1292	-1
1293	0
1294	-1
1295	0
1296	-3
1297	0
1298	-2
1299	0
1300	-2
1301	0
1302	-1
1303	-1
1304	-3
1305	0
1306	-3
1307	-1
1308	-3
1309	0
1310	-3
1311	0
1312	-3
1313	-1
1314	-3
1315	-1
1316	-1
1317	-1
1318	-2
1319	0
1320	-3
1321	0
1322	-2
1323	-1
1324	-3
1325	-1
1326	-3
1327	-1
1328	-3
1329	-1
1330	-3
1331	-1
1332	-3
1333	-1
1334	-3
1335	-2
1336	-2
1337	-1
1338	-2
1339	0
1340	-3
1341	-1
1342	-3
1343	-1
1344	-2
1345	-2
1346	-3
1347	-1
1348	-1
1349	-1
1350	-2
1351	0
1352	-3
1353	0
1354	-1
1355	-2
1356	-2
1357	-1
1358	-3
1359	-1
1360	-3
1361	-1
1362	-2
1363	-1
1364	-2
1365	-1
1366	-2
1367	0
1368	-3
1369	0
1370	-2
1371	0
1372	-2
1373	0
1374	-2
1375	0
1376	-3
1377	0
1378	-3
1379	0
1380	-1
1381	0
1382	-1
1383	0
1384	-2
1385	0
1386	-1
1387	0
1388	-1
1389	-1
1390	-2
1391	0
1392	-1
1393	-1
1394	-1
1395	0
1396	-2
1397	0
1398	-1
1399	0
1400	-2
1401	0
1402	-1
1403	0
1404	-1
1405	-1
1406	-1
1407	0
1408	-2
1409	-1
1410	-1
1411	-1
1412	-2
1413	-1
1414	-1
1415	0
1416	-2
1417	0
1418	-1
1419	0
1420	-2
1421	-1
1422	-2
1423	0
1424	-1
1425	0
1426	-2
1427	0
1428	-2
1429	0
1430	-3
1431	-1
1432	-2
1433	-2
1434	-2
1435	-1
1436	-2
1437	0
1438	-1
1439	0
1440	-2
1441	0
1442	-2
1443	-1
1444	-2
1445	0
1446	-2
1447	0
1448	-2
1449	0
1450	-2
1451	-1
1452	-2
1453	-1
1454	-2
1455	0
1456	-2
1457	-1
1458	-2
1459	0
1460	-1
1461	0
1462	-1
1463	0
1464	0
1465	0
1466	0
1467	0
1468	0
1469	0
1470	0
1471	0
1472	-1
1473	0
1474	0
1475	0
1476	-1
1477	0
1478	-2
1479	0
1480	-1
1481	0
1482	-1
1483	0
1484	-1
1485	0
1486	-1
1487	-1
1488	-2
1489	0
1490	-1
1491	0
1492	-1
1493	0
1494	-2
1495	-1
1496	-1
1497	-2
1498	-2
1499	-1
1500	-2
1501	-1
1502	-2
1503	0
1504	-3
1505	-1
1506	-2
1507	-1
1508	-3
1509	0
1510	-1
1511	0
1512	-1
1513	0
1514	-1
1515	0
1516	-1
1517	0
1518	-1
1519	0
1520	-2
1521	0
1522	-1
1523	0
1524	-1
1525	0
1526	-1
1527	-1
1528	-1
1529	0
1530	-1
1531	0
1532	0
1533	0
1534	0
1535	1
1536	0
1537	0
1538	-1
1539	1
1540	0
1541	1
1542	0
1543	1
1544	0
1545	2
1546	0
1547	0
1548	0
1549	3
1550	0
1551	2
1552	2
1553	2
1554	2
1555	2
1556	0
1557	2
1558	1
1559	3
1560	1
1561	3
1562	1
1563	3
1564	0
1565	4
1566	0
1567	2
1568	0
1569	2
1570	0
1571	2
1572	0
1573	2
1574	0
1575	2
1576	0
1577	1
1578	0
1579	0
1580	0
1581	1
1582	0
1583	1
1584	-2
1585	1
1586	0
1587	0
1588	0
1589	0
1590	0
1591	0
1592	0
1593	0
1594	0
1595	0
1596	0
1597	0
1598	-1
1599	0
1600	-1
1601	0
1602	-1
1603	0
1604	-1
1605	0
1606	-1
1607	0
1608	-2
1609	0
1610	-1
1611	0
1612	-1
1613	0
1614	-1
1615	0
1616	-1
1617	0
1618	-2
1619	0
1620	-2
1621	-1
1622	-1
1623	0
1624	0
1625	0
1626	-2
1627	0
1628	-1
1629	-1
1630	-1
1631	-1
1632	-2
1633	0
1634	-1
1635	0
1636	-1
1637	0
1638	-2
1639	0
1640	-2
1641	-1
1642	-2
1643	-1
1644	-1
1645	-1
1646	-1
1647	0
1648	-1
1649	0
1650	-1
1651	-1
1652	-2
1653	-1
1654	-1
1655	0
1656	-1
1657	-1
1658	-3
1659	0
1660	-2
1661	0
1662	-2
1663	0
1664	-2
1665	0
1666	-1
1667	0
1668	-2
1669	0
1670	0
1671	0
1672	0
1673	0
1674	-1
1675	0
1676	0
1677	0
1678	-1
1679	0
1680	0
1681	0
1682	0
1683	0
1684	-1
1685	0
1686	-1
1687	0
1688	0
1689	0
1690	0
1691	0
1692	-1
1693	0
1694	-1
1695	0
1696	0
1697	-1
1698	-1
1699	0
1700	-2
1701	-1
1702	-3
1703	0
1704	-2
1705	-1
1706	-2
1707	-2
1708	-3
1709	-2
1710	-3
1711	-2
1712	-2
1713	-1
1714	-2
1715	-1
1716	-2
1717	-1
1718	-3
1719	0
1720	-2
1721	0
1722	-2
1723	-1
1724	-1
1725	-1
1726	-2
1727	-1
1728	0
1729	0
1730	-1
1731	0
1732	-1
1733	-1
1734	-1
1735	0
1736	0
1737	0
1738	-1
1739	0
1740	-1
1741	0
1742	-1
1743	0
1744	0
1745	0
1746	0
1747	0
1748	-1
1749	0
1750	-2
1751	0
1752	-1
1753	0
1754	-1
1755	0
1756	-1
1757	0
1758	-2
1759	0
1760	0
1761	0
1762	0
1763	0
1764	0
1765	0
1766	0
1767	0
1768	-1
1769	0
1770	0
1771	0
1772	-1
1773	0
1774	-1
1775	0
1776	0
1777	0
1778	-1
1779	0
1780	-1
1781	0
1782	-1
1783	0
1784	-2
1785	0
1786	-1
1787	0
1788	-1
1789	0
1790	-1
1791	0
1792	-1
1793	-1
1794	-1
1795	0
1796	-1
1797	0
1798	-1
1799	-1
1800	-1
1801	0
1802	-2
1803	-1
1804	-2
1805	-1
1806	-2
1807	-1
1808	-1
1809	0
1810	0
1811	-1
1812	-1
1813	0
1814	-1
1815	0
1816	-1
1817	0
1818	0
1819	0
1820	0
1821	0
1822	-1
1823	0
1824	0
1825	0
1826	0
1827	0
1828	-1
1829	0
1830	0
1831	0
1832	-2
1833	0
1834	0
1835	0
1836	-1
1837	0
1838	0
1839	0
1840	0
1841	0
1842	-1
1843	0
1844	0
1845	0
1846	0
1847	0
1848	-1
1849	0
1850	0
1851	0
1852	0
1853	0
1854	0
1855	0
1856	0
1857	0
1858	0
1859	0
1860	-1
1861	0
1862	0
1863	0
1864	-1
1865	0
1866	-2
1867	0
1868	0
1869	0
1870	-1
1871	0
1872	-2
1873	0
1874	-1
1875	0
1876	-1
1877	0
1878	-1
1879	0
1880	0
1881	0
1882	0
1883	0
1884	-1
1885	0
1886	0
1887	0
1888	-1
1889	0
1890	0
1891	0
1892	-1
1893	0
1894	-1
1895	0
1896	-1
1897	0
1898	-2
1899	0
1900	-2
1901	0
1902	-1
1903	0
1904	-1
1905	0
1906	-1
1907	0
1908	-1
1909	0
1910	-1
1911	0
1912	-2
1913	0
1914	-2
1915	-1
1916	-1
1917	0
1918	-2
1919	0
1920	-1
1921	0
1922	-1
1923	0
1924	0
1925	0
1926	0
1927	0
1928	0
1929	0
1930	0
1931	0
1932	-2
1933	0
1934	-1
1935	1
1936	0
1937	0
1938	0
1939	0
1940	-1
1941	0
1942	-1
1943	0
1944	0
1945	0
1946	0
1947	0
1948	0
1949	0
1950	0
1951	0
1952	-1
1953	0
1954	0
1955	0
1956	0
1957	0
1958	-1
1959	0
1960	0
1961	0
1962	0
1963	0
1964	-1
1965	0
1966	-1
1967	0
1968	-1
1969	0
1970	-1
1971	0
1972	-2
1973	0
1974	-2
1975	-1
1976	-1
1977	0
1978	-2
1979	0
1980	-1
1981	0
1982	-2
1983	-1
1984	-1
1985	0
1986	-1
1987	0
1988	-1
1989	0
1990	-1
1991	0
1992	-2
1993	0
1994	-1
1995	0
1996	-1
1997	0
1998	0
1999	1
