0	0
1	0
2	-1
3	1
4	-1
5	0
6	0
7	0
8	0
9	0
10	0
11	0
12	0
13	0
14	0
15	0
16	0
17	0
18	0
19	0
20	0
21	0
22	0
23	0
24	0
25	0
26	0
27	0
28	0
29	0
30	0
31	0
32	0
33	0
34	0
35	0
36	0
37	0
38	0
39	0
40	0
41	0
42	-1
43	0
44	-1
45	0
46	0
47	0
48	0
49	0
50	-1
51	0
52	0
53	0
54	0
55	0
56	0
57	1
58	0
59	0
60	0
61	0
62	0
63	1
64	0
65	0
66	0
67	1
68	0
69	0
70	0
71	1
72	0
73	1
74	0
75	1
76	0
77	0
78	-1
79	1
80	0
81	0
82	0
83	0
84	0
85	0
86	0
87	0
88	0
89	0
90	0
91	0
92	-1
93	1
94	0
95	1
96	0
97	0
98	0
99	0
100	0
101	0
102	0
103	0
104	0
105	0
106	0
107	0
108	0
109	0
110	0
111	0
112	-1
113	0
114	0
115	0
116	0
117	0
118	0
119	0
120	0
121	0
122	0
123	0
124	0
125	0
126	0
127	0
128	0
129	0
130	0
131	0
132	0
133	0
134	0
135	0
136	0
137	0
138	0
139	0
140	0
141	0
142	0
143	0
144	0
145	0
146	0
147	0
148	0
149	0
150	0
151	1
152	0
153	1
154	0
155	1
156	0
157	1
158	0
159	0
160	0
161	0
162	0
163	0
164	0
165	0
166	0
167	1
168	0
169	1
170	0
171	1
172	0
173	0
174	0
175	0
176	0
177	0
178	0
179	0
180	0
181	0
182	0
183	0
184	0
185	0
186	0
187	0
188	0
189	0
190	0
191	1
192	0
193	0
194	0
195	0
196	0
197	0
198	0
199	1
200	0
201	1
202	0
203	0
204	0
205	1
206	0
207	1
208	0
209	2
210	0
211	1
212	0
213	1
214	0
215	1
216	0
217	0
218	0
219	0
220	0
221	0
222	0
223	0
224	0
225	0
226	0
227	0
228	0
229	0
230	0
231	0
232	0
233	0
234	-1
235	0
236	-1
237	0
238	0
239	0
240	-1
241	0
242	-1
243	0
244	-1
245	0
246	-1
247	0
248	0
249	0
250	0
251	0
252	0
253	0
254	0
255	0
256	-1
257	0
258	0
259	0
260	0
261	0
262	0
263	0
264	0
265	0
266	-1
267	0
268	0
269	0
270	0
271	0
272	0
273	0
274	0
275	1
276	0
277	0
278	0
279	0
280	-1
281	0
282	0
283	0
284	0
285	0
286	0
287	0
288	0
289	0
290	0
291	1
292	0
293	0
294	0
295	1
296	0
297	1
298	0
299	0
300	0
301	0
302	0
303	1
304	0
305	0
306	-1
307	1
308	0
309	0
310	0
311	0
312	0
313	0
314	0
315	0
316	0
317	0
318	0
319	1
320	0
321	0
322	0
323	0
324	0
325	1
326	0
327	0
328	0
329	1
330	0
331	1
332	0
333	1
334	0
335	0
336	0
337	0
338	0
339	1
340	0
341	0
342	0
343	1
344	0
345	0
346	0
347	1
348	0
349	0
350	0
351	1
352	0
353	0
354	0
355	0
356	0
357	0
358	-1
359	0
360	0
361	1
362	0
363	0
364	0
365	0
366	0
367	0
368	0
369	0
370	0
371	0
372	0
373	0
374	0
375	0
376	0
377	0
378	0
379	0
380	0
381	0
382	0
383	0
384	0
385	1
386	0
387	0
388	0
389	0
390	0
391	1
392	0
393	0
394	0
395	1
396	0
397	1
398	-1
399	1
400	0
401	0
402	0
403	0
404	0
405	1
406	0
407	0
408	0
409	0
410	0
411	0
412	0
413	0
414	0
415	1
416	0
417	1
418	0
419	0
420	0
421	1
422	0
423	2
424	0
425	0
426	0
427	0
428	0
429	0
430	0
431	0
432	-1
433	0
434	0
435	0
436	0
437	0
438	0
439	0
440	-1
441	0
442	-1
443	0
444	0
445	0
446	0
447	0
448	0
449	0
450	0
451	0
452	0
453	0
454	0
455	0
456	0
457	1
458	0
459	2
460	0
461	2
462	0
463	4
464	1
465	4
466	4
467	5
468	4
469	8
470	7
471	10
472	9
473	12
474	12
475	16
476	15
477	22
478	19
479	26
480	26
481	32
482	31
483	39
484	37
485	42
486	43
487	50
488	48
489	55
490	55
491	60
492	57
493	64
494	62
495	66
496	66
497	67
498	67
499	78
500	62
501	74
502	67
503	72
504	68
505	73
506	68
507	71
508	67
509	67
510	64
511	67
512	64
513	64
514	59
515	61
516	55
517	58
518	54
519	54
520	51
521	52
522	47
523	49
524	44
525	46
526	41
527	43
528	37
529	40
530	35
531	38
532	30
533	34
534	28
535	30
536	27
537	28
538	24
539	25
540	20
541	24
542	18
543	21
544	16
545	20
546	15
547	18
548	13
549	15
550	11
551	13
552	10
553	11
554	9
555	11
556	6
557	12
558	5
559	9
560	2
561	8
562	2
563	7
564	2
565	5
566	0
567	4
568	0
569	4
570	0
571	2
572	1
573	2
574	0
575	2
576	0
577	1
578	0
579	0
580	0
581	1
582	-1
583	0
584	0
585	1
586	-1
587	0
588	0
589	0
590	-2
591	0
592	-1
593	0
594	-2
595	0
596	-2
597	0
598	-2
599	-1
600	-3
601	-1
602	-2
603	0
604	-1
605	0
606	-1
607	0
608	-1
609	0
610	-1
611	0
612	-1
613	0
614	0
615	0
616	0
617	0
618	0
619	0
620	0
621	0
622	0
623	0
624	0
625	0
626	0
627	0
628	0
629	0
630	0
631	1
632	0
633	0
634	0
635	0
636	0
637	0
638	-1
639	0
640	-1
641	0
642	-1
643	0
644	-1
645	0
646	-1
647	0
648	-2
649	0
650	-2
651	0
652	-1
653	0
654	-2
655	0
656	-2
657	0
658	-1
659	0
660	0
661	-1
662	-2
663	0
664	-1
665	0
666	-1
667	0
668	0
669	0
670	0
671	0
672	0
673	0
674	0
675	0
676	0
677	1
678	0
679	2
680	-2
681	0
682	0
683	0
684	0
685	0
686	0
687	1
688	0
689	1
690	0
691	0
692	-1
693	0
694	-1
695	0
696	-2
697	0
698	-1
699	0
700	-1
701	0
702	-1
703	0
704	0
705	0
706	-1
707	0
708	0
709	0
710	-1
711	0
712	-1
713	0
714	-1
715	0
716	0
717	0
718	0
719	1
720	-1
721	0
722	0
723	1
724	0
725	0
726	0
727	0
728	0
729	1
730	0
731	0
732	0
733	0
734	-1
735	0
736	0
737	0
738	-1
739	0
740	0
741	0
742	-1
743	0
744	0
745	0
746	0
747	0
748	0
749	0
750	-1
751	0
752	0
753	0
754	-1
755	0
756	0
757	0
758	0
759	0
760	-1
761	0
762	-1
763	0
764	-1
765	0
766	-1
767	2
768	0
769	0
770	0
771	0
772	0
773	0
774	0
775	0
776	-1
777	0
778	0
779	0
780	0
781	0
782	-1
783	0
784	-1
785	0
786	-1
787	0
788	-1
789	0
790	-1
791	0
792	-1
793	0
794	-1
795	0
796	0
797	0
798	0
799	0
800	0
801	0
802	0
803	0
804	0
805	0
806	-1
807	1
808	0
809	0
810	0
811	0
812	0
813	0
814	0
815	1
816	0
817	0
818	0
819	0
820	0
821	0
822	0
823	1
824	0
825	0
826	-1
827	0
828	0
829	0
830	-1
831	0
832	-1
833	0
834	0
835	0
836	0
837	0
838	-1
839	0
840	0
841	0
842	-1
843	0
844	-1
845	0
846	-1
847	0
848	0
849	0
850	0
851	0
852	-1
853	0
854	0
855	0
856	0
857	0
858	0
859	0
860	-1
861	0
862	-1
863	0
864	0
865	0
866	0
867	0
868	0
869	0
870	0
871	0
872	0
873	0
874	0
875	0
876	0
877	0
878	0
879	0
880	0
881	0
882	0
883	0
884	0
885	0
886	0
887	0
888	0
889	0
890	0
891	0
892	-1
893	0
894	-1
895	0
896	-1
897	0
898	0
899	0
900	-2
901	0
902	0
903	0
904	-1
905	0
906	0
907	0
908	0
909	0
910	0
911	0
912	0
913	0
914	0
915	0
916	0
917	0
918	0
919	0
920	0
921	0
922	-1
923	0
924	0
925	0
926	0
927	0
928	0
929	0
930	0
931	0
932	0
933	0
934	-1
935	0
936	0
937	0
938	0
939	0
940	0
941	0
942	0
943	0
944	0
945	0
946	0
947	0
948	-2
949	0
950	-1
951	0
952	0
953	0
954	0
955	0
956	0
957	0
958	0
959	0
960	0
961	0
962	-1
963	0
964	0
965	0
966	-1
967	0
968	-1
969	0
970	-1
971	0
972	-1
973	0
974	-1
975	0
976	-1
977	0
978	0
979	0
980	0
981	0
982	-1
983	0
984	-1
985	0
986	0
987	0
988	0
989	0
990	0
991	0
992	0
993	0
994	0
995	0
996	0
997	0
998	0
999	0
1000	-1
1001	0
1002	0
1003	0
1004	0
1005	0
1006	-1
1007	0
1008	-1
1009	0
1010	0
1011	0
1012	-1
1013	0
1014	-1
1015	0
1016	-1
1017	0
1018	-1
1019	0
1020	-1
1021	0
1022	-1
1023	0
1024	0
1025	0
1026	0
1027	0
1028	-1
1029	0
1030	-1
1031	0
1032	-1
1033	0
1034	-1
1035	0
1036	0
1037	0
1038	-1
1039	0
1040	-2
1041	0
1042	-2
1043	0
1044	-2
1045	0
1046	0
1047	0
1048	0
1049	0
1050	0
1051	1
1052	-1
1053	0
1054	0
1055	0
1056	-1
1057	0
1058	-1
1059	0
1060	0
1061	1
1062	0
1063	0
1064	-1
1065	0
1066	-1
1067	0
1068	-1
1069	0
1070	-1
1071	0
1072	-1
1073	0
1074	-1
1075	0
1076	-1
1077	0
1078	-1
1079	0
1080	-1
1081	0
1082	-1
1083	0
1084	0
1085	0
1086	-1
1087	0
1088	0
1089	0
1090	0
1091	0
1092	-1
1093	0
1094	-1
1095	0
1096	-1
1097	0
1098	-1
1099	0
1100	-2
1101	0
1102	0
1103	0
1104	0
1105	0
1106	0
1107	0
1108	0
1109	1
1110	0
1111	0
1112	0
1113	1
1114	-1
1115	0
1116	0
1117	1
1118	0
1119	1
1120	-1
1121	0
1122	0
1123	0
1124	0
1125	0
1126	0
1127	0
1128	0
1129	0
1130	0
1131	0
1132	0
1133	0
1134	0
1135	0
1136	0
1137	0
1138	-2
1139	0
1140	-1
1141	0
1142	-1
1143	0
1144	-1
1145	-1
1146	-1
1147	0
1148	-2
1149	-1
1150	-2
1151	0
1152	-2
1153	0
1154	-2
1155	0
1156	-2
1157	0
1158	-1
1159	0
1160	-1
1161	0
1162	-1
1163	0
1164	-1
1165	0
1166	0
1167	0
1168	-1
1169	0
1170	-1
1171	0
1172	-1
1173	0
1174	0
1175	0
1176	-1
1177	0
1178	0
1179	0
1180	0
1181	0
1182	0
1183	0
1184	-1
1185	0
1186	-1
1187	0
1188	-1
1189	0
1190	0
1191	0
1192	0
1193	0
1194	0
1195	0
1196	-1
1197	0
1198	0
1199	1
1200	0
1201	0
1202	0
1203	1
1204	0
1205	0
1206	0
1207	0
1208	0
1209	0
1210	0
1211	0
1212	0
1213	0
1214	-1
1215	0
1216	-1
1217	0
1218	-1
1219	0
1220	-1
1221	0
1222	-1
1223	0
1224	-2
1225	0
1226	-1
1227	0
1228	0
1229	0
1230	-1
1231	0
1232	-1
1233	0
1234	-1
1235	0
1236	-1
1237	0
1238	0
1239	0
1240	0
1241	0
1242	-1
1243	0
1244	0
1245	0
1246	0
1247	0
1248	-1
1249	0
1250	0
1251	0
1252	0
1253	0
1254	0
1255	0
1256	-1
1257	0
1258	0
1259	0
1260	-1
1261	0
1262	-1
1263	0
1264	-1
1265	0
1266	-1
1267	0
1268	-1
1269	0
1270	-2
1271	0
1272	-1
1273	-1
1274	-2
1275	0
1276	-2
1277	0
1278	-1
1279	0
1280	-1
1281	0
1282	-2
1283	0
1284	-1
1285	0
1286	-2
1287	0
1288	-1
1289	0
1290	0
1291	1
1292	0
1293	1
1294	0
1295	1
1296	0
1297	0
1298	0
1299	1
1300	0
1301	1
1302	0
1303	1
1304	0
1305	2
1306	0
1307	2
1308	0
1309	1
1310	0
1311	2
1312	0
1313	2
1314	0
1315	2
1316	0
1317	2
1318	0
1319	1
1320	0
1321	2
1322	0
1323	2
1324	0
1325	1
1326	0
1327	1
1328	0
1329	1
1330	0
1331	2
1332	0
1333	2
1334	0
1335	2
1336	0
1337	1
1338	0
1339	1
1340	0
1341	1
1342	0
1343	1
1344	0
1345	1
1346	0
1347	1
1348	0
1349	1
1350	0
1351	1
1352	0
1353	0
1354	0
1355	0
1356	0
1357	0
1358	0
1359	0
1360	0
1361	0
1362	0
1363	0
1364	-1
1365	0
1366	-1
1367	1
1368	0
1369	0
1370	-1
1371	0
1372	-2
1373	0
1374	-1
1375	0
1376	0
1377	0
1378	0
1379	0
1380	-1
1381	0
1382	0
1383	0
1384	-1
1385	0
1386	-1
1387	0
1388	0
1389	0
1390	0
1391	0
1392	-1
1393	0
1394	0
1395	0
1396	0
1397	0
1398	0
1399	0
1400	0
1401	0
1402	-1
1403	0
1404	0
1405	0
1406	0
1407	0
1408	0
1409	0
1410	-1
1411	0
1412	-1
1413	0
1414	-1
1415	0
1416	-2
1417	0
1418	-2
1419	0
1420	-2
1421	0
1422	-2
1423	0
1424	-2
1425	0
1426	0
1427	0
1428	0
1429	0
1430	0
1431	0
1432	0
1433	0
1434	0
1435	0
1436	0
1437	0
1438	-1
1439	0
1440	-1
1441	0
1442	-2
1443	0
1444	-2
1445	0
1446	-1
1447	0
1448	-1
1449	0
1450	0
1451	0
1452	-2
1453	-1
1454	0
1455	0
1456	-1
1457	0
1458	-1
1459	0
1460	0
1461	0
1462	0
1463	0
1464	-1
1465	0
1466	-2
1467	0
1468	0
1469	0
1470	-1
1471	0
1472	-1
1473	0
1474	-1
1475	0
1476	-1
1477	0
1478	0
1479	0
1480	0
1481	0
1482	-1
1483	0
1484	0
1485	0
1486	-1
1487	0
1488	-1
1489	0
1490	0
1491	0
1492	-1
1493	0
1494	-1
1495	0
1496	-1
1497	0
1498	0
1499	0
1500	0
1501	0
1502	0
1503	0
1504	-1
1505	0
1506	-1
1507	0
1508	-1
1509	0
1510	-1
1511	0
1512	-1
1513	0
1514	-2
1515	0
1516	0
1517	0
1518	-1
1519	0
1520	0
1521	0
1522	-1
1523	0
1524	-1
1525	0
1526	0
1527	0
1528	-1
1529	0
1530	0
1531	0
1532	0
1533	0
1534	0
1535	0
1536	-2
1537	0
1538	0
1539	0
1540	0
1541	0
1542	0
1543	0
1544	-1
1545	0
1546	-1
1547	0
1548	0
1549	0
1550	0
1551	0
1552	0
1553	0
1554	0
1555	0
1556	0
1557	0
1558	0
1559	0
1560	0
1561	0
1562	-1
1563	0
1564	-1
1565	0
1566	-1
1567	0
1568	-1
1569	0
1570	0
1571	0
1572	-1
1573	0
1574	-1
1575	0
1576	-1
1577	0
1578	0
1579	0
1580	-1
1581	0
1582	-1
1583	0
1584	-1
1585	0
1586	-1
1587	0
1588	0
1589	0
1590	0
1591	0
1592	0
1593	0
1594	0
1595	0
1596	0
1597	0
1598	0
1599	0
1600	0
1601	1
1602	0
1603	0
1604	0
1605	0
1606	0
1607	0
1608	0
1609	0
1610	0
1611	0
1612	0
1613	0
1614	0
1615	0
1616	-1
1617	0
1618	0
1619	0
1620	-1
1621	0
1622	0
1623	0
1624	0
1625	0
1626	0
1627	0
1628	-1
1629	0
1630	-1
1631	0
1632	0
1633	0
1634	0
1635	0
1636	-1
1637	0
1638	-1
1639	0
1640	0
1641	0
1642	-1
1643	0
1644	0
1645	0
1646	0
1647	0
1648	0
1649	0
1650	-1
1651	0
1652	0
1653	0
1654	0
1655	0
1656	-1
1657	0
1658	-2
1659	0
1660	0
1661	0
1662	-1
1663	0
1664	-1
1665	0
1666	0
1667	0
1668	0
1669	0
1670	-1
1671	0
1672	-1
1673	0
1674	-1
1675	0
1676	0
1677	0
1678	0
1679	0
1680	0
1681	0
1682	0
1683	0
1684	-1
1685	0
1686	0
1687	0
1688	0
1689	0
1690	0
1691	0
1692	0
1693	0
1694	0
1695	0
1696	0
1697	0
1698	-1
1699	0
1700	-2
1701	0
1702	-1
1703	0
1704	-1
1705	0
1706	-2
1707	0
1708	-1
1709	0
1710	0
1711	0
1712	0
1713	0
1714	-1
1715	0
1716	-1
1717	0
1718	-2
1719	0
1720	-2
1721	0
1722	-1
1723	0
1724	0
1725	0
1726	-1
1727	0
1728	-1
1729	0
1730	0
1731	1
1732	0
1733	0
1734	0
1735	0
1736	0
1737	0
1738	0
1739	1
1740	0
1741	1
1742	0
1743	1
1744	0
1745	1
1746	0
1747	0
1748	-1
1749	0
1750	0
1751	0
1752	-1
1753	0
1754	-1
1755	1
1756	0
1757	0
1758	0
1759	0
1760	-1
1761	0
1762	0
1763	0
1764	0
1765	0
1766	0
1767	0
1768	0
1769	0
1770	-1
1771	1
1772	0
1773	0
1774	0
1775	1
1776	0
1777	1
1778	0
1779	1
1780	0
1781	1
1782	0
1783	0
1784	0
1785	0
1786	0
1787	0
1788	-1
1789	0
1790	-1
1791	0
1792	-2
1793	0
1794	-2
1795	0
1796	-2
1797	0
1798	-3
1799	0
1800	-1
1801	0
1802	-1
1803	0
1804	0
1805	0
1806	-1
1807	0
1808	-1
1809	0
1810	0
1811	0
1812	0
1813	1
1814	-1
1815	0
1816	-1
1817	0
1818	0
1819	0
1820	0
1821	0
1822	0
1823	0
1824	0
1825	0
1826	0
1827	1
1828	0
1829	0
1830	0
1831	0
1832	0
1833	0
1834	0
1835	0
1836	0
1837	0
1838	-1
1839	0
1840	-1
1841	1
1842	-2
1843	0
1844	-2
1845	0
1846	-1
1847	0
1848	-1
1849	0
1850	-1
1851	0
1852	-2
1853	0
1854	-2
1855	0
1856	-1
1857	0
1858	-1
1859	0
1860	-1
1861	0
1862	-1
1863	0
1864	-1
1865	0
1866	-1
1867	0
1868	0
1869	0
1870	-1
1871	0
1872	0
1873	0
1874	-1
1875	0
1876	-1
1877	0
1878	-1
1879	0
1880	-1
1881	0
1882	-1
1883	0
1884	-2
1885	0
1886	-1
1887	0
1888	-1
1889	0
1890	-2
1891	0
1892	-1
1893	0
1894	-1
1895	0
1896	-1
1897	0
1898	-2
1899	0
1900	-1
1901	0
1902	-2
1903	0
1904	0
1905	0
1906	-1
1907	0
1908	-1
1909	1
1910	0
1911	0
1912	0
1913	1
1914	0
1915	1
1916	0
1917	0
1918	0
1919	0
1920	0
1921	0
1922	-1
1923	0
1924	0
1925	0
1926	0
1927	0
1928	-1
1929	0
1930	0
1931	0
1932	0
1933	0
1934	-1
1935	0
1936	-1
1937	0
1938	0
1939	0
1940	-1
1941	0
1942	-1
1943	0
1944	-1
1945	0
1946	0
1947	0
1948	-1
1949	0
1950	0
1951	0
1952	0
1953	0
1954	0
1955	0
1956	0
1957	0
1958	-1
1959	0
1960	-1
1961	0
1962	0
1963	0
1964	-1
1965	0
1966	0
1967	0
1968	-1
1969	0
1970	0
1971	0
1972	0
1973	0
1974	-1
1975	0
1976	0
1977	0
1978	0
1979	0
1980	-1
1981	0
1982	-1
1983	0
1984	-2
1985	0
1986	-1
1987	0
1988	0
1989	0
1990	0
1991	0
1992	0
1993	1
1994	0
1995	0
1996	0
1997	0
1998	0
1999	0
