0	0
1	1
2	0
3	0
4	0
5	1
6	0
7	0
8	0
9	1
10	0
11	0
12	0
13	1
14	0
15	2
16	0
17	1
18	0
19	1
20	0
21	0
22	0
23	1
24	0
25	0
26	0
27	1
28	0
29	0
30	0
31	0
32	0
33	0
34	0
35	0
36	0
37	0
38	0
39	0
40	-1
41	0
42	0
43	0
44	0
45	0
46	0
47	0
48	0
49	0
50	0
51	0
52	0
53	0
54	0
55	0
56	0
57	0
58	1
59	0
60	0
61	0
62	0
63	0
64	0
65	0
66	0
67	0
68	0
69	0
70	0
71	0
72	0
73	0
74	0
75	0
76	0
77	0
78	0
79	0
80	0
81	1
82	0
83	0
84	0
85	0
86	0
87	1
88	0
89	0
90	0
91	1
92	0
93	0
94	0
95	0
96	0
97	1
98	0
99	1
100	0
101	1
102	0
103	1
104	0
105	1
106	0
107	1
108	0
109	1
110	1
111	1
112	0
113	1
114	0
115	1
116	0
117	1
118	0
119	0
120	0
121	1
122	0
123	1
124	0
125	1
126	0
127	1
128	0
129	0
130	0
131	1
132	0
133	0
134	0
135	0
136	0
137	0
138	-1
139	0
140	0
141	0
142	-1
143	0
144	-1
145	0
146	-1
147	0
148	-1
149	0
150	0
151	0
152	-1
153	0
154	0
155	0
156	0
157	0
158	0
159	0
160	0
161	1
162	0
163	1
164	0
165	1
166	0
167	2
168	0
169	0
170	0
171	1
172	0
173	1
174	1
175	1
176	2
177	1
178	1
179	2
180	0
181	1
182	0
183	1
184	0
185	0
186	0
187	0
188	0
189	0
190	0
191	0
192	0
193	0
194	0
195	0
196	0
197	0
198	0
199	0
200	0
201	0
202	-1
203	0
204	-1
205	0
206	0
207	0
208	0
209	0
210	0
211	0
212	0
213	0
214	0
215	0
216	0
217	0
218	0
219	0
220	0
221	0
222	0
223	1
224	0
225	1
226	0
227	0
228	0
229	1
230	0
231	0
232	0
233	0
234	0
235	0
236	1
237	0
238	0
239	1
240	0
241	1
242	0
243	0
244	0
245	0
246	0
247	1
248	0
249	1
250	0
251	0
252	0
253	0
254	0
255	0
256	0
257	0
258	0
259	0
260	0
261	0
262	0
263	1
264	0
265	0
266	0
267	1
268	0
269	0
270	0
271	0
272	0
273	1
274	0
275	0
276	1
277	0
278	0
279	0
280	0
281	2
282	0
283	0
284	0
285	0
286	0
287	0
288	0
289	0
290	0
291	0
292	0
293	0
294	0
295	0
296	0
297	0
298	0
299	0
300	0
301	0
302	0
303	0
304	0
305	0
306	0
307	0
308	0
309	0
310	0
311	0
312	0
313	0
314	0
315	0
316	-1
317	0
318	0
319	0
320	0
321	0
322	0
323	0
324	0
325	0
326	0
327	0
328	0
329	0
330	0
331	0
332	0
333	0
334	1
335	0
336	0
337	0
338	0
339	1
340	0
341	0
342	0
343	0
344	0
345	0
346	0
347	1
348	0
349	0
350	0
351	0
352	0
353	0
354	0
355	0
356	0
357	0
358	0
359	0
360	0
361	0
362	0
363	0
364	0
365	0
366	0
367	0
368	0
369	0
370	0
371	0
372	0
373	0
374	0
375	0
376	0
377	0
378	0
379	1
380	0
381	0
382	0
383	0
384	0
385	0
386	0
387	0
388	0
389	0
390	0
391	1
392	0
393	0
394	0
395	0
396	0
397	0
398	0
399	0
400	0
401	1
402	0
403	0
404	0
405	0
406	0
407	0
408	0
409	0
410	0
411	1
412	0
413	1
414	0
415	0
416	0
417	0
418	0
419	0
420	0
421	0
422	0
423	0
424	0
425	0
426	0
427	0
428	0
429	0
430	0
431	0
432	0
433	0
434	0
435	0
436	1
437	4
438	3
439	7
440	9
441	12
442	13
443	16
444	17
445	24
446	25
447	30
448	33
449	38
450	41
451	46
452	49
453	54
454	58
455	63
456	64
457	71
458	73
459	77
460	79
461	84
462	85
463	90
464	91
465	97
466	97
467	101
468	101
469	103
470	103
471	106
472	105
473	108
474	107
475	109
476	106
477	109
478	107
479	106
480	104
481	105
482	103
483	104
484	100
485	101
486	96
487	97
488	93
489	93
490	91
491	90
492	87
493	85
494	81
495	78
496	77
497	77
498	77
499	78
500	62
501	69
502	64
503	64
504	62
505	61
506	55
507	56
508	52
509	52
510	49
511	48
512	43
513	44
514	39
515	39
516	35
517	36
518	32
519	33
520	28
521	27
522	24
523	25
524	21
525	22
526	20
527	18
528	15
529	16
530	12
531	12
532	10
533	9
534	7
535	7
536	6
537	6
538	4
539	4
540	0
541	1
542	-1
543	0
544	-4
545	-2
546	-6
547	-4
548	-8
549	-6
550	-8
551	-8
552	-9
553	-10
554	-11
555	-10
556	-12
557	-11
558	-12
559	-11
560	-13
561	-12
562	-12
563	-12
564	-13
565	-12
566	-13
567	-12
568	-14
569	-13
570	-14
571	-13
572	-14
573	-13
574	-15
575	-13
576	-15
577	-14
578	-14
579	-14
580	-15
581	-14
582	-14
583	-14
584	-14
585	-14
586	-16
587	-15
588	-15
589	-14
590	-15
591	-13
592	-15
593	-14
594	-15
595	-15
596	-15
597	-15
598	-14
599	-14
600	-15
601	-15
602	-14
603	-14
604	-14
605	-13
606	-14
607	-14
608	-14
609	-13
610	-14
611	-14
612	-14
613	-13
614	-15
615	-13
616	-13
617	-13
618	-14
619	-11
620	-14
621	-13
622	-14
623	-13
624	-13
625	-11
626	-13
627	-11
628	-13
629	-9
630	-12
631	-9
632	-13
633	-9
634	-11
635	-8
636	-11
637	-6
638	-10
639	-8
640	-8
641	-8
642	-8
643	-7
644	-9
645	-7
646	-7
647	-4
648	-6
649	-4
650	-7
651	-3
652	-6
653	-2
654	-6
655	-3
656	-6
657	-3
658	-5
659	-2
660	-4
661	-4
662	-5
663	-3
664	-5
665	-3
666	-6
667	-3
668	-4
669	-2
670	-4
671	-1
672	-5
673	-2
674	-4
675	-3
676	-4
677	-1
678	-3
679	-1
680	-2
681	-2
682	-3
683	0
684	-4
685	-1
686	-4
687	0
688	-2
689	-1
690	-2
691	-2
692	-2
693	-2
694	-2
695	-1
696	-3
697	-1
698	-4
699	-2
700	-3
701	-3
702	-3
703	-3
704	-4
705	-1
706	-3
707	-2
708	-3
709	-3
710	-3
711	-2
712	-3
713	-2
714	-3
715	-3
716	-3
717	-1
718	-3
719	-2
720	-2
721	-1
722	-2
723	-2
724	-2
725	-1
726	-1
727	-1
728	-3
729	-1
730	-1
731	0
732	-3
733	0
734	-1
735	0
736	-1
737	-1
738	-3
739	0
740	-1
741	-1
742	-1
743	-1
744	-2
745	-1
746	-2
747	-1
748	-3
749	-1
750	-1
751	-1
752	-1
753	0
754	-1
755	-1
756	-2
757	-1
758	-1
759	-1
760	-1
761	-2
762	-3
763	0
764	-3
765	-2
766	-4
767	-1
768	-4
769	0
770	-3
771	-1
772	-2
773	0
774	-3
775	0
776	-2
777	0
778	-1
779	-1
780	-1
781	-1
782	0
783	-1
784	-1
785	0
786	-2
787	-1
788	0
789	-1
790	0
791	0
792	0
793	0
794	-1
795	0
796	-1
797	0
798	-1
799	0
800	-1
801	0
802	-1
803	0
804	0
805	0
806	0
807	0
808	-1
809	0
810	0
811	0
812	0
813	0
814	0
815	0
816	0
817	0
818	0
819	1
820	-1
821	1
822	0
823	0
824	0
825	0
826	0
827	0
828	0
829	0
830	0
831	0
832	0
833	0
834	0
835	0
836	0
837	0
838	0
839	0
840	0
841	0
842	0
843	1
844	0
845	0
846	0
847	0
848	0
849	1
850	0
851	1
852	0
853	1
854	0
855	0
856	0
857	0
858	0
859	0
860	0
861	1
862	0
863	1
864	0
865	0
866	0
867	0
868	0
869	0
870	0
871	0
872	0
873	0
874	0
875	1
876	-1
877	0
878	0
879	0
880	0
881	0
882	-1
883	0
884	-1
885	0
886	0
887	0
888	0
889	0
890	-1
891	0
892	-1
893	0
894	0
895	0
896	-2
897	0
898	-1
899	0
900	0
901	0
902	0
903	0
904	0
905	0
906	0
907	0
908	0
909	0
910	-1
911	0
912	-1
913	0
914	-1
915	0
916	0
917	0
918	-1
919	0
920	-1
921	-1
922	-1
923	-1
924	-1
925	-1
926	-1
927	0
928	-1
929	-1
930	-1
931	-1
932	-3
933	0
934	-2
935	0
936	-2
937	-1
938	-2
939	-2
940	-2
941	-2
942	-2
943	-1
944	-1
945	0
946	-1
947	-1
948	0
949	-1
950	-1
951	0
952	-1
953	-1
954	-2
955	0
956	-1
957	-1
958	0
959	0
960	-1
961	0
962	-1
963	0
964	0
965	0
966	-2
967	-1
968	-1
969	0
970	-1
971	-1
972	0
973	0
974	0
975	0
976	0
977	-1
978	-1
979	0
980	-1
981	0
982	0
983	0
984	0
985	0
986	0
987	0
988	0
989	0
990	0
991	0
992	0
993	0
994	0
995	0
996	-1
997	0
998	0
999	0
1000	-1
1001	0
1002	0
1003	0
1004	-1
1005	-1
1006	0
1007	0
1008	0
1009	0
1010	0
1011	0
1012	0
1013	0
1014	-1
1015	0
1016	-1
1017	0
1018	-1
1019	-1
1020	-1
1021	0
1022	-1
1023	0
1024	-1
1025	0
1026	-2
1027	0
1028	-1
1029	0
1030	-1
1031	-1
1032	0
1033	0
1034	0
1035	0
1036	-1
1037	0
1038	-2
1039	0
1040	-1
1041	0
1042	-1
1043	0
1044	-1
1045	0
1046	0
1047	-1
1048	0
1049	0
1050	-1
1051	0
1052	0
1053	-1
1054	-1
1055	0
1056	-1
1057	0
1058	-2
1059	-1
1060	-1
1061	0
1062	-1
1063	0
1064	-1
1065	0
1066	-1
1067	0
1068	-1
1069	0
1070	-1
1071	0
1072	-1
1073	0
1074	-2
1075	0
1076	-1
1077	-1
1078	-1
1079	0
1080	-2
1081	0
1082	-3
1083	0
1084	0
1085	0
1086	-1
1087	0
1088	0
1089	-1
1090	0
1091	-1
1092	-1
1093	0
1094	-2
1095	-1
1096	-1
1097	0
1098	-2
1099	0
1100	0
1101	-1
1102	0
1103	0
1104	0
1105	0
1106	-1
1107	-1
1108	-1
1109	0
1110	-1
1111	0
1112	-1
1113	0
1114	-2
1115	0
1116	-1
1117	-1
1118	-1
1119	0
1120	-2
1121	0
1122	-1
1123	0
1124	-1
1125	-1
1126	-1
1127	0
1128	-1
1129	0
1130	0
1131	0
1132	0
1133	0
1134	0
1135	0
1136	-1
1137	0
1138	0
1139	0
1140	-1
1141	0
1142	-2
1143	0
1144	-1
1145	0
1146	-1
1147	0
1148	-1
1149	0
1150	-1
1151	0
1152	-1
1153	0
1154	-1
1155	0
1156	-1
1157	0
1158	-1
1159	0
1160	0
1161	0
1162	0
1163	0
1164	0
1165	0
1166	0
1167	0
1168	0
1169	0
1170	-1
1171	0
1172	-1
1173	0
1174	0
1175	0
1176	-1
1177	0
1178	-1
1179	0
1180	-2
1181	0
1182	-1
1183	0
1184	0
1185	0
1186	-1
1187	0
1188	-2
1189	0
1190	-1
1191	0
1192	0
1193	-1
1194	-1
1195	0
1196	0
1197	0
1198	0
1199	0
1200	-1
1201	0
1202	-1
1203	0
1204	0
1205	0
1206	0
1207	0
1208	0
1209	0
1210	0
1211	0
1212	-1
1213	0
1214	-1
1215	0
1216	0
1217	0
1218	-1
1219	0
1220	-1
1221	-1
1222	-2
1223	0
1224	0
1225	0
1226	-1
1227	0
1228	-1
1229	0
1230	-1
1231	0
1232	-1
1233	0
1234	-1
1235	0
1236	-1
1237	0
1238	-2
1239	-1
1240	-3
1241	0
1242	-2
1243	-1
1244	-2
1245	-1
1246	-1
1247	-1
1248	-2
1249	-1
1250	-2
1251	-1
1252	-1
1253	0
1254	-1
1255	-1
1256	-2
1257	0
1258	-1
1259	-1
1260	-1
1261	0
1262	0
1263	0
1264	-1
1265	0
1266	0
1267	0
1268	0
1269	0
1270	0
1271	0
1272	0
1273	0
1274	0
1275	0
1276	0
1277	0
1278	0
1279	1
1280	0
1281	0
1282	0
1283	1
1284	0
1285	0
1286	0
1287	0
1288	0
1289	0
1290	0
1291	0
1292	0
1293	0
1294	0
1295	0
1296	-1
1297	0
1298	-1
1299	-1
1300	-1
1301	-1
1302	-1
1303	-2
1304	-1
1305	-1
1306	-2
1307	-1
1308	-1
1309	-1
1310	-1
1311	-1
1312	-2
1313	0
1314	-1
1315	0
1316	-2
1317	0
1318	-1
1319	0
1320	-1
1321	0
1322	-2
1323	-1
1324	-2
1325	-1
1326	0
1327	0
1328	0
1329	0
1330	0
1331	0
1332	0
1333	0
1334	0
1335	0
1336	0
1337	0
1338	-2
1339	0
1340	-2
1341	0
1342	-1
1343	0
1344	-1
1345	0
1346	-1
1347	-1
1348	-1
1349	0
1350	-2
1351	0
1352	-2
1353	-1
1354	-1
1355	-1
1356	-2
1357	-1
1358	-3
1359	0
1360	-1
1361	-1
1362	-2
1363	-1
1364	-1
1365	-1
1366	-1
1367	-1
1368	-1
1369	-1
1370	-2
1371	0
1372	-1
1373	0
1374	-2
1375	0
1376	-1
1377	0
1378	-1
1379	0
1380	0
1381	1
1382	0
1383	1
1384	0
1385	1
1386	0
1387	1
1388	0
1389	1
1390	0
1391	1
1392	1
1393	1
1394	0
1395	2
1396	0
1397	3
1398	0
1399	2
1400	0
1401	1
1402	1
1403	2
1404	1
1405	2
1406	1
1407	2
1408	0
1409	2
1410	1
1411	1
1412	1
1413	2
1414	1
1415	2
1416	0
1417	3
1418	0
1419	2
1420	0
1421	2
1422	0
1423	2
1424	0
1425	1
1426	0
1427	2
1428	0
1429	0
1430	0
1431	1
1432	0
1433	0
1434	0
1435	0
1436	0
1437	0
1438	0
1439	0
1440	0
1441	0
1442	0
1443	0
1444	0
1445	0
1446	0
1447	0
1448	0
1449	0
1450	0
1451	0
1452	0
1453	0
1454	0
1455	0
1456	0
1457	0
1458	0
1459	1
1460	0
1461	0
1462	0
1463	0
1464	0
1465	0
1466	0
1467	0
1468	0
1469	0
1470	0
1471	0
1472	0
1473	0
1474	0
1475	0
1476	0
1477	0
1478	-1
1479	-1
1480	-2
1481	-1
1482	0
1483	-1
1484	-2
1485	-1
1486	-2
1487	-1
1488	-2
1489	-1
1490	-3
1491	-1
1492	-2
1493	-1
1494	-1
1495	0
1496	-2
1497	-1
1498	-2
1499	-1
1500	-3
1501	0
1502	-1
1503	0
1504	-1
1505	0
1506	-1
1507	0
1508	0
1509	0
1510	0
1511	0
1512	0
1513	0
1514	0
1515	0
1516	0
1517	0
1518	0
1519	0
1520	0
1521	0
1522	-1
1523	0
1524	-1
1525	0
1526	-1
1527	-1
1528	0
1529	0
1530	-1
1531	0
1532	-2
1533	-1
1534	-1
1535	0
1536	-1
1537	-1
1538	-1
1539	0
1540	-2
1541	0
1542	-2
1543	0
1544	-1
1545	0
1546	-1
1547	0
1548	0
1549	0
1550	0
1551	0
1552	0
1553	0
1554	0
1555	0
1556	0
1557	0
1558	0
1559	0
1560	-1
1561	0
1562	0
1563	0
1564	0
1565	1
1566	0
1567	0
1568	0
1569	0
1570	-1
1571	-1
1572	-1
1573	0
1574	0
1575	0
1576	-1
1577	-1
1578	-2
1579	-1
1580	-2
1581	0
1582	-2
1583	0
1584	-1
1585	0
1586	-1
1587	0
1588	-1
1589	0
1590	-1
1591	0
1592	-1
1593	0
1594	-1
1595	0
1596	-1
1597	0
1598	-1
1599	0
1600	-1
1601	0
1602	-1
1603	0
1604	-1
1605	0
1606	0
1607	0
1608	0
1609	0
1610	0
1611	0
1612	0
1613	0
1614	0
1615	0
1616	-1
1617	0
1618	-1
1619	0
1620	-1
1621	-1
1622	-2
1623	0
1624	-2
1625	-1
1626	-1
1627	0
1628	-1
1629	-1
1630	-1
1631	-1
1632	-1
1633	0
1634	0
1635	0
1636	0
1637	1
1638	0
1639	0
1640	0
1641	0
1642	0
1643	0
1644	0
1645	0
1646	0
1647	0
1648	0
1649	0
1650	0
1651	1
1652	0
1653	1
1654	0
1655	0
1656	0
1657	0
1658	0
1659	0
1660	0
1661	0
1662	-1
1663	0
1664	-1
1665	0
1666	0
1667	0
1668	-1
1669	0
1670	0
1671	0
1672	-1
1673	0
1674	-1
1675	0
1676	0
1677	0
1678	0
1679	0
1680	-1
1681	-1
1682	0
1683	-1
1684	0
1685	0
1686	0
1687	0
1688	0
1689	0
1690	0
1691	0
1692	-1
1693	0
1694	0
1695	0
1696	-1
1697	0
1698	0
1699	0
1700	-2
1701	-1
1702	-1
1703	0
1704	-1
1705	-1
1706	-1
1707	-2
1708	-2
1709	-2
1710	-1
1711	-1
1712	-1
1713	-1
1714	0
1715	0
1716	0
1717	0
1718	-1
1719	0
1720	0
1721	0
1722	0
1723	0
1724	0
1725	0
1726	0
1727	0
1728	0
1729	0
1730	0
1731	0
1732	-1
1733	0
1734	0
1735	0
1736	-1
1737	0
1738	0
1739	0
1740	-1
1741	0
1742	-1
1743	0
1744	-1
1745	0
1746	0
1747	0
1748	0
1749	0
1750	-1
1751	0
1752	-2
1753	0
1754	-2
1755	0
1756	-1
1757	0
1758	0
1759	0
1760	0
1761	0
1762	0
1763	0
1764	0
1765	0
1766	0
1767	0
1768	0
1769	0
1770	0
1771	0
1772	0
1773	0
1774	0
1775	0
1776	0
1777	0
1778	0
1779	0
1780	0
1781	0
1782	0
1783	0
1784	0
1785	0
1786	-1
1787	0
1788	0
1789	0
1790	0
1791	0
1792	-1
1793	0
1794	0
1795	-1
1796	-2
1797	-1
1798	-1
1799	0
1800	-1
1801	-1
1802	-2
1803	-1
1804	0
1805	-1
1806	-1
1807	0
1808	0
1809	0
1810	-1
1811	0
1812	0
1813	0
1814	0
1815	0
1816	0
1817	0
1818	0
1819	2
1820	0
1821	1
1822	0
1823	0
1824	0
1825	1
1826	0
1827	0
1828	0
1829	0
1830	0
1831	0
1832	0
1833	0
1834	-1
1835	0
1836	-1
1837	-1
1838	-1
1839	-1
1840	0
1841	0
1842	-2
1843	0
1844	-2
1845	-1
1846	-2
1847	-1
1848	-2
1849	-1
1850	-2
1851	-1
1852	-2
1853	-1
1854	-1
1855	-1
1856	-2
1857	0
1858	-1
1859	-1
1860	-2
1861	0
1862	-1
1863	0
1864	0
1865	0
1866	0
1867	0
1868	0
1869	0
1870	0
1871	1
1872	0
1873	0
1874	0
1875	0
1876	0
1877	1
1878	0
1879	0
1880	0
1881	0
1882	0
1883	0
1884	0
1885	0
1886	0
1887	0
1888	0
1889	0
1890	0
1891	0
1892	0
1893	0
1894	-1
1895	0
1896	-1
1897	0
1898	-1
1899	0
1900	-1
1901	0
1902	0
1903	0
1904	0
1905	0
1906	0
1907	0
1908	0
1909	0
1910	0
1911	1
1912	0
1913	2
1914	0
1915	1
1916	1
1917	2
1918	0
1919	1
1920	1
1921	2
1922	1
1923	0
1924	1
1925	1
1926	1
1927	1
1928	1
1929	0
1930	1
1931	1
1932	0
1933	1
1934	0
1935	2
1936	0
1937	0
1938	0
1939	1
1940	1
1941	0
1942	0
1943	0
1944	0
1945	0
1946	0
1947	0
1948	1
1949	1
1950	0
1951	1
1952	1
1953	2
1954	1
1955	2
1956	1
1957	2
1958	1
1959	3
1960	2
1961	3
1962	1
1963	2
1964	2
1965	1
1966	1
1967	0
1968	0
1969	0
1970	0
1971	0
1972	0
1973	0
1974	0
1975	0
1976	-1
1977	0
1978	-1
1979	0
1980	-1
1981	0
1982	-1
1983	-1
1984	-2
1985	-1
1986	-2
1987	0
1988	-1
1989	0
1990	-1
1991	0
1992	0
1993	0
1994	0
1995	0
1996	0
1997	0
1998	0
1999	0
