0	0
1	0
2	0
3	0
4	0
5	0
6	0
7	0
8	1
9	0
10	0
11	1
12	0
13	0
14	0
15	0
16	1
17	0
18	0
19	1
20	0
21	1
22	1
23	1
24	1
25	0
26	1
27	0
28	0
29	1
30	0
31	0
32	0
33	0
34	0
35	0
36	0
37	0
38	0
39	0
40	0
41	0
42	0
43	0
44	0
45	0
46	0
47	0
48	0
49	0
50	0
51	0
52	0
53	0
54	0
55	0
56	0
57	0
58	0
59	0
60	0
61	0
62	0
63	0
64	0
65	0
66	0
67	0
68	0
69	0
70	0
71	0
72	0
73	0
74	0
75	0
76	0
77	0
78	0
79	0
80	1
81	0
82	0
83	1
84	0
85	0
86	0
87	0
88	0
89	1
90	0
91	0
92	0
93	1
94	0
95	0
96	0
97	0
98	0
99	0
100	0
101	1
102	0
103	0
104	0
105	1
106	0
107	1
108	0
109	1
110	0
111	1
112	1
113	0
114	0
115	0
116	0
117	0
118	0
119	1
120	0
121	0
122	0
123	0
124	0
125	1
126	0
127	0
128	0
129	1
130	0
131	0
132	0
133	0
134	0
135	0
136	0
137	0
138	0
139	0
140	0
141	0
142	0
143	1
144	0
145	0
146	0
147	0
148	0
149	0
150	-1
151	0
152	-1
153	0
154	0
155	0
156	0
157	0
158	0
159	0
160	0
161	0
162	0
163	0
164	0
165	0
166	0
167	0
168	0
169	0
170	0
171	0
172	0
173	1
174	0
175	0
176	0
177	0
178	0
179	2
180	0
181	1
182	0
183	0
184	0
185	1
186	0
187	0
188	0
189	1
190	0
191	0
192	0
193	0
194	0
195	0
196	0
197	0
198	0
199	0
200	0
201	0
202	0
203	0
204	0
205	0
206	0
207	0
208	0
209	0
210	0
211	1
212	1
213	1
214	0
215	0
216	1
217	1
218	1
219	1
220	1
221	0
222	0
223	1
224	0
225	1
226	0
227	0
228	0
229	1
230	0
231	0
232	0
233	0
234	0
235	0
236	0
237	0
238	0
239	0
240	-1
241	0
242	-1
243	0
244	-1
245	0
246	-2
247	0
248	-1
249	0
250	0
251	0
252	0
253	0
254	0
255	0
256	0
257	0
258	0
259	0
260	0
261	2
262	0
263	0
264	0
265	1
266	0
267	1
268	0
269	0
270	0
271	1
272	0
273	1
274	0
275	0
276	0
277	1
278	0
279	0
280	0
281	0
282	0
283	0
284	0
285	1
286	0
287	0
288	0
289	1
290	0
291	1
292	0
293	0
294	0
295	0
296	0
297	0
298	0
299	0
300	0
301	0
302	0
303	0
304	0
305	0
306	0
307	0
308	0
309	1
310	0
311	1
312	1
313	0
314	0
315	0
316	0
317	1
318	0
319	1
320	0
321	1
322	0
323	0
324	0
325	0
326	0
327	0
328	0
329	0
330	0
331	1
332	0
333	0
334	0
335	0
336	0
337	0
338	0
339	0
340	0
341	0
342	-1
343	0
344	-1
345	0
346	0
347	0
348	0
349	0
350	0
351	0
352	0
353	0
354	0
355	1
356	0
357	1
358	1
359	0
360	0
361	1
362	0
363	0
364	0
365	1
366	0
367	0
368	0
369	1
370	0
371	0
372	0
373	0
374	0
375	0
376	0
377	0
378	0
379	0
380	0
381	1
382	0
383	0
384	0
385	0
386	0
387	0
388	0
389	0
390	0
391	0
392	0
393	0
394	0
395	0
396	0
397	0
398	0
399	0
400	0
401	1
402	0
403	1
404	0
405	0
406	0
407	0
408	0
409	0
410	0
411	0
412	0
413	1
414	0
415	0
416	0
417	0
418	0
419	0
420	0
421	0
422	0
423	0
424	0
425	0
426	0
427	0
428	0
429	0
430	0
431	0
432	0
433	1
434	0
435	2
436	2
437	3
438	4
439	6
440	8
441	11
442	13
443	14
444	18
445	23
446	24
447	28
448	31
449	34
450	38
451	41
452	45
453	52
454	55
455	58
456	60
457	66
458	69
459	72
460	75
461	80
462	82
463	86
464	87
465	90
466	92
467	96
468	97
469	100
470	100
471	103
472	103
473	105
474	104
475	104
476	105
477	107
478	104
479	105
480	103
481	104
482	101
483	103
484	98
485	99
486	96
487	96
488	92
489	90
490	89
491	88
492	86
493	84
494	80
495	79
496	78
497	78
498	77
499	78
500	62
501	67
502	64
503	63
504	60
505	60
506	56
507	54
508	50
509	50
510	47
511	47
512	43
513	43
514	36
515	38
516	34
517	33
518	32
519	31
520	26
521	27
522	23
523	24
524	21
525	21
526	19
527	19
528	16
529	14
530	13
531	13
532	10
533	9
534	7
535	8
536	4
537	5
538	4
539	4
540	3
541	1
542	0
543	0
544	-3
545	0
546	-3
547	-3
548	-6
549	-5
550	-6
551	-6
552	-8
553	-7
554	-9
555	-9
556	-10
557	-10
558	-10
559	-11
560	-11
561	-11
562	-11
563	-11
564	-12
565	-11
566	-12
567	-12
568	-12
569	-12
570	-11
571	-11
572	-12
573	-11
574	-13
575	-12
576	-13
577	-12
578	-13
579	-13
580	-13
581	-13
582	-13
583	-13
584	-13
585	-13
586	-15
587	-12
588	-13
589	-12
590	-14
591	-12
592	-13
593	-14
594	-14
595	-14
596	-14
597	-14
598	-14
599	-13
600	-14
601	-14
602	-14
603	-14
604	-13
605	-13
606	-13
607	-12
608	-12
609	-11
610	-12
611	-12
612	-12
613	-12
614	-12
615	-12
616	-11
617	-12
618	-11
619	-11
620	-11
621	-11
622	-11
623	-9
624	-10
625	-9
626	-9
627	-9
628	-9
629	-9
630	-10
631	-9
632	-10
633	-8
634	-9
635	-8
636	-8
637	-8
638	-8
639	-5
640	-5
641	-5
642	-7
643	-5
644	-6
645	-5
646	-5
647	-5
648	-5
649	-4
650	-5
651	-4
652	-4
653	-4
654	-5
655	-4
656	-4
657	-3
658	-3
659	-2
660	-2
661	-2
662	-2
663	-2
664	-2
665	-2
666	-1
667	0
668	-2
669	0
670	-1
671	-1
672	0
673	0
674	0
675	0
676	-1
677	0
678	-1
679	0
680	-1
681	0
682	0
683	0
684	0
685	0
686	0
687	0
688	-1
689	0
690	0
691	0
692	0
693	0
694	0
695	0
696	-1
697	0
698	0
699	0
700	0
701	0
702	0
703	0
704	0
705	0
706	0
707	0
708	0
709	-1
710	0
711	0
712	0
713	-1
714	0
715	0
716	0
717	1
718	0
719	1
720	0
721	0
722	0
723	0
724	0
725	0
726	0
727	0
728	0
729	1
730	0
731	0
732	1
733	1
734	1
735	0
736	0
737	1
738	0
739	0
740	0
741	1
742	0
743	0
744	0
745	0
746	0
747	0
748	0
749	0
750	0
751	-1
752	-1
753	-2
754	0
755	-1
756	0
757	0
758	0
759	0
760	-2
761	-2
762	-1
763	0
764	0
765	0
766	0
767	0
768	-1
769	0
770	-1
771	0
772	-1
773	0
774	0
775	0
776	0
777	0
778	0
779	0
780	0
781	0
782	0
783	0
784	1
785	0
786	0
787	0
788	0
789	0
790	0
791	0
792	0
793	0
794	0
795	0
796	0
797	0
798	0
799	0
800	0
801	0
802	-1
803	0
804	0
805	0
806	0
807	0
808	-1
809	0
810	-1
811	0
812	-1
813	-1
814	-1
815	0
816	-1
817	0
818	-1
819	0
820	-1
821	0
822	-1
823	0
824	-2
825	-1
826	-1
827	-1
828	-3
829	-2
830	-2
831	-1
832	-2
833	-1
834	-1
835	-1
836	-2
837	-2
838	-3
839	-1
840	-2
841	-2
842	-2
843	-2
844	-2
845	-2
846	-3
847	-2
848	-3
849	-2
850	-3
851	-2
852	-3
853	-2
854	-2
855	-1
856	-2
857	-1
858	-1
859	-1
860	-1
861	0
862	-2
863	-1
864	-1
865	-1
866	-1
867	0
868	0
869	0
870	-1
871	0
872	-1
873	0
874	-1
875	-1
876	-1
877	-1
878	0
879	0
880	-1
881	0
882	-1
883	0
884	-1
885	0
886	0
887	0
888	0
889	0
890	0
891	0
892	0
893	0
894	0
895	0
896	0
897	0
898	0
899	0
900	0
901	0
902	0
903	0
904	0
905	0
906	0
907	0
908	0
909	0
910	0
911	0
912	-1
913	0
914	0
915	0
916	-1
917	0
918	-1
919	-1
920	-1
921	0
922	-2
923	0
924	0
925	0
926	-1
927	0
928	-2
929	0
930	-2
931	-1
932	-2
933	-1
934	-1
935	-2
936	-1
937	-2
938	-2
939	-2
940	-1
941	-3
942	-1
943	-2
944	-1
945	-1
946	-2
947	-2
948	-2
949	-1
950	0
951	-1
952	-1
953	0
954	-2
955	-1
956	-1
957	-1
958	-1
959	-1
960	-1
961	0
962	-1
963	0
964	-1
965	0
966	-1
967	0
968	-1
969	0
970	0
971	0
972	0
973	-1
974	-1
975	0
976	0
977	0
978	-1
979	0
980	0
981	0
982	0
983	0
984	0
985	0
986	0
987	0
988	0
989	0
990	0
991	0
992	0
993	0
994	0
995	0
996	0
997	-1
998	-1
999	0
1000	-1
1001	0
1002	-1
1003	-1
1004	0
1005	-1
1006	0
1007	-1
1008	-1
1009	0
1010	-1
1011	0
1012	-2
1013	-1
1014	-1
1015	-2
1016	-1
1017	0
1018	0
1019	-1
1020	-1
1021	0
1022	0
1023	0
1024	-2
1025	0
1026	-1
1027	-1
1028	-2
1029	-1
1030	-1
1031	0
1032	0
1033	0
1034	0
1035	0
1036	-1
1037	0
1038	-1
1039	0
1040	0
1041	-1
1042	-1
1043	-1
1044	-1
1045	-1
1046	-1
1047	0
1048	-1
1049	0
1050	-1
1051	0
1052	-1
1053	0
1054	-1
1055	-1
1056	-1
1057	-1
1058	-1
1059	0
1060	-1
1061	-1
1062	-1
1063	0
1064	-1
1065	0
1066	-2
1067	0
1068	-1
1069	0
1070	0
1071	-1
1072	0
1073	0
1074	-1
1075	0
1076	-2
1077	-1
1078	-1
1079	0
1080	-1
1081	0
1082	0
1083	0
1084	0
1085	0
1086	0
1087	0
1088	0
1089	0
1090	0
1091	0
1092	0
1093	0
1094	0
1095	0
1096	-1
1097	0
1098	0
1099	0
1100	0
1101	0
1102	-1
1103	0
1104	-1
1105	0
1106	-2
1107	0
1108	0
1109	0
1110	0
1111	0
1112	0
1113	-1
1114	0
1115	-1
1116	-1
1117	0
1118	-1
1119	0
1120	0
1121	0
1122	0
1123	-1
1124	0
1125	0
1126	-1
1127	0
1128	0
1129	0
1130	0
1131	-1
1132	0
1133	0
1134	-1
1135	0
1136	-1
1137	0
1138	-1
1139	-1
1140	-1
1141	0
1142	0
1143	0
1144	-1
1145	-1
1146	-1
1147	0
1148	0
1149	0
1150	-1
1151	0
1152	0
1153	-1
1154	0
1155	0
1156	0
1157	0
1158	-1
1159	0
1160	0
1161	0
1162	-1
1163	0
1164	0
1165	0
1166	0
1167	0
1168	0
1169	0
1170	0
1171	0
1172	0
1173	0
1174	0
1175	0
1176	0
1177	0
1178	-1
1179	0
1180	0
1181	0
1182	0
1183	0
1184	0
1185	0
1186	0
1187	0
1188	0
1189	0
1190	0
1191	0
1192	0
1193	0
1194	0
1195	0
1196	0
1197	0
1198	0
1199	0
1200	0
1201	0
1202	0
1203	0
1204	-1
1205	0
1206	0
1207	0
1208	0
1209	-1
1210	0
1211	0
1212	0
1213	0
1214	0
1215	0
1216	0
1217	0
1218	0
1219	0
1220	0
1221	0
1222	0
1223	0
1224	0
1225	1
1226	0
1227	0
1228	1
1229	1
1230	1
1231	0
1232	1
1233	0
1234	1
1235	1
1236	1
1237	1
1238	0
1239	2
1240	1
1241	0
1242	1
1243	1
1244	1
1245	0
1246	1
1247	0
1248	0
1249	0
1250	1
1251	1
1252	0
1253	1
1254	0
1255	0
1256	0
1257	0
1258	0
1259	0
1260	0
1261	0
1262	0
1263	0
1264	0
1265	0
1266	0
1267	0
1268	-2
1269	0
1270	0
1271	0
1272	0
1273	0
1274	0
1275	0
1276	-1
1277	0
1278	0
1279	0
1280	0
1281	0
1282	0
1283	0
1284	0
1285	0
1286	0
1287	0
1288	0
1289	0
1290	0
1291	0
1292	-1
1293	0
1294	-1
1295	0
1296	-1
1297	0
1298	0
1299	0
1300	0
1301	0
1302	0
1303	0
1304	0
1305	0
1306	0
1307	0
1308	0
1309	0
1310	0
1311	0
1312	0
1313	0
1314	0
1315	0
1316	0
1317	0
1318	-1
1319	-1
1320	0
1321	0
1322	-2
1323	-1
1324	0
1325	-1
1326	0
1327	-1
1328	-1
1329	-1
1330	0
1331	-1
1332	0
1333	0
1334	0
1335	0
1336	0
1337	0
1338	-1
1339	0
1340	0
1341	0
1342	-1
1343	-1
1344	0
1345	-1
1346	0
1347	0
1348	-1
1349	0
1350	0
1351	0
1352	0
1353	0
1354	-1
1355	-1
1356	-1
1357	-1
1358	0
1359	0
1360	0
1361	0
1362	-1
1363	0
1364	-1
1365	0
1366	-1
1367	0
1368	-1
1369	0
1370	-1
1371	0
1372	-1
1373	0
1374	0
1375	-1
1376	0
1377	0
1378	0
1379	0
1380	0
1381	0
1382	-1
1383	0
1384	0
1385	0
1386	0
1387	0
1388	-1
1389	0
1390	0
1391	0
1392	0
1393	0
1394	0
1395	0
1396	0
1397	0
1398	0
1399	1
1400	0
1401	1
1402	0
1403	1
1404	1
1405	0
1406	0
1407	2
1408	1
1409	2
1410	1
1411	2
1412	1
1413	1
1414	0
1415	1
1416	0
1417	1
1418	0
1419	1
1420	1
1421	1
1422	0
1423	1
1424	1
1425	1
1426	2
1427	1
1428	1
1429	1
1430	1
1431	2
1432	1
1433	1
1434	1
1435	2
1436	2
1437	2
1438	0
1439	2
1440	2
1441	2
1442	1
1443	2
1444	2
1445	1
1446	2
1447	3
1448	1
1449	2
1450	2
1451	1
1452	1
1453	2
1454	1
1455	1
1456	0
1457	1
1458	1
1459	1
1460	1
1461	1
1462	0
1463	1
1464	0
1465	1
1466	0
1467	1
1468	0
1469	0
1470	0
1471	0
1472	0
1473	0
1474	0
1475	1
1476	0
1477	1
1478	0
1479	0
1480	0
1481	0
1482	0
1483	0
1484	0
1485	0
1486	0
1487	0
1488	0
1489	1
1490	0
1491	0
1492	0
1493	0
1494	0
1495	0
1496	0
1497	0
1498	0
1499	0
1500	0
1501	0
1502	0
1503	0
1504	0
1505	0
1506	0
1507	0
1508	0
1509	0
1510	0
1511	0
1512	0
1513	0
1514	0
1515	-1
1516	0
1517	0
1518	0
1519	0
1520	-1
1521	0
1522	0
1523	0
1524	0
1525	0
1526	-1
1527	0
1528	-1
1529	0
1530	-1
1531	0
1532	0
1533	0
1534	0
1535	-1
1536	-1
1537	-1
1538	-1
1539	0
1540	0
1541	0
1542	0
1543	0
1544	-1
1545	0
1546	0
1547	0
1548	0
1549	0
1550	0
1551	0
1552	0
1553	0
1554	-1
1555	0
1556	0
1557	-1
1558	-1
1559	-1
1560	0
1561	-1
1562	-1
1563	0
1564	0
1565	0
1566	-1
1567	0
1568	0
1569	0
1570	-1
1571	0
1572	-1
1573	0
1574	0
1575	0
1576	0
1577	0
1578	0
1579	0
1580	-1
1581	0
1582	-2
1583	0
1584	0
1585	0
1586	-1
1587	-1
1588	-2
1589	-1
1590	-1
1591	-1
1592	-2
1593	-1
1594	-2
1595	-1
1596	-2
1597	0
1598	-2
1599	0
1600	-2
1601	-1
1602	-2
1603	-1
1604	-2
1605	0
1606	-1
1607	-1
1608	-1
1609	-1
1610	-2
1611	0
1612	-1
1613	0
1614	0
1615	-1
1616	-1
1617	-1
1618	0
1619	-1
1620	0
1621	0
1622	0
1623	0
1624	0
1625	0
1626	0
1627	0
1628	0
1629	0
1630	-2
1631	0
1632	-1
1633	0
1634	0
1635	0
1636	-1
1637	0
1638	0
1639	0
1640	-1
1641	0
1642	0
1643	-2
1644	-1
1645	0
1646	0
1647	0
1648	0
1649	0
1650	0
1651	0
1652	0
1653	0
1654	0
1655	0
1656	0
1657	1
1658	0
1659	0
1660	0
1661	0
1662	0
1663	1
1664	0
1665	1
1666	0
1667	1
1668	0
1669	1
1670	0
1671	2
1672	0
1673	1
1674	1
1675	1
1676	1
1677	1
1678	2
1679	1
1680	1
1681	1
1682	0
1683	0
1684	0
1685	1
1686	0
1687	0
1688	0
1689	0
1690	0
1691	0
1692	0
1693	0
1694	0
1695	0
1696	0
1697	0
1698	0
1699	0
1700	0
1701	0
1702	0
1703	0
1704	0
1705	0
1706	1
1707	2
1708	1
1709	2
1710	1
1711	0
1712	1
1713	0
1714	0
1715	0
1716	0
1717	0
1718	1
1719	1
1720	0
1721	0
1722	1
1723	0
1724	0
1725	1
1726	0
1727	0
1728	0
1729	0
1730	-1
1731	0
1732	0
1733	0
1734	0
1735	0
1736	0
1737	0
1738	0
1739	0
1740	0
1741	0
1742	-1
1743	0
1744	0
1745	0
1746	0
1747	0
1748	0
1749	0
1750	0
1751	0
1752	0
1753	1
1754	0
1755	1
1756	0
1757	2
1758	1
1759	2
1760	1
1761	2
1762	1
1763	1
1764	1
1765	2
1766	2
1767	2
1768	2
1769	2
1770	1
1771	2
1772	1
1773	2
1774	1
1775	2
1776	3
1777	1
1778	1
1779	1
1780	1
1781	1
1782	0
1783	0
1784	0
1785	1
1786	0
1787	0
1788	0
1789	0
1790	0
1791	0
1792	0
1793	0
1794	0
1795	0
1796	-1
1797	-1
1798	-1
1799	0
1800	-1
1801	0
1802	-1
1803	-1
1804	0
1805	0
1806	-1
1807	0
1808	-1
1809	0
1810	0
1811	0
1812	-1
1813	0
1814	0
1815	0
1816	0
1817	0
1818	0
1819	0
1820	-1
1821	0
1822	-1
1823	0
1824	-2
1825	0
1826	-2
1827	0
1828	-2
1829	0
1830	-1
1831	-1
1832	-2
1833	-1
1834	-3
1835	-1
1836	-2
1837	-1
1838	-2
1839	-1
1840	-1
1841	-1
1842	-1
1843	-1
1844	-1
1845	0
1846	0
1847	-1
1848	-1
1849	0
1850	-1
1851	0
1852	-1
1853	-1
1854	-1
1855	-1
1856	-1
1857	0
1858	-2
1859	-1
1860	-1
1861	0
1862	-1
1863	-1
1864	0
1865	-1
1866	-1
1867	-1
1868	-1
1869	-1
1870	-1
1871	-1
1872	0
1873	0
1874	0
1875	0
1876	-2
1877	-1
1878	-1
1879	0
1880	0
1881	-1
1882	0
1883	0
1884	-1
1885	0
1886	0
1887	0
1888	-1
1889	0
1890	0
1891	0
1892	0
1893	0
1894	0
1895	0
1896	-1
1897	-1
1898	-1
1899	0
1900	-1
1901	0
1902	0
1903	0
1904	0
1905	0
1906	0
1907	0
1908	0
1909	0
1910	0
1911	0
1912	0
1913	0
1914	0
1915	0
1916	0
1917	0
1918	0
1919	-1
1920	0
1921	0
1922	0
1923	0
1924	0
1925	0
1926	0
1927	0
1928	0
1929	0
1930	-1
1931	0
1932	-1
1933	0
1934	0
1935	0
1936	0
1937	0
1938	0
1939	0
1940	0
1941	0
1942	0
1943	0
1944	0
1945	-1
1946	-1
1947	-1
1948	0
1949	0
1950	0
1951	0
1952	0
1953	-1
1954	-1
1955	0
1956	0
1957	0
1958	0
1959	0
1960	0
1961	0
1962	0
1963	0
1964	0
1965	0
1966	-1
1967	0
1968	-1
1969	0
1970	-1
1971	0
1972	0
1973	0
1974	0
1975	0
1976	0
1977	0
1978	0
1979	0
1980	0
1981	0
1982	-1
1983	0
1984	0
1985	0
1986	0
1987	0
1988	0
1989	0
1990	-1
1991	0
1992	-1
1993	0
1994	-1
1995	0
1996	-1
1997	0
1998	0
1999	0
