0	0
1	1
2	0
3	1
4	0
5	1
6	0
7	1
8	1
9	1
10	1
11	2
12	1
13	1
14	0
15	2
16	0
17	1
18	0
19	0
20	1
21	1
22	1
23	1
24	0
25	0
26	0
27	0
28	0
29	0
30	0
31	0
32	0
33	0
34	0
35	0
36	0
37	0
38	0
39	0
40	0
41	1
42	0
43	1
44	0
45	0
46	0
47	0
48	0
49	0
50	0
51	0
52	0
53	0
54	0
55	0
56	0
57	0
58	0
59	0
60	0
61	0
62	0
63	0
64	0
65	1
66	0
67	1
68	0
69	0
70	0
71	1
72	0
73	1
74	0
75	0
76	0
77	0
78	0
79	0
80	0
81	0
82	0
83	0
84	0
85	0
86	0
87	0
88	-1
89	1
90	0
91	1
92	0
93	0
94	0
95	1
96	0
97	1
98	0
99	0
100	0
101	0
102	0
103	0
104	0
105	1
106	0
107	1
108	0
109	0
110	0
111	0
112	0
113	2
114	0
115	2
116	0
117	1
118	0
119	1
120	0
121	1
122	0
123	1
124	1
125	0
126	0
127	0
128	0
129	0
130	0
131	1
132	0
133	0
134	0
135	0
136	0
137	0
138	0
139	1
140	0
141	0
142	0
143	0
144	0
145	0
146	0
147	0
148	0
149	0
150	0
151	1
152	0
153	0
154	0
155	0
156	0
157	0
158	0
159	1
160	0
161	1
162	0
163	2
164	0
165	1
166	1
167	1
168	0
169	1
170	0
171	0
172	0
173	0
174	0
175	1
176	0
177	0
178	0
179	0
180	0
181	0
182	0
183	0
184	-1
185	1
186	0
187	1
188	0
189	0
190	0
191	1
192	0
193	0
194	0
195	1
196	0
197	0
198	0
199	0
200	0
201	0
202	0
203	1
204	0
205	0
206	0
207	1
208	0
209	0
210	-1
211	0
212	0
213	0
214	-1
215	0
216	0
217	0
218	0
219	0
220	0
221	0
222	0
223	0
224	0
225	0
226	0
227	0
228	0
229	0
230	0
231	0
232	0
233	0
234	0
235	0
236	0
237	1
238	0
239	1
240	0
241	1
242	0
243	0
244	0
245	0
246	0
247	0
248	0
249	0
250	0
251	0
252	0
253	1
254	0
255	0
256	0
257	1
258	0
259	1
260	0
261	1
262	0
263	1
264	0
265	1
266	0
267	1
268	0
269	0
270	0
271	1
272	1
273	1
274	0
275	1
276	0
277	1
278	0
279	0
280	0
281	0
282	0
283	0
284	0
285	0
286	0
287	0
288	0
289	0
290	0
291	0
292	0
293	1
294	0
295	0
296	0
297	0
298	0
299	2
300	0
301	1
302	0
303	0
304	0
305	0
306	0
307	0
308	0
309	1
310	0
311	1
312	0
313	0
314	0
315	1
316	0
317	0
318	0
319	0
320	0
321	1
322	0
323	1
324	0
325	1
326	0
327	0
328	0
329	0
330	0
331	0
332	-1
333	0
334	0
335	0
336	0
337	0
338	0
339	0
340	0
341	1
342	0
343	0
344	0
345	0
346	0
347	0
348	0
349	1
350	0
351	1
352	0
353	0
354	0
355	1
356	0
357	1
358	0
359	1
360	0
361	1
362	0
363	0
364	0
365	0
366	0
367	0
368	0
369	2
370	0
371	2
372	0
373	0
374	0
375	0
376	0
377	0
378	0
379	0
380	0
381	1
382	0
383	0
384	0
385	0
386	0
387	0
388	0
389	0
390	0
391	1
392	0
393	0
394	0
395	0
396	0
397	1
398	0
399	0
400	0
401	1
402	0
403	0
404	0
405	0
406	0
407	0
408	-1
409	0
410	-1
411	0
412	0
413	0
414	0
415	0
416	0
417	1
418	0
419	1
420	0
421	1
422	0
423	0
424	0
425	0
426	0
427	1
428	0
429	1
430	1
431	2
432	0
433	1
434	1
435	2
436	0
437	1
438	0
439	2
440	0
441	2
442	0
443	2
444	2
445	6
446	5
447	10
448	10
449	14
450	14
451	18
452	18
453	24
454	24
455	29
456	29
457	37
458	36
459	43
460	42
461	48
462	50
463	55
464	56
465	60
466	62
467	65
468	66
469	69
470	70
471	74
472	73
473	77
474	77
475	79
476	79
477	81
478	81
479	82
480	81
481	83
482	80
483	83
484	82
485	82
486	81
487	82
488	80
489	81
490	79
491	80
492	78
493	78
494	74
495	75
496	74
497	75
498	75
499	78
500	62
501	71
502	67
503	67
504	63
505	65
506	60
507	61
508	56
509	59
510	54
511	55
512	51
513	51
514	47
515	48
516	45
517	46
518	42
519	42
520	38
521	38
522	35
523	35
524	32
525	32
526	31
527	30
528	26
529	26
530	22
531	23
532	19
533	18
534	15
535	16
536	13
537	13
538	11
539	11
540	9
541	10
542	4
543	6
544	2
545	3
546	-1
547	0
548	-3
549	-2
550	-4
551	-4
552	-5
553	-5
554	-7
555	-6
556	-8
557	-8
558	-9
559	-8
560	-10
561	-9
562	-11
563	-9
564	-11
565	-10
566	-12
567	-11
568	-12
569	-11
570	-12
571	-12
572	-13
573	-13
574	-14
575	-13
576	-15
577	-14
578	-16
579	-14
580	-15
581	-15
582	-15
583	-15
584	-15
585	-15
586	-15
587	-15
588	-16
589	-15
590	-16
591	-15
592	-15
593	-15
594	-15
595	-15
596	-15
597	-15
598	-16
599	-15
600	-16
601	-15
602	-16
603	-15
604	-16
605	-15
606	-16
607	-16
608	-16
609	-16
610	-16
611	-16
612	-17
613	-16
614	-17
615	-16
616	-16
617	-15
618	-16
619	-15
620	-15
621	-15
622	-15
623	-15
624	-16
625	-16
626	-15
627	-13
628	-15
629	-12
630	-15
631	-14
632	-14
633	-12
634	-14
635	-11
636	-13
637	-11
638	-12
639	-11
640	-13
641	-10
642	-12
643	-8
644	-10
645	-9
646	-10
647	-9
648	-11
649	-8
650	-11
651	-7
652	-10
653	-6
654	-10
655	-7
656	-9
657	-8
658	-9
659	-8
660	-7
661	-7
662	-9
663	-6
664	-6
665	-6
666	-7
667	-4
668	-6
669	-6
670	-7
671	-4
672	-6
673	-3
674	-5
675	-4
676	-6
677	-4
678	-5
679	-3
680	-6
681	-4
682	-4
683	-2
684	-4
685	-2
686	-5
687	-3
688	-5
689	-3
690	-4
691	-1
692	-3
693	-3
694	-4
695	-3
696	-4
697	-2
698	-3
699	-2
700	-4
701	-3
702	-4
703	-3
704	-4
705	-1
706	-4
707	-1
708	-4
709	-1
710	-3
711	-1
712	-4
713	-1
714	-3
715	-2
716	-4
717	-2
718	-4
719	-2
720	-3
721	-2
722	-3
723	-1
724	-3
725	-2
726	-3
727	-1
728	-1
729	-1
730	-3
731	-1
732	-2
733	0
734	-2
735	0
736	-3
737	0
738	-2
739	-1
740	-2
741	-1
742	-4
743	0
744	-1
745	0
746	0
747	0
748	-1
749	0
750	-2
751	0
752	-2
753	0
754	-2
755	-1
756	-2
757	0
758	-1
759	0
760	-1
761	-1
762	-2
763	0
764	-1
765	0
766	-1
767	0
768	0
769	0
770	0
771	0
772	0
773	0
774	0
775	0
776	0
777	0
778	0
779	0
780	0
781	0
782	0
783	0
784	0
785	1
786	0
787	1
788	0
789	1
790	0
791	2
792	1
793	1
794	1
795	1
796	1
797	1
798	0
799	1
800	0
801	1
802	0
803	0
804	0
805	0
806	0
807	0
808	0
809	0
810	0
811	0
812	0
813	0
814	0
815	0
816	-1
817	0
818	0
819	0
820	0
821	0
822	0
823	1
824	0
825	1
826	0
827	1
828	0
829	1
830	0
831	0
832	0
833	0
834	0
835	1
836	0
837	1
838	0
839	0
840	0
841	0
842	0
843	0
844	0
845	0
846	0
847	0
848	-1
849	0
850	0
851	0
852	0
853	0
854	0
855	0
856	0
857	0
858	-1
859	0
860	0
861	0
862	-1
863	0
864	0
865	0
866	0
867	0
868	-1
869	0
870	0
871	0
872	0
873	0
874	0
875	0
876	0
877	0
878	0
879	0
880	0
881	0
882	0
883	0
884	0
885	0
886	0
887	0
888	0
889	0
890	0
891	0
892	0
893	0
894	0
895	0
896	0
897	0
898	0
899	0
900	0
901	0
902	0
903	0
904	0
905	0
906	-1
907	0
908	-1
909	0
910	-3
911	0
912	-3
913	0
914	-2
915	0
916	-2
917	-1
918	-3
919	0
920	-2
921	-1
922	-1
923	0
924	-2
925	-1
926	-1
927	0
928	-2
929	-1
930	-2
931	0
932	0
933	0
934	-1
935	0
936	-1
937	0
938	0
939	0
940	0
941	-1
942	0
943	0
944	0
945	0
946	-1
947	0
948	-1
949	0
950	0
951	0
952	0
953	0
954	0
955	0
956	0
957	0
958	0
959	0
960	0
961	0
962	0
963	0
964	0
965	0
966	0
967	0
968	0
969	0
970	0
971	0
972	0
973	0
974	0
975	0
976	0
977	1
978	0
979	0
980	0
981	0
982	0
983	0
984	0
985	0
986	0
987	1
988	0
989	0
990	0
991	0
992	0
993	0
994	0
995	0
996	0
997	0
998	0
999	0
1000	0
1001	0
1002	0
1003	0
1004	0
1005	0
1006	0
1007	0
1008	0
1009	0
1010	0
1011	0
1012	0
1013	0
1014	0
1015	0
1016	-1
1017	0
1018	0
1019	0
1020	0
1021	0
1022	0
1023	0
1024	0
1025	0
1026	0
1027	0
1028	-1
1029	0
1030	-1
1031	0
1032	-2
1033	0
1034	-1
1035	-1
1036	-1
1037	-1
1038	-1
1039	-2
1040	-1
1041	0
1042	-1
1043	0
1044	-1
1045	-1
1046	-2
1047	0
1048	-2
1049	0
1050	-2
1051	0
1052	0
1053	0
1054	0
1055	0
1056	0
1057	0
1058	-1
1059	0
1060	0
1061	0
1062	0
1063	0
1064	0
1065	0
1066	0
1067	1
1068	0
1069	0
1070	0
1071	1
1072	0
1073	1
1074	0
1075	1
1076	0
1077	1
1078	0
1079	0
1080	0
1081	0
1082	0
1083	0
1084	0
1085	0
1086	0
1087	0
1088	0
1089	0
1090	0
1091	0
1092	0
1093	0
1094	0
1095	0
1096	-1
1097	0
1098	0
1099	0
1100	0
1101	0
1102	0
1103	0
1104	0
1105	0
1106	0
1107	0
1108	0
1109	0
1110	0
1111	0
1112	0
1113	0
1114	0
1115	0
1116	0
1117	0
1118	0
1119	0
1120	0
1121	1
1122	0
1123	0
1124	0
1125	0
1126	0
1127	0
1128	0
1129	0
1130	0
1131	0
1132	0
1133	0
1134	0
1135	0
1136	0
1137	0
1138	0
1139	0
1140	0
1141	1
1142	0
1143	0
1144	0
1145	0
1146	0
1147	0
1148	0
1149	0
1150	0
1151	0
1152	0
1153	1
1154	0
1155	0
1156	0
1157	0
1158	0
1159	0
1160	0
1161	0
1162	0
1163	0
1164	0
1165	0
1166	0
1167	0
1168	0
1169	0
1170	0
1171	0
1172	0
1173	0
1174	0
1175	0
1176	0
1177	0
1178	0
1179	0
1180	-1
1181	0
1182	0
1183	0
1184	0
1185	0
1186	0
1187	0
1188	-1
1189	0
1190	-1
1191	0
1192	0
1193	0
1194	0
1195	0
1196	0
1197	0
1198	-1
1199	0
1200	0
1201	0
1202	-1
1203	0
1204	-1
1205	0
1206	0
1207	0
1208	0
1209	0
1210	0
1211	1
1212	0
1213	0
1214	0
1215	0
1216	0
1217	0
1218	0
1219	0
1220	0
1221	0
1222	0
1223	1
1224	0
1225	0
1226	0
1227	0
1228	0
1229	1
1230	0
1231	1
1232	0
1233	1
1234	0
1235	0
1236	0
1237	0
1238	0
1239	0
1240	0
1241	0
1242	0
1243	0
1244	0
1245	0
1246	0
1247	0
1248	0
1249	0
1250	0
1251	0
1252	0
1253	0
1254	0
1255	0
1256	0
1257	0
1258	0
1259	0
1260	0
1261	0
1262	0
1263	0
1264	0
1265	0
1266	0
1267	0
1268	0
1269	1
1270	0
1271	0
1272	0
1273	0
1274	0
1275	1
1276	0
1277	1
1278	0
1279	0
1280	0
1281	1
1282	0
1283	1
1284	0
1285	2
1286	0
1287	0
1288	0
1289	0
1290	0
1291	0
1292	0
1293	0
1294	0
1295	0
1296	0
1297	0
1298	0
1299	0
1300	0
1301	0
1302	0
1303	0
1304	0
1305	0
1306	0
1307	0
1308	0
1309	0
1310	0
1311	0
1312	0
1313	0
1314	-1
1315	0
1316	-1
1317	0
1318	0
1319	0
1320	0
1321	0
1322	0
1323	0
1324	0
1325	0
1326	0
1327	0
1328	0
1329	0
1330	0
1331	0
1332	0
1333	0
1334	0
1335	0
1336	0
1337	0
1338	0
1339	1
1340	0
1341	0
1342	0
1343	0
1344	0
1345	0
1346	0
1347	0
1348	0
1349	1
1350	0
1351	0
1352	0
1353	0
1354	0
1355	1
1356	0
1357	0
1358	-1
1359	0
1360	-1
1361	0
1362	0
1363	0
1364	-1
1365	0
1366	0
1367	0
1368	0
1369	0
1370	0
1371	0
1372	0
1373	0
1374	0
1375	0
1376	0
1377	0
1378	0
1379	0
1380	0
1381	1
1382	1
1383	2
1384	1
1385	2
1386	1
1387	2
1388	3
1389	3
1390	2
1391	3
1392	2
1393	4
1394	4
1395	4
1396	4
1397	5
1398	3
1399	5
1400	3
1401	6
1402	5
1403	5
1404	5
1405	7
1406	4
1407	6
1408	6
1409	6
1410	6
1411	7
1412	5
1413	6
1414	5
1415	5
1416	5
1417	6
1418	4
1419	6
1420	4
1421	6
1422	4
1423	6
1424	4
1425	5
1426	4
1427	5
1428	4
1429	5
1430	3
1431	4
1432	2
1433	4
1434	1
1435	3
1436	1
1437	3
1438	0
1439	3
1440	1
1441	2
1442	0
1443	2
1444	0
1445	1
1446	0
1447	0
1448	0
1449	1
1450	0
1451	0
1452	-1
1453	0
1454	0
1455	0
1456	0
1457	0
1458	0
1459	0
1460	0
1461	1
1462	0
1463	0
1464	0
1465	0
1466	0
1467	0
1468	0
1469	0
1470	0
1471	0
1472	0
1473	0
1474	0
1475	0
1476	0
1477	0
1478	-1
1479	0
1480	-1
1481	0
1482	-1
1483	0
1484	-1
1485	0
1486	0
1487	0
1488	-2
1489	0
1490	-1
1491	0
1492	-1
1493	0
1494	-1
1495	0
1496	0
1497	0
1498	-1
1499	0
1500	0
1501	0
1502	-1
1503	0
1504	-1
1505	0
1506	-1
1507	0
1508	0
1509	0
1510	-1
1511	0
1512	0
1513	0
1514	0
1515	0
1516	0
1517	0
1518	-1
1519	0
1520	0
1521	1
1522	0
1523	0
1524	-1
1525	0
1526	-1
1527	0
1528	-1
1529	0
1530	-1
1531	0
1532	0
1533	0
1534	0
1535	0
1536	-2
1537	0
1538	-1
1539	-1
1540	-1
1541	-1
1542	-1
1543	0
1544	-1
1545	0
1546	-1
1547	0
1548	-1
1549	0
1550	-1
1551	0
1552	-1
1553	0
1554	-1
1555	0
1556	-1
1557	0
1558	0
1559	0
1560	0
1561	0
1562	-1
1563	0
1564	-1
1565	0
1566	0
1567	-1
1568	-1
1569	0
1570	-1
1571	0
1572	-1
1573	0
1574	0
1575	0
1576	-1
1577	0
1578	-1
1579	0
1580	-1
1581	0
1582	0
1583	0
1584	-1
1585	0
1586	0
1587	0
1588	0
1589	0
1590	0
1591	0
1592	-1
1593	0
1594	0
1595	0
1596	0
1597	0
1598	0
1599	0
1600	0
1601	0
1602	0
1603	0
1604	0
1605	0
1606	0
1607	0
1608	0
1609	0
1610	0
1611	0
1612	-1
1613	0
1614	0
1615	0
1616	0
1617	0
1618	0
1619	0
1620	0
1621	0
1622	0
1623	0
1624	-1
1625	0
1626	-2
1627	0
1628	0
1629	0
1630	0
1631	0
1632	0
1633	0
1634	-1
1635	0
1636	0
1637	0
1638	0
1639	0
1640	0
1641	0
1642	0
1643	0
1644	0
1645	0
1646	0
1647	0
1648	0
1649	0
1650	0
1651	0
1652	0
1653	0
1654	0
1655	0
1656	0
1657	0
1658	0
1659	0
1660	0
1661	0
1662	0
1663	0
1664	0
1665	0
1666	0
1667	0
1668	0
1669	0
1670	0
1671	0
1672	-1
1673	0
1674	0
1675	0
1676	0
1677	0
1678	0
1679	0
1680	0
1681	0
1682	0
1683	0
1684	0
1685	0
1686	-1
1687	0
1688	0
1689	0
1690	0
1691	0
1692	0
1693	0
1694	0
1695	0
1696	0
1697	0
1698	0
1699	0
1700	0
1701	0
1702	0
1703	0
1704	0
1705	2
1706	0
1707	0
1708	0
1709	0
1710	0
1711	0
1712	0
1713	0
1714	-1
1715	0
1716	0
1717	0
1718	0
1719	0
1720	-1
1721	0
1722	0
1723	0
1724	0
1725	0
1726	0
1727	0
1728	0
1729	0
1730	0
1731	0
1732	0
1733	0
1734	0
1735	0
1736	0
1737	1
1738	0
1739	0
1740	0
1741	0
1742	0
1743	0
1744	0
1745	0
1746	0
1747	0
1748	0
1749	0
1750	0
1751	0
1752	0
1753	1
1754	0
1755	0
1756	0
1757	0
1758	0
1759	0
1760	0
1761	0
1762	0
1763	0
1764	0
1765	0
1766	0
1767	0
1768	0
1769	0
1770	0
1771	0
1772	0
1773	0
1774	-1
1775	0
1776	0
1777	0
1778	0
1779	0
1780	0
1781	0
1782	0
1783	0
1784	0
1785	0
1786	0
1787	0
1788	0
1789	0
1790	0
1791	1
1792	0
1793	0
1794	0
1795	1
1796	0
1797	1
1798	0
1799	0
1800	0
1801	0
1802	-1
1803	0
1804	0
1805	0
1806	0
1807	0
1808	0
1809	0
1810	0
1811	0
1812	0
1813	0
1814	0
1815	0
1816	0
1817	0
1818	0
1819	0
1820	0
1821	0
1822	0
1823	0
1824	0
1825	1
1826	-1
1827	0
1828	0
1829	0
1830	0
1831	0
1832	0
1833	0
1834	0
1835	0
1836	0
1837	0
1838	0
1839	0
1840	0
1841	0
1842	0
1843	0
1844	0
1845	0
1846	0
1847	0
1848	0
1849	0
1850	0
1851	0
1852	0
1853	0
1854	0
1855	0
1856	0
1857	0
1858	-1
1859	0
1860	0
1861	0
1862	-1
1863	0
1864	-1
1865	0
1866	0
1867	0
1868	-1
1869	0
1870	0
1871	0
1872	-1
1873	0
1874	-1
1875	0
1876	0
1877	0
1878	0
1879	0
1880	0
1881	0
1882	0
1883	0
1884	0
1885	0
1886	0
1887	0
1888	0
1889	0
1890	0
1891	0
1892	0
1893	1
1894	0
1895	0
1896	0
1897	0
1898	0
1899	0
1900	0
1901	0
1902	0
1903	0
1904	0
1905	0
1906	0
1907	0
1908	0
1909	0
1910	0
1911	0
1912	0
1913	0
1914	0
1915	0
1916	0
1917	0
1918	0
1919	0
1920	0
1921	0
1922	0
1923	0
1924	0
1925	0
1926	0
1927	0
1928	0
1929	0
1930	0
1931	1
1932	0
1933	1
1934	0
1935	0
1936	0
1937	0
1938	0
1939	1
1940	0
1941	1
1942	0
1943	1
1944	0
1945	1
1946	0
1947	1
1948	0
1949	1
1950	0
1951	0
1952	0
1953	0
1954	0
1955	0
1956	0
1957	0
1958	-1
1959	0
1960	0
1961	0
1962	0
1963	0
1964	0
1965	0
1966	-1
1967	0
1968	-1
1969	0
1970	0
1971	0
1972	0
1973	0
1974	0
1975	0
1976	0
1977	0
1978	0
1979	0
1980	0
1981	0
1982	0
1983	1
1984	0
1985	1
1986	0
1987	1
1988	0
1989	1
1990	0
1991	0
1992	0
1993	1
1994	0
1995	0
1996	0
1997	0
1998	1
1999	0
