0	0
1	0
2	-1
3	0
4	-1
5	0
6	0
7	0
8	-1
9	0
10	0
11	0
12	-2
13	0
14	-1
15	0
16	0
17	0
18	0
19	0
20	-1
21	0
22	0
23	0
24	0
25	0
26	0
27	0
28	0
29	1
30	0
31	0
32	0
33	0
34	0
35	0
36	0
37	0
38	0
39	1
40	0
41	1
42	1
43	2
44	0
45	1
46	0
47	3
48	0
49	2
50	0
51	1
52	0
53	1
54	0
55	0
56	0
57	0
58	0
59	0
60	0
61	1
62	-1
63	0
64	0
65	0
66	-1
67	0
68	0
69	0
70	0
71	0
72	0
73	0
74	0
75	0
76	0
77	0
78	0
79	0
80	0
81	1
82	0
83	1
84	0
85	1
86	0
87	1
88	0
89	2
90	0
91	1
92	0
93	1
94	0
95	1
96	0
97	1
98	0
99	1
100	0
101	0
102	0
103	1
104	0
105	0
106	0
107	0
108	0
109	0
110	0
111	0
112	0
113	0
114	0
115	0
116	-1
117	0
118	0
119	0
120	0
121	0
122	0
123	0
124	0
125	0
126	0
127	1
128	0
129	1
130	0
131	1
132	0
133	1
134	0
135	1
136	0
137	2
138	1
139	3
140	1
141	2
142	0
143	2
144	0
145	1
146	0
147	2
148	1
149	2
150	0
151	2
152	1
153	2
154	0
155	2
156	0
157	1
158	0
159	0
160	0
161	1
162	0
163	0
164	0
165	0
166	0
167	0
168	0
169	1
170	0
171	0
172	0
173	0
174	0
175	0
176	0
177	0
178	0
179	0
180	0
181	0
182	0
183	0
184	0
185	0
186	0
187	0
188	0
189	0
190	0
191	0
192	0
193	0
194	0
195	1
196	0
197	0
198	0
199	0
200	0
201	1
202	0
203	0
204	0
205	0
206	0
207	0
208	0
209	0
210	0
211	0
212	0
213	0
214	0
215	1
216	0
217	0
218	0
219	0
220	0
221	1
222	0
223	1
224	0
225	1
226	0
227	3
228	0
229	2
230	0
231	1
232	1
233	2
234	0
235	1
236	0
237	1
238	0
239	0
240	0
241	0
242	0
243	1
244	0
245	0
246	1
247	0
248	0
249	0
250	0
251	1
252	0
253	1
254	0
255	1
256	0
257	0
258	0
259	0
260	0
261	1
262	0
263	0
264	0
265	0
266	0
267	1
268	0
269	0
270	0
271	0
272	0
273	0
274	0
275	0
276	0
277	0
278	0
279	0
280	0
281	0
282	0
283	0
284	0
285	0
286	0
287	0
288	0
289	0
290	0
291	1
292	0
293	1
294	0
295	1
296	0
297	1
298	0
299	1
300	0
301	1
302	0
303	0
304	0
305	0
306	0
307	0
308	0
309	1
310	0
311	0
312	0
313	1
314	0
315	1
316	0
317	1
318	0
319	1
320	0
321	2
322	0
323	1
324	0
325	1
326	0
327	0
328	0
329	0
330	0
331	0
332	0
333	1
334	0
335	1
336	0
337	1
338	0
339	1
340	0
341	1
342	0
343	1
344	0
345	1
346	0
347	2
348	0
349	1
350	0
351	1
352	0
353	2
354	0
355	2
356	0
357	0
358	0
359	1
360	0
361	1
362	0
363	1
364	0
365	0
366	0
367	0
368	0
369	0
370	-1
371	0
372	0
373	1
374	0
375	1
376	0
377	1
378	0
379	0
380	0
381	1
382	0
383	0
384	0
385	1
386	0
387	0
388	0
389	1
390	0
391	1
392	0
393	1
394	0
395	2
396	0
397	1
398	0
399	2
400	0
401	1
402	0
403	0
404	0
405	0
406	0
407	0
408	0
409	0
410	0
411	1
412	0
413	1
414	0
415	0
416	0
417	1
418	0
419	1
420	0
421	0
422	0
423	2
424	0
425	0
426	0
427	0
428	0
429	1
430	0
431	2
432	0
433	0
434	0
435	0
436	0
437	2
438	0
439	4
440	2
441	6
442	2
443	8
444	7
445	12
446	13
447	17
448	16
449	24
450	23
451	28
452	29
453	34
454	34
455	41
456	43
457	48
458	49
459	54
460	57
461	61
462	61
463	67
464	67
465	71
466	74
467	75
468	77
469	81
470	80
471	85
472	83
473	87
474	86
475	88
476	87
477	89
478	88
479	90
480	88
481	91
482	87
483	90
484	87
485	88
486	86
487	86
488	82
489	84
490	81
491	82
492	80
493	80
494	75
495	77
496	74
497	75
498	75
499	78
500	62
501	67
502	65
503	66
504	62
505	62
506	56
507	58
508	53
509	55
510	49
511	50
512	45
513	46
514	42
515	42
516	37
517	39
518	33
519	33
520	28
521	31
522	25
523	25
524	22
525	22
526	18
527	18
528	16
529	15
530	11
531	11
532	10
533	10
534	5
535	6
536	0
537	1
538	0
539	0
540	-2
541	-2
542	-4
543	-2
544	-5
545	-5
546	-5
547	-7
548	-7
549	-7
550	-11
551	-9
552	-11
553	-10
554	-13
555	-12
556	-15
557	-14
558	-16
559	-15
560	-18
561	-16
562	-20
563	-19
564	-20
565	-19
566	-21
567	-20
568	-21
569	-18
570	-22
571	-19
572	-23
573	-19
574	-22
575	-18
576	-23
577	-19
578	-21
579	-19
580	-22
581	-18
582	-22
583	-18
584	-20
585	-17
586	-19
587	-17
588	-20
589	-16
590	-18
591	-17
592	-18
593	-16
594	-17
595	-16
596	-18
597	-15
598	-16
599	-16
600	-16
601	-15
602	-16
603	-15
604	-16
605	-14
606	-16
607	-14
608	-16
609	-14
610	-17
611	-14
612	-16
613	-14
614	-17
615	-15
616	-17
617	-15
618	-18
619	-14
620	-17
621	-16
622	-17
623	-15
624	-16
625	-15
626	-16
627	-15
628	-16
629	-15
630	-16
631	-15
632	-16
633	-14
634	-15
635	-13
636	-14
637	-12
638	-14
639	-11
640	-14
641	-12
642	-13
643	-7
644	-13
645	-7
646	-10
647	-6
648	-10
649	-6
650	-10
651	-7
652	-9
653	-6
654	-9
655	-6
656	-8
657	-6
658	-7
659	-5
660	-6
661	-3
662	-6
663	-4
664	-7
665	-4
666	-6
667	-3
668	-6
669	-4
670	-6
671	-3
672	-4
673	-3
674	-6
675	-2
676	-5
677	-3
678	-5
679	-2
680	-4
681	-3
682	-5
683	-2
684	-5
685	-1
686	-4
687	-2
688	-6
689	-2
690	-5
691	-3
692	-4
693	-1
694	-3
695	-1
696	-4
697	-2
698	-4
699	-2
700	-4
701	-2
702	-4
703	-2
704	-3
705	-2
706	-3
707	0
708	-2
709	0
710	-2
711	0
712	-1
713	0
714	-1
715	0
716	-1
717	0
718	-1
719	0
720	-1
721	0
722	-1
723	0
724	0
725	0
726	0
727	0
728	0
729	0
730	0
731	0
732	0
733	0
734	0
735	0
736	0
737	0
738	0
739	0
740	-1
741	0
742	0
743	0
744	0
745	0
746	-1
747	0
748	-1
749	0
750	-1
751	0
752	-1
753	0
754	-3
755	0
756	-1
757	-1
758	-2
759	0
760	-1
761	0
762	-1
763	0
764	-2
765	0
766	-1
767	0
768	-2
769	0
770	0
771	0
772	0
773	0
774	0
775	0
776	0
777	0
778	-1
779	0
780	-1
781	0
782	-1
783	0
784	-1
785	0
786	0
787	0
788	0
789	0
790	0
791	0
792	0
793	0
794	-1
795	0
796	-1
797	0
798	0
799	0
800	-1
801	0
802	-1
803	0
804	0
805	0
806	-1
807	0
808	0
809	0
810	0
811	0
812	0
813	1
814	0
815	0
816	0
817	1
818	0
819	1
820	-1
821	0
822	0
823	0
824	0
825	0
826	-1
827	0
828	-1
829	0
830	0
831	0
832	-1
833	0
834	-1
835	0
836	0
837	0
838	0
839	0
840	0
841	1
842	0
843	0
844	0
845	0
846	0
847	1
848	0
849	1
850	1
851	2
852	1
853	2
854	1
855	2
856	1
857	2
858	2
859	2
860	1
861	2
862	1
863	3
864	3
865	2
866	2
867	3
868	2
869	2
870	1
871	2
872	1
873	3
874	1
875	1
876	1
877	1
878	0
879	1
880	0
881	1
882	1
883	1
884	0
885	2
886	1
887	1
888	0
889	1
890	0
891	1
892	0
893	1
894	1
895	1
896	0
897	1
898	0
899	1
900	0
901	0
902	0
903	1
904	-1
905	1
906	0
907	0
908	0
909	0
910	0
911	0
912	0
913	0
914	0
915	0
916	0
917	0
918	0
919	0
920	0
921	0
922	0
923	0
924	0
925	0
926	0
927	0
928	0
929	0
930	0
931	0
932	0
933	0
934	0
935	1
936	0
937	0
938	0
939	0
940	0
941	0
942	0
943	0
944	0
945	1
946	0
947	0
948	0
949	1
950	0
951	0
952	-1
953	0
954	0
955	1
956	0
957	0
958	0
959	0
960	0
961	0
962	0
963	0
964	0
965	0
966	-1
967	0
968	-1
969	0
970	-1
971	0
972	-1
973	0
974	-1
975	0
976	-1
977	0
978	-1
979	0
980	-1
981	0
982	-1
983	0
984	0
985	0
986	-1
987	0
988	-1
989	0
990	-1
991	0
992	0
993	0
994	0
995	0
996	0
997	0
998	-1
999	-1
1000	0
1001	0
1002	-1
1003	0
1004	-1
1005	0
1006	0
1007	0
1008	-1
1009	0
1010	-1
1011	0
1012	-1
1013	0
1014	0
1015	0
1016	0
1017	0
1018	0
1019	0
1020	0
1021	0
1022	0
1023	0
1024	0
1025	1
1026	0
1027	0
1028	0
1029	0
1030	-2
1031	0
1032	0
1033	0
1034	0
1035	0
1036	0
1037	1
1038	0
1039	1
1040	0
1041	0
1042	0
1043	0
1044	0
1045	0
1046	0
1047	0
1048	0
1049	1
1050	-1
1051	0
1052	-1
1053	0
1054	0
1055	0
1056	-1
1057	0
1058	-1
1059	0
1060	-1
1061	0
1062	-1
1063	0
1064	0
1065	0
1066	0
1067	0
1068	0
1069	0
1070	0
1071	1
1072	0
1073	1
1074	0
1075	0
1076	0
1077	1
1078	0
1079	0
1080	0
1081	1
1082	0
1083	0
1084	0
1085	0
1086	-1
1087	0
1088	0
1089	0
1090	0
1091	0
1092	0
1093	0
1094	-1
1095	0
1096	-1
1097	-1
1098	-2
1099	0
1100	-1
1101	0
1102	-2
1103	0
1104	-1
1105	0
1106	-1
1107	0
1108	0
1109	0
1110	0
1111	0
1112	-1
1113	1
1114	0
1115	0
1116	0
1117	1
1118	0
1119	0
1120	0
1121	0
1122	0
1123	1
1124	-1
1125	1
1126	0
1127	0
1128	0
1129	0
1130	0
1131	0
1132	0
1133	0
1134	-2
1135	0
1136	0
1137	0
1138	0
1139	0
1140	0
1141	0
1142	0
1143	0
1144	-1
1145	0
1146	0
1147	0
1148	0
1149	0
1150	0
1151	0
1152	0
1153	0
1154	0
1155	0
1156	0
1157	0
1158	0
1159	0
1160	0
1161	0
1162	0
1163	0
1164	0
1165	0
1166	0
1167	0
1168	0
1169	0
1170	0
1171	0
1172	-1
1173	0
1174	0
1175	0
1176	-1
1177	0
1178	0
1179	0
1180	0
1181	0
1182	0
1183	0
1184	-1
1185	0
1186	-1
1187	0
1188	0
1189	0
1190	-1
1191	0
1192	0
1193	0
1194	0
1195	0
1196	0
1197	0
1198	0
1199	0
1200	0
1201	0
1202	-1
1203	0
1204	0
1205	0
1206	0
1207	0
1208	0
1209	0
1210	0
1211	0
1212	0
1213	0
1214	0
1215	0
1216	0
1217	0
1218	0
1219	0
1220	0
1221	0
1222	0
1223	0
1224	0
1225	0
1226	0
1227	0
1228	0
1229	0
1230	0
1231	0
1232	0
1233	0
1234	0
1235	0
1236	0
1237	0
1238	0
1239	0
1240	0
1241	0
1242	0
1243	0
1244	0
1245	0
1246	0
1247	0
1248	0
1249	0
1250	0
1251	0
1252	0
1253	0
1254	0
1255	0
1256	0
1257	0
1258	-1
1259	0
1260	-1
1261	0
1262	-1
1263	0
1264	0
1265	0
1266	0
1267	0
1268	0
1269	0
1270	0
1271	0
1272	-1
1273	0
1274	-1
1275	0
1276	0
1277	0
1278	0
1279	0
1280	-1
1281	0
1282	-1
1283	0
1284	0
1285	0
1286	0
1287	0
1288	0
1289	0
1290	0
1291	1
1292	0
1293	0
1294	0
1295	0
1296	0
1297	0
1298	0
1299	1
1300	0
1301	0
1302	0
1303	1
1304	0
1305	0
1306	0
1307	0
1308	0
1309	0
1310	-1
1311	0
1312	-1
1313	1
1314	0
1315	0
1316	0
1317	0
1318	-1
1319	0
1320	0
1321	0
1322	0
1323	1
1324	0
1325	1
1326	0
1327	1
1328	0
1329	0
1330	0
1331	1
1332	0
1333	1
1334	0
1335	0
1336	0
1337	0
1338	0
1339	0
1340	0
1341	1
1342	0
1343	1
1344	0
1345	1
1346	1
1347	1
1348	0
1349	2
1350	1
1351	2
1352	2
1353	2
1354	1
1355	1
1356	1
1357	2
1358	1
1359	2
1360	1
1361	1
1362	1
1363	2
1364	1
1365	2
1366	2
1367	2
1368	1
1369	2
1370	1
1371	2
1372	2
1373	2
1374	1
1375	1
1376	1
1377	1
1378	0
1379	2
1380	0
1381	1
1382	0
1383	1
1384	0
1385	2
1386	0
1387	2
1388	0
1389	1
1390	0
1391	0
1392	0
1393	0
1394	0
1395	0
1396	0
1397	0
1398	0
1399	0
1400	0
1401	0
1402	-2
1403	0
1404	0
1405	0
1406	0
1407	0
1408	0
1409	0
1410	-1
1411	0
1412	-1
1413	0
1414	0
1415	-1
1416	0
1417	0
1418	0
1419	0
1420	0
1421	0
1422	0
1423	0
1424	0
1425	0
1426	0
1427	0
1428	0
1429	1
1430	0
1431	1
1432	0
1433	0
1434	0
1435	0
1436	0
1437	0
1438	0
1439	0
1440	0
1441	0
1442	0
1443	0
1444	-1
1445	0
1446	0
1447	1
1448	0
1449	0
1450	0
1451	0
1452	0
1453	1
1454	-1
1455	0
1456	-1
1457	-1
1458	-1
1459	0
1460	0
1461	0
1462	-1
1463	-1
1464	-1
1465	0
1466	-1
1467	-1
1468	-1
1469	-1
1470	-1
1471	-1
1472	-1
1473	0
1474	-1
1475	0
1476	-1
1477	0
1478	-2
1479	0
1480	-1
1481	0
1482	0
1483	0
1484	0
1485	0
1486	0
1487	0
1488	-1
1489	0
1490	-1
1491	0
1492	0
1493	0
1494	0
1495	0
1496	0
1497	0
1498	0
1499	0
1500	0
1501	0
1502	0
1503	0
1504	0
1505	-1
1506	-1
1507	0
1508	0
1509	-2
1510	0
1511	0
1512	-1
1513	0
1514	0
1515	0
1516	-1
1517	0
1518	0
1519	-1
1520	0
1521	0
1522	-1
1523	0
1524	0
1525	0
1526	0
1527	0
1528	0
1529	0
1530	0
1531	0
1532	0
1533	0
1534	0
1535	0
1536	0
1537	0
1538	0
1539	1
1540	0
1541	0
1542	0
1543	1
1544	0
1545	2
1546	0
1547	1
1548	0
1549	0
1550	0
1551	0
1552	0
1553	0
1554	0
1555	0
1556	0
1557	0
1558	0
1559	0
1560	0
1561	0
1562	0
1563	0
1564	0
1565	0
1566	0
1567	0
1568	0
1569	0
1570	0
1571	0
1572	0
1573	0
1574	0
1575	0
1576	0
1577	0
1578	0
1579	0
1580	0
1581	0
1582	0
1583	0
1584	0
1585	0
1586	0
1587	0
1588	0
1589	0
1590	0
1591	0
1592	-1
1593	0
1594	-1
1595	0
1596	-1
1597	0
1598	-1
1599	0
1600	-1
1601	0
1602	-2
1603	0
1604	-1
1605	0
1606	-2
1607	-1
1608	-1
1609	0
1610	0
1611	0
1612	-1
1613	0
1614	0
1615	0
1616	0
1617	1
1618	0
1619	0
1620	0
1621	0
1622	0
1623	1
1624	0
1625	0
1626	0
1627	0
1628	0
1629	2
1630	0
1631	1
1632	0
1633	0
1634	0
1635	1
1636	0
1637	1
1638	0
1639	0
1640	0
1641	0
1642	0
1643	1
1644	0
1645	0
1646	-1
1647	0
1648	0
1649	0
1650	0
1651	2
1652	0
1653	1
1654	-1
1655	1
1656	0
1657	0
1658	0
1659	0
1660	0
1661	0
1662	0
1663	0
1664	0
1665	1
1666	0
1667	0
1668	-1
1669	0
1670	-1
1671	0
1672	-1
1673	0
1674	-1
1675	0
1676	0
1677	0
1678	0
1679	0
1680	0
1681	1
1682	0
1683	0
1684	0
1685	1
1686	-2
1687	0
1688	-1
1689	0
1690	0
1691	0
1692	-1
1693	0
1694	0
1695	0
1696	0
1697	0
1698	0
1699	0
1700	-1
1701	0
1702	0
1703	0
1704	0
1705	0
1706	-1
1707	0
1708	0
1709	0
1710	0
1711	0
1712	0
1713	0
1714	0
1715	1
1716	0
1717	1
1718	0
1719	0
1720	0
1721	0
1722	0
1723	1
1724	0
1725	0
1726	0
1727	0
1728	-1
1729	0
1730	0
1731	0
1732	0
1733	0
1734	0
1735	0
1736	0
1737	0
1738	-1
1739	0
1740	-1
1741	0
1742	-1
1743	0
1744	0
1745	0
1746	0
1747	1
1748	-1
1749	0
1750	0
1751	1
1752	0
1753	1
1754	0
1755	1
1756	0
1757	1
1758	0
1759	0
1760	0
1761	0
1762	0
1763	0
1764	0
1765	1
1766	0
1767	0
1768	-1
1769	0
1770	-1
1771	0
1772	-1
1773	0
1774	0
1775	0
1776	-2
1777	0
1778	-1
1779	0
1780	-1
1781	0
1782	-1
1783	0
1784	-1
1785	0
1786	0
1787	0
1788	-1
1789	0
1790	-1
1791	0
1792	0
1793	0
1794	0
1795	0
1796	0
1797	1
1798	0
1799	1
1800	-1
1801	1
1802	0
1803	1
1804	0
1805	0
1806	0
1807	0
1808	0
1809	1
1810	0
1811	0
1812	0
1813	0
1814	0
1815	0
1816	0
1817	1
1818	0
1819	0
1820	0
1821	0
1822	0
1823	0
1824	0
1825	0
1826	0
1827	0
1828	0
1829	0
1830	-1
1831	0
1832	-1
1833	0
1834	-1
1835	-1
1836	-1
1837	-1
1838	0
1839	0
1840	-1
1841	-1
1842	0
1843	-1
1844	-1
1845	0
1846	-1
1847	0
1848	0
1849	0
1850	0
1851	0
1852	0
1853	0
1854	0
1855	0
1856	0
1857	1
1858	0
1859	0
1860	0
1861	0
1862	0
1863	0
1864	0
1865	0
1866	0
1867	0
1868	0
1869	0
1870	0
1871	0
1872	0
1873	0
1874	0
1875	0
1876	-1
1877	0
1878	0
1879	0
1880	0
1881	0
1882	0
1883	0
1884	-1
1885	0
1886	-1
1887	0
1888	0
1889	1
1890	0
1891	1
1892	0
1893	0
1894	0
1895	1
1896	0
1897	1
1898	0
1899	0
1900	0
1901	0
1902	0
1903	0
1904	0
1905	0
1906	0
1907	0
1908	0
1909	0
1910	0
1911	0
1912	0
1913	0
1914	0
1915	0
1916	-1
1917	0
1918	0
1919	0
1920	0
1921	0
1922	-1
1923	0
1924	-1
1925	0
1926	-1
1927	-1
1928	-1
1929	0
1930	0
1931	0
1932	-1
1933	0
1934	0
1935	0
1936	0
1937	0
1938	0
1939	0
1940	0
1941	0
1942	0
1943	0
1944	0
1945	0
1946	0
1947	0
1948	0
1949	0
1950	0
1951	0
1952	-1
1953	0
1954	-1
1955	0
1956	-1
1957	0
1958	-1
1959	0
1960	0
1961	0
1962	0
1963	0
1964	-1
1965	0
1966	0
1967	0
1968	0
1969	0
1970	0
1971	0
1972	0
1973	0
1974	0
1975	0
1976	-1
1977	0
1978	0
1979	0
1980	0
1981	1
1982	0
1983	0
1984	0
1985	0
1986	0
1987	0
1988	0
1989	1
1990	0
1991	1
1992	0
1993	2
1994	0
1995	1
1996	0
1997	0
1998	0
1999	1
