0	0
1	0
2	0
3	1
4	0
5	0
6	0
7	2
8	1
9	2
10	1
11	1
12	2
13	3
14	1
15	2
16	1
17	2
18	2
19	2
20	2
21	3
22	2
23	2
24	1
25	3
26	1
27	3
28	0
29	2
30	0
31	3
32	0
33	3
34	0
35	2
36	1
37	1
38	0
39	2
40	0
41	1
42	1
43	2
44	0
45	1
46	0
47	1
48	0
49	1
50	0
51	0
52	0
53	0
54	0
55	0
56	0
57	0
58	0
59	0
60	1
61	0
62	0
63	2
64	0
65	0
66	0
67	0
68	-2
69	0
70	0
71	0
72	0
73	0
74	0
75	0
76	-1
77	0
78	-1
79	0
80	-1
81	0
82	-1
83	0
84	-2
85	0
86	0
87	0
88	0
89	-1
90	0
91	0
92	0
93	0
94	0
95	0
96	0
97	1
98	0
99	1
100	0
101	2
102	0
103	1
104	0
105	0
106	0
107	2
108	0
109	2
110	0
111	1
112	2
113	2
114	0
115	1
116	0
117	2
118	0
119	3
120	1
121	2
122	1
123	2
124	1
125	2
126	1
127	3
128	1
129	2
130	0
131	1
132	1
133	2
134	1
135	2
136	1
137	2
138	0
139	1
140	1
141	0
142	1
143	0
144	0
145	0
146	0
147	1
148	0
149	0
150	-1
151	1
152	0
153	0
154	0
155	0
156	0
157	0
158	0
159	0
160	0
161	0
162	0
163	1
164	0
165	1
166	0
167	2
168	0
169	1
170	0
171	1
172	0
173	1
174	0
175	1
176	1
177	0
178	1
179	1
180	0
181	0
182	0
183	0
184	0
185	0
186	1
187	0
188	1
189	0
190	-1
191	0
192	0
193	0
194	-1
195	0
196	-1
197	0
198	0
199	0
200	0
201	0
202	0
203	0
204	0
205	0
206	0
207	0
208	0
209	0
210	0
211	2
212	0
213	0
214	0
215	0
216	0
217	0
218	0
219	0
220	0
221	0
222	0
223	0
224	0
225	0
226	0
227	0
228	0
229	1
230	0
231	0
232	0
233	0
234	-1
235	0
236	0
237	0
238	0
239	0
240	0
241	0
242	0
243	1
244	0
245	0
246	0
247	1
248	0
249	0
250	0
251	0
252	0
253	1
254	0
255	2
256	0
257	1
258	1
259	2
260	0
261	0
262	1
263	0
264	1
265	1
266	0
267	1
268	1
269	0
270	0
271	0
272	0
273	0
274	0
275	0
276	0
277	0
278	0
279	0
280	0
281	0
282	0
283	0
284	0
285	0
286	0
287	0
288	0
289	0
290	-2
291	1
292	0
293	0
294	0
295	0
296	0
297	0
298	0
299	1
300	0
301	1
302	0
303	0
304	0
305	0
306	0
307	1
308	0
309	0
310	0
311	1
312	0
313	0
314	0
315	0
316	0
317	1
318	0
319	0
320	0
321	1
322	0
323	2
324	0
325	0
326	0
327	1
328	0
329	2
330	0
331	1
332	0
333	2
334	0
335	2
336	0
337	1
338	0
339	2
340	0
341	1
342	0
343	2
344	0
345	1
346	0
347	0
348	0
349	0
350	0
351	0
352	0
353	1
354	0
355	0
356	0
357	0
358	0
359	0
360	-1
361	0
362	0
363	0
364	0
365	0
366	0
367	0
368	0
369	0
370	0
371	0
372	-1
373	1
374	0
375	2
376	0
377	3
378	1
379	2
380	1
381	2
382	0
383	2
384	1
385	3
386	1
387	4
388	1
389	3
390	1
391	3
392	3
393	3
394	2
395	3
396	0
397	3
398	2
399	3
400	1
401	1
402	1
403	3
404	0
405	2
406	0
407	2
408	0
409	0
410	1
411	0
412	1
413	0
414	0
415	0
416	0
417	0
418	-1
419	0
420	0
421	0
422	0
423	-1
424	0
425	0
426	-1
427	0
428	-1
429	0
430	0
431	0
432	0
433	0
434	1
435	4
436	4
437	10
438	10
439	15
440	17
441	22
442	25
443	29
444	33
445	39
446	44
447	50
448	54
449	59
450	64
451	70
452	72
453	79
454	83
455	89
456	96
457	101
458	104
459	110
460	113
461	120
462	124
463	129
464	130
465	136
466	140
467	144
468	145
469	148
470	149
471	153
472	152
473	154
474	154
475	154
476	153
477	154
478	152
479	152
480	148
481	146
482	143
483	142
484	136
485	134
486	130
487	125
488	123
489	119
490	113
491	110
492	104
493	101
494	94
495	90
496	85
497	80
498	78
499	79
500	62
501	64
502	59
503	55
504	49
505	48
506	41
507	36
508	33
509	31
510	24
511	21
512	16
513	14
514	9
515	5
516	3
517	0
518	-4
519	-5
520	-8
521	-10
522	-13
523	-15
524	-20
525	-21
526	-25
527	-26
528	-29
529	-31
530	-34
531	-34
532	-37
533	-38
534	-39
535	-40
536	-43
537	-42
538	-46
539	-45
540	-48
541	-47
542	-50
543	-49
544	-51
545	-52
546	-52
547	-52
548	-55
549	-53
550	-55
551	-54
552	-54
553	-55
554	-55
555	-55
556	-56
557	-54
558	-56
559	-56
560	-56
561	-54
562	-56
563	-54
564	-56
565	-55
566	-54
567	-53
568	-52
569	-51
570	-52
571	-51
572	-50
573	-50
574	-50
575	-49
576	-50
577	-48
578	-48
579	-47
580	-47
581	-46
582	-47
583	-45
584	-46
585	-44
586	-45
587	-42
588	-42
589	-41
590	-41
591	-40
592	-39
593	-38
594	-37
595	-34
596	-35
597	-34
598	-33
599	-32
600	-32
601	-30
602	-31
603	-30
604	-30
605	-28
606	-28
607	-27
608	-28
609	-26
610	-27
611	-25
612	-25
613	-24
614	-25
615	-24
616	-24
617	-22
618	-22
619	-20
620	-20
621	-19
622	-21
623	-18
624	-20
625	-17
626	-18
627	-18
628	-18
629	-17
630	-18
631	-17
632	-18
633	-17
634	-17
635	-17
636	-16
637	-16
638	-17
639	-16
640	-15
641	-15
642	-14
643	-15
644	-13
645	-13
646	-12
647	-13
648	-11
649	-11
650	-10
651	-10
652	-9
653	-8
654	-10
655	-7
656	-8
657	-6
658	-6
659	-4
660	-5
661	-2
662	-4
663	-2
664	-1
665	-1
666	-2
667	0
668	0
669	0
670	0
671	0
672	1
673	2
674	1
675	1
676	0
677	2
678	1
679	2
680	2
681	2
682	2
683	3
684	0
685	2
686	3
687	2
688	1
689	2
690	1
691	2
692	0
693	3
694	0
695	2
696	0
697	1
698	1
699	0
700	0
701	2
702	0
703	1
704	1
705	1
706	0
707	1
708	0
709	0
710	0
711	1
712	0
713	1
714	0
715	0
716	0
717	1
718	0
719	1
720	0
721	0
722	0
723	0
724	0
725	0
726	-1
727	0
728	-1
729	0
730	-1
731	-1
732	-2
733	-2
734	-2
735	-1
736	-3
737	-2
738	-3
739	-2
740	-3
741	-3
742	-4
743	-4
744	-4
745	-3
746	-4
747	-3
748	-4
749	-4
750	-4
751	-4
752	-4
753	-4
754	-3
755	-3
756	-4
757	-4
758	-4
759	-4
760	-3
761	-3
762	-3
763	-2
764	-4
765	-3
766	-4
767	-2
768	-4
769	-2
770	-2
771	-1
772	-2
773	-1
774	-3
775	-1
776	-4
777	-2
778	-3
779	0
780	-2
781	-1
782	-2
783	-2
784	-2
785	-2
786	-2
787	-3
788	-2
789	-2
790	-4
791	-2
792	-2
793	-3
794	-2
795	-2
796	-1
797	-1
798	-1
799	-1
800	-2
801	-2
802	-1
803	-1
804	0
805	0
806	-1
807	-2
808	-1
809	0
810	-1
811	0
812	-1
813	0
814	-1
815	0
816	-1
817	0
818	0
819	0
820	-1
821	0
822	0
823	0
824	-2
825	0
826	-2
827	0
828	-1
829	0
830	-1
831	0
832	-2
833	-1
834	-2
835	0
836	-1
837	0
838	0
839	0
840	-1
841	0
842	-1
843	0
844	0
845	0
846	0
847	0
848	-1
849	0
850	0
851	0
852	0
853	0
854	0
855	0
856	-2
857	0
858	-1
859	-1
860	-1
861	0
862	-1
863	0
864	-1
865	-1
866	-1
867	0
868	0
869	-1
870	-1
871	1
872	0
873	0
874	0
875	0
876	0
877	0
878	0
879	0
880	0
881	0
882	-1
883	0
884	0
885	0
886	0
887	0
888	0
889	0
890	0
891	0
892	0
893	0
894	0
895	1
896	0
897	0
898	0
899	0
900	0
901	0
902	0
903	0
904	0
905	0
906	1
907	0
908	0
909	0
910	0
911	0
912	0
913	0
914	0
915	1
916	0
917	1
918	0
919	0
920	0
921	0
922	0
923	0
924	-1
925	0
926	-1
927	0
928	-1
929	-1
930	0
931	0
932	0
933	-1
934	-1
935	-1
936	-1
937	0
938	-1
939	0
940	-1
941	0
942	-1
943	0
944	0
945	0
946	0
947	0
948	0
949	0
950	0
951	1
952	0
953	1
954	0
955	0
956	0
957	1
958	1
959	2
960	1
961	3
962	1
963	2
964	0
965	1
966	0
967	1
968	0
969	0
970	0
971	1
972	0
973	0
974	0
975	0
976	0
977	0
978	0
979	0
980	0
981	0
982	0
983	0
984	0
985	0
986	0
987	-1
988	0
989	0
990	0
991	0
992	0
993	0
994	0
995	0
996	0
997	0
998	0
999	0
1000	0
1001	0
1002	0
1003	0
1004	0
1005	0
1006	0
1007	0
1008	0
1009	-1
1010	0
1011	0
1012	0
1013	0
1014	0
1015	0
1016	1
1017	1
1018	0
1019	1
1020	1
1021	2
1022	0
1023	1
1024	0
1025	1
1026	1
1027	1
1028	1
1029	2
1030	1
1031	1
1032	2
1033	1
1034	3
1035	2
1036	3
1037	2
1038	3
1039	2
1040	3
1041	3
1042	4
1043	3
1044	3
1045	3
1046	3
1047	3
1048	3
1049	3
1050	3
1051	3
1052	3
1053	2
1054	2
1055	1
1056	1
1057	1
1058	2
1059	3
1060	0
1061	1
1062	1
1063	1
1064	1
1065	0
1066	1
1067	2
1068	0
1069	0
1070	0
1071	0
1072	1
1073	0
1074	0
1075	1
1076	1
1077	0
1078	1
1079	1
1080	0
1081	1
1082	0
1083	0
1084	0
1085	0
1086	0
1087	1
1088	0
1089	0
1090	0
1091	0
1092	0
1093	1
1094	0
1095	0
1096	0
1097	0
1098	0
1099	0
1100	-1
1101	0
1102	0
1103	0
1104	-1
1105	0
1106	0
1107	-1
1108	-2
1109	-1
1110	-1
1111	-1
1112	0
1113	-1
1114	-1
1115	0
1116	-1
1117	0
1118	-1
1119	-1
1120	0
1121	0
1122	-1
1123	0
1124	-1
1125	0
1126	0
1127	0
1128	0
1129	1
1130	-1
1131	1
1132	0
1133	0
1134	0
1135	0
1136	0
1137	0
1138	0
1139	0
1140	-1
1141	0
1142	0
1143	0
1144	0
1145	0
1146	0
1147	0
1148	0
1149	0
1150	0
1151	0
1152	0
1153	0
1154	0
1155	0
1156	-1
1157	-1
1158	-1
1159	0
1160	-1
1161	0
1162	-1
1163	0
1164	-2
1165	-1
1166	-2
1167	-1
1168	0
1169	-1
1170	-1
1171	-1
1172	-1
1173	0
1174	0
1175	0
1176	-1
1177	0
1178	-1
1179	0
1180	-1
1181	0
1182	0
1183	0
1184	-1
1185	0
1186	-1
1187	0
1188	0
1189	-1
1190	0
1191	0
1192	0
1193	0
1194	0
1195	0
1196	-1
1197	0
1198	-1
1199	0
1200	-1
1201	0
1202	0
1203	1
1204	0
1205	0
1206	0
1207	0
1208	0
1209	0
1210	0
1211	0
1212	0
1213	1
1214	0
1215	0
1216	0
1217	1
1218	0
1219	1
1220	0
1221	1
1222	0
1223	1
1224	0
1225	1
1226	0
1227	0
1228	0
1229	1
1230	0
1231	1
1232	0
1233	1
1234	0
1235	0
1236	0
1237	0
1238	0
1239	0
1240	0
1241	0
1242	-1
1243	0
1244	0
1245	-1
1246	0
1247	-1
1248	-1
1249	0
1250	0
1251	-1
1252	0
1253	0
1254	0
1255	0
1256	0
1257	0
1258	0
1259	0
1260	0
1261	0
1262	0
1263	1
1264	0
1265	1
1266	0
1267	0
1268	0
1269	1
1270	0
1271	1
1272	0
1273	1
1274	0
1275	0
1276	1
1277	1
1278	0
1279	1
1280	0
1281	0
1282	0
1283	0
1284	0
1285	1
1286	0
1287	1
1288	0
1289	0
1290	0
1291	0
1292	0
1293	0
1294	0
1295	0
1296	0
1297	0
1298	-1
1299	0
1300	0
1301	0
1302	-1
1303	0
1304	0
1305	0
1306	-1
1307	0
1308	-1
1309	0
1310	0
1311	0
1312	-1
1313	0
1314	0
1315	0
1316	0
1317	0
1318	0
1319	0
1320	0
1321	0
1322	0
1323	0
1324	0
1325	0
1326	0
1327	0
1328	0
1329	0
1330	0
1331	0
1332	0
1333	0
1334	0
1335	0
1336	0
1337	0
1338	0
1339	0
1340	0
1341	0
1342	0
1343	0
1344	0
1345	0
1346	0
1347	0
1348	0
1349	0
1350	-1
1351	0
1352	-1
1353	0
1354	0
1355	0
1356	0
1357	0
1358	0
1359	0
1360	0
1361	1
1362	0
1363	0
1364	0
1365	0
1366	0
1367	0
1368	0
1369	0
1370	0
1371	0
1372	0
1373	0
1374	0
1375	0
1376	0
1377	0
1378	-1
1379	0
1380	0
1381	0
1382	0
1383	0
1384	0
1385	0
1386	0
1387	0
1388	0
1389	0
1390	0
1391	0
1392	0
1393	0
1394	0
1395	0
1396	0
1397	1
1398	0
1399	1
1400	0
1401	0
1402	1
1403	1
1404	0
1405	0
1406	0
1407	0
1408	0
1409	0
1410	0
1411	0
1412	0
1413	0
1414	-1
1415	0
1416	-2
1417	-1
1418	-1
1419	-1
1420	-1
1421	-1
1422	-1
1423	-1
1424	-1
1425	-1
1426	-1
1427	0
1428	-1
1429	-1
1430	-1
1431	0
1432	0
1433	0
1434	0
1435	0
1436	0
1437	0
1438	0
1439	0
1440	0
1441	0
1442	0
1443	0
1444	1
1445	0
1446	0
1447	1
1448	0
1449	1
1450	1
1451	1
1452	1
1453	1
1454	1
1455	2
1456	1
1457	2
1458	2
1459	2
1460	1
1461	2
1462	1
1463	2
1464	1
1465	2
1466	0
1467	0
1468	0
1469	1
1470	0
1471	1
1472	0
1473	0
1474	0
1475	0
1476	0
1477	0
1478	0
1479	-1
1480	0
1481	0
1482	-1
1483	-1
1484	-1
1485	0
1486	-1
1487	0
1488	-1
1489	0
1490	0
1491	0
1492	0
1493	0
1494	0
1495	0
1496	0
1497	0
1498	0
1499	0
1500	0
1501	0
1502	0
1503	1
1504	1
1505	0
1506	0
1507	0
1508	0
1509	0
1510	0
1511	1
1512	0
1513	0
1514	0
1515	0
1516	0
1517	0
1518	0
1519	0
1520	-1
1521	0
1522	-1
1523	0
1524	0
1525	-1
1526	-1
1527	0
1528	0
1529	-1
1530	-1
1531	-1
1532	0
1533	-1
1534	0
1535	-1
1536	0
1537	-1
1538	-2
1539	0
1540	-1
1541	-1
1542	0
1543	0
1544	0
1545	0
1546	0
1547	0
1548	0
1549	0
1550	0
1551	0
1552	0
1553	0
1554	0
1555	1
1556	1
1557	1
1558	1
1559	2
1560	2
1561	1
1562	1
1563	2
1564	2
1565	2
1566	1
1567	1
1568	0
1569	2
1570	0
1571	1
1572	1
1573	1
1574	1
1575	0
1576	0
1577	0
1578	0
1579	0
1580	0
1581	0
1582	-1
1583	0
1584	-1
1585	0
1586	-2
1587	-1
1588	-1
1589	-1
1590	-1
1591	-1
1592	-1
1593	-1
1594	-2
1595	-1
1596	-1
1597	-1
1598	-2
1599	-1
1600	-2
1601	-1
1602	-2
1603	-1
1604	-2
1605	-1
1606	-1
1607	-2
1608	-1
1609	-1
1610	0
1611	0
1612	0
1613	0
1614	0
1615	0
1616	0
1617	0
1618	0
1619	0
1620	0
1621	1
1622	0
1623	1
1624	0
1625	1
1626	1
1627	1
1628	0
1629	0
1630	0
1631	1
1632	0
1633	1
1634	0
1635	1
1636	0
1637	1
1638	0
1639	1
1640	0
1641	1
1642	0
1643	0
1644	0
1645	0
1646	0
1647	1
1648	0
1649	1
1650	0
1651	0
1652	0
1653	0
1654	0
1655	0
1656	0
1657	2
1658	0
1659	0
1660	0
1661	2
1662	0
1663	1
1664	0
1665	1
1666	0
1667	1
1668	0
1669	1
1670	0
1671	1
1672	2
1673	1
1674	0
1675	1
1676	1
1677	1
1678	0
1679	1
1680	0
1681	0
1682	1
1683	2
1684	0
1685	2
1686	0
1687	1
1688	0
1689	2
1690	0
1691	2
1692	1
1693	0
1694	0
1695	1
1696	0
1697	1
1698	0
1699	0
1700	0
1701	1
1702	0
1703	0
1704	0
1705	0
1706	0
1707	0
1708	0
1709	0
1710	0
1711	0
1712	0
1713	0
1714	0
1715	0
1716	-1
1717	0
1718	-1
1719	0
1720	-1
1721	0
1722	-1
1723	0
1724	-2
1725	0
1726	-2
1727	0
1728	-2
1729	0
1730	0
1731	0
1732	-1
1733	-1
1734	-1
1735	0
1736	0
1737	0
1738	0
1739	0
1740	0
1741	-1
1742	0
1743	0
1744	0
1745	0
1746	0
1747	0
1748	-1
1749	0
1750	-1
1751	0
1752	0
1753	0
1754	0
1755	0
1756	0
1757	0
1758	0
1759	0
1760	-1
1761	0
1762	-2
1763	0
1764	-1
1765	-1
1766	-1
1767	-1
1768	-1
1769	0
1770	0
1771	0
1772	0
1773	0
1774	0
1775	0
1776	0
1777	0
1778	0
1779	1
1780	0
1781	0
1782	0
1783	0
1784	0
1785	0
1786	0
1787	1
1788	0
1789	1
1790	0
1791	2
1792	1
1793	1
1794	0
1795	1
1796	1
1797	2
1798	0
1799	2
1800	2
1801	1
1802	1
1803	1
1804	1
1805	1
1806	2
1807	0
1808	1
1809	1
1810	0
1811	1
1812	0
1813	0
1814	0
1815	1
1816	0
1817	1
1818	0
1819	1
1820	0
1821	1
1822	0
1823	0
1824	-1
1825	0
1826	0
1827	0
1828	0
1829	0
1830	-3
1831	0
1832	-1
1833	-1
1834	-3
1835	-1
1836	-2
1837	-1
1838	-1
1839	-2
1840	-2
1841	-1
1842	-2
1843	-3
1844	-1
1845	0
1846	-1
1847	-1
1848	0
1849	-1
1850	-1
1851	0
1852	-2
1853	0
1854	0
1855	0
1856	0
1857	0
1858	0
1859	0
1860	0
1861	0
1862	0
1863	1
1864	1
1865	1
1866	0
1867	1
1868	1
1869	0
1870	0
1871	0
1872	1
1873	0
1874	0
1875	0
1876	0
1877	1
1878	0
1879	1
1880	0
1881	1
1882	0
1883	0
1884	0
1885	1
1886	0
1887	0
1888	0
1889	0
1890	0
1891	0
1892	0
1893	0
1894	0
1895	0
1896	0
1897	0
1898	0
1899	0
1900	0
1901	1
1902	0
1903	0
1904	0
1905	0
1906	0
1907	1
1908	0
1909	0
1910	0
1911	1
1912	0
1913	0
1914	0
1915	0
1916	1
1917	0
1918	0
1919	0
1920	0
1921	1
1922	1
1923	0
1924	0
1925	1
1926	0
1927	0
1928	0
1929	0
1930	0
1931	0
1932	0
1933	0
1934	0
1935	0
1936	0
1937	0
1938	0
1939	0
1940	0
1941	0
1942	0
1943	0
1944	0
1945	0
1946	-1
1947	0
1948	0
1949	0
1950	0
1951	0
1952	0
1953	0
1954	0
1955	0
1956	0
1957	0
1958	-1
1959	0
1960	0
1961	0
1962	-1
1963	0
1964	0
1965	0
1966	0
1967	0
1968	0
1969	0
1970	0
1971	0
1972	0
1973	0
1974	-1
1975	0
1976	-1
1977	0
1978	-1
1979	0
1980	0
1981	0
1982	-1
1983	-1
1984	0
1985	0
1986	0
1987	0
1988	0
1989	0
1990	0
1991	0
1992	0
1993	0
1994	0
1995	0
1996	0
1997	1
1998	0
1999	0
