0	0
1	1
2	0
3	1
4	0
5	0
6	0
7	0
8	0
9	0
10	0
11	0
12	0
13	1
14	0
15	0
16	0
17	0
18	0
19	0
20	0
21	0
22	-1
23	0
24	-1
25	-1
26	0
27	0
28	0
29	0
30	0
31	0
32	0
33	0
34	0
35	0
36	0
37	0
38	0
39	0
40	0
41	0
42	0
43	0
44	0
45	0
46	0
47	0
48	0
49	0
50	0
51	0
52	0
53	0
54	0
55	0
56	0
57	0
58	0
59	0
60	0
61	0
62	0
63	0
64	0
65	0
66	0
67	0
68	0
69	0
70	0
71	0
72	0
73	0
74	0
75	0
76	0
77	0
78	0
79	0
80	0
81	0
82	0
83	0
84	0
85	0
86	0
87	2
88	0
89	0
90	0
91	1
92	0
93	2
94	0
95	0
96	0
97	1
98	0
99	0
100	0
101	0
102	0
103	0
104	0
105	0
106	0
107	0
108	0
109	0
110	0
111	0
112	0
113	0
114	0
115	0
116	0
117	0
118	0
119	0
120	0
121	1
122	0
123	1
124	0
125	0
126	0
127	1
128	0
129	0
130	0
131	0
132	0
133	0
134	0
135	0
136	0
137	0
138	0
139	0
140	-1
141	1
142	0
143	0
144	0
145	0
146	0
147	0
148	0
149	0
150	0
151	0
152	0
153	0
154	0
155	0
156	0
157	0
158	0
159	0
160	0
161	0
162	0
163	0
164	0
165	0
166	0
167	1
168	0
169	1
170	0
171	0
172	0
173	0
174	0
175	0
176	0
177	1
178	0
179	1
180	0
181	0
182	0
183	0
184	0
185	1
186	0
187	0
188	0
189	0
190	-1
191	0
192	0
193	0
194	0
195	0
196	0
197	0
198	0
199	0
200	-1
201	0
202	0
203	0
204	0
205	1
206	0
207	1
208	0
209	1
210	0
211	1
212	0
213	0
214	0
215	1
216	0
217	2
218	0
219	2
220	0
221	1
222	0
223	1
224	0
225	1
226	0
227	2
228	0
229	1
230	0
231	0
232	0
233	0
234	0
235	0
236	0
237	0
238	0
239	0
240	0
241	1
242	0
243	1
244	0
245	0
246	0
247	0
248	0
249	0
250	0
251	0
252	0
253	0
254	-1
255	0
256	0
257	0
258	0
259	0
260	0
261	0
262	0
263	0
264	0
265	0
266	0
267	0
268	0
269	0
270	0
271	0
272	0
273	1
274	0
275	1
276	0
277	0
278	0
279	0
280	0
281	0
282	0
283	1
284	0
285	1
286	0
287	1
288	0
289	0
290	0
291	0
292	0
293	1
294	0
295	1
296	0
297	0
298	-1
299	0
300	0
301	1
302	0
303	1
304	0
305	0
306	0
307	0
308	0
309	1
310	0
311	0
312	0
313	0
314	0
315	0
316	-1
317	0
318	0
319	0
320	0
321	1
322	0
323	0
324	0
325	0
326	0
327	0
328	0
329	0
330	0
331	0
332	0
333	0
334	0
335	0
336	0
337	0
338	0
339	0
340	0
341	0
342	0
343	0
344	0
345	1
346	0
347	0
348	0
349	0
350	0
351	0
352	0
353	0
354	0
355	0
356	0
357	1
358	0
359	0
360	0
361	0
362	0
363	1
364	0
365	1
366	0
367	1
368	0
369	0
370	0
371	1
372	0
373	0
374	0
375	1
376	0
377	1
378	0
379	1
380	0
381	0
382	0
383	0
384	0
385	0
386	0
387	1
388	0
389	0
390	0
391	1
392	0
393	0
394	0
395	1
396	0
397	1
398	0
399	1
400	0
401	0
402	0
403	1
404	0
405	0
406	0
407	0
408	0
409	1
410	0
411	0
412	0
413	0
414	0
415	1
416	0
417	1
418	0
419	2
420	1
421	1
422	0
423	2
424	1
425	2
426	1
427	2
428	0
429	2
430	1
431	2
432	2
433	2
434	1
435	3
436	1
437	3
438	2
439	7
440	5
441	10
442	9
443	12
444	13
445	18
446	19
447	23
448	24
449	29
450	31
451	35
452	37
453	43
454	45
455	49
456	50
457	58
458	58
459	64
460	64
461	69
462	70
463	74
464	75
465	80
466	81
467	85
468	84
469	87
470	88
471	92
472	90
473	95
474	92
475	96
476	95
477	98
478	95
479	98
480	95
481	97
482	96
483	97
484	94
485	94
486	92
487	94
488	89
489	89
490	85
491	86
492	84
493	85
494	81
495	79
496	76
497	76
498	76
499	78
500	62
501	68
502	65
503	65
504	62
505	61
506	56
507	56
508	53
509	51
510	48
511	49
512	43
513	43
514	40
515	39
516	35
517	35
518	30
519	30
520	28
521	28
522	25
523	23
524	20
525	21
526	16
527	16
528	13
529	13
530	11
531	9
532	7
533	7
534	4
535	4
536	0
537	0
538	0
539	-1
540	-2
541	-2
542	-4
543	-4
544	-6
545	-5
546	-9
547	-7
548	-10
549	-9
550	-12
551	-10
552	-13
553	-12
554	-14
555	-14
556	-16
557	-15
558	-17
559	-15
560	-19
561	-16
562	-20
563	-19
564	-19
565	-18
566	-24
567	-19
568	-22
569	-22
570	-23
571	-21
572	-25
573	-22
574	-22
575	-22
576	-24
577	-22
578	-25
579	-24
580	-25
581	-24
582	-25
583	-22
584	-24
585	-22
586	-26
587	-22
588	-26
589	-23
590	-25
591	-20
592	-25
593	-20
594	-26
595	-21
596	-24
597	-21
598	-23
599	-19
600	-24
601	-20
602	-23
603	-20
604	-22
605	-19
606	-21
607	-17
608	-21
609	-17
610	-19
611	-16
612	-19
613	-16
614	-18
615	-16
616	-17
617	-16
618	-17
619	-16
620	-17
621	-15
622	-16
623	-15
624	-16
625	-16
626	-17
627	-16
628	-16
629	-15
630	-17
631	-14
632	-16
633	-15
634	-16
635	-15
636	-16
637	-15
638	-16
639	-14
640	-16
641	-13
642	-16
643	-14
644	-15
645	-13
646	-15
647	-13
648	-15
649	-14
650	-14
651	-11
652	-14
653	-12
654	-13
655	-11
656	-11
657	-9
658	-12
659	-11
660	-11
661	-9
662	-11
663	-8
664	-10
665	-7
666	-11
667	-6
668	-11
669	-7
670	-9
671	-6
672	-8
673	-6
674	-8
675	-7
676	-7
677	-5
678	-7
679	-6
680	-8
681	-5
682	-7
683	-5
684	-7
685	-4
686	-5
687	-4
688	-7
689	-3
690	-5
691	-4
692	-6
693	-4
694	-6
695	-3
696	-5
697	-2
698	-4
699	-2
700	-3
701	-1
702	-4
703	0
704	-2
705	0
706	-2
707	0
708	-2
709	0
710	-2
711	0
712	-1
713	0
714	-1
715	0
716	0
717	1
718	0
719	1
720	0
721	1
722	0
723	0
724	0
725	0
726	0
727	0
728	0
729	0
730	-1
731	0
732	-2
733	-1
734	-2
735	0
736	-1
737	0
738	-2
739	-1
740	-1
741	-1
742	-1
743	0
744	-2
745	-1
746	0
747	0
748	-1
749	0
750	-1
751	0
752	-2
753	0
754	-1
755	0
756	0
757	0
758	0
759	0
760	0
761	0
762	0
763	0
764	0
765	0
766	-1
767	0
768	0
769	0
770	0
771	0
772	-1
773	0
774	0
775	0
776	-1
777	0
778	0
779	0
780	-3
781	0
782	-2
783	-1
784	-2
785	-2
786	-2
787	-1
788	-2
789	-1
790	-2
791	0
792	-2
793	0
794	-1
795	0
796	-2
797	0
798	-1
799	-1
800	-2
801	-1
802	-1
803	0
804	-2
805	0
806	-1
807	-1
808	-1
809	0
810	-2
811	0
812	-1
813	-1
814	-1
815	-2
816	-1
817	-1
818	0
819	0
820	-1
821	-1
822	-1
823	-1
824	-1
825	0
826	-1
827	0
828	-1
829	0
830	-1
831	0
832	-2
833	0
834	-1
835	0
836	-1
837	-2
838	-1
839	-1
840	-2
841	0
842	-2
843	0
844	-2
845	0
846	-1
847	0
848	-1
849	-1
850	-3
851	0
852	-2
853	0
854	-2
855	0
856	-2
857	0
858	-1
859	0
860	-2
861	0
862	-1
863	0
864	0
865	0
866	-1
867	0
868	0
869	0
870	-1
871	0
872	-1
873	0
874	-1
875	0
876	-1
877	0
878	-1
879	0
880	0
881	0
882	-1
883	0
884	-1
885	0
886	0
887	0
888	-1
889	0
890	-1
891	0
892	-1
893	0
894	-1
895	-1
896	-1
897	0
898	0
899	0
900	-1
901	0
902	-1
903	0
904	0
905	0
906	-1
907	0
908	-1
909	0
910	0
911	0
912	0
913	0
914	-1
915	0
916	0
917	0
918	0
919	0
920	0
921	0
922	-1
923	0
924	-1
925	0
926	0
927	0
928	-1
929	0
930	0
931	0
932	-1
933	0
934	0
935	0
936	-1
937	0
938	-1
939	0
940	-1
941	0
942	-1
943	0
944	0
945	0
946	0
947	0
948	0
949	0
950	-1
951	0
952	0
953	0
954	0
955	0
956	0
957	0
958	0
959	0
960	0
961	0
962	0
963	0
964	0
965	0
966	0
967	0
968	0
969	0
970	-1
971	0
972	0
973	0
974	0
975	0
976	0
977	1
978	0
979	0
980	0
981	0
982	0
983	0
984	0
985	1
986	0
987	1
988	0
989	1
990	0
991	1
992	0
993	1
994	0
995	1
996	0
997	0
998	-1
999	0
1000	-1
1001	0
1002	-1
1003	0
1004	0
1005	0
1006	-2
1007	0
1008	0
1009	0
1010	-2
1011	0
1012	-2
1013	0
1014	-1
1015	0
1016	-1
1017	0
1018	-1
1019	0
1020	-1
1021	0
1022	-2
1023	0
1024	-1
1025	0
1026	0
1027	0
1028	0
1029	0
1030	-1
1031	0
1032	0
1033	0
1034	-1
1035	0
1036	-1
1037	0
1038	0
1039	0
1040	0
1041	0
1042	-1
1043	0
1044	0
1045	0
1046	-1
1047	0
1048	0
1049	0
1050	0
1051	0
1052	0
1053	0
1054	0
1055	0
1056	0
1057	0
1058	0
1059	0
1060	0
1061	0
1062	0
1063	0
1064	0
1065	0
1066	-1
1067	0
1068	0
1069	0
1070	-1
1071	0
1072	-1
1073	0
1074	0
1075	1
1076	-1
1077	1
1078	0
1079	0
1080	0
1081	1
1082	0
1083	0
1084	0
1085	0
1086	0
1087	0
1088	0
1089	0
1090	0
1091	0
1092	-1
1093	0
1094	0
1095	0
1096	-1
1097	0
1098	0
1099	0
1100	0
1101	0
1102	0
1103	0
1104	0
1105	0
1106	0
1107	1
1108	0
1109	0
1110	0
1111	0
1112	0
1113	0
1114	0
1115	0
1116	0
1117	0
1118	-1
1119	0
1120	0
1121	0
1122	0
1123	1
1124	0
1125	0
1126	0
1127	0
1128	0
1129	0
1130	0
1131	0
1132	0
1133	0
1134	-1
1135	0
1136	-2
1137	0
1138	-2
1139	0
1140	-2
1141	0
1142	-1
1143	0
1144	-1
1145	0
1146	-2
1147	0
1148	-2
1149	0
1150	-1
1151	0
1152	-1
1153	0
1154	0
1155	0
1156	0
1157	0
1158	0
1159	0
1160	0
1161	1
1162	0
1163	0
1164	0
1165	1
1166	0
1167	1
1168	0
1169	0
1170	0
1171	1
1172	0
1173	0
1174	0
1175	0
1176	0
1177	0
1178	0
1179	0
1180	-1
1181	0
1182	-1
1183	0
1184	-1
1185	0
1186	0
1187	0
1188	-1
1189	0
1190	0
1191	0
1192	0
1193	0
1194	0
1195	0
1196	0
1197	1
1198	0
1199	0
1200	1
1201	1
1202	0
1203	1
1204	1
1205	2
1206	1
1207	0
1208	1
1209	2
1210	1
1211	2
1212	1
1213	2
1214	2
1215	2
1216	2
1217	2
1218	3
1219	3
1220	1
1221	3
1222	2
1223	2
1224	1
1225	3
1226	2
1227	3
1228	2
1229	3
1230	3
1231	3
1232	3
1233	4
1234	2
1235	3
1236	3
1237	4
1238	4
1239	3
1240	4
1241	3
1242	3
1243	3
1244	3
1245	3
1246	3
1247	4
1248	3
1249	3
1250	2
1251	4
1252	2
1253	4
1254	2
1255	2
1256	1
1257	2
1258	2
1259	3
1260	1
1261	2
1262	1
1263	2
1264	2
1265	2
1266	1
1267	1
1268	2
1269	1
1270	1
1271	1
1272	1
1273	1
1274	0
1275	0
1276	0
1277	0
1278	0
1279	0
1280	0
1281	0
1282	-1
1283	0
1284	-1
1285	0
1286	0
1287	0
1288	0
1289	0
1290	0
1291	0
1292	-1
1293	0
1294	0
1295	0
1296	-1
1297	0
1298	-1
1299	0
1300	-1
1301	0
1302	-1
1303	-1
1304	-1
1305	0
1306	-1
1307	-1
1308	-1
1309	0
1310	-1
1311	0
1312	-1
1313	0
1314	0
1315	0
1316	-1
1317	0
1318	-1
1319	0
1320	-1
1321	0
1322	0
1323	0
1324	-1
1325	0
1326	-1
1327	0
1328	0
1329	0
1330	-1
1331	0
1332	0
1333	0
1334	0
1335	0
1336	0
1337	0
1338	-1
1339	0
1340	-1
1341	0
1342	-1
1343	0
1344	-1
1345	0
1346	-1
1347	0
1348	-2
1349	0
1350	-1
1351	0
1352	-1
1353	0
1354	-1
1355	0
1356	-1
1357	0
1358	-1
1359	0
1360	-1
1361	-2
1362	0
1363	-1
1364	-2
1365	-1
1366	-1
1367	-1
1368	-1
1369	0
1370	-1
1371	0
1372	-1
1373	0
1374	-1
1375	0
1376	0
1377	0
1378	-1
1379	0
1380	0
1381	0
1382	0
1383	0
1384	0
1385	0
1386	-1
1387	0
1388	-2
1389	0
1390	-1
1391	0
1392	-1
1393	0
1394	-1
1395	0
1396	-1
1397	0
1398	-1
1399	0
1400	-1
1401	0
1402	0
1403	0
1404	-1
1405	0
1406	-1
1407	0
1408	0
1409	0
1410	0
1411	0
1412	-1
1413	0
1414	-1
1415	0
1416	0
1417	0
1418	-1
1419	1
1420	-1
1421	0
1422	0
1423	0
1424	0
1425	1
1426	0
1427	0
1428	0
1429	0
1430	0
1431	0
1432	0
1433	0
1434	0
1435	0
1436	0
1437	0
1438	0
1439	0
1440	0
1441	0
1442	-1
1443	0
1444	-1
1445	0
1446	0
1447	0
1448	0
1449	0
1450	0
1451	0
1452	-1
1453	0
1454	-1
1455	0
1456	-1
1457	0
1458	0
1459	0
1460	0
1461	0
1462	0
1463	1
1464	0
1465	0
1466	0
1467	0
1468	0
1469	0
1470	0
1471	1
1472	0
1473	1
1474	0
1475	2
1476	1
1477	1
1478	1
1479	2
1480	0
1481	2
1482	1
1483	1
1484	1
1485	2
1486	0
1487	2
1488	1
1489	2
1490	1
1491	2
1492	1
1493	2
1494	1
1495	2
1496	1
1497	1
1498	2
1499	2
1500	2
1501	2
1502	0
1503	2
1504	2
1505	2
1506	2
1507	2
1508	0
1509	1
1510	1
1511	1
1512	0
1513	2
1514	0
1515	3
1516	0
1517	2
1518	1
1519	1
1520	0
1521	0
1522	0
1523	1
1524	0
1525	1
1526	0
1527	1
1528	0
1529	0
1530	0
1531	0
1532	-1
1533	0
1534	-1
1535	0
1536	-1
1537	0
1538	-2
1539	0
1540	-1
1541	0
1542	-1
1543	0
1544	-2
1545	0
1546	-2
1547	0
1548	-2
1549	-1
1550	-2
1551	-1
1552	-1
1553	0
1554	-1
1555	0
1556	-1
1557	0
1558	-2
1559	0
1560	0
1561	0
1562	0
1563	0
1564	0
1565	0
1566	0
1567	0
1568	0
1569	0
1570	0
1571	0
1572	0
1573	0
1574	0
1575	1
1576	0
1577	1
1578	0
1579	0
1580	0
1581	1
1582	0
1583	1
1584	0
1585	1
1586	0
1587	1
1588	0
1589	1
1590	0
1591	0
1592	0
1593	0
1594	0
1595	0
1596	0
1597	0
1598	0
1599	1
1600	0
1601	0
1602	0
1603	1
1604	0
1605	1
1606	0
1607	1
1608	0
1609	1
1610	0
1611	2
1612	0
1613	1
1614	1
1615	0
1616	1
1617	2
1618	0
1619	1
1620	1
1621	1
1622	0
1623	1
1624	0
1625	2
1626	0
1627	1
1628	0
1629	0
1630	0
1631	0
1632	0
1633	1
1634	0
1635	0
1636	0
1637	0
1638	0
1639	1
1640	0
1641	-1
1642	0
1643	0
1644	0
1645	0
1646	-1
1647	0
1648	-1
1649	0
1650	-1
1651	0
1652	-1
1653	0
1654	-1
1655	-1
1656	-1
1657	-1
1658	-1
1659	0
1660	-1
1661	-1
1662	-1
1663	0
1664	-2
1665	-1
1666	-2
1667	0
1668	-1
1669	0
1670	-1
1671	0
1672	-2
1673	0
1674	-2
1675	-1
1676	-1
1677	0
1678	-2
1679	0
1680	-1
1681	0
1682	0
1683	0
1684	-1
1685	0
1686	-1
1687	0
1688	-1
1689	0
1690	0
1691	0
1692	0
1693	0
1694	0
1695	0
1696	0
1697	0
1698	0
1699	0
1700	0
1701	0
1702	0
1703	0
1704	-1
1705	0
1706	0
1707	0
1708	-1
1709	0
1710	0
1711	0
1712	0
1713	0
1714	0
1715	0
1716	0
1717	0
1718	0
1719	0
1720	0
1721	0
1722	0
1723	0
1724	0
1725	1
1726	0
1727	0
1728	0
1729	1
1730	0
1731	0
1732	0
1733	1
1734	0
1735	0
1736	0
1737	0
1738	0
1739	2
1740	0
1741	0
1742	0
1743	0
1744	1
1745	0
1746	0
1747	1
1748	0
1749	0
1750	0
1751	1
1752	0
1753	1
1754	0
1755	1
1756	0
1757	0
1758	0
1759	0
1760	0
1761	0
1762	0
1763	2
1764	0
1765	0
1766	0
1767	1
1768	0
1769	1
1770	0
1771	1
1772	1
1773	1
1774	0
1775	1
1776	0
1777	0
1778	0
1779	0
1780	0
1781	0
1782	0
1783	0
1784	0
1785	0
1786	-1
1787	0
1788	0
1789	0
1790	-2
1791	0
1792	-1
1793	0
1794	-1
1795	0
1796	-1
1797	0
1798	-1
1799	0
1800	-2
1801	0
1802	0
1803	0
1804	0
1805	-1
1806	-2
1807	0
1808	-1
1809	0
1810	-2
1811	0
1812	0
1813	1
1814	-1
1815	0
1816	0
1817	0
1818	0
1819	0
1820	0
1821	0
1822	0
1823	0
1824	-1
1825	0
1826	-1
1827	0
1828	0
1829	0
1830	0
1831	0
1832	-1
1833	0
1834	-1
1835	0
1836	0
1837	0
1838	0
1839	-1
1840	0
1841	0
1842	0
1843	0
1844	-1
1845	0
1846	0
1847	0
1848	-1
1849	0
1850	0
1851	-1
1852	-1
1853	0
1854	0
1855	0
1856	0
1857	0
1858	0
1859	0
1860	0
1861	0
1862	0
1863	0
1864	0
1865	0
1866	0
1867	0
1868	0
1869	0
1870	0
1871	0
1872	0
1873	0
1874	0
1875	-1
1876	-1
1877	0
1878	-2
1879	0
1880	-1
1881	0
1882	-1
1883	0
1884	-2
1885	0
1886	0
1887	0
1888	0
1889	0
1890	0
1891	0
1892	0
1893	1
1894	0
1895	2
1896	0
1897	1
1898	0
1899	1
1900	0
1901	0
1902	0
1903	0
1904	0
1905	1
1906	0
1907	1
1908	0
1909	1
1910	0
1911	0
1912	0
1913	0
1914	0
1915	1
1916	0
1917	0
1918	0
1919	0
1920	0
1921	0
1922	0
1923	0
1924	0
1925	1
1926	0
1927	1
1928	0
1929	1
1930	0
1931	1
1932	0
1933	1
1934	0
1935	1
1936	0
1937	2
1938	0
1939	2
1940	0
1941	2
1942	0
1943	2
1944	1
1945	1
1946	0
1947	1
1948	1
1949	1
1950	0
1951	2
1952	0
1953	2
1954	0
1955	1
1956	0
1957	1
1958	0
1959	1
1960	0
1961	1
1962	0
1963	2
1964	0
1965	1
1966	0
1967	1
1968	0
1969	2
1970	0
1971	1
1972	-1
1973	1
1974	0
1975	2
1976	0
1977	0
1978	0
1979	0
1980	0
1981	1
1982	-1
1983	1
1984	-1
1985	1
1986	0
1987	1
1988	-1
1989	0
1990	-1
1991	0
1992	0
1993	0
1994	-1
1995	1
1996	0
1997	0
1998	0
1999	0
