0	0
1	1
2	-1
3	1
4	0
5	2
6	-1
7	1
8	0
9	2
10	-2
11	2
12	-1
13	1
14	-1
15	1
16	0
17	1
18	0
19	0
20	0
21	1
22	0
23	0
24	0
25	1
26	0
27	0
28	0
29	1
30	0
31	2
32	0
33	1
34	0
35	1
36	0
37	1
38	0
39	1
40	0
41	2
42	0
43	1
44	0
45	0
46	0
47	1
48	0
49	1
50	0
51	1
52	1
53	1
54	0
55	1
56	0
57	0
58	0
59	1
60	0
61	0
62	0
63	1
64	0
65	0
66	1
67	0
68	0
69	1
70	0
71	2
72	0
73	1
74	0
75	0
76	0
77	0
78	0
79	0
80	0
81	2
82	0
83	1
84	0
85	1
86	0
87	2
88	0
89	2
90	0
91	1
92	0
93	1
94	0
95	1
96	-1
97	1
98	-1
99	0
100	-1
101	0
102	-1
103	0
104	0
105	0
106	-1
107	0
108	-1
109	0
110	-1
111	0
112	-1
113	0
114	0
115	0
116	-1
117	0
118	0
119	0
120	0
121	0
122	-1
123	0
124	0
125	1
126	0
127	0
128	0
129	0
130	0
131	0
132	0
133	0
134	0
135	1
136	0
137	1
138	-1
139	1
140	0
141	1
142	0
143	2
144	0
145	2
146	0
147	0
148	0
149	1
150	0
151	2
152	0
153	2
154	0
155	2
156	0
157	2
158	0
159	0
160	0
161	1
162	0
163	2
164	0
165	1
166	0
167	1
168	0
169	0
170	1
171	1
172	0
173	1
174	0
175	0
176	0
177	2
178	0
179	0
180	0
181	0
182	0
183	1
184	0
185	0
186	-1
187	0
188	0
189	1
190	0
191	2
192	-1
193	1
194	-1
195	0
196	-2
197	1
198	-1
199	1
200	0
201	0
202	0
203	0
204	-1
205	0
206	0
207	1
208	-1
209	1
210	0
211	1
212	0
213	3
214	0
215	4
216	1
217	3
218	0
219	2
220	0
221	2
222	0
223	3
224	0
225	2
226	1
227	3
228	1
229	2
230	0
231	2
232	0
233	1
234	-1
235	1
236	-1
237	1
238	0
239	0
240	0
241	0
242	-1
243	0
244	-1
245	0
246	0
247	0
248	-1
249	0
250	0
251	0
252	-1
253	0
254	-2
255	0
256	0
257	1
258	-1
259	1
260	-1
261	1
262	0
263	0
264	-1
265	0
266	-1
267	1
268	0
269	0
270	-1
271	0
272	0
273	0
274	0
275	0
276	0
277	0
278	0
279	0
280	0
281	1
282	0
283	2
284	0
285	0
286	0
287	1
288	0
289	0
290	0
291	1
292	0
293	1
294	0
295	0
296	0
297	1
298	-1
299	0
300	0
301	1
302	0
303	1
304	0
305	1
306	0
307	1
308	0
309	0
310	0
311	0
312	0
313	0
314	-1
315	0
316	0
317	0
318	0
319	1
320	0
321	1
322	0
323	1
324	0
325	2
326	0
327	2
328	0
329	3
330	0
331	2
332	0
333	2
334	0
335	2
336	0
337	1
338	0
339	2
340	0
341	2
342	0
343	2
344	0
345	2
346	0
347	0
348	0
349	0
350	0
351	1
352	0
353	0
354	0
355	0
356	0
357	0
358	0
359	0
360	0
361	0
362	0
363	0
364	-1
365	0
366	0
367	0
368	-1
369	0
370	0
371	1
372	0
373	2
374	0
375	0
376	0
377	1
378	0
379	2
380	-1
381	0
382	-1
383	0
384	-2
385	0
386	0
387	0
388	0
389	0
390	0
391	0
392	0
393	1
394	0
395	2
396	-1
397	1
398	-1
399	1
400	-1
401	0
402	-1
403	1
404	-2
405	0
406	-1
407	1
408	-1
409	0
410	0
411	0
412	0
413	2
414	-1
415	0
416	0
417	0
418	-1
419	0
420	-1
421	0
422	0
423	1
424	0
425	1
426	0
427	1
428	0
429	0
430	0
431	1
432	0
433	2
434	0
435	3
436	2
437	5
438	5
439	10
440	11
441	15
442	15
443	22
444	22
445	29
446	32
447	38
448	39
449	47
450	50
451	55
452	58
453	67
454	68
455	76
456	79
457	84
458	87
459	95
460	96
461	104
462	106
463	113
464	113
465	121
466	121
467	127
468	127
469	133
470	132
471	137
472	137
473	140
474	139
475	141
476	139
477	142
478	138
479	141
480	137
481	136
482	133
483	132
484	127
485	127
486	121
487	119
488	115
489	113
490	108
491	107
492	100
493	98
494	91
495	90
496	83
497	81
498	76
499	78
500	62
501	65
502	60
503	57
504	51
505	50
506	42
507	41
508	36
509	34
510	27
511	27
512	22
513	21
514	15
515	14
516	8
517	8
518	3
519	2
520	-2
521	-2
522	-7
523	-7
524	-11
525	-12
526	-16
527	-17
528	-21
529	-21
530	-25
531	-25
532	-29
533	-27
534	-31
535	-31
536	-34
537	-33
538	-38
539	-37
540	-39
541	-39
542	-42
543	-41
544	-43
545	-43
546	-45
547	-45
548	-47
549	-47
550	-47
551	-46
552	-48
553	-48
554	-49
555	-47
556	-50
557	-48
558	-51
559	-49
560	-51
561	-47
562	-50
563	-47
564	-50
565	-46
566	-49
567	-46
568	-47
569	-44
570	-45
571	-44
572	-46
573	-45
574	-45
575	-45
576	-45
577	-43
578	-45
579	-43
580	-44
581	-43
582	-42
583	-40
584	-42
585	-39
586	-40
587	-38
588	-41
589	-35
590	-38
591	-34
592	-36
593	-33
594	-35
595	-33
596	-33
597	-32
598	-33
599	-32
600	-32
601	-31
602	-31
603	-30
604	-31
605	-29
606	-29
607	-25
608	-27
609	-23
610	-23
611	-22
612	-21
613	-18
614	-20
615	-18
616	-19
617	-18
618	-18
619	-17
620	-16
621	-15
622	-16
623	-15
624	-16
625	-15
626	-16
627	-14
628	-16
629	-14
630	-15
631	-13
632	-15
633	-12
634	-13
635	-10
636	-12
637	-11
638	-11
639	-10
640	-11
641	-7
642	-11
643	-8
644	-7
645	-6
646	-7
647	-7
648	-6
649	-4
650	-6
651	-5
652	-5
653	-4
654	-4
655	-2
656	-4
657	-1
658	-4
659	0
660	-2
661	-1
662	-4
663	0
664	-2
665	0
666	-2
667	0
668	-1
669	1
670	-2
671	1
672	-1
673	1
674	-1
675	0
676	-1
677	0
678	-1
679	0
680	-2
681	0
682	-1
683	0
684	-2
685	0
686	-2
687	0
688	-2
689	0
690	-2
691	-1
692	-2
693	0
694	-2
695	-2
696	-2
697	-1
698	-2
699	0
700	-1
701	0
702	-2
703	0
704	-1
705	0
706	-1
707	0
708	-2
709	0
710	-1
711	0
712	-2
713	-2
714	-3
715	-1
716	-3
717	-2
718	-3
719	-2
720	-3
721	0
722	-3
723	0
724	-4
725	-1
726	-3
727	-1
728	-3
729	-1
730	-2
731	-1
732	-2
733	0
734	-2
735	0
736	-2
737	0
738	-1
739	0
740	0
741	0
742	0
743	0
744	0
745	1
746	0
747	0
748	0
749	2
750	0
751	1
752	1
753	2
754	1
755	0
756	0
757	0
758	0
759	1
760	0
761	1
762	0
763	1
764	0
765	1
766	0
767	1
768	0
769	0
770	0
771	0
772	0
773	0
774	1
775	1
776	0
777	2
778	0
779	2
780	0
781	1
782	1
783	2
784	1
785	4
786	0
787	2
788	1
789	4
790	2
791	3
792	2
793	2
794	1
795	3
796	1
797	2
798	1
799	2
800	0
801	1
802	0
803	2
804	0
805	0
806	0
807	0
808	-1
809	0
810	-1
811	0
812	-1
813	0
814	-3
815	0
816	-3
817	0
818	-2
819	0
820	-3
821	-1
822	-2
823	0
824	-4
825	0
826	-3
827	-1
828	-1
829	0
830	-2
831	-1
832	-3
833	0
834	-3
835	-1
836	-2
837	0
838	-2
839	-1
840	-2
841	-1
842	-2
843	-1
844	-1
845	0
846	-2
847	-2
848	-2
849	0
850	-2
851	-1
852	-1
853	-1
854	-1
855	0
856	-1
857	0
858	0
859	0
860	-1
861	0
862	0
863	0
864	-1
865	0
866	-2
867	0
868	-1
869	0
870	-1
871	0
872	-1
873	0
874	-1
875	0
876	0
877	0
878	-1
879	0
880	0
881	0
882	0
883	0
884	-1
885	0
886	-1
887	1
888	0
889	0
890	0
891	0
892	-1
893	0
894	0
895	1
896	-1
897	2
898	0
899	0
900	-1
901	0
902	-2
903	0
904	-2
905	0
906	-2
907	0
908	0
909	0
910	-2
911	0
912	-1
913	0
914	-1
915	0
916	-1
917	0
918	-1
919	0
920	-1
921	0
922	-2
923	1
924	-2
925	0
926	-1
927	0
928	-1
929	0
930	0
931	0
932	-1
933	0
934	0
935	-1
936	-2
937	0
938	-1
939	0
940	-1
941	0
942	-1
943	0
944	-1
945	0
946	-1
947	1
948	0
949	1
950	-1
951	1
952	0
953	1
954	0
955	0
956	0
957	1
958	-1
959	0
960	0
961	1
962	0
963	0
964	-1
965	1
966	-1
967	0
968	-2
969	-1
970	-2
971	-1
972	-2
973	0
974	-3
975	-1
976	-3
977	0
978	-2
979	0
980	-1
981	-1
982	-1
983	0
984	-1
985	0
986	-1
987	0
988	-1
989	0
990	-1
991	0
992	-1
993	0
994	0
995	0
996	0
997	1
998	0
999	1
1000	1
1001	1
1002	0
1003	1
1004	0
1005	1
1006	0
1007	2
1008	0
1009	1
1010	0
1011	1
1012	0
1013	1
1014	0
1015	2
1016	0
1017	2
1018	0
1019	1
1020	0
1021	1
1022	0
1023	1
1024	0
1025	1
1026	0
1027	2
1028	0
1029	2
1030	0
1031	2
1032	1
1033	1
1034	1
1035	1
1036	2
1037	2
1038	2
1039	2
1040	2
1041	3
1042	2
1043	3
1044	2
1045	4
1046	2
1047	5
1048	2
1049	3
1050	3
1051	4
1052	2
1053	3
1054	2
1055	3
1056	1
1057	3
1058	1
1059	2
1060	2
1061	2
1062	0
1063	2
1064	0
1065	1
1066	0
1067	0
1068	0
1069	1
1070	0
1071	1
1072	0
1073	0
1074	0
1075	0
1076	0
1077	0
1078	-1
1079	0
1080	0
1081	0
1082	-2
1083	0
1084	-1
1085	0
1086	0
1087	0
1088	0
1089	0
1090	-1
1091	1
1092	0
1093	1
1094	0
1095	0
1096	-1
1097	0
1098	-1
1099	0
1100	-1
1101	0
1102	-1
1103	0
1104	-1
1105	0
1106	-2
1107	0
1108	-2
1109	0
1110	-2
1111	0
1112	-2
1113	0
1114	-2
1115	0
1116	-2
1117	0
1118	-1
1119	0
1120	-2
1121	-1
1122	-3
1123	0
1124	-2
1125	-1
1126	-2
1127	0
1128	-1
1129	0
1130	-1
1131	0
1132	0
1133	0
1134	0
1135	2
1136	0
1137	3
1138	0
1139	2
1140	1
1141	3
1142	1
1143	3
1144	1
1145	4
1146	1
1147	3
1148	1
1149	4
1150	2
1151	4
1152	2
1153	4
1154	3
1155	4
1156	2
1157	3
1158	3
1159	4
1160	2
1161	2
1162	2
1163	3
1164	2
1165	2
1166	0
1167	0
1168	0
1169	1
1170	0
1171	0
1172	0
1173	0
1174	-1
1175	-1
1176	0
1177	0
1178	-1
1179	0
1180	-2
1181	-1
1182	-3
1183	0
1184	-2
1185	0
1186	-1
1187	1
1188	-2
1189	0
1190	-2
1191	0
1192	-2
1193	1
1194	0
1195	0
1196	-1
1197	2
1198	0
1199	1
1200	-1
1201	1
1202	0
1203	0
1204	0
1205	1
1206	1
1207	1
1208	1
1209	2
1210	1
1211	3
1212	2
1213	2
1214	1
1215	3
1216	2
1217	3
1218	2
1219	4
1220	2
1221	4
1222	2
1223	4
1224	2
1225	4
1226	2
1227	4
1228	1
1229	4
1230	1
1231	3
1232	2
1233	3
1234	1
1235	2
1236	1
1237	3
1238	1
1239	2
1240	0
1241	2
1242	0
1243	1
1244	0
1245	2
1246	0
1247	2
1248	0
1249	1
1250	0
1251	0
1252	0
1253	0
1254	-1
1255	0
1256	0
1257	0
1258	0
1259	0
1260	0
1261	0
1262	-2
1263	0
1264	-1
1265	-1
1266	-2
1267	-1
1268	-2
1269	-2
1270	-2
1271	-2
1272	-3
1273	-1
1274	-3
1275	-1
1276	-3
1277	-2
1278	-2
1279	-2
1280	-3
1281	-1
1282	-2
1283	-1
1284	-3
1285	-1
1286	-3
1287	-1
1288	-3
1289	-2
1290	-3
1291	-1
1292	-4
1293	-2
1294	-2
1295	-1
1296	-2
1297	-2
1298	-2
1299	-2
1300	-2
1301	-2
1302	-3
1303	-1
1304	-2
1305	-1
1306	-1
1307	0
1308	-1
1309	0
1310	-2
1311	0
1312	-2
1313	0
1314	-1
1315	0
1316	-1
1317	0
1318	-1
1319	0
1320	-1
1321	0
1322	-1
1323	0
1324	-1
1325	0
1326	-3
1327	0
1328	-2
1329	0
1330	-2
1331	0
1332	-2
1333	-1
1334	-2
1335	0
1336	-1
1337	0
1338	-2
1339	0
1340	-2
1341	0
1342	-1
1343	-1
1344	-1
1345	0
1346	-3
1347	0
1348	-3
1349	0
1350	-1
1351	0
1352	-2
1353	-1
1354	-2
1355	-1
1356	-1
1357	0
1358	0
1359	0
1360	-1
1361	0
1362	0
1363	1
1364	0
1365	0
1366	0
1367	0
1368	-1
1369	0
1370	0
1371	0
1372	0
1373	1
1374	0
1375	1
1376	0
1377	0
1378	0
1379	0
1380	-1
1381	0
1382	0
1383	0
1384	-1
1385	-1
1386	-2
1387	-1
1388	-2
1389	-1
1390	-1
1391	-1
1392	-2
1393	0
1394	-2
1395	-1
1396	0
1397	0
1398	0
1399	0
1400	-1
1401	0
1402	0
1403	0
1404	-1
1405	0
1406	0
1407	0
1408	0
1409	1
1410	-1
1411	0
1412	0
1413	0
1414	0
1415	0
1416	0
1417	1
1418	0
1419	1
1420	0
1421	0
1422	0
1423	1
1424	-1
1425	0
1426	0
1427	1
1428	0
1429	0
1430	-1
1431	1
1432	-1
1433	0
1434	-1
1435	0
1436	-1
1437	0
1438	0
1439	0
1440	0
1441	0
1442	-1
1443	0
1444	-1
1445	0
1446	-2
1447	0
1448	-2
1449	0
1450	-1
1451	0
1452	-1
1453	0
1454	-1
1455	0
1456	-1
1457	0
1458	-1
1459	0
1460	-1
1461	0
1462	-2
1463	-1
1464	-1
1465	0
1466	-1
1467	0
1468	-1
1469	0
1470	-1
1471	0
1472	-1
1473	0
1474	-1
1475	0
1476	-1
1477	0
1478	-1
1479	0
1480	-1
1481	0
1482	-2
1483	0
1484	0
1485	0
1486	-1
1487	0
1488	-1
1489	0
1490	0
1491	0
1492	-1
1493	0
1494	-1
1495	-1
1496	-1
1497	0
1498	0
1499	1
1500	0
1501	1
1502	0
1503	1
1504	0
1505	1
1506	0
1507	1
1508	0
1509	1
1510	0
1511	1
1512	1
1513	2
1514	0
1515	1
1516	1
1517	1
1518	1
1519	1
1520	0
1521	1
1522	0
1523	1
1524	0
1525	1
1526	0
1527	1
1528	-1
1529	0
1530	0
1531	0
1532	0
1533	0
1534	0
1535	0
1536	0
1537	0
1538	-1
1539	0
1540	-1
1541	0
1542	0
1543	-1
1544	-1
1545	-1
1546	-2
1547	-1
1548	-2
1549	0
1550	-2
1551	0
1552	-2
1553	-1
1554	-3
1555	-1
1556	-4
1557	0
1558	-3
1559	0
1560	-2
1561	0
1562	-1
1563	0
1564	-2
1565	0
1566	-2
1567	-1
1568	-1
1569	0
1570	0
1571	0
1572	0
1573	0
1574	0
1575	1
1576	0
1577	2
1578	0
1579	2
1580	0
1581	2
1582	0
1583	2
1584	0
1585	2
1586	0
1587	3
1588	0
1589	1
1590	1
1591	2
1592	0
1593	3
1594	-1
1595	3
1596	0
1597	1
1598	0
1599	1
1600	0
1601	0
1602	0
1603	0
1604	-1
1605	0
1606	-1
1607	0
1608	0
1609	0
1610	-3
1611	-1
1612	-1
1613	0
1614	-2
1615	0
1616	-2
1617	0
1618	-2
1619	0
1620	-2
1621	0
1622	-2
1623	0
1624	-2
1625	0
1626	0
1627	0
1628	0
1629	0
1630	0
1631	0
1632	0
1633	0
1634	0
1635	1
1636	-1
1637	0
1638	-1
1639	0
1640	0
1641	0
1642	0
1643	0
1644	0
1645	0
1646	-2
1647	0
1648	-1
1649	0
1650	-1
1651	0
1652	0
1653	0
1654	-2
1655	-1
1656	-2
1657	0
1658	-1
1659	-2
1660	-1
1661	0
1662	-1
1663	0
1664	-1
1665	0
1666	-1
1667	0
1668	-1
1669	0
1670	0
1671	1
1672	0
1673	1
1674	0
1675	3
1676	0
1677	2
1678	0
1679	2
1680	0
1681	2
1682	0
1683	2
1684	0
1685	2
1686	2
1687	2
1688	1
1689	3
1690	1
1691	2
1692	1
1693	2
1694	1
1695	2
1696	0
1697	2
1698	0
1699	3
1700	1
1701	3
1702	0
1703	4
1704	0
1705	3
1706	1
1707	3
1708	1
1709	3
1710	2
1711	3
1712	2
1713	3
1714	1
1715	3
1716	1
1717	3
1718	1
1719	2
1720	0
1721	2
1722	0
1723	2
1724	0
1725	1
1726	0
1727	2
1728	0
1729	2
1730	0
1731	1
1732	0
1733	0
1734	-1
1735	0
1736	-1
1737	0
1738	-1
1739	0
1740	-1
1741	0
1742	-2
1743	0
1744	-1
1745	0
1746	-3
1747	0
1748	-2
1749	0
1750	-2
1751	0
1752	-2
1753	0
1754	-1
1755	0
1756	-2
1757	0
1758	-1
1759	0
1760	-2
1761	0
1762	-1
1763	0
1764	-1
1765	1
1766	-2
1767	0
1768	0
1769	0
1770	0
1771	0
1772	-1
1773	0
1774	-1
1775	0
1776	0
1777	0
1778	-2
1779	0
1780	-2
1781	0
1782	-2
1783	0
1784	-3
1785	0
1786	-2
1787	0
1788	-2
1789	0
1790	-2
1791	-1
1792	-2
1793	-1
1794	-2
1795	-1
1796	-2
1797	0
1798	-3
1799	0
1800	-2
1801	0
1802	-2
1803	0
1804	-1
1805	0
1806	-1
1807	0
1808	0
1809	0
1810	-1
1811	1
1812	-1
1813	0
1814	0
1815	0
1816	0
1817	0
1818	-1
1819	0
1820	0
1821	0
1822	0
1823	0
1824	-1
1825	0
1826	-1
1827	0
1828	0
1829	0
1830	-1
1831	-1
1832	-1
1833	-1
1834	-1
1835	0
1836	-2
1837	0
1838	-1
1839	0
1840	-1
1841	0
1842	0
1843	1
1844	0
1845	2
1846	0
1847	0
1848	-1
1849	2
1850	0
1851	1
1852	0
1853	1
1854	0
1855	0
1856	-1
1857	0
1858	-1
1859	1
1860	0
1861	0
1862	0
1863	0
1864	-1
1865	0
1866	-2
1867	0
1868	-1
1869	0
1870	-1
1871	0
1872	-2
1873	0
1874	-1
1875	0
1876	-1
1877	0
1878	-2
1879	0
1880	-1
1881	0
1882	-1
1883	0
1884	-2
1885	-1
1886	-1
1887	-1
1888	-1
1889	0
1890	-2
1891	0
1892	0
1893	0
1894	0
1895	0
1896	0
1897	0
1898	0
1899	0
1900	0
1901	0
1902	-1
1903	1
1904	0
1905	0
1906	-1
1907	0
1908	-1
1909	0
1910	-1
1911	0
1912	0
1913	0
1914	0
1915	0
1916	0
1917	0
1918	0
1919	0
1920	0
1921	0
1922	0
1923	0
1924	0
1925	0
1926	0
1927	1
1928	0
1929	0
1930	0
1931	0
1932	0
1933	0
1934	0
1935	0
1936	0
1937	0
1938	0
1939	1
1940	0
1941	1
1942	0
1943	0
1944	0
1945	1
1946	0
1947	0
1948	0
1949	1
1950	0
1951	1
1952	0
1953	1
1954	0
1955	0
1956	-1
1957	0
1958	-1
1959	1
1960	0
1961	1
1962	0
1963	0
1964	0
1965	0
1966	0
1967	0
1968	-1
1969	0
1970	-1
1971	0
1972	-2
1973	0
1974	-1
1975	0
1976	-1
1977	0
1978	-1
1979	0
1980	-1
1981	0
1982	-1
1983	0
1984	-1
1985	0
1986	-1
1987	0
1988	0
1989	0
1990	-1
1991	0
1992	0
1993	0
1994	-1
1995	0
1996	-1
1997	0
1998	-1
1999	0
