0	0
1	0
2	0
3	0
4	0
5	1
6	0
7	1
8	0
9	0
10	0
11	0
12	0
13	0
14	0
15	1
16	0
17	0
18	0
19	0
20	0
21	0
22	0
23	0
24	0
25	0
26	0
27	0
28	0
29	0
30	0
31	1
32	0
33	0
34	0
35	0
36	0
37	0
38	0
39	0
40	0
41	0
42	0
43	1
44	0
45	0
46	0
47	0
48	0
49	0
50	0
51	1
52	0
53	0
54	0
55	0
56	0
57	0
58	0
59	0
60	0
61	0
62	0
63	0
64	0
65	0
66	0
67	0
68	0
69	0
70	0
71	0
72	0
73	0
74	0
75	0
76	0
77	0
78	0
79	0
80	0
81	0
82	0
83	0
84	0
85	0
86	0
87	0
88	0
89	0
90	0
91	0
92	0
93	1
94	0
95	0
96	0
97	1
98	0
99	1
100	0
101	1
102	0
103	1
104	0
105	1
106	0
107	1
108	0
109	1
110	0
111	0
112	0
113	0
114	0
115	0
116	0
117	0
118	0
119	0
120	0
121	0
122	0
123	0
124	0
125	0
126	0
127	0
128	0
129	0
130	0
131	0
132	0
133	0
134	0
135	0
136	0
137	0
138	0
139	0
140	0
141	0
142	0
143	0
144	0
145	0
146	0
147	0
148	0
149	0
150	0
151	0
152	0
153	0
154	0
155	0
156	0
157	0
158	0
159	0
160	0
161	0
162	0
163	0
164	0
165	1
166	0
167	0
168	0
169	1
170	0
171	1
172	0
173	0
174	0
175	1
176	0
177	1
178	0
179	0
180	0
181	1
182	0
183	1
184	0
185	1
186	0
187	1
188	0
189	0
190	0
191	1
192	0
193	1
194	0
195	0
196	0
197	0
198	0
199	0
200	0
201	1
202	0
203	1
204	0
205	0
206	0
207	0
208	0
209	1
210	0
211	0
212	0
213	0
214	0
215	0
216	0
217	0
218	0
219	0
220	-1
221	0
222	0
223	0
224	0
225	0
226	0
227	0
228	0
229	0
230	0
231	0
232	0
233	1
234	0
235	0
236	0
237	0
238	0
239	0
240	0
241	0
242	0
243	0
244	0
245	1
246	0
247	0
248	0
249	1
250	0
251	0
252	1
253	1
254	0
255	1
256	0
257	1
258	0
259	1
260	0
261	2
262	0
263	1
264	0
265	0
266	0
267	0
268	0
269	0
270	0
271	1
272	0
273	0
274	0
275	0
276	0
277	0
278	0
279	0
280	0
281	0
282	0
283	0
284	0
285	1
286	0
287	1
288	0
289	2
290	0
291	2
292	0
293	2
294	0
295	1
296	0
297	2
298	0
299	1
300	0
301	2
302	0
303	2
304	0
305	1
306	0
307	0
308	0
309	0
310	0
311	0
312	0
313	1
314	0
315	0
316	0
317	0
318	0
319	0
320	0
321	0
322	-1
323	0
324	0
325	0
326	0
327	0
328	0
329	0
330	0
331	0
332	0
333	0
334	0
335	0
336	0
337	0
338	0
339	0
340	0
341	1
342	0
343	0
344	0
345	1
346	0
347	0
348	0
349	0
350	0
351	0
352	0
353	0
354	0
355	0
356	0
357	0
358	0
359	0
360	0
361	0
362	0
363	0
364	0
365	1
366	0
367	0
368	0
369	0
370	0
371	1
372	0
373	1
374	0
375	0
376	0
377	0
378	0
379	1
380	0
381	2
382	0
383	1
384	0
385	0
386	0
387	1
388	0
389	1
390	0
391	1
392	0
393	0
394	0
395	0
396	0
397	2
398	0
399	2
400	0
401	1
402	0
403	1
404	0
405	0
406	0
407	0
408	0
409	0
410	0
411	0
412	-1
413	0
414	0
415	0
416	-1
417	0
418	0
419	0
420	0
421	0
422	-1
423	0
424	0
425	1
426	0
427	2
428	0
429	1
430	0
431	1
432	0
433	0
434	0
435	2
436	0
437	1
438	0
439	0
440	0
441	0
442	0
443	0
444	0
445	1
446	0
447	1
448	0
449	3
450	0
451	3
452	2
453	5
454	4
455	5
456	5
457	8
458	7
459	10
460	11
461	12
462	11
463	16
464	15
465	17
466	17
467	21
468	20
469	25
470	24
471	30
472	28
473	32
474	32
475	37
476	37
477	40
478	42
479	45
480	45
481	50
482	50
483	52
484	52
485	56
486	56
487	61
488	60
489	64
490	62
491	67
492	65
493	68
494	67
495	69
496	69
497	70
498	71
499	78
500	62
501	73
502	67
503	71
504	69
505	69
506	68
507	69
508	66
509	68
510	64
511	64
512	62
513	63
514	61
515	59
516	58
517	58
518	55
519	56
520	51
521	53
522	48
523	50
524	45
525	46
526	40
527	43
528	38
529	40
530	35
531	37
532	33
533	34
534	30
535	30
536	27
537	28
538	26
539	26
540	19
541	24
542	17
543	20
544	15
545	15
546	13
547	14
548	12
549	12
550	8
551	10
552	6
553	9
554	5
555	6
556	3
557	5
558	2
559	2
560	0
561	2
562	0
563	2
564	0
565	0
566	-2
567	-1
568	-3
569	-2
570	-3
571	-3
572	-5
573	-4
574	-5
575	-4
576	-7
577	-4
578	-9
579	-6
580	-10
581	-8
582	-9
583	-9
584	-12
585	-9
586	-12
587	-9
588	-12
589	-10
590	-14
591	-10
592	-13
593	-10
594	-13
595	-10
596	-14
597	-9
598	-14
599	-11
600	-13
601	-11
602	-12
603	-10
604	-13
605	-11
606	-12
607	-10
608	-13
609	-9
610	-12
611	-9
612	-11
613	-10
614	-12
615	-9
616	-12
617	-9
618	-12
619	-8
620	-11
621	-9
622	-11
623	-9
624	-11
625	-8
626	-11
627	-8
628	-10
629	-8
630	-10
631	-6
632	-10
633	-6
634	-8
635	-5
636	-8
637	-5
638	-6
639	-3
640	-6
641	-4
642	-7
643	-4
644	-6
645	-2
646	-6
647	-4
648	-6
649	-4
650	-7
651	-2
652	-6
653	-1
654	-6
655	-1
656	-5
657	-2
658	-6
659	-1
660	-5
661	0
662	-4
663	0
664	-4
665	0
666	-4
667	0
668	-3
669	0
670	-2
671	0
672	-1
673	0
674	-3
675	1
676	-2
677	0
678	-1
679	0
680	-3
681	0
682	-1
683	1
684	-1
685	0
686	-1
687	0
688	0
689	0
690	-1
691	1
692	-1
693	0
694	-1
695	1
696	-1
697	0
698	-1
699	0
700	-1
701	1
702	-2
703	0
704	-1
705	0
706	0
707	0
708	-1
709	1
710	-1
711	0
712	0
713	0
714	-1
715	0
716	-1
717	0
718	0
719	0
720	-1
721	0
722	0
723	0
724	-3
725	0
726	-2
727	0
728	-1
729	0
730	0
731	0
732	0
733	0
734	-1
735	0
736	-1
737	0
738	0
739	0
740	0
741	0
742	0
743	0
744	-1
745	0
746	-1
747	0
748	-1
749	0
750	-1
751	-1
752	-1
753	0
754	-1
755	-1
756	-1
757	-1
758	-1
759	0
760	0
761	0
762	-1
763	0
764	-1
765	0
766	-1
767	0
768	-1
769	-1
770	-2
771	0
772	-2
773	-1
774	-2
775	-1
776	-3
777	-1
778	-3
779	-1
780	-3
781	-1
782	-3
783	-1
784	-2
785	-1
786	-1
787	-1
788	-1
789	0
790	-1
791	0
792	-1
793	0
794	-1
795	0
796	-2
797	0
798	0
799	0
800	-2
801	0
802	-1
803	0
804	-2
805	0
806	-1
807	0
808	-1
809	0
810	-1
811	0
812	0
813	0
814	-1
815	-1
816	-1
817	0
818	-1
819	0
820	-1
821	0
822	0
823	0
824	-1
825	-1
826	-1
827	0
828	-2
829	0
830	-1
831	0
832	-2
833	0
834	-1
835	0
836	-1
837	0
838	0
839	0
840	0
841	0
842	0
843	0
844	0
845	0
846	0
847	0
848	0
849	0
850	0
851	0
852	0
853	0
854	0
855	0
856	0
857	0
858	0
859	0
860	-1
861	0
862	0
863	0
864	-1
865	0
866	0
867	0
868	0
869	0
870	-1
871	0
872	0
873	0
874	0
875	0
876	-1
877	0
878	-1
879	0
880	-1
881	0
882	-1
883	0
884	-1
885	0
886	-1
887	0
888	0
889	0
890	0
891	0
892	-1
893	0
894	0
895	0
896	0
897	0
898	0
899	0
900	-1
901	0
902	-1
903	0
904	-1
905	0
906	-1
907	0
908	-1
909	0
910	-1
911	0
912	-1
913	0
914	-2
915	0
916	-1
917	0
918	-1
919	0
920	0
921	0
922	-2
923	0
924	0
925	0
926	0
927	0
928	0
929	0
930	-1
931	0
932	0
933	0
934	0
935	0
936	-1
937	0
938	0
939	1
940	0
941	1
942	0
943	0
944	0
945	1
946	0
947	0
948	0
949	1
950	0
951	1
952	0
953	0
954	0
955	0
956	0
957	0
958	0
959	0
960	0
961	0
962	0
963	0
964	-1
965	0
966	0
967	0
968	0
969	0
970	0
971	0
972	0
973	0
974	0
975	0
976	-1
977	0
978	0
979	0
980	-1
981	0
982	-1
983	0
984	0
985	0
986	0
987	0
988	0
989	0
990	0
991	0
992	0
993	0
994	0
995	1
996	0
997	0
998	0
999	0
1000	0
1001	0
1002	0
1003	0
1004	0
1005	1
1006	0
1007	0
1008	-1
1009	0
1010	-1
1011	0
1012	0
1013	0
1014	0
1015	0
1016	0
1017	0
1018	0
1019	0
1020	0
1021	0
1022	0
1023	0
1024	0
1025	1
1026	0
1027	0
1028	0
1029	0
1030	0
1031	0
1032	0
1033	0
1034	0
1035	1
1036	0
1037	0
1038	0
1039	0
1040	0
1041	0
1042	0
1043	0
1044	0
1045	0
1046	0
1047	0
1048	0
1049	0
1050	0
1051	0
1052	0
1053	0
1054	0
1055	0
1056	0
1057	0
1058	0
1059	0
1060	0
1061	0
1062	0
1063	0
1064	-1
1065	-1
1066	-1
1067	0
1068	0
1069	0
1070	-1
1071	0
1072	0
1073	0
1074	0
1075	0
1076	0
1077	0
1078	0
1079	0
1080	0
1081	1
1082	0
1083	0
1084	0
1085	0
1086	0
1087	0
1088	0
1089	0
1090	0
1091	1
1092	0
1093	2
1094	0
1095	1
1096	0
1097	0
1098	0
1099	1
1100	0
1101	1
1102	0
1103	1
1104	0
1105	1
1106	0
1107	1
1108	0
1109	1
1110	0
1111	2
1112	1
1113	2
1114	0
1115	2
1116	1
1117	2
1118	1
1119	2
1120	0
1121	1
1122	0
1123	1
1124	0
1125	2
1126	0
1127	1
1128	0
1129	1
1130	0
1131	1
1132	0
1133	1
1134	0
1135	1
1136	0
1137	1
1138	0
1139	1
1140	1
1141	1
1142	0
1143	1
1144	0
1145	1
1146	0
1147	1
1148	0
1149	1
1150	0
1151	1
1152	1
1153	1
1154	0
1155	1
1156	0
1157	0
1158	1
1159	0
1160	0
1161	0
1162	0
1163	1
1164	1
1165	1
1166	1
1167	1
1168	0
1169	1
1170	1
1171	1
1172	1
1173	2
1174	0
1175	1
1176	1
1177	2
1178	1
1179	2
1180	1
1181	2
1182	1
1183	2
1184	1
1185	2
1186	1
1187	2
1188	1
1189	2
1190	2
1191	1
1192	1
1193	2
1194	1
1195	1
1196	1
1197	2
1198	2
1199	3
1200	2
1201	3
1202	2
1203	4
1204	2
1205	3
1206	2
1207	2
1208	1
1209	1
1210	1
1211	2
1212	0
1213	2
1214	1
1215	1
1216	0
1217	1
1218	0
1219	1
1220	1
1221	1
1222	1
1223	1
1224	0
1225	1
1226	0
1227	1
1228	0
1229	1
1230	0
1231	1
1232	0
1233	1
1234	0
1235	0
1236	0
1237	0
1238	0
1239	1
1240	0
1241	0
1242	0
1243	1
1244	0
1245	0
1246	0
1247	0
1248	0
1249	0
1250	0
1251	0
1252	0
1253	0
1254	0
1255	0
1256	0
1257	0
1258	0
1259	0
1260	0
1261	0
1262	0
1263	0
1264	0
1265	0
1266	0
1267	0
1268	0
1269	0
1270	0
1271	0
1272	-1
1273	0
1274	0
1275	0
1276	0
1277	0
1278	-1
1279	0
1280	-1
1281	0
1282	-1
1283	0
1284	0
1285	0
1286	0
1287	0
1288	0
1289	0
1290	0
1291	0
1292	-1
1293	0
1294	-1
1295	0
1296	0
1297	0
1298	0
1299	0
1300	0
1301	0
1302	0
1303	0
1304	-1
1305	0
1306	0
1307	0
1308	-1
1309	0
1310	0
1311	0
1312	-1
1313	0
1314	-1
1315	0
1316	0
1317	0
1318	0
1319	1
1320	-1
1321	0
1322	0
1323	0
1324	0
1325	0
1326	0
1327	0
1328	0
1329	0
1330	0
1331	0
1332	0
1333	0
1334	0
1335	0
1336	0
1337	0
1338	0
1339	0
1340	-1
1341	0
1342	-1
1343	0
1344	-1
1345	0
1346	0
1347	0
1348	0
1349	0
1350	-1
1351	0
1352	-1
1353	0
1354	-1
1355	0
1356	0
1357	0
1358	0
1359	0
1360	0
1361	0
1362	0
1363	0
1364	0
1365	0
1366	0
1367	0
1368	0
1369	0
1370	0
1371	0
1372	0
1373	0
1374	0
1375	0
1376	0
1377	1
1378	0
1379	0
1380	0
1381	0
1382	0
1383	0
1384	-1
1385	0
1386	0
1387	0
1388	0
1389	0
1390	0
1391	0
1392	0
1393	0
1394	0
1395	0
1396	0
1397	0
1398	0
1399	0
1400	0
1401	0
1402	0
1403	0
1404	0
1405	0
1406	0
1407	0
1408	0
1409	0
1410	0
1411	0
1412	-1
1413	0
1414	0
1415	0
1416	0
1417	0
1418	0
1419	0
1420	0
1421	0
1422	0
1423	0
1424	0
1425	0
1426	0
1427	0
1428	0
1429	0
1430	-1
1431	0
1432	-1
1433	0
1434	-1
1435	0
1436	0
1437	0
1438	0
1439	1
1440	0
1441	0
1442	0
1443	0
1444	0
1445	0
1446	0
1447	0
1448	0
1449	0
1450	0
1451	0
1452	0
1453	0
1454	0
1455	0
1456	0
1457	0
1458	0
1459	0
1460	0
1461	0
1462	0
1463	0
1464	0
1465	0
1466	0
1467	0
1468	0
1469	0
1470	0
1471	0
1472	0
1473	0
1474	0
1475	0
1476	0
1477	0
1478	0
1479	0
1480	0
1481	0
1482	0
1483	0
1484	0
1485	0
1486	0
1487	0
1488	0
1489	0
1490	0
1491	0
1492	0
1493	0
1494	0
1495	1
1496	0
1497	0
1498	0
1499	0
1500	0
1501	0
1502	0
1503	0
1504	0
1505	0
1506	0
1507	0
1508	0
1509	0
1510	0
1511	0
1512	0
1513	0
1514	0
1515	0
1516	0
1517	0
1518	0
1519	0
1520	0
1521	0
1522	0
1523	0
1524	0
1525	0
1526	0
1527	0
1528	0
1529	0
1530	0
1531	0
1532	0
1533	0
1534	0
1535	0
1536	0
1537	0
1538	0
1539	0
1540	0
1541	0
1542	0
1543	0
1544	0
1545	0
1546	0
1547	0
1548	0
1549	0
1550	0
1551	0
1552	0
1553	0
1554	0
1555	0
1556	0
1557	0
1558	0
1559	1
1560	0
1561	0
1562	0
1563	0
1564	0
1565	0
1566	0
1567	0
1568	0
1569	0
1570	0
1571	0
1572	0
1573	0
1574	0
1575	0
1576	0
1577	0
1578	0
1579	0
1580	0
1581	0
1582	0
1583	0
1584	0
1585	0
1586	0
1587	0
1588	0
1589	0
1590	0
1591	0
1592	0
1593	0
1594	0
1595	1
1596	0
1597	0
1598	0
1599	0
1600	0
1601	0
1602	0
1603	0
1604	0
1605	0
1606	0
1607	0
1608	0
1609	0
1610	0
1611	0
1612	-1
1613	0
1614	-1
1615	0
1616	0
1617	0
1618	0
1619	0
1620	-1
1621	0
1622	0
1623	0
1624	0
1625	0
1626	0
1627	0
1628	0
1629	0
1630	0
1631	0
1632	0
1633	0
1634	0
1635	0
1636	0
1637	0
1638	0
1639	0
1640	0
1641	0
1642	0
1643	0
1644	0
1645	0
1646	0
1647	0
1648	0
1649	0
1650	0
1651	0
1652	0
1653	0
1654	0
1655	0
1656	0
1657	0
1658	0
1659	0
1660	0
1661	0
1662	0
1663	0
1664	0
1665	0
1666	0
1667	1
1668	0
1669	1
1670	0
1671	1
1672	0
1673	0
1674	0
1675	0
1676	0
1677	0
1678	0
1679	1
1680	0
1681	1
1682	0
1683	1
1684	0
1685	1
1686	1
1687	1
1688	1
1689	2
1690	1
1691	1
1692	0
1693	1
1694	0
1695	1
1696	0
1697	2
1698	0
1699	2
1700	1
1701	1
1702	0
1703	1
1704	0
1705	2
1706	0
1707	1
1708	1
1709	2
1710	1
1711	2
1712	0
1713	2
1714	1
1715	1
1716	0
1717	1
1718	0
1719	1
1720	0
1721	2
1722	0
1723	1
1724	0
1725	0
1726	0
1727	0
1728	0
1729	0
1730	0
1731	1
1732	0
1733	1
1734	0
1735	1
1736	0
1737	0
1738	0
1739	1
1740	0
1741	2
1742	1
1743	2
1744	0
1745	1
1746	0
1747	1
1748	0
1749	1
1750	0
1751	1
1752	0
1753	0
1754	0
1755	0
1756	0
1757	0
1758	0
1759	0
1760	0
1761	0
1762	0
1763	0
1764	0
1765	0
1766	0
1767	0
1768	0
1769	0
1770	0
1771	0
1772	0
1773	0
1774	0
1775	0
1776	0
1777	-1
1778	-1
1779	0
1780	0
1781	0
1782	-1
1783	0
1784	-1
1785	0
1786	0
1787	0
1788	0
1789	0
1790	0
1791	0
1792	0
1793	0
1794	0
1795	0
1796	0
1797	0
1798	-2
1799	0
1800	-1
1801	0
1802	-1
1803	0
1804	0
1805	0
1806	-1
1807	0
1808	-1
1809	0
1810	-1
1811	0
1812	0
1813	0
1814	0
1815	0
1816	0
1817	-1
1818	-1
1819	-1
1820	-1
1821	0
1822	-1
1823	0
1824	0
1825	0
1826	-1
1827	0
1828	0
1829	0
1830	0
1831	0
1832	0
1833	0
1834	0
1835	0
1836	0
1837	1
1838	0
1839	0
1840	0
1841	0
1842	0
1843	1
1844	0
1845	0
1846	0
1847	1
1848	0
1849	0
1850	0
1851	0
1852	0
1853	0
1854	0
1855	0
1856	0
1857	0
1858	0
1859	0
1860	0
1861	0
1862	0
1863	0
1864	0
1865	0
1866	0
1867	0
1868	-1
1869	0
1870	0
1871	0
1872	0
1873	0
1874	0
1875	0
1876	0
1877	0
1878	0
1879	0
1880	-1
1881	0
1882	0
1883	0
1884	0
1885	0
1886	0
1887	0
1888	0
1889	0
1890	0
1891	0
1892	0
1893	0
1894	0
1895	0
1896	0
1897	0
1898	-1
1899	0
1900	-1
1901	0
1902	-1
1903	0
1904	0
1905	0
1906	0
1907	0
1908	-1
1909	0
1910	-1
1911	0
1912	0
1913	0
1914	0
1915	0
1916	-1
1917	0
1918	0
1919	0
1920	0
1921	0
1922	0
1923	1
1924	0
1925	0
1926	0
1927	1
1928	0
1929	0
1930	0
1931	1
1932	0
1933	1
1934	0
1935	0
1936	0
1937	1
1938	0
1939	1
1940	0
1941	1
1942	0
1943	0
1944	0
1945	0
1946	0
1947	1
1948	0
1949	0
1950	0
1951	0
1952	-1
1953	0
1954	0
1955	0
1956	0
1957	0
1958	0
1959	0
1960	0
1961	0
1962	0
1963	0
1964	0
1965	0
1966	0
1967	0
1968	0
1969	0
1970	0
1971	0
1972	0
1973	0
1974	0
1975	1
1976	0
1977	0
1978	0
1979	0
1980	0
1981	0
1982	-1
1983	0
1984	0
1985	0
1986	0
1987	0
1988	0
1989	0
1990	-1
1991	-1
1992	0
1993	0
1994	0
1995	0
1996	0
1997	0
1998	-1
1999	0
