0	0
1	1
2	0
3	1
4	0
5	1
6	0
7	0
8	0
9	0
10	0
11	1
12	0
13	0
14	0
15	0
16	0
17	1
18	0
19	2
20	0
21	2
22	0
23	1
24	0
25	1
26	0
27	0
28	0
29	1
30	0
31	1
32	0
33	0
34	0
35	0
36	0
37	0
38	0
39	0
40	0
41	0
42	-1
43	0
44	-1
45	0
46	0
47	0
48	-1
49	0
50	0
51	0
52	0
53	0
54	0
55	0
56	0
57	0
58	0
59	1
60	0
61	1
62	0
63	1
64	1
65	2
66	0
67	2
68	0
69	1
70	1
71	2
72	1
73	2
74	0
75	3
76	0
77	1
78	1
79	0
80	1
81	0
82	0
83	0
84	0
85	0
86	0
87	0
88	0
89	0
90	0
91	1
92	0
93	0
94	0
95	1
96	0
97	0
98	0
99	0
100	0
101	1
102	0
103	0
104	0
105	0
106	0
107	0
108	0
109	0
110	0
111	0
112	0
113	0
114	0
115	1
116	0
117	0
118	0
119	1
120	0
121	1
122	0
123	1
124	0
125	0
126	0
127	1
128	0
129	1
130	0
131	0
132	0
133	0
134	0
135	1
136	0
137	0
138	0
139	0
140	0
141	0
142	0
143	0
144	0
145	0
146	0
147	0
148	0
149	0
150	0
151	0
152	-1
153	0
154	0
155	0
156	0
157	0
158	0
159	1
160	0
161	1
162	0
163	1
164	0
165	1
166	0
167	2
168	0
169	2
170	0
171	2
172	1
173	2
174	1
175	1
176	1
177	2
178	1
179	3
180	1
181	3
182	1
183	3
184	1
185	2
186	1
187	1
188	1
189	1
190	0
191	2
192	0
193	2
194	1
195	2
196	0
197	1
198	0
199	1
200	0
201	1
202	0
203	1
204	0
205	0
206	0
207	0
208	0
209	0
210	-1
211	0
212	0
213	0
214	0
215	0
216	-1
217	0
218	0
219	0
220	0
221	0
222	0
223	1
224	-1
225	0
226	-1
227	1
228	-1
229	0
230	-1
231	0
232	0
233	0
234	-1
235	0
236	-1
237	0
238	-1
239	0
240	-1
241	1
242	-1
243	1
244	0
245	0
246	-1
247	0
248	0
249	0
250	0
251	1
252	0
253	0
254	0
255	0
256	0
257	1
258	0
259	1
260	0
261	1
262	0
263	1
264	0
265	1
266	0
267	1
268	0
269	2
270	1
271	2
272	0
273	3
274	2
275	3
276	0
277	2
278	0
279	2
280	1
281	2
282	0
283	2
284	0
285	2
286	1
287	2
288	0
289	1
290	0
291	1
292	0
293	1
294	0
295	2
296	0
297	1
298	0
299	1
300	0
301	0
302	0
303	0
304	0
305	0
306	0
307	1
308	0
309	0
310	0
311	0
312	0
313	0
314	0
315	0
316	0
317	1
318	0
319	0
320	0
321	1
322	0
323	2
324	0
325	1
326	0
327	2
328	0
329	1
330	0
331	1
332	0
333	0
334	0
335	0
336	0
337	0
338	-1
339	0
340	-1
341	0
342	-1
343	0
344	-1
345	0
346	0
347	0
348	0
349	0
350	0
351	0
352	0
353	0
354	0
355	0
356	0
357	0
358	0
359	1
360	0
361	1
362	0
363	0
364	0
365	0
366	0
367	2
368	0
369	1
370	0
371	1
372	0
373	2
374	0
375	1
376	0
377	1
378	0
379	1
380	0
381	2
382	0
383	0
384	0
385	0
386	0
387	0
388	0
389	0
390	-1
391	0
392	0
393	0
394	0
395	0
396	-1
397	0
398	0
399	0
400	0
401	1
402	0
403	1
404	0
405	1
406	0
407	2
408	0
409	1
410	0
411	0
412	-1
413	0
414	0
415	1
416	0
417	1
418	0
419	0
420	0
421	0
422	0
423	0
424	0
425	0
426	0
427	0
428	0
429	0
430	-1
431	0
432	-1
433	0
434	0
435	1
436	0
437	1
438	0
439	1
440	1
441	3
442	4
443	7
444	8
445	12
446	11
447	17
448	17
449	22
450	23
451	27
452	30
453	36
454	38
455	43
456	45
457	51
458	54
459	59
460	61
461	66
462	67
463	73
464	75
465	79
466	81
467	86
468	85
469	90
470	90
471	96
472	95
473	99
474	98
475	101
476	100
477	103
478	102
479	103
480	103
481	102
482	102
483	102
484	100
485	101
486	98
487	98
488	94
489	94
490	90
491	90
492	86
493	85
494	83
495	81
496	78
497	77
498	76
499	78
500	62
501	66
502	63
503	62
504	58
505	55
506	51
507	51
508	46
509	46
510	41
511	40
512	37
513	34
514	33
515	30
516	26
517	26
518	22
519	22
520	17
521	16
522	12
523	12
524	10
525	9
526	5
527	5
528	1
529	0
530	-1
531	-1
532	-4
533	-4
534	-6
535	-6
536	-7
537	-8
538	-11
539	-12
540	-14
541	-13
542	-17
543	-16
544	-18
545	-18
546	-20
547	-20
548	-21
549	-21
550	-22
551	-22
552	-23
553	-22
554	-23
555	-24
556	-25
557	-24
558	-26
559	-25
560	-26
561	-25
562	-27
563	-27
564	-27
565	-26
566	-27
567	-25
568	-28
569	-26
570	-26
571	-26
572	-27
573	-26
574	-26
575	-25
576	-26
577	-24
578	-24
579	-23
580	-25
581	-22
582	-24
583	-22
584	-24
585	-21
586	-23
587	-20
588	-21
589	-20
590	-22
591	-18
592	-21
593	-18
594	-20
595	-18
596	-18
597	-17
598	-18
599	-17
600	-19
601	-17
602	-19
603	-16
604	-18
605	-16
606	-18
607	-16
608	-17
609	-16
610	-16
611	-16
612	-16
613	-15
614	-16
615	-16
616	-16
617	-15
618	-16
619	-14
620	-15
621	-13
622	-15
623	-13
624	-14
625	-13
626	-12
627	-10
628	-12
629	-9
630	-10
631	-9
632	-10
633	-9
634	-11
635	-8
636	-10
637	-8
638	-9
639	-7
640	-8
641	-7
642	-7
643	-6
644	-7
645	-5
646	-5
647	-7
648	-6
649	-5
650	-6
651	-4
652	-5
653	-4
654	-5
655	-3
656	-5
657	-2
658	-4
659	-3
660	-4
661	-1
662	-4
663	-1
664	-3
665	-1
666	-1
667	-1
668	-1
669	0
670	-1
671	0
672	-1
673	0
674	0
675	0
676	-1
677	0
678	0
679	0
680	0
681	0
682	0
683	0
684	0
685	0
686	0
687	0
688	0
689	0
690	-1
691	1
692	0
693	0
694	-1
695	0
696	0
697	0
698	0
699	0
700	0
701	0
702	0
703	0
704	0
705	0
706	0
707	0
708	0
709	1
710	0
711	1
712	0
713	2
714	0
715	1
716	0
717	2
718	1
719	1
720	2
721	2
722	1
723	2
724	2
725	3
726	2
727	3
728	1
729	3
730	2
731	3
732	1
733	3
734	1
735	3
736	1
737	3
738	1
739	3
740	1
741	3
742	1
743	3
744	2
745	3
746	1
747	3
748	0
749	3
750	1
751	2
752	2
753	3
754	2
755	2
756	1
757	2
758	2
759	1
760	1
761	3
762	2
763	3
764	2
765	2
766	3
767	4
768	2
769	3
770	2
771	3
772	2
773	3
774	2
775	3
776	2
777	3
778	2
779	2
780	2
781	2
782	1
783	1
784	1
785	2
786	1
787	1
788	0
789	1
790	0
791	1
792	1
793	0
794	0
795	1
796	0
797	0
798	0
799	0
800	0
801	0
802	0
803	0
804	0
805	0
806	0
807	0
808	0
809	0
810	0
811	0
812	-1
813	0
814	-1
815	0
816	-1
817	0
818	-1
819	0
820	-1
821	0
822	-1
823	0
824	-1
825	0
826	-1
827	0
828	-1
829	0
830	-1
831	0
832	-1
833	-1
834	0
835	0
836	0
837	-1
838	-1
839	0
840	0
841	0
842	-1
843	0
844	0
845	0
846	-1
847	0
848	-2
849	0
850	-1
851	0
852	-1
853	0
854	-1
855	0
856	-1
857	0
858	0
859	0
860	0
861	0
862	-1
863	0
864	0
865	0
866	0
867	0
868	0
869	0
870	-1
871	0
872	0
873	0
874	0
875	0
876	0
877	0
878	0
879	0
880	0
881	0
882	0
883	0
884	0
885	0
886	0
887	0
888	0
889	0
890	0
891	0
892	-1
893	-1
894	-1
895	-1
896	0
897	0
898	-1
899	0
900	0
901	0
902	0
903	0
904	0
905	0
906	-1
907	0
908	0
909	0
910	0
911	0
912	0
913	0
914	0
915	0
916	-1
917	1
918	-1
919	0
920	0
921	0
922	0
923	0
924	0
925	1
926	0
927	1
928	0
929	0
930	1
931	1
932	0
933	0
934	0
935	1
936	0
937	0
938	0
939	0
940	0
941	1
942	-1
943	0
944	-1
945	0
946	0
947	0
948	0
949	0
950	-1
951	0
952	0
953	0
954	0
955	0
956	0
957	0
958	0
959	0
960	-1
961	0
962	-1
963	0
964	-1
965	0
966	-1
967	0
968	-1
969	0
970	0
971	0
972	0
973	0
974	0
975	0
976	0
977	0
978	0
979	0
980	0
981	1
982	0
983	0
984	0
985	0
986	0
987	0
988	0
989	0
990	0
991	0
992	0
993	0
994	0
995	0
996	-1
997	0
998	-1
999	0
1000	-1
1001	0
1002	0
1003	-1
1004	0
1005	0
1006	-1
1007	0
1008	-1
1009	0
1010	-1
1011	0
1012	0
1013	0
1014	0
1015	1
1016	0
1017	0
1018	0
1019	2
1020	1
1021	1
1022	2
1023	0
1024	0
1025	0
1026	0
1027	1
1028	0
1029	2
1030	0
1031	2
1032	1
1033	2
1034	0
1035	1
1036	0
1037	2
1038	0
1039	2
1040	0
1041	2
1042	1
1043	2
1044	0
1045	1
1046	0
1047	0
1048	1
1049	1
1050	0
1051	1
1052	0
1053	1
1054	0
1055	0
1056	0
1057	0
1058	-1
1059	0
1060	0
1061	0
1062	-1
1063	0
1064	0
1065	0
1066	-1
1067	0
1068	0
1069	0
1070	-1
1071	0
1072	-1
1073	0
1074	-2
1075	0
1076	0
1077	0
1078	0
1079	0
1080	0
1081	0
1082	0
1083	0
1084	-1
1085	0
1086	-1
1087	0
1088	-1
1089	0
1090	0
1091	0
1092	0
1093	0
1094	-1
1095	0
1096	-1
1097	0
1098	-1
1099	-1
1100	-1
1101	-1
1102	-1
1103	-2
1104	0
1105	-2
1106	0
1107	-1
1108	-1
1109	0
1110	0
1111	0
1112	0
1113	0
1114	0
1115	0
1116	0
1117	0
1118	0
1119	0
1120	0
1121	0
1122	0
1123	0
1124	0
1125	0
1126	0
1127	0
1128	0
1129	0
1130	0
1131	0
1132	0
1133	1
1134	0
1135	0
1136	0
1137	1
1138	0
1139	1
1140	0
1141	1
1142	1
1143	1
1144	0
1145	0
1146	0
1147	1
1148	0
1149	1
1150	0
1151	0
1152	0
1153	1
1154	0
1155	1
1156	0
1157	0
1158	0
1159	0
1160	0
1161	0
1162	0
1163	0
1164	0
1165	0
1166	1
1167	0
1168	0
1169	0
1170	0
1171	0
1172	0
1173	0
1174	0
1175	0
1176	0
1177	0
1178	0
1179	0
1180	0
1181	0
1182	-1
1183	0
1184	0
1185	0
1186	0
1187	0
1188	0
1189	0
1190	0
1191	0
1192	0
1193	0
1194	0
1195	0
1196	0
1197	0
1198	0
1199	0
1200	0
1201	0
1202	0
1203	1
1204	0
1205	2
1206	1
1207	2
1208	1
1209	2
1210	2
1211	1
1212	2
1213	2
1214	2
1215	2
1216	2
1217	3
1218	1
1219	3
1220	2
1221	2
1222	1
1223	2
1224	0
1225	3
1226	0
1227	2
1228	1
1229	2
1230	1
1231	1
1232	1
1233	1
1234	1
1235	1
1236	0
1237	1
1238	0
1239	1
1240	0
1241	0
1242	0
1243	1
1244	1
1245	1
1246	0
1247	0
1248	0
1249	0
1250	0
1251	1
1252	1
1253	1
1254	0
1255	0
1256	0
1257	1
1258	0
1259	1
1260	0
1261	0
1262	0
1263	0
1264	0
1265	0
1266	0
1267	0
1268	0
1269	0
1270	0
1271	0
1272	0
1273	0
1274	-1
1275	0
1276	0
1277	0
1278	0
1279	0
1280	-1
1281	0
1282	-1
1283	0
1284	-1
1285	0
1286	0
1287	0
1288	0
1289	0
1290	0
1291	0
1292	0
1293	0
1294	0
1295	0
1296	0
1297	0
1298	0
1299	0
1300	0
1301	0
1302	0
1303	0
1304	-1
1305	0
1306	0
1307	0
1308	0
1309	0
1310	0
1311	0
1312	0
1313	0
1314	0
1315	0
1316	0
1317	0
1318	0
1319	0
1320	0
1321	0
1322	0
1323	0
1324	0
1325	0
1326	0
1327	1
1328	0
1329	0
1330	0
1331	1
1332	0
1333	0
1334	0
1335	1
1336	0
1337	1
1338	0
1339	0
1340	0
1341	0
1342	0
1343	1
1344	0
1345	0
1346	0
1347	0
1348	0
1349	0
1350	1
1351	0
1352	0
1353	0
1354	0
1355	0
1356	0
1357	0
1358	0
1359	0
1360	0
1361	0
1362	0
1363	0
1364	0
1365	0
1366	0
1367	0
1368	0
1369	0
1370	0
1371	0
1372	0
1373	0
1374	0
1375	1
1376	0
1377	1
1378	0
1379	1
1380	0
1381	1
1382	0
1383	0
1384	0
1385	1
1386	1
1387	1
1388	0
1389	1
1390	0
1391	2
1392	1
1393	2
1394	1
1395	2
1396	1
1397	2
1398	2
1399	3
1400	1
1401	2
1402	2
1403	1
1404	2
1405	1
1406	2
1407	2
1408	1
1409	2
1410	1
1411	2
1412	1
1413	3
1414	2
1415	2
1416	1
1417	2
1418	1
1419	1
1420	1
1421	1
1422	0
1423	0
1424	0
1425	0
1426	0
1427	0
1428	0
1429	0
1430	0
1431	0
1432	0
1433	0
1434	0
1435	0
1436	0
1437	0
1438	0
1439	-1
1440	0
1441	0
1442	0
1443	0
1444	-1
1445	0
1446	0
1447	0
1448	0
1449	0
1450	-1
1451	0
1452	0
1453	-1
1454	0
1455	-1
1456	0
1457	0
1458	0
1459	0
1460	0
1461	0
1462	0
1463	0
1464	0
1465	1
1466	0
1467	1
1468	0
1469	0
1470	0
1471	0
1472	0
1473	2
1474	1
1475	1
1476	0
1477	2
1478	1
1479	1
1480	0
1481	2
1482	0
1483	2
1484	0
1485	1
1486	0
1487	1
1488	0
1489	1
1490	1
1491	1
1492	1
1493	2
1494	1
1495	2
1496	0
1497	1
1498	1
1499	2
1500	1
1501	1
1502	1
1503	2
1504	1
1505	2
1506	1
1507	1
1508	1
1509	1
1510	1
1511	2
1512	0
1513	1
1514	1
1515	2
1516	0
1517	1
1518	0
1519	0
1520	0
1521	1
1522	0
1523	0
1524	0
1525	0
1526	0
1527	0
1528	0
1529	0
1530	0
1531	0
1532	0
1533	0
1534	-1
1535	0
1536	0
1537	0
1538	-1
1539	0
1540	-1
1541	0
1542	0
1543	0
1544	-1
1545	0
1546	-1
1547	0
1548	-1
1549	0
1550	-1
1551	0
1552	-1
1553	0
1554	-1
1555	-1
1556	-1
1557	0
1558	-1
1559	0
1560	0
1561	0
1562	-1
1563	0
1564	0
1565	0
1566	0
1567	0
1568	-1
1569	0
1570	0
1571	0
1572	-1
1573	0
1574	0
1575	0
1576	-1
1577	-1
1578	0
1579	0
1580	-1
1581	0
1582	-1
1583	0
1584	-1
1585	0
1586	0
1587	0
1588	0
1589	0
1590	0
1591	-1
1592	0
1593	0
1594	-1
1595	0
1596	0
1597	0
1598	-1
1599	0
1600	-1
1601	0
1602	0
1603	0
1604	0
1605	0
1606	0
1607	1
1608	1
1609	1
1610	1
1611	1
1612	0
1613	1
1614	0
1615	1
1616	0
1617	0
1618	0
1619	1
1620	1
1621	1
1622	1
1623	1
1624	1
1625	1
1626	1
1627	2
1628	1
1629	2
1630	1
1631	1
1632	1
1633	2
1634	2
1635	1
1636	1
1637	2
1638	1
1639	2
1640	1
1641	1
1642	1
1643	2
1644	1
1645	2
1646	1
1647	2
1648	1
1649	2
1650	1
1651	2
1652	1
1653	2
1654	1
1655	1
1656	1
1657	0
1658	0
1659	1
1660	0
1661	0
1662	0
1663	0
1664	0
1665	0
1666	0
1667	1
1668	0
1669	0
1670	0
1671	0
1672	-1
1673	0
1674	-1
1675	0
1676	0
1677	0
1678	-1
1679	0
1680	-1
1681	0
1682	0
1683	0
1684	-1
1685	0
1686	-1
1687	0
1688	-1
1689	0
1690	-1
1691	0
1692	0
1693	0
1694	-1
1695	0
1696	-1
1697	0
1698	0
1699	1
1700	0
1701	1
1702	0
1703	2
1704	0
1705	0
1706	0
1707	1
1708	0
1709	2
1710	1
1711	2
1712	1
1713	2
1714	1
1715	1
1716	1
1717	2
1718	1
1719	1
1720	1
1721	3
1722	1
1723	1
1724	0
1725	2
1726	0
1727	1
1728	1
1729	2
1730	1
1731	1
1732	1
1733	0
1734	1
1735	1
1736	0
1737	0
1738	0
1739	0
1740	0
1741	0
1742	0
1743	1
1744	0
1745	1
1746	0
1747	0
1748	0
1749	0
1750	0
1751	0
1752	0
1753	0
1754	0
1755	0
1756	0
1757	0
1758	0
1759	0
1760	0
1761	0
1762	0
1763	0
1764	0
1765	1
1766	0
1767	0
1768	-1
1769	0
1770	0
1771	0
1772	0
1773	0
1774	0
1775	0
1776	0
1777	1
1778	0
1779	1
1780	0
1781	1
1782	0
1783	1
1784	0
1785	2
1786	0
1787	1
1788	0
1789	1
1790	1
1791	1
1792	0
1793	2
1794	1
1795	2
1796	0
1797	1
1798	0
1799	2
1800	0
1801	2
1802	0
1803	2
1804	0
1805	1
1806	0
1807	1
1808	0
1809	1
1810	0
1811	0
1812	0
1813	0
1814	0
1815	0
1816	0
1817	1
1818	0
1819	0
1820	0
1821	1
1822	0
1823	0
1824	-1
1825	0
1826	0
1827	1
1828	0
1829	1
1830	0
1831	1
1832	0
1833	0
1834	0
1835	0
1836	0
1837	0
1838	0
1839	0
1840	0
1841	0
1842	0
1843	0
1844	0
1845	0
1846	0
1847	0
1848	0
1849	0
1850	0
1851	0
1852	0
1853	0
1854	-1
1855	0
1856	0
1857	0
1858	-1
1859	0
1860	0
1861	0
1862	-1
1863	-1
1864	-1
1865	0
1866	-1
1867	0
1868	-1
1869	-1
1870	-2
1871	0
1872	0
1873	0
1874	-2
1875	0
1876	-1
1877	0
1878	-1
1879	0
1880	0
1881	0
1882	-1
1883	0
1884	-2
1885	0
1886	-1
1887	0
1888	0
1889	0
1890	0
1891	0
1892	0
1893	0
1894	0
1895	0
1896	0
1897	0
1898	0
1899	0
1900	0
1901	0
1902	0
1903	0
1904	0
1905	0
1906	-1
1907	0
1908	-1
1909	0
1910	-1
1911	0
1912	0
1913	0
1914	0
1915	0
1916	-1
1917	0
1918	0
1919	0
1920	0
1921	0
1922	0
1923	0
1924	0
1925	0
1926	0
1927	0
1928	0
1929	0
1930	0
1931	0
1932	0
1933	0
1934	0
1935	0
1936	0
1937	0
1938	0
1939	0
1940	0
1941	0
1942	0
1943	0
1944	0
1945	0
1946	0
1947	0
1948	0
1949	0
1950	0
1951	0
1952	0
1953	0
1954	0
1955	0
1956	0
1957	0
1958	0
1959	0
1960	0
1961	0
1962	0
1963	0
1964	0
1965	0
1966	0
1967	0
1968	-1
1969	0
1970	0
1971	0
1972	-1
1973	0
1974	-1
1975	0
1976	-1
1977	0
1978	0
1979	0
1980	0
1981	0
1982	0
1983	0
1984	0
1985	0
1986	0
1987	0
1988	0
1989	0
1990	0
1991	0
1992	0
1993	0
1994	0
1995	0
1996	0
1997	0
1998	0
1999	0
