0	0
1	1
2	0
3	0
4	0
5	0
6	0
7	0
8	0
9	0
10	-1
11	0
12	0
13	0
14	0
15	0
16	0
17	0
18	-1
19	0
20	0
21	0
22	-1
23	0
24	0
25	0
26	0
27	0
28	0
29	0
30	0
31	0
32	0
33	0
34	0
35	0
36	0
37	1
38	0
39	1
40	1
41	2
42	0
43	2
44	1
45	1
46	0
47	0
48	0
49	0
50	0
51	0
52	0
53	0
54	0
55	0
56	0
57	0
58	0
59	0
60	0
61	0
62	0
63	0
64	0
65	0
66	0
67	1
68	0
69	1
70	0
71	1
72	0
73	1
74	1
75	1
76	0
77	1
78	0
79	0
80	0
81	0
82	0
83	0
84	0
85	0
86	0
87	1
88	0
89	1
90	0
91	0
92	0
93	1
94	0
95	0
96	0
97	1
98	0
99	1
100	0
101	0
102	0
103	0
104	0
105	1
106	0
107	1
108	0
109	0
110	0
111	1
112	0
113	2
114	1
115	1
116	1
117	0
118	0
119	2
120	0
121	0
122	0
123	0
124	0
125	0
126	0
127	0
128	0
129	1
130	0
131	0
132	0
133	0
134	-1
135	0
136	0
137	0
138	0
139	0
140	0
141	1
142	0
143	0
144	0
145	0
146	0
147	0
148	0
149	0
150	0
151	0
152	0
153	0
154	-1
155	0
156	0
157	0
158	0
159	1
160	0
161	0
162	0
163	0
164	-1
165	0
166	-1
167	0
168	0
169	0
170	0
171	0
172	-1
173	-1
174	-1
175	0
176	0
177	0
178	0
179	0
180	0
181	0
182	0
183	1
184	0
185	0
186	1
187	0
188	0
189	0
190	0
191	2
192	1
193	2
194	0
195	3
196	0
197	2
198	0
199	3
200	1
201	2
202	1
203	2
204	0
205	1
206	0
207	1
208	1
209	1
210	0
211	0
212	0
213	1
214	1
215	0
216	0
217	0
218	0
219	0
220	0
221	0
222	0
223	0
224	0
225	0
226	-1
227	0
228	0
229	0
230	0
231	0
232	0
233	0
234	0
235	0
236	0
237	0
238	0
239	0
240	0
241	0
242	0
243	0
244	0
245	0
246	0
247	0
248	0
249	0
250	0
251	0
252	0
253	0
254	0
255	0
256	0
257	0
258	0
259	0
260	0
261	0
262	0
263	1
264	1
265	0
266	0
267	0
268	0
269	0
270	0
271	1
272	-1
273	0
274	0
275	0
276	0
277	0
278	0
279	0
280	0
281	0
282	0
283	0
284	0
285	0
286	0
287	0
288	0
289	0
290	0
291	0
292	0
293	0
294	0
295	1
296	0
297	0
298	0
299	0
300	0
301	0
302	0
303	1
304	0
305	0
306	0
307	0
308	0
309	0
310	0
311	0
312	0
313	0
314	0
315	0
316	0
317	0
318	0
319	0
320	0
321	1
322	0
323	1
324	0
325	1
326	0
327	0
328	1
329	1
330	1
331	0
332	0
333	2
334	0
335	1
336	0
337	2
338	1
339	0
340	1
341	1
342	1
343	1
344	0
345	1
346	0
347	0
348	0
349	0
350	0
351	1
352	0
353	0
354	0
355	0
356	0
357	0
358	0
359	0
360	1
361	0
362	1
363	1
364	0
365	0
366	0
367	1
368	1
369	1
370	0
371	0
372	0
373	0
374	0
375	0
376	0
377	1
378	0
379	1
380	0
381	1
382	1
383	1
384	0
385	0
386	0
387	1
388	0
389	1
390	0
391	0
392	0
393	0
394	0
395	0
396	0
397	0
398	0
399	0
400	0
401	0
402	-1
403	0
404	0
405	0
406	0
407	0
408	0
409	0
410	0
411	0
412	0
413	0
414	0
415	1
416	0
417	1
418	1
419	0
420	0
421	1
422	0
423	1
424	0
425	1
426	1
427	3
428	1
429	1
430	1
431	2
432	1
433	3
434	1
435	5
436	5
437	8
438	11
439	14
440	18
441	22
442	24
443	30
444	33
445	39
446	42
447	50
448	54
449	60
450	63
451	70
452	74
453	81
454	85
455	91
456	95
457	102
458	106
459	112
460	116
461	120
462	125
463	130
464	133
465	139
466	142
467	145
468	149
469	151
470	153
471	157
472	156
473	160
474	157
475	159
476	157
477	159
478	155
479	155
480	153
481	151
482	146
483	143
484	139
485	137
486	132
487	129
488	124
489	121
490	116
491	112
492	107
493	101
494	97
495	93
496	86
497	81
498	78
499	78
500	62
501	64
502	58
503	53
504	49
505	47
506	39
507	34
508	32
509	26
510	21
511	19
512	14
513	10
514	7
515	3
516	-2
517	-4
518	-8
519	-9
520	-13
521	-17
522	-20
523	-21
524	-24
525	-27
526	-29
527	-32
528	-33
529	-34
530	-38
531	-40
532	-41
533	-42
534	-43
535	-45
536	-46
537	-47
538	-47
539	-48
540	-50
541	-50
542	-51
543	-50
544	-53
545	-53
546	-55
547	-53
548	-55
549	-54
550	-56
551	-55
552	-55
553	-55
554	-55
555	-56
556	-56
557	-55
558	-55
559	-53
560	-54
561	-53
562	-53
563	-52
564	-53
565	-52
566	-53
567	-51
568	-52
569	-51
570	-51
571	-49
572	-50
573	-48
574	-48
575	-47
576	-47
577	-47
578	-48
579	-45
580	-46
581	-44
582	-45
583	-44
584	-45
585	-43
586	-45
587	-43
588	-44
589	-42
590	-42
591	-40
592	-41
593	-39
594	-40
595	-38
596	-39
597	-35
598	-37
599	-34
600	-34
601	-34
602	-34
603	-33
604	-32
605	-32
606	-31
607	-31
608	-30
609	-29
610	-28
611	-28
612	-29
613	-27
614	-27
615	-27
616	-26
617	-25
618	-25
619	-22
620	-23
621	-22
622	-21
623	-20
624	-20
625	-19
626	-18
627	-18
628	-17
629	-16
630	-16
631	-16
632	-16
633	-15
634	-15
635	-16
636	-15
637	-15
638	-15
639	-14
640	-15
641	-13
642	-13
643	-14
644	-14
645	-13
646	-14
647	-12
648	-14
649	-12
650	-14
651	-11
652	-11
653	-10
654	-11
655	-10
656	-10
657	-9
658	-8
659	-8
660	-10
661	-7
662	-8
663	-5
664	-7
665	-5
666	-6
667	-4
668	-6
669	-5
670	-5
671	-4
672	-6
673	-4
674	-4
675	-3
676	-3
677	-3
678	-3
679	-3
680	-3
681	-2
682	-3
683	0
684	-1
685	-2
686	-3
687	-1
688	-2
689	-1
690	-2
691	0
692	-3
693	-1
694	-2
695	-1
696	-2
697	-1
698	-2
699	0
700	-2
701	-1
702	-1
703	0
704	-1
705	-1
706	-1
707	0
708	-2
709	0
710	-1
711	0
712	-1
713	0
714	0
715	0
716	0
717	0
718	0
719	0
720	-1
721	0
722	0
723	0
724	0
725	0
726	0
727	0
728	0
729	0
730	0
731	0
732	-2
733	0
734	0
735	0
736	0
737	0
738	-1
739	0
740	0
741	0
742	-1
743	-1
744	-1
745	-1
746	-2
747	-1
748	-2
749	-3
750	-1
751	-2
752	-2
753	-3
754	-2
755	-1
756	-2
757	-2
758	-2
759	-2
760	-2
761	-2
762	-1
763	-1
764	0
765	0
766	-2
767	0
768	0
769	0
770	0
771	-1
772	0
773	0
774	-1
775	-1
776	-1
777	0
778	0
779	0
780	0
781	0
782	-1
783	0
784	0
785	0
786	-1
787	0
788	0
789	0
790	0
791	0
792	0
793	0
794	0
795	0
796	0
797	0
798	0
799	0
800	0
801	0
802	0
803	0
804	0
805	0
806	0
807	0
808	-1
809	0
810	0
811	0
812	0
813	0
814	0
815	0
816	0
817	0
818	0
819	0
820	0
821	0
822	0
823	1
824	1
825	0
826	0
827	0
828	0
829	0
830	0
831	1
832	0
833	0
834	0
835	0
836	0
837	0
838	0
839	0
840	0
841	1
842	0
843	0
844	0
845	0
846	0
847	0
848	0
849	0
850	-2
851	0
852	-1
853	0
854	0
855	0
856	0
857	0
858	0
859	0
860	0
861	0
862	0
863	0
864	0
865	0
866	0
867	-1
868	0
869	0
870	0
871	0
872	0
873	0
874	0
875	0
876	0
877	0
878	-1
879	0
880	0
881	0
882	-1
883	0
884	0
885	0
886	0
887	0
888	-1
889	0
890	0
891	0
892	0
893	0
894	0
895	0
896	0
897	1
898	0
899	0
900	0
901	0
902	0
903	0
904	0
905	0
906	0
907	0
908	0
909	0
910	0
911	0
912	0
913	0
914	-1
915	0
916	0
917	0
918	0
919	0
920	0
921	0
922	0
923	0
924	0
925	0
926	-1
927	0
928	0
929	0
930	-2
931	0
932	-1
933	0
934	-2
935	0
936	-1
937	0
938	-1
939	-1
940	-1
941	0
942	-2
943	0
944	-1
945	0
946	0
947	0
948	0
949	0
950	0
951	1
952	1
953	1
954	1
955	2
956	2
957	4
958	3
959	4
960	2
961	4
962	2
963	4
964	3
965	4
966	4
967	4
968	3
969	4
970	3
971	4
972	2
973	3
974	3
975	3
976	3
977	3
978	2
979	4
980	3
981	4
982	4
983	4
984	2
985	4
986	3
987	3
988	3
989	4
990	3
991	5
992	3
993	5
994	4
995	4
996	4
997	4
998	4
999	5
1000	3
1001	3
1002	3
1003	4
1004	2
1005	3
1006	3
1007	3
1008	2
1009	3
1010	3
1011	3
1012	2
1013	3
1014	1
1015	1
1016	1
1017	0
1018	2
1019	1
1020	2
1021	2
1022	1
1023	1
1024	1
1025	1
1026	0
1027	1
1028	0
1029	1
1030	0
1031	1
1032	0
1033	0
1034	0
1035	0
1036	0
1037	0
1038	0
1039	0
1040	-1
1041	0
1042	0
1043	0
1044	0
1045	0
1046	0
1047	0
1048	0
1049	-1
1050	0
1051	0
1052	0
1053	0
1054	-1
1055	0
1056	0
1057	0
1058	-1
1059	-1
1060	-1
1061	-1
1062	-2
1063	-1
1064	-2
1065	0
1066	-2
1067	-1
1068	-1
1069	-1
1070	-1
1071	-2
1072	-3
1073	-2
1074	0
1075	-2
1076	-1
1077	-1
1078	-2
1079	-1
1080	-2
1081	-1
1082	-2
1083	0
1084	-2
1085	-1
1086	-1
1087	-1
1088	-1
1089	-1
1090	-1
1091	-2
1092	-1
1093	-2
1094	-1
1095	-1
1096	-1
1097	-2
1098	-2
1099	-1
1100	-1
1101	-1
1102	-2
1103	-2
1104	-1
1105	-1
1106	-1
1107	0
1108	-1
1109	-1
1110	-1
1111	0
1112	-1
1113	0
1114	-1
1115	0
1116	0
1117	0
1118	0
1119	0
1120	0
1121	-1
1122	0
1123	-1
1124	-1
1125	0
1126	-1
1127	0
1128	-1
1129	-1
1130	-1
1131	-1
1132	-2
1133	-1
1134	-1
1135	-1
1136	-1
1137	-2
1138	-2
1139	-3
1140	-3
1141	-2
1142	-3
1143	-2
1144	-2
1145	-1
1146	-2
1147	-2
1148	-2
1149	-2
1150	-2
1151	-1
1152	-3
1153	-1
1154	-1
1155	-1
1156	-1
1157	-1
1158	-2
1159	-1
1160	-1
1161	-2
1162	-1
1163	0
1164	-2
1165	0
1166	-1
1167	0
1168	-1
1169	0
1170	0
1171	0
1172	0
1173	0
1174	0
1175	0
1176	0
1177	-1
1178	0
1179	0
1180	0
1181	0
1182	0
1183	0
1184	-1
1185	0
1186	0
1187	0
1188	0
1189	0
1190	0
1191	0
1192	-1
1193	0
1194	0
1195	0
1196	0
1197	0
1198	1
1199	0
1200	1
1201	0
1202	0
1203	0
1204	0
1205	0
1206	0
1207	0
1208	0
1209	1
1210	0
1211	1
1212	1
1213	0
1214	0
1215	1
1216	0
1217	0
1218	0
1219	0
1220	0
1221	0
1222	0
1223	0
1224	0
1225	0
1226	0
1227	0
1228	0
1229	0
1230	0
1231	0
1232	0
1233	1
1234	0
1235	1
1236	1
1237	2
1238	1
1239	1
1240	0
1241	2
1242	1
1243	2
1244	2
1245	2
1246	3
1247	3
1248	3
1249	4
1250	2
1251	4
1252	2
1253	3
1254	3
1255	3
1256	3
1257	3
1258	2
1259	3
1260	2
1261	3
1262	2
1263	2
1264	3
1265	2
1266	2
1267	2
1268	1
1269	3
1270	1
1271	2
1272	0
1273	2
1274	1
1275	1
1276	0
1277	1
1278	1
1279	0
1280	1
1281	0
1282	0
1283	0
1284	0
1285	1
1286	1
1287	1
1288	1
1289	0
1290	0
1291	1
1292	0
1293	1
1294	0
1295	0
1296	0
1297	0
1298	0
1299	1
1300	0
1301	0
1302	0
1303	0
1304	0
1305	0
1306	0
1307	0
1308	0
1309	0
1310	0
1311	0
1312	0
1313	0
1314	-1
1315	0
1316	-1
1317	0
1318	-1
1319	0
1320	0
1321	-1
1322	0
1323	-2
1324	-1
1325	-1
1326	-1
1327	-1
1328	-1
1329	-1
1330	-1
1331	0
1332	0
1333	0
1334	-1
1335	0
1336	0
1337	0
1338	0
1339	0
1340	0
1341	0
1342	0
1343	0
1344	-1
1345	0
1346	0
1347	0
1348	0
1349	0
1350	0
1351	0
1352	0
1353	0
1354	-1
1355	0
1356	0
1357	-1
1358	-1
1359	-1
1360	-1
1361	-1
1362	-1
1363	0
1364	-1
1365	0
1366	-1
1367	0
1368	-1
1369	0
1370	0
1371	0
1372	-1
1373	0
1374	-1
1375	0
1376	-1
1377	0
1378	0
1379	-1
1380	-1
1381	0
1382	0
1383	0
1384	-1
1385	0
1386	0
1387	-1
1388	0
1389	0
1390	0
1391	-1
1392	-2
1393	0
1394	-2
1395	0
1396	-2
1397	0
1398	-1
1399	0
1400	-2
1401	0
1402	-1
1403	0
1404	-1
1405	0
1406	0
1407	0
1408	0
1409	0
1410	0
1411	0
1412	0
1413	0
1414	0
1415	1
1416	0
1417	0
1418	0
1419	0
1420	0
1421	0
1422	-1
1423	0
1424	0
1425	0
1426	-2
1427	0
1428	-1
1429	-1
1430	-2
1431	0
1432	-2
1433	0
1434	-2
1435	-1
1436	-2
1437	-1
1438	-2
1439	-1
1440	-3
1441	-2
1442	-1
1443	-1
1444	0
1445	0
1446	-1
1447	0
1448	-1
1449	0
1450	-1
1451	0
1452	0
1453	0
1454	0
1455	0
1456	0
1457	1
1458	0
1459	1
1460	0
1461	1
1462	0
1463	1
1464	1
1465	1
1466	0
1467	1
1468	0
1469	1
1470	0
1471	1
1472	0
1473	1
1474	0
1475	2
1476	1
1477	1
1478	0
1479	0
1480	0
1481	1
1482	0
1483	0
1484	0
1485	0
1486	0
1487	0
1488	0
1489	0
1490	0
1491	0
1492	0
1493	0
1494	0
1495	0
1496	0
1497	0
1498	0
1499	0
1500	0
1501	0
1502	0
1503	0
1504	0
1505	0
1506	0
1507	0
1508	-1
1509	0
1510	0
1511	0
1512	0
1513	0
1514	0
1515	0
1516	0
1517	0
1518	0
1519	0
1520	-1
1521	0
1522	-1
1523	0
1524	0
1525	0
1526	0
1527	0
1528	0
1529	0
1530	0
1531	0
1532	0
1533	0
1534	0
1535	0
1536	0
1537	0
1538	0
1539	0
1540	0
1541	0
1542	0
1543	0
1544	0
1545	0
1546	0
1547	0
1548	-1
1549	0
1550	-1
1551	0
1552	0
1553	0
1554	0
1555	0
1556	-1
1557	-1
1558	-1
1559	0
1560	-1
1561	0
1562	-1
1563	0
1564	-1
1565	-1
1566	-1
1567	0
1568	-1
1569	0
1570	-1
1571	0
1572	0
1573	0
1574	0
1575	0
1576	0
1577	0
1578	0
1579	0
1580	0
1581	1
1582	0
1583	1
1584	0
1585	1
1586	0
1587	2
1588	1
1589	1
1590	1
1591	1
1592	0
1593	1
1594	0
1595	1
1596	0
1597	1
1598	0
1599	1
1600	0
1601	0
1602	0
1603	0
1604	0
1605	0
1606	0
1607	0
1608	0
1609	0
1610	-1
1611	-1
1612	-2
1613	0
1614	-1
1615	-1
1616	-1
1617	0
1618	-1
1619	0
1620	-2
1621	-1
1622	-1
1623	0
1624	-1
1625	0
1626	0
1627	0
1628	-1
1629	0
1630	0
1631	0
1632	0
1633	0
1634	0
1635	0
1636	-1
1637	0
1638	0
1639	0
1640	0
1641	0
1642	0
1643	0
1644	0
1645	0
1646	0
1647	0
1648	-1
1649	0
1650	0
1651	0
1652	0
1653	1
1654	0
1655	0
1656	0
1657	0
1658	0
1659	1
1660	0
1661	1
1662	0
1663	1
1664	0
1665	1
1666	0
1667	0
1668	0
1669	0
1670	1
1671	0
1672	1
1673	2
1674	1
1675	1
1676	1
1677	1
1678	0
1679	2
1680	1
1681	1
1682	0
1683	0
1684	0
1685	0
1686	0
1687	0
1688	0
1689	0
1690	-1
1691	0
1692	-1
1693	0
1694	-2
1695	-1
1696	-2
1697	-2
1698	-2
1699	-1
1700	-2
1701	-1
1702	-1
1703	0
1704	-1
1705	-1
1706	-2
1707	-1
1708	-1
1709	-1
1710	-1
1711	0
1712	-1
1713	0
1714	-1
1715	0
1716	0
1717	0
1718	0
1719	0
1720	0
1721	0
1722	0
1723	0
1724	0
1725	0
1726	0
1727	1
1728	0
1729	0
1730	0
1731	0
1732	0
1733	0
1734	0
1735	-1
1736	-1
1737	0
1738	-2
1739	-1
1740	0
1741	0
1742	-1
1743	0
1744	-1
1745	0
1746	0
1747	0
1748	0
1749	0
1750	0
1751	0
1752	0
1753	1
1754	0
1755	0
1756	0
1757	0
1758	0
1759	0
1760	1
1761	0
1762	0
1763	0
1764	0
1765	1
1766	0
1767	0
1768	0
1769	0
1770	0
1771	0
1772	0
1773	0
1774	0
1775	0
1776	0
1777	0
1778	0
1779	1
1780	0
1781	0
1782	0
1783	1
1784	0
1785	0
1786	0
1787	0
1788	0
1789	0
1790	0
1791	0
1792	0
1793	0
1794	-1
1795	-1
1796	-1
1797	0
1798	0
1799	0
1800	-1
1801	0
1802	0
1803	-1
1804	0
1805	0
1806	-1
1807	0
1808	-1
1809	0
1810	0
1811	0
1812	0
1813	0
1814	0
1815	0
1816	-1
1817	0
1818	0
1819	0
1820	-2
1821	0
1822	-1
1823	0
1824	-1
1825	0
1826	-1
1827	0
1828	-1
1829	0
1830	0
1831	0
1832	-1
1833	-1
1834	0
1835	0
1836	-1
1837	0
1838	0
1839	0
1840	0
1841	0
1842	-1
1843	0
1844	-1
1845	0
1846	0
1847	0
1848	0
1849	0
1850	0
1851	0
1852	0
1853	0
1854	0
1855	0
1856	0
1857	0
1858	0
1859	0
1860	0
1861	0
1862	0
1863	0
1864	0
1865	0
1866	0
1867	0
1868	0
1869	0
1870	1
1871	0
1872	0
1873	0
1874	0
1875	0
1876	0
1877	1
1878	1
1879	1
1880	0
1881	1
1882	0
1883	2
1884	0
1885	1
1886	1
1887	3
1888	2
1889	2
1890	2
1891	2
1892	2
1893	2
1894	2
1895	2
1896	3
1897	4
1898	3
1899	3
1900	4
1901	4
1902	4
1903	4
1904	2
1905	4
1906	1
1907	4
1908	3
1909	2
1910	2
1911	4
1912	2
1913	4
1914	1
1915	3
1916	2
1917	3
1918	2
1919	3
1920	1
1921	2
1922	1
1923	2
1924	0
1925	2
1926	1
1927	0
1928	0
1929	1
1930	0
1931	0
1932	0
1933	0
1934	0
1935	0
1936	0
1937	0
1938	0
1939	0
1940	0
1941	0
1942	0
1943	-1
1944	-1
1945	0
1946	-1
1947	0
1948	-1
1949	0
1950	-1
1951	0
1952	-1
1953	0
1954	-2
1955	-1
1956	0
1957	0
1958	0
1959	0
1960	0
1961	0
1962	0
1963	0
1964	0
1965	0
1966	-1
1967	0
1968	-1
1969	0
1970	0
1971	0
1972	0
1973	0
1974	-2
1975	-1
1976	0
1977	0
1978	-2
1979	0
1980	-2
1981	0
1982	-1
1983	-2
1984	-2
1985	-2
1986	-1
1987	-1
1988	-2
1989	-1
1990	-2
1991	-2
1992	-3
1993	-2
1994	-2
1995	-2
1996	-2
1997	-1
1998	-2
1999	0
