0	0
1	1
2	0
3	0
4	0
5	1
6	0
7	0
8	0
9	0
10	0
11	0
12	0
13	0
14	0
15	1
16	0
17	0
18	0
19	0
20	0
21	0
22	0
23	1
24	-1
25	0
26	0
27	0
28	0
29	2
30	0
31	2
32	0
33	2
34	0
35	3
36	0
37	3
38	0
39	2
40	0
41	2
42	0
43	2
44	0
45	2
46	0
47	3
48	0
49	2
50	0
51	1
52	0
53	1
54	0
55	0
56	0
57	0
58	-1
59	0
60	-1
61	0
62	0
63	0
64	-1
65	0
66	0
67	0
68	0
69	0
70	0
71	0
72	0
73	0
74	-1
75	0
76	-1
77	0
78	-1
79	0
80	-1
81	0
82	-1
83	0
84	0
85	0
86	-1
87	0
88	-1
89	1
90	0
91	1
92	0
93	1
94	0
95	0
96	0
97	0
98	0
99	1
100	0
101	0
102	0
103	0
104	0
105	1
106	0
107	1
108	0
109	1
110	0
111	1
112	0
113	1
114	0
115	1
116	-1
117	1
118	0
119	1
120	0
121	1
122	0
123	1
124	0
125	2
126	0
127	1
128	0
129	2
130	0
131	3
132	0
133	2
134	0
135	1
136	0
137	1
138	0
139	1
140	0
141	1
142	0
143	0
144	0
145	0
146	0
147	1
148	0
149	0
150	0
151	1
152	0
153	1
154	0
155	1
156	0
157	0
158	0
159	2
160	0
161	2
162	0
163	2
164	1
165	1
166	0
167	1
168	0
169	2
170	0
171	3
172	0
173	3
174	0
175	3
176	0
177	2
178	0
179	2
180	0
181	2
182	0
183	1
184	0
185	1
186	0
187	0
188	-1
189	0
190	-2
191	1
192	-1
193	0
194	-2
195	0
196	-1
197	0
198	0
199	0
200	0
201	0
202	-1
203	0
204	-1
205	0
206	0
207	0
208	0
209	0
210	0
211	2
212	0
213	1
214	0
215	0
216	0
217	0
218	0
219	1
220	0
221	2
222	0
223	2
224	0
225	2
226	0
227	1
228	1
229	2
230	0
231	1
232	0
233	0
234	0
235	2
236	0
237	1
238	0
239	0
240	0
241	2
242	0
243	0
244	0
245	1
246	0
247	1
248	0
249	1
250	0
251	1
252	0
253	1
254	0
255	1
256	0
257	0
258	-1
259	0
260	-1
261	0
262	0
263	0
264	0
265	0
266	0
267	0
268	0
269	0
270	0
271	0
272	0
273	3
274	0
275	1
276	0
277	1
278	0
279	1
280	0
281	3
282	1
283	3
284	0
285	2
286	0
287	3
288	0
289	3
290	0
291	2
292	0
293	3
294	0
295	1
296	0
297	1
298	0
299	2
300	0
301	0
302	0
303	0
304	0
305	1
306	0
307	1
308	0
309	2
310	0
311	1
312	0
313	0
314	0
315	1
316	0
317	1
318	-1
319	1
320	0
321	1
322	0
323	0
324	0
325	1
326	-1
327	0
328	0
329	0
330	0
331	0
332	0
333	0
334	0
335	1
336	0
337	1
338	0
339	0
340	0
341	0
342	0
343	0
344	0
345	1
346	0
347	1
348	0
349	1
350	0
351	1
352	0
353	0
354	0
355	0
356	0
357	0
358	0
359	1
360	0
361	0
362	0
363	3
364	0
365	1
366	0
367	1
368	0
369	1
370	0
371	1
372	0
373	1
374	0
375	1
376	0
377	0
378	0
379	1
380	0
381	0
382	0
383	0
384	0
385	1
386	0
387	0
388	0
389	1
390	0
391	1
392	0
393	2
394	0
395	1
396	0
397	1
398	0
399	0
400	0
401	1
402	0
403	1
404	0
405	1
406	0
407	1
408	0
409	1
410	0
411	2
412	0
413	1
414	0
415	1
416	0
417	2
418	0
419	1
420	0
421	1
422	0
423	1
424	0
425	1
426	0
427	1
428	0
429	1
430	0
431	0
432	0
433	0
434	0
435	1
436	0
437	1
438	0
439	2
440	0
441	1
442	0
443	0
444	1
445	2
446	1
447	5
448	3
449	7
450	6
451	12
452	11
453	16
454	16
455	21
456	21
457	28
458	29
459	35
460	35
461	40
462	41
463	48
464	48
465	53
466	55
467	60
468	61
469	65
470	67
471	71
472	71
473	73
474	73
475	77
476	78
477	82
478	79
479	83
480	80
481	85
482	82
483	85
484	84
485	86
486	83
487	85
488	83
489	83
490	82
491	84
492	80
493	81
494	77
495	78
496	75
497	76
498	76
499	78
500	62
501	69
502	65
503	65
504	62
505	62
506	56
507	58
508	54
509	55
510	50
511	50
512	45
513	44
514	42
515	43
516	37
517	38
518	32
519	33
520	28
521	30
522	26
523	25
524	20
525	22
526	17
527	16
528	14
529	14
530	10
531	11
532	6
533	8
534	3
535	4
536	1
537	2
538	-1
539	-1
540	-4
541	-4
542	-6
543	-5
544	-7
545	-5
546	-8
547	-8
548	-9
549	-9
550	-11
551	-10
552	-12
553	-12
554	-14
555	-13
556	-15
557	-13
558	-17
559	-14
560	-17
561	-16
562	-18
563	-16
564	-19
565	-16
566	-20
567	-17
568	-20
569	-16
570	-20
571	-17
572	-19
573	-16
574	-18
575	-16
576	-19
577	-16
578	-17
579	-15
580	-17
581	-15
582	-16
583	-15
584	-16
585	-15
586	-16
587	-15
588	-16
589	-14
590	-15
591	-14
592	-15
593	-14
594	-15
595	-13
596	-15
597	-14
598	-16
599	-13
600	-14
601	-12
602	-14
603	-11
604	-13
605	-11
606	-14
607	-9
608	-13
609	-9
610	-13
611	-9
612	-12
613	-8
614	-12
615	-7
616	-12
617	-6
618	-11
619	-4
620	-8
621	-5
622	-8
623	-6
624	-6
625	-5
626	-6
627	-4
628	-5
629	-3
630	-5
631	-3
632	-4
633	-2
634	-6
635	-2
636	-5
637	-2
638	-4
639	-3
640	-3
641	-2
642	-4
643	-1
644	-4
645	-2
646	-3
647	-1
648	-4
649	-1
650	-3
651	0
652	-3
653	-1
654	-2
655	-1
656	-1
657	0
658	-1
659	0
660	-2
661	0
662	-2
663	0
664	-1
665	0
666	-1
667	1
668	0
669	0
670	0
671	1
672	0
673	1
674	0
675	0
676	0
677	1
678	0
679	1
680	0
681	2
682	0
683	1
684	0
685	0
686	-1
687	0
688	0
689	0
690	0
691	0
692	0
693	0
694	0
695	0
696	-2
697	0
698	-1
699	0
700	0
701	0
702	0
703	0
704	0
705	1
706	0
707	0
708	0
709	0
710	0
711	0
712	0
713	2
714	0
715	1
716	0
717	1
718	0
719	2
720	0
721	1
722	0
723	0
724	0
725	1
726	0
727	1
728	0
729	1
730	0
731	0
732	0
733	0
734	0
735	0
736	0
737	1
738	0
739	1
740	0
741	0
742	0
743	1
744	0
745	0
746	-1
747	0
748	0
749	0
750	0
751	1
752	0
753	1
754	-1
755	0
756	0
757	0
758	-1
759	1
760	0
761	0
762	0
763	1
764	0
765	0
766	0
767	0
768	0
769	1
770	0
771	0
772	0
773	1
774	0
775	0
776	0
777	1
778	0
779	2
780	0
781	0
782	0
783	1
784	0
785	2
786	0
787	2
788	0
789	2
790	0
791	0
792	0
793	1
794	0
795	1
796	0
797	0
798	0
799	1
800	0
801	1
802	0
803	1
804	0
805	1
806	0
807	0
808	-1
809	0
810	0
811	0
812	0
813	0
814	-1
815	0
816	0
817	1
818	0
819	0
820	0
821	1
822	0
823	0
824	0
825	0
826	0
827	1
828	0
829	0
830	-1
831	0
832	0
833	0
834	0
835	0
836	-1
837	0
838	0
839	0
840	0
841	0
842	-1
843	0
844	0
845	0
846	0
847	0
848	-1
849	0
850	-1
851	0
852	0
853	0
854	0
855	0
856	0
857	0
858	0
859	1
860	0
861	0
862	0
863	2
864	0
865	1
866	0
867	2
868	0
869	1
870	0
871	1
872	0
873	2
874	0
875	2
876	0
877	2
878	1
879	2
880	0
881	1
882	0
883	2
884	0
885	0
886	0
887	0
888	0
889	0
890	0
891	0
892	0
893	0
894	0
895	0
896	-2
897	0
898	-1
899	0
900	-1
901	0
902	-2
903	0
904	-1
905	0
906	-1
907	0
908	0
909	0
910	0
911	0
912	0
913	0
914	0
915	0
916	0
917	0
918	0
919	0
920	0
921	0
922	0
923	0
924	0
925	0
926	0
927	0
928	-1
929	0
930	-1
931	0
932	-1
933	0
934	-1
935	0
936	-1
937	0
938	-1
939	0
940	0
941	0
942	-1
943	0
944	-1
945	0
946	-1
947	0
948	0
949	0
950	0
951	0
952	0
953	1
954	0
955	1
956	0
957	1
958	0
959	2
960	0
961	0
962	0
963	1
964	0
965	2
966	0
967	2
968	0
969	1
970	0
971	1
972	0
973	0
974	0
975	1
976	0
977	0
978	0
979	1
980	0
981	1
982	0
983	0
984	0
985	1
986	0
987	0
988	0
989	0
990	0
991	0
992	0
993	0
994	0
995	0
996	0
997	0
998	0
999	0
1000	0
1001	0
1002	0
1003	0
1004	0
1005	0
1006	0
1007	0
1008	0
1009	0
1010	0
1011	0
1012	0
1013	0
1014	0
1015	0
1016	0
1017	0
1018	0
1019	0
1020	0
1021	0
1022	0
1023	0
1024	0
1025	0
1026	0
1027	0
1028	-1
1029	0
1030	0
1031	0
1032	0
1033	0
1034	0
1035	0
1036	0
1037	0
1038	0
1039	0
1040	0
1041	0
1042	-1
1043	0
1044	0
1045	0
1046	0
1047	0
1048	-1
1049	1
1050	0
1051	0
1052	0
1053	0
1054	0
1055	0
1056	0
1057	0
1058	0
1059	0
1060	-1
1061	1
1062	-1
1063	1
1064	0
1065	0
1066	0
1067	0
1068	0
1069	1
1070	0
1071	0
1072	0
1073	0
1074	0
1075	1
1076	0
1077	2
1078	0
1079	2
1080	0
1081	2
1082	0
1083	0
1084	0
1085	0
1086	0
1087	0
1088	0
1089	0
1090	0
1091	1
1092	0
1093	0
1094	0
1095	0
1096	0
1097	0
1098	-1
1099	0
1100	0
1101	0
1102	0
1103	0
1104	0
1105	0
1106	0
1107	0
1108	-1
1109	0
1110	0
1111	0
1112	-1
1113	0
1114	0
1115	0
1116	-1
1117	0
1118	0
1119	0
1120	0
1121	1
1122	0
1123	0
1124	0
1125	0
1126	0
1127	0
1128	0
1129	0
1130	0
1131	1
1132	0
1133	0
1134	0
1135	0
1136	0
1137	0
1138	0
1139	0
1140	0
1141	0
1142	0
1143	0
1144	-1
1145	0
1146	0
1147	0
1148	0
1149	0
1150	-1
1151	0
1152	0
1153	0
1154	0
1155	0
1156	0
1157	0
1158	0
1159	0
1160	0
1161	0
1162	0
1163	0
1164	0
1165	0
1166	0
1167	0
1168	0
1169	0
1170	0
1171	0
1172	-1
1173	0
1174	0
1175	0
1176	0
1177	0
1178	0
1179	0
1180	0
1181	0
1182	0
1183	0
1184	0
1185	0
1186	0
1187	0
1188	0
1189	0
1190	0
1191	0
1192	0
1193	0
1194	0
1195	0
1196	0
1197	0
1198	0
1199	1
1200	0
1201	0
1202	0
1203	0
1204	0
1205	0
1206	0
1207	2
1208	0
1209	1
1210	0
1211	0
1212	0
1213	1
1214	0
1215	0
1216	0
1217	1
1218	0
1219	0
1220	0
1221	1
1222	0
1223	0
1224	0
1225	1
1226	0
1227	0
1228	0
1229	1
1230	0
1231	0
1232	0
1233	1
1234	0
1235	0
1236	-1
1237	0
1238	0
1239	0
1240	0
1241	0
1242	0
1243	0
1244	0
1245	0
1246	0
1247	0
1248	0
1249	0
1250	0
1251	0
1252	0
1253	0
1254	-1
1255	0
1256	-1
1257	0
1258	0
1259	0
1260	0
1261	0
1262	0
1263	0
1264	0
1265	0
1266	0
1267	0
1268	-1
1269	0
1270	0
1271	0
1272	-1
1273	0
1274	-1
1275	0
1276	-1
1277	0
1278	0
1279	1
1280	0
1281	0
1282	0
1283	0
1284	0
1285	1
1286	0
1287	1
1288	0
1289	1
1290	0
1291	1
1292	1
1293	1
1294	1
1295	2
1296	1
1297	2
1298	1
1299	2
1300	1
1301	3
1302	1
1303	3
1304	1
1305	3
1306	2
1307	3
1308	1
1309	3
1310	1
1311	3
1312	1
1313	2
1314	1
1315	2
1316	0
1317	1
1318	1
1319	2
1320	0
1321	1
1322	0
1323	1
1324	0
1325	1
1326	0
1327	1
1328	0
1329	1
1330	0
1331	0
1332	0
1333	0
1334	0
1335	0
1336	0
1337	0
1338	0
1339	0
1340	0
1341	0
1342	0
1343	0
1344	0
1345	0
1346	-1
1347	0
1348	-2
1349	0
1350	0
1351	0
1352	0
1353	0
1354	-1
1355	0
1356	0
1357	0
1358	0
1359	0
1360	-1
1361	0
1362	-1
1363	0
1364	-1
1365	0
1366	0
1367	0
1368	-1
1369	0
1370	-1
1371	0
1372	-1
1373	0
1374	-1
1375	0
1376	-1
1377	0
1378	-3
1379	0
1380	-2
1381	0
1382	-2
1383	0
1384	-2
1385	0
1386	-1
1387	0
1388	0
1389	0
1390	-1
1391	0
1392	0
1393	0
1394	0
1395	0
1396	0
1397	0
1398	0
1399	1
1400	0
1401	1
1402	0
1403	1
1404	0
1405	2
1406	0
1407	2
1408	0
1409	1
1410	0
1411	0
1412	0
1413	1
1414	0
1415	1
1416	0
1417	1
1418	0
1419	0
1420	-1
1421	0
1422	-1
1423	0
1424	0
1425	0
1426	-1
1427	0
1428	-1
1429	-1
1430	-1
1431	0
1432	-2
1433	0
1434	-2
1435	0
1436	-3
1437	0
1438	-1
1439	0
1440	-2
1441	0
1442	-1
1443	0
1444	-1
1445	0
1446	0
1447	0
1448	-1
1449	0
1450	0
1451	0
1452	-1
1453	0
1454	-1
1455	0
1456	0
1457	0
1458	0
1459	0
1460	-1
1461	0
1462	0
1463	0
1464	0
1465	0
1466	0
1467	0
1468	0
1469	0
1470	0
1471	0
1472	0
1473	0
1474	0
1475	1
1476	0
1477	0
1478	-1
1479	0
1480	0
1481	0
1482	0
1483	0
1484	0
1485	1
1486	0
1487	1
1488	0
1489	0
1490	0
1491	1
1492	0
1493	0
1494	0
1495	0
1496	0
1497	0
1498	0
1499	0
1500	-1
1501	0
1502	0
1503	0
1504	-1
1505	0
1506	0
1507	0
1508	0
1509	0
1510	0
1511	0
1512	0
1513	0
1514	0
1515	0
1516	0
1517	1
1518	0
1519	0
1520	0
1521	0
1522	0
1523	0
1524	0
1525	0
1526	0
1527	1
1528	-1
1529	0
1530	-1
1531	0
1532	0
1533	0
1534	-1
1535	0
1536	-1
1537	0
1538	-1
1539	0
1540	-1
1541	0
1542	-1
1543	0
1544	-1
1545	0
1546	-1
1547	0
1548	-1
1549	0
1550	-1
1551	0
1552	-1
1553	0
1554	-1
1555	0
1556	-1
1557	0
1558	0
1559	1
1560	0
1561	1
1562	0
1563	1
1564	-1
1565	1
1566	0
1567	0
1568	0
1569	0
1570	0
1571	0
1572	0
1573	0
1574	0
1575	0
1576	-1
1577	0
1578	0
1579	0
1580	0
1581	0
1582	0
1583	0
1584	0
1585	0
1586	0
1587	0
1588	0
1589	0
1590	0
1591	0
1592	0
1593	0
1594	0
1595	1
1596	0
1597	1
1598	0
1599	0
1600	0
1601	0
1602	-1
1603	0
1604	0
1605	1
1606	0
1607	0
1608	0
1609	0
1610	0
1611	1
1612	0
1613	2
1614	0
1615	0
1616	0
1617	1
1618	0
1619	1
1620	0
1621	0
1622	0
1623	0
1624	0
1625	0
1626	0
1627	1
1628	0
1629	0
1630	0
1631	0
1632	-1
1633	0
1634	-1
1635	0
1636	-1
1637	0
1638	0
1639	0
1640	0
1641	0
1642	0
1643	2
1644	0
1645	1
1646	0
1647	1
1648	0
1649	1
1650	0
1651	1
1652	0
1653	1
1654	1
1655	2
1656	1
1657	3
1658	1
1659	3
1660	1
1661	3
1662	1
1663	1
1664	1
1665	2
1666	1
1667	3
1668	1
1669	1
1670	1
1671	0
1672	1
1673	3
1674	1
1675	3
1676	0
1677	2
1678	0
1679	1
1680	0
1681	1
1682	0
1683	2
1684	0
1685	2
1686	0
1687	1
1688	0
1689	0
1690	0
1691	2
1692	0
1693	1
1694	0
1695	1
1696	0
1697	1
1698	0
1699	0
1700	0
1701	0
1702	0
1703	0
1704	0
1705	0
1706	0
1707	0
1708	0
1709	0
1710	-1
1711	0
1712	0
1713	1
1714	0
1715	1
1716	0
1717	0
1718	0
1719	0
1720	0
1721	1
1722	0
1723	1
1724	0
1725	0
1726	0
1727	0
1728	0
1729	1
1730	0
1731	0
1732	0
1733	0
1734	0
1735	0
1736	0
1737	0
1738	0
1739	0
1740	-1
1741	0
1742	-1
1743	0
1744	0
1745	0
1746	-1
1747	0
1748	-1
1749	0
1750	-1
1751	0
1752	-1
1753	0
1754	-1
1755	0
1756	-1
1757	0
1758	-1
1759	0
1760	-2
1761	1
1762	0
1763	0
1764	0
1765	0
1766	0
1767	0
1768	-1
1769	0
1770	0
1771	1
1772	-1
1773	0
1774	0
1775	0
1776	-1
1777	0
1778	0
1779	0
1780	-1
1781	0
1782	0
1783	0
1784	0
1785	0
1786	-1
1787	0
1788	-1
1789	0
1790	-3
1791	0
1792	-1
1793	0
1794	-1
1795	0
1796	0
1797	1
1798	-2
1799	0
1800	-1
1801	0
1802	-2
1803	0
1804	0
1805	0
1806	0
1807	0
1808	0
1809	0
1810	0
1811	0
1812	0
1813	0
1814	0
1815	0
1816	0
1817	0
1818	0
1819	0
1820	0
1821	1
1822	0
1823	1
1824	0
1825	0
1826	-1
1827	0
1828	-1
1829	0
1830	-1
1831	0
1832	0
1833	0
1834	0
1835	0
1836	0
1837	0
1838	-1
1839	0
1840	0
1841	0
1842	0
1843	0
1844	0
1845	0
1846	0
1847	0
1848	0
1849	0
1850	-1
1851	0
1852	0
1853	0
1854	0
1855	0
1856	0
1857	0
1858	0
1859	1
1860	0
1861	0
1862	0
1863	0
1864	0
1865	0
1866	0
1867	0
1868	-1
1869	0
1870	0
1871	0
1872	0
1873	0
1874	0
1875	0
1876	0
1877	1
1878	0
1879	0
1880	0
1881	0
1882	-1
1883	0
1884	0
1885	0
1886	0
1887	0
1888	0
1889	0
1890	-1
1891	0
1892	-1
1893	0
1894	0
1895	0
1896	0
1897	0
1898	-1
1899	0
1900	0
1901	0
1902	-1
1903	0
1904	0
1905	0
1906	-1
1907	0
1908	-2
1909	0
1910	0
1911	0
1912	-1
1913	0
1914	0
1915	0
1916	0
1917	0
1918	0
1919	1
1920	0
1921	1
1922	0
1923	0
1924	0
1925	0
1926	0
1927	0
1928	0
1929	0
1930	0
1931	0
1932	0
1933	0
1934	0
1935	0
1936	0
1937	0
1938	0
1939	0
1940	0
1941	0
1942	0
1943	0
1944	0
1945	0
1946	-1
1947	0
1948	0
1949	0
1950	0
1951	0
1952	0
1953	0
1954	-1
1955	0
1956	0
1957	0
1958	-1
1959	0
1960	-2
1961	-1
1962	-2
1963	0
1964	-1
1965	0
1966	-2
1967	0
1968	0
1969	0
1970	0
1971	0
1972	0
1973	0
1974	0
1975	0
1976	0
1977	1
1978	0
1979	1
1980	0
1981	1
1982	0
1983	1
1984	0
1985	1
1986	0
1987	0
1988	0
1989	1
1990	0
1991	0
1992	0
1993	1
1994	0
1995	1
1996	0
1997	1
1998	0
1999	0
