0	0
1	0
2	0
3	0
4	0
5	0
6	0
7	0
8	-1
9	-1
10	-1
11	-2
12	0
13	0
14	-1
15	0
16	-1
17	0
18	0
19	0
20	-1
21	0
22	0
23	0
24	0
25	0
26	0
27	1
28	0
29	2
30	1
31	3
32	1
33	1
34	1
35	2
36	1
37	2
38	0
39	2
40	1
41	0
42	0
43	2
44	1
45	0
46	0
47	0
48	0
49	1
50	0
51	0
52	0
53	0
54	-1
55	0
56	-1
57	0
58	-1
59	0
60	0
61	0
62	-1
63	-1
64	-1
65	0
66	-1
67	0
68	0
69	0
70	-1
71	0
72	0
73	0
74	0
75	0
76	0
77	0
78	0
79	0
80	0
81	1
82	0
83	0
84	0
85	0
86	0
87	0
88	1
89	1
90	0
91	2
92	0
93	2
94	0
95	2
96	0
97	1
98	0
99	0
100	1
101	0
102	2
103	2
104	0
105	0
106	0
107	2
108	0
109	2
110	1
111	0
112	0
113	1
114	0
115	2
116	1
117	0
118	0
119	0
120	0
121	0
122	-1
123	0
124	-1
125	0
126	0
127	0
128	0
129	0
130	0
131	1
132	-1
133	0
134	0
135	1
136	0
137	0
138	0
139	0
140	0
141	0
142	0
143	0
144	0
145	0
146	0
147	0
148	0
149	0
150	0
151	0
152	0
153	0
154	0
155	0
156	0
157	0
158	0
159	0
160	1
161	0
162	0
163	0
164	0
165	1
166	1
167	1
168	0
169	0
170	0
171	1
172	0
173	1
174	0
175	1
176	0
177	0
178	0
179	0
180	0
181	0
182	0
183	0
184	1
185	1
186	0
187	1
188	0
189	1
190	1
191	1
192	0
193	2
194	0
195	1
196	0
197	2
198	1
199	1
200	1
201	2
202	1
203	1
204	0
205	1
206	1
207	0
208	1
209	0
210	0
211	0
212	0
213	0
214	0
215	0
216	0
217	0
218	0
219	0
220	-1
221	0
222	-1
223	-1
224	0
225	-1
226	0
227	-1
228	0
229	-1
230	-1
231	-1
232	-1
233	0
234	-2
235	0
236	-1
237	0
238	0
239	0
240	-1
241	0
242	0
243	0
244	0
245	0
246	0
247	0
248	0
249	0
250	0
251	0
252	-1
253	0
254	0
255	0
256	0
257	0
258	0
259	0
260	0
261	0
262	0
263	0
264	0
265	0
266	0
267	0
268	0
269	0
270	0
271	0
272	0
273	0
274	0
275	0
276	0
277	0
278	0
279	0
280	0
281	1
282	0
283	1
284	0
285	0
286	0
287	0
288	0
289	0
290	0
291	2
292	0
293	2
294	1
295	0
296	1
297	0
298	0
299	0
300	0
301	0
302	0
303	1
304	0
305	1
306	0
307	1
308	0
309	0
310	0
311	0
312	0
313	1
314	0
315	1
316	0
317	1
318	0
319	1
320	0
321	0
322	0
323	1
324	0
325	1
326	0
327	1
328	0
329	1
330	0
331	0
332	0
333	1
334	1
335	1
336	0
337	0
338	0
339	2
340	0
341	0
342	0
343	0
344	0
345	1
346	0
347	0
348	0
349	1
350	0
351	0
352	0
353	1
354	0
355	0
356	0
357	0
358	-1
359	0
360	0
361	1
362	0
363	1
364	-1
365	0
366	0
367	1
368	0
369	0
370	0
371	1
372	-1
373	0
374	0
375	1
376	0
377	1
378	0
379	1
380	0
381	1
382	0
383	1
384	0
385	0
386	1
387	1
388	0
389	1
390	0
391	1
392	0
393	2
394	1
395	1
396	1
397	2
398	0
399	1
400	0
401	0
402	0
403	0
404	0
405	0
406	0
407	0
408	0
409	0
410	0
411	0
412	-1
413	0
414	0
415	0
416	0
417	0
418	0
419	0
420	0
421	1
422	0
423	0
424	0
425	1
426	0
427	1
428	2
429	2
430	2
431	4
432	3
433	4
434	4
435	7
436	7
437	11
438	11
439	16
440	20
441	24
442	26
443	30
444	35
445	42
446	45
447	50
448	54
449	60
450	63
451	70
452	76
453	80
454	84
455	90
456	94
457	100
458	103
459	111
460	113
461	119
462	123
463	127
464	131
465	135
466	136
467	142
468	144
469	147
470	148
471	148
472	152
473	153
474	154
475	154
476	153
477	153
478	150
479	149
480	147
481	146
482	142
483	140
484	135
485	132
486	128
487	126
488	120
489	117
490	113
491	109
492	104
493	100
494	95
495	90
496	86
497	80
498	78
499	78
500	62
501	64
502	58
503	55
504	50
505	48
506	42
507	39
508	34
509	30
510	26
511	22
512	17
513	16
514	10
515	8
516	4
517	1
518	-4
519	-3
520	-7
521	-10
522	-13
523	-15
524	-18
525	-18
526	-22
527	-23
528	-27
529	-28
530	-31
531	-32
532	-33
533	-35
534	-37
535	-37
536	-40
537	-40
538	-42
539	-41
540	-43
541	-45
542	-44
543	-45
544	-47
545	-47
546	-49
547	-49
548	-51
549	-50
550	-51
551	-50
552	-53
553	-50
554	-52
555	-51
556	-53
557	-53
558	-54
559	-51
560	-54
561	-51
562	-54
563	-51
564	-52
565	-50
566	-52
567	-51
568	-51
569	-51
570	-52
571	-49
572	-52
573	-48
574	-51
575	-47
576	-49
577	-46
578	-48
579	-47
580	-47
581	-46
582	-46
583	-45
584	-45
585	-45
586	-44
587	-44
588	-44
589	-41
590	-41
591	-40
592	-41
593	-39
594	-39
595	-38
596	-38
597	-36
598	-34
599	-33
600	-33
601	-34
602	-32
603	-32
604	-30
605	-30
606	-29
607	-29
608	-29
609	-27
610	-29
611	-27
612	-29
613	-27
614	-27
615	-23
616	-26
617	-23
618	-24
619	-23
620	-22
621	-23
622	-22
623	-22
624	-19
625	-18
626	-19
627	-19
628	-20
629	-18
630	-18
631	-17
632	-18
633	-16
634	-17
635	-17
636	-18
637	-16
638	-17
639	-17
640	-17
641	-16
642	-16
643	-15
644	-16
645	-14
646	-16
647	-15
648	-14
649	-15
650	-14
651	-14
652	-14
653	-13
654	-14
655	-12
656	-13
657	-10
658	-12
659	-9
660	-10
661	-9
662	-11
663	-8
664	-10
665	-7
666	-8
667	-7
668	-8
669	-6
670	-8
671	-6
672	-6
673	-5
674	-6
675	-4
676	-6
677	-5
678	-5
679	-4
680	-6
681	-5
682	-5
683	-4
684	-5
685	-4
686	-4
687	-4
688	-4
689	-4
690	-4
691	-3
692	-3
693	-3
694	-4
695	-4
696	-3
697	-2
698	-4
699	-1
700	-3
701	-2
702	-4
703	-1
704	-3
705	0
706	-2
707	0
708	0
709	0
710	-3
711	0
712	-2
713	0
714	0
715	0
716	-2
717	0
718	0
719	0
720	-1
721	0
722	0
723	0
724	-1
725	0
726	0
727	0
728	0
729	0
730	0
731	0
732	0
733	0
734	0
735	1
736	1
737	1
738	0
739	2
740	1
741	1
742	0
743	1
744	1
745	1
746	1
747	1
748	1
749	1
750	0
751	2
752	0
753	0
754	0
755	0
756	0
757	0
758	0
759	-1
760	-1
761	-1
762	-1
763	-2
764	-2
765	-2
766	-3
767	-2
768	-3
769	-3
770	-4
771	-4
772	-3
773	-2
774	-3
775	-4
776	-4
777	-3
778	-4
779	-4
780	-4
781	-3
782	-4
783	-2
784	-4
785	-3
786	-3
787	-3
788	-3
789	-3
790	-3
791	-1
792	-3
793	-1
794	-3
795	-2
796	-2
797	-3
798	-3
799	-2
800	-3
801	0
802	-2
803	-1
804	-1
805	-2
806	-3
807	-1
808	-1
809	-2
810	-1
811	0
812	-1
813	-1
814	-1
815	-1
816	0
817	0
818	0
819	0
820	0
821	0
822	0
823	1
824	0
825	0
826	1
827	2
828	0
829	1
830	0
831	1
832	0
833	1
834	0
835	2
836	1
837	2
838	0
839	1
840	0
841	1
842	0
843	1
844	0
845	0
846	0
847	1
848	0
849	1
850	0
851	1
852	0
853	0
854	0
855	1
856	0
857	1
858	0
859	0
860	0
861	0
862	0
863	0
864	0
865	0
866	0
867	1
868	0
869	1
870	0
871	2
872	0
873	1
874	0
875	1
876	0
877	0
878	0
879	0
880	-1
881	0
882	0
883	0
884	-1
885	-1
886	-2
887	-1
888	-2
889	-1
890	-2
891	-3
892	-3
893	-3
894	-5
895	-3
896	-3
897	-4
898	-4
899	-3
900	-4
901	-4
902	-5
903	-4
904	-4
905	-2
906	-4
907	-3
908	-2
909	-3
910	-2
911	-2
912	-2
913	-2
914	-1
915	-2
916	0
917	-1
918	0
919	0
920	-1
921	0
922	0
923	1
924	0
925	0
926	0
927	0
928	0
929	2
930	0
931	1
932	0
933	0
934	0
935	1
936	0
937	0
938	0
939	0
940	0
941	0
942	0
943	0
944	0
945	0
946	0
947	0
948	0
949	0
950	0
951	0
952	0
953	1
954	0
955	1
956	0
957	0
958	0
959	1
960	0
961	1
962	1
963	2
964	0
965	2
966	0
967	2
968	0
969	1
970	1
971	0
972	1
973	0
974	0
975	1
976	1
977	2
978	1
979	1
980	0
981	0
982	0
983	0
984	-1
985	0
986	0
987	0
988	0
989	0
990	-1
991	0
992	-1
993	0
994	0
995	0
996	-1
997	-1
998	-2
999	0
1000	-1
1001	0
1002	-1
1003	-1
1004	-1
1005	-1
1006	-3
1007	-1
1008	-1
1009	-2
1010	-2
1011	-1
1012	-1
1013	-2
1014	-2
1015	-1
1016	-2
1017	-1
1018	-2
1019	-2
1020	-2
1021	-1
1022	-1
1023	-2
1024	0
1025	0
1026	-2
1027	0
1028	0
1029	0
1030	-1
1031	0
1032	0
1033	0
1034	1
1035	0
1036	0
1037	0
1038	0
1039	2
1040	1
1041	1
1042	1
1043	0
1044	0
1045	1
1046	3
1047	3
1048	1
1049	2
1050	1
1051	3
1052	3
1053	3
1054	3
1055	4
1056	2
1057	3
1058	3
1059	3
1060	1
1061	3
1062	1
1063	4
1064	3
1065	3
1066	2
1067	4
1068	1
1069	3
1070	2
1071	3
1072	2
1073	3
1074	1
1075	2
1076	1
1077	1
1078	1
1079	2
1080	1
1081	3
1082	2
1083	2
1084	0
1085	3
1086	2
1087	3
1088	1
1089	3
1090	2
1091	2
1092	0
1093	2
1094	0
1095	1
1096	0
1097	0
1098	0
1099	0
1100	-1
1101	0
1102	0
1103	0
1104	-1
1105	-1
1106	-1
1107	-1
1108	-2
1109	-1
1110	-2
1111	-1
1112	-2
1113	-2
1114	-1
1115	-3
1116	-2
1117	-2
1118	-3
1119	-1
1120	-1
1121	0
1122	-2
1123	-1
1124	-3
1125	-1
1126	-2
1127	-2
1128	-1
1129	-2
1130	-1
1131	-1
1132	-2
1133	-1
1134	-2
1135	-1
1136	-2
1137	-1
1138	-2
1139	-2
1140	-1
1141	0
1142	-3
1143	0
1144	-1
1145	0
1146	-2
1147	0
1148	-2
1149	0
1150	-2
1151	0
1152	-2
1153	0
1154	-1
1155	0
1156	0
1157	0
1158	-1
1159	0
1160	-1
1161	0
1162	-1
1163	0
1164	-1
1165	0
1166	-1
1167	0
1168	0
1169	1
1170	-1
1171	0
1172	-1
1173	-1
1174	-2
1175	0
1176	0
1177	0
1178	-1
1179	0
1180	0
1181	0
1182	0
1183	0
1184	0
1185	0
1186	0
1187	0
1188	0
1189	0
1190	0
1191	0
1192	0
1193	1
1194	0
1195	0
1196	0
1197	0
1198	0
1199	0
1200	0
1201	0
1202	0
1203	0
1204	0
1205	0
1206	0
1207	0
1208	-1
1209	0
1210	0
1211	0
1212	-1
1213	0
1214	-2
1215	0
1216	-1
1217	0
1218	-1
1219	0
1220	-2
1221	-1
1222	0
1223	0
1224	0
1225	0
1226	-1
1227	0
1228	-1
1229	-1
1230	-1
1231	-1
1232	-2
1233	-1
1234	-1
1235	-1
1236	-2
1237	-1
1238	-2
1239	-1
1240	-1
1241	-1
1242	-1
1243	0
1244	-2
1245	0
1246	-2
1247	0
1248	0
1249	0
1250	0
1251	0
1252	-1
1253	0
1254	0
1255	1
1256	0
1257	1
1258	0
1259	2
1260	0
1261	0
1262	0
1263	2
1264	0
1265	1
1266	0
1267	0
1268	0
1269	1
1270	0
1271	0
1272	0
1273	0
1274	0
1275	0
1276	0
1277	0
1278	0
1279	0
1280	0
1281	0
1282	0
1283	-1
1284	0
1285	0
1286	-1
1287	0
1288	0
1289	0
1290	-1
1291	0
1292	-1
1293	-1
1294	-1
1295	0
1296	0
1297	0
1298	0
1299	0
1300	0
1301	0
1302	-1
1303	0
1304	0
1305	0
1306	0
1307	0
1308	0
1309	0
1310	0
1311	0
1312	0
1313	1
1314	0
1315	0
1316	0
1317	0
1318	0
1319	0
1320	0
1321	1
1322	1
1323	2
1324	1
1325	1
1326	1
1327	1
1328	0
1329	0
1330	0
1331	0
1332	0
1333	1
1334	0
1335	0
1336	0
1337	1
1338	0
1339	1
1340	0
1341	1
1342	0
1343	2
1344	0
1345	1
1346	0
1347	0
1348	0
1349	0
1350	0
1351	0
1352	-1
1353	0
1354	-2
1355	0
1356	0
1357	0
1358	0
1359	0
1360	0
1361	-1
1362	0
1363	0
1364	-1
1365	0
1366	-1
1367	0
1368	-2
1369	0
1370	-1
1371	0
1372	-1
1373	0
1374	0
1375	0
1376	0
1377	0
1378	0
1379	0
1380	-1
1381	0
1382	0
1383	0
1384	0
1385	0
1386	-1
1387	0
1388	0
1389	0
1390	0
1391	0
1392	0
1393	0
1394	0
1395	0
1396	-1
1397	0
1398	0
1399	0
1400	0
1401	-1
1402	-1
1403	0
1404	-2
1405	-1
1406	-1
1407	-1
1408	-1
1409	0
1410	-1
1411	0
1412	-1
1413	0
1414	-1
1415	0
1416	0
1417	0
1418	0
1419	0
1420	0
1421	-1
1422	-1
1423	0
1424	0
1425	0
1426	0
1427	1
1428	0
1429	1
1430	0
1431	2
1432	0
1433	1
1434	0
1435	1
1436	1
1437	1
1438	0
1439	0
1440	0
1441	1
1442	0
1443	1
1444	0
1445	2
1446	1
1447	2
1448	0
1449	1
1450	1
1451	2
1452	1
1453	1
1454	1
1455	1
1456	0
1457	2
1458	0
1459	2
1460	0
1461	2
1462	0
1463	2
1464	0
1465	1
1466	0
1467	2
1468	0
1469	3
1470	1
1471	3
1472	1
1473	3
1474	1
1475	1
1476	1
1477	3
1478	1
1479	3
1480	2
1481	2
1482	1
1483	3
1484	2
1485	3
1486	1
1487	3
1488	2
1489	2
1490	1
1491	3
1492	1
1493	1
1494	1
1495	1
1496	1
1497	2
1498	1
1499	2
1500	0
1501	0
1502	0
1503	0
1504	0
1505	0
1506	0
1507	0
1508	0
1509	0
1510	0
1511	0
1512	-1
1513	0
1514	-1
1515	0
1516	-1
1517	0
1518	-1
1519	0
1520	0
1521	0
1522	-1
1523	0
1524	0
1525	0
1526	0
1527	0
1528	-1
1529	0
1530	0
1531	0
1532	-2
1533	0
1534	-2
1535	0
1536	-2
1537	0
1538	-1
1539	0
1540	-2
1541	0
1542	-2
1543	-2
1544	-2
1545	-1
1546	-2
1547	-1
1548	-2
1549	-2
1550	-1
1551	-1
1552	-2
1553	-1
1554	-2
1555	-1
1556	-2
1557	-1
1558	-3
1559	0
1560	-2
1561	0
1562	-1
1563	0
1564	-1
1565	0
1566	-1
1567	0
1568	0
1569	0
1570	-1
1571	0
1572	-2
1573	0
1574	-1
1575	0
1576	-1
1577	0
1578	-2
1579	-1
1580	-2
1581	0
1582	-2
1583	-1
1584	-1
1585	-1
1586	-2
1587	0
1588	-2
1589	0
1590	-3
1591	0
1592	-2
1593	0
1594	-2
1595	0
1596	-2
1597	0
1598	-1
1599	0
1600	-2
1601	0
1602	-2
1603	0
1604	0
1605	0
1606	0
1607	0
1608	0
1609	0
1610	0
1611	1
1612	1
1613	0
1614	0
1615	1
1616	0
1617	1
1618	0
1619	0
1620	0
1621	0
1622	1
1623	0
1624	0
1625	0
1626	0
1627	-1
1628	0
1629	0
1630	0
1631	0
1632	0
1633	0
1634	0
1635	0
1636	0
1637	-1
1638	0
1639	0
1640	-1
1641	0
1642	-1
1643	0
1644	-1
1645	0
1646	0
1647	1
1648	-1
1649	0
1650	-1
1651	0
1652	0
1653	0
1654	0
1655	0
1656	0
1657	0
1658	0
1659	1
1660	0
1661	1
1662	0
1663	1
1664	0
1665	2
1666	0
1667	0
1668	0
1669	0
1670	0
1671	0
1672	0
1673	0
1674	0
1675	0
1676	-1
1677	0
1678	-1
1679	0
1680	-2
1681	0
1682	-2
1683	0
1684	-2
1685	0
1686	-2
1687	0
1688	-2
1689	-1
1690	-2
1691	0
1692	-2
1693	0
1694	-1
1695	0
1696	0
1697	0
1698	0
1699	0
1700	0
1701	0
1702	0
1703	0
1704	0
1705	0
1706	0
1707	0
1708	0
1709	0
1710	0
1711	1
1712	0
1713	0
1714	0
1715	0
1716	0
1717	0
1718	0
1719	0
1720	0
1721	0
1722	0
1723	0
1724	0
1725	0
1726	-1
1727	-1
1728	-1
1729	0
1730	-1
1731	0
1732	-1
1733	0
1734	0
1735	0
1736	0
1737	0
1738	0
1739	0
1740	0
1741	0
1742	0
1743	0
1744	0
1745	0
1746	0
1747	1
1748	0
1749	1
1750	0
1751	0
1752	0
1753	0
1754	0
1755	0
1756	0
1757	0
1758	0
1759	0
1760	-1
1761	1
1762	0
1763	0
1764	0
1765	0
1766	-1
1767	0
1768	0
1769	0
1770	-2
1771	0
1772	-1
1773	0
1774	-1
1775	0
1776	0
1777	0
1778	0
1779	0
1780	0
1781	0
1782	0
1783	0
1784	0
1785	0
1786	0
1787	0
1788	0
1789	0
1790	0
1791	0
1792	0
1793	0
1794	0
1795	1
1796	0
1797	2
1798	0
1799	1
1800	1
1801	0
1802	1
1803	0
1804	0
1805	0
1806	0
1807	0
1808	0
1809	0
1810	0
1811	0
1812	-1
1813	0
1814	-1
1815	0
1816	-1
1817	0
1818	-1
1819	-1
1820	-2
1821	0
1822	-2
1823	0
1824	-1
1825	0
1826	0
1827	0
1828	0
1829	0
1830	0
1831	0
1832	0
1833	0
1834	0
1835	0
1836	0
1837	0
1838	0
1839	0
1840	0
1841	0
1842	0
1843	1
1844	0
1845	0
1846	0
1847	0
1848	0
1849	0
1850	-1
1851	0
1852	0
1853	0
1854	-2
1855	-1
1856	0
1857	0
1858	-1
1859	0
1860	0
1861	0
1862	0
1863	0
1864	0
1865	-1
1866	-1
1867	0
1868	0
1869	0
1870	0
1871	0
1872	0
1873	0
1874	0
1875	0
1876	0
1877	0
1878	0
1879	0
1880	0
1881	0
1882	0
1883	0
1884	0
1885	0
1886	0
1887	0
1888	0
1889	0
1890	0
1891	0
1892	0
1893	0
1894	0
1895	0
1896	0
1897	0
1898	0
1899	0
1900	0
1901	0
1902	0
1903	0
1904	0
1905	0
1906	0
1907	0
1908	0
1909	0
1910	0
1911	0
1912	0
1913	0
1914	0
1915	1
1916	0
1917	2
1918	0
1919	0
1920	0
1921	1
1922	0
1923	0
1924	0
1925	0
1926	0
1927	0
1928	0
1929	0
1930	0
1931	0
1932	-1
1933	0
1934	0
1935	0
1936	-1
1937	0
1938	-1
1939	0
1940	-1
1941	0
1942	0
1943	0
1944	-1
1945	0
1946	-1
1947	0
1948	0
1949	0
1950	0
1951	0
1952	0
1953	0
1954	-1
1955	0
1956	0
1957	-1
1958	0
1959	-1
1960	0
1961	0
1962	0
1963	0
1964	0
1965	0
1966	0
1967	0
1968	-1
1969	0
1970	0
1971	0
1972	0
1973	0
1974	0
1975	0
1976	0
1977	0
1978	0
1979	0
1980	0
1981	0
1982	0
1983	0
1984	0
1985	0
1986	0
1987	1
1988	0
1989	1
1990	0
1991	1
1992	0
1993	1
1994	0
1995	0
1996	0
1997	1
1998	0
1999	1
