0	0
1	0
2	0
3	0
4	0
5	1
6	0
7	1
8	0
9	0
10	0
11	0
12	0
13	1
14	0
15	1
16	0
17	0
18	0
19	0
20	0
21	0
22	0
23	0
24	0
25	0
26	0
27	0
28	0
29	0
30	0
31	1
32	0
33	1
34	0
35	1
36	0
37	1
38	0
39	2
40	0
41	1
42	0
43	1
44	0
45	2
46	0
47	2
48	0
49	1
50	0
51	1
52	0
53	1
54	0
55	2
56	0
57	2
58	0
59	1
60	0
61	1
62	0
63	0
64	0
65	2
66	0
67	0
68	0
69	1
70	0
71	0
72	0
73	2
74	0
75	1
76	0
77	1
78	0
79	0
80	0
81	1
82	0
83	1
84	0
85	0
86	0
87	0
88	0
89	0
90	0
91	2
92	0
93	0
94	0
95	0
96	0
97	0
98	0
99	0
100	0
101	0
102	0
103	0
104	0
105	0
106	0
107	0
108	0
109	1
110	0
111	0
112	0
113	0
114	0
115	1
116	0
117	1
118	0
119	1
120	0
121	1
122	0
123	1
124	0
125	2
126	0
127	0
128	0
129	1
130	0
131	0
132	0
133	1
134	-1
135	0
136	-1
137	0
138	0
139	0
140	0
141	0
142	0
143	0
144	-1
145	1
146	0
147	0
148	0
149	0
150	0
151	0
152	0
153	0
154	0
155	0
156	0
157	0
158	0
159	0
160	0
161	1
162	0
163	1
164	0
165	1
166	0
167	1
168	0
169	2
170	0
171	1
172	0
173	0
174	0
175	1
176	0
177	2
178	0
179	2
180	0
181	1
182	1
183	3
184	0
185	1
186	0
187	1
188	0
189	1
190	0
191	1
192	0
193	1
194	0
195	1
196	0
197	0
198	0
199	0
200	0
201	0
202	0
203	0
204	0
205	0
206	0
207	0
208	0
209	0
210	0
211	0
212	0
213	0
214	0
215	0
216	0
217	0
218	0
219	0
220	0
221	1
222	0
223	0
224	0
225	0
226	0
227	0
228	0
229	2
230	0
231	2
232	0
233	1
234	0
235	1
236	0
237	0
238	0
239	0
240	0
241	1
242	0
243	1
244	0
245	1
246	-1
247	0
248	0
249	0
250	-1
251	0
252	-1
253	0
254	-1
255	0
256	-1
257	0
258	-1
259	0
260	0
261	0
262	0
263	1
264	0
265	0
266	0
267	1
268	0
269	1
270	0
271	0
272	0
273	0
274	0
275	0
276	0
277	0
278	0
279	1
280	0
281	1
282	0
283	0
284	1
285	1
286	0
287	1
288	0
289	1
290	0
291	1
292	0
293	1
294	0
295	1
296	0
297	1
298	0
299	1
300	0
301	1
302	0
303	0
304	0
305	0
306	0
307	1
308	0
309	2
310	0
311	1
312	0
313	1
314	0
315	1
316	0
317	1
318	0
319	2
320	1
321	1
322	0
323	1
324	0
325	2
326	0
327	1
328	0
329	1
330	0
331	1
332	0
333	0
334	0
335	1
336	0
337	0
338	0
339	0
340	0
341	0
342	0
343	0
344	0
345	0
346	0
347	0
348	0
349	0
350	0
351	0
352	0
353	0
354	0
355	1
356	0
357	0
358	0
359	1
360	-1
361	0
362	0
363	0
364	-1
365	2
366	0
367	1
368	0
369	0
370	0
371	0
372	0
373	1
374	0
375	1
376	0
377	0
378	0
379	1
380	0
381	1
382	0
383	1
384	0
385	2
386	0
387	1
388	0
389	2
390	0
391	1
392	0
393	2
394	1
395	1
396	0
397	1
398	1
399	2
400	0
401	2
402	0
403	1
404	0
405	1
406	0
407	1
408	0
409	1
410	0
411	2
412	0
413	1
414	0
415	1
416	0
417	1
418	0
419	1
420	0
421	1
422	0
423	0
424	0
425	0
426	0
427	0
428	0
429	0
430	0
431	1
432	0
433	0
434	0
435	0
436	0
437	0
438	0
439	0
440	0
441	1
442	0
443	2
444	2
445	4
446	4
447	6
448	6
449	11
450	11
451	15
452	15
453	19
454	19
455	25
456	25
457	29
458	32
459	36
460	37
461	42
462	43
463	48
464	48
465	51
466	54
467	57
468	59
469	62
470	62
471	66
472	66
473	70
474	69
475	71
476	72
477	75
478	73
479	75
480	74
481	77
482	74
483	79
484	76
485	78
486	76
487	79
488	75
489	79
490	77
491	78
492	75
493	76
494	73
495	75
496	72
497	74
498	74
499	78
500	62
501	70
502	66
503	67
504	63
505	66
506	61
507	62
508	59
509	60
510	54
511	57
512	50
513	53
514	49
515	51
516	45
517	47
518	41
519	45
520	38
521	39
522	36
523	36
524	33
525	32
526	29
527	30
528	26
529	25
530	21
531	23
532	17
533	18
534	16
535	15
536	12
537	12
538	8
539	9
540	5
541	7
542	3
543	4
544	0
545	2
546	-1
547	0
548	-4
549	-3
550	-5
551	-4
552	-8
553	-6
554	-10
555	-7
556	-11
557	-9
558	-11
559	-10
560	-12
561	-11
562	-14
563	-11
564	-16
565	-13
566	-16
567	-15
568	-17
569	-15
570	-19
571	-14
572	-18
573	-15
574	-18
575	-16
576	-17
577	-16
578	-20
579	-16
580	-19
581	-16
582	-19
583	-16
584	-19
585	-16
586	-18
587	-16
588	-18
589	-16
590	-17
591	-16
592	-17
593	-16
594	-17
595	-16
596	-17
597	-16
598	-18
599	-16
600	-18
601	-16
602	-18
603	-16
604	-17
605	-16
606	-18
607	-17
608	-18
609	-16
610	-17
611	-16
612	-17
613	-16
614	-17
615	-14
616	-17
617	-14
618	-17
619	-13
620	-16
621	-14
622	-16
623	-12
624	-16
625	-11
626	-13
627	-11
628	-14
629	-11
630	-14
631	-11
632	-14
633	-10
634	-12
635	-11
636	-13
637	-9
638	-12
639	-8
640	-12
641	-9
642	-11
643	-8
644	-10
645	-7
646	-11
647	-7
648	-10
649	-6
650	-9
651	-6
652	-11
653	-7
654	-10
655	-8
656	-8
657	-6
658	-8
659	-5
660	-7
661	-4
662	-8
663	-6
664	-7
665	-5
666	-7
667	-4
668	-7
669	-4
670	-6
671	-3
672	-6
673	-2
674	-5
675	-2
676	-4
677	-2
678	-4
679	-2
680	-5
681	-2
682	-4
683	-1
684	-4
685	-2
686	-4
687	-1
688	-2
689	-1
690	-3
691	-1
692	-3
693	0
694	-3
695	0
696	-3
697	0
698	-2
699	-1
700	-3
701	-1
702	-2
703	0
704	-2
705	0
706	-2
707	0
708	-2
709	0
710	-2
711	0
712	-2
713	0
714	-2
715	0
716	-1
717	0
718	-1
719	0
720	-1
721	0
722	-1
723	0
724	-1
725	0
726	0
727	0
728	0
729	0
730	0
731	0
732	-1
733	0
734	0
735	0
736	0
737	0
738	0
739	0
740	0
741	0
742	0
743	0
744	-1
745	0
746	0
747	0
748	0
749	1
750	0
751	1
752	-2
753	1
754	0
755	0
756	0
757	0
758	0
759	0
760	0
761	0
762	0
763	0
764	0
765	0
766	0
767	0
768	0
769	0
770	0
771	0
772	-1
773	0
774	-1
775	0
776	-1
777	0
778	-1
779	0
780	-1
781	0
782	-3
783	0
784	-2
785	0
786	-2
787	0
788	-1
789	0
790	-2
791	0
792	-3
793	0
794	-2
795	0
796	-2
797	-1
798	-2
799	-1
800	-2
801	0
802	-2
803	-1
804	-2
805	0
806	-1
807	0
808	-1
809	0
810	0
811	0
812	-1
813	0
814	-1
815	0
816	0
817	0
818	0
819	1
820	0
821	1
822	0
823	0
824	0
825	0
826	0
827	1
828	0
829	1
830	0
831	0
832	0
833	0
834	0
835	0
836	0
837	0
838	0
839	0
840	0
841	0
842	-1
843	0
844	0
845	0
846	0
847	0
848	0
849	1
850	-1
851	0
852	0
853	1
854	0
855	1
856	-1
857	0
858	0
859	0
860	0
861	1
862	0
863	0
864	0
865	0
866	0
867	0
868	0
869	1
870	0
871	1
872	0
873	0
874	0
875	0
876	0
877	0
878	0
879	0
880	-1
881	0
882	0
883	1
884	0
885	0
886	0
887	0
888	0
889	1
890	0
891	0
892	0
893	1
894	-1
895	0
896	0
897	-1
898	-1
899	0
900	0
901	0
902	0
903	0
904	0
905	0
906	-1
907	0
908	0
909	0
910	0
911	0
912	0
913	0
914	0
915	0
916	-1
917	0
918	0
919	0
920	0
921	0
922	-1
923	0
924	0
925	0
926	0
927	0
928	-1
929	0
930	0
931	0
932	0
933	0
934	0
935	0
936	0
937	0
938	0
939	0
940	0
941	0
942	0
943	0
944	0
945	0
946	0
947	0
948	0
949	0
950	0
951	0
952	0
953	1
954	0
955	1
956	0
957	1
958	0
959	2
960	0
961	1
962	0
963	2
964	0
965	1
966	0
967	0
968	0
969	0
970	0
971	0
972	0
973	0
974	-1
975	0
976	0
977	0
978	-1
979	0
980	0
981	0
982	0
983	0
984	0
985	0
986	0
987	0
988	0
989	0
990	0
991	0
992	0
993	0
994	0
995	0
996	0
997	0
998	0
999	0
1000	0
1001	1
1002	0
1003	0
1004	0
1005	0
1006	0
1007	0
1008	-1
1009	0
1010	0
1011	0
1012	0
1013	0
1014	0
1015	0
1016	0
1017	0
1018	-1
1019	0
1020	-1
1021	0
1022	-1
1023	0
1024	-1
1025	-1
1026	0
1027	0
1028	-1
1029	0
1030	-1
1031	0
1032	0
1033	0
1034	-1
1035	0
1036	0
1037	0
1038	-1
1039	0
1040	-1
1041	0
1042	0
1043	0
1044	-1
1045	0
1046	-1
1047	0
1048	0
1049	1
1050	-1
1051	0
1052	0
1053	0
1054	0
1055	0
1056	-1
1057	0
1058	-1
1059	0
1060	0
1061	0
1062	-1
1063	0
1064	-1
1065	0
1066	0
1067	0
1068	0
1069	0
1070	0
1071	0
1072	0
1073	0
1074	0
1075	0
1076	-1
1077	0
1078	-1
1079	0
1080	0
1081	0
1082	0
1083	0
1084	0
1085	1
1086	0
1087	1
1088	0
1089	1
1090	-1
1091	0
1092	0
1093	0
1094	0
1095	0
1096	0
1097	0
1098	0
1099	0
1100	0
1101	1
1102	0
1103	0
1104	0
1105	0
1106	0
1107	0
1108	0
1109	0
1110	0
1111	0
1112	0
1113	0
1114	0
1115	0
1116	0
1117	0
1118	0
1119	0
1120	0
1121	0
1122	0
1123	0
1124	0
1125	0
1126	0
1127	0
1128	0
1129	0
1130	0
1131	0
1132	0
1133	0
1134	0
1135	0
1136	0
1137	0
1138	0
1139	1
1140	0
1141	0
1142	0
1143	1
1144	0
1145	1
1146	0
1147	1
1148	0
1149	1
1150	0
1151	0
1152	0
1153	1
1154	0
1155	1
1156	0
1157	1
1158	0
1159	1
1160	0
1161	1
1162	0
1163	2
1164	1
1165	1
1166	1
1167	2
1168	1
1169	2
1170	1
1171	2
1172	2
1173	3
1174	1
1175	2
1176	1
1177	3
1178	1
1179	3
1180	2
1181	4
1182	1
1183	2
1184	1
1185	3
1186	1
1187	3
1188	0
1189	3
1190	1
1191	3
1192	1
1193	2
1194	0
1195	2
1196	0
1197	1
1198	1
1199	1
1200	0
1201	1
1202	0
1203	0
1204	0
1205	0
1206	0
1207	0
1208	0
1209	0
1210	0
1211	0
1212	0
1213	1
1214	0
1215	0
1216	0
1217	0
1218	0
1219	0
1220	-1
1221	0
1222	0
1223	0
1224	0
1225	0
1226	0
1227	0
1228	0
1229	0
1230	0
1231	0
1232	-1
1233	0
1234	0
1235	0
1236	-1
1237	0
1238	0
1239	0
1240	-1
1241	0
1242	-1
1243	0
1244	0
1245	0
1246	-1
1247	0
1248	-1
1249	0
1250	-1
1251	0
1252	-1
1253	0
1254	-2
1255	0
1256	-1
1257	0
1258	-1
1259	0
1260	-1
1261	0
1262	-1
1263	0
1264	-1
1265	1
1266	-1
1267	1
1268	-1
1269	1
1270	0
1271	1
1272	0
1273	0
1274	-1
1275	0
1276	0
1277	1
1278	-1
1279	0
1280	0
1281	0
1282	0
1283	0
1284	0
1285	0
1286	0
1287	0
1288	-1
1289	0
1290	-1
1291	0
1292	0
1293	0
1294	0
1295	0
1296	-1
1297	0
1298	0
1299	0
1300	-1
1301	1
1302	0
1303	0
1304	0
1305	0
1306	0
1307	2
1308	0
1309	1
1310	0
1311	2
1312	0
1313	2
1314	0
1315	2
1316	0
1317	2
1318	0
1319	2
1320	0
1321	2
1322	0
1323	3
1324	0
1325	2
1326	1
1327	1
1328	0
1329	2
1330	1
1331	2
1332	1
1333	3
1334	2
1335	2
1336	1
1337	4
1338	1
1339	3
1340	1
1341	4
1342	1
1343	3
1344	0
1345	2
1346	1
1347	2
1348	0
1349	2
1350	1
1351	1
1352	0
1353	1
1354	0
1355	1
1356	0
1357	0
1358	0
1359	0
1360	0
1361	0
1362	0
1363	0
1364	0
1365	0
1366	0
1367	0
1368	-1
1369	0
1370	0
1371	0
1372	0
1373	0
1374	0
1375	0
1376	0
1377	0
1378	0
1379	0
1380	0
1381	0
1382	-1
1383	1
1384	-1
1385	1
1386	-1
1387	0
1388	-1
1389	0
1390	-1
1391	0
1392	-1
1393	0
1394	-1
1395	0
1396	0
1397	0
1398	0
1399	1
1400	-1
1401	1
1402	0
1403	0
1404	0
1405	0
1406	0
1407	0
1408	0
1409	0
1410	0
1411	0
1412	0
1413	0
1414	0
1415	0
1416	-1
1417	0
1418	-1
1419	0
1420	-1
1421	0
1422	0
1423	0
1424	-1
1425	0
1426	0
1427	0
1428	-1
1429	0
1430	0
1431	0
1432	0
1433	0
1434	0
1435	0
1436	0
1437	0
1438	-1
1439	-1
1440	-1
1441	0
1442	-1
1443	0
1444	-1
1445	0
1446	-1
1447	-1
1448	-1
1449	-1
1450	-2
1451	0
1452	-2
1453	0
1454	-1
1455	0
1456	-1
1457	0
1458	0
1459	0
1460	0
1461	0
1462	-1
1463	0
1464	0
1465	1
1466	0
1467	1
1468	0
1469	0
1470	0
1471	0
1472	0
1473	1
1474	0
1475	0
1476	0
1477	0
1478	0
1479	0
1480	0
1481	0
1482	0
1483	1
1484	0
1485	0
1486	0
1487	0
1488	0
1489	0
1490	-1
1491	0
1492	-2
1493	0
1494	0
1495	0
1496	-1
1497	0
1498	-1
1499	0
1500	-1
1501	0
1502	-1
1503	0
1504	-1
1505	0
1506	-1
1507	0
1508	-1
1509	0
1510	0
1511	0
1512	0
1513	0
1514	0
1515	0
1516	0
1517	0
1518	0
1519	1
1520	0
1521	0
1522	0
1523	0
1524	0
1525	2
1526	0
1527	1
1528	0
1529	1
1530	0
1531	1
1532	0
1533	1
1534	0
1535	1
1536	0
1537	0
1538	0
1539	0
1540	0
1541	0
1542	0
1543	0
1544	0
1545	0
1546	0
1547	0
1548	0
1549	0
1550	-1
1551	0
1552	-1
1553	0
1554	-1
1555	0
1556	-1
1557	0
1558	-1
1559	0
1560	-1
1561	0
1562	0
1563	0
1564	-1
1565	0
1566	-1
1567	0
1568	0
1569	0
1570	-1
1571	0
1572	0
1573	0
1574	0
1575	0
1576	0
1577	1
1578	0
1579	0
1580	0
1581	0
1582	0
1583	1
1584	0
1585	1
1586	0
1587	0
1588	0
1589	0
1590	-1
1591	1
1592	0
1593	1
1594	0
1595	0
1596	-1
1597	0
1598	-1
1599	0
1600	-1
1601	0
1602	-1
1603	0
1604	-1
1605	0
1606	0
1607	0
1608	0
1609	0
1610	0
1611	0
1612	-1
1613	1
1614	0
1615	0
1616	0
1617	0
1618	0
1619	0
1620	0
1621	0
1622	0
1623	0
1624	0
1625	0
1626	0
1627	0
1628	0
1629	0
1630	0
1631	0
1632	0
1633	0
1634	0
1635	0
1636	0
1637	0
1638	0
1639	0
1640	0
1641	0
1642	0
1643	0
1644	0
1645	0
1646	0
1647	0
1648	0
1649	0
1650	0
1651	0
1652	0
1653	0
1654	0
1655	0
1656	0
1657	1
1658	0
1659	1
1660	0
1661	0
1662	0
1663	0
1664	0
1665	0
1666	0
1667	0
1668	0
1669	0
1670	0
1671	0
1672	0
1673	-1
1674	-1
1675	0
1676	-1
1677	0
1678	-1
1679	0
1680	0
1681	0
1682	0
1683	0
1684	0
1685	0
1686	0
1687	1
1688	-1
1689	0
1690	0
1691	0
1692	0
1693	0
1694	0
1695	0
1696	0
1697	0
1698	0
1699	0
1700	-1
1701	0
1702	0
1703	0
1704	0
1705	0
1706	0
1707	0
1708	0
1709	0
1710	0
1711	0
1712	-1
1713	0
1714	0
1715	0
1716	0
1717	0
1718	-1
1719	0
1720	-1
1721	0
1722	-1
1723	0
1724	-1
1725	0
1726	-1
1727	0
1728	-1
1729	0
1730	0
1731	0
1732	-1
1733	0
1734	0
1735	0
1736	0
1737	0
1738	0
1739	0
1740	-1
1741	0
1742	0
1743	0
1744	0
1745	0
1746	0
1747	0
1748	0
1749	1
1750	0
1751	1
1752	0
1753	1
1754	0
1755	0
1756	0
1757	0
1758	0
1759	0
1760	0
1761	0
1762	0
1763	0
1764	0
1765	0
1766	0
1767	0
1768	0
1769	1
1770	0
1771	0
1772	0
1773	0
1774	0
1775	0
1776	0
1777	0
1778	0
1779	0
1780	0
1781	0
1782	0
1783	0
1784	0
1785	0
1786	0
1787	0
1788	0
1789	0
1790	0
1791	0
1792	0
1793	0
1794	0
1795	0
1796	0
1797	0
1798	0
1799	0
1800	0
1801	0
1802	0
1803	0
1804	0
1805	0
1806	-1
1807	1
1808	0
1809	0
1810	0
1811	0
1812	0
1813	1
1814	-1
1815	0
1816	0
1817	0
1818	0
1819	0
1820	-1
1821	0
1822	0
1823	0
1824	0
1825	0
1826	-1
1827	0
1828	0
1829	0
1830	0
1831	0
1832	-1
1833	0
1834	0
1835	0
1836	0
1837	0
1838	0
1839	0
1840	-1
1841	0
1842	0
1843	0
1844	0
1845	0
1846	0
1847	1
1848	0
1849	1
1850	1
1851	1
1852	0
1853	0
1854	0
1855	0
1856	0
1857	0
1858	0
1859	0
1860	0
1861	0
1862	0
1863	0
1864	-1
1865	0
1866	0
1867	0
1868	-1
1869	0
1870	0
1871	0
1872	-1
1873	0
1874	-1
1875	0
1876	0
1877	0
1878	-1
1879	0
1880	0
1881	0
1882	0
1883	0
1884	0
1885	0
1886	0
1887	1
1888	0
1889	0
1890	0
1891	0
1892	0
1893	0
1894	0
1895	0
1896	0
1897	0
1898	0
1899	0
1900	0
1901	0
1902	0
1903	0
1904	0
1905	0
1906	0
1907	0
1908	0
1909	1
1910	0
1911	1
1912	0
1913	0
1914	0
1915	0
1916	0
1917	0
1918	0
1919	0
1920	0
1921	0
1922	0
1923	0
1924	0
1925	0
1926	0
1927	0
1928	0
1929	0
1930	0
1931	0
1932	0
1933	0
1934	0
1935	0
1936	0
1937	0
1938	0
1939	0
1940	0
1941	1
1942	0
1943	1
1944	0
1945	1
1946	0
1947	0
1948	0
1949	1
1950	0
1951	0
1952	0
1953	0
1954	0
1955	0
1956	0
1957	0
1958	0
1959	0
1960	0
1961	0
1962	0
1963	0
1964	0
1965	0
1966	0
1967	0
1968	0
1969	0
1970	0
1971	0
1972	0
1973	0
1974	0
1975	0
1976	0
1977	0
1978	0
1979	1
1980	0
1981	0
1982	0
1983	0
1984	0
1985	0
1986	0
1987	0
1988	0
1989	0
1990	0
1991	0
1992	-1
1993	0
1994	-1
1995	0
1996	-1
1997	0
1998	-1
1999	0
