0	-1
1	0
2	0
3	1
4	0
5	2
6	0
7	3
8	0
9	3
10	0
11	2
12	0
13	1
14	0
15	2
16	0
17	2
18	0
19	2
20	0
21	0
22	0
23	0
24	0
25	1
26	0
27	0
28	0
29	0
30	0
31	0
32	0
33	1
34	0
35	0
36	0
37	0
38	0
39	0
40	0
41	0
42	0
43	0
44	0
45	0
46	0
47	1
48	0
49	1
50	0
51	0
52	0
53	1
54	0
55	1
56	0
57	2
58	0
59	1
60	-1
61	1
62	0
63	1
64	0
65	1
66	0
67	1
68	0
69	1
70	0
71	1
72	0
73	1
74	0
75	3
76	0
77	1
78	0
79	1
80	0
81	0
82	0
83	0
84	-1
85	0
86	0
87	-1
88	0
89	0
90	-1
91	-1
92	-1
93	0
94	-1
95	1
96	-1
97	0
98	-1
99	0
100	-1
101	1
102	0
103	2
104	0
105	1
106	0
107	0
108	0
109	1
110	0
111	1
112	0
113	1
114	0
115	0
116	0
117	0
118	0
119	0
120	0
121	1
122	0
123	0
124	0
125	1
126	0
127	1
128	0
129	0
130	0
131	1
132	0
133	0
134	0
135	1
136	0
137	1
138	0
139	2
140	0
141	3
142	0
143	2
144	0
145	2
146	0
147	1
148	0
149	1
150	0
151	2
152	0
153	2
154	0
155	2
156	0
157	2
158	0
159	1
160	0
161	0
162	0
163	1
164	0
165	1
166	0
167	1
168	0
169	2
170	0
171	0
172	0
173	1
174	0
175	1
176	0
177	1
178	0
179	0
180	0
181	1
182	0
183	0
184	-1
185	0
186	0
187	0
188	-1
189	1
190	0
191	1
192	0
193	0
194	0
195	0
196	0
197	0
198	0
199	1
200	0
201	0
202	0
203	2
204	0
205	1
206	0
207	1
208	0
209	0
210	0
211	0
212	0
213	1
214	0
215	1
216	0
217	0
218	0
219	0
220	0
221	1
222	0
223	1
224	0
225	2
226	0
227	1
228	0
229	0
230	0
231	1
232	0
233	3
234	0
235	0
236	0
237	0
238	0
239	2
240	0
241	2
242	0
243	1
244	0
245	2
246	0
247	1
248	0
249	1
250	0
251	1
252	1
253	1
254	0
255	2
256	0
257	2
258	0
259	2
260	0
261	3
262	0
263	2
264	0
265	2
266	0
267	3
268	0
269	1
270	0
271	1
272	0
273	1
274	0
275	0
276	0
277	0
278	0
279	0
280	-1
281	0
282	0
283	0
284	0
285	0
286	-1
287	0
288	-1
289	1
290	0
291	0
292	0
293	0
294	0
295	0
296	-1
297	0
298	0
299	0
300	0
301	1
302	0
303	0
304	0
305	1
306	0
307	1
308	0
309	0
310	0
311	0
312	0
313	1
314	0
315	2
316	0
317	2
318	0
319	0
320	0
321	1
322	0
323	1
324	0
325	0
326	0
327	1
328	0
329	1
330	-1
331	2
332	0
333	1
334	0
335	0
336	0
337	2
338	0
339	0
340	0
341	1
342	0
343	0
344	0
345	0
346	0
347	0
348	1
349	2
350	0
351	3
352	0
353	2
354	0
355	2
356	0
357	2
358	0
359	2
360	0
361	3
362	0
363	3
364	0
365	2
366	1
367	3
368	0
369	2
370	0
371	1
372	0
373	1
374	0
375	1
376	0
377	1
378	0
379	0
380	-1
381	0
382	0
383	0
384	-1
385	0
386	-1
387	0
388	-1
389	0
390	-1
391	0
392	0
393	0
394	0
395	0
396	0
397	0
398	0
399	0
400	0
401	1
402	0
403	0
404	0
405	0
406	0
407	1
408	0
409	0
410	0
411	1
412	0
413	0
414	0
415	0
416	0
417	0
418	0
419	0
420	0
421	0
422	0
423	1
424	-1
425	1
426	0
427	0
428	-1
429	1
430	0
431	1
432	0
433	1
434	0
435	1
436	0
437	1
438	0
439	2
440	0
441	2
442	0
443	3
444	0
445	4
446	0
447	6
448	2
449	8
450	7
451	13
452	11
453	17
454	15
455	22
456	21
457	30
458	28
459	35
460	35
461	41
462	43
463	49
464	49
465	55
466	55
467	60
468	61
469	66
470	66
471	70
472	71
473	74
474	74
475	78
476	76
477	79
478	79
479	83
480	78
481	85
482	80
483	86
484	81
485	85
486	82
487	84
488	81
489	84
490	80
491	82
492	78
493	79
494	74
495	76
496	73
497	76
498	75
499	78
500	62
501	69
502	65
503	67
504	63
505	65
506	57
507	61
508	56
509	56
510	53
511	54
512	46
513	49
514	44
515	45
516	41
517	42
518	38
519	39
520	33
521	35
522	29
523	31
524	27
525	28
526	24
527	25
528	20
529	24
530	16
531	19
532	14
533	15
534	11
535	13
536	8
537	10
538	5
539	7
540	3
541	5
542	0
543	2
544	-1
545	0
546	-3
547	-1
548	-6
549	-4
550	-6
551	-5
552	-8
553	-5
554	-9
555	-7
556	-10
557	-8
558	-11
559	-9
560	-11
561	-9
562	-12
563	-11
564	-13
565	-12
566	-13
567	-12
568	-12
569	-11
570	-15
571	-11
572	-15
573	-11
574	-15
575	-12
576	-15
577	-13
578	-15
579	-13
580	-15
581	-13
582	-14
583	-13
584	-15
585	-14
586	-15
587	-14
588	-16
589	-15
590	-16
591	-15
592	-15
593	-15
594	-16
595	-15
596	-16
597	-15
598	-16
599	-14
600	-16
601	-15
602	-15
603	-15
604	-16
605	-15
606	-16
607	-14
608	-15
609	-15
610	-15
611	-14
612	-16
613	-13
614	-15
615	-11
616	-15
617	-13
618	-15
619	-13
620	-14
621	-11
622	-14
623	-12
624	-14
625	-11
626	-15
627	-10
628	-13
629	-11
630	-13
631	-11
632	-14
633	-10
634	-13
635	-9
636	-13
637	-9
638	-12
639	-8
640	-13
641	-8
642	-13
643	-7
644	-11
645	-7
646	-11
647	-6
648	-10
649	-6
650	-10
651	-5
652	-9
653	-4
654	-10
655	-4
656	-8
657	-4
658	-10
659	-3
660	-8
661	-2
662	-8
663	-3
664	-8
665	-4
666	-8
667	-4
668	-6
669	-3
670	-8
671	-3
672	-7
673	-2
674	-6
675	-2
676	-6
677	-2
678	-5
679	-2
680	-6
681	-1
682	-5
683	-1
684	-4
685	0
686	-3
687	0
688	-3
689	0
690	-2
691	0
692	-1
693	0
694	-1
695	0
696	-2
697	1
698	0
699	0
700	0
701	0
702	-1
703	1
704	-1
705	1
706	-2
707	0
708	0
709	0
710	-1
711	0
712	0
713	2
714	0
715	1
716	0
717	1
718	0
719	0
720	0
721	0
722	0
723	0
724	0
725	1
726	-1
727	0
728	0
729	0
730	-1
731	0
732	-2
733	0
734	-1
735	0
736	0
737	0
738	-2
739	0
740	-1
741	0
742	-2
743	0
744	-2
745	-1
746	-2
747	0
748	-1
749	0
750	-2
751	0
752	-1
753	0
754	-2
755	0
756	-2
757	0
758	-3
759	0
760	-3
761	0
762	-3
763	0
764	-4
765	0
766	-2
767	0
768	-1
769	0
770	-2
771	0
772	-2
773	0
774	-2
775	0
776	-2
777	0
778	-2
779	0
780	-1
781	0
782	-1
783	0
784	-1
785	0
786	-2
787	0
788	-2
789	0
790	-1
791	0
792	-1
793	0
794	-1
795	0
796	0
797	0
798	-1
799	0
800	-1
801	0
802	-1
803	0
804	-1
805	0
806	-2
807	1
808	-2
809	0
810	-1
811	0
812	-2
813	0
814	-2
815	0
816	-3
817	0
818	-2
819	0
820	-2
821	0
822	0
823	0
824	-1
825	0
826	-1
827	0
828	-2
829	0
830	-2
831	0
832	-1
833	0
834	-2
835	0
836	-2
837	0
838	-1
839	-1
840	-2
841	0
842	-2
843	0
844	-2
845	0
846	-2
847	0
848	-1
849	0
850	0
851	0
852	0
853	0
854	0
855	0
856	-1
857	0
858	-1
859	0
860	-1
861	0
862	-2
863	0
864	-2
865	0
866	-3
867	0
868	0
869	0
870	-1
871	0
872	-1
873	0
874	-1
875	1
876	-1
877	0
878	-1
879	0
880	-2
881	0
882	-2
883	0
884	-1
885	0
886	-1
887	0
888	-1
889	0
890	-2
891	0
892	-2
893	0
894	0
895	0
896	0
897	0
898	0
899	0
900	0
901	0
902	0
903	0
904	-1
905	0
906	-1
907	0
908	-1
909	0
910	0
911	1
912	-1
913	1
914	0
915	0
916	0
917	2
918	-1
919	2
920	-1
921	0
922	-1
923	1
924	0
925	0
926	-1
927	1
928	0
929	0
930	-1
931	0
932	-1
933	0
934	-1
935	0
936	0
937	0
938	0
939	0
940	0
941	0
942	0
943	1
944	0
945	0
946	0
947	0
948	0
949	0
950	0
951	1
952	0
953	1
954	0
955	0
956	0
957	2
958	0
959	1
960	0
961	0
962	0
963	0
964	-1
965	0
966	-1
967	0
968	0
969	0
970	-1
971	0
972	-1
973	0
974	-2
975	0
976	-1
977	0
978	-2
979	0
980	-1
981	0
982	-1
983	0
984	-1
985	0
986	-1
987	0
988	-1
989	0
990	-1
991	0
992	-1
993	0
994	-1
995	0
996	-1
997	0
998	-1
999	0
1000	-1
1001	0
1002	-1
1003	0
1004	0
1005	0
1006	0
1007	0
1008	-1
1009	0
1010	0
1011	0
1012	0
1013	0
1014	0
1015	0
1016	0
1017	0
1018	0
1019	0
1020	-1
1021	0
1022	-1
1023	0
1024	0
1025	0
1026	0
1027	0
1028	0
1029	0
1030	-1
1031	1
1032	-1
1033	1
1034	-1
1035	1
1036	0
1037	0
1038	0
1039	0
1040	-1
1041	0
1042	0
1043	0
1044	-1
1045	0
1046	0
1047	0
1048	0
1049	0
1050	0
1051	0
1052	0
1053	2
1054	0
1055	1
1056	0
1057	1
1058	0
1059	1
1060	1
1061	1
1062	1
1063	2
1064	0
1065	3
1066	0
1067	3
1068	1
1069	2
1070	0
1071	2
1072	0
1073	2
1074	1
1075	3
1076	0
1077	2
1078	0
1079	2
1080	0
1081	3
1082	0
1083	2
1084	0
1085	2
1086	0
1087	2
1088	0
1089	1
1090	0
1091	2
1092	0
1093	2
1094	0
1095	1
1096	0
1097	1
1098	0
1099	1
1100	0
1101	0
1102	0
1103	0
1104	-1
1105	1
1106	0
1107	1
1108	0
1109	1
1110	0
1111	1
1112	-1
1113	1
1114	0
1115	2
1116	0
1117	1
1118	0
1119	1
1120	0
1121	1
1122	0
1123	1
1124	-1
1125	1
1126	0
1127	1
1128	-1
1129	0
1130	0
1131	1
1132	-1
1133	1
1134	-1
1135	1
1136	0
1137	1
1138	0
1139	1
1140	0
1141	2
1142	0
1143	1
1144	0
1145	0
1146	-1
1147	1
1148	0
1149	1
1150	0
1151	0
1152	0
1153	0
1154	0
1155	0
1156	0
1157	0
1158	0
1159	1
1160	0
1161	0
1162	0
1163	1
1164	0
1165	0
1166	0
1167	1
1168	0
1169	1
1170	0
1171	2
1172	0
1173	2
1174	1
1175	3
1176	1
1177	2
1178	1
1179	3
1180	1
1181	3
1182	1
1183	3
1184	0
1185	3
1186	1
1187	3
1188	0
1189	2
1190	1
1191	1
1192	1
1193	1
1194	0
1195	1
1196	0
1197	1
1198	0
1199	1
1200	0
1201	1
1202	0
1203	1
1204	0
1205	0
1206	-1
1207	0
1208	-1
1209	0
1210	-1
1211	0
1212	-1
1213	1
1214	0
1215	1
1216	-1
1217	0
1218	-1
1219	0
1220	-1
1221	0
1222	0
1223	1
1224	0
1225	0
1226	0
1227	0
1228	0
1229	0
1230	0
1231	1
1232	0
1233	1
1234	0
1235	1
1236	0
1237	0
1238	0
1239	0
1240	-1
1241	0
1242	0
1243	0
1244	0
1245	0
1246	-1
1247	0
1248	-1
1249	0
1250	-1
1251	0
1252	-1
1253	0
1254	-1
1255	0
1256	-1
1257	0
1258	-1
1259	0
1260	-1
1261	0
1262	0
1263	0
1264	-2
1265	1
1266	-2
1267	1
1268	-1
1269	0
1270	-2
1271	0
1272	-2
1273	0
1274	-1
1275	0
1276	-1
1277	0
1278	0
1279	0
1280	0
1281	0
1282	-1
1283	0
1284	-2
1285	0
1286	-1
1287	0
1288	-2
1289	0
1290	-1
1291	0
1292	-1
1293	0
1294	-1
1295	0
1296	0
1297	0
1298	-1
1299	1
1300	-1
1301	1
1302	-1
1303	0
1304	-1
1305	0
1306	0
1307	0
1308	0
1309	0
1310	-1
1311	0
1312	0
1313	0
1314	0
1315	0
1316	0
1317	0
1318	-1
1319	0
1320	0
1321	0
1322	0
1323	0
1324	0
1325	1
1326	-1
1327	0
1328	-1
1329	1
1330	0
1331	0
1332	0
1333	0
1334	-2
1335	0
1336	-1
1337	0
1338	-1
1339	0
1340	-1
1341	1
1342	-1
1343	0
1344	-1
1345	0
1346	-1
1347	0
1348	-1
1349	0
1350	0
1351	0
1352	0
1353	0
1354	0
1355	0
1356	-1
1357	0
1358	-1
1359	1
1360	0
1361	0
1362	0
1363	0
1364	0
1365	0
1366	-1
1367	1
1368	-1
1369	0
1370	-1
1371	1
1372	-1
1373	0
1374	0
1375	0
1376	-1
1377	0
1378	0
1379	0
1380	0
1381	0
1382	-1
1383	0
1384	-1
1385	0
1386	-1
1387	1
1388	0
1389	1
1390	-1
1391	0
1392	0
1393	0
1394	0
1395	1
1396	-1
1397	0
1398	0
1399	0
1400	-1
1401	0
1402	0
1403	0
1404	0
1405	0
1406	0
1407	0
1408	0
1409	0
1410	0
1411	0
1412	0
1413	0
1414	0
1415	0
1416	0
1417	0
1418	-1
1419	0
1420	-1
1421	0
1422	-1
1423	0
1424	0
1425	0
1426	0
1427	0
1428	-1
1429	0
1430	-2
1431	0
1432	-1
1433	0
1434	-1
1435	0
1436	-1
1437	0
1438	0
1439	0
1440	0
1441	0
1442	-1
1443	0
1444	0
1445	0
1446	0
1447	0
1448	0
1449	1
1450	0
1451	0
1452	0
1453	0
1454	0
1455	1
1456	0
1457	1
1458	0
1459	0
1460	0
1461	0
1462	-1
1463	0
1464	0
1465	0
1466	-1
1467	0
1468	-1
1469	0
1470	-2
1471	1
1472	-1
1473	0
1474	-1
1475	0
1476	-1
1477	0
1478	-2
1479	1
1480	0
1481	1
1482	0
1483	0
1484	0
1485	1
1486	0
1487	1
1488	0
1489	1
1490	0
1491	2
1492	0
1493	0
1494	0
1495	1
1496	-1
1497	1
1498	-1
1499	0
1500	-1
1501	0
1502	-2
1503	1
1504	-2
1505	0
1506	-1
1507	0
1508	-3
1509	0
1510	-1
1511	0
1512	-1
1513	0
1514	-1
1515	0
1516	-2
1517	0
1518	-1
1519	0
1520	0
1521	0
1522	0
1523	0
1524	0
1525	1
1526	0
1527	0
1528	0
1529	1
1530	0
1531	0
1532	0
1533	0
1534	0
1535	0
1536	0
1537	0
1538	-1
1539	1
1540	0
1541	0
1542	0
1543	0
1544	0
1545	0
1546	0
1547	0
1548	-1
1549	0
1550	0
1551	1
1552	0
1553	1
1554	0
1555	0
1556	0
1557	0
1558	0
1559	0
1560	-1
1561	0
1562	0
1563	0
1564	0
1565	1
1566	-1
1567	0
1568	0
1569	0
1570	0
1571	0
1572	0
1573	0
1574	-1
1575	0
1576	0
1577	0
1578	0
1579	1
1580	0
1581	1
1582	0
1583	1
1584	-1
1585	0
1586	0
1587	0
1588	0
1589	1
1590	0
1591	0
1592	0
1593	0
1594	0
1595	0
1596	0
1597	0
1598	0
1599	0
1600	0
1601	0
1602	0
1603	0
1604	0
1605	0
1606	0
1607	1
1608	0
1609	0
1610	0
1611	0
1612	0
1613	0
1614	0
1615	0
1616	0
1617	0
1618	0
1619	1
1620	0
1621	0
1622	0
1623	1
1624	0
1625	1
1626	0
1627	1
1628	-1
1629	0
1630	-1
1631	0
1632	0
1633	1
1634	-1
1635	0
1636	0
1637	0
1638	0
1639	0
1640	0
1641	1
1642	0
1643	0
1644	0
1645	1
1646	0
1647	1
1648	0
1649	2
1650	0
1651	1
1652	0
1653	1
1654	0
1655	0
1656	0
1657	0
1658	0
1659	1
1660	0
1661	1
1662	0
1663	0
1664	0
1665	0
1666	-1
1667	0
1668	0
1669	0
1670	-1
1671	0
1672	-1
1673	0
1674	-1
1675	0
1676	-1
1677	0
1678	-1
1679	0
1680	0
1681	0
1682	-1
1683	0
1684	-1
1685	0
1686	-1
1687	0
1688	-1
1689	0
1690	-1
1691	0
1692	0
1693	1
1694	0
1695	1
1696	0
1697	1
1698	0
1699	1
1700	0
1701	0
1702	0
1703	0
1704	-1
1705	0
1706	0
1707	0
1708	0
1709	0
1710	-2
1711	0
1712	-1
1713	0
1714	-1
1715	0
1716	-1
1717	0
1718	-1
1719	0
1720	0
1721	0
1722	-1
1723	0
1724	0
1725	0
1726	0
1727	0
1728	0
1729	1
1730	0
1731	0
1732	0
1733	0
1734	0
1735	1
1736	0
1737	1
1738	0
1739	2
1740	0
1741	0
1742	0
1743	1
1744	0
1745	0
1746	-1
1747	1
1748	0
1749	2
1750	0
1751	0
1752	0
1753	0
1754	0
1755	0
1756	0
1757	1
1758	0
1759	1
1760	0
1761	1
1762	0
1763	0
1764	0
1765	0
1766	0
1767	1
1768	-1
1769	0
1770	-1
1771	0
1772	-1
1773	0
1774	0
1775	0
1776	0
1777	0
1778	-1
1779	0
1780	-1
1781	0
1782	-1
1783	0
1784	0
1785	0
1786	0
1787	1
1788	-1
1789	2
1790	-1
1791	2
1792	0
1793	1
1794	-1
1795	0
1796	-1
1797	0
1798	-1
1799	0
1800	-1
1801	0
1802	-1
1803	0
1804	-1
1805	0
1806	-1
1807	0
1808	-1
1809	0
1810	-1
1811	0
1812	-1
1813	0
1814	-1
1815	0
1816	0
1817	0
1818	0
1819	1
1820	-1
1821	0
1822	0
1823	2
1824	0
1825	2
1826	0
1827	1
1828	0
1829	2
1830	0
1831	2
1832	0
1833	2
1834	1
1835	2
1836	0
1837	2
1838	0
1839	2
1840	1
1841	2
1842	1
1843	2
1844	0
1845	2
1846	0
1847	1
1848	0
1849	1
1850	0
1851	1
1852	0
1853	2
1854	1
1855	1
1856	0
1857	2
1858	0
1859	1
1860	0
1861	2
1862	0
1863	2
1864	0
1865	2
1866	0
1867	1
1868	0
1869	2
1870	0
1871	3
1872	0
1873	1
1874	0
1875	1
1876	0
1877	1
1878	0
1879	0
1880	0
1881	0
1882	0
1883	2
1884	-1
1885	0
1886	0
1887	0
1888	-1
1889	0
1890	0
1891	1
1892	0
1893	1
1894	0
1895	1
1896	0
1897	2
1898	0
1899	2
1900	0
1901	0
1902	0
1903	2
1904	0
1905	1
1906	0
1907	2
1908	0
1909	2
1910	0
1911	3
1912	0
1913	2
1914	0
1915	4
1916	0
1917	2
1918	1
1919	2
1920	0
1921	2
1922	1
1923	1
1924	1
1925	3
1926	0
1927	1
1928	0
1929	1
1930	0
1931	2
1932	0
1933	2
1934	0
1935	1
1936	0
1937	1
1938	0
1939	2
1940	0
1941	1
1942	0
1943	1
1944	0
1945	1
1946	0
1947	1
1948	0
1949	2
1950	0
1951	0
1952	-1
1953	0
1954	0
1955	0
1956	0
1957	1
1958	0
1959	0
1960	-1
1961	1
1962	0
1963	0
1964	0
1965	0
1966	0
1967	1
1968	0
1969	1
1970	0
1971	0
1972	0
1973	0
1974	0
1975	1
1976	-1
1977	1
1978	-1
1979	0
1980	-1
1981	0
1982	-1
1983	0
1984	-1
1985	1
1986	-1
1987	0
1988	-1
1989	0
1990	-1
1991	0
1992	-2
1993	0
1994	0
1995	0
1996	-2
1997	0
1998	-1
1999	0
