0	0
1	0
2	0
3	1
4	0
5	1
6	0
7	0
8	0
9	0
10	0
11	0
12	0
13	1
14	0
15	1
16	0
17	0
18	0
19	0
20	0
21	0
22	0
23	0
24	0
25	1
26	0
27	1
28	0
29	0
30	0
31	0
32	0
33	0
34	0
35	0
36	0
37	0
38	-1
39	0
40	0
41	0
42	0
43	0
44	0
45	1
46	0
47	0
48	0
49	0
50	0
51	0
52	0
53	0
54	0
55	0
56	0
57	0
58	0
59	0
60	0
61	1
62	0
63	0
64	0
65	1
66	0
67	1
68	1
69	1
70	1
71	1
72	0
73	1
74	0
75	2
76	0
77	2
78	0
79	2
80	0
81	1
82	0
83	2
84	0
85	2
86	0
87	2
88	0
89	1
90	0
91	1
92	0
93	0
94	0
95	0
96	0
97	0
98	0
99	0
100	0
101	0
102	0
103	0
104	0
105	0
106	0
107	0
108	0
109	0
110	-1
111	0
112	0
113	0
114	0
115	0
116	0
117	2
118	1
119	0
120	0
121	0
122	0
123	1
124	0
125	3
126	0
127	1
128	0
129	2
130	0
131	3
132	0
133	1
134	0
135	1
136	0
137	1
138	0
139	1
140	0
141	1
142	0
143	1
144	0
145	0
146	0
147	1
148	0
149	1
150	0
151	0
152	0
153	0
154	0
155	1
156	0
157	0
158	0
159	0
160	0
161	0
162	0
163	0
164	0
165	0
166	0
167	0
168	-1
169	0
170	0
171	0
172	0
173	0
174	0
175	0
176	0
177	1
178	0
179	0
180	0
181	1
182	0
183	1
184	0
185	1
186	0
187	0
188	1
189	1
190	0
191	1
192	0
193	0
194	0
195	0
196	0
197	0
198	0
199	1
200	0
201	2
202	0
203	1
204	0
205	0
206	0
207	0
208	0
209	0
210	0
211	0
212	0
213	0
214	0
215	1
216	0
217	0
218	0
219	1
220	0
221	1
222	0
223	1
224	0
225	1
226	0
227	1
228	0
229	0
230	0
231	1
232	0
233	1
234	1
235	0
236	0
237	1
238	0
239	1
240	0
241	1
242	0
243	2
244	0
245	0
246	0
247	1
248	0
249	1
250	0
251	2
252	0
253	1
254	0
255	1
256	0
257	1
258	0
259	3
260	0
261	1
262	0
263	2
264	0
265	2
266	0
267	1
268	0
269	0
270	0
271	0
272	0
273	1
274	0
275	0
276	0
277	0
278	0
279	0
280	0
281	0
282	0
283	1
284	0
285	1
286	0
287	0
288	0
289	0
290	0
291	0
292	0
293	0
294	0
295	1
296	0
297	1
298	0
299	0
300	0
301	0
302	0
303	0
304	0
305	0
306	0
307	1
308	0
309	1
310	0
311	0
312	0
313	1
314	0
315	0
316	-1
317	0
318	-1
319	0
320	-1
321	0
322	0
323	0
324	0
325	1
326	0
327	0
328	0
329	1
330	0
331	0
332	0
333	0
334	0
335	1
336	0
337	1
338	0
339	1
340	0
341	0
342	0
343	0
344	0
345	0
346	0
347	0
348	1
349	1
350	0
351	3
352	0
353	2
354	0
355	2
356	0
357	1
358	1
359	1
360	1
361	2
362	0
363	1
364	1
365	1
366	0
367	0
368	0
369	2
370	0
371	1
372	0
373	1
374	0
375	2
376	0
377	2
378	0
379	1
380	0
381	0
382	0
383	2
384	0
385	2
386	0
387	2
388	0
389	2
390	0
391	2
392	0
393	2
394	0
395	1
396	0
397	0
398	-1
399	0
400	0
401	0
402	0
403	0
404	0
405	0
406	-1
407	0
408	-1
409	0
410	0
411	0
412	0
413	0
414	0
415	0
416	0
417	0
418	0
419	0
420	1
421	1
422	0
423	1
424	0
425	1
426	0
427	0
428	0
429	1
430	0
431	1
432	0
433	1
434	0
435	1
436	0
437	1
438	0
439	1
440	0
441	1
442	0
443	2
444	0
445	4
446	1
447	7
448	5
449	9
450	9
451	14
452	13
453	19
454	20
455	25
456	25
457	32
458	32
459	38
460	39
461	45
462	46
463	50
464	51
465	56
466	58
467	61
468	63
469	67
470	68
471	72
472	73
473	77
474	76
475	79
476	79
477	82
478	80
479	86
480	81
481	85
482	83
483	87
484	84
485	86
486	83
487	85
488	83
489	83
490	81
491	82
492	77
493	81
494	76
495	77
496	75
497	75
498	75
499	78
500	62
501	68
502	64
503	66
504	62
505	64
506	57
507	60
508	55
509	55
510	49
511	50
512	46
513	46
514	43
515	43
516	40
517	41
518	35
519	36
520	31
521	32
522	27
523	29
524	24
525	24
526	21
527	20
528	17
529	16
530	15
531	15
532	11
533	11
534	8
535	8
536	3
537	4
538	0
539	2
540	-2
541	-1
542	-3
543	-2
544	-5
545	-4
546	-5
547	-5
548	-7
549	-5
550	-8
551	-7
552	-9
553	-9
554	-11
555	-9
556	-12
557	-9
558	-12
559	-10
560	-12
561	-11
562	-14
563	-11
564	-15
565	-13
566	-15
567	-12
568	-16
569	-12
570	-13
571	-12
572	-16
573	-13
574	-16
575	-12
576	-16
577	-14
578	-16
579	-13
580	-14
581	-14
582	-14
583	-13
584	-14
585	-15
586	-15
587	-14
588	-15
589	-13
590	-15
591	-14
592	-14
593	-13
594	-14
595	-13
596	-14
597	-13
598	-15
599	-14
600	-14
601	-13
602	-15
603	-13
604	-16
605	-13
606	-15
607	-13
608	-16
609	-14
610	-14
611	-14
612	-16
613	-14
614	-15
615	-14
616	-15
617	-14
618	-14
619	-13
620	-15
621	-12
622	-15
623	-13
624	-14
625	-12
626	-14
627	-12
628	-13
629	-11
630	-12
631	-11
632	-12
633	-9
634	-11
635	-8
636	-11
637	-8
638	-9
639	-6
640	-9
641	-6
642	-7
643	-6
644	-7
645	-6
646	-8
647	-6
648	-8
649	-6
650	-7
651	-5
652	-7
653	-4
654	-8
655	-5
656	-8
657	-4
658	-7
659	-4
660	-6
661	-5
662	-7
663	-4
664	-7
665	-4
666	-5
667	-5
668	-7
669	-4
670	-6
671	-4
672	-5
673	-4
674	-6
675	-3
676	-5
677	-4
678	-4
679	-2
680	-4
681	0
682	-3
683	-1
684	-3
685	-1
686	-3
687	-1
688	-2
689	-1
690	-2
691	0
692	-3
693	-2
694	0
695	0
696	-1
697	0
698	0
699	0
700	-1
701	0
702	-2
703	0
704	-2
705	0
706	-1
707	0
708	-2
709	0
710	-1
711	0
712	-2
713	0
714	-2
715	0
716	-2
717	0
718	-2
719	0
720	-1
721	0
722	-1
723	0
724	0
725	0
726	-1
727	0
728	-1
729	0
730	0
731	0
732	-1
733	1
734	0
735	0
736	0
737	0
738	0
739	0
740	0
741	0
742	0
743	0
744	0
745	0
746	0
747	0
748	0
749	0
750	-1
751	0
752	-1
753	-1
754	-1
755	0
756	-1
757	-1
758	-1
759	0
760	0
761	0
762	-1
763	-1
764	0
765	0
766	0
767	1
768	0
769	0
770	0
771	1
772	1
773	2
774	1
775	1
776	1
777	2
778	2
779	3
780	2
781	2
782	1
783	2
784	1
785	1
786	2
787	2
788	2
789	2
790	1
791	2
792	0
793	1
794	0
795	2
796	0
797	0
798	0
799	0
800	0
801	0
802	0
803	0
804	0
805	0
806	0
807	0
808	0
809	2
810	0
811	1
812	0
813	1
814	0
815	1
816	0
817	0
818	0
819	1
820	0
821	1
822	0
823	0
824	0
825	1
826	0
827	0
828	0
829	0
830	0
831	0
832	0
833	0
834	0
835	1
836	0
837	0
838	-1
839	0
840	-1
841	0
842	-1
843	0
844	0
845	0
846	0
847	0
848	-1
849	0
850	0
851	0
852	0
853	0
854	0
855	1
856	0
857	1
858	0
859	0
860	0
861	0
862	0
863	0
864	0
865	0
866	0
867	0
868	0
869	0
870	0
871	0
872	0
873	0
874	0
875	0
876	-2
877	0
878	-1
879	-1
880	0
881	0
882	-1
883	0
884	-1
885	0
886	0
887	0
888	0
889	0
890	0
891	0
892	0
893	0
894	0
895	0
896	0
897	0
898	-2
899	0
900	0
901	0
902	0
903	0
904	0
905	0
906	-1
907	0
908	0
909	0
910	0
911	0
912	0
913	0
914	0
915	0
916	0
917	0
918	0
919	0
920	-1
921	0
922	-1
923	0
924	-1
925	0
926	-2
927	0
928	-2
929	0
930	-1
931	0
932	-2
933	0
934	-2
935	0
936	-1
937	0
938	0
939	0
940	-1
941	0
942	0
943	0
944	0
945	0
946	0
947	1
948	0
949	1
950	0
951	1
952	0
953	1
954	0
955	2
956	0
957	1
958	0
959	1
960	0
961	0
962	0
963	0
964	0
965	0
966	-1
967	0
968	0
969	0
970	0
971	0
972	-1
973	0
974	0
975	0
976	0
977	0
978	0
979	0
980	0
981	0
982	0
983	0
984	0
985	0
986	0
987	0
988	0
989	0
990	0
991	0
992	0
993	0
994	-1
995	0
996	0
997	0
998	0
999	1
1000	0
1001	0
1002	0
1003	0
1004	0
1005	0
1006	0
1007	0
1008	0
1009	0
1010	0
1011	0
1012	0
1013	0
1014	0
1015	0
1016	0
1017	0
1018	0
1019	0
1020	-1
1021	0
1022	-2
1023	0
1024	-2
1025	0
1026	-2
1027	0
1028	-1
1029	0
1030	-1
1031	0
1032	0
1033	0
1034	-1
1035	0
1036	-1
1037	0
1038	-1
1039	0
1040	0
1041	0
1042	0
1043	0
1044	0
1045	0
1046	0
1047	0
1048	0
1049	0
1050	0
1051	1
1052	0
1053	0
1054	0
1055	1
1056	0
1057	0
1058	0
1059	0
1060	0
1061	1
1062	0
1063	0
1064	0
1065	0
1066	0
1067	0
1068	0
1069	0
1070	0
1071	0
1072	0
1073	0
1074	0
1075	0
1076	0
1077	0
1078	0
1079	0
1080	0
1081	0
1082	-1
1083	0
1084	0
1085	0
1086	0
1087	0
1088	0
1089	0
1090	0
1091	1
1092	0
1093	0
1094	0
1095	0
1096	0
1097	0
1098	0
1099	0
1100	0
1101	0
1102	0
1103	0
1104	0
1105	0
1106	-1
1107	0
1108	-1
1109	0
1110	-1
1111	0
1112	-2
1113	0
1114	-1
1115	0
1116	-1
1117	0
1118	-1
1119	0
1120	-1
1121	0
1122	-2
1123	0
1124	-2
1125	0
1126	0
1127	0
1128	-1
1129	0
1130	0
1131	0
1132	0
1133	0
1134	0
1135	0
1136	0
1137	0
1138	0
1139	0
1140	0
1141	1
1142	0
1143	1
1144	0
1145	1
1146	0
1147	0
1148	0
1149	0
1150	0
1151	0
1152	0
1153	0
1154	0
1155	0
1156	-1
1157	0
1158	0
1159	0
1160	-1
1161	0
1162	-1
1163	0
1164	-1
1165	0
1166	0
1167	0
1168	0
1169	0
1170	-1
1171	0
1172	0
1173	0
1174	0
1175	1
1176	0
1177	1
1178	0
1179	1
1180	0
1181	2
1182	1
1183	2
1184	1
1185	1
1186	1
1187	1
1188	0
1189	2
1190	1
1191	1
1192	0
1193	2
1194	1
1195	2
1196	1
1197	2
1198	0
1199	2
1200	0
1201	1
1202	1
1203	1
1204	0
1205	1
1206	1
1207	1
1208	1
1209	2
1210	0
1211	1
1212	0
1213	1
1214	0
1215	1
1216	0
1217	2
1218	1
1219	2
1220	0
1221	2
1222	0
1223	2
1224	0
1225	1
1226	0
1227	2
1228	0
1229	2
1230	0
1231	3
1232	0
1233	2
1234	0
1235	2
1236	1
1237	2
1238	1
1239	0
1240	0
1241	0
1242	-1
1243	0
1244	0
1245	0
1246	0
1247	0
1248	-1
1249	0
1250	-1
1251	0
1252	-1
1253	0
1254	-1
1255	0
1256	-1
1257	0
1258	-1
1259	0
1260	0
1261	0
1262	0
1263	0
1264	-1
1265	0
1266	0
1267	0
1268	0
1269	0
1270	0
1271	1
1272	0
1273	1
1274	0
1275	0
1276	0
1277	1
1278	0
1279	1
1280	0
1281	0
1282	0
1283	1
1284	-1
1285	0
1286	0
1287	0
1288	-1
1289	0
1290	0
1291	0
1292	0
1293	0
1294	-1
1295	0
1296	0
1297	0
1298	-1
1299	0
1300	-1
1301	0
1302	0
1303	0
1304	0
1305	0
1306	-1
1307	2
1308	0
1309	0
1310	-1
1311	0
1312	-1
1313	1
1314	0
1315	1
1316	0
1317	0
1318	0
1319	-1
1320	0
1321	0
1322	-1
1323	0
1324	-1
1325	0
1326	-2
1327	0
1328	-2
1329	0
1330	-1
1331	0
1332	-1
1333	0
1334	0
1335	0
1336	0
1337	0
1338	0
1339	0
1340	0
1341	0
1342	0
1343	0
1344	0
1345	0
1346	0
1347	0
1348	0
1349	0
1350	0
1351	1
1352	0
1353	1
1354	0
1355	1
1356	0
1357	1
1358	0
1359	0
1360	0
1361	0
1362	0
1363	0
1364	0
1365	0
1366	0
1367	0
1368	-1
1369	1
1370	0
1371	0
1372	-1
1373	1
1374	-1
1375	0
1376	0
1377	0
1378	0
1379	0
1380	0
1381	0
1382	0
1383	0
1384	0
1385	0
1386	0
1387	0
1388	0
1389	1
1390	0
1391	1
1392	0
1393	0
1394	0
1395	0
1396	0
1397	0
1398	0
1399	0
1400	0
1401	0
1402	0
1403	0
1404	0
1405	0
1406	0
1407	0
1408	-1
1409	0
1410	-1
1411	0
1412	0
1413	0
1414	-1
1415	0
1416	0
1417	0
1418	0
1419	0
1420	0
1421	0
1422	-1
1423	0
1424	-1
1425	0
1426	-1
1427	0
1428	-1
1429	0
1430	0
1431	0
1432	0
1433	0
1434	0
1435	1
1436	0
1437	0
1438	0
1439	0
1440	0
1441	0
1442	0
1443	0
1444	0
1445	0
1446	0
1447	0
1448	0
1449	0
1450	-1
1451	-1
1452	-1
1453	0
1454	-1
1455	0
1456	-1
1457	0
1458	-1
1459	0
1460	-2
1461	0
1462	-2
1463	0
1464	0
1465	0
1466	0
1467	0
1468	0
1469	0
1470	0
1471	1
1472	0
1473	2
1474	0
1475	2
1476	0
1477	1
1478	0
1479	2
1480	0
1481	1
1482	0
1483	2
1484	0
1485	1
1486	0
1487	0
1488	0
1489	1
1490	-1
1491	0
1492	-1
1493	0
1494	0
1495	0
1496	-1
1497	0
1498	-1
1499	0
1500	-2
1501	0
1502	-1
1503	-1
1504	-1
1505	0
1506	-2
1507	0
1508	-2
1509	0
1510	0
1511	0
1512	0
1513	0
1514	0
1515	0
1516	-1
1517	1
1518	0
1519	1
1520	0
1521	1
1522	0
1523	1
1524	0
1525	1
1526	0
1527	1
1528	0
1529	0
1530	0
1531	1
1532	0
1533	0
1534	0
1535	0
1536	0
1537	0
1538	0
1539	0
1540	-1
1541	0
1542	0
1543	0
1544	-1
1545	0
1546	-1
1547	0
1548	-1
1549	0
1550	0
1551	0
1552	-1
1553	0
1554	-1
1555	0
1556	-1
1557	0
1558	0
1559	1
1560	0
1561	0
1562	0
1563	1
1564	0
1565	0
1566	0
1567	1
1568	0
1569	0
1570	0
1571	0
1572	0
1573	0
1574	0
1575	0
1576	0
1577	0
1578	0
1579	0
1580	0
1581	0
1582	0
1583	1
1584	0
1585	1
1586	0
1587	0
1588	-1
1589	0
1590	0
1591	0
1592	0
1593	0
1594	0
1595	0
1596	0
1597	0
1598	0
1599	1
1600	0
1601	0
1602	0
1603	0
1604	-1
1605	0
1606	0
1607	0
1608	0
1609	0
1610	0
1611	0
1612	0
1613	0
1614	0
1615	1
1616	0
1617	1
1618	0
1619	0
1620	0
1621	0
1622	-1
1623	0
1624	0
1625	0
1626	0
1627	0
1628	0
1629	0
1630	0
1631	0
1632	-1
1633	0
1634	-1
1635	0
1636	-1
1637	0
1638	0
1639	0
1640	-1
1641	0
1642	0
1643	0
1644	0
1645	0
1646	0
1647	0
1648	0
1649	0
1650	0
1651	0
1652	0
1653	1
1654	0
1655	1
1656	0
1657	1
1658	0
1659	1
1660	0
1661	0
1662	0
1663	1
1664	0
1665	0
1666	0
1667	0
1668	0
1669	1
1670	0
1671	1
1672	0
1673	1
1674	0
1675	1
1676	0
1677	0
1678	0
1679	1
1680	0
1681	0
1682	0
1683	0
1684	0
1685	0
1686	0
1687	0
1688	0
1689	0
1690	0
1691	0
1692	-1
1693	0
1694	-1
1695	0
1696	-1
1697	0
1698	0
1699	0
1700	0
1701	0
1702	-1
1703	0
1704	-1
1705	0
1706	-1
1707	0
1708	0
1709	0
1710	0
1711	0
1712	0
1713	0
1714	0
1715	0
1716	0
1717	1
1718	0
1719	1
1720	0
1721	1
1722	0
1723	1
1724	0
1725	0
1726	0
1727	0
1728	-1
1729	1
1730	-1
1731	0
1732	0
1733	0
1734	0
1735	0
1736	-1
1737	0
1738	-2
1739	0
1740	0
1741	0
1742	0
1743	0
1744	0
1745	0
1746	0
1747	0
1748	0
1749	0
1750	0
1751	1
1752	0
1753	1
1754	0
1755	0
1756	0
1757	1
1758	0
1759	0
1760	0
1761	0
1762	0
1763	0
1764	0
1765	0
1766	-1
1767	0
1768	0
1769	0
1770	0
1771	0
1772	0
1773	0
1774	0
1775	0
1776	0
1777	0
1778	0
1779	0
1780	0
1781	0
1782	0
1783	0
1784	0
1785	0
1786	0
1787	0
1788	0
1789	0
1790	0
1791	0
1792	0
1793	0
1794	0
1795	0
1796	0
1797	0
1798	0
1799	0
1800	0
1801	0
1802	0
1803	0
1804	0
1805	0
1806	0
1807	0
1808	0
1809	0
1810	0
1811	0
1812	0
1813	0
1814	-1
1815	0
1816	0
1817	1
1818	0
1819	0
1820	0
1821	0
1822	0
1823	0
1824	0
1825	0
1826	-1
1827	-1
1828	0
1829	0
1830	0
1831	0
1832	-1
1833	0
1834	0
1835	0
1836	0
1837	0
1838	0
1839	0
1840	0
1841	0
1842	0
1843	0
1844	-1
1845	0
1846	0
1847	0
1848	0
1849	0
1850	0
1851	0
1852	0
1853	0
1854	0
1855	0
1856	0
1857	0
1858	0
1859	0
1860	0
1861	0
1862	0
1863	0
1864	0
1865	0
1866	0
1867	0
1868	0
1869	0
1870	0
1871	0
1872	0
1873	0
1874	0
1875	0
1876	0
1877	0
1878	0
1879	0
1880	0
1881	0
1882	0
1883	0
1884	0
1885	1
1886	0
1887	1
1888	0
1889	0
1890	0
1891	1
1892	0
1893	1
1894	0
1895	0
1896	0
1897	0
1898	0
1899	0
1900	0
1901	0
1902	0
1903	0
1904	0
1905	0
1906	0
1907	0
1908	0
1909	0
1910	0
1911	0
1912	-1
1913	0
1914	-1
1915	1
1916	0
1917	0
1918	0
1919	0
1920	0
1921	0
1922	0
1923	0
1924	0
1925	1
1926	0
1927	0
1928	0
1929	0
1930	0
1931	1
1932	0
1933	1
1934	0
1935	0
1936	0
1937	0
1938	0
1939	1
1940	0
1941	0
1942	0
1943	0
1944	0
1945	0
1946	0
1947	0
1948	0
1949	0
1950	0
1951	0
1952	0
1953	0
1954	0
1955	0
1956	-1
1957	0
1958	-1
1959	0
1960	0
1961	0
1962	0
1963	0
1964	0
1965	0
1966	0
1967	0
1968	0
1969	1
1970	0
1971	0
1972	0
1973	0
1974	0
1975	1
1976	0
1977	1
1978	0
1979	1
1980	0
1981	2
1982	0
1983	1
1984	1
1985	2
1986	2
1987	2
1988	1
1989	1
1990	1
1991	2
1992	1
1993	2
1994	1
1995	2
1996	1
1997	2
1998	2
1999	2
