0	0
1	2
2	0
3	2
4	0
5	2
6	0
7	0
8	0
9	1
10	-1
11	1
12	0
13	1
14	0
15	1
16	0
17	2
18	0
19	1
20	-1
21	2
22	-2
23	0
24	-1
25	0
26	-1
27	0
28	-1
29	0
30	-2
31	0
32	-1
33	0
34	0
35	1
36	0
37	1
38	-2
39	0
40	-1
41	0
42	-1
43	0
44	-2
45	1
46	-2
47	1
48	-2
49	2
50	-1
51	1
52	-2
53	1
54	0
55	0
56	-1
57	0
58	0
59	0
60	-2
61	0
62	0
63	0
64	-1
65	0
66	0
67	0
68	0
69	0
70	-1
71	0
72	-2
73	0
74	-1
75	1
76	-1
77	1
78	0
79	0
80	-2
81	0
82	0
83	0
84	0
85	0
86	0
87	0
88	0
89	1
90	0
91	1
92	0
93	0
94	0
95	0
96	0
97	1
98	0
99	1
100	0
101	1
102	0
103	1
104	0
105	2
106	0
107	2
108	0
109	2
110	0
111	1
112	0
113	1
114	0
115	0
116	0
117	1
118	-1
119	0
120	0
121	0
122	-1
123	1
124	-1
125	0
126	-2
127	1
128	-1
129	0
130	-1
131	1
132	-1
133	0
134	-2
135	0
136	-2
137	0
138	-1
139	0
140	-1
141	0
142	-2
143	0
144	-2
145	0
146	-1
147	0
148	0
149	1
150	0
151	1
152	0
153	0
154	0
155	1
156	0
157	1
158	0
159	1
160	-1
161	1
162	0
163	1
164	0
165	1
166	-1
167	0
168	-1
169	0
170	0
171	0
172	-1
173	0
174	0
175	0
176	-1
177	1
178	-1
179	1
180	0
181	0
182	0
183	1
184	0
185	1
186	0
187	2
188	-1
189	2
190	-1
191	1
192	0
193	1
194	0
195	2
196	0
197	1
198	0
199	1
200	0
201	0
202	-1
203	1
204	0
205	0
206	-1
207	0
208	-1
209	0
210	-1
211	0
212	0
213	0
214	0
215	1
216	0
217	0
218	0
219	2
220	-1
221	2
222	-1
223	2
224	-1
225	1
226	0
227	0
228	0
229	0
230	0
231	1
232	0
233	0
234	0
235	0
236	0
237	0
238	0
239	0
240	0
241	1
242	0
243	2
244	0
245	2
246	0
247	1
248	0
249	0
250	0
251	0
252	0
253	0
254	0
255	0
256	0
257	1
258	-1
259	0
260	-1
261	0
262	-1
263	1
264	-1
265	1
266	-1
267	1
268	0
269	0
270	-1
271	2
272	-1
273	0
274	0
275	1
276	0
277	0
278	-1
279	1
280	0
281	1
282	0
283	1
284	0
285	1
286	0
287	0
288	0
289	2
290	0
291	1
292	0
293	1
294	0
295	2
296	0
297	0
298	0
299	1
300	-1
301	1
302	0
303	0
304	-1
305	0
306	0
307	0
308	-1
309	0
310	0
311	0
312	0
313	0
314	-1
315	0
316	-1
317	0
318	0
319	0
320	-1
321	0
322	0
323	0
324	-2
325	0
326	-2
327	0
328	0
329	0
330	-1
331	1
332	-1
333	1
334	0
335	1
336	0
337	1
338	-2
339	0
340	-1
341	1
342	0
343	0
344	0
345	0
346	0
347	1
348	0
349	0
350	0
351	0
352	0
353	1
354	0
355	1
356	0
357	1
358	0
359	0
360	0
361	1
362	0
363	2
364	0
365	2
366	0
367	2
368	0
369	1
370	0
371	1
372	0
373	2
374	0
375	1
376	0
377	1
378	0
379	0
380	0
381	2
382	0
383	1
384	-1
385	0
386	-1
387	0
388	-1
389	1
390	-1
391	0
392	-1
393	0
394	0
395	0
396	-1
397	0
398	-2
399	0
400	-1
401	0
402	-1
403	0
404	0
405	0
406	0
407	0
408	0
409	0
410	0
411	0
412	-1
413	0
414	0
415	0
416	0
417	0
418	0
419	1
420	0
421	0
422	0
423	0
424	0
425	1
426	0
427	1
428	0
429	2
430	0
431	3
432	1
433	3
434	0
435	3
436	1
437	4
438	2
439	7
440	2
441	10
442	5
443	12
444	11
445	18
446	16
447	21
448	19
449	28
450	28
451	35
452	34
453	41
454	41
455	49
456	50
457	56
458	54
459	61
460	62
461	68
462	67
463	73
464	73
465	80
466	77
467	83
468	80
469	86
470	85
471	88
472	88
473	91
474	88
475	92
476	90
477	92
478	91
479	92
480	90
481	92
482	88
483	92
484	86
485	90
486	86
487	88
488	84
489	87
490	80
491	82
492	79
493	82
494	75
495	76
496	73
497	74
498	74
499	78
500	62
501	68
502	64
503	67
504	60
505	64
506	56
507	59
508	54
509	56
510	50
511	53
512	45
513	48
514	43
515	45
516	38
517	39
518	33
519	37
520	30
521	33
522	28
523	28
524	23
525	26
526	20
527	22
528	17
529	18
530	13
531	15
532	11
533	12
534	7
535	9
536	4
537	6
538	3
539	4
540	0
541	2
542	0
543	0
544	-2
545	0
546	-7
547	-2
548	-7
549	-4
550	-9
551	-6
552	-12
553	-9
554	-13
555	-9
556	-16
557	-11
558	-16
559	-11
560	-18
561	-13
562	-18
563	-15
564	-19
565	-16
566	-20
567	-16
568	-20
569	-17
570	-20
571	-19
572	-22
573	-17
574	-22
575	-18
576	-21
577	-17
578	-22
579	-18
580	-22
581	-17
582	-22
583	-18
584	-21
585	-18
586	-21
587	-18
588	-21
589	-16
590	-22
591	-17
592	-23
593	-17
594	-21
595	-17
596	-21
597	-17
598	-20
599	-16
600	-22
601	-16
602	-20
603	-17
604	-20
605	-16
606	-20
607	-16
608	-20
609	-16
610	-22
611	-16
612	-21
613	-16
614	-19
615	-16
616	-19
617	-16
618	-19
619	-16
620	-17
621	-16
622	-17
623	-14
624	-17
625	-15
626	-17
627	-15
628	-16
629	-14
630	-16
631	-15
632	-16
633	-14
634	-16
635	-13
636	-15
637	-13
638	-14
639	-12
640	-14
641	-12
642	-14
643	-13
644	-14
645	-11
646	-14
647	-11
648	-13
649	-12
650	-14
651	-11
652	-16
653	-12
654	-15
655	-12
656	-16
657	-11
658	-15
659	-9
660	-15
661	-10
662	-13
663	-11
664	-15
665	-10
666	-15
667	-10
668	-15
669	-9
670	-14
671	-8
672	-13
673	-7
674	-11
675	-7
676	-11
677	-6
678	-12
679	-6
680	-11
681	-6
682	-11
683	-4
684	-10
685	-4
686	-10
687	-3
688	-9
689	-3
690	-9
691	-3
692	-10
693	-3
694	-9
695	-4
696	-8
697	-4
698	-9
699	-4
700	-8
701	-2
702	-7
703	-4
704	-7
705	-2
706	-8
707	-2
708	-7
709	-1
710	-6
711	-2
712	-7
713	-3
714	-6
715	-2
716	-4
717	-1
718	-5
719	-1
720	-5
721	0
722	-6
723	0
724	-4
725	-1
726	-4
727	0
728	-4
729	0
730	-4
731	0
732	-4
733	0
734	-4
735	0
736	-4
737	0
738	-4
739	0
740	-4
741	0
742	-2
743	0
744	-1
745	0
746	-3
747	0
748	-4
749	0
750	-5
751	0
752	-4
753	-1
754	-3
755	0
756	-4
757	0
758	-4
759	-1
760	-4
761	0
762	-4
763	-1
764	-4
765	0
766	-3
767	0
768	-5
769	0
770	-4
771	0
772	-4
773	0
774	-4
775	0
776	-4
777	-1
778	-3
779	-2
780	-3
781	-1
782	-4
783	-1
784	-4
785	-1
786	-3
787	-1
788	-3
789	-1
790	-3
791	-1
792	-4
793	0
794	-4
795	-1
796	-3
797	-1
798	-4
799	0
800	-4
801	-1
802	-4
803	-1
804	-3
805	0
806	-3
807	0
808	-3
809	-1
810	-2
811	0
812	-4
813	0
814	-4
815	-1
816	-2
817	-1
818	-3
819	-1
820	-4
821	-2
822	-4
823	0
824	-4
825	-1
826	-3
827	-1
828	-4
829	0
830	-4
831	0
832	-3
833	0
834	-3
835	0
836	-1
837	0
838	-3
839	0
840	-2
841	0
842	0
843	0
844	-2
845	0
846	-1
847	0
848	-1
849	1
850	-1
851	2
852	0
853	3
854	0
855	2
856	0
857	1
858	0
859	2
860	0
861	1
862	0
863	1
864	0
865	2
866	0
867	1
868	0
869	2
870	0
871	0
872	0
873	1
874	0
875	2
876	0
877	1
878	0
879	1
880	0
881	0
882	-1
883	0
884	0
885	0
886	-1
887	0
888	-1
889	1
890	-1
891	0
892	-1
893	0
894	0
895	0
896	-1
897	0
898	-1
899	0
900	-1
901	1
902	-1
903	0
904	0
905	0
906	-3
907	0
908	-3
909	0
910	-3
911	0
912	-4
913	0
914	-2
915	0
916	-3
917	0
918	-2
919	0
920	-1
921	-1
922	-3
923	0
924	-4
925	0
926	-2
927	0
928	-3
929	0
930	-4
931	0
932	-3
933	0
934	-2
935	0
936	-1
937	0
938	-1
939	-1
940	-2
941	0
942	-3
943	0
944	-3
945	0
946	-3
947	0
948	-2
949	0
950	-3
951	0
952	-2
953	0
954	-2
955	0
956	-2
957	0
958	-3
959	0
960	-3
961	0
962	-2
963	0
964	-2
965	0
966	-2
967	0
968	-1
969	0
970	-2
971	0
972	-2
973	-1
974	-1
975	0
976	-2
977	0
978	-1
979	0
980	-3
981	-1
982	-1
983	0
984	-2
985	0
986	-2
987	0
988	-2
989	0
990	-1
991	0
992	-2
993	0
994	-1
995	0
996	-2
997	0
998	-1
999	0
1000	-1
1001	0
1002	-1
1003	0
1004	-1
1005	0
1006	-2
1007	0
1008	-2
1009	0
1010	-1
1011	0
1012	-1
1013	0
1014	-2
1015	0
1016	-2
1017	0
1018	-2
1019	0
1020	-2
1021	0
1022	-2
1023	0
1024	-1
1025	0
1026	-1
1027	0
1028	-1
1029	-1
1030	-3
1031	0
1032	-3
1033	0
1034	-2
1035	0
1036	-2
1037	0
1038	-1
1039	0
1040	-2
1041	0
1042	-1
1043	0
1044	-2
1045	0
1046	-2
1047	0
1048	-1
1049	0
1050	0
1051	0
1052	-1
1053	0
1054	-2
1055	0
1056	-1
1057	0
1058	-2
1059	1
1060	0
1061	1
1062	-1
1063	0
1064	-1
1065	1
1066	-1
1067	1
1068	-1
1069	1
1070	-2
1071	0
1072	-1
1073	0
1074	0
1075	2
1076	-1
1077	1
1078	-1
1079	0
1080	-1
1081	0
1082	-1
1083	0
1084	0
1085	0
1086	-1
1087	0
1088	-2
1089	-1
1090	-1
1091	-1
1092	-2
1093	0
1094	-3
1095	-1
1096	-2
1097	0
1098	-3
1099	0
1100	-2
1101	0
1102	-2
1103	0
1104	-2
1105	0
1106	-2
1107	0
1108	-2
1109	0
1110	-1
1111	1
1112	0
1113	0
1114	-1
1115	1
1116	0
1117	1
1118	-1
1119	0
1120	-1
1121	0
1122	-2
1123	0
1124	-1
1125	0
1126	0
1127	0
1128	-1
1129	0
1130	-1
1131	0
1132	-1
1133	1
1134	-2
1135	0
1136	-1
1137	0
1138	-1
1139	0
1140	-1
1141	0
1142	-2
1143	0
1144	-1
1145	0
1146	0
1147	0
1148	-1
1149	0
1150	-1
1151	0
1152	-1
1153	0
1154	-1
1155	0
1156	-1
1157	0
1158	0
1159	0
1160	0
1161	0
1162	-1
1163	0
1164	0
1165	0
1166	-1
1167	0
1168	-1
1169	0
1170	-1
1171	1
1172	-2
1173	0
1174	-2
1175	0
1176	-2
1177	0
1178	-1
1179	0
1180	-2
1181	0
1182	-2
1183	0
1184	-2
1185	0
1186	-2
1187	0
1188	-2
1189	0
1190	-1
1191	0
1192	-1
1193	0
1194	-1
1195	0
1196	-2
1197	0
1198	-1
1199	0
1200	-1
1201	0
1202	-1
1203	1
1204	-1
1205	0
1206	0
1207	1
1208	0
1209	1
1210	0
1211	0
1212	0
1213	0
1214	0
1215	0
1216	-1
1217	0
1218	-2
1219	0
1220	-2
1221	0
1222	-3
1223	0
1224	-2
1225	0
1226	-2
1227	0
1228	-2
1229	0
1230	0
1231	0
1232	0
1233	1
1234	-2
1235	0
1236	0
1237	0
1238	0
1239	2
1240	0
1241	1
1242	0
1243	1
1244	0
1245	2
1246	0
1247	2
1248	0
1249	2
1250	0
1251	3
1252	0
1253	3
1254	0
1255	3
1256	0
1257	2
1258	0
1259	4
1260	0
1261	3
1262	1
1263	3
1264	1
1265	2
1266	1
1267	2
1268	1
1269	2
1270	1
1271	1
1272	0
1273	1
1274	0
1275	2
1276	0
1277	2
1278	1
1279	2
1280	1
1281	2
1282	0
1283	1
1284	0
1285	2
1286	0
1287	1
1288	0
1289	1
1290	0
1291	0
1292	0
1293	0
1294	0
1295	0
1296	0
1297	1
1298	0
1299	1
1300	0
1301	0
1302	0
1303	0
1304	0
1305	0
1306	-1
1307	0
1308	-1
1309	0
1310	-1
1311	0
1312	-1
1313	0
1314	-1
1315	0
1316	-1
1317	0
1318	-1
1319	0
1320	0
1321	0
1322	0
1323	1
1324	-2
1325	0
1326	-1
1327	0
1328	0
1329	0
1330	-1
1331	0
1332	0
1333	0
1334	-1
1335	0
1336	-1
1337	1
1338	-1
1339	0
1340	-3
1341	0
1342	-1
1343	0
1344	-1
1345	0
1346	-1
1347	0
1348	-1
1349	0
1350	-1
1351	0
1352	-1
1353	0
1354	0
1355	-1
1356	-2
1357	0
1358	-1
1359	0
1360	-2
1361	0
1362	-1
1363	0
1364	-3
1365	0
1366	-3
1367	0
1368	-2
1369	0
1370	-2
1371	0
1372	-2
1373	0
1374	-2
1375	0
1376	-2
1377	0
1378	-2
1379	0
1380	-2
1381	0
1382	-2
1383	0
1384	-2
1385	0
1386	-2
1387	0
1388	-2
1389	0
1390	-1
1391	0
1392	-1
1393	0
1394	-2
1395	0
1396	-3
1397	0
1398	-2
1399	0
1400	-2
1401	0
1402	-3
1403	0
1404	-2
1405	0
1406	-1
1407	-1
1408	0
1409	0
1410	0
1411	0
1412	-1
1413	0
1414	-1
1415	0
1416	0
1417	0
1418	0
1419	0
1420	-2
1421	0
1422	0
1423	0
1424	0
1425	0
1426	-1
1427	0
1428	-1
1429	0
1430	-2
1431	0
1432	-1
1433	0
1434	-1
1435	0
1436	-2
1437	0
1438	-1
1439	0
1440	-2
1441	0
1442	-1
1443	0
1444	-1
1445	1
1446	-2
1447	2
1448	-2
1449	2
1450	0
1451	2
1452	0
1453	2
1454	0
1455	3
1456	1
1457	3
1458	1
1459	4
1460	1
1461	3
1462	1
1463	3
1464	1
1465	3
1466	3
1467	3
1468	0
1469	3
1470	1
1471	3
1472	0
1473	2
1474	1
1475	2
1476	0
1477	1
1478	0
1479	2
1480	0
1481	0
1482	0
1483	2
1484	0
1485	2
1486	0
1487	1
1488	0
1489	1
1490	0
1491	0
1492	0
1493	1
1494	-1
1495	1
1496	-1
1497	0
1498	0
1499	1
1500	-1
1501	1
1502	0
1503	1
1504	-1
1505	1
1506	-1
1507	1
1508	-1
1509	0
1510	0
1511	1
1512	-1
1513	0
1514	-1
1515	1
1516	-1
1517	1
1518	-2
1519	0
1520	-2
1521	0
1522	-2
1523	0
1524	-2
1525	0
1526	-2
1527	0
1528	-2
1529	0
1530	-1
1531	0
1532	-1
1533	0
1534	-1
1535	0
1536	-1
1537	0
1538	-1
1539	0
1540	-1
1541	0
1542	-1
1543	0
1544	0
1545	0
1546	-2
1547	0
1548	-2
1549	0
1550	-1
1551	0
1552	-1
1553	0
1554	-2
1555	0
1556	0
1557	0
1558	-2
1559	0
1560	-2
1561	0
1562	0
1563	0
1564	0
1565	0
1566	-2
1567	0
1568	-2
1569	0
1570	-1
1571	0
1572	-2
1573	0
1574	-1
1575	0
1576	-1
1577	0
1578	-2
1579	0
1580	-2
1581	0
1582	-2
1583	0
1584	-2
1585	0
1586	-2
1587	0
1588	-2
1589	0
1590	-1
1591	0
1592	-1
1593	0
1594	-1
1595	0
1596	-1
1597	0
1598	-1
1599	1
1600	-1
1601	0
1602	0
1603	0
1604	-1
1605	1
1606	-2
1607	1
1608	0
1609	1
1610	0
1611	1
1612	-1
1613	0
1614	-1
1615	0
1616	-1
1617	0
1618	-1
1619	0
1620	0
1621	0
1622	-1
1623	0
1624	0
1625	0
1626	-1
1627	0
1628	-1
1629	0
1630	-2
1631	0
1632	-2
1633	0
1634	-2
1635	0
1636	-2
1637	0
1638	-3
1639	0
1640	-1
1641	0
1642	-2
1643	0
1644	-3
1645	0
1646	-3
1647	0
1648	-2
1649	0
1650	-1
1651	0
1652	0
1653	0
1654	-1
1655	0
1656	0
1657	1
1658	0
1659	1
1660	0
1661	3
1662	-1
1663	2
1664	0
1665	2
1666	0
1667	2
1668	0
1669	2
1670	0
1671	2
1672	1
1673	3
1674	0
1675	2
1676	0
1677	2
1678	0
1679	3
1680	0
1681	2
1682	0
1683	2
1684	0
1685	1
1686	0
1687	2
1688	0
1689	1
1690	0
1691	2
1692	0
1693	1
1694	0
1695	1
1696	0
1697	1
1698	-1
1699	1
1700	0
1701	1
1702	0
1703	1
1704	-1
1705	2
1706	0
1707	1
1708	-1
1709	2
1710	0
1711	2
1712	0
1713	2
1714	0
1715	2
1716	0
1717	2
1718	0
1719	2
1720	0
1721	2
1722	0
1723	1
1724	0
1725	1
1726	0
1727	1
1728	1
1729	1
1730	0
1731	1
1732	-1
1733	0
1734	0
1735	1
1736	-1
1737	1
1738	-1
1739	0
1740	-1
1741	0
1742	-2
1743	0
1744	-1
1745	-1
1746	-2
1747	0
1748	-4
1749	0
1750	-4
1751	-1
1752	-3
1753	-1
1754	-3
1755	-1
1756	-3
1757	-2
1758	-2
1759	-2
1760	-2
1761	-1
1762	-2
1763	-1
1764	-3
1765	0
1766	-2
1767	0
1768	-3
1769	0
1770	-1
1771	0
1772	-2
1773	0
1774	-2
1775	0
1776	-1
1777	0
1778	-1
1779	0
1780	-1
1781	1
1782	-3
1783	0
1784	-2
1785	0
1786	-1
1787	0
1788	-3
1789	0
1790	-2
1791	0
1792	-1
1793	0
1794	-1
1795	-1
1796	-2
1797	0
1798	-2
1799	0
1800	-1
1801	0
1802	-2
1803	0
1804	-1
1805	0
1806	-1
1807	0
1808	-1
1809	0
1810	0
1811	0
1812	-1
1813	1
1814	0
1815	0
1816	-1
1817	1
1818	-1
1819	0
1820	0
1821	1
1822	0
1823	1
1824	-1
1825	0
1826	0
1827	0
1828	0
1829	1
1830	0
1831	1
1832	-1
1833	0
1834	-2
1835	0
1836	0
1837	0
1838	-1
1839	0
1840	-1
1841	0
1842	-1
1843	1
1844	-1
1845	1
1846	-1
1847	0
1848	-1
1849	1
1850	0
1851	0
1852	-1
1853	0
1854	-1
1855	0
1856	-1
1857	0
1858	-1
1859	0
1860	0
1861	0
1862	-2
1863	0
1864	-2
1865	0
1866	-2
1867	0
1868	-2
1869	0
1870	-2
1871	0
1872	-2
1873	0
1874	-2
1875	0
1876	-1
1877	-1
1878	-3
1879	0
1880	-2
1881	-1
1882	-1
1883	0
1884	-3
1885	0
1886	-3
1887	0
1888	-2
1889	0
1890	-2
1891	0
1892	-2
1893	0
1894	-2
1895	0
1896	-2
1897	0
1898	-2
1899	0
1900	-1
1901	0
1902	-2
1903	0
1904	-1
1905	0
1906	-1
1907	0
1908	0
1909	0
1910	-2
1911	0
1912	-1
1913	0
1914	-2
1915	0
1916	-1
1917	0
1918	0
1919	0
1920	-2
1921	0
1922	0
1923	1
1924	-1
1925	0
1926	0
1927	1
1928	-1
1929	1
1930	0
1931	1
1932	0
1933	0
1934	0
1935	0
1936	0
1937	1
1938	0
1939	1
1940	0
1941	0
1942	0
1943	0
1944	0
1945	0
1946	-1
1947	0
1948	0
1949	0
1950	0
1951	0
1952	-1
1953	0
1954	-1
1955	0
1956	0
1957	0
1958	0
1959	0
1960	0
1961	0
1962	-1
1963	0
1964	0
1965	0
1966	0
1967	1
1968	-1
1969	0
1970	0
1971	0
1972	-1
1973	0
1974	-3
1975	1
1976	-2
1977	0
1978	0
1979	0
1980	0
1981	1
1982	-1
1983	0
1984	-1
1985	0
1986	-1
1987	0
1988	0
1989	0
1990	0
1991	1
1992	0
1993	1
1994	0
1995	1
1996	0
1997	0
1998	0
1999	1
