0	0
1	1
2	0
3	0
4	0
5	1
6	0
7	0
8	-1
9	0
10	0
11	0
12	0
13	0
14	0
15	0
16	0
17	0
18	0
19	0
20	0
21	0
22	0
23	0
24	0
25	0
26	-1
27	0
28	0
29	0
30	0
31	0
32	0
33	0
34	0
35	0
36	0
37	0
38	0
39	0
40	0
41	0
42	0
43	1
44	0
45	1
46	0
47	0
48	0
49	1
50	0
51	2
52	0
53	1
54	0
55	0
56	0
57	0
58	0
59	0
60	0
61	1
62	0
63	0
64	0
65	1
66	0
67	0
68	0
69	0
70	0
71	1
72	0
73	0
74	0
75	1
76	0
77	1
78	0
79	0
80	0
81	1
82	0
83	0
84	0
85	0
86	0
87	0
88	0
89	0
90	0
91	0
92	0
93	0
94	0
95	0
96	0
97	0
98	0
99	0
100	0
101	0
102	0
103	0
104	0
105	0
106	0
107	0
108	0
109	0
110	0
111	0
112	0
113	0
114	0
115	0
116	0
117	1
118	0
119	0
120	0
121	1
122	0
123	0
124	0
125	0
126	0
127	0
128	0
129	0
130	0
131	0
132	0
133	0
134	0
135	1
136	-1
137	1
138	0
139	1
140	0
141	1
142	0
143	1
144	0
145	0
146	0
147	0
148	0
149	0
150	0
151	0
152	0
153	0
154	0
155	0
156	0
157	1
158	0
159	1
160	0
161	1
162	0
163	1
164	0
165	0
166	0
167	0
168	0
169	0
170	0
171	1
172	0
173	0
174	0
175	1
176	0
177	1
178	0
179	2
180	0
181	0
182	0
183	0
184	0
185	0
186	0
187	0
188	0
189	1
190	0
191	0
192	0
193	0
194	0
195	0
196	0
197	0
198	0
199	0
200	0
201	0
202	0
203	0
204	-1
205	0
206	0
207	0
208	0
209	0
210	0
211	0
212	0
213	0
214	0
215	0
216	0
217	0
218	0
219	1
220	0
221	0
222	0
223	0
224	0
225	1
226	0
227	0
228	0
229	0
230	-1
231	0
232	0
233	0
234	-1
235	0
236	-1
237	0
238	-1
239	0
240	0
241	1
242	0
243	0
244	0
245	0
246	0
247	0
248	0
249	0
250	0
251	0
252	0
253	0
254	0
255	0
256	0
257	0
258	0
259	1
260	0
261	0
262	0
263	2
264	0
265	1
266	0
267	0
268	0
269	0
270	0
271	1
272	0
273	1
274	0
275	1
276	0
277	2
278	0
279	1
280	0
281	1
282	0
283	1
284	0
285	1
286	0
287	1
288	0
289	1
290	0
291	1
292	0
293	2
294	0
295	0
296	0
297	0
298	0
299	1
300	0
301	2
302	0
303	2
304	0
305	0
306	0
307	0
308	0
309	0
310	0
311	0
312	0
313	1
314	0
315	0
316	0
317	0
318	0
319	0
320	0
321	0
322	0
323	0
324	0
325	0
326	0
327	0
328	0
329	0
330	0
331	0
332	-1
333	0
334	0
335	0
336	-1
337	0
338	0
339	0
340	-1
341	0
342	0
343	1
344	0
345	0
346	0
347	0
348	0
349	0
350	0
351	1
352	0
353	0
354	0
355	0
356	0
357	0
358	0
359	0
360	0
361	1
362	0
363	0
364	0
365	0
366	0
367	0
368	0
369	0
370	0
371	0
372	0
373	0
374	-1
375	0
376	0
377	2
378	-1
379	1
380	-1
381	0
382	0
383	1
384	0
385	1
386	0
387	0
388	0
389	1
390	0
391	1
392	0
393	0
394	0
395	1
396	0
397	0
398	0
399	1
400	0
401	0
402	0
403	1
404	0
405	1
406	0
407	2
408	0
409	1
410	0
411	1
412	0
413	1
414	0
415	0
416	0
417	0
418	0
419	0
420	0
421	1
422	0
423	0
424	0
425	0
426	0
427	0
428	0
429	0
430	0
431	0
432	0
433	0
434	0
435	0
436	0
437	0
438	0
439	0
440	0
441	0
442	0
443	0
444	0
445	1
446	0
447	0
448	0
449	2
450	0
451	1
452	0
453	1
454	0
455	2
456	0
457	2
458	0
459	2
460	0
461	3
462	2
463	4
464	2
465	6
466	5
467	8
468	6
469	10
470	9
471	15
472	11
473	18
474	16
475	22
476	19
477	26
478	23
479	32
480	28
481	37
482	35
483	41
484	40
485	47
486	45
487	51
488	49
489	56
490	54
491	60
492	58
493	63
494	62
495	65
496	65
497	66
498	66
499	78
500	62
501	74
502	67
503	74
504	69
505	73
506	69
507	72
508	68
509	71
510	66
511	70
512	66
513	67
514	64
515	67
516	62
517	64
518	59
519	61
520	56
521	58
522	53
523	55
524	49
525	51
526	46
527	50
528	44
529	46
530	40
531	43
532	37
533	39
534	32
535	36
536	29
537	32
538	26
539	28
540	23
541	25
542	20
543	23
544	16
545	22
546	14
547	19
548	13
549	16
550	10
551	13
552	9
553	11
554	5
555	9
556	4
557	8
558	2
559	6
560	0
561	5
562	1
563	2
564	0
565	0
566	-1
567	0
568	-3
569	0
570	-4
571	0
572	-4
573	-1
574	-7
575	-1
576	-9
577	-1
578	-10
579	-2
580	-11
581	-3
582	-11
583	-3
584	-12
585	-5
586	-11
587	-5
588	-13
589	-6
590	-13
591	-7
592	-14
593	-7
594	-13
595	-9
596	-14
597	-9
598	-14
599	-9
600	-14
601	-10
602	-13
603	-10
604	-14
605	-9
606	-13
607	-9
608	-14
609	-8
610	-13
611	-8
612	-13
613	-10
614	-13
615	-9
616	-14
617	-8
618	-13
619	-8
620	-13
621	-7
622	-11
623	-6
624	-12
625	-5
626	-13
627	-4
628	-12
629	-5
630	-11
631	-7
632	-11
633	-4
634	-11
635	-5
636	-11
637	-4
638	-11
639	-3
640	-11
641	-4
642	-11
643	-4
644	-11
645	-3
646	-11
647	-3
648	-10
649	-4
650	-9
651	-2
652	-10
653	-2
654	-11
655	-2
656	-7
657	-2
658	-7
659	-2
660	-5
661	-2
662	-6
663	-2
664	-7
665	-1
666	-6
667	0
668	-6
669	-1
670	-6
671	-1
672	-5
673	0
674	-3
675	0
676	-4
677	0
678	-3
679	0
680	-3
681	-1
682	-4
683	-1
684	-4
685	0
686	-4
687	0
688	-4
689	0
690	-3
691	0
692	-2
693	0
694	-4
695	0
696	-3
697	0
698	-4
699	0
700	-3
701	0
702	-3
703	0
704	-3
705	0
706	-4
707	0
708	-2
709	0
710	-2
711	0
712	-1
713	0
714	-2
715	0
716	-1
717	0
718	-2
719	0
720	-3
721	0
722	-2
723	0
724	-2
725	0
726	-1
727	0
728	-1
729	0
730	-1
731	0
732	-1
733	0
734	-1
735	0
736	-1
737	0
738	-2
739	0
740	0
741	0
742	-1
743	0
744	-1
745	0
746	-2
747	0
748	-1
749	0
750	-1
751	0
752	-1
753	0
754	-1
755	0
756	-2
757	0
758	-1
759	0
760	0
761	0
762	-1
763	0
764	0
765	0
766	0
767	0
768	0
769	0
770	0
771	0
772	0
773	1
774	0
775	0
776	-1
777	0
778	-1
779	0
780	-1
781	0
782	-2
783	0
784	-1
785	0
786	0
787	0
788	-1
789	0
790	-1
791	0
792	-2
793	0
794	-3
795	0
796	-1
797	0
798	-1
799	0
800	-1
801	0
802	0
803	0
804	0
805	0
806	0
807	0
808	-1
809	0
810	-1
811	0
812	-1
813	0
814	-2
815	0
816	0
817	0
818	-1
819	0
820	-1
821	0
822	0
823	0
824	0
825	0
826	-1
827	0
828	-1
829	0
830	-1
831	0
832	-1
833	0
834	0
835	0
836	0
837	0
838	-1
839	0
840	0
841	0
842	-1
843	0
844	-1
845	0
846	0
847	0
848	0
849	0
850	0
851	0
852	0
853	0
854	0
855	0
856	0
857	1
858	0
859	0
860	-1
861	0
862	0
863	0
864	0
865	0
866	0
867	0
868	-2
869	1
870	0
871	0
872	0
873	1
874	0
875	0
876	0
877	0
878	0
879	0
880	-1
881	1
882	0
883	0
884	0
885	0
886	0
887	1
888	-2
889	0
890	-1
891	0
892	0
893	0
894	0
895	0
896	0
897	0
898	0
899	0
900	0
901	0
902	-1
903	0
904	0
905	0
906	0
907	0
908	-1
909	1
910	0
911	0
912	0
913	1
914	0
915	0
916	0
917	0
918	0
919	0
920	0
921	0
922	0
923	0
924	0
925	0
926	0
927	0
928	0
929	0
930	0
931	0
932	0
933	0
934	0
935	0
936	0
937	1
938	0
939	1
940	-1
941	1
942	0
943	1
944	0
945	0
946	-1
947	0
948	0
949	1
950	0
951	0
952	0
953	0
954	0
955	0
956	0
957	0
958	0
959	0
960	0
961	0
962	0
963	0
964	0
965	1
966	0
967	1
968	-1
969	0
970	0
971	0
972	0
973	0
974	0
975	1
976	0
977	0
978	-1
979	0
980	0
981	0
982	0
983	0
984	0
985	0
986	-1
987	0
988	-1
989	0
990	-1
991	0
992	-2
993	0
994	0
995	0
996	-1
997	0
998	-1
999	0
1000	-1
1001	0
1002	-1
1003	0
1004	0
1005	0
1006	-1
1007	0
1008	0
1009	0
1010	0
1011	0
1012	0
1013	0
1014	-1
1015	1
1016	0
1017	0
1018	0
1019	0
1020	-1
1021	1
1022	0
1023	0
1024	0
1025	0
1026	0
1027	1
1028	0
1029	1
1030	0
1031	0
1032	0
1033	1
1034	0
1035	0
1036	0
1037	1
1038	-1
1039	0
1040	0
1041	0
1042	-1
1043	1
1044	0
1045	1
1046	0
1047	0
1048	-1
1049	1
1050	0
1051	0
1052	0
1053	0
1054	0
1055	1
1056	0
1057	1
1058	0
1059	1
1060	0
1061	1
1062	0
1063	1
1064	-1
1065	1
1066	0
1067	0
1068	0
1069	1
1070	0
1071	1
1072	0
1073	1
1074	0
1075	0
1076	0
1077	1
1078	0
1079	1
1080	0
1081	1
1082	0
1083	1
1084	0
1085	1
1086	0
1087	1
1088	0
1089	1
1090	-1
1091	1
1092	0
1093	1
1094	0
1095	1
1096	0
1097	0
1098	0
1099	1
1100	0
1101	1
1102	0
1103	1
1104	0
1105	1
1106	0
1107	2
1108	0
1109	1
1110	0
1111	0
1112	0
1113	0
1114	0
1115	0
1116	0
1117	0
1118	0
1119	0
1120	0
1121	1
1122	0
1123	0
1124	-1
1125	0
1126	0
1127	1
1128	0
1129	0
1130	-1
1131	0
1132	-1
1133	0
1134	-1
1135	0
1136	-2
1137	0
1138	-1
1139	0
1140	0
1141	0
1142	-1
1143	1
1144	-1
1145	0
1146	-1
1147	0
1148	-1
1149	0
1150	0
1151	0
1152	-1
1153	0
1154	-1
1155	0
1156	0
1157	0
1158	0
1159	0
1160	0
1161	0
1162	-1
1163	1
1164	0
1165	0
1166	0
1167	0
1168	-1
1169	0
1170	-1
1171	0
1172	-1
1173	0
1174	-2
1175	0
1176	0
1177	0
1178	-1
1179	0
1180	-1
1181	0
1182	-1
1183	0
1184	-1
1185	0
1186	-1
1187	0
1188	0
1189	0
1190	0
1191	0
1192	0
1193	0
1194	0
1195	0
1196	0
1197	0
1198	0
1199	0
1200	0
1201	1
1202	0
1203	1
1204	0
1205	1
1206	0
1207	0
1208	-1
1209	1
1210	-1
1211	0
1212	-1
1213	0
1214	0
1215	0
1216	0
1217	0
1218	-1
1219	0
1220	0
1221	0
1222	-1
1223	0
1224	0
1225	0
1226	-1
1227	0
1228	0
1229	0
1230	-1
1231	0
1232	0
1233	0
1234	0
1235	0
1236	0
1237	0
1238	0
1239	0
1240	0
1241	1
1242	0
1243	1
1244	-1
1245	1
1246	0
1247	1
1248	0
1249	0
1250	-1
1251	0
1252	-1
1253	0
1254	0
1255	0
1256	-1
1257	0
1258	0
1259	0
1260	-1
1261	0
1262	-1
1263	0
1264	-1
1265	0
1266	-1
1267	0
1268	-2
1269	0
1270	-1
1271	0
1272	0
1273	0
1274	0
1275	0
1276	-1
1277	0
1278	0
1279	0
1280	0
1281	0
1282	0
1283	1
1284	0
1285	0
1286	0
1287	1
1288	0
1289	1
1290	-1
1291	1
1292	-1
1293	0
1294	0
1295	0
1296	0
1297	1
1298	-1
1299	0
1300	0
1301	0
1302	0
1303	1
1304	-1
1305	0
1306	-1
1307	0
1308	0
1309	0
1310	0
1311	0
1312	0
1313	0
1314	-2
1315	0
1316	0
1317	0
1318	-1
1319	0
1320	0
1321	0
1322	-1
1323	0
1324	0
1325	0
1326	-1
1327	0
1328	0
1329	0
1330	0
1331	0
1332	0
1333	0
1334	0
1335	1
1336	-1
1337	0
1338	0
1339	0
1340	0
1341	0
1342	0
1343	1
1344	-1
1345	0
1346	-1
1347	0
1348	0
1349	0
1350	-1
1351	0
1352	0
1353	0
1354	0
1355	0
1356	0
1357	0
1358	0
1359	0
1360	-1
1361	0
1362	-1
1363	1
1364	-1
1365	0
1366	-2
1367	0
1368	-1
1369	0
1370	-1
1371	0
1372	-1
1373	1
1374	-1
1375	0
1376	0
1377	0
1378	0
1379	0
1380	0
1381	0
1382	0
1383	0
1384	0
1385	0
1386	0
1387	0
1388	0
1389	0
1390	0
1391	0
1392	-1
1393	0
1394	0
1395	0
1396	-1
1397	0
1398	-1
1399	0
1400	-2
1401	0
1402	-1
1403	0
1404	-1
1405	0
1406	0
1407	0
1408	0
1409	0
1410	0
1411	0
1412	0
1413	0
1414	0
1415	0
1416	0
1417	1
1418	0
1419	0
1420	-1
1421	0
1422	0
1423	0
1424	-1
1425	0
1426	-1
1427	0
1428	0
1429	0
1430	0
1431	0
1432	0
1433	0
1434	0
1435	0
1436	0
1437	0
1438	0
1439	0
1440	0
1441	0
1442	0
1443	0
1444	0
1445	0
1446	0
1447	1
1448	-1
1449	0
1450	0
1451	0
1452	0
1453	1
1454	0
1455	0
1456	0
1457	0
1458	0
1459	1
1460	0
1461	0
1462	0
1463	0
1464	0
1465	0
1466	0
1467	1
1468	0
1469	0
1470	0
1471	0
1472	0
1473	0
1474	0
1475	1
1476	0
1477	0
1478	0
1479	0
1480	0
1481	0
1482	-1
1483	0
1484	0
1485	0
1486	0
1487	0
1488	0
1489	0
1490	0
1491	0
1492	0
1493	0
1494	0
1495	0
1496	0
1497	0
1498	0
1499	0
1500	-1
1501	0
1502	0
1503	0
1504	0
1505	0
1506	0
1507	0
1508	0
1509	0
1510	0
1511	0
1512	0
1513	0
1514	0
1515	0
1516	0
1517	0
1518	0
1519	0
1520	-1
1521	0
1522	0
1523	0
1524	-1
1525	0
1526	0
1527	0
1528	-1
1529	0
1530	0
1531	0
1532	0
1533	0
1534	0
1535	0
1536	0
1537	0
1538	0
1539	0
1540	0
1541	0
1542	-1
1543	0
1544	0
1545	0
1546	0
1547	0
1548	0
1549	0
1550	0
1551	0
1552	0
1553	1
1554	0
1555	0
1556	0
1557	1
1558	0
1559	0
1560	0
1561	0
1562	0
1563	0
1564	0
1565	0
1566	0
1567	0
1568	0
1569	0
1570	0
1571	0
1572	0
1573	0
1574	-1
1575	0
1576	-1
1577	0
1578	-1
1579	0
1580	-1
1581	0
1582	-1
1583	0
1584	-1
1585	0
1586	-1
1587	0
1588	0
1589	0
1590	-1
1591	0
1592	0
1593	0
1594	0
1595	1
1596	0
1597	0
1598	0
1599	0
1600	0
1601	0
1602	0
1603	0
1604	0
1605	1
1606	0
1607	0
1608	0
1609	0
1610	0
1611	0
1612	0
1613	0
1614	0
1615	0
1616	-1
1617	0
1618	-1
1619	0
1620	-1
1621	0
1622	0
1623	0
1624	0
1625	0
1626	-1
1627	1
1628	-1
1629	0
1630	0
1631	0
1632	-1
1633	0
1634	-1
1635	0
1636	0
1637	0
1638	0
1639	0
1640	0
1641	0
1642	0
1643	0
1644	0
1645	0
1646	0
1647	0
1648	0
1649	0
1650	0
1651	0
1652	0
1653	0
1654	-1
1655	1
1656	0
1657	0
1658	0
1659	0
1660	-2
1661	0
1662	-1
1663	0
1664	0
1665	1
1666	-1
1667	0
1668	0
1669	0
1670	0
1671	0
1672	0
1673	0
1674	0
1675	0
1676	0
1677	0
1678	0
1679	0
1680	0
1681	0
1682	0
1683	1
1684	0
1685	0
1686	-1
1687	0
1688	0
1689	0
1690	0
1691	0
1692	-1
1693	1
1694	-1
1695	1
1696	0
1697	0
1698	0
1699	0
1700	0
1701	1
1702	0
1703	0
1704	0
1705	1
1706	0
1707	0
1708	0
1709	1
1710	0
1711	1
1712	0
1713	1
1714	0
1715	1
1716	0
1717	1
1718	0
1719	3
1720	0
1721	1
1722	0
1723	3
1724	0
1725	2
1726	0
1727	2
1728	0
1729	2
1730	0
1731	1
1732	0
1733	1
1734	0
1735	2
1736	0
1737	1
1738	0
1739	2
1740	0
1741	2
1742	0
1743	1
1744	0
1745	1
1746	0
1747	1
1748	-1
1749	1
1750	0
1751	0
1752	-1
1753	1
1754	0
1755	2
1756	0
1757	1
1758	0
1759	2
1760	0
1761	2
1762	0
1763	0
1764	0
1765	0
1766	0
1767	1
1768	-1
1769	1
1770	-1
1771	0
1772	0
1773	0
1774	0
1775	0
1776	0
1777	0
1778	-1
1779	0
1780	0
1781	0
1782	-1
1783	1
1784	-1
1785	1
1786	0
1787	1
1788	-1
1789	0
1790	0
1791	0
1792	0
1793	1
1794	0
1795	0
1796	-1
1797	2
1798	0
1799	2
1800	0
1801	1
1802	0
1803	2
1804	0
1805	3
1806	1
1807	2
1808	1
1809	2
1810	1
1811	2
1812	1
1813	2
1814	1
1815	2
1816	0
1817	2
1818	0
1819	3
1820	0
1821	2
1822	0
1823	2
1824	0
1825	2
1826	0
1827	1
1828	0
1829	1
1830	0
1831	0
1832	-1
1833	1
1834	0
1835	1
1836	0
1837	1
1838	-1
1839	0
1840	-1
1841	0
1842	0
1843	1
1844	0
1845	1
1846	0
1847	0
1848	0
1849	1
1850	0
1851	0
1852	0
1853	0
1854	0
1855	2
1856	0
1857	1
1858	0
1859	0
1860	0
1861	0
1862	0
1863	0
1864	-1
1865	0
1866	0
1867	0
1868	0
1869	0
1870	-2
1871	0
1872	-1
1873	0
1874	0
1875	0
1876	0
1877	0
1878	-1
1879	0
1880	-1
1881	0
1882	0
1883	0
1884	-1
1885	0
1886	-1
1887	0
1888	-1
1889	0
1890	-1
1891	0
1892	-1
1893	0
1894	0
1895	0
1896	-1
1897	0
1898	-1
1899	0
1900	0
1901	0
1902	0
1903	0
1904	0
1905	0
1906	0
1907	0
1908	-1
1909	0
1910	-1
1911	0
1912	0
1913	0
1914	0
1915	0
1916	-1
1917	0
1918	-1
1919	0
1920	0
1921	0
1922	-1
1923	0
1924	0
1925	0
1926	-1
1927	0
1928	-1
1929	0
1930	-2
1931	1
1932	-2
1933	1
1934	-2
1935	0
1936	-1
1937	0
1938	-1
1939	0
1940	-1
1941	0
1942	0
1943	0
1944	0
1945	1
1946	-1
1947	1
1948	-1
1949	0
1950	0
1951	1
1952	0
1953	0
1954	0
1955	1
1956	-1
1957	0
1958	-1
1959	0
1960	-1
1961	0
1962	-1
1963	0
1964	-1
1965	0
1966	-1
1967	0
1968	-2
1969	0
1970	-2
1971	0
1972	0
1973	1
1974	0
1975	0
1976	-1
1977	0
1978	-1
1979	1
1980	0
1981	0
1982	0
1983	1
1984	0
1985	0
1986	0
1987	0
1988	0
1989	1
1990	-1
1991	0
1992	0
1993	1
1994	0
1995	0
1996	0
1997	0
1998	0
1999	0
