0	0
1	2
2	0
3	2
4	0
5	2
6	0
7	0
8	-1
9	1
10	-1
11	0
12	-2
13	0
14	0
15	1
16	0
17	1
18	0
19	0
20	1
21	2
22	0
23	2
24	1
25	1
26	0
27	2
28	0
29	2
30	0
31	1
32	0
33	2
34	0
35	2
36	0
37	1
38	0
39	2
40	0
41	2
42	0
43	1
44	0
45	1
46	-1
47	2
48	0
49	0
50	0
51	0
52	0
53	1
54	0
55	1
56	0
57	0
58	0
59	0
60	0
61	0
62	0
63	0
64	0
65	0
66	0
67	0
68	0
69	1
70	-1
71	0
72	0
73	0
74	0
75	0
76	-1
77	0
78	-1
79	0
80	-1
81	0
82	0
83	0
84	-1
85	0
86	-2
87	0
88	-1
89	0
90	-1
91	0
92	-1
93	0
94	-1
95	0
96	-1
97	0
98	0
99	1
100	0
101	2
102	0
103	2
104	1
105	2
106	0
107	2
108	0
109	2
110	0
111	3
112	0
113	2
114	0
115	1
116	0
117	2
118	1
119	3
120	0
121	2
122	1
123	2
124	0
125	4
126	1
127	3
128	0
129	1
130	0
131	3
132	0
133	2
134	0
135	2
136	0
137	2
138	0
139	2
140	0
141	1
142	0
143	2
144	0
145	1
146	1
147	2
148	0
149	2
150	0
151	1
152	0
153	3
154	0
155	1
156	0
157	1
158	0
159	0
160	0
161	1
162	0
163	2
164	0
165	2
166	-1
167	1
168	0
169	1
170	0
171	2
172	0
173	1
174	0
175	0
176	0
177	1
178	0
179	1
180	0
181	2
182	-1
183	1
184	0
185	1
186	0
187	0
188	0
189	0
190	0
191	2
192	0
193	1
194	0
195	0
196	0
197	2
198	0
199	1
200	0
201	1
202	0
203	1
204	0
205	0
206	0
207	1
208	0
209	0
210	0
211	0
212	0
213	0
214	0
215	1
216	0
217	0
218	-1
219	0
220	-1
221	0
222	-1
223	0
224	0
225	0
226	0
227	0
228	0
229	0
230	0
231	0
232	0
233	0
234	0
235	0
236	0
237	2
238	0
239	2
240	0
241	3
242	0
243	2
244	1
245	2
246	0
247	2
248	0
249	3
250	0
251	3
252	0
253	1
254	1
255	2
256	0
257	2
258	0
259	3
260	0
261	1
262	0
263	1
264	0
265	1
266	0
267	1
268	0
269	1
270	0
271	0
272	-1
273	0
274	-1
275	0
276	0
277	0
278	0
279	0
280	0
281	0
282	0
283	0
284	0
285	1
286	0
287	2
288	0
289	3
290	0
291	3
292	0
293	3
294	0
295	3
296	0
297	2
298	0
299	3
300	0
301	3
302	0
303	3
304	0
305	3
306	0
307	1
308	0
309	1
310	0
311	2
312	0
313	0
314	0
315	0
316	-1
317	0
318	-1
319	0
320	-1
321	0
322	-1
323	0
324	-1
325	1
326	0
327	0
328	-1
329	1
330	0
331	0
332	-1
333	2
334	-1
335	1
336	0
337	3
338	0
339	3
340	0
341	1
342	0
343	2
344	1
345	1
346	0
347	2
348	0
349	2
350	0
351	1
352	0
353	1
354	0
355	1
356	0
357	1
358	0
359	0
360	-1
361	0
362	0
363	0
364	-1
365	0
366	-1
367	0
368	0
369	0
370	0
371	0
372	-1
373	0
374	-1
375	0
376	-1
377	0
378	-1
379	0
380	-1
381	0
382	-1
383	0
384	0
385	0
386	0
387	0
388	0
389	1
390	0
391	1
392	1
393	2
394	1
395	3
396	1
397	2
398	1
399	3
400	1
401	2
402	2
403	3
404	1
405	2
406	1
407	3
408	1
409	3
410	0
411	3
412	0
413	2
414	0
415	1
416	0
417	1
418	0
419	1
420	0
421	0
422	0
423	0
424	-1
425	0
426	-1
427	0
428	-2
429	0
430	0
431	1
432	-2
433	1
434	-2
435	1
436	0
437	1
438	1
439	4
440	3
441	8
442	7
443	13
444	12
445	18
446	20
447	25
448	26
449	33
450	35
451	40
452	44
453	49
454	52
455	59
456	60
457	66
458	70
459	75
460	78
461	85
462	86
463	92
464	93
465	100
466	101
467	106
468	108
469	113
470	113
471	119
472	119
473	122
474	121
475	125
476	122
477	126
478	122
479	126
480	122
481	125
482	121
483	122
484	117
485	117
486	112
487	114
488	108
489	108
490	101
491	101
492	95
493	95
494	88
495	87
496	81
497	80
498	76
499	78
500	62
501	66
502	60
503	59
504	52
505	51
506	45
507	45
508	37
509	39
510	31
511	30
512	24
513	25
514	17
515	18
516	12
517	13
518	8
519	6
520	1
521	2
522	-2
523	0
524	-6
525	-5
526	-10
527	-10
528	-14
529	-12
530	-16
531	-14
532	-21
533	-19
534	-23
535	-22
536	-26
537	-24
538	-29
539	-27
540	-30
541	-29
542	-33
543	-30
544	-33
545	-32
546	-35
547	-33
548	-36
549	-35
550	-37
551	-35
552	-38
553	-35
554	-38
555	-37
556	-39
557	-37
558	-40
559	-37
560	-40
561	-38
562	-40
563	-38
564	-39
565	-36
566	-40
567	-38
568	-39
569	-38
570	-39
571	-35
572	-39
573	-36
574	-39
575	-35
576	-39
577	-35
578	-38
579	-34
580	-36
581	-34
582	-35
583	-32
584	-34
585	-31
586	-33
587	-30
588	-32
589	-30
590	-31
591	-28
592	-31
593	-28
594	-29
595	-26
596	-28
597	-27
598	-28
599	-24
600	-27
601	-23
602	-26
603	-23
604	-25
605	-21
606	-23
607	-20
608	-23
609	-19
610	-22
611	-18
612	-19
613	-18
614	-18
615	-17
616	-19
617	-16
618	-18
619	-15
620	-17
621	-15
622	-16
623	-14
624	-16
625	-14
626	-15
627	-13
628	-15
629	-14
630	-16
631	-13
632	-14
633	-13
634	-14
635	-12
636	-12
637	-11
638	-11
639	-9
640	-11
641	-9
642	-10
643	-7
644	-11
645	-6
646	-10
647	-5
648	-9
649	-6
650	-8
651	-4
652	-7
653	-3
654	-7
655	-2
656	-6
657	-2
658	-4
659	-3
660	-4
661	-1
662	-3
663	0
664	-2
665	-1
666	-1
667	0
668	-2
669	0
670	-1
671	0
672	-1
673	0
674	-3
675	0
676	-2
677	0
678	-2
679	0
680	-2
681	0
682	-1
683	0
684	-2
685	1
686	0
687	0
688	-1
689	0
690	-1
691	0
692	-1
693	0
694	-2
695	0
696	-3
697	0
698	-4
699	0
700	-2
701	0
702	-4
703	0
704	-5
705	0
706	-4
707	0
708	-3
709	0
710	-2
711	0
712	-1
713	1
714	-1
715	1
716	0
717	0
718	0
719	0
720	0
721	1
722	0
723	1
724	-1
725	1
726	-1
727	1
728	-1
729	1
730	0
731	2
732	0
733	1
734	0
735	1
736	0
737	0
738	0
739	0
740	-1
741	0
742	-1
743	1
744	0
745	0
746	0
747	1
748	0
749	0
750	0
751	1
752	0
753	1
754	0
755	1
756	0
757	1
758	0
759	3
760	0
761	3
762	0
763	1
764	0
765	1
766	0
767	0
768	0
769	0
770	0
771	2
772	0
773	2
774	0
775	1
776	0
777	2
778	0
779	2
780	0
781	2
782	0
783	2
784	0
785	4
786	1
787	2
788	1
789	2
790	1
791	3
792	3
793	4
794	1
795	3
796	1
797	4
798	2
799	3
800	3
801	5
802	2
803	6
804	3
805	6
806	3
807	5
808	4
809	5
810	4
811	4
812	4
813	5
814	4
815	5
816	4
817	5
818	4
819	6
820	3
821	6
822	3
823	5
824	2
825	5
826	4
827	5
828	3
829	6
830	2
831	3
832	2
833	3
834	0
835	3
836	0
837	3
838	1
839	2
840	1
841	2
842	2
843	3
844	0
845	2
846	1
847	2
848	1
849	1
850	0
851	2
852	0
853	1
854	0
855	3
856	1
857	2
858	2
859	3
860	1
861	3
862	0
863	3
864	0
865	3
866	2
867	3
868	1
869	3
870	1
871	3
872	0
873	3
874	0
875	4
876	0
877	1
878	0
879	2
880	0
881	2
882	0
883	2
884	0
885	2
886	0
887	3
888	0
889	3
890	1
891	2
892	2
893	4
894	1
895	4
896	1
897	3
898	2
899	3
900	2
901	2
902	2
903	3
904	2
905	3
906	2
907	3
908	1
909	4
910	0
911	3
912	0
913	3
914	-1
915	2
916	-1
917	0
918	0
919	0
920	-1
921	0
922	-1
923	0
924	0
925	0
926	-2
927	0
928	0
929	0
930	-1
931	0
932	-3
933	0
934	-2
935	0
936	-2
937	0
938	-2
939	0
940	-2
941	0
942	-2
943	0
944	-1
945	-1
946	-2
947	-1
948	-2
949	0
950	-3
951	0
952	-1
953	0
954	-3
955	0
956	-4
957	0
958	-3
959	0
960	-3
961	-1
962	-4
963	-2
964	-3
965	-2
966	-3
967	-2
968	-3
969	-2
970	-3
971	-2
972	-3
973	-2
974	-3
975	-2
976	-3
977	-2
978	-3
979	-1
980	-3
981	-1
982	-2
983	0
984	-3
985	-1
986	-2
987	0
988	-2
989	0
990	-2
991	0
992	-2
993	0
994	-2
995	0
996	-3
997	0
998	-3
999	1
1000	-2
1001	0
1002	-3
1003	0
1004	-2
1005	0
1006	-3
1007	0
1008	-2
1009	0
1010	-1
1011	0
1012	-1
1013	0
1014	-2
1015	0
1016	-1
1017	0
1018	-1
1019	-1
1020	-2
1021	-1
1022	-2
1023	-1
1024	-2
1025	0
1026	-3
1027	0
1028	-2
1029	0
1030	-1
1031	0
1032	-1
1033	0
1034	-2
1035	0
1036	-2
1037	0
1038	0
1039	0
1040	-1
1041	0
1042	-1
1043	0
1044	-1
1045	0
1046	-1
1047	0
1048	-1
1049	0
1050	-1
1051	0
1052	0
1053	0
1054	-2
1055	1
1056	-1
1057	1
1058	0
1059	1
1060	0
1061	0
1062	0
1063	0
1064	0
1065	0
1066	0
1067	0
1068	-1
1069	0
1070	0
1071	1
1072	-1
1073	0
1074	0
1075	0
1076	0
1077	1
1078	0
1079	0
1080	0
1081	0
1082	0
1083	0
1084	0
1085	0
1086	0
1087	1
1088	0
1089	0
1090	0
1091	0
1092	0
1093	0
1094	-1
1095	0
1096	0
1097	0
1098	-1
1099	0
1100	0
1101	0
1102	0
1103	0
1104	-1
1105	0
1106	-2
1107	0
1108	-1
1109	0
1110	-1
1111	0
1112	-1
1113	0
1114	-1
1115	0
1116	-1
1117	0
1118	0
1119	1
1120	0
1121	1
1122	0
1123	0
1124	0
1125	0
1126	0
1127	0
1128	0
1129	0
1130	0
1131	0
1132	-1
1133	1
1134	-1
1135	1
1136	-1
1137	0
1138	0
1139	0
1140	0
1141	0
1142	-2
1143	0
1144	-2
1145	0
1146	-1
1147	0
1148	0
1149	0
1150	0
1151	1
1152	0
1153	0
1154	0
1155	1
1156	0
1157	0
1158	0
1159	1
1160	0
1161	2
1162	0
1163	0
1164	0
1165	2
1166	0
1167	1
1168	0
1169	2
1170	0
1171	1
1172	0
1173	2
1174	0
1175	1
1176	1
1177	1
1178	0
1179	2
1180	0
1181	0
1182	0
1183	1
1184	0
1185	1
1186	0
1187	0
1188	-1
1189	1
1190	0
1191	0
1192	0
1193	0
1194	0
1195	0
1196	0
1197	0
1198	-1
1199	0
1200	-2
1201	0
1202	-1
1203	-1
1204	-1
1205	0
1206	-1
1207	0
1208	-2
1209	0
1210	-1
1211	0
1212	-2
1213	0
1214	-1
1215	0
1216	-1
1217	1
1218	-1
1219	1
1220	-1
1221	1
1222	-1
1223	1
1224	0
1225	0
1226	0
1227	0
1228	0
1229	0
1230	-1
1231	0
1232	0
1233	0
1234	0
1235	0
1236	-1
1237	0
1238	-1
1239	0
1240	-1
1241	0
1242	-2
1243	0
1244	-2
1245	0
1246	-1
1247	0
1248	-1
1249	0
1250	-1
1251	1
1252	0
1253	0
1254	-1
1255	0
1256	0
1257	1
1258	0
1259	0
1260	0
1261	1
1262	0
1263	1
1264	0
1265	0
1266	0
1267	1
1268	0
1269	1
1270	0
1271	2
1272	0
1273	1
1274	0
1275	2
1276	0
1277	1
1278	0
1279	1
1280	0
1281	1
1282	0
1283	1
1284	0
1285	1
1286	0
1287	0
1288	-1
1289	0
1290	0
1291	0
1292	-1
1293	0
1294	-1
1295	0
1296	-1
1297	0
1298	-2
1299	-1
1300	-2
1301	0
1302	-2
1303	0
1304	-1
1305	0
1306	0
1307	0
1308	-1
1309	0
1310	-1
1311	0
1312	0
1313	0
1314	-2
1315	0
1316	-2
1317	0
1318	-1
1319	0
1320	-1
1321	1
1322	-1
1323	1
1324	-1
1325	0
1326	-1
1327	1
1328	-1
1329	0
1330	-2
1331	1
1332	-1
1333	0
1334	-1
1335	0
1336	-1
1337	0
1338	-2
1339	0
1340	-1
1341	0
1342	-1
1343	0
1344	-1
1345	0
1346	-1
1347	0
1348	-2
1349	0
1350	-1
1351	1
1352	0
1353	1
1354	-1
1355	0
1356	0
1357	0
1358	-1
1359	1
1360	0
1361	2
1362	0
1363	1
1364	0
1365	1
1366	0
1367	1
1368	1
1369	1
1370	0
1371	1
1372	1
1373	2
1374	0
1375	2
1376	0
1377	1
1378	0
1379	0
1380	0
1381	1
1382	0
1383	0
1384	-1
1385	0
1386	-1
1387	0
1388	0
1389	1
1390	0
1391	0
1392	0
1393	0
1394	0
1395	1
1396	0
1397	1
1398	-1
1399	0
1400	-1
1401	0
1402	0
1403	0
1404	0
1405	0
1406	0
1407	0
1408	-1
1409	0
1410	0
1411	0
1412	0
1413	0
1414	-1
1415	0
1416	-1
1417	1
1418	0
1419	0
1420	0
1421	1
1422	0
1423	2
1424	0
1425	1
1426	0
1427	1
1428	0
1429	2
1430	0
1431	1
1432	0
1433	3
1434	0
1435	1
1436	0
1437	2
1438	0
1439	2
1440	0
1441	3
1442	1
1443	3
1444	1
1445	2
1446	2
1447	2
1448	1
1449	2
1450	1
1451	3
1452	0
1453	1
1454	1
1455	2
1456	0
1457	2
1458	0
1459	2
1460	0
1461	1
1462	0
1463	1
1464	0
1465	2
1466	0
1467	1
1468	0
1469	1
1470	0
1471	2
1472	0
1473	2
1474	0
1475	1
1476	-1
1477	1
1478	0
1479	2
1480	0
1481	1
1482	0
1483	1
1484	0
1485	1
1486	0
1487	2
1488	-1
1489	1
1490	0
1491	1
1492	0
1493	1
1494	0
1495	1
1496	-1
1497	0
1498	-1
1499	0
1500	0
1501	1
1502	0
1503	0
1504	0
1505	0
1506	0
1507	-1
1508	-2
1509	-1
1510	-1
1511	-1
1512	-2
1513	0
1514	-2
1515	-1
1516	-2
1517	-1
1518	-2
1519	-2
1520	-3
1521	-3
1522	-3
1523	0
1524	-2
1525	-1
1526	-1
1527	-1
1528	-1
1529	0
1530	-2
1531	0
1532	-1
1533	0
1534	-1
1535	0
1536	-1
1537	0
1538	0
1539	0
1540	0
1541	0
1542	-1
1543	0
1544	-1
1545	0
1546	-1
1547	0
1548	-1
1549	0
1550	-3
1551	-1
1552	-2
1553	-1
1554	-3
1555	-1
1556	-3
1557	-2
1558	-4
1559	-2
1560	-4
1561	-1
1562	-4
1563	0
1564	-3
1565	-3
1566	-2
1567	-2
1568	-3
1569	0
1570	-3
1571	-1
1572	-3
1573	0
1574	-2
1575	0
1576	0
1577	0
1578	0
1579	1
1580	0
1581	1
1582	0
1583	2
1584	0
1585	2
1586	0
1587	3
1588	0
1589	0
1590	0
1591	1
1592	-1
1593	1
1594	-2
1595	0
1596	0
1597	0
1598	0
1599	0
1600	-2
1601	0
1602	-2
1603	0
1604	-1
1605	0
1606	-1
1607	1
1608	-1
1609	0
1610	-2
1611	0
1612	0
1613	0
1614	-1
1615	0
1616	0
1617	0
1618	0
1619	1
1620	0
1621	1
1622	0
1623	1
1624	1
1625	2
1626	1
1627	3
1628	0
1629	3
1630	1
1631	3
1632	1
1633	3
1634	0
1635	3
1636	0
1637	3
1638	3
1639	3
1640	2
1641	2
1642	1
1643	2
1644	0
1645	1
1646	-1
1647	0
1648	-1
1649	0
1650	-1
1651	0
1652	-1
1653	0
1654	-4
1655	-1
1656	-3
1657	-1
1658	-4
1659	-1
1660	-4
1661	-1
1662	-4
1663	-2
1664	-4
1665	-2
1666	-4
1667	-2
1668	-3
1669	-1
1670	-3
1671	-2
1672	-3
1673	0
1674	-1
1675	0
1676	-3
1677	0
1678	-1
1679	0
1680	0
1681	0
1682	0
1683	0
1684	-1
1685	1
1686	-1
1687	0
1688	-1
1689	1
1690	-1
1691	1
1692	0
1693	0
1694	0
1695	0
1696	0
1697	0
1698	-1
1699	0
1700	-1
1701	0
1702	-1
1703	-1
1704	-1
1705	0
1706	-1
1707	0
1708	0
1709	1
1710	-1
1711	0
1712	-1
1713	0
1714	0
1715	0
1716	-1
1717	0
1718	0
1719	0
1720	0
1721	1
1722	0
1723	0
1724	0
1725	1
1726	0
1727	1
1728	0
1729	1
1730	1
1731	1
1732	1
1733	2
1734	0
1735	0
1736	0
1737	1
1738	0
1739	1
1740	0
1741	0
1742	0
1743	2
1744	0
1745	1
1746	0
1747	2
1748	0
1749	1
1750	0
1751	1
1752	0
1753	0
1754	0
1755	0
1756	0
1757	0
1758	0
1759	0
1760	-1
1761	0
1762	0
1763	0
1764	0
1765	0
1766	0
1767	0
1768	0
1769	0
1770	0
1771	0
1772	0
1773	2
1774	0
1775	2
1776	0
1777	2
1778	0
1779	2
1780	0
1781	2
1782	1
1783	2
1784	0
1785	2
1786	1
1787	1
1788	0
1789	2
1790	0
1791	2
1792	0
1793	1
1794	0
1795	1
1796	0
1797	3
1798	0
1799	2
1800	0
1801	3
1802	1
1803	3
1804	1
1805	2
1806	0
1807	3
1808	0
1809	3
1810	1
1811	3
1812	0
1813	2
1814	1
1815	1
1816	0
1817	2
1818	1
1819	2
1820	1
1821	2
1822	0
1823	2
1824	0
1825	2
1826	0
1827	3
1828	0
1829	2
1830	0
1831	3
1832	0
1833	1
1834	0
1835	1
1836	-1
1837	2
1838	0
1839	1
1840	0
1841	1
1842	0
1843	2
1844	0
1845	0
1846	0
1847	0
1848	0
1849	0
1850	0
1851	0
1852	-1
1853	0
1854	-1
1855	0
1856	0
1857	0
1858	0
1859	0
1860	0
1861	0
1862	-1
1863	1
1864	0
1865	2
1866	0
1867	1
1868	0
1869	1
1870	0
1871	1
1872	0
1873	1
1874	0
1875	2
1876	0
1877	3
1878	0
1879	3
1880	0
1881	2
1882	0
1883	3
1884	1
1885	3
1886	0
1887	3
1888	1
1889	1
1890	0
1891	2
1892	0
1893	0
1894	-1
1895	0
1896	-1
1897	0
1898	-3
1899	0
1900	-2
1901	0
1902	-2
1903	0
1904	-1
1905	0
1906	-1
1907	0
1908	-1
1909	0
1910	-2
1911	0
1912	-1
1913	0
1914	-1
1915	0
1916	-1
1917	1
1918	-1
1919	1
1920	-1
1921	1
1922	0
1923	1
1924	0
1925	2
1926	0
1927	2
1928	0
1929	3
1930	-1
1931	1
1932	0
1933	3
1934	0
1935	3
1936	0
1937	2
1938	0
1939	2
1940	0
1941	2
1942	0
1943	2
1944	0
1945	1
1946	0
1947	1
1948	0
1949	1
1950	0
1951	1
1952	0
1953	1
1954	-1
1955	0
1956	-2
1957	0
1958	-2
1959	0
1960	-2
1961	0
1962	-1
1963	0
1964	-3
1965	0
1966	-3
1967	0
1968	-3
1969	0
1970	-3
1971	0
1972	-3
1973	0
1974	-2
1975	0
1976	-2
1977	0
1978	-1
1979	0
1980	-1
1981	0
1982	-2
1983	0
1984	-1
1985	0
1986	-2
1987	0
1988	-1
1989	0
1990	0
1991	0
1992	-2
1993	0
1994	-1
1995	0
1996	-1
1997	0
1998	-1
1999	1
