0	-1
1	0
2	-2
3	0
4	0
5	1
6	0
7	0
8	-1
9	0
10	-1
11	0
12	-1
13	0
14	0
15	0
16	0
17	0
18	0
19	1
20	0
21	1
22	0
23	1
24	0
25	2
26	0
27	1
28	0
29	1
30	0
31	1
32	0
33	1
34	0
35	1
36	0
37	1
38	0
39	1
40	0
41	1
42	0
43	1
44	0
45	1
46	0
47	2
48	0
49	2
50	0
51	2
52	0
53	1
54	0
55	1
56	0
57	2
58	0
59	2
60	0
61	1
62	0
63	1
64	0
65	1
66	0
67	1
68	0
69	1
70	0
71	0
72	0
73	1
74	0
75	1
76	0
77	0
78	-1
79	0
80	-1
81	0
82	-1
83	0
84	0
85	0
86	-2
87	0
88	-2
89	0
90	-1
91	0
92	0
93	0
94	0
95	0
96	-1
97	0
98	-2
99	0
100	-2
101	0
102	-1
103	0
104	0
105	0
106	0
107	0
108	0
109	0
110	0
111	0
112	0
113	0
114	0
115	0
116	0
117	0
118	-1
119	0
120	-1
121	0
122	-1
123	0
124	-1
125	0
126	-1
127	0
128	-1
129	0
130	0
131	0
132	0
133	0
134	0
135	1
136	0
137	1
138	0
139	2
140	0
141	1
142	0
143	1
144	0
145	2
146	0
147	2
148	0
149	2
150	1
151	3
152	0
153	3
154	0
155	2
156	0
157	2
158	0
159	2
160	1
161	1
162	0
163	1
164	0
165	1
166	0
167	1
168	0
169	0
170	-1
171	0
172	0
173	0
174	0
175	0
176	0
177	0
178	0
179	1
180	0
181	1
182	-1
183	0
184	-1
185	1
186	0
187	0
188	0
189	0
190	0
191	1
192	-1
193	0
194	-1
195	1
196	-1
197	0
198	0
199	0
200	-1
201	0
202	0
203	0
204	-1
205	0
206	-1
207	0
208	-2
209	0
210	-3
211	0
212	-2
213	0
214	-2
215	0
216	-1
217	0
218	0
219	0
220	-1
221	0
222	-1
223	1
224	-1
225	0
226	-1
227	1
228	0
229	0
230	0
231	1
232	0
233	0
234	-1
235	0
236	0
237	1
238	0
239	1
240	0
241	1
242	0
243	0
244	0
245	1
246	0
247	1
248	0
249	1
250	0
251	1
252	0
253	1
254	0
255	1
256	0
257	0
258	-1
259	2
260	-1
261	1
262	0
263	1
264	-1
265	1
266	-1
267	1
268	0
269	1
270	0
271	1
272	0
273	0
274	0
275	1
276	0
277	1
278	0
279	1
280	0
281	2
282	0
283	1
284	0
285	1
286	0
287	1
288	0
289	1
290	0
291	1
292	0
293	1
294	0
295	0
296	0
297	1
298	0
299	0
300	0
301	1
302	0
303	1
304	-1
305	0
306	-1
307	0
308	-1
309	0
310	-2
311	0
312	-1
313	0
314	-1
315	1
316	-1
317	0
318	-1
319	0
320	-2
321	0
322	-1
323	0
324	-1
325	0
326	-1
327	0
328	0
329	0
330	0
331	0
332	0
333	0
334	0
335	1
336	0
337	1
338	0
339	0
340	0
341	1
342	0
343	1
344	1
345	1
346	0
347	1
348	0
349	1
350	0
351	1
352	0
353	1
354	0
355	1
356	0
357	1
358	0
359	0
360	0
361	0
362	0
363	0
364	0
365	0
366	0
367	1
368	-1
369	1
370	-1
371	2
372	0
373	1
374	0
375	2
376	0
377	1
378	0
379	2
380	0
381	0
382	0
383	0
384	0
385	1
386	0
387	1
388	0
389	0
390	-1
391	0
392	0
393	0
394	-1
395	0
396	-1
397	0
398	-1
399	0
400	-1
401	0
402	-2
403	0
404	-2
405	0
406	-3
407	0
408	-1
409	0
410	0
411	0
412	-1
413	0
414	0
415	0
416	0
417	0
418	0
419	0
420	0
421	0
422	0
423	1
424	0
425	1
426	0
427	1
428	0
429	1
430	0
431	1
432	0
433	2
434	1
435	2
436	1
437	3
438	1
439	4
440	3
441	7
442	7
443	12
444	11
445	16
446	16
447	20
448	22
449	27
450	29
451	35
452	37
453	42
454	43
455	50
456	51
457	57
458	59
459	64
460	66
461	70
462	74
463	79
464	77
465	85
466	84
467	90
468	90
469	96
470	95
471	99
472	97
473	102
474	100
475	103
476	101
477	104
478	102
479	104
480	101
481	104
482	101
483	103
484	98
485	101
486	96
487	97
488	94
489	95
490	89
491	91
492	86
493	86
494	81
495	82
496	76
497	77
498	76
499	78
500	62
501	66
502	64
503	64
504	58
505	59
506	54
507	55
508	47
509	49
510	44
511	45
512	39
513	41
514	33
515	35
516	30
517	32
518	27
519	26
520	21
521	23
522	17
523	20
524	14
525	15
526	9
527	11
528	7
529	7
530	4
531	4
532	0
533	0
534	-2
535	-2
536	-8
537	-5
538	-9
539	-7
540	-11
541	-11
542	-13
543	-13
544	-16
545	-15
546	-17
547	-18
548	-20
549	-18
550	-21
551	-20
552	-22
553	-22
554	-24
555	-22
556	-25
557	-24
558	-27
559	-26
560	-28
561	-26
562	-30
563	-26
564	-30
565	-28
566	-29
567	-27
568	-30
569	-27
570	-30
571	-28
572	-29
573	-27
574	-28
575	-27
576	-28
577	-26
578	-28
579	-26
580	-27
581	-25
582	-28
583	-25
584	-27
585	-26
586	-27
587	-25
588	-26
589	-23
590	-25
591	-23
592	-24
593	-22
594	-24
595	-21
596	-24
597	-20
598	-24
599	-19
600	-23
601	-19
602	-22
603	-19
604	-21
605	-18
606	-21
607	-17
608	-21
609	-17
610	-20
611	-16
612	-20
613	-17
614	-19
615	-16
616	-18
617	-16
618	-17
619	-16
620	-18
621	-15
622	-17
623	-16
624	-17
625	-15
626	-17
627	-14
628	-16
629	-13
630	-17
631	-13
632	-16
633	-12
634	-15
635	-11
636	-14
637	-12
638	-14
639	-11
640	-14
641	-11
642	-13
643	-10
644	-13
645	-8
646	-13
647	-8
648	-12
649	-7
650	-11
651	-8
652	-11
653	-7
654	-9
655	-6
656	-9
657	-6
658	-8
659	-6
660	-7
661	-5
662	-7
663	-5
664	-7
665	-4
666	-8
667	-5
668	-7
669	-4
670	-6
671	-4
672	-6
673	-4
674	-6
675	-4
676	-7
677	-3
678	-4
679	-2
680	-4
681	-2
682	-5
683	-2
684	-5
685	-2
686	-4
687	-3
688	-2
689	-2
690	-3
691	-1
692	-3
693	-1
694	-4
695	-1
696	-4
697	-1
698	-4
699	0
700	-3
701	0
702	-4
703	0
704	-2
705	0
706	-3
707	-1
708	-2
709	0
710	-2
711	-1
712	-1
713	-1
714	-2
715	-2
716	-2
717	-1
718	-1
719	0
720	-1
721	0
722	-2
723	0
724	-2
725	0
726	-1
727	0
728	-1
729	0
730	0
731	0
732	0
733	0
734	-1
735	0
736	-1
737	0
738	-1
739	0
740	-2
741	0
742	-1
743	0
744	-1
745	0
746	-2
747	0
748	-2
749	-1
750	-1
751	0
752	-1
753	0
754	-2
755	0
756	-2
757	0
758	-2
759	0
760	-3
761	0
762	-1
763	0
764	-2
765	0
766	-1
767	0
768	0
769	0
770	-1
771	0
772	-1
773	0
774	-2
775	0
776	-2
777	0
778	-1
779	0
780	-1
781	0
782	0
783	0
784	0
785	0
786	-2
787	0
788	0
789	0
790	0
791	0
792	-1
793	0
794	0
795	0
796	0
797	0
798	-1
799	0
800	-1
801	0
802	0
803	0
804	0
805	0
806	0
807	0
808	0
809	0
810	-1
811	0
812	-1
813	0
814	0
815	0
816	0
817	0
818	-2
819	0
820	-1
821	0
822	-1
823	0
824	-2
825	0
826	-1
827	0
828	-1
829	0
830	-1
831	0
832	-1
833	0
834	-1
835	0
836	0
837	0
838	-1
839	0
840	0
841	0
842	-1
843	0
844	0
845	0
846	-1
847	0
848	0
849	-1
850	0
851	0
852	-1
853	0
854	-1
855	0
856	-1
857	0
858	-1
859	0
860	-1
861	0
862	-1
863	0
864	0
865	0
866	0
867	0
868	0
869	0
870	0
871	0
872	-1
873	0
874	-2
875	0
876	-2
877	0
878	-2
879	0
880	0
881	0
882	-1
883	0
884	-1
885	0
886	-2
887	0
888	0
889	0
890	-1
891	0
892	-1
893	1
894	-1
895	0
896	-1
897	1
898	0
899	2
900	0
901	1
902	0
903	1
904	0
905	2
906	0
907	2
908	0
909	2
910	0
911	3
912	0
913	2
914	0
915	1
916	0
917	0
918	0
919	0
920	-1
921	0
922	0
923	0
924	-1
925	0
926	-1
927	0
928	-2
929	0
930	-1
931	0
932	-1
933	0
934	-2
935	0
936	-2
937	0
938	-1
939	0
940	-1
941	0
942	-1
943	0
944	-1
945	0
946	0
947	0
948	-2
949	0
950	-1
951	0
952	0
953	0
954	-1
955	0
956	0
957	0
958	0
959	0
960	0
961	0
962	0
963	1
964	0
965	2
966	0
967	1
968	0
969	1
970	0
971	1
972	0
973	1
974	1
975	1
976	1
977	2
978	2
979	2
980	1
981	2
982	1
983	2
984	1
985	3
986	0
987	3
988	1
989	3
990	1
991	2
992	2
993	3
994	1
995	2
996	1
997	1
998	1
999	3
1000	0
1001	2
1002	0
1003	2
1004	0
1005	2
1006	0
1007	2
1008	0
1009	2
1010	0
1011	2
1012	0
1013	2
1014	0
1015	2
1016	0
1017	2
1018	0
1019	2
1020	0
1021	1
1022	-1
1023	2
1024	0
1025	1
1026	0
1027	3
1028	0
1029	3
1030	1
1031	1
1032	1
1033	3
1034	1
1035	4
1036	1
1037	2
1038	1
1039	2
1040	0
1041	3
1042	0
1043	2
1044	0
1045	2
1046	0
1047	3
1048	0
1049	2
1050	0
1051	1
1052	0
1053	0
1054	0
1055	0
1056	0
1057	1
1058	0
1059	0
1060	-1
1061	0
1062	0
1063	0
1064	-1
1065	0
1066	-1
1067	0
1068	-1
1069	0
1070	0
1071	0
1072	0
1073	0
1074	0
1075	0
1076	-1
1077	0
1078	0
1079	0
1080	-1
1081	1
1082	0
1083	0
1084	0
1085	1
1086	0
1087	1
1088	0
1089	1
1090	0
1091	2
1092	0
1093	1
1094	0
1095	1
1096	0
1097	2
1098	0
1099	1
1100	0
1101	2
1102	0
1103	2
1104	0
1105	1
1106	0
1107	1
1108	0
1109	0
1110	0
1111	1
1112	0
1113	1
1114	0
1115	2
1116	0
1117	1
1118	1
1119	1
1120	0
1121	0
1122	0
1123	1
1124	0
1125	0
1126	1
1127	1
1128	0
1129	0
1130	0
1131	1
1132	0
1133	2
1134	0
1135	1
1136	0
1137	2
1138	0
1139	2
1140	1
1141	2
1142	0
1143	1
1144	0
1145	1
1146	1
1147	2
1148	0
1149	1
1150	0
1151	1
1152	1
1153	1
1154	0
1155	1
1156	0
1157	2
1158	1
1159	2
1160	0
1161	1
1162	0
1163	1
1164	0
1165	1
1166	0
1167	1
1168	0
1169	1
1170	0
1171	1
1172	0
1173	1
1174	0
1175	1
1176	0
1177	0
1178	0
1179	0
1180	0
1181	0
1182	-1
1183	0
1184	-1
1185	0
1186	-1
1187	0
1188	-1
1189	0
1190	-2
1191	0
1192	-1
1193	0
1194	-2
1195	0
1196	-2
1197	-1
1198	-2
1199	0
1200	-3
1201	0
1202	-3
1203	0
1204	-2
1205	-1
1206	-2
1207	-1
1208	-1
1209	0
1210	-2
1211	-1
1212	-2
1213	-1
1214	-1
1215	0
1216	-2
1217	-2
1218	-1
1219	-1
1220	-2
1221	0
1222	-1
1223	0
1224	-2
1225	0
1226	-1
1227	0
1228	-2
1229	-1
1230	-1
1231	0
1232	-2
1233	0
1234	-2
1235	-1
1236	-2
1237	0
1238	-2
1239	0
1240	-3
1241	0
1242	-4
1243	0
1244	-1
1245	0
1246	-1
1247	0
1248	-2
1249	0
1250	-3
1251	-1
1252	-2
1253	0
1254	-1
1255	0
1256	-2
1257	-1
1258	-2
1259	0
1260	-1
1261	0
1262	-1
1263	-1
1264	-1
1265	-1
1266	-1
1267	0
1268	-1
1269	-1
1270	-1
1271	0
1272	-1
1273	0
1274	-2
1275	0
1276	-1
1277	0
1278	-1
1279	0
1280	-1
1281	0
1282	-1
1283	0
1284	-1
1285	0
1286	-1
1287	0
1288	-2
1289	0
1290	-2
1291	0
1292	-1
1293	0
1294	-2
1295	0
1296	-1
1297	0
1298	-2
1299	0
1300	-1
1301	0
1302	-2
1303	0
1304	-2
1305	0
1306	0
1307	0
1308	-2
1309	0
1310	-1
1311	1
1312	-1
1313	1
1314	-1
1315	0
1316	-1
1317	1
1318	-1
1319	1
1320	-1
1321	1
1322	-1
1323	0
1324	-1
1325	0
1326	-3
1327	0
1328	-1
1329	0
1330	-1
1331	0
1332	-2
1333	0
1334	0
1335	0
1336	0
1337	0
1338	-1
1339	0
1340	-1
1341	0
1342	0
1343	0
1344	0
1345	0
1346	-1
1347	0
1348	0
1349	0
1350	-1
1351	0
1352	-2
1353	0
1354	-2
1355	0
1356	-1
1357	0
1358	-1
1359	0
1360	-2
1361	0
1362	-1
1363	0
1364	-1
1365	0
1366	-1
1367	0
1368	-2
1369	0
1370	-1
1371	0
1372	-1
1373	0
1374	-1
1375	0
1376	-1
1377	0
1378	-1
1379	0
1380	-1
1381	1
1382	-1
1383	0
1384	-1
1385	0
1386	-1
1387	0
1388	-1
1389	0
1390	-1
1391	0
1392	-1
1393	0
1394	-1
1395	0
1396	0
1397	0
1398	0
1399	0
1400	0
1401	1
1402	-1
1403	0
1404	0
1405	1
1406	0
1407	0
1408	-1
1409	0
1410	0
1411	0
1412	-1
1413	0
1414	0
1415	0
1416	0
1417	0
1418	-1
1419	0
1420	-1
1421	0
1422	-1
1423	-1
1424	-2
1425	0
1426	-2
1427	0
1428	-1
1429	0
1430	-1
1431	1
1432	-2
1433	0
1434	-1
1435	0
1436	-1
1437	0
1438	-2
1439	0
1440	-1
1441	0
1442	-1
1443	0
1444	-1
1445	0
1446	0
1447	0
1448	-1
1449	0
1450	-1
1451	1
1452	-2
1453	0
1454	-2
1455	0
1456	-2
1457	0
1458	-1
1459	0
1460	-1
1461	0
1462	0
1463	0
1464	-2
1465	0
1466	-1
1467	0
1468	0
1469	0
1470	-1
1471	0
1472	-1
1473	0
1474	-1
1475	0
1476	0
1477	0
1478	0
1479	0
1480	0
1481	1
1482	-1
1483	0
1484	0
1485	0
1486	0
1487	0
1488	-1
1489	1
1490	-1
1491	0
1492	0
1493	0
1494	0
1495	1
1496	0
1497	0
1498	0
1499	1
1500	0
1501	0
1502	-1
1503	0
1504	0
1505	1
1506	-1
1507	0
1508	-1
1509	0
1510	-1
1511	0
1512	-1
1513	0
1514	-1
1515	0
1516	-2
1517	0
1518	-1
1519	0
1520	-1
1521	0
1522	-1
1523	0
1524	-1
1525	0
1526	-1
1527	0
1528	-1
1529	0
1530	0
1531	0
1532	0
1533	0
1534	-1
1535	0
1536	0
1537	0
1538	0
1539	0
1540	0
1541	1
1542	0
1543	0
1544	0
1545	0
1546	0
1547	0
1548	0
1549	0
1550	0
1551	0
1552	0
1553	0
1554	-1
1555	0
1556	-1
1557	0
1558	-2
1559	0
1560	-2
1561	0
1562	-1
1563	0
1564	-4
1565	-1
1566	-3
1567	-1
1568	-3
1569	0
1570	-1
1571	0
1572	-2
1573	0
1574	-2
1575	0
1576	-2
1577	0
1578	-1
1579	0
1580	-1
1581	0
1582	-2
1583	0
1584	-2
1585	0
1586	-1
1587	0
1588	-1
1589	0
1590	-1
1591	0
1592	0
1593	0
1594	0
1595	1
1596	0
1597	1
1598	0
1599	1
1600	0
1601	0
1602	0
1603	1
1604	0
1605	1
1606	0
1607	1
1608	0
1609	1
1610	0
1611	0
1612	0
1613	0
1614	0
1615	0
1616	0
1617	0
1618	0
1619	0
1620	0
1621	0
1622	0
1623	0
1624	-1
1625	0
1626	0
1627	0
1628	0
1629	0
1630	-1
1631	0
1632	-1
1633	1
1634	0
1635	0
1636	0
1637	0
1638	0
1639	0
1640	0
1641	0
1642	0
1643	0
1644	0
1645	0
1646	-1
1647	0
1648	-1
1649	0
1650	-1
1651	0
1652	-1
1653	0
1654	-1
1655	0
1656	-2
1657	0
1658	-2
1659	0
1660	-1
1661	0
1662	-2
1663	0
1664	-1
1665	0
1666	-1
1667	0
1668	0
1669	0
1670	-1
1671	0
1672	-2
1673	0
1674	-1
1675	0
1676	-1
1677	0
1678	-1
1679	0
1680	-2
1681	0
1682	-1
1683	0
1684	0
1685	0
1686	-2
1687	0
1688	-2
1689	0
1690	0
1691	0
1692	-1
1693	0
1694	-2
1695	0
1696	-2
1697	0
1698	-2
1699	0
1700	-1
1701	0
1702	-1
1703	0
1704	0
1705	0
1706	-1
1707	0
1708	0
1709	0
1710	-1
1711	0
1712	-1
1713	0
1714	0
1715	1
1716	0
1717	1
1718	0
1719	1
1720	0
1721	0
1722	0
1723	0
1724	-1
1725	0
1726	-1
1727	0
1728	-1
1729	0
1730	0
1731	0
1732	-1
1733	0
1734	-1
1735	0
1736	-2
1737	0
1738	-2
1739	0
1740	-1
1741	0
1742	-2
1743	1
1744	-2
1745	1
1746	-2
1747	0
1748	0
1749	0
1750	0
1751	0
1752	0
1753	1
1754	0
1755	1
1756	0
1757	2
1758	-1
1759	1
1760	0
1761	1
1762	-1
1763	2
1764	-1
1765	0
1766	-2
1767	0
1768	0
1769	0
1770	-2
1771	0
1772	-1
1773	0
1774	-1
1775	0
1776	-1
1777	-1
1778	0
1779	0
1780	-1
1781	-1
1782	-2
1783	-1
1784	-2
1785	0
1786	-1
1787	0
1788	-2
1789	0
1790	-2
1791	0
1792	0
1793	0
1794	-1
1795	0
1796	-2
1797	0
1798	0
1799	0
1800	0
1801	0
1802	0
1803	0
1804	0
1805	0
1806	0
1807	1
1808	-1
1809	0
1810	0
1811	0
1812	0
1813	0
1814	0
1815	0
1816	0
1817	0
1818	-1
1819	0
1820	0
1821	0
1822	0
1823	1
1824	0
1825	0
1826	0
1827	0
1828	-1
1829	0
1830	0
1831	0
1832	0
1833	0
1834	-1
1835	0
1836	0
1837	1
1838	0
1839	1
1840	0
1841	2
1842	0
1843	2
1844	0
1845	2
1846	0
1847	2
1848	1
1849	2
1850	1
1851	2
1852	0
1853	2
1854	0
1855	3
1856	0
1857	2
1858	1
1859	2
1860	0
1861	2
1862	0
1863	2
1864	0
1865	2
1866	0
1867	2
1868	1
1869	3
1870	0
1871	3
1872	0
1873	2
1874	0
1875	1
1876	0
1877	2
1878	0
1879	3
1880	0
1881	2
1882	0
1883	2
1884	1
1885	3
1886	0
1887	2
1888	0
1889	1
1890	-1
1891	1
1892	0
1893	1
1894	0
1895	0
1896	0
1897	0
1898	0
1899	0
1900	-1
1901	0
1902	0
1903	0
1904	-2
1905	0
1906	-2
1907	-2
1908	-2
1909	0
1910	-2
1911	0
1912	-2
1913	0
1914	-4
1915	-1
1916	-2
1917	0
1918	-2
1919	0
1920	-1
1921	0
1922	-2
1923	0
1924	-2
1925	0
1926	-2
1927	0
1928	-1
1929	0
1930	-2
1931	0
1932	0
1933	0
1934	-2
1935	0
1936	-1
1937	0
1938	-1
1939	0
1940	-1
1941	0
1942	0
1943	0
1944	-1
1945	0
1946	-1
1947	0
1948	-1
1949	0
1950	-1
1951	0
1952	0
1953	0
1954	-1
1955	0
1956	0
1957	0
1958	-1
1959	0
1960	0
1961	0
1962	-1
1963	0
1964	-2
1965	0
1966	-2
1967	0
1968	-2
1969	0
1970	-1
1971	0
1972	-2
1973	0
1974	-1
1975	0
1976	-1
1977	0
1978	-1
1979	0
1980	-1
1981	-1
1982	-1
1983	0
1984	-2
1985	-1
1986	-3
1987	-1
1988	-3
1989	0
1990	-2
1991	-1
1992	-2
1993	-1
1994	-3
1995	-1
1996	-2
1997	0
1998	-1
1999	-1
