0	0
1	1
2	1
3	2
4	0
5	1
6	0
7	1
8	0
9	1
10	0
11	1
12	0
13	1
14	0
15	1
16	-1
17	0
18	0
19	0
20	-1
21	0
22	-1
23	0
24	0
25	0
26	0
27	0
28	0
29	0
30	-1
31	0
32	-1
33	0
34	-1
35	0
36	0
37	0
38	0
39	0
40	0
41	0
42	0
43	1
44	0
45	0
46	0
47	0
48	0
49	0
50	0
51	0
52	0
53	0
54	0
55	0
56	0
57	0
58	0
59	1
60	0
61	2
62	0
63	1
64	0
65	1
66	0
67	1
68	0
69	1
70	0
71	1
72	0
73	2
74	0
75	2
76	0
77	2
78	1
79	1
80	1
81	2
82	1
83	2
84	0
85	2
86	1
87	0
88	0
89	1
90	0
91	2
92	0
93	2
94	0
95	0
96	-1
97	1
98	-1
99	0
100	-1
101	0
102	0
103	0
104	-1
105	0
106	0
107	0
108	0
109	0
110	0
111	0
112	0
113	0
114	0
115	0
116	0
117	0
118	0
119	0
120	0
121	0
122	0
123	1
124	0
125	0
126	0
127	0
128	0
129	0
130	0
131	1
132	0
133	1
134	0
135	0
136	0
137	2
138	0
139	1
140	0
141	0
142	0
143	1
144	0
145	1
146	0
147	0
148	0
149	0
150	0
151	0
152	0
153	0
154	0
155	1
156	0
157	0
158	0
159	1
160	0
161	2
162	0
163	1
164	0
165	1
166	0
167	0
168	0
169	2
170	1
171	2
172	1
173	1
174	0
175	2
176	1
177	2
178	1
179	2
180	0
181	1
182	0
183	1
184	0
185	0
186	0
187	0
188	0
189	0
190	-1
191	0
192	-2
193	0
194	-1
195	-1
196	-1
197	0
198	-1
199	-1
200	-3
201	0
202	-2
203	0
204	-2
205	0
206	-1
207	0
208	-2
209	0
210	-2
211	0
212	0
213	0
214	-1
215	1
216	0
217	0
218	0
219	0
220	0
221	0
222	0
223	1
224	0
225	1
226	0
227	2
228	0
229	2
230	-1
231	1
232	0
233	1
234	0
235	1
236	0
237	1
238	0
239	1
240	0
241	0
242	0
243	0
244	0
245	0
246	0
247	0
248	-1
249	1
250	0
251	0
252	0
253	1
254	1
255	0
256	0
257	1
258	1
259	1
260	0
261	1
262	0
263	2
264	0
265	2
266	0
267	2
268	0
269	1
270	0
271	0
272	0
273	2
274	0
275	1
276	0
277	1
278	0
279	1
280	0
281	2
282	0
283	1
284	0
285	1
286	0
287	1
288	0
289	0
290	-1
291	0
292	-1
293	0
294	0
295	0
296	0
297	0
298	0
299	0
300	-1
301	0
302	-1
303	0
304	0
305	0
306	-1
307	0
308	-2
309	0
310	-1
311	0
312	-1
313	0
314	-2
315	0
316	-2
317	-1
318	0
319	0
320	-1
321	0
322	-2
323	0
324	-2
325	-1
326	-2
327	0
328	-1
329	0
330	0
331	0
332	-1
333	0
334	0
335	2
336	0
337	1
338	0
339	2
340	0
341	1
342	0
343	1
344	0
345	1
346	0
347	2
348	0
349	2
350	1
351	2
352	0
353	2
354	0
355	1
356	0
357	1
358	1
359	1
360	0
361	2
362	0
363	2
364	0
365	1
366	0
367	0
368	0
369	1
370	0
371	1
372	0
373	1
374	0
375	0
376	0
377	2
378	0
379	2
380	0
381	1
382	0
383	1
384	0
385	1
386	0
387	1
388	0
389	1
390	0
391	0
392	0
393	0
394	-1
395	0
396	-1
397	0
398	-1
399	0
400	0
401	0
402	-2
403	-1
404	-2
405	0
406	-2
407	-1
408	-2
409	0
410	-1
411	0
412	-1
413	0
414	0
415	0
416	0
417	0
418	0
419	0
420	0
421	2
422	0
423	2
424	1
425	2
426	0
427	4
428	0
429	2
430	0
431	4
432	1
433	3
434	4
435	6
436	5
437	11
438	11
439	15
440	16
441	22
442	24
443	32
444	33
445	39
446	42
447	49
448	51
449	58
450	61
451	68
452	72
453	78
454	81
455	87
456	91
457	98
458	100
459	108
460	111
461	116
462	119
463	126
464	127
465	133
466	135
467	141
468	140
469	145
470	147
471	149
472	149
473	150
474	150
475	153
476	152
477	151
478	148
479	149
480	147
481	144
482	142
483	140
484	135
485	134
486	128
487	127
488	119
489	119
490	113
491	108
492	104
493	101
494	94
495	91
496	86
497	83
498	78
499	78
500	62
501	64
502	60
503	55
504	50
505	46
506	40
507	37
508	34
509	30
510	24
511	22
512	16
513	14
514	10
515	7
516	3
517	0
518	-2
519	-4
520	-9
521	-8
522	-15
523	-15
524	-18
525	-19
526	-22
527	-23
528	-27
529	-27
530	-33
531	-32
532	-33
533	-34
534	-36
535	-36
536	-39
537	-38
538	-41
539	-39
540	-42
541	-42
542	-45
543	-43
544	-48
545	-45
546	-47
547	-47
548	-47
549	-46
550	-48
551	-48
552	-49
553	-47
554	-49
555	-48
556	-48
557	-47
558	-50
559	-47
560	-49
561	-47
562	-49
563	-50
564	-48
565	-48
566	-50
567	-49
568	-49
569	-47
570	-48
571	-46
572	-49
573	-46
574	-49
575	-44
576	-47
577	-44
578	-47
579	-42
580	-45
581	-44
582	-45
583	-43
584	-45
585	-43
586	-43
587	-41
588	-43
589	-41
590	-41
591	-40
592	-41
593	-38
594	-41
595	-37
596	-38
597	-37
598	-38
599	-35
600	-38
601	-35
602	-35
603	-33
604	-33
605	-32
606	-33
607	-31
608	-33
609	-31
610	-32
611	-32
612	-32
613	-30
614	-31
615	-28
616	-31
617	-27
618	-31
619	-26
620	-29
621	-25
622	-26
623	-24
624	-25
625	-23
626	-23
627	-20
628	-24
629	-20
630	-23
631	-20
632	-20
633	-19
634	-19
635	-18
636	-18
637	-16
638	-17
639	-17
640	-17
641	-16
642	-17
643	-16
644	-16
645	-16
646	-16
647	-14
648	-15
649	-14
650	-15
651	-13
652	-15
653	-12
654	-14
655	-12
656	-14
657	-13
658	-14
659	-13
660	-13
661	-12
662	-13
663	-10
664	-12
665	-11
666	-12
667	-9
668	-11
669	-8
670	-10
671	-6
672	-10
673	-6
674	-10
675	-6
676	-9
677	-5
678	-7
679	-5
680	-7
681	-4
682	-6
683	-4
684	-5
685	-6
686	-4
687	-4
688	-6
689	-4
690	-5
691	-3
692	-4
693	-3
694	-4
695	-2
696	-5
697	-3
698	-6
699	-4
700	-6
701	-4
702	-5
703	-5
704	-6
705	-4
706	-6
707	-3
708	-7
709	-3
710	-6
711	-4
712	-7
713	-3
714	-5
715	-3
716	-5
717	-4
718	-4
719	-4
720	-4
721	-4
722	-5
723	-2
724	-4
725	-3
726	-3
727	-3
728	-3
729	-2
730	-3
731	-1
732	-1
733	0
734	-2
735	-1
736	-2
737	0
738	-1
739	-1
740	-2
741	-1
742	-1
743	0
744	-2
745	0
746	-1
747	0
748	0
749	0
750	0
751	0
752	-2
753	0
754	-1
755	-1
756	-2
757	0
758	-2
759	0
760	-2
761	0
762	-1
763	0
764	-2
765	0
766	-3
767	0
768	-3
769	0
770	-2
771	0
772	-1
773	0
774	-2
775	0
776	-1
777	-1
778	-2
779	-1
780	-2
781	0
782	-2
783	0
784	-2
785	0
786	-2
787	0
788	0
789	0
790	-1
791	0
792	-2
793	0
794	-2
795	0
796	-2
797	-1
798	-2
799	-1
800	-2
801	-1
802	-2
803	0
804	-2
805	-1
806	-3
807	-2
808	-2
809	-2
810	0
811	0
812	-1
813	0
814	-1
815	0
816	-2
817	0
818	-1
819	0
820	-1
821	0
822	-1
823	0
824	0
825	0
826	0
827	0
828	-1
829	0
830	0
831	0
832	0
833	0
834	0
835	1
836	0
837	0
838	0
839	1
840	0
841	1
842	0
843	1
844	0
845	0
846	0
847	0
848	-1
849	1
850	0
851	0
852	-1
853	0
854	-2
855	0
856	0
857	0
858	0
859	0
860	-1
861	0
862	0
863	0
864	0
865	0
866	-1
867	-1
868	-2
869	0
870	-2
871	-1
872	-2
873	-1
874	-1
875	-1
876	-2
877	-1
878	-3
879	-1
880	-2
881	-2
882	-4
883	-1
884	-2
885	-2
886	-4
887	-2
888	-3
889	-1
890	-2
891	-1
892	-2
893	-1
894	-1
895	0
896	-1
897	-1
898	-1
899	0
900	0
901	0
902	-1
903	0
904	-1
905	0
906	-1
907	1
908	0
909	1
910	0
911	1
912	0
913	1
914	0
915	0
916	0
917	0
918	0
919	0
920	0
921	0
922	-1
923	0
924	-1
925	0
926	-1
927	0
928	0
929	0
930	-2
931	0
932	-1
933	0
934	0
935	0
936	0
937	0
938	-1
939	1
940	0
941	1
942	0
943	0
944	0
945	1
946	1
947	0
948	0
949	0
950	0
951	2
952	0
953	2
954	0
955	1
956	0
957	1
958	0
959	0
960	0
961	1
962	0
963	2
964	0
965	1
966	0
967	0
968	0
969	0
970	0
971	0
972	0
973	0
974	0
975	0
976	-1
977	0
978	0
979	-1
980	-2
981	0
982	-1
983	0
984	-1
985	0
986	-2
987	0
988	-2
989	0
990	-1
991	0
992	-1
993	0
994	0
995	0
996	-1
997	0
998	0
999	0
1000	0
1001	0
1002	0
1003	1
1004	0
1005	2
1006	0
1007	1
1008	0
1009	2
1010	1
1011	3
1012	1
1013	2
1014	2
1015	2
1016	1
1017	3
1018	1
1019	3
1020	1
1021	4
1022	1
1023	3
1024	2
1025	3
1026	2
1027	3
1028	0
1029	3
1030	0
1031	3
1032	2
1033	3
1034	0
1035	3
1036	1
1037	3
1038	1
1039	3
1040	1
1041	4
1042	2
1043	4
1044	2
1045	4
1046	3
1047	3
1048	2
1049	3
1050	3
1051	2
1052	1
1053	2
1054	1
1055	3
1056	0
1057	3
1058	1
1059	3
1060	0
1061	0
1062	0
1063	2
1064	1
1065	1
1066	0
1067	0
1068	0
1069	1
1070	0
1071	0
1072	0
1073	0
1074	0
1075	0
1076	0
1077	0
1078	0
1079	0
1080	-2
1081	1
1082	0
1083	0
1084	-1
1085	0
1086	-1
1087	0
1088	-1
1089	0
1090	-3
1091	-1
1092	-2
1093	-1
1094	-2
1095	-1
1096	-2
1097	0
1098	-2
1099	-1
1100	-2
1101	0
1102	-2
1103	0
1104	-2
1105	0
1106	-2
1107	-1
1108	-2
1109	0
1110	-2
1111	-1
1112	-2
1113	-1
1114	-1
1115	0
1116	0
1117	0
1118	-1
1119	-1
1120	-1
1121	0
1122	0
1123	0
1124	0
1125	0
1126	0
1127	1
1128	0
1129	0
1130	0
1131	1
1132	0
1133	1
1134	0
1135	2
1136	0
1137	1
1138	0
1139	0
1140	0
1141	1
1142	0
1143	1
1144	0
1145	1
1146	-1
1147	1
1148	0
1149	0
1150	0
1151	0
1152	0
1153	0
1154	0
1155	1
1156	0
1157	1
1158	0
1159	0
1160	0
1161	2
1162	0
1163	0
1164	0
1165	0
1166	0
1167	0
1168	-1
1169	0
1170	-1
1171	1
1172	0
1173	0
1174	0
1175	1
1176	-1
1177	0
1178	-1
1179	0
1180	-1
1181	0
1182	-2
1183	0
1184	0
1185	0
1186	-1
1187	0
1188	-1
1189	0
1190	-1
1191	0
1192	0
1193	0
1194	0
1195	0
1196	0
1197	0
1198	-1
1199	0
1200	-1
1201	0
1202	0
1203	0
1204	-1
1205	0
1206	0
1207	0
1208	-1
1209	0
1210	-2
1211	0
1212	-2
1213	1
1214	-2
1215	0
1216	-2
1217	0
1218	-3
1219	0
1220	-2
1221	-1
1222	-1
1223	-1
1224	-1
1225	-1
1226	-1
1227	0
1228	-2
1229	-1
1230	-2
1231	-1
1232	-1
1233	-1
1234	-2
1235	0
1236	-2
1237	0
1238	-2
1239	0
1240	-2
1241	0
1242	-3
1243	-1
1244	-2
1245	-1
1246	-3
1247	0
1248	-2
1249	-2
1250	-2
1251	-1
1252	-1
1253	0
1254	-1
1255	0
1256	-1
1257	0
1258	0
1259	1
1260	0
1261	1
1262	0
1263	2
1264	1
1265	2
1266	0
1267	2
1268	0
1269	4
1270	1
1271	2
1272	2
1273	4
1274	1
1275	3
1276	2
1277	4
1278	3
1279	4
1280	3
1281	4
1282	2
1283	4
1284	4
1285	4
1286	3
1287	4
1288	4
1289	4
1290	3
1291	4
1292	4
1293	4
1294	3
1295	3
1296	2
1297	4
1298	2
1299	3
1300	1
1301	4
1302	1
1303	3
1304	1
1305	3
1306	0
1307	1
1308	0
1309	2
1310	0
1311	2
1312	0
1313	0
1314	0
1315	1
1316	0
1317	1
1318	0
1319	1
1320	-1
1321	0
1322	0
1323	0
1324	-1
1325	0
1326	-2
1327	0
1328	-2
1329	0
1330	-3
1331	0
1332	-2
1333	0
1334	-2
1335	0
1336	-3
1337	0
1338	-2
1339	0
1340	-3
1341	0
1342	-3
1343	0
1344	-2
1345	0
1346	-2
1347	-1
1348	-3
1349	-1
1350	-2
1351	-1
1352	-3
1353	-1
1354	-1
1355	0
1356	-2
1357	0
1358	-3
1359	-1
1360	-3
1361	-1
1362	-3
1363	0
1364	-3
1365	-1
1366	-3
1367	-1
1368	-3
1369	-1
1370	-3
1371	-1
1372	-2
1373	-1
1374	-2
1375	0
1376	-3
1377	0
1378	-2
1379	0
1380	-2
1381	0
1382	-1
1383	0
1384	-1
1385	0
1386	0
1387	0
1388	0
1389	0
1390	0
1391	0
1392	-1
1393	0
1394	0
1395	0
1396	0
1397	0
1398	-1
1399	0
1400	0
1401	1
1402	-1
1403	1
1404	0
1405	0
1406	-1
1407	0
1408	0
1409	0
1410	-1
1411	1
1412	0
1413	0
1414	-1
1415	0
1416	-1
1417	0
1418	-1
1419	0
1420	-1
1421	0
1422	-2
1423	0
1424	-2
1425	0
1426	-2
1427	0
1428	-3
1429	0
1430	-2
1431	-1
1432	-2
1433	-1
1434	-2
1435	-2
1436	-3
1437	-2
1438	-3
1439	-2
1440	-3
1441	-2
1442	-1
1443	-3
1444	-2
1445	-1
1446	-3
1447	-2
1448	-4
1449	-1
1450	-3
1451	0
1452	-3
1453	0
1454	-1
1455	0
1456	-1
1457	0
1458	-2
1459	0
1460	-1
1461	-1
1462	0
1463	0
1464	0
1465	0
1466	0
1467	0
1468	0
1469	0
1470	0
1471	0
1472	0
1473	0
1474	0
1475	1
1476	-1
1477	0
1478	0
1479	1
1480	-1
1481	0
1482	-1
1483	0
1484	-2
1485	0
1486	0
1487	0
1488	0
1489	0
1490	-1
1491	0
1492	0
1493	0
1494	0
1495	1
1496	0
1497	0
1498	0
1499	2
1500	0
1501	1
1502	0
1503	2
1504	0
1505	2
1506	0
1507	2
1508	0
1509	2
1510	1
1511	2
1512	1
1513	1
1514	1
1515	3
1516	1
1517	1
1518	0
1519	4
1520	2
1521	3
1522	3
1523	3
1524	2
1525	2
1526	2
1527	4
1528	3
1529	3
1530	2
1531	4
1532	3
1533	4
1534	3
1535	4
1536	2
1537	4
1538	3
1539	3
1540	2
1541	4
1542	2
1543	3
1544	2
1545	3
1546	2
1547	3
1548	3
1549	3
1550	1
1551	3
1552	1
1553	2
1554	1
1555	2
1556	1
1557	0
1558	0
1559	1
1560	0
1561	1
1562	0
1563	0
1564	0
1565	0
1566	0
1567	0
1568	-2
1569	0
1570	-1
1571	0
1572	-1
1573	0
1574	-1
1575	0
1576	-1
1577	-1
1578	-1
1579	-1
1580	-1
1581	0
1582	-2
1583	0
1584	-2
1585	0
1586	-2
1587	0
1588	-2
1589	0
1590	-3
1591	0
1592	-2
1593	0
1594	-1
1595	0
1596	-2
1597	-1
1598	-2
1599	0
1600	-2
1601	0
1602	-2
1603	0
1604	-1
1605	0
1606	-2
1607	0
1608	-1
1609	0
1610	-2
1611	1
1612	-1
1613	0
1614	0
1615	0
1616	-1
1617	0
1618	-1
1619	0
1620	-1
1621	0
1622	-1
1623	0
1624	-1
1625	0
1626	-1
1627	0
1628	-1
1629	0
1630	-1
1631	0
1632	0
1633	0
1634	0
1635	0
1636	0
1637	0
1638	-1
1639	0
1640	-1
1641	0
1642	-1
1643	0
1644	-1
1645	0
1646	-1
1647	-1
1648	-1
1649	0
1650	-1
1651	0
1652	-2
1653	0
1654	-2
1655	-2
1656	-4
1657	0
1658	-3
1659	0
1660	-2
1661	-1
1662	-2
1663	-1
1664	-2
1665	-1
1666	-3
1667	0
1668	-3
1669	0
1670	-2
1671	0
1672	-3
1673	0
1674	-1
1675	0
1676	-2
1677	0
1678	-3
1679	1
1680	0
1681	1
1682	-1
1683	1
1684	0
1685	0
1686	-2
1687	0
1688	0
1689	1
1690	0
1691	0
1692	-1
1693	0
1694	-1
1695	0
1696	-2
1697	-1
1698	-2
1699	0
1700	-1
1701	-1
1702	-1
1703	0
1704	-2
1705	0
1706	-1
1707	0
1708	-2
1709	0
1710	-2
1711	0
1712	0
1713	0
1714	-1
1715	0
1716	-1
1717	0
1718	-1
1719	0
1720	0
1721	0
1722	0
1723	0
1724	-1
1725	0
1726	-1
1727	2
1728	-1
1729	0
1730	0
1731	1
1732	0
1733	0
1734	0
1735	0
1736	0
1737	1
1738	0
1739	0
1740	0
1741	1
1742	0
1743	0
1744	0
1745	0
1746	0
1747	0
1748	0
1749	0
1750	0
1751	0
1752	0
1753	0
1754	0
1755	0
1756	0
1757	0
1758	0
1759	1
1760	0
1761	2
1762	0
1763	1
1764	0
1765	0
1766	0
1767	1
1768	0
1769	2
1770	0
1771	1
1772	0
1773	1
1774	0
1775	1
1776	0
1777	2
1778	0
1779	0
1780	0
1781	0
1782	0
1783	0
1784	0
1785	0
1786	0
1787	1
1788	0
1789	0
1790	-1
1791	1
1792	-1
1793	0
1794	-1
1795	0
1796	-1
1797	0
1798	-2
1799	0
1800	0
1801	0
1802	-1
1803	0
1804	0
1805	0
1806	-1
1807	0
1808	-1
1809	0
1810	-1
1811	0
1812	-1
1813	0
1814	-1
1815	0
1816	-1
1817	0
1818	0
1819	1
1820	0
1821	1
1822	0
1823	0
1824	-1
1825	1
1826	0
1827	0
1828	0
1829	0
1830	-1
1831	0
1832	-1
1833	0
1834	0
1835	0
1836	-1
1837	0
1838	0
1839	-1
1840	-1
1841	-1
1842	0
1843	0
1844	0
1845	0
1846	-1
1847	0
1848	-1
1849	0
1850	0
1851	0
1852	-1
1853	0
1854	-2
1855	0
1856	0
1857	0
1858	0
1859	0
1860	0
1861	1
1862	0
1863	1
1864	0
1865	0
1866	0
1867	0
1868	0
1869	0
1870	0
1871	0
1872	-1
1873	0
1874	-1
1875	0
1876	0
1877	0
1878	0
1879	0
1880	-1
1881	1
1882	-1
1883	0
1884	-2
1885	0
1886	0
1887	0
1888	0
1889	0
1890	0
1891	0
1892	0
1893	0
1894	0
1895	0
1896	0
1897	0
1898	0
1899	0
1900	0
1901	0
1902	0
1903	0
1904	0
1905	0
1906	-1
1907	0
1908	-1
1909	0
1910	0
1911	0
1912	-2
1913	0
1914	0
1915	0
1916	-1
1917	0
1918	-2
1919	0
1920	-1
1921	0
1922	0
1923	0
1924	-1
1925	0
1926	-1
1927	1
1928	-2
1929	0
1930	0
1931	1
1932	0
1933	0
1934	0
1935	1
1936	-1
1937	0
1938	0
1939	0
1940	0
1941	0
1942	0
1943	0
1944	0
1945	0
1946	0
1947	0
1948	0
1949	0
1950	-1
1951	0
1952	0
1953	0
1954	0
1955	0
1956	0
1957	0
1958	0
1959	0
1960	0
1961	1
1962	0
1963	2
1964	0
1965	2
1966	0
1967	0
1968	0
1969	1
1970	0
1971	2
1972	0
1973	1
1974	0
1975	0
1976	0
1977	1
1978	0
1979	0
1980	0
1981	0
1982	0
1983	0
1984	0
1985	0
1986	0
1987	0
1988	-1
1989	0
1990	0
1991	0
1992	0
1993	0
1994	-1
1995	0
1996	-1
1997	0
1998	-1
1999	0
