0	0
1	0
2	-1
3	0
4	-1
5	0
6	0
7	0
8	0
9	0
10	0
11	0
12	-1
13	0
14	0
15	2
16	0
17	1
18	0
19	0
20	0
21	0
22	0
23	0
24	0
25	0
26	0
27	1
28	0
29	0
30	0
31	1
32	0
33	0
34	0
35	0
36	-1
37	0
38	-1
39	0
40	-1
41	0
42	-2
43	0
44	-1
45	0
46	-2
47	0
48	-1
49	0
50	-1
51	0
52	0
53	0
54	-1
55	0
56	-1
57	0
58	-1
59	0
60	-1
61	0
62	0
63	1
64	0
65	0
66	0
67	0
68	0
69	1
70	0
71	1
72	0
73	1
74	0
75	2
76	0
77	1
78	0
79	1
80	0
81	1
82	0
83	0
84	0
85	0
86	0
87	0
88	0
89	1
90	0
91	0
92	0
93	0
94	0
95	0
96	0
97	1
98	0
99	0
100	0
101	1
102	0
103	2
104	0
105	1
106	0
107	1
108	0
109	2
110	0
111	1
112	0
113	1
114	0
115	1
116	0
117	1
118	0
119	2
120	0
121	2
122	0
123	2
124	0
125	1
126	0
127	1
128	0
129	2
130	0
131	0
132	0
133	0
134	0
135	0
136	0
137	0
138	-1
139	0
140	0
141	1
142	0
143	0
144	0
145	0
146	0
147	0
148	-1
149	0
150	-1
151	-1
152	-1
153	0
154	0
155	-1
156	0
157	0
158	0
159	0
160	0
161	0
162	-1
163	0
164	-1
165	1
166	-2
167	1
168	0
169	1
170	-1
171	1
172	-1
173	1
174	0
175	1
176	0
177	0
178	0
179	0
180	0
181	1
182	0
183	1
184	0
185	1
186	0
187	2
188	0
189	1
190	0
191	1
192	0
193	1
194	0
195	0
196	0
197	1
198	0
199	1
200	0
201	1
202	0
203	2
204	0
205	1
206	0
207	2
208	0
209	1
210	0
211	0
212	0
213	0
214	0
215	0
216	0
217	0
218	0
219	0
220	0
221	0
222	0
223	0
224	0
225	1
226	0
227	0
228	-1
229	0
230	0
231	0
232	-1
233	0
234	0
235	0
236	-1
237	2
238	0
239	1
240	0
241	1
242	0
243	1
244	0
245	2
246	0
247	0
248	0
249	0
250	0
251	1
252	0
253	1
254	0
255	1
256	0
257	1
258	0
259	0
260	0
261	0
262	0
263	0
264	-1
265	0
266	-1
267	0
268	-1
269	0
270	-1
271	0
272	0
273	0
274	-2
275	0
276	0
277	0
278	-1
279	0
280	-1
281	0
282	0
283	0
284	0
285	0
286	0
287	1
288	-1
289	1
290	0
291	0
292	0
293	1
294	0
295	1
296	0
297	1
298	0
299	0
300	0
301	1
302	0
303	1
304	0
305	1
306	0
307	2
308	0
309	2
310	0
311	3
312	0
313	2
314	0
315	2
316	0
317	3
318	0
319	3
320	0
321	3
322	0
323	2
324	0
325	1
326	0
327	0
328	0
329	0
330	0
331	0
332	0
333	0
334	0
335	1
336	0
337	1
338	0
339	1
340	0
341	2
342	0
343	0
344	-1
345	0
346	-2
347	0
348	-1
349	0
350	-2
351	0
352	0
353	0
354	0
355	0
356	-1
357	0
358	0
359	0
360	0
361	0
362	0
363	0
364	0
365	0
366	0
367	0
368	-1
369	0
370	0
371	0
372	0
373	0
374	0
375	0
376	0
377	0
378	-1
379	0
380	0
381	0
382	-1
383	0
384	-1
385	0
386	0
387	0
388	-1
389	0
390	-1
391	1
392	-1
393	0
394	0
395	0
396	0
397	0
398	0
399	1
400	0
401	0
402	0
403	0
404	0
405	0
406	0
407	0
408	-1
409	0
410	0
411	0
412	0
413	0
414	0
415	0
416	0
417	0
418	0
419	0
420	0
421	0
422	0
423	0
424	-1
425	1
426	0
427	0
428	0
429	1
430	0
431	1
432	0
433	1
434	0
435	1
436	0
437	3
438	1
439	5
440	4
441	9
442	8
443	13
444	13
445	19
446	19
447	26
448	27
449	31
450	33
451	39
452	41
453	48
454	49
455	56
456	56
457	63
458	64
459	71
460	71
461	78
462	78
463	83
464	83
465	89
466	90
467	94
468	94
469	98
470	97
471	102
472	101
473	104
474	103
475	106
476	102
477	106
478	104
479	106
480	103
481	104
482	101
483	103
484	98
485	101
486	97
487	97
488	94
489	95
490	90
491	91
492	85
493	85
494	81
495	81
496	75
497	76
498	75
499	78
500	62
501	68
502	63
503	65
504	56
505	58
506	54
507	53
508	49
509	48
510	44
511	45
512	39
513	40
514	34
515	35
516	31
517	31
518	25
519	27
520	21
521	22
522	16
523	19
524	14
525	14
526	9
527	10
528	7
529	6
530	3
531	3
532	1
533	1
534	-2
535	0
536	-5
537	-4
538	-8
539	-8
540	-11
541	-10
542	-13
543	-12
544	-16
545	-15
546	-16
547	-16
548	-19
549	-19
550	-21
551	-21
552	-23
553	-20
554	-23
555	-22
556	-25
557	-22
558	-25
559	-23
560	-26
561	-25
562	-27
563	-27
564	-29
565	-27
566	-28
567	-27
568	-29
569	-28
570	-30
571	-28
572	-30
573	-28
574	-30
575	-27
576	-30
577	-28
578	-30
579	-28
580	-30
581	-28
582	-29
583	-27
584	-30
585	-28
586	-30
587	-29
588	-29
589	-28
590	-29
591	-27
592	-29
593	-27
594	-30
595	-25
596	-30
597	-26
598	-29
599	-26
600	-28
601	-25
602	-27
603	-25
604	-28
605	-23
606	-26
607	-21
608	-24
609	-22
610	-23
611	-19
612	-22
613	-19
614	-21
615	-18
616	-20
617	-17
618	-19
619	-18
620	-19
621	-18
622	-18
623	-17
624	-17
625	-16
626	-17
627	-15
628	-17
629	-15
630	-17
631	-14
632	-17
633	-15
634	-15
635	-13
636	-14
637	-13
638	-15
639	-13
640	-15
641	-12
642	-15
643	-12
644	-16
645	-11
646	-15
647	-11
648	-15
649	-12
650	-14
651	-11
652	-14
653	-10
654	-12
655	-10
656	-11
657	-8
658	-10
659	-9
660	-11
661	-9
662	-9
663	-7
664	-9
665	-8
666	-11
667	-7
668	-9
669	-7
670	-9
671	-6
672	-8
673	-5
674	-9
675	-5
676	-8
677	-4
678	-8
679	-4
680	-6
681	-3
682	-5
683	-3
684	-5
685	-4
686	-6
687	-3
688	-6
689	-3
690	-5
691	-2
692	-6
693	-3
694	-4
695	-2
696	-4
697	-1
698	-3
699	-2
700	-3
701	-2
702	-4
703	-1
704	-3
705	-2
706	-4
707	-2
708	-4
709	-1
710	-4
711	-1
712	-4
713	-2
714	-4
715	-2
716	-3
717	-2
718	-4
719	0
720	-2
721	-1
722	-1
723	0
724	-2
725	-1
726	-1
727	0
728	-1
729	0
730	-1
731	0
732	0
733	0
734	-1
735	0
736	-1
737	0
738	-1
739	0
740	-2
741	0
742	0
743	0
744	-1
745	-1
746	-3
747	-1
748	-3
749	0
750	-5
751	0
752	-4
753	0
754	-3
755	-1
756	-3
757	-1
758	-2
759	0
760	-2
761	0
762	-2
763	0
764	-2
765	-1
766	-1
767	0
768	-1
769	0
770	-1
771	0
772	0
773	0
774	-1
775	0
776	-1
777	0
778	0
779	0
780	0
781	0
782	0
783	0
784	0
785	0
786	0
787	0
788	0
789	0
790	0
791	0
792	0
793	0
794	-1
795	0
796	0
797	0
798	-1
799	0
800	-1
801	0
802	-1
803	-1
804	-2
805	0
806	-2
807	0
808	-3
809	0
810	-2
811	0
812	-2
813	0
814	-3
815	0
816	-2
817	0
818	-1
819	0
820	-1
821	0
822	0
823	0
824	0
825	0
826	-1
827	0
828	0
829	0
830	-1
831	0
832	0
833	1
834	-1
835	0
836	-1
837	0
838	-2
839	0
840	-1
841	0
842	-1
843	0
844	-1
845	0
846	0
847	0
848	-1
849	0
850	-1
851	0
852	-1
853	0
854	-1
855	0
856	0
857	0
858	0
859	0
860	0
861	1
862	0
863	0
864	-1
865	0
866	-1
867	0
868	-1
869	0
870	-1
871	0
872	-2
873	0
874	-1
875	0
876	-2
877	0
878	-1
879	0
880	-1
881	0
882	-2
883	0
884	-2
885	0
886	-1
887	0
888	-1
889	0
890	-3
891	-1
892	-3
893	0
894	-1
895	0
896	-2
897	0
898	-1
899	0
900	-2
901	0
902	-1
903	1
904	0
905	2
906	-1
907	1
908	0
909	1
910	-1
911	1
912	-2
913	0
914	0
915	2
916	0
917	1
918	0
919	0
920	0
921	0
922	0
923	1
924	0
925	1
926	-1
927	1
928	-1
929	0
930	-1
931	0
932	-2
933	0
934	-1
935	0
936	-1
937	0
938	-1
939	0
940	0
941	0
942	-1
943	0
944	0
945	0
946	0
947	0
948	-1
949	0
950	0
951	0
952	0
953	0
954	0
955	0
956	0
957	1
958	0
959	0
960	0
961	0
962	0
963	1
964	0
965	0
966	0
967	0
968	0
969	0
970	-1
971	0
972	0
973	0
974	0
975	0
976	-1
977	0
978	-1
979	0
980	-2
981	0
982	-2
983	0
984	-1
985	0
986	-1
987	0
988	-1
989	0
990	-1
991	0
992	0
993	0
994	-1
995	1
996	0
997	0
998	0
999	1
1000	-1
1001	0
1002	0
1003	0
1004	0
1005	0
1006	-1
1007	0
1008	-1
1009	1
1010	0
1011	0
1012	0
1013	0
1014	-1
1015	0
1016	-2
1017	0
1018	-1
1019	0
1020	-1
1021	0
1022	-1
1023	0
1024	-1
1025	0
1026	0
1027	0
1028	-1
1029	0
1030	-1
1031	0
1032	-1
1033	0
1034	0
1035	1
1036	0
1037	0
1038	0
1039	0
1040	-1
1041	0
1042	0
1043	0
1044	0
1045	0
1046	0
1047	1
1048	0
1049	0
1050	0
1051	0
1052	0
1053	0
1054	0
1055	0
1056	0
1057	0
1058	0
1059	0
1060	0
1061	0
1062	0
1063	0
1064	0
1065	0
1066	0
1067	0
1068	-1
1069	0
1070	0
1071	-1
1072	0
1073	0
1074	0
1075	-1
1076	-1
1077	0
1078	0
1079	0
1080	-1
1081	0
1082	0
1083	0
1084	0
1085	0
1086	0
1087	0
1088	0
1089	0
1090	-1
1091	0
1092	0
1093	0
1094	-2
1095	-1
1096	-1
1097	-1
1098	-2
1099	0
1100	-1
1101	0
1102	-1
1103	0
1104	0
1105	0
1106	-1
1107	0
1108	-1
1109	0
1110	-1
1111	0
1112	-2
1113	0
1114	0
1115	0
1116	0
1117	1
1118	0
1119	0
1120	0
1121	1
1122	0
1123	1
1124	0
1125	2
1126	0
1127	1
1128	0
1129	2
1130	0
1131	1
1132	0
1133	1
1134	0
1135	1
1136	0
1137	1
1138	0
1139	1
1140	0
1141	1
1142	0
1143	0
1144	0
1145	0
1146	0
1147	0
1148	0
1149	0
1150	0
1151	0
1152	-1
1153	0
1154	0
1155	0
1156	-1
1157	0
1158	-2
1159	0
1160	-3
1161	0
1162	-2
1163	0
1164	-2
1165	0
1166	-1
1167	0
1168	0
1169	0
1170	0
1171	0
1172	0
1173	0
1174	0
1175	0
1176	0
1177	0
1178	-1
1179	1
1180	-1
1181	0
1182	-1
1183	0
1184	0
1185	0
1186	0
1187	0
1188	-1
1189	1
1190	0
1191	0
1192	-1
1193	0
1194	-1
1195	0
1196	-1
1197	0
1198	-1
1199	0
1200	-2
1201	0
1202	-1
1203	0
1204	0
1205	0
1206	-1
1207	0
1208	0
1209	0
1210	0
1211	0
1212	0
1213	0
1214	-1
1215	0
1216	0
1217	1
1218	0
1219	0
1220	0
1221	1
1222	0
1223	0
1224	0
1225	1
1226	0
1227	1
1228	0
1229	1
1230	0
1231	0
1232	0
1233	0
1234	0
1235	0
1236	0
1237	0
1238	0
1239	0
1240	-1
1241	0
1242	0
1243	0
1244	0
1245	1
1246	0
1247	0
1248	0
1249	1
1250	0
1251	0
1252	0
1253	0
1254	-1
1255	0
1256	0
1257	0
1258	-1
1259	0
1260	-1
1261	0
1262	-1
1263	0
1264	-1
1265	0
1266	-1
1267	-1
1268	-1
1269	0
1270	-1
1271	0
1272	-1
1273	0
1274	-1
1275	0
1276	0
1277	0
1278	-1
1279	0
1280	-1
1281	0
1282	0
1283	0
1284	-1
1285	-1
1286	-1
1287	0
1288	-1
1289	0
1290	0
1291	0
1292	-1
1293	0
1294	-1
1295	0
1296	0
1297	0
1298	-1
1299	0
1300	0
1301	0
1302	-1
1303	0
1304	0
1305	0
1306	0
1307	0
1308	-1
1309	0
1310	-1
1311	0
1312	0
1313	1
1314	-1
1315	0
1316	-1
1317	0
1318	-1
1319	1
1320	-1
1321	0
1322	-1
1323	0
1324	0
1325	0
1326	0
1327	0
1328	0
1329	1
1330	0
1331	1
1332	0
1333	0
1334	0
1335	0
1336	0
1337	1
1338	0
1339	0
1340	0
1341	0
1342	0
1343	1
1344	0
1345	0
1346	0
1347	0
1348	0
1349	0
1350	-1
1351	0
1352	-1
1353	0
1354	-1
1355	0
1356	-2
1357	0
1358	-1
1359	0
1360	-3
1361	0
1362	-2
1363	0
1364	0
1365	0
1366	-1
1367	0
1368	-1
1369	0
1370	-2
1371	0
1372	-1
1373	0
1374	-1
1375	0
1376	0
1377	0
1378	0
1379	0
1380	0
1381	0
1382	0
1383	0
1384	-1
1385	0
1386	-1
1387	0
1388	-1
1389	0
1390	-2
1391	0
1392	-2
1393	-1
1394	-2
1395	0
1396	-2
1397	-1
1398	-2
1399	0
1400	-2
1401	0
1402	-2
1403	0
1404	-2
1405	0
1406	-1
1407	0
1408	0
1409	0
1410	-2
1411	0
1412	0
1413	1
1414	0
1415	0
1416	-1
1417	1
1418	0
1419	0
1420	0
1421	1
1422	0
1423	1
1424	0
1425	0
1426	0
1427	0
1428	-1
1429	0
1430	-2
1431	0
1432	-1
1433	0
1434	-1
1435	0
1436	-1
1437	0
1438	0
1439	0
1440	-1
1441	0
1442	-1
1443	0
1444	-1
1445	0
1446	0
1447	0
1448	0
1449	1
1450	0
1451	0
1452	0
1453	0
1454	-1
1455	0
1456	0
1457	0
1458	0
1459	0
1460	0
1461	0
1462	0
1463	1
1464	0
1465	0
1466	0
1467	0
1468	0
1469	2
1470	0
1471	1
1472	0
1473	0
1474	0
1475	1
1476	0
1477	0
1478	0
1479	0
1480	0
1481	0
1482	0
1483	0
1484	0
1485	-1
1486	-1
1487	0
1488	-1
1489	-1
1490	-2
1491	0
1492	-2
1493	0
1494	-2
1495	-1
1496	-2
1497	0
1498	-1
1499	0
1500	-1
1501	0
1502	-1
1503	0
1504	-1
1505	0
1506	-1
1507	0
1508	0
1509	0
1510	-1
1511	1
1512	-1
1513	0
1514	0
1515	1
1516	0
1517	1
1518	0
1519	0
1520	0
1521	0
1522	0
1523	0
1524	0
1525	0
1526	-1
1527	0
1528	-1
1529	0
1530	0
1531	0
1532	-1
1533	0
1534	0
1535	0
1536	0
1537	0
1538	0
1539	0
1540	0
1541	1
1542	0
1543	0
1544	-1
1545	0
1546	0
1547	2
1548	0
1549	0
1550	0
1551	1
1552	0
1553	1
1554	0
1555	1
1556	1
1557	2
1558	0
1559	0
1560	0
1561	0
1562	0
1563	0
1564	0
1565	0
1566	0
1567	0
1568	0
1569	0
1570	0
1571	0
1572	-1
1573	0
1574	0
1575	0
1576	-1
1577	0
1578	-2
1579	0
1580	-2
1581	0
1582	-2
1583	0
1584	-1
1585	0
1586	-2
1587	0
1588	-2
1589	0
1590	-2
1591	0
1592	-2
1593	0
1594	0
1595	0
1596	-1
1597	0
1598	0
1599	0
1600	0
1601	0
1602	0
1603	0
1604	-1
1605	0
1606	-1
1607	0
1608	0
1609	0
1610	-1
1611	0
1612	-1
1613	1
1614	-1
1615	0
1616	0
1617	1
1618	0
1619	0
1620	0
1621	0
1622	-1
1623	0
1624	-1
1625	0
1626	0
1627	1
1628	0
1629	0
1630	0
1631	0
1632	-1
1633	0
1634	-1
1635	1
1636	-1
1637	0
1638	0
1639	0
1640	0
1641	1
1642	0
1643	0
1644	0
1645	1
1646	0
1647	2
1648	0
1649	1
1650	0
1651	0
1652	0
1653	0
1654	0
1655	0
1656	0
1657	1
1658	0
1659	0
1660	0
1661	1
1662	0
1663	0
1664	0
1665	0
1666	-1
1667	0
1668	-1
1669	0
1670	-1
1671	1
1672	-1
1673	0
1674	0
1675	0
1676	0
1677	0
1678	0
1679	0
1680	0
1681	0
1682	0
1683	0
1684	-1
1685	0
1686	0
1687	0
1688	0
1689	1
1690	0
1691	1
1692	0
1693	0
1694	0
1695	0
1696	-1
1697	0
1698	0
1699	0
1700	0
1701	0
1702	0
1703	-1
1704	-1
1705	0
1706	-1
1707	0
1708	-1
1709	0
1710	-1
1711	0
1712	-1
1713	0
1714	-1
1715	0
1716	-1
1717	0
1718	-2
1719	0
1720	-1
1721	0
1722	0
1723	0
1724	-1
1725	0
1726	-1
1727	-1
1728	-1
1729	0
1730	-1
1731	0
1732	-1
1733	0
1734	-1
1735	0
1736	-1
1737	0
1738	-1
1739	0
1740	-1
1741	0
1742	0
1743	0
1744	0
1745	1
1746	0
1747	1
1748	0
1749	2
1750	-1
1751	1
1752	0
1753	1
1754	0
1755	1
1756	0
1757	0
1758	0
1759	0
1760	0
1761	0
1762	0
1763	1
1764	0
1765	0
1766	0
1767	0
1768	0
1769	0
1770	0
1771	0
1772	0
1773	0
1774	0
1775	0
1776	0
1777	0
1778	0
1779	0
1780	0
1781	0
1782	0
1783	0
1784	0
1785	0
1786	0
1787	0
1788	0
1789	0
1790	0
1791	0
1792	0
1793	1
1794	0
1795	1
1796	0
1797	1
1798	0
1799	0
1800	0
1801	0
1802	-1
1803	0
1804	0
1805	1
1806	0
1807	1
1808	0
1809	0
1810	0
1811	0
1812	1
1813	0
1814	0
1815	0
1816	0
1817	0
1818	-1
1819	1
1820	0
1821	0
1822	0
1823	0
1824	-1
1825	0
1826	-1
1827	0
1828	-1
1829	0
1830	-2
1831	0
1832	-1
1833	0
1834	-1
1835	0
1836	-2
1837	0
1838	-1
1839	0
1840	-1
1841	0
1842	-1
1843	0
1844	-1
1845	0
1846	0
1847	0
1848	0
1849	0
1850	-1
1851	1
1852	-1
1853	0
1854	-1
1855	0
1856	-1
1857	0
1858	-1
1859	0
1860	0
1861	0
1862	-1
1863	0
1864	-1
1865	-1
1866	-1
1867	-1
1868	-1
1869	0
1870	-3
1871	0
1872	-1
1873	0
1874	0
1875	0
1876	-1
1877	0
1878	-1
1879	0
1880	-1
1881	0
1882	0
1883	0
1884	0
1885	0
1886	0
1887	1
1888	0
1889	0
1890	0
1891	1
1892	0
1893	1
1894	0
1895	2
1896	0
1897	0
1898	0
1899	0
1900	0
1901	1
1902	0
1903	0
1904	0
1905	1
1906	0
1907	0
1908	0
1909	0
1910	0
1911	1
1912	0
1913	0
1914	0
1915	0
1916	0
1917	0
1918	-2
1919	0
1920	-1
1921	0
1922	-2
1923	0
1924	0
1925	0
1926	0
1927	0
1928	-1
1929	0
1930	0
1931	0
1932	0
1933	0
1934	0
1935	0
1936	0
1937	1
1938	0
1939	1
1940	-1
1941	0
1942	0
1943	1
1944	0
1945	0
1946	-1
1947	0
1948	-1
1949	1
1950	0
1951	0
1952	0
1953	0
1954	-1
1955	0
1956	-1
1957	0
1958	-1
1959	0
1960	0
1961	1
1962	-1
1963	0
1964	0
1965	1
1966	0
1967	1
1968	0
1969	1
1970	1
1971	2
1972	0
1973	1
1974	1
1975	1
1976	1
1977	2
1978	0
1979	2
1980	2
1981	2
1982	1
1983	2
1984	1
1985	3
1986	3
1987	3
1988	0
1989	4
1990	1
1991	4
1992	1
1993	3
1994	0
1995	3
1996	1
1997	4
1998	0
1999	4
