0	0
1	1
2	0
3	1
4	0
5	1
6	0
7	0
8	0
9	0
10	0
11	0
12	0
13	0
14	-1
15	0
16	0
17	0
18	-1
19	0
20	0
21	1
22	0
23	0
24	0
25	1
26	-1
27	0
28	0
29	1
30	0
31	0
32	0
33	1
34	0
35	1
36	0
37	1
38	0
39	0
40	0
41	1
42	0
43	0
44	0
45	1
46	0
47	0
48	0
49	0
50	0
51	0
52	1
53	1
54	0
55	2
56	0
57	1
58	0
59	1
60	0
61	0
62	0
63	0
64	0
65	0
66	0
67	1
68	0
69	0
70	0
71	0
72	0
73	0
74	1
75	0
76	0
77	0
78	0
79	0
80	1
81	2
82	0
83	1
84	1
85	0
86	0
87	1
88	0
89	1
90	0
91	1
92	0
93	0
94	-1
95	0
96	-1
97	0
98	0
99	0
100	-1
101	0
102	-1
103	0
104	-1
105	0
106	-1
107	0
108	-1
109	-1
110	-1
111	0
112	-2
113	0
114	-1
115	0
116	-2
117	0
118	-2
119	0
120	-1
121	0
122	0
123	1
124	1
125	1
126	0
127	1
128	1
129	2
130	1
131	2
132	2
133	1
134	2
135	1
136	2
137	2
138	2
139	3
140	1
141	3
142	0
143	2
144	1
145	2
146	0
147	1
148	0
149	1
150	0
151	0
152	0
153	0
154	-1
155	0
156	-1
157	1
158	-1
159	0
160	0
161	0
162	0
163	0
164	-1
165	0
166	0
167	0
168	0
169	0
170	-1
171	0
172	0
173	0
174	0
175	0
176	-1
177	0
178	0
179	0
180	-1
181	0
182	-1
183	0
184	0
185	0
186	0
187	0
188	0
189	0
190	0
191	0
192	0
193	0
194	0
195	0
196	0
197	1
198	0
199	1
200	0
201	2
202	1
203	2
204	1
205	1
206	0
207	1
208	0
209	0
210	0
211	0
212	1
213	1
214	0
215	0
216	0
217	0
218	0
219	0
220	-1
221	0
222	-1
223	0
224	-1
225	0
226	0
227	0
228	-1
229	0
230	0
231	0
232	-2
233	0
234	-1
235	0
236	0
237	-1
238	-1
239	0
240	0
241	0
242	0
243	0
244	0
245	1
246	0
247	0
248	0
249	1
250	0
251	1
252	0
253	1
254	0
255	2
256	0
257	1
258	0
259	2
260	2
261	1
262	1
263	0
264	1
265	1
266	2
267	1
268	0
269	2
270	2
271	2
272	1
273	2
274	0
275	0
276	1
277	2
278	0
279	1
280	0
281	1
282	0
283	0
284	0
285	0
286	-1
287	1
288	-1
289	0
290	-1
291	0
292	0
293	0
294	-2
295	0
296	-2
297	0
298	-1
299	0
300	-2
301	-1
302	-2
303	0
304	-1
305	0
306	-1
307	0
308	-1
309	0
310	-3
311	0
312	-2
313	0
314	-1
315	0
316	0
317	0
318	-1
319	0
320	0
321	0
322	-1
323	0
324	-2
325	-1
326	-2
327	-1
328	-1
329	0
330	0
331	0
332	-1
333	0
334	0
335	1
336	0
337	1
338	0
339	1
340	0
341	2
342	0
343	2
344	0
345	2
346	0
347	2
348	0
349	2
350	1
351	0
352	1
353	3
354	1
355	3
356	1
357	2
358	1
359	1
360	1
361	2
362	1
363	1
364	0
365	1
366	0
367	1
368	0
369	2
370	0
371	2
372	0
373	1
374	1
375	0
376	0
377	1
378	0
379	0
380	0
381	1
382	0
383	0
384	0
385	0
386	0
387	0
388	0
389	0
390	-1
391	0
392	-2
393	0
394	-1
395	0
396	-2
397	0
398	-1
399	0
400	0
401	0
402	0
403	0
404	0
405	-1
406	-1
407	0
408	0
409	0
410	-1
411	0
412	0
413	0
414	0
415	1
416	0
417	0
418	-1
419	0
420	-2
421	0
422	-1
423	0
424	0
425	1
426	0
427	0
428	-1
429	0
430	0
431	1
432	0
433	3
434	3
435	6
436	8
437	11
438	13
439	18
440	21
441	26
442	28
443	34
444	38
445	44
446	47
447	53
448	58
449	63
450	69
451	74
452	78
453	84
454	88
455	95
456	99
457	106
458	108
459	114
460	119
461	125
462	128
463	133
464	137
465	141
466	144
467	147
468	148
469	151
470	154
471	155
472	156
473	158
474	157
475	159
476	157
477	155
478	154
479	153
480	149
481	148
482	144
483	143
484	138
485	134
486	130
487	127
488	120
489	118
490	114
491	110
492	106
493	101
494	93
495	90
496	85
497	80
498	78
499	78
500	62
501	63
502	58
503	53
504	48
505	46
506	39
507	35
508	32
509	27
510	23
511	20
512	16
513	12
514	7
515	4
516	0
517	-1
518	-5
519	-8
520	-11
521	-13
522	-17
523	-19
524	-22
525	-23
526	-27
527	-26
528	-31
529	-31
530	-34
531	-35
532	-38
533	-38
534	-41
535	-40
536	-42
537	-43
538	-45
539	-44
540	-47
541	-47
542	-50
543	-49
544	-51
545	-50
546	-52
547	-52
548	-54
549	-54
550	-55
551	-53
552	-55
553	-55
554	-56
555	-55
556	-57
557	-55
558	-57
559	-55
560	-57
561	-55
562	-57
563	-55
564	-57
565	-55
566	-55
567	-54
568	-55
569	-55
570	-55
571	-54
572	-54
573	-52
574	-53
575	-51
576	-51
577	-49
578	-51
579	-48
580	-50
581	-48
582	-49
583	-47
584	-49
585	-47
586	-47
587	-44
588	-45
589	-44
590	-44
591	-43
592	-43
593	-41
594	-42
595	-39
596	-41
597	-38
598	-39
599	-35
600	-38
601	-34
602	-36
603	-33
604	-34
605	-32
606	-32
607	-31
608	-31
609	-29
610	-31
611	-29
612	-31
613	-29
614	-30
615	-28
616	-29
617	-28
618	-28
619	-26
620	-29
621	-26
622	-27
623	-24
624	-25
625	-23
626	-23
627	-22
628	-22
629	-21
630	-22
631	-20
632	-20
633	-20
634	-22
635	-19
636	-19
637	-19
638	-20
639	-17
640	-18
641	-16
642	-17
643	-16
644	-16
645	-16
646	-16
647	-15
648	-16
649	-14
650	-14
651	-13
652	-14
653	-13
654	-15
655	-12
656	-14
657	-12
658	-13
659	-11
660	-11
661	-11
662	-10
663	-11
664	-11
665	-9
666	-11
667	-10
668	-11
669	-8
670	-9
671	-6
672	-7
673	-6
674	-6
675	-5
676	-5
677	-5
678	-6
679	-5
680	-6
681	-3
682	-4
683	-3
684	-4
685	-1
686	-3
687	-2
688	-3
689	-2
690	-3
691	-2
692	-3
693	-1
694	-3
695	-1
696	-3
697	0
698	-2
699	-1
700	-3
701	-2
702	-2
703	-1
704	-1
705	-1
706	-3
707	-1
708	-1
709	-1
710	-3
711	0
712	-2
713	-1
714	-2
715	-1
716	-3
717	-2
718	-3
719	-2
720	-3
721	-3
722	-3
723	-1
724	-3
725	-3
726	-3
727	-2
728	-2
729	-1
730	-2
731	-1
732	-4
733	-2
734	-3
735	-2
736	-2
737	-2
738	-2
739	0
740	-1
741	-1
742	-2
743	0
744	-1
745	0
746	-1
747	0
748	-1
749	0
750	-2
751	0
752	0
753	-1
754	0
755	0
756	-1
757	0
758	0
759	0
760	-2
761	-1
762	0
763	0
764	-1
765	0
766	0
767	0
768	0
769	0
770	-2
771	0
772	-1
773	0
774	-2
775	0
776	-2
777	0
778	0
779	0
780	0
781	0
782	-1
783	0
784	0
785	0
786	0
787	0
788	0
789	0
790	0
791	0
792	0
793	0
794	0
795	0
796	-1
797	0
798	-1
799	0
800	0
801	0
802	-1
803	0
804	-1
805	0
806	-1
807	0
808	-3
809	0
810	-1
811	0
812	-1
813	-1
814	-1
815	0
816	0
817	0
818	0
819	0
820	-1
821	0
822	-1
823	0
824	0
825	0
826	0
827	1
828	0
829	1
830	0
831	1
832	0
833	2
834	0
835	1
836	0
837	2
838	0
839	3
840	0
841	2
842	1
843	1
844	2
845	1
846	1
847	2
848	1
849	3
850	2
851	3
852	2
853	2
854	2
855	2
856	2
857	3
858	3
859	2
860	2
861	2
862	1
863	2
864	1
865	2
866	1
867	1
868	1
869	2
870	1
871	4
872	0
873	2
874	1
875	1
876	0
877	1
878	0
879	1
880	0
881	2
882	0
883	1
884	0
885	1
886	0
887	2
888	0
889	1
890	0
891	1
892	0
893	0
894	0
895	0
896	0
897	0
898	0
899	0
900	0
901	0
902	-1
903	0
904	0
905	0
906	-1
907	0
908	-1
909	0
910	-1
911	1
912	0
913	1
914	0
915	0
916	0
917	0
918	0
919	0
920	0
921	1
922	0
923	0
924	0
925	0
926	0
927	0
928	0
929	0
930	0
931	0
932	0
933	1
934	0
935	0
936	0
937	0
938	0
939	0
940	-1
941	0
942	-1
943	-1
944	-2
945	-1
946	-2
947	-2
948	-3
949	-1
950	-3
951	-2
952	-1
953	-2
954	-2
955	-2
956	-2
957	-1
958	-3
959	-1
960	-2
961	-2
962	-3
963	-1
964	-2
965	-2
966	-1
967	-1
968	-2
969	-1
970	-2
971	-1
972	-1
973	-1
974	-2
975	0
976	-2
977	-2
978	-3
979	-2
980	-2
981	-2
982	-2
983	-2
984	-2
985	-2
986	-2
987	-3
988	-2
989	-3
990	-2
991	-3
992	-2
993	-2
994	-2
995	-2
996	-2
997	0
998	-2
999	-1
1000	-2
1001	-1
1002	-2
1003	0
1004	-1
1005	0
1006	-1
1007	0
1008	-2
1009	0
1010	-1
1011	0
1012	0
1013	0
1014	0
1015	0
1016	0
1017	1
1018	0
1019	0
1020	1
1021	1
1022	1
1023	1
1024	1
1025	1
1026	2
1027	1
1028	1
1029	1
1030	0
1031	1
1032	0
1033	2
1034	1
1035	1
1036	0
1037	1
1038	1
1039	1
1040	0
1041	1
1042	0
1043	1
1044	0
1045	1
1046	0
1047	0
1048	0
1049	0
1050	-1
1051	0
1052	-1
1053	0
1054	-1
1055	0
1056	-1
1057	0
1058	0
1059	0
1060	-1
1061	0
1062	-1
1063	0
1064	-3
1065	0
1066	-3
1067	-1
1068	-3
1069	0
1070	-3
1071	0
1072	-2
1073	0
1074	-3
1075	0
1076	-1
1077	0
1078	0
1079	0
1080	0
1081	0
1082	0
1083	0
1084	-1
1085	0
1086	-1
1087	0
1088	0
1089	-1
1090	-1
1091	0
1092	-2
1093	0
1094	-1
1095	-1
1096	-1
1097	0
1098	-2
1099	0
1100	-2
1101	0
1102	-2
1103	0
1104	-2
1105	-1
1106	-1
1107	0
1108	-1
1109	0
1110	0
1111	0
1112	-1
1113	0
1114	0
1115	0
1116	0
1117	0
1118	0
1119	0
1120	0
1121	0
1122	0
1123	0
1124	0
1125	0
1126	0
1127	0
1128	0
1129	0
1130	0
1131	0
1132	0
1133	1
1134	0
1135	1
1136	0
1137	0
1138	0
1139	0
1140	0
1141	0
1142	0
1143	1
1144	0
1145	2
1146	-1
1147	0
1148	0
1149	0
1150	0
1151	0
1152	0
1153	0
1154	0
1155	0
1156	0
1157	0
1158	0
1159	0
1160	0
1161	0
1162	0
1163	0
1164	0
1165	1
1166	0
1167	0
1168	0
1169	0
1170	-1
1171	0
1172	-1
1173	0
1174	-2
1175	0
1176	-2
1177	0
1178	-2
1179	0
1180	-1
1181	0
1182	0
1183	0
1184	-2
1185	0
1186	-2
1187	-1
1188	0
1189	0
1190	0
1191	0
1192	-1
1193	0
1194	0
1195	0
1196	-1
1197	0
1198	0
1199	0
1200	0
1201	1
1202	0
1203	0
1204	0
1205	0
1206	-1
1207	0
1208	0
1209	0
1210	0
1211	0
1212	0
1213	0
1214	0
1215	0
1216	-1
1217	0
1218	0
1219	0
1220	0
1221	0
1222	-1
1223	0
1224	-1
1225	0
1226	0
1227	0
1228	-1
1229	0
1230	-1
1231	0
1232	-1
1233	0
1234	-1
1235	-1
1236	-1
1237	-1
1238	0
1239	0
1240	0
1241	0
1242	-2
1243	0
1244	-1
1245	0
1246	-1
1247	0
1248	-1
1249	0
1250	-2
1251	0
1252	0
1253	0
1254	0
1255	0
1256	-1
1257	0
1258	0
1259	0
1260	0
1261	1
1262	0
1263	0
1264	0
1265	0
1266	0
1267	0
1268	0
1269	0
1270	0
1271	1
1272	0
1273	1
1274	0
1275	0
1276	1
1277	1
1278	0
1279	1
1280	0
1281	0
1282	0
1283	0
1284	-1
1285	0
1286	0
1287	0
1288	0
1289	0
1290	-1
1291	0
1292	-1
1293	0
1294	-1
1295	0
1296	-2
1297	-1
1298	-1
1299	0
1300	0
1301	0
1302	0
1303	0
1304	0
1305	0
1306	0
1307	0
1308	0
1309	0
1310	0
1311	0
1312	0
1313	0
1314	0
1315	0
1316	-1
1317	0
1318	-1
1319	0
1320	0
1321	0
1322	-1
1323	0
1324	0
1325	0
1326	-1
1327	0
1328	0
1329	0
1330	0
1331	0
1332	0
1333	0
1334	0
1335	0
1336	0
1337	0
1338	0
1339	0
1340	0
1341	0
1342	0
1343	0
1344	0
1345	0
1346	0
1347	1
1348	0
1349	0
1350	0
1351	0
1352	0
1353	0
1354	0
1355	0
1356	0
1357	0
1358	0
1359	0
1360	0
1361	0
1362	1
1363	0
1364	0
1365	0
1366	0
1367	1
1368	0
1369	0
1370	0
1371	0
1372	0
1373	0
1374	0
1375	-1
1376	0
1377	0
1378	-2
1379	0
1380	-2
1381	0
1382	-2
1383	-1
1384	-1
1385	0
1386	-1
1387	-2
1388	-1
1389	0
1390	0
1391	0
1392	-1
1393	0
1394	-1
1395	0
1396	-1
1397	0
1398	-1
1399	0
1400	0
1401	0
1402	0
1403	0
1404	0
1405	0
1406	0
1407	1
1408	0
1409	0
1410	0
1411	0
1412	0
1413	0
1414	-1
1415	0
1416	-1
1417	0
1418	-2
1419	1
1420	-1
1421	0
1422	-2
1423	0
1424	-2
1425	1
1426	0
1427	0
1428	0
1429	0
1430	-1
1431	0
1432	-1
1433	0
1434	-1
1435	0
1436	-1
1437	0
1438	0
1439	0
1440	0
1441	1
1442	0
1443	0
1444	0
1445	0
1446	0
1447	0
1448	0
1449	0
1450	0
1451	0
1452	-1
1453	0
1454	-2
1455	0
1456	-1
1457	-1
1458	0
1459	0
1460	0
1461	0
1462	-1
1463	0
1464	0
1465	0
1466	-1
1467	0
1468	-1
1469	1
1470	0
1471	0
1472	0
1473	0
1474	0
1475	0
1476	0
1477	1
1478	0
1479	1
1480	0
1481	0
1482	0
1483	1
1484	-1
1485	0
1486	0
1487	0
1488	-1
1489	1
1490	-1
1491	1
1492	0
1493	0
1494	0
1495	1
1496	0
1497	0
1498	0
1499	0
1500	0
1501	0
1502	0
1503	0
1504	0
1505	0
1506	0
1507	0
1508	-1
1509	0
1510	0
1511	0
1512	0
1513	0
1514	0
1515	0
1516	-1
1517	0
1518	0
1519	0
1520	-1
1521	0
1522	0
1523	0
1524	0
1525	0
1526	0
1527	0
1528	0
1529	0
1530	0
1531	0
1532	-1
1533	0
1534	0
1535	0
1536	0
1537	-1
1538	0
1539	0
1540	-1
1541	0
1542	0
1543	0
1544	0
1545	0
1546	0
1547	0
1548	-1
1549	0
1550	0
1551	0
1552	0
1553	0
1554	0
1555	1
1556	0
1557	0
1558	0
1559	0
1560	0
1561	0
1562	0
1563	0
1564	0
1565	0
1566	-1
1567	0
1568	-2
1569	0
1570	0
1571	0
1572	0
1573	0
1574	0
1575	-1
1576	0
1577	0
1578	0
1579	0
1580	0
1581	0
1582	0
1583	0
1584	0
1585	0
1586	0
1587	0
1588	0
1589	0
1590	0
1591	0
1592	0
1593	1
1594	1
1595	0
1596	0
1597	0
1598	0
1599	0
1600	0
1601	0
1602	1
1603	0
1604	0
1605	0
1606	0
1607	0
1608	0
1609	0
1610	0
1611	1
1612	0
1613	0
1614	-1
1615	0
1616	0
1617	1
1618	0
1619	0
1620	0
1621	0
1622	0
1623	0
1624	0
1625	0
1626	0
1627	1
1628	0
1629	0
1630	0
1631	1
1632	-1
1633	0
1634	0
1635	0
1636	0
1637	0
1638	0
1639	0
1640	0
1641	0
1642	-1
1643	0
1644	-1
1645	0
1646	-1
1647	0
1648	-1
1649	0
1650	-2
1651	0
1652	-1
1653	0
1654	-1
1655	0
1656	0
1657	0
1658	0
1659	1
1660	0
1661	0
1662	0
1663	0
1664	0
1665	0
1666	0
1667	0
1668	0
1669	-1
1670	-1
1671	-1
1672	-1
1673	0
1674	0
1675	0
1676	-1
1677	0
1678	0
1679	1
1680	0
1681	1
1682	0
1683	0
1684	0
1685	1
1686	0
1687	0
1688	0
1689	1
1690	0
1691	0
1692	0
1693	0
1694	0
1695	0
1696	0
1697	0
1698	0
1699	1
1700	0
1701	0
1702	0
1703	0
1704	0
1705	1
1706	0
1707	1
1708	0
1709	1
1710	0
1711	0
1712	0
1713	0
1714	0
1715	0
1716	0
1717	0
1718	-1
1719	0
1720	0
1721	0
1722	-1
1723	0
1724	-1
1725	-1
1726	-1
1727	0
1728	0
1729	0
1730	0
1731	0
1732	0
1733	0
1734	0
1735	0
1736	0
1737	0
1738	0
1739	0
1740	0
1741	0
1742	0
1743	0
1744	0
1745	0
1746	0
1747	0
1748	0
1749	0
1750	0
1751	0
1752	0
1753	0
1754	-1
1755	0
1756	-1
1757	0
1758	-1
1759	0
1760	0
1761	0
1762	0
1763	0
1764	0
1765	0
1766	0
1767	0
1768	-1
1769	0
1770	0
1771	0
1772	0
1773	0
1774	0
1775	1
1776	0
1777	0
1778	0
1779	0
1780	0
1781	0
1782	1
1783	0
1784	0
1785	0
1786	0
1787	0
1788	0
1789	1
1790	1
1791	1
1792	0
1793	0
1794	1
1795	0
1796	0
1797	1
1798	0
1799	0
1800	0
1801	0
1802	0
1803	0
1804	0
1805	0
1806	-1
1807	0
1808	0
1809	0
1810	0
1811	0
1812	-1
1813	0
1814	0
1815	0
1816	-1
1817	0
1818	0
1819	0
1820	-1
1821	0
1822	0
1823	0
1824	0
1825	0
1826	0
1827	0
1828	0
1829	0
1830	0
1831	0
1832	0
1833	1
1834	0
1835	0
1836	0
1837	0
1838	0
1839	0
1840	0
1841	0
1842	-1
1843	0
1844	-1
1845	-1
1846	-1
1847	0
1848	0
1849	0
1850	-1
1851	0
1852	-1
1853	-1
1854	-1
1855	-1
1856	0
1857	-2
1858	-1
1859	-1
1860	-2
1861	-1
1862	-2
1863	0
1864	-1
1865	0
1866	-1
1867	0
1868	0
1869	0
1870	0
1871	0
1872	-1
1873	0
1874	0
1875	0
1876	0
1877	0
1878	0
1879	0
1880	-1
1881	0
1882	0
1883	1
1884	0
1885	1
1886	0
1887	1
1888	0
1889	2
1890	1
1891	1
1892	1
1893	1
1894	0
1895	2
1896	0
1897	1
1898	1
1899	1
1900	1
1901	2
1902	1
1903	0
1904	0
1905	0
1906	0
1907	0
1908	0
1909	0
1910	0
1911	0
1912	0
1913	0
1914	0
1915	0
1916	-1
1917	0
1918	0
1919	0
1920	0
1921	0
1922	0
1923	0
1924	0
1925	0
1926	0
1927	0
1928	0
1929	0
1930	0
1931	0
1932	0
1933	0
1934	0
1935	0
1936	0
1937	0
1938	-1
1939	0
1940	-2
1941	0
1942	-2
1943	-1
1944	-3
1945	0
1946	-2
1947	-1
1948	-2
1949	-1
1950	-3
1951	-3
1952	-4
1953	-1
1954	-2
1955	-2
1956	-3
1957	-1
1958	-3
1959	-1
1960	-2
1961	-1
1962	-2
1963	-1
1964	-2
1965	0
1966	-1
1967	0
1968	-1
1969	0
1970	0
1971	0
1972	0
1973	0
1974	0
1975	0
1976	0
1977	0
1978	0
1979	0
1980	0
1981	0
1982	0
1983	0
1984	0
1985	0
1986	0
1987	0
1988	0
1989	0
1990	0
1991	1
1992	0
1993	0
1994	0
1995	1
1996	0
1997	0
1998	0
1999	0
