0	0
1	1
2	0
3	2
4	0
5	1
6	0
7	1
8	0
9	1
10	0
11	0
12	0
13	0
14	0
15	0
16	0
17	1
18	0
19	0
20	0
21	0
22	0
23	0
24	0
25	0
26	0
27	0
28	-1
29	0
30	-1
31	2
32	-1
33	2
34	-1
35	1
36	0
37	1
38	0
39	1
40	0
41	1
42	0
43	0
44	0
45	0
46	0
47	1
48	0
49	0
50	-1
51	0
52	0
53	1
54	0
55	0
56	0
57	1
58	0
59	1
60	0
61	0
62	0
63	1
64	0
65	0
66	0
67	1
68	0
69	1
70	0
71	1
72	0
73	0
74	-1
75	0
76	0
77	0
78	-1
79	0
80	-1
81	0
82	0
83	0
84	0
85	1
86	0
87	0
88	0
89	1
90	0
91	1
92	0
93	1
94	0
95	0
96	0
97	1
98	0
99	1
100	0
101	2
102	0
103	1
104	0
105	0
106	0
107	0
108	0
109	0
110	0
111	1
112	-1
113	0
114	0
115	0
116	0
117	0
118	-1
119	0
120	0
121	0
122	0
123	0
124	-1
125	0
126	-1
127	1
128	0
129	0
130	0
131	0
132	0
133	0
134	0
135	0
136	0
137	0
138	0
139	0
140	0
141	1
142	0
143	0
144	0
145	0
146	0
147	1
148	0
149	0
150	0
151	1
152	0
153	2
154	0
155	1
156	0
157	1
158	0
159	2
160	0
161	0
162	0
163	1
164	0
165	1
166	0
167	1
168	0
169	1
170	0
171	2
172	0
173	1
174	0
175	1
176	0
177	0
178	0
179	0
180	0
181	0
182	0
183	1
184	0
185	2
186	0
187	1
188	0
189	1
190	0
191	1
192	0
193	1
194	0
195	1
196	0
197	1
198	0
199	0
200	0
201	0
202	-1
203	0
204	-1
205	0
206	-1
207	0
208	-2
209	0
210	-1
211	0
212	-1
213	0
214	-2
215	0
216	-1
217	0
218	-1
219	0
220	-1
221	0
222	-1
223	0
224	0
225	0
226	0
227	0
228	0
229	0
230	0
231	0
232	0
233	0
234	0
235	0
236	0
237	1
238	0
239	1
240	0
241	0
242	0
243	1
244	0
245	1
246	0
247	0
248	0
249	0
250	0
251	1
252	0
253	1
254	0
255	0
256	0
257	1
258	0
259	0
260	0
261	1
262	0
263	0
264	0
265	1
266	0
267	1
268	0
269	1
270	0
271	0
272	0
273	0
274	0
275	1
276	0
277	1
278	0
279	1
280	0
281	0
282	0
283	0
284	0
285	1
286	-1
287	1
288	0
289	0
290	0
291	1
292	0
293	2
294	0
295	0
296	0
297	0
298	0
299	0
300	0
301	0
302	0
303	0
304	0
305	1
306	0
307	0
308	0
309	0
310	0
311	0
312	0
313	0
314	0
315	1
316	0
317	0
318	0
319	0
320	0
321	0
322	0
323	0
324	0
325	0
326	-1
327	0
328	-1
329	0
330	-1
331	0
332	0
333	0
334	0
335	0
336	0
337	0
338	0
339	1
340	0
341	0
342	0
343	0
344	0
345	1
346	0
347	1
348	0
349	1
350	0
351	1
352	0
353	2
354	0
355	1
356	0
357	1
358	0
359	1
360	0
361	0
362	-1
363	1
364	0
365	1
366	-1
367	0
368	-1
369	0
370	0
371	0
372	-1
373	0
374	-1
375	0
376	-1
377	0
378	-1
379	0
380	0
381	0
382	0
383	0
384	-1
385	1
386	0
387	0
388	-1
389	1
390	0
391	0
392	0
393	3
394	0
395	1
396	0
397	2
398	1
399	2
400	0
401	2
402	0
403	1
404	0
405	0
406	0
407	0
408	0
409	0
410	0
411	1
412	0
413	0
414	0
415	0
416	0
417	0
418	-1
419	0
420	0
421	-1
422	-2
423	0
424	-1
425	0
426	-1
427	0
428	-1
429	0
430	0
431	0
432	0
433	0
434	0
435	2
436	1
437	2
438	2
439	5
440	6
441	9
442	8
443	13
444	14
445	18
446	19
447	25
448	26
449	31
450	33
451	39
452	42
453	47
454	50
455	56
456	57
457	63
458	64
459	70
460	73
461	78
462	79
463	85
464	87
465	90
466	93
467	98
468	97
469	102
470	100
471	105
472	105
473	108
474	107
475	109
476	108
477	111
478	109
479	111
480	107
481	110
482	107
483	108
484	104
485	105
486	102
487	103
488	98
489	98
490	94
491	94
492	90
493	89
494	85
495	83
496	77
497	77
498	76
499	78
500	62
501	68
502	63
503	63
504	56
505	56
506	51
507	50
508	46
509	43
510	39
511	39
512	36
513	33
514	27
515	28
516	25
517	23
518	20
519	20
520	16
521	15
522	10
523	11
524	6
525	8
526	3
527	4
528	0
529	0
530	-2
531	-2
532	-6
533	-5
534	-8
535	-10
536	-11
537	-11
538	-16
539	-14
540	-18
541	-16
542	-21
543	-18
544	-21
545	-20
546	-22
547	-21
548	-25
549	-23
550	-25
551	-24
552	-26
553	-24
554	-27
555	-26
556	-28
557	-27
558	-28
559	-27
560	-29
561	-28
562	-30
563	-28
564	-30
565	-28
566	-29
567	-28
568	-30
569	-29
570	-30
571	-29
572	-28
573	-29
574	-28
575	-28
576	-28
577	-28
578	-29
579	-27
580	-28
581	-27
582	-28
583	-28
584	-29
585	-27
586	-29
587	-27
588	-28
589	-27
590	-28
591	-27
592	-28
593	-25
594	-27
595	-26
596	-26
597	-24
598	-25
599	-23
600	-23
601	-22
602	-23
603	-20
604	-23
605	-20
606	-21
607	-18
608	-20
609	-19
610	-21
611	-17
612	-20
613	-19
614	-21
615	-18
616	-20
617	-18
618	-19
619	-18
620	-19
621	-18
622	-19
623	-18
624	-19
625	-17
626	-19
627	-17
628	-18
629	-17
630	-17
631	-16
632	-16
633	-16
634	-17
635	-15
636	-15
637	-13
638	-14
639	-12
640	-14
641	-12
642	-14
643	-10
644	-11
645	-10
646	-13
647	-11
648	-11
649	-10
650	-11
651	-9
652	-9
653	-8
654	-9
655	-7
656	-9
657	-5
658	-11
659	-6
660	-8
661	-6
662	-8
663	-6
664	-9
665	-5
666	-9
667	-6
668	-7
669	-6
670	-8
671	-5
672	-8
673	-5
674	-8
675	-4
676	-6
677	-6
678	-7
679	-6
680	-7
681	-4
682	-7
683	-4
684	-5
685	-4
686	-5
687	-3
688	-5
689	-4
690	-6
691	-3
692	-4
693	-2
694	-5
695	-3
696	-4
697	-2
698	-4
699	-2
700	-4
701	-1
702	-3
703	0
704	-3
705	-2
706	-1
707	-1
708	-4
709	-1
710	-3
711	-1
712	-2
713	0
714	-4
715	-2
716	-3
717	-1
718	-2
719	0
720	-3
721	-1
722	-4
723	-2
724	-3
725	-1
726	-3
727	-1
728	-3
729	-2
730	-3
731	-1
732	-4
733	-3
734	-3
735	0
736	-2
737	0
738	-3
739	-1
740	-3
741	0
742	-2
743	0
744	-1
745	0
746	0
747	0
748	-1
749	0
750	0
751	0
752	-1
753	0
754	0
755	0
756	-1
757	0
758	0
759	0
760	0
761	0
762	-1
763	-1
764	-1
765	0
766	0
767	0
768	-1
769	-1
770	-1
771	0
772	-2
773	0
774	-2
775	0
776	-1
777	-1
778	-1
779	0
780	0
781	-1
782	0
783	0
784	-1
785	0
786	-1
787	0
788	-1
789	0
790	-2
791	0
792	-2
793	0
794	-1
795	0
796	0
797	0
798	0
799	0
800	-1
801	0
802	-1
803	0
804	-1
805	0
806	0
807	0
808	-1
809	-1
810	-2
811	0
812	-2
813	0
814	-1
815	0
816	-2
817	0
818	-1
819	-1
820	-1
821	0
822	-2
823	0
824	-2
825	0
826	-3
827	-1
828	-1
829	0
830	-2
831	0
832	-1
833	0
834	-2
835	0
836	-1
837	0
838	-1
839	0
840	-1
841	0
842	-1
843	0
844	-2
845	0
846	-1
847	1
848	-1
849	0
850	-2
851	0
852	-1
853	1
854	0
855	0
856	0
857	0
858	0
859	1
860	0
861	1
862	0
863	2
864	0
865	2
866	0
867	2
868	0
869	2
870	1
871	3
872	2
873	3
874	1
875	3
876	0
877	2
878	1
879	3
880	1
881	1
882	0
883	1
884	1
885	2
886	0
887	0
888	0
889	1
890	0
891	1
892	0
893	0
894	0
895	0
896	0
897	1
898	1
899	1
900	0
901	0
902	0
903	1
904	1
905	1
906	0
907	2
908	1
909	2
910	1
911	1
912	0
913	1
914	0
915	2
916	1
917	2
918	0
919	1
920	0
921	1
922	0
923	1
924	1
925	1
926	0
927	0
928	0
929	0
930	0
931	0
932	0
933	0
934	0
935	-1
936	-1
937	-1
938	-2
939	-1
940	-2
941	-3
942	-2
943	-2
944	-2
945	-1
946	-1
947	-1
948	-3
949	-1
950	-3
951	-1
952	-2
953	-1
954	-3
955	-1
956	-1
957	0
958	-1
959	-1
960	-1
961	0
962	-1
963	0
964	-1
965	0
966	0
967	0
968	0
969	0
970	0
971	0
972	-1
973	0
974	0
975	1
976	0
977	1
978	0
979	1
980	0
981	0
982	0
983	1
984	0
985	0
986	0
987	0
988	-1
989	0
990	0
991	0
992	-1
993	0
994	-1
995	0
996	-2
997	0
998	-1
999	0
1000	-1
1001	0
1002	0
1003	0
1004	-1
1005	-1
1006	-2
1007	0
1008	-1
1009	-2
1010	-2
1011	-2
1012	-2
1013	-2
1014	-1
1015	-2
1016	-2
1017	-2
1018	-2
1019	-1
1020	-2
1021	0
1022	-2
1023	-1
1024	-1
1025	-1
1026	0
1027	0
1028	-1
1029	0
1030	-1
1031	0
1032	-2
1033	0
1034	-2
1035	0
1036	-1
1037	-1
1038	-1
1039	-1
1040	0
1041	-1
1042	-2
1043	0
1044	-1
1045	0
1046	0
1047	0
1048	0
1049	0
1050	-1
1051	0
1052	0
1053	0
1054	-1
1055	0
1056	-1
1057	0
1058	-1
1059	0
1060	-1
1061	0
1062	-1
1063	0
1064	0
1065	0
1066	0
1067	0
1068	0
1069	0
1070	0
1071	0
1072	0
1073	0
1074	0
1075	1
1076	0
1077	0
1078	-1
1079	0
1080	0
1081	0
1082	0
1083	0
1084	0
1085	1
1086	0
1087	2
1088	0
1089	1
1090	0
1091	1
1092	0
1093	0
1094	0
1095	1
1096	0
1097	0
1098	0
1099	0
1100	0
1101	0
1102	0
1103	0
1104	1
1105	1
1106	1
1107	2
1108	2
1109	2
1110	2
1111	3
1112	1
1113	3
1114	2
1115	2
1116	2
1117	3
1118	1
1119	3
1120	2
1121	3
1122	2
1123	2
1124	1
1125	2
1126	1
1127	1
1128	1
1129	1
1130	0
1131	1
1132	0
1133	1
1134	0
1135	1
1136	0
1137	0
1138	0
1139	1
1140	0
1141	1
1142	0
1143	0
1144	0
1145	1
1146	0
1147	0
1148	0
1149	0
1150	0
1151	0
1152	0
1153	0
1154	0
1155	0
1156	-2
1157	0
1158	0
1159	0
1160	0
1161	-1
1162	0
1163	0
1164	0
1165	0
1166	0
1167	0
1168	-1
1169	0
1170	-1
1171	0
1172	-1
1173	0
1174	0
1175	0
1176	0
1177	0
1178	0
1179	0
1180	-1
1181	0
1182	0
1183	0
1184	-1
1185	0
1186	0
1187	0
1188	-1
1189	0
1190	-1
1191	0
1192	0
1193	0
1194	-1
1195	0
1196	0
1197	0
1198	-1
1199	0
1200	0
1201	0
1202	0
1203	0
1204	-1
1205	0
1206	-1
1207	0
1208	-1
1209	0
1210	0
1211	1
1212	0
1213	0
1214	0
1215	0
1216	0
1217	0
1218	0
1219	0
1220	0
1221	0
1222	0
1223	0
1224	0
1225	0
1226	-1
1227	0
1228	-1
1229	0
1230	-1
1231	0
1232	-1
1233	0
1234	-2
1235	0
1236	-1
1237	-2
1238	-1
1239	-1
1240	-1
1241	-1
1242	-2
1243	-1
1244	-1
1245	-1
1246	0
1247	0
1248	-1
1249	0
1250	-1
1251	0
1252	-1
1253	0
1254	0
1255	0
1256	0
1257	0
1258	-1
1259	0
1260	-1
1261	0
1262	0
1263	0
1264	-1
1265	0
1266	-2
1267	-1
1268	-2
1269	0
1270	-1
1271	-1
1272	-1
1273	-1
1274	-2
1275	-1
1276	-3
1277	0
1278	-2
1279	-1
1280	-1
1281	-2
1282	-1
1283	-1
1284	-2
1285	-1
1286	-1
1287	-1
1288	0
1289	-2
1290	0
1291	-1
1292	0
1293	0
1294	0
1295	0
1296	0
1297	0
1298	0
1299	0
1300	0
1301	1
1302	0
1303	1
1304	0
1305	1
1306	0
1307	0
1308	1
1309	0
1310	0
1311	1
1312	1
1313	0
1314	0
1315	1
1316	0
1317	0
1318	0
1319	1
1320	0
1321	0
1322	0
1323	1
1324	0
1325	0
1326	0
1327	0
1328	-1
1329	0
1330	-1
1331	0
1332	-1
1333	0
1334	-2
1335	0
1336	0
1337	0
1338	-1
1339	0
1340	-1
1341	0
1342	-1
1343	0
1344	-1
1345	0
1346	0
1347	0
1348	0
1349	0
1350	-1
1351	0
1352	-1
1353	0
1354	0
1355	0
1356	-1
1357	0
1358	0
1359	0
1360	-1
1361	0
1362	-2
1363	0
1364	0
1365	0
1366	-2
1367	0
1368	-2
1369	0
1370	-1
1371	0
1372	-2
1373	0
1374	0
1375	-1
1376	-1
1377	0
1378	-1
1379	0
1380	-1
1381	0
1382	0
1383	0
1384	0
1385	0
1386	0
1387	0
1388	0
1389	0
1390	-1
1391	0
1392	0
1393	0
1394	-2
1395	0
1396	0
1397	0
1398	0
1399	0
1400	0
1401	0
1402	0
1403	0
1404	0
1405	0
1406	-1
1407	0
1408	-1
1409	0
1410	-1
1411	0
1412	-2
1413	0
1414	-1
1415	0
1416	-1
1417	0
1418	-1
1419	0
1420	-2
1421	-1
1422	-2
1423	0
1424	-1
1425	0
1426	-1
1427	0
1428	-1
1429	0
1430	0
1431	0
1432	0
1433	0
1434	-1
1435	0
1436	-1
1437	0
1438	-1
1439	0
1440	0
1441	0
1442	-1
1443	0
1444	0
1445	0
1446	0
1447	0
1448	0
1449	0
1450	0
1451	0
1452	0
1453	0
1454	0
1455	0
1456	-1
1457	0
1458	0
1459	0
1460	0
1461	0
1462	0
1463	0
1464	0
1465	0
1466	0
1467	0
1468	0
1469	0
1470	0
1471	0
1472	0
1473	0
1474	0
1475	0
1476	0
1477	2
1478	0
1479	2
1480	0
1481	1
1482	0
1483	0
1484	0
1485	1
1486	0
1487	1
1488	0
1489	0
1490	0
1491	0
1492	0
1493	0
1494	0
1495	0
1496	-1
1497	1
1498	0
1499	0
1500	0
1501	0
1502	0
1503	0
1504	0
1505	0
1506	0
1507	0
1508	0
1509	0
1510	0
1511	0
1512	0
1513	0
1514	0
1515	1
1516	0
1517	1
1518	-1
1519	1
1520	0
1521	0
1522	-1
1523	0
1524	0
1525	0
1526	0
1527	0
1528	0
1529	-1
1530	-1
1531	-2
1532	-2
1533	-1
1534	-2
1535	-1
1536	-1
1537	-1
1538	-3
1539	-1
1540	-1
1541	0
1542	-2
1543	0
1544	-1
1545	0
1546	-1
1547	0
1548	-1
1549	0
1550	-1
1551	0
1552	0
1553	0
1554	0
1555	0
1556	-1
1557	0
1558	-1
1559	0
1560	0
1561	0
1562	0
1563	0
1564	0
1565	0
1566	0
1567	0
1568	0
1569	0
1570	0
1571	1
1572	0
1573	0
1574	0
1575	1
1576	0
1577	1
1578	0
1579	1
1580	0
1581	1
1582	0
1583	0
1584	0
1585	0
1586	0
1587	0
1588	0
1589	0
1590	-2
1591	0
1592	-1
1593	0
1594	-1
1595	0
1596	-2
1597	0
1598	-1
1599	0
1600	-1
1601	0
1602	0
1603	0
1604	0
1605	0
1606	0
1607	0
1608	1
1609	0
1610	0
1611	2
1612	0
1613	1
1614	0
1615	0
1616	0
1617	1
1618	0
1619	1
1620	0
1621	0
1622	0
1623	0
1624	0
1625	0
1626	-1
1627	0
1628	-1
1629	0
1630	-2
1631	0
1632	-2
1633	0
1634	-2
1635	-1
1636	-2
1637	0
1638	-1
1639	0
1640	-2
1641	0
1642	0
1643	0
1644	-2
1645	0
1646	-1
1647	0
1648	-1
1649	0
1650	0
1651	0
1652	-1
1653	0
1654	0
1655	0
1656	0
1657	0
1658	0
1659	1
1660	0
1661	0
1662	0
1663	0
1664	0
1665	1
1666	0
1667	1
1668	0
1669	2
1670	0
1671	0
1672	1
1673	1
1674	1
1675	3
1676	2
1677	3
1678	1
1679	2
1680	2
1681	4
1682	2
1683	2
1684	2
1685	3
1686	2
1687	4
1688	2
1689	3
1690	2
1691	4
1692	2
1693	3
1694	2
1695	2
1696	2
1697	3
1698	2
1699	1
1700	0
1701	2
1702	1
1703	3
1704	1
1705	1
1706	2
1707	1
1708	1
1709	2
1710	0
1711	1
1712	0
1713	1
1714	0
1715	1
1716	0
1717	1
1718	-1
1719	0
1720	0
1721	0
1722	0
1723	1
1724	0
1725	0
1726	0
1727	0
1728	0
1729	0
1730	-1
1731	0
1732	0
1733	0
1734	0
1735	-1
1736	-1
1737	0
1738	-1
1739	0
1740	0
1741	0
1742	-1
1743	0
1744	-1
1745	0
1746	-1
1747	0
1748	-1
1749	0
1750	-1
1751	0
1752	-1
1753	-1
1754	-1
1755	0
1756	-1
1757	0
1758	0
1759	-1
1760	0
1761	-1
1762	-1
1763	0
1764	-1
1765	0
1766	-1
1767	-1
1768	-1
1769	0
1770	-1
1771	0
1772	-1
1773	0
1774	-1
1775	0
1776	-1
1777	0
1778	-1
1779	0
1780	0
1781	0
1782	0
1783	0
1784	-1
1785	0
1786	-1
1787	0
1788	0
1789	0
1790	0
1791	0
1792	0
1793	1
1794	1
1795	1
1796	0
1797	1
1798	1
1799	2
1800	1
1801	3
1802	2
1803	3
1804	2
1805	3
1806	2
1807	4
1808	3
1809	5
1810	4
1811	6
1812	5
1813	6
1814	4
1815	6
1816	5
1817	6
1818	5
1819	6
1820	5
1821	6
1822	6
1823	5
1824	6
1825	7
1826	5
1827	7
1828	5
1829	6
1830	5
1831	6
1832	4
1833	6
1834	4
1835	6
1836	4
1837	5
1838	4
1839	4
1840	3
1841	4
1842	3
1843	4
1844	3
1845	4
1846	3
1847	4
1848	1
1849	4
1850	3
1851	4
1852	2
1853	3
1854	2
1855	4
1856	2
1857	4
1858	3
1859	4
1860	2
1861	4
1862	2
1863	4
1864	3
1865	4
1866	3
1867	4
1868	3
1869	2
1870	3
1871	3
1872	3
1873	4
1874	3
1875	5
1876	2
1877	3
1878	2
1879	2
1880	2
1881	3
1882	1
1883	3
1884	3
1885	3
1886	1
1887	2
1888	0
1889	1
1890	0
1891	2
1892	1
1893	1
1894	0
1895	1
1896	0
1897	1
1898	-1
1899	0
1900	0
1901	0
1902	0
1903	0
1904	0
1905	0
1906	0
1907	0
1908	0
1909	0
1910	-2
1911	0
1912	-2
1913	0
1914	-1
1915	-1
1916	-2
1917	0
1918	-2
1919	0
1920	-3
1921	0
1922	-3
1923	-1
1924	-3
1925	-2
1926	-2
1927	-1
1928	-3
1929	-1
1930	-3
1931	-1
1932	-4
1933	-2
1934	-4
1935	-2
1936	-2
1937	-1
1938	-2
1939	-1
1940	-3
1941	-2
1942	-3
1943	-2
1944	-3
1945	-1
1946	-3
1947	-1
1948	-3
1949	-1
1950	-2
1951	-1
1952	-2
1953	-2
1954	-1
1955	-1
1956	-2
1957	0
1958	-2
1959	-1
1960	-1
1961	-1
1962	-3
1963	-1
1964	-2
1965	-1
1966	-3
1967	-2
1968	-2
1969	-1
1970	-2
1971	0
1972	-2
1973	-1
1974	-3
1975	0
1976	-3
1977	-1
1978	-2
1979	0
1980	-2
1981	-2
1982	-3
1983	-1
1984	-3
1985	-2
1986	-2
1987	-2
1988	-2
1989	-2
1990	-2
1991	0
1992	-2
1993	0
1994	-1
1995	0
1996	-2
1997	-1
1998	-3
1999	-1
